AAML (in paml version 4.6, August 2012)  300.aa
Model: Empirical_F for branches,  Global clock  (../../../bin/LG.dat) dGamma (ncatG=5) ns =  65  ls = 437


Frequencies..
                                    A      R      N      D      C      Q      E      G      H      I      L      K      M      F      P      S      T      W      Y      V
A8EW16                         0.04577 0.04119 0.05721 0.05034 0.00000 0.02517 0.05492 0.05721 0.00915 0.08009 0.09840 0.11213 0.02517 0.06178 0.02975 0.09382 0.05950 0.00229 0.04348 0.05263
A6Q577                         0.05034 0.06178 0.05034 0.04119 0.00229 0.02746 0.05492 0.06407 0.01373 0.09611 0.08238 0.10526 0.01602 0.05263 0.03204 0.06407 0.04348 0.00458 0.06178 0.07551
D1B3L6                         0.07780 0.04348 0.06178 0.05492 0.00000 0.02517 0.04577 0.05950 0.01831 0.07323 0.10755 0.08467 0.01144 0.04348 0.03661 0.07780 0.04577 0.00000 0.05034 0.08238
Q7M8H1                         0.05950 0.03204 0.06178 0.03432 0.00000 0.02746 0.07094 0.05492 0.01144 0.07551 0.10297 0.09840 0.02746 0.05263 0.03204 0.08924 0.04577 0.00000 0.05263 0.07094
A6Q720                         0.07094 0.06178 0.03890 0.06407 0.00000 0.02975 0.04348 0.05721 0.03661 0.06865 0.09840 0.08467 0.02288 0.04577 0.03432 0.08467 0.03890 0.00686 0.03890 0.07323
Q30TN8                         0.06178 0.03204 0.06407 0.03890 0.00229 0.04348 0.05721 0.05721 0.01831 0.08238 0.10297 0.08238 0.02517 0.04348 0.03432 0.08696 0.05492 0.00229 0.04577 0.06407
B9KCV1                         0.05950 0.05263 0.07094 0.04577 0.00458 0.04119 0.06636 0.05263 0.00915 0.10526 0.10755 0.09153 0.02288 0.04119 0.02517 0.07551 0.04577 0.00000 0.05034 0.03204
Q4HSQ7                         0.06178 0.05492 0.06407 0.05034 0.00458 0.03890 0.06407 0.05492 0.00686 0.10755 0.10984 0.09382 0.02288 0.04119 0.02059 0.07551 0.04348 0.00000 0.05034 0.03432
A7H4L7                         0.05263 0.04348 0.07551 0.05492 0.00458 0.04119 0.05950 0.05492 0.00686 0.11213 0.10526 0.09840 0.02517 0.04348 0.02059 0.07780 0.04119 0.00000 0.05034 0.03204
A8FKU8                         0.05263 0.04348 0.07094 0.05721 0.00458 0.04119 0.05950 0.05492 0.00686 0.10984 0.10526 0.09840 0.02517 0.04348 0.02059 0.07780 0.04348 0.00000 0.05034 0.03432
Q4HHL9                         0.05950 0.04577 0.05950 0.06178 0.00458 0.04805 0.05263 0.05721 0.00915 0.11213 0.10984 0.09153 0.02059 0.04119 0.02059 0.07551 0.05034 0.00000 0.05034 0.02975
O26078                         0.05492 0.03204 0.05950 0.04348 0.00000 0.04577 0.04805 0.05492 0.00686 0.07551 0.11442 0.10069 0.01373 0.05721 0.04577 0.08924 0.05034 0.00000 0.05263 0.05492
B9L6U5                         0.06407 0.05034 0.06636 0.04119 0.00000 0.02288 0.04348 0.04805 0.00229 0.09382 0.10069 0.11670 0.02059 0.05263 0.03661 0.06636 0.04348 0.00686 0.07094 0.05263
Q2JMQ8                         0.09840 0.10297 0.01831 0.04348 0.00229 0.08009 0.06407 0.06178 0.01373 0.05034 0.12357 0.01831 0.01602 0.03432 0.06178 0.03432 0.04577 0.01144 0.02746 0.09153
B0JP57                         0.09611 0.05492 0.03890 0.04348 0.00229 0.05721 0.05263 0.06636 0.01144 0.05492 0.11213 0.05950 0.02288 0.03432 0.05263 0.05721 0.05263 0.00686 0.02975 0.09382
Q2JVH2                         0.10526 0.09611 0.01831 0.03661 0.00229 0.08009 0.05950 0.05950 0.01831 0.03661 0.14645 0.02059 0.01144 0.02975 0.06407 0.03432 0.05263 0.01373 0.02975 0.08467
Q8YYX4                         0.08238 0.07551 0.04577 0.05492 0.00000 0.05492 0.04805 0.06636 0.00915 0.05721 0.10526 0.04577 0.02975 0.02975 0.05492 0.06178 0.05721 0.00686 0.03204 0.08238
B2J3N5                         0.08009 0.06407 0.04577 0.05034 0.00000 0.05263 0.05721 0.05950 0.01144 0.05950 0.11213 0.04805 0.03432 0.03204 0.05721 0.06407 0.04805 0.00458 0.03432 0.08467
A0ZJJ2                         0.08009 0.06407 0.06407 0.03204 0.00000 0.06636 0.05034 0.06178 0.01144 0.05034 0.11899 0.04348 0.02288 0.03204 0.05263 0.05950 0.06178 0.00458 0.03204 0.09153
B8HTI7                         0.08238 0.05950 0.02517 0.03661 0.00000 0.05950 0.05721 0.07780 0.01144 0.03432 0.13501 0.03661 0.02059 0.04805 0.07780 0.05492 0.06865 0.00686 0.02975 0.07780
Q3M469                         0.08009 0.07551 0.04805 0.05492 0.00000 0.04805 0.05034 0.06636 0.01144 0.05950 0.10526 0.04577 0.02975 0.02975 0.05492 0.06407 0.05492 0.00686 0.03204 0.08238
Q7NCP9                         0.13272 0.08924 0.03432 0.02975 0.00000 0.03432 0.05721 0.10069 0.01602 0.04577 0.10069 0.02517 0.02517 0.03890 0.05721 0.05950 0.05263 0.00229 0.02746 0.07094
B9YTI0                         0.08696 0.06636 0.05721 0.05492 0.00000 0.06407 0.04348 0.06865 0.01373 0.05492 0.10984 0.04805 0.02746 0.04119 0.04805 0.04577 0.05492 0.00458 0.02746 0.08238
B7KCI0                         0.08009 0.05492 0.03432 0.04119 0.00229 0.05492 0.05721 0.07094 0.01602 0.07551 0.11442 0.06636 0.01831 0.02975 0.03890 0.07551 0.04805 0.00686 0.04119 0.07323
P73117                         0.08238 0.05950 0.03661 0.04348 0.00000 0.06178 0.05950 0.06865 0.01144 0.04577 0.10297 0.05492 0.03204 0.02288 0.05034 0.06865 0.05034 0.00686 0.04348 0.09840
B4B2Z4                         0.08467 0.05034 0.04577 0.04805 0.00229 0.05263 0.05492 0.06865 0.01144 0.05721 0.12815 0.06636 0.02059 0.03432 0.04805 0.05263 0.05263 0.00686 0.03661 0.07780
B0BYK6                         0.07780 0.05263 0.04805 0.04805 0.00000 0.05950 0.05721 0.07780 0.01373 0.05950 0.11213 0.04577 0.02059 0.05034 0.05492 0.07094 0.05721 0.00686 0.02746 0.05950
B5VZN5                         0.08696 0.05263 0.03661 0.04577 0.00000 0.07551 0.05721 0.07323 0.00686 0.07323 0.11213 0.03661 0.01373 0.03661 0.05263 0.06407 0.04577 0.00686 0.03204 0.09153
B1WZ28                         0.06865 0.05492 0.03890 0.04119 0.00229 0.06407 0.07094 0.05950 0.01373 0.05950 0.10984 0.05950 0.02746 0.02517 0.04577 0.06636 0.05263 0.00915 0.02975 0.10069
A3IQX9                         0.06636 0.05263 0.04119 0.04348 0.00229 0.05950 0.06636 0.05721 0.01831 0.05721 0.11670 0.06178 0.02517 0.02517 0.04577 0.06636 0.05492 0.00915 0.02975 0.10069
A0YVJ1                         0.06407 0.04805 0.05492 0.03661 0.00000 0.07094 0.07551 0.07094 0.01602 0.06636 0.10984 0.05034 0.02288 0.03661 0.04348 0.06636 0.05034 0.00915 0.02059 0.08696
Q5N393                         0.08696 0.06865 0.03204 0.05721 0.00000 0.07094 0.04805 0.07094 0.01373 0.05034 0.12815 0.04119 0.02288 0.04348 0.05721 0.05263 0.04577 0.00915 0.02746 0.07323
Q31R05                         0.08696 0.06865 0.03204 0.05721 0.00000 0.07094 0.04805 0.07094 0.01373 0.05034 0.12815 0.04119 0.02288 0.04348 0.05721 0.05263 0.04577 0.00915 0.02746 0.07323
Q114H8                         0.06636 0.05492 0.04119 0.05034 0.00000 0.05492 0.05950 0.06407 0.01602 0.07323 0.11442 0.06178 0.02288 0.04348 0.04119 0.05721 0.06178 0.00458 0.02975 0.08238
C7QNA9                         0.07551 0.06178 0.03432 0.04805 0.00229 0.06636 0.06636 0.05950 0.01831 0.07094 0.12357 0.05263 0.01602 0.03432 0.04577 0.05263 0.05492 0.00686 0.02517 0.08467
B7K2A4                         0.07551 0.06178 0.03432 0.04805 0.00229 0.06636 0.06636 0.05950 0.01831 0.07094 0.12357 0.05263 0.01602 0.03432 0.04577 0.05263 0.05492 0.00686 0.02517 0.08467
Q8DH85                         0.11670 0.08238 0.02975 0.04348 0.00000 0.07094 0.04119 0.05492 0.02517 0.05492 0.11213 0.02288 0.01831 0.04119 0.07551 0.04119 0.05263 0.00915 0.03661 0.07094
B1XJB2                         0.09611 0.06178 0.04119 0.05034 0.00000 0.05492 0.04577 0.07780 0.01831 0.06407 0.12128 0.03432 0.01831 0.02517 0.05950 0.05492 0.05492 0.00458 0.02746 0.08924
A5GSA8                         0.09382 0.08238 0.03432 0.05492 0.00229 0.05492 0.04805 0.07323 0.02059 0.04119 0.15103 0.03890 0.02059 0.02288 0.05263 0.07323 0.04577 0.02059 0.01373 0.05492
A3Z5J3                         0.09840 0.08696 0.02975 0.05721 0.00458 0.06178 0.04805 0.07323 0.01144 0.03432 0.13043 0.03204 0.02059 0.03661 0.07094 0.04119 0.05034 0.01831 0.01831 0.07551
Q7VD65                         0.06178 0.04348 0.04577 0.03890 0.00458 0.03661 0.06636 0.07551 0.01602 0.05263 0.13043 0.08924 0.01831 0.03661 0.05492 0.07094 0.03204 0.01602 0.02975 0.08009
Q3ALQ4                         0.11213 0.07780 0.03204 0.06865 0.00229 0.06865 0.04348 0.07094 0.00915 0.02975 0.12815 0.03890 0.02517 0.02975 0.06407 0.03890 0.05263 0.01831 0.02059 0.06865
A3YYV5                         0.09611 0.08696 0.02517 0.05492 0.00229 0.07094 0.04577 0.07094 0.00915 0.04577 0.13043 0.04119 0.02517 0.03204 0.05950 0.04119 0.06178 0.01831 0.01831 0.06407
A5GJE4                         0.10755 0.08924 0.03204 0.06407 0.00458 0.05034 0.04348 0.07094 0.01602 0.03661 0.13959 0.03204 0.01373 0.02975 0.06178 0.05492 0.04805 0.01831 0.01831 0.06865
Q0I8L0                         0.09611 0.08238 0.03661 0.05034 0.00458 0.05034 0.05721 0.07323 0.00915 0.03204 0.12586 0.03890 0.02059 0.03432 0.06178 0.04805 0.05950 0.01831 0.02288 0.07780
A8G3N3                         0.04348 0.02975 0.05721 0.06178 0.00458 0.02975 0.04805 0.05950 0.01602 0.07323 0.12128 0.11442 0.01144 0.05263 0.03890 0.08696 0.03661 0.01831 0.03432 0.06178
Q7U5E7                         0.09611 0.08238 0.03204 0.06178 0.00458 0.06178 0.05034 0.06865 0.01373 0.02746 0.13272 0.03890 0.01831 0.02975 0.07094 0.03890 0.05721 0.01831 0.01831 0.07780
A4CS12                         0.10069 0.08238 0.03204 0.06178 0.00458 0.05492 0.04577 0.06865 0.01373 0.04577 0.13501 0.03661 0.01602 0.03204 0.05721 0.05492 0.04577 0.01831 0.02059 0.07323
A2C0X7                         0.05950 0.05034 0.03432 0.05492 0.00458 0.04119 0.05492 0.07780 0.00915 0.05950 0.13272 0.06636 0.00915 0.03432 0.06407 0.07323 0.05034 0.01831 0.01831 0.08696
A3PBP2                         0.04805 0.03432 0.06178 0.05950 0.00458 0.03661 0.05492 0.06178 0.00915 0.06865 0.11670 0.09840 0.00915 0.04805 0.04119 0.08009 0.04119 0.01831 0.03661 0.07094
Q05YH3                         0.08924 0.07551 0.02975 0.05263 0.00458 0.06636 0.05263 0.07094 0.01831 0.03890 0.13730 0.04119 0.01602 0.02975 0.06636 0.04577 0.05721 0.01831 0.01831 0.07094
Q46GQ8                         0.06178 0.05034 0.03204 0.05034 0.00458 0.04119 0.06178 0.07551 0.00915 0.05950 0.13043 0.06636 0.00915 0.03432 0.06407 0.07323 0.05034 0.01831 0.01831 0.08924
Q31C16                         0.05263 0.02746 0.05950 0.05950 0.00458 0.03890 0.05034 0.06178 0.00915 0.05721 0.12586 0.11442 0.01602 0.04577 0.04119 0.08696 0.02746 0.01831 0.03661 0.06636
Q05RL7                         0.10526 0.09153 0.03661 0.05721 0.00458 0.05721 0.05034 0.07323 0.00915 0.04577 0.13043 0.03204 0.02059 0.03661 0.06636 0.03890 0.04577 0.01831 0.01602 0.06407
Q3AVA3                         0.09153 0.07323 0.02746 0.05950 0.00458 0.07094 0.05034 0.06636 0.01602 0.04119 0.13730 0.03661 0.01831 0.02975 0.06865 0.04577 0.05492 0.01831 0.01831 0.07094
Q7V2G2                         0.04577 0.02975 0.08467 0.04805 0.00229 0.02975 0.04805 0.06178 0.01373 0.06636 0.12357 0.10297 0.00915 0.04805 0.03890 0.08924 0.02975 0.01831 0.03890 0.07094
A2BVI0                         0.04348 0.02517 0.07323 0.04577 0.00229 0.03204 0.05263 0.06178 0.01831 0.07551 0.11899 0.10297 0.01144 0.04805 0.04119 0.09153 0.03432 0.01831 0.03432 0.06865
A2C7P7                         0.08467 0.07780 0.03204 0.05950 0.00458 0.05721 0.04577 0.07780 0.01831 0.04805 0.13959 0.03890 0.01144 0.02517 0.05950 0.05263 0.04348 0.01831 0.02288 0.08238
A9BEE1                         0.07780 0.06865 0.05950 0.04348 0.00458 0.04348 0.06636 0.06407 0.01373 0.05950 0.13730 0.05721 0.00915 0.03432 0.05034 0.06178 0.03661 0.01602 0.02746 0.06865
A2BPZ9                         0.04805 0.02746 0.06865 0.05721 0.00458 0.03890 0.04577 0.06178 0.00915 0.05950 0.12815 0.10984 0.00915 0.05263 0.04119 0.08467 0.03432 0.01602 0.03432 0.06865
Q7V6B7                         0.08467 0.07551 0.03204 0.05950 0.00458 0.05263 0.04805 0.07780 0.01831 0.04805 0.13730 0.04348 0.01373 0.02746 0.05950 0.05263 0.04119 0.01831 0.02288 0.08238
Q4BZ53                         0.07094 0.06865 0.03890 0.04119 0.00458 0.06407 0.05034 0.05950 0.01373 0.06178 0.12128 0.06636 0.02517 0.03890 0.04348 0.06178 0.04805 0.01373 0.02746 0.08009
B7MNU3                         0.08924 0.07323 0.04805 0.04119 0.00000 0.03204 0.05492 0.07551 0.01373 0.04805 0.09840 0.04577 0.02517 0.02059 0.05034 0.07780 0.05492 0.00915 0.04119 0.10069
B7LWH2                         0.09153 0.07323 0.04805 0.03890 0.00000 0.03204 0.05721 0.07551 0.01373 0.04805 0.09840 0.04577 0.02517 0.02059 0.05034 0.07780 0.05263 0.00915 0.04119 0.10069
P0AD68                         0.09153 0.07323 0.04805 0.04348 0.00000 0.03204 0.05263 0.07551 0.01373 0.05034 0.09840 0.04577 0.02517 0.02059 0.05034 0.07780 0.05263 0.00915 0.04119 0.09840

Homogeneity statistic: X2 = 4.83984 G = 4.98613 

Average                        0.07773 0.06105 0.04538 0.04960 0.00225 0.05101 0.05429 0.06622 0.01348 0.06122 0.11861 0.06175 0.01986 0.03735 0.04957 0.06439 0.04897 0.01017 0.03292 0.07418

# constant sites:     17 (3.89%)
ln Lmax (unconstrained) = -2637.241010

AA distances (raw proportions of different sites)

A8EW16         
A6Q577           0.5332
D1B3L6           0.5378  0.4851
Q7M8H1           0.5332  0.4943  0.5332
A6Q720           0.5904  0.5881  0.5858  0.6476
Q30TN8           0.5492  0.4920  0.5011  0.5332  0.5881
B9KCV1           0.5606  0.5400  0.5675  0.5767  0.5973  0.6041
Q4HSQ7           0.5629  0.5538  0.5789  0.5835  0.6041  0.5927  0.2243
A7H4L7           0.5675  0.5515  0.5629  0.5835  0.5973  0.6064  0.2037  0.1831
A8FKU8           0.5698  0.5515  0.5606  0.5812  0.5973  0.6041  0.2105  0.1831  0.0114
Q4HHL9           0.5767  0.5606  0.5538  0.5881  0.6087  0.5973  0.2151  0.1899  0.1121  0.1076
O26078           0.5835  0.5789  0.5812  0.5332  0.6568  0.6041  0.6110  0.6201  0.6224  0.6224  0.6293
B9L6U5           0.5858  0.5584  0.5858  0.6178  0.6247  0.5835  0.6133  0.6087  0.6018  0.5995  0.5995  0.6545
Q2JMQ8           0.7666  0.7551  0.7506  0.7529  0.7643  0.7780  0.7803  0.7780  0.7735  0.7757  0.7757  0.7460  0.7712
B0JP57           0.7529  0.7460  0.7300  0.7506  0.7597  0.7574  0.7689  0.7712  0.7689  0.7689  0.7712  0.7506  0.7643  0.5332
Q2JVH2           0.7643  0.7551  0.7460  0.7620  0.7620  0.7803  0.7735  0.7757  0.7757  0.7780  0.7780  0.7597  0.7689  0.1098  0.5057
Q8YYX4           0.7574  0.7712  0.7803  0.7529  0.7643  0.7712  0.7849  0.7803  0.7803  0.7803  0.7666  0.7551  0.7574  0.5126  0.4485  0.5149
B2J3N5           0.7574  0.7757  0.7620  0.7620  0.7529  0.7712  0.7803  0.7780  0.7757  0.7757  0.7735  0.7506  0.7437  0.5263  0.4645  0.5286  0.2082
A0ZJJ2           0.7574  0.7735  0.7643  0.7574  0.7574  0.7643  0.7712  0.7689  0.7689  0.7666  0.7551  0.7368  0.7574  0.5149  0.4348  0.5172  0.2151  0.2174
B8HTI7           0.7551  0.7620  0.7323  0.7689  0.7735  0.7666  0.7918  0.7712  0.7735  0.7735  0.7735  0.7506  0.7689  0.5172  0.5103  0.4966  0.4920  0.4897  0.4851
Q3M469           0.7574  0.7666  0.7757  0.7483  0.7620  0.7689  0.7849  0.7826  0.7826  0.7826  0.7689  0.7597  0.7597  0.5149  0.4485  0.5126  0.0160  0.2082  0.2243  0.4943
Q7NCP9           0.8055  0.7712  0.7689  0.7551  0.7986  0.7849  0.7872  0.7757  0.7757  0.7780  0.7826  0.7849  0.7735  0.5423  0.6064  0.5469  0.6018  0.5973  0.5973  0.6178  0.5973
B9YTI0           0.7529  0.7757  0.7643  0.7689  0.7597  0.7735  0.7803  0.7735  0.7849  0.7849  0.7826  0.7506  0.7574  0.5172  0.4462  0.5263  0.2494  0.2082  0.2449  0.4989  0.2540  0.5973
B7KCI0           0.7757  0.7941  0.7735  0.7780  0.7849  0.7735  0.7780  0.7597  0.7735  0.7735  0.7689  0.7551  0.7712  0.5492  0.3753  0.5309  0.4485  0.4279  0.4462  0.4966  0.4462  0.6293  0.4416
P73117           0.7643  0.7620  0.7529  0.7643  0.7757  0.7757  0.7803  0.7780  0.7735  0.7735  0.7712  0.7391  0.7620  0.5538  0.4302  0.5492  0.4805  0.4828  0.4783  0.5446  0.4828  0.6064  0.4989  0.4416
B4B2Z4           0.7620  0.7712  0.7414  0.7574  0.7780  0.7620  0.7803  0.7620  0.7620  0.7643  0.7529  0.7574  0.7620  0.5286  0.3844  0.5172  0.4348  0.4416  0.4531  0.4874  0.4325  0.6018  0.4416  0.2220  0.4188
B0BYK6           0.7574  0.7620  0.7460  0.7574  0.7849  0.7895  0.7780  0.7803  0.7826  0.7826  0.7803  0.7529  0.7574  0.5126  0.5195  0.5011  0.5011  0.4920  0.4874  0.4256  0.4989  0.5835  0.5011  0.5240  0.5584  0.5263
B5VZN5           0.7620  0.7826  0.7460  0.7529  0.7712  0.7666  0.7872  0.7826  0.7803  0.7780  0.7803  0.7277  0.7460  0.5263  0.5195  0.5332  0.4645  0.4600  0.4645  0.5172  0.4600  0.5881  0.4783  0.5011  0.5103  0.4897  0.5240
B1WZ28           0.7780  0.7689  0.7643  0.7529  0.7826  0.7712  0.7963  0.7735  0.7826  0.7803  0.7872  0.7483  0.7872  0.5629  0.4050  0.5629  0.4645  0.4714  0.4645  0.5263  0.4577  0.5927  0.4760  0.3410  0.4279  0.3684  0.5149  0.5011
A3IQX9           0.7757  0.7689  0.7666  0.7551  0.7849  0.7757  0.7986  0.7780  0.7872  0.7849  0.7872  0.7483  0.7872  0.5629  0.4142  0.5629  0.4485  0.4622  0.4577  0.5286  0.4416  0.5950  0.4714  0.3432  0.4302  0.3707  0.5286  0.5011  0.0755
A0YVJ1           0.7757  0.7643  0.7483  0.7414  0.7826  0.7597  0.7780  0.7735  0.7780  0.7780  0.7849  0.7368  0.7597  0.5172  0.5149  0.5240  0.5057  0.4874  0.4714  0.5103  0.5103  0.6041  0.5011  0.4989  0.4897  0.4943  0.5172  0.3478  0.5103  0.5149
Q5N393           0.7735  0.7872  0.7712  0.7826  0.7643  0.7826  0.7872  0.7757  0.7780  0.7780  0.7826  0.7849  0.7529  0.5332  0.5103  0.5240  0.4943  0.4874  0.4920  0.4805  0.4989  0.6293  0.4805  0.5172  0.5492  0.5149  0.5080  0.5332  0.5149  0.5172  0.5378
Q31R05           0.7735  0.7872  0.7712  0.7826  0.7643  0.7826  0.7872  0.7757  0.7780  0.7780  0.7826  0.7849  0.7529  0.5332  0.5103  0.5240  0.4943  0.4874  0.4920  0.4805  0.4989  0.6293  0.4805  0.5172  0.5492  0.5149  0.5080  0.5332  0.5149  0.5172  0.5378  0.0000
Q114H8           0.7574  0.7529  0.7551  0.7460  0.7780  0.7757  0.7872  0.8009  0.7826  0.7826  0.7872  0.7414  0.7666  0.5217  0.5080  0.5217  0.4874  0.4897  0.4783  0.5149  0.4805  0.6293  0.4989  0.4989  0.5240  0.4966  0.5057  0.4531  0.5172  0.5195  0.4005  0.5057  0.5057
C7QNA9           0.7872  0.7712  0.7597  0.7597  0.7712  0.7666  0.7918  0.7826  0.7780  0.7780  0.7780  0.7460  0.7712  0.5469  0.3753  0.5355  0.4439  0.4416  0.4485  0.5103  0.4394  0.6064  0.4691  0.3158  0.4348  0.3227  0.5195  0.5126  0.2517  0.2586  0.5080  0.5149  0.5149  0.5011
B7K2A4           0.7872  0.7712  0.7597  0.7597  0.7712  0.7666  0.7918  0.7826  0.7780  0.7780  0.7780  0.7460  0.7712  0.5469  0.3753  0.5355  0.4439  0.4416  0.4485  0.5103  0.4394  0.6064  0.4691  0.3158  0.4348  0.3227  0.5195  0.5126  0.2517  0.2586  0.5080  0.5149  0.5149  0.5011  0.0000
Q8DH85           0.7849  0.7735  0.7597  0.7666  0.7872  0.7986  0.7757  0.7757  0.7803  0.7849  0.7780  0.7529  0.7780  0.5011  0.5378  0.4920  0.5172  0.5355  0.5240  0.4050  0.5172  0.6178  0.5309  0.5355  0.5561  0.5126  0.4668  0.5492  0.5309  0.5378  0.5332  0.5149  0.5149  0.5400  0.5149  0.5149
B1XJB2           0.7689  0.7666  0.7483  0.7620  0.7757  0.7689  0.7643  0.7757  0.7643  0.7620  0.7620  0.7323  0.7574  0.5652  0.4966  0.5492  0.5217  0.5217  0.5149  0.5538  0.5217  0.5927  0.5309  0.4783  0.5309  0.4554  0.5652  0.5172  0.4966  0.4989  0.5446  0.5561  0.5561  0.5263  0.4577  0.4577  0.5767
A5GSA8           0.7757  0.7757  0.7643  0.7735  0.7712  0.7941  0.7918  0.7780  0.7826  0.7803  0.7780  0.7849  0.7689  0.5652  0.5240  0.5515  0.5355  0.5263  0.5309  0.5629  0.5332  0.6087  0.5263  0.5355  0.5629  0.5423  0.5744  0.5835  0.5515  0.5378  0.5881  0.4805  0.4805  0.5858  0.5286  0.5286  0.5812  0.5652
A3Z5J3           0.7872  0.7803  0.7712  0.7849  0.7780  0.7803  0.7849  0.7849  0.7803  0.7826  0.7826  0.7803  0.7803  0.5606  0.5629  0.5446  0.5378  0.5355  0.5400  0.5423  0.5332  0.5995  0.5515  0.5767  0.5515  0.5652  0.5789  0.5881  0.5492  0.5538  0.5629  0.5217  0.5217  0.5675  0.5538  0.5538  0.5561  0.5469  0.3707
Q7VD65           0.7620  0.7757  0.7597  0.7574  0.7620  0.7803  0.7689  0.7757  0.7620  0.7620  0.7757  0.7780  0.7780  0.6270  0.5584  0.5995  0.5675  0.5744  0.5629  0.5881  0.5675  0.6476  0.5812  0.5789  0.5881  0.5629  0.5973  0.6156  0.5652  0.5606  0.6087  0.5606  0.5606  0.5973  0.5538  0.5538  0.6064  0.5904  0.4622  0.3913
Q3ALQ4           0.7895  0.7826  0.7803  0.8032  0.7986  0.7941  0.7963  0.7918  0.7918  0.7872  0.7895  0.7712  0.7941  0.5561  0.5446  0.5561  0.5286  0.5332  0.5240  0.5423  0.5309  0.6041  0.5400  0.5538  0.5629  0.5492  0.5652  0.5698  0.5355  0.5286  0.5767  0.5469  0.5469  0.5744  0.5355  0.5355  0.5698  0.5675  0.3661  0.2471  0.4233
A3YYV5           0.7780  0.7872  0.7689  0.7941  0.7780  0.7963  0.7941  0.8009  0.7941  0.7918  0.7895  0.7803  0.7689  0.5698  0.5538  0.5606  0.5240  0.5355  0.5355  0.5446  0.5217  0.5950  0.5469  0.5789  0.5492  0.5675  0.5744  0.5835  0.5652  0.5629  0.5812  0.4920  0.4920  0.5629  0.5515  0.5515  0.5538  0.5698  0.3501  0.2632  0.4279  0.3112
A5GJE4           0.7849  0.7872  0.7826  0.7872  0.7986  0.7757  0.7803  0.7757  0.7666  0.7643  0.7643  0.7941  0.7941  0.5858  0.5469  0.5721  0.5423  0.5515  0.5469  0.5606  0.5378  0.6064  0.5561  0.5629  0.5675  0.5629  0.5812  0.5927  0.5355  0.5423  0.5950  0.5217  0.5217  0.5606  0.5515  0.5515  0.5744  0.5469  0.3730  0.1854  0.3890  0.2586  0.2975
Q0I8L0           0.7918  0.7735  0.7963  0.7757  0.7941  0.7963  0.7849  0.7826  0.7872  0.7826  0.7872  0.7986  0.7941  0.5789  0.5606  0.5721  0.5538  0.5469  0.5606  0.5606  0.5515  0.5950  0.5423  0.5652  0.5675  0.5629  0.5767  0.5927  0.5355  0.5469  0.5698  0.5172  0.5172  0.5675  0.5561  0.5561  0.5721  0.5584  0.3730  0.1945  0.3799  0.2563  0.3043  0.1876
A8G3N3           0.7780  0.7803  0.7872  0.7712  0.7780  0.7872  0.7895  0.7963  0.7849  0.7803  0.7963  0.7529  0.7666  0.6293  0.5904  0.6316  0.5858  0.5858  0.5858  0.5995  0.5812  0.6545  0.5973  0.5812  0.5881  0.5675  0.5858  0.5812  0.5812  0.5744  0.5881  0.5698  0.5698  0.5675  0.5835  0.5835  0.6133  0.6064  0.5309  0.4851  0.4851  0.4920  0.5057  0.5011  0.4966
Q7U5E7           0.7803  0.7780  0.7757  0.7895  0.7872  0.7872  0.7918  0.8032  0.7941  0.7941  0.7918  0.7849  0.7872  0.5767  0.5469  0.5492  0.5378  0.5423  0.5355  0.5515  0.5332  0.5881  0.5492  0.5652  0.5561  0.5469  0.5652  0.5744  0.5355  0.5355  0.5858  0.5423  0.5423  0.5629  0.5469  0.5469  0.5698  0.5606  0.3707  0.2151  0.4027  0.1945  0.2952  0.2403  0.2494  0.4874
A4CS12           0.7849  0.7849  0.7849  0.7918  0.7941  0.7757  0.7826  0.7826  0.7780  0.7757  0.7735  0.7849  0.7895  0.5789  0.5332  0.5584  0.5423  0.5538  0.5469  0.5492  0.5378  0.6178  0.5423  0.5492  0.5652  0.5629  0.5767  0.5927  0.5446  0.5400  0.5835  0.5172  0.5172  0.5561  0.5423  0.5423  0.5606  0.5446  0.3707  0.2059  0.3890  0.2586  0.3158  0.0915  0.2037  0.4897  0.2517
A2C0X7           0.7780  0.7849  0.7666  0.7574  0.7757  0.7620  0.7643  0.7757  0.7574  0.7529  0.7689  0.7620  0.7712  0.5973  0.5469  0.5789  0.5789  0.5812  0.5812  0.5675  0.5744  0.6407  0.5858  0.5561  0.5675  0.5538  0.5858  0.5904  0.5446  0.5492  0.5950  0.5492  0.5492  0.5652  0.5446  0.5446  0.5835  0.5744  0.4371  0.3707  0.3547  0.3913  0.3913  0.3593  0.3478  0.4600  0.3867  0.3593
A3PBP2           0.7849  0.7803  0.7872  0.7735  0.7872  0.7963  0.7895  0.7963  0.7826  0.7780  0.7941  0.7620  0.7666  0.6270  0.5744  0.6270  0.5767  0.5767  0.5767  0.5812  0.5721  0.6476  0.5881  0.5698  0.5721  0.5698  0.5881  0.5812  0.5744  0.5652  0.5881  0.5606  0.5606  0.5629  0.5721  0.5721  0.5950  0.5995  0.5263  0.4783  0.4805  0.4920  0.5011  0.4920  0.4874  0.0778  0.4828  0.4783  0.4577
Q05YH3           0.7803  0.7849  0.7712  0.7895  0.7986  0.7941  0.8055  0.8009  0.8032  0.7986  0.7963  0.7780  0.7895  0.5789  0.5515  0.5675  0.5492  0.5332  0.5378  0.5423  0.5423  0.6156  0.5515  0.5538  0.5606  0.5492  0.5698  0.5835  0.5378  0.5332  0.5858  0.5446  0.5446  0.5698  0.5446  0.5446  0.5767  0.5652  0.3684  0.2220  0.4096  0.1510  0.2746  0.2334  0.2380  0.4805  0.1693  0.2449  0.3730  0.4691
Q46GQ8           0.7826  0.7872  0.7689  0.7620  0.7757  0.7643  0.7643  0.7757  0.7574  0.7529  0.7689  0.7643  0.7757  0.5995  0.5492  0.5812  0.5812  0.5812  0.5789  0.5744  0.5767  0.6407  0.5881  0.5584  0.5675  0.5538  0.5858  0.5927  0.5492  0.5538  0.5950  0.5515  0.5515  0.5652  0.5446  0.5446  0.5858  0.5744  0.4416  0.3707  0.3524  0.3959  0.3959  0.3638  0.3524  0.4600  0.3936  0.3661  0.0160  0.4554  0.3822
Q31C16           0.7735  0.7735  0.7895  0.7712  0.7826  0.7918  0.7826  0.7849  0.7780  0.7735  0.7849  0.7529  0.7643  0.6178  0.5744  0.6156  0.5881  0.5789  0.5767  0.5812  0.5835  0.6453  0.5950  0.5789  0.5789  0.5584  0.5721  0.5812  0.5744  0.5606  0.5698  0.5561  0.5561  0.5629  0.5767  0.5767  0.5950  0.5973  0.5149  0.4668  0.4691  0.4851  0.5034  0.4943  0.4805  0.1030  0.4851  0.4737  0.4577  0.1007  0.4737  0.4554
Q05RL7           0.7872  0.7826  0.7803  0.7803  0.7803  0.7918  0.7872  0.7872  0.7941  0.7895  0.7895  0.7895  0.7872  0.5789  0.5492  0.5584  0.5538  0.5561  0.5606  0.5606  0.5492  0.6064  0.5561  0.5789  0.5767  0.5721  0.5698  0.5904  0.5561  0.5606  0.5835  0.5240  0.5240  0.5812  0.5561  0.5561  0.5744  0.5561  0.3776  0.1304  0.3913  0.2723  0.2929  0.1968  0.2082  0.4943  0.2586  0.2128  0.3707  0.4897  0.2471  0.3707  0.4851
Q3AVA3           0.7826  0.7803  0.7735  0.7918  0.7963  0.7963  0.8032  0.7963  0.8009  0.7963  0.7986  0.7803  0.7895  0.5721  0.5515  0.5652  0.5469  0.5309  0.5355  0.5446  0.5400  0.6133  0.5492  0.5606  0.5561  0.5469  0.5652  0.5789  0.5400  0.5355  0.5812  0.5378  0.5378  0.5652  0.5446  0.5446  0.5744  0.5652  0.3661  0.2265  0.4096  0.1533  0.2815  0.2426  0.2471  0.4783  0.1716  0.2517  0.3799  0.4668  0.0252  0.3844  0.4714  0.2517
Q7V2G2           0.7849  0.7712  0.7826  0.7666  0.7918  0.7826  0.7689  0.7643  0.7643  0.7597  0.7712  0.7574  0.7872  0.6293  0.5835  0.6270  0.6110  0.6064  0.5950  0.5927  0.6087  0.6362  0.6041  0.5744  0.6018  0.5721  0.5767  0.5973  0.5835  0.5835  0.6064  0.5858  0.5858  0.5927  0.5835  0.5835  0.5995  0.6156  0.5217  0.4943  0.4783  0.4874  0.5217  0.4966  0.4989  0.2105  0.4943  0.4897  0.4645  0.2105  0.4760  0.4645  0.1991  0.4943  0.4783
A2BVI0           0.7872  0.7780  0.7918  0.7666  0.7803  0.7826  0.7803  0.7803  0.7757  0.7712  0.7826  0.7414  0.7826  0.6339  0.5881  0.6270  0.5973  0.5858  0.5881  0.6018  0.5950  0.6316  0.5973  0.5835  0.5995  0.5744  0.5812  0.5927  0.5858  0.5881  0.5973  0.5904  0.5904  0.5973  0.5767  0.5767  0.6041  0.5927  0.5400  0.4874  0.4828  0.4966  0.5263  0.4989  0.4828  0.2059  0.4920  0.4989  0.4737  0.2105  0.4783  0.4737  0.1968  0.4943  0.4783  0.1144
A2C7P7           0.7963  0.7918  0.7826  0.7826  0.7872  0.7803  0.7941  0.7826  0.7780  0.7780  0.7826  0.7712  0.7918  0.5606  0.5698  0.5538  0.5606  0.5446  0.5561  0.5675  0.5561  0.5950  0.5606  0.5652  0.5355  0.5538  0.5858  0.5789  0.5538  0.5515  0.5629  0.5263  0.5263  0.5584  0.5515  0.5515  0.5652  0.5469  0.4073  0.1899  0.3661  0.2975  0.2860  0.2540  0.2243  0.4828  0.2654  0.2609  0.3387  0.4805  0.2586  0.3432  0.4691  0.2174  0.2609  0.4989  0.4874
A9BEE1           0.7574  0.7803  0.7620  0.7826  0.7963  0.7803  0.7895  0.7849  0.7757  0.7780  0.7918  0.7780  0.7986  0.6156  0.5721  0.5950  0.5606  0.5584  0.5629  0.5767  0.5584  0.6247  0.5744  0.5835  0.5698  0.5515  0.5950  0.6133  0.5698  0.5629  0.6041  0.5652  0.5652  0.5812  0.5584  0.5584  0.5927  0.5812  0.4622  0.3776  0.2883  0.4050  0.4279  0.3890  0.3730  0.4851  0.3982  0.3799  0.3547  0.4851  0.3959  0.3570  0.4668  0.3638  0.3936  0.4691  0.4668  0.3547
A2BPZ9           0.7849  0.7757  0.7872  0.7643  0.7826  0.7963  0.7849  0.7963  0.7803  0.7757  0.7963  0.7551  0.7666  0.6270  0.5721  0.6270  0.5881  0.5789  0.5812  0.5812  0.5835  0.6545  0.5973  0.5744  0.5789  0.5606  0.5721  0.5858  0.5812  0.5721  0.5789  0.5606  0.5606  0.5629  0.5744  0.5744  0.5995  0.5950  0.5195  0.4737  0.4805  0.4783  0.4943  0.4943  0.4874  0.0732  0.4783  0.4851  0.4531  0.0755  0.4645  0.4531  0.0938  0.4828  0.4600  0.2059  0.2014  0.4714  0.4828
Q7V6B7           0.7963  0.7918  0.7849  0.7826  0.7895  0.7803  0.7918  0.7803  0.7780  0.7780  0.7826  0.7712  0.7918  0.5561  0.5675  0.5515  0.5584  0.5423  0.5515  0.5652  0.5538  0.5904  0.5584  0.5629  0.5332  0.5469  0.5812  0.5744  0.5515  0.5492  0.5629  0.5217  0.5217  0.5515  0.5492  0.5492  0.5629  0.5469  0.3982  0.1991  0.3547  0.3021  0.2838  0.2609  0.2288  0.4805  0.2654  0.2632  0.3341  0.4737  0.2586  0.3387  0.4622  0.2265  0.2563  0.4943  0.4851  0.0137  0.3478  0.4645
Q4BZ53           0.7872  0.7803  0.7643  0.7757  0.7803  0.7826  0.8055  0.7895  0.8032  0.8032  0.8032  0.7620  0.7895  0.6041  0.4783  0.5973  0.5057  0.5240  0.5103  0.5492  0.5103  0.6384  0.5217  0.4073  0.4760  0.4279  0.5698  0.5561  0.2151  0.2220  0.5561  0.5400  0.5400  0.5492  0.3410  0.3410  0.5652  0.5400  0.5995  0.6041  0.6178  0.5835  0.6018  0.5858  0.5927  0.6293  0.5950  0.5858  0.6041  0.6156  0.5835  0.6087  0.6178  0.6064  0.5858  0.6362  0.6407  0.5995  0.6156  0.6201  0.5973
B7MNU3           0.7757  0.7941  0.7757  0.7597  0.7712  0.7735  0.7506  0.7483  0.7483  0.7414  0.7437  0.7529  0.7666  0.7071  0.7117  0.7117  0.7162  0.7277  0.7094  0.6842  0.7140  0.6819  0.7162  0.7460  0.7094  0.7437  0.6888  0.7117  0.7391  0.7346  0.7323  0.7529  0.7529  0.7162  0.7391  0.7391  0.7162  0.7208  0.6979  0.6911  0.7094  0.7117  0.7002  0.7002  0.6865  0.7162  0.7048  0.6979  0.6819  0.7117  0.7071  0.6819  0.7140  0.6842  0.7071  0.7025  0.6957  0.6819  0.7162  0.7140  0.6819  0.7643
B7LWH2           0.7780  0.7963  0.7735  0.7597  0.7712  0.7712  0.7529  0.7506  0.7460  0.7391  0.7414  0.7506  0.7666  0.7117  0.7140  0.7140  0.7162  0.7323  0.7094  0.6819  0.7140  0.6796  0.7208  0.7483  0.7094  0.7460  0.6888  0.7140  0.7414  0.7346  0.7346  0.7506  0.7506  0.7185  0.7414  0.7414  0.7162  0.7208  0.7002  0.6888  0.7117  0.7117  0.6979  0.6979  0.6888  0.7162  0.7002  0.6957  0.6842  0.7117  0.7048  0.6842  0.7140  0.6819  0.7048  0.7048  0.6979  0.6796  0.7185  0.7140  0.6796  0.7643  0.0092
P0AD68           0.7780  0.7963  0.7735  0.7597  0.7712  0.7712  0.7529  0.7506  0.7460  0.7391  0.7414  0.7506  0.7666  0.7094  0.7140  0.7140  0.7185  0.7300  0.7094  0.6842  0.7162  0.6819  0.7185  0.7483  0.7094  0.7460  0.6911  0.7140  0.7414  0.7368  0.7346  0.7529  0.7529  0.7185  0.7391  0.7391  0.7162  0.7208  0.7002  0.6911  0.7117  0.7117  0.7002  0.6979  0.6888  0.7162  0.7048  0.6957  0.6842  0.7140  0.7025  0.6842  0.7162  0.6796  0.7025  0.7048  0.6979  0.6796  0.7185  0.7140  0.6796  0.7643  0.0069  0.0069


TREE #  1:  (64, 65, (63, (((4, 12), ((6, (3, (13, 2))), (5, (1, (7, (8, (11, (9, 10)))))))), (22, ((14, 16), ((27, (20, 37)), (((32, 33), (39, (43, ((47, (42, (51, 55))), ((45, (44, 48)), ((40, 54), ((58, 61), (((53, (50, (46, 60))), (56, 57)), ((49, 52), (41, 59)))))))))), ((34, (28, 31)), ((19, ((17, 21), (18, 23))), (38, (25, (15, ((24, 26), ((35, 36), (62, (29, 30))))))))))))))));   MP score: 6121
lnL(ntime: 63  np: 64): -31150.346754      +0.000000
  66..64   66..65   66..67   67..63   67..68   68..69   69..70   70..4    70..12   69..71   71..72   72..6    72..73   73..3    73..74   74..13   74..2    71..75   75..5    75..76   76..1    76..77   77..7    77..78   78..8    78..79   79..11   79..80   80..9    80..10   68..81   81..22   81..82   82..83   83..14   83..16   82..84   84..85   85..27   85..86   86..20   86..37   84..87   87..88   88..89   89..32   89..33   88..90   90..39   90..91   91..43   91..92   92..93   93..47   93..94   94..42   94..95   95..51   95..55   92..96   96..97   97..45   97..98   98..44   98..48   96..99   99..100 100..40  100..54   99..101 101..102 102..58  102..61  101..103 103..104 104..105 105..53  105..106 106..50  106..107 107..46  107..60  104..108 108..56  108..57  103..109 109..110 110..49  110..52  109..111 111..41  111..59   87..112 112..113 113..34  113..114 114..28  114..31  112..115 115..116 116..19  116..117 117..118 118..17  118..21  117..119 119..18  119..23  115..120 120..38  120..121 121..25  121..122 122..15  122..123 123..124 124..24  124..26  123..125 125..126 126..35  126..36  125..127 127..62  127..128 128..29  128..30 
 1.170115 1.170114 1.018193 0.647874 0.516316 0.615778 0.571494 0.522546 0.472452 0.567164 0.539762 0.129062 0.100333 0.054848 0.005526 0.787829 0.713253 0.063919 0.670246 0.459545 0.359295 0.649361 0.578397 0.000001 0.385205 0.334031 0.304496 0.146015 0.102521 0.014325 0.294982 0.172275 0.053736 0.292591 0.101010 0.284620 0.007897 0.250108 0.087671 0.050362 0.033464 0.030198 0.044335 0.228395 0.007072 0.156203 0.590022 0.398719 0.260626 0.524500 0.159414 0.148386 0.007898 0.122092 0.455559 0.392297 0.331412 0.278224 0.142741 0.192034 0.000000 0.110517 0.044949 1.175487

tree length =  22.26456

(64: 1.170115, 65: 1.170115, (63: 1.170114, (((4: 0.516316, 12: 0.516316): 0.131558, ((6: 0.571494, (3: 0.522546, (13: 0.472452, 2: 0.472452): 0.050094): 0.048948): 0.044284, (5: 0.567164, (1: 0.539762, (7: 0.129062, (8: 0.100333, (11: 0.054848, (9: 0.005526, 10: 0.005526): 0.049322): 0.045486): 0.028728): 0.410701): 0.027402): 0.048614): 0.032095): 0.370319, (22: 0.787829, ((14: 0.063919, 16: 0.063919): 0.649334, ((27: 0.459545, (20: 0.359295, 37: 0.359295): 0.100250): 0.210702, (((32: 0.000001, 33: 0.000001): 0.578396, (39: 0.385205, (43: 0.334031, ((47: 0.146015, (42: 0.102521, (51: 0.014325, 55: 0.014325): 0.088195): 0.043494): 0.158481, ((45: 0.172275, (44: 0.053736, 48: 0.053736): 0.118540): 0.122706, ((40: 0.101010, 54: 0.101010): 0.191581, ((58: 0.007897, 61: 0.007897): 0.276724, (((53: 0.050362, (50: 0.033464, (46: 0.030198, 60: 0.030198): 0.003266): 0.016898): 0.037309, (56: 0.044335, 57: 0.044335): 0.043336): 0.162437, ((49: 0.007072, 52: 0.007072): 0.221322, (41: 0.156203, 59: 0.156203): 0.072191): 0.021713): 0.034512): 0.007971): 0.002391): 0.009514): 0.029535): 0.051175): 0.193192): 0.070964, ((34: 0.398719, (28: 0.260626, 31: 0.260626): 0.138094): 0.191303, ((19: 0.159414, ((17: 0.007898, 21: 0.007898): 0.140488, (18: 0.122092, 23: 0.122092): 0.026293): 0.011028): 0.365087, (38: 0.455559, (25: 0.392297, (15: 0.331412, ((24: 0.142741, 26: 0.142741): 0.135484, ((35: 0.000000, 36: 0.000000): 0.192034, (62: 0.110517, (29: 0.044949, 30: 0.044949): 0.065568): 0.081517): 0.086190): 0.053187): 0.060885): 0.063262): 0.068942): 0.065522): 0.059339): 0.020885): 0.043007): 0.074576): 0.230363): 0.151921): 0.000001);

(B7LWH2: 1.170115, P0AD68: 1.170115, (B7MNU3: 1.170114, (((Q7M8H1: 0.516316, O26078: 0.516316): 0.131558, ((Q30TN8: 0.571494, (D1B3L6: 0.522546, (B9L6U5: 0.472452, A6Q577: 0.472452): 0.050094): 0.048948): 0.044284, (A6Q720: 0.567164, (A8EW16: 0.539762, (B9KCV1: 0.129062, (Q4HSQ7: 0.100333, (Q4HHL9: 0.054848, (A7H4L7: 0.005526, A8FKU8: 0.005526): 0.049322): 0.045486): 0.028728): 0.410701): 0.027402): 0.048614): 0.032095): 0.370319, (Q7NCP9: 0.787829, ((Q2JMQ8: 0.063919, Q2JVH2: 0.063919): 0.649334, ((B0BYK6: 0.459545, (B8HTI7: 0.359295, Q8DH85: 0.359295): 0.100250): 0.210702, (((Q5N393: 0.000001, Q31R05: 0.000001): 0.578396, (A5GSA8: 0.385205, (A3YYV5: 0.334031, ((Q7U5E7: 0.146015, (Q3ALQ4: 0.102521, (Q05YH3: 0.014325, Q3AVA3: 0.014325): 0.088195): 0.043494): 0.158481, ((Q0I8L0: 0.172275, (A5GJE4: 0.053736, A4CS12: 0.053736): 0.118540): 0.122706, ((A3Z5J3: 0.101010, Q05RL7: 0.101010): 0.191581, ((A2C7P7: 0.007897, Q7V6B7: 0.007897): 0.276724, (((Q31C16: 0.050362, (A3PBP2: 0.033464, (A8G3N3: 0.030198, A2BPZ9: 0.030198): 0.003266): 0.016898): 0.037309, (Q7V2G2: 0.044335, A2BVI0: 0.044335): 0.043336): 0.162437, ((A2C0X7: 0.007072, Q46GQ8: 0.007072): 0.221322, (Q7VD65: 0.156203, A9BEE1: 0.156203): 0.072191): 0.021713): 0.034512): 0.007971): 0.002391): 0.009514): 0.029535): 0.051175): 0.193192): 0.070964, ((Q114H8: 0.398719, (B5VZN5: 0.260626, A0YVJ1: 0.260626): 0.138094): 0.191303, ((A0ZJJ2: 0.159414, ((Q8YYX4: 0.007898, Q3M469: 0.007898): 0.140488, (B2J3N5: 0.122092, B9YTI0: 0.122092): 0.026293): 0.011028): 0.365087, (B1XJB2: 0.455559, (P73117: 0.392297, (B0JP57: 0.331412, ((B7KCI0: 0.142741, B4B2Z4: 0.142741): 0.135484, ((C7QNA9: 0.000000, B7K2A4: 0.000000): 0.192034, (Q4BZ53: 0.110517, (B1WZ28: 0.044949, A3IQX9: 0.044949): 0.065568): 0.081517): 0.086190): 0.053187): 0.060885): 0.063262): 0.068942): 0.065522): 0.059339): 0.020885): 0.043007): 0.074576): 0.230363): 0.151921): 0.000001);

(64_B7LWH2, 65_P0AD68, (63_B7MNU3, (((4_Q7M8H1, 12_O26078) 70 , ((6_Q30TN8, (3_D1B3L6, (13_B9L6U5, 2_A6Q577) 74 ) 73 ) 72 , (5_A6Q720, (1_A8EW16, (7_B9KCV1, (8_Q4HSQ7, (11_Q4HHL9, (9_A7H4L7, 10_A8FKU8) 80 ) 79 ) 78 ) 77 ) 76 ) 75 ) 71 ) 69 , (22_Q7NCP9, ((14_Q2JMQ8, 16_Q2JVH2) 83 , ((27_B0BYK6, (20_B8HTI7, 37_Q8DH85) 86 ) 85 , (((32_Q5N393, 33_Q31R05) 89 , (39_A5GSA8, (43_A3YYV5, ((47_Q7U5E7, (42_Q3ALQ4, (51_Q05YH3, 55_Q3AVA3) 95 ) 94 ) 93 , ((45_Q0I8L0, (44_A5GJE4, 48_A4CS12) 98 ) 97 , ((40_A3Z5J3, 54_Q05RL7) 100 , ((58_A2C7P7, 61_Q7V6B7) 102 , (((53_Q31C16, (50_A3PBP2, (46_A8G3N3, 60_A2BPZ9) 107 ) 106 ) 105 , (56_Q7V2G2, 57_A2BVI0) 108 ) 104 , ((49_A2C0X7, 52_Q46GQ8) 110 , (41_Q7VD65, 59_A9BEE1) 111 ) 109 ) 103 ) 101 ) 99 ) 96 ) 92 ) 91 ) 90 ) 88 , ((34_Q114H8, (28_B5VZN5, 31_A0YVJ1) 114 ) 113 , ((19_A0ZJJ2, ((17_Q8YYX4, 21_Q3M469) 118 , (18_B2J3N5, 23_B9YTI0) 119 ) 117 ) 116 , (38_B1XJB2, (25_P73117, (15_B0JP57, ((24_B7KCI0, 26_B4B2Z4) 124 , ((35_C7QNA9, 36_B7K2A4) 126 , (62_Q4BZ53, (29_B1WZ28, 30_A3IQX9) 128 ) 127 ) 125 ) 123 ) 122 ) 121 ) 120 ) 115 ) 112 ) 87 ) 84 ) 82 ) 81 ) 68 ) 67 ) 66 ;

Detailed output identifying parameters

alpha (gamma, K = 5) =  1.17549
rate:   0.13797  0.40783  0.74078  1.23154  2.48187
freq:   0.20000  0.20000  0.20000  0.20000  0.20000

Time used: 12:25
