AAML (in paml version 4.6, August 2012)  174.aa
Model: Empirical for branches,  Global clock  (../../../bin/LG.dat) dGamma (ncatG=4) ns =  65  ls = 130


Frequencies..
                                    A      R      N      D      C      Q      E      G      H      I      L      K      M      F      P      S      T      W      Y      V
A8EWV6                         0.06923 0.03846 0.02308 0.05385 0.00769 0.02308 0.06923 0.07692 0.02308 0.07692 0.10000 0.09231 0.04615 0.03846 0.06154 0.04615 0.03077 0.00000 0.04615 0.07692
A6Q2E5                         0.06923 0.03846 0.02308 0.05385 0.00000 0.01538 0.06923 0.08462 0.03846 0.06923 0.08462 0.09231 0.03077 0.04615 0.06154 0.04615 0.00000 0.00769 0.04615 0.12308
A7H598                         0.05385 0.04615 0.03846 0.05385 0.00000 0.02308 0.06154 0.10000 0.03077 0.06923 0.07692 0.06923 0.03846 0.06154 0.05385 0.03846 0.02308 0.00769 0.03846 0.11538
B9KDS7                         0.05385 0.03846 0.03846 0.06154 0.00000 0.03077 0.05385 0.08462 0.03077 0.07692 0.08462 0.08462 0.03077 0.06154 0.05385 0.03846 0.02308 0.00769 0.03846 0.10769
A8FK62                         0.05385 0.03846 0.03846 0.05385 0.00000 0.02308 0.06154 0.10000 0.03077 0.06923 0.08462 0.06923 0.03846 0.06154 0.05385 0.03846 0.02308 0.00769 0.03846 0.11538
Q4HQA3                         0.06154 0.04615 0.03077 0.04615 0.00000 0.01538 0.09231 0.10000 0.02308 0.07692 0.08462 0.06923 0.03846 0.06154 0.05385 0.02308 0.02308 0.00769 0.04615 0.10000
D1AZ84                         0.09231 0.03846 0.03077 0.05385 0.00000 0.04615 0.05385 0.06923 0.03077 0.08462 0.08462 0.07692 0.03077 0.05385 0.05385 0.03077 0.02308 0.00769 0.03846 0.10000
Q4HGA6                         0.05385 0.04615 0.03846 0.05385 0.00000 0.03077 0.06154 0.10769 0.03077 0.06923 0.07692 0.06154 0.03846 0.06154 0.05385 0.03077 0.02308 0.00769 0.03846 0.11538
A6Q9A8                         0.07692 0.02308 0.03077 0.06154 0.00000 0.03846 0.05385 0.06923 0.03077 0.08462 0.07692 0.09231 0.03077 0.04615 0.06154 0.04615 0.01538 0.00769 0.05385 0.10000
Q30QJ2                         0.06154 0.04615 0.03077 0.06154 0.00000 0.03846 0.04615 0.08462 0.02308 0.10769 0.07692 0.08462 0.03077 0.04615 0.05385 0.04615 0.01538 0.00769 0.04615 0.09231
B9L771                         0.04615 0.03077 0.01538 0.05385 0.00000 0.03846 0.06923 0.08462 0.03077 0.09231 0.08462 0.08462 0.03846 0.04615 0.06154 0.03077 0.03846 0.00769 0.05385 0.09231
Q7MAS2                         0.08462 0.03846 0.02308 0.04615 0.00000 0.01538 0.08462 0.06154 0.02308 0.07692 0.09231 0.08462 0.02308 0.05385 0.05385 0.03846 0.03077 0.00769 0.03846 0.12308
O25928                         0.06923 0.03077 0.03846 0.03846 0.00000 0.03846 0.06154 0.07692 0.03077 0.09231 0.08462 0.08462 0.03846 0.06154 0.05385 0.00769 0.05385 0.00769 0.03077 0.10000
B7MP40                         0.07692 0.08462 0.01538 0.03846 0.01538 0.02308 0.07692 0.08462 0.01538 0.03846 0.10000 0.05385 0.03846 0.10000 0.06154 0.02308 0.03846 0.00000 0.01538 0.10000
P0A6Q6                         0.07692 0.08462 0.01538 0.03846 0.01538 0.02308 0.07692 0.08462 0.01538 0.03846 0.10000 0.05385 0.03846 0.10000 0.06154 0.02308 0.03846 0.00000 0.01538 0.10000
B7LW77                         0.07692 0.08462 0.01538 0.03846 0.01538 0.02308 0.07692 0.08462 0.01538 0.03846 0.10000 0.05385 0.03846 0.10000 0.06154 0.02308 0.03846 0.00000 0.01538 0.10000
Q8DI01                         0.04615 0.06923 0.02308 0.04615 0.00769 0.06923 0.05385 0.09231 0.01538 0.06154 0.11538 0.04615 0.04615 0.05385 0.06923 0.01538 0.00769 0.00000 0.02308 0.13846
B5W104                         0.06923 0.08462 0.01538 0.03846 0.00769 0.05385 0.05385 0.09231 0.02308 0.07692 0.10769 0.03846 0.03846 0.06154 0.06923 0.01538 0.03077 0.00000 0.02308 0.10000
Q7TV98                         0.04615 0.05385 0.03077 0.03846 0.01538 0.03846 0.05385 0.11538 0.02308 0.06923 0.10000 0.06154 0.03077 0.06154 0.06923 0.03846 0.01538 0.00000 0.01538 0.12308
Q31PQ9                         0.06923 0.06923 0.01538 0.03846 0.00769 0.07692 0.04615 0.10769 0.01538 0.05385 0.11538 0.02308 0.03077 0.06923 0.06923 0.03077 0.01538 0.00000 0.01538 0.13077
B8HK59                         0.06154 0.07692 0.02308 0.03077 0.00000 0.06154 0.06154 0.10769 0.02308 0.05385 0.12308 0.03846 0.04615 0.06154 0.06154 0.01538 0.02308 0.00769 0.00769 0.11538
Q5N4G7                         0.07692 0.06923 0.01538 0.03846 0.00769 0.07692 0.04615 0.10769 0.01538 0.05385 0.10769 0.02308 0.03077 0.06923 0.06923 0.03077 0.01538 0.00000 0.01538 0.13077
Q10ZA2                         0.08462 0.04615 0.02308 0.04615 0.00000 0.03846 0.06154 0.09231 0.03077 0.07692 0.08462 0.06923 0.05385 0.07692 0.06923 0.02308 0.02308 0.00000 0.01538 0.08462
A0YWN2                         0.06923 0.06923 0.03077 0.03846 0.00769 0.04615 0.05385 0.08462 0.02308 0.08462 0.08462 0.06154 0.03077 0.06923 0.06923 0.02308 0.03846 0.00000 0.01538 0.10000
A9BBV9                         0.05385 0.05385 0.01538 0.04615 0.01538 0.06154 0.03846 0.12308 0.01538 0.06154 0.09231 0.05385 0.03846 0.06154 0.06923 0.03077 0.02308 0.00000 0.01538 0.13077
B9YJP6                         0.06154 0.06154 0.01538 0.03846 0.00000 0.06923 0.04615 0.11538 0.02308 0.03846 0.09231 0.04615 0.06154 0.06923 0.05385 0.01538 0.03077 0.00769 0.01538 0.13846
A5GV11                         0.06154 0.07692 0.02308 0.03846 0.01538 0.05385 0.05385 0.10000 0.02308 0.04615 0.12308 0.03846 0.03846 0.06154 0.06923 0.02308 0.03077 0.00000 0.00769 0.11538
P73848                         0.05385 0.06154 0.01538 0.06154 0.01538 0.06154 0.03846 0.10769 0.01538 0.08462 0.09231 0.03846 0.03846 0.07692 0.07692 0.03077 0.02308 0.00000 0.00769 0.10000
B0JIT3                         0.06923 0.06154 0.03077 0.04615 0.00000 0.06154 0.03846 0.09231 0.01538 0.07692 0.09231 0.05385 0.04615 0.07692 0.07692 0.02308 0.03077 0.00000 0.01538 0.09231
Q7U8Q6                         0.06923 0.05385 0.01538 0.03846 0.01538 0.03846 0.05385 0.11538 0.03077 0.04615 0.10769 0.05385 0.03077 0.06154 0.06923 0.03077 0.02308 0.00000 0.00769 0.13846
B0CD44                         0.06923 0.06154 0.01538 0.04615 0.00769 0.03846 0.06923 0.08462 0.01538 0.06154 0.10769 0.06154 0.05385 0.06923 0.04615 0.03846 0.03077 0.00000 0.01538 0.10769
B2IWK7                         0.04615 0.06154 0.02308 0.03846 0.00769 0.06154 0.04615 0.11538 0.02308 0.04615 0.10769 0.06154 0.04615 0.06154 0.05385 0.00769 0.02308 0.00769 0.02308 0.13846
Q2JTA0                         0.05385 0.08462 0.03077 0.03077 0.00769 0.05385 0.04615 0.10769 0.01538 0.05385 0.15385 0.03077 0.03077 0.06923 0.06923 0.01538 0.03077 0.00000 0.01538 0.10000
Q2JI59                         0.05385 0.09231 0.02308 0.03846 0.00769 0.05385 0.04615 0.10769 0.01538 0.06154 0.14615 0.02308 0.03077 0.06923 0.06923 0.01538 0.03077 0.00000 0.01538 0.10000
Q7V0D0                         0.05385 0.04615 0.03077 0.03077 0.01538 0.04615 0.05385 0.10000 0.03077 0.06923 0.10769 0.06923 0.03077 0.06923 0.06923 0.02308 0.02308 0.00000 0.00000 0.13077
Q7V5X4                         0.06923 0.07692 0.01538 0.03077 0.01538 0.06154 0.05385 0.10769 0.02308 0.03846 0.12308 0.03077 0.03846 0.06154 0.06923 0.03077 0.01538 0.00000 0.00769 0.13077
A3YVF5                         0.05385 0.06923 0.02308 0.04615 0.01538 0.03846 0.05385 0.10000 0.01538 0.03846 0.13077 0.05385 0.03077 0.06154 0.06923 0.03077 0.02308 0.00000 0.01538 0.13077
A0ZG90                         0.06154 0.05385 0.01538 0.04615 0.00000 0.06923 0.05385 0.08462 0.01538 0.06923 0.12308 0.06923 0.03846 0.06154 0.06154 0.01538 0.02308 0.00769 0.01538 0.11538
B4B6Y3                         0.04615 0.06923 0.01538 0.04615 0.00769 0.05385 0.03846 0.10000 0.01538 0.08462 0.10769 0.05385 0.03846 0.06923 0.06923 0.02308 0.02308 0.00000 0.01538 0.12308
Q0I811                         0.06154 0.06923 0.01538 0.03846 0.01538 0.04615 0.05385 0.10769 0.02308 0.03077 0.12308 0.04615 0.03846 0.06923 0.06923 0.02308 0.03077 0.00000 0.00769 0.13077
Q3MH14                         0.06154 0.06154 0.02308 0.04615 0.00000 0.06154 0.04615 0.10000 0.02308 0.06923 0.10769 0.05385 0.04615 0.06154 0.06154 0.00769 0.03846 0.00769 0.01538 0.10769
A2BY43                         0.04615 0.04615 0.03077 0.03077 0.01538 0.04615 0.05385 0.10000 0.03846 0.06923 0.11538 0.06154 0.03077 0.06923 0.06923 0.03077 0.02308 0.00000 0.00000 0.12308
A8G6E7                         0.05385 0.03846 0.03846 0.02308 0.01538 0.04615 0.06154 0.10000 0.03077 0.08462 0.10769 0.06923 0.03077 0.06154 0.06923 0.03077 0.01538 0.00000 0.00769 0.11538
C7QW09                         0.05385 0.06154 0.01538 0.05385 0.00000 0.06154 0.04615 0.10769 0.01538 0.08462 0.10000 0.04615 0.03846 0.06923 0.06154 0.01538 0.03846 0.00000 0.01538 0.11538
B7JY22                         0.05385 0.06154 0.01538 0.05385 0.00000 0.06154 0.04615 0.10769 0.01538 0.08462 0.10000 0.04615 0.03846 0.06923 0.06154 0.01538 0.03846 0.00000 0.01538 0.11538
Q8YUR4                         0.06154 0.06154 0.02308 0.04615 0.00000 0.06154 0.04615 0.10000 0.02308 0.06923 0.10769 0.05385 0.04615 0.06154 0.06154 0.00769 0.03846 0.00769 0.01538 0.10769
Q7NJG6                         0.06154 0.08462 0.02308 0.03846 0.00769 0.05385 0.05385 0.10000 0.01538 0.07692 0.10000 0.04615 0.03077 0.06154 0.06154 0.01538 0.03846 0.00000 0.00769 0.12308
A3PEH0                         0.05385 0.03846 0.04615 0.03077 0.01538 0.04615 0.06154 0.10000 0.01538 0.06923 0.10769 0.06154 0.03077 0.06154 0.06923 0.03077 0.01538 0.00000 0.01538 0.13077
A4CRC7                         0.06923 0.05385 0.01538 0.03846 0.02308 0.04615 0.05385 0.10000 0.02308 0.03846 0.12308 0.05385 0.03846 0.06154 0.06923 0.03077 0.02308 0.00000 0.00769 0.13077
B7KKQ1                         0.04615 0.06923 0.02308 0.04615 0.00000 0.03077 0.04615 0.10000 0.02308 0.08462 0.09231 0.05385 0.04615 0.07692 0.07692 0.03077 0.03077 0.00000 0.00769 0.11538
Q05YF1                         0.06154 0.06923 0.02308 0.05385 0.01538 0.04615 0.04615 0.10000 0.02308 0.04615 0.10769 0.04615 0.05385 0.06154 0.06923 0.03077 0.01538 0.00000 0.00769 0.12308
A2C743                         0.06923 0.07692 0.01538 0.03077 0.01538 0.06154 0.05385 0.10769 0.02308 0.03846 0.12308 0.03077 0.03846 0.06154 0.06923 0.03077 0.01538 0.00000 0.00769 0.13077
A2BSQ8                         0.04615 0.03846 0.03846 0.03846 0.01538 0.04615 0.05385 0.10000 0.02308 0.07692 0.10000 0.06923 0.03077 0.06154 0.06923 0.03846 0.01538 0.00000 0.00769 0.13077
B1XLC7                         0.05385 0.05385 0.03077 0.03846 0.00769 0.04615 0.05385 0.09231 0.03077 0.07692 0.07692 0.06154 0.05385 0.06923 0.06923 0.02308 0.03846 0.00000 0.01538 0.10769
Q3AZF3                         0.09231 0.05385 0.01538 0.03077 0.01538 0.04615 0.06154 0.10000 0.01538 0.07692 0.10769 0.04615 0.03077 0.06154 0.06923 0.03077 0.02308 0.00000 0.01538 0.10769
Q4C1Q5                         0.07692 0.06154 0.01538 0.04615 0.00000 0.03077 0.06923 0.08462 0.01538 0.11538 0.10000 0.05385 0.03077 0.06923 0.07692 0.02308 0.02308 0.00000 0.01538 0.09231
Q064Y4                         0.09231 0.05385 0.01538 0.03077 0.01538 0.04615 0.06154 0.10000 0.01538 0.07692 0.11538 0.04615 0.02308 0.06154 0.06923 0.03077 0.02308 0.00000 0.01538 0.10769
Q3AHS6                         0.08462 0.06154 0.01538 0.05385 0.01538 0.03846 0.04615 0.10000 0.02308 0.04615 0.10769 0.04615 0.03846 0.06154 0.06923 0.03077 0.03077 0.00000 0.00769 0.12308
Q319F1                         0.05385 0.03846 0.04615 0.03846 0.01538 0.04615 0.05385 0.10000 0.02308 0.07692 0.10769 0.06154 0.03077 0.06154 0.06923 0.02308 0.02308 0.00000 0.00769 0.12308
A5GN68                         0.06154 0.06154 0.01538 0.03846 0.01538 0.05385 0.06154 0.10000 0.02308 0.03846 0.12308 0.04615 0.03846 0.06154 0.06923 0.03077 0.02308 0.00000 0.00769 0.13077
A3IH62                         0.05385 0.06154 0.02308 0.04615 0.00000 0.03077 0.06154 0.10000 0.01538 0.09231 0.10769 0.05385 0.03846 0.06154 0.06923 0.02308 0.03846 0.00000 0.01538 0.10769
A3Z675                         0.06154 0.06923 0.01538 0.03846 0.02308 0.05385 0.06154 0.10000 0.02308 0.03846 0.12308 0.03846 0.03846 0.06154 0.06923 0.03077 0.01538 0.00000 0.00769 0.13077
B1WTC2                         0.05385 0.06923 0.02308 0.04615 0.00000 0.02308 0.05385 0.10000 0.01538 0.10000 0.10769 0.05385 0.03846 0.06154 0.06923 0.02308 0.03846 0.00000 0.01538 0.10769
Q46JD0                         0.05385 0.05385 0.01538 0.06923 0.01538 0.05385 0.03846 0.09231 0.02308 0.06154 0.10769 0.06923 0.03846 0.06154 0.06154 0.04615 0.00769 0.00000 0.00769 0.12308
A2C4A9                         0.05385 0.05385 0.01538 0.06923 0.01538 0.05385 0.03846 0.09231 0.02308 0.06154 0.10769 0.06923 0.03846 0.06154 0.06154 0.04615 0.00769 0.00000 0.00769 0.12308

Homogeneity statistic: X2 = 4.56792 G = 4.72367 

Average                        0.06260 0.05846 0.02343 0.04402 0.00817 0.04568 0.05562 0.09704 0.02225 0.06698 0.10379 0.05680 0.03763 0.06438 0.06485 0.02734 0.02556 0.00213 0.01846 0.11479

# constant sites:     20 (15.38%)
ln Lmax (unconstrained) = -619.779581

AA distances (raw proportions of different sites)

A8EWV6         
A6Q2E5           0.2846
A7H598           0.2923  0.2846
B9KDS7           0.2846  0.2692  0.0923
A8FK62           0.2923  0.2846  0.0077  0.0923
Q4HQA3           0.2923  0.2769  0.1000  0.1231  0.1000
D1AZ84           0.3154  0.2000  0.3538  0.3385  0.3538  0.3462
Q4HGA6           0.3000  0.2769  0.0154  0.1077  0.0231  0.0923  0.3462
A6Q9A8           0.3000  0.1923  0.3154  0.3000  0.3154  0.3000  0.2077  0.3077
Q30QJ2           0.3385  0.2692  0.3077  0.3154  0.3077  0.3231  0.2692  0.3154  0.2692
B9L771           0.3769  0.3000  0.3154  0.3538  0.3154  0.3385  0.3462  0.3154  0.2923  0.3077
Q7MAS2           0.3615  0.2923  0.3769  0.3923  0.3769  0.3692  0.2308  0.3769  0.2692  0.3308  0.3538
O25928           0.4154  0.3385  0.3923  0.3923  0.3923  0.4077  0.3846  0.3923  0.3615  0.4077  0.4154  0.3231
B7MP40           0.5000  0.5077  0.5154  0.5385  0.5231  0.5308  0.5308  0.5077  0.5308  0.5462  0.5385  0.5308  0.5385
P0A6Q6           0.5000  0.5077  0.5154  0.5385  0.5231  0.5308  0.5308  0.5077  0.5308  0.5462  0.5385  0.5308  0.5385  0.0000
B7LW77           0.5000  0.5077  0.5154  0.5385  0.5231  0.5308  0.5308  0.5077  0.5308  0.5462  0.5385  0.5308  0.5385  0.0000  0.0000
Q8DI01           0.5154  0.5077  0.5462  0.5462  0.5462  0.5538  0.5615  0.5462  0.5077  0.5538  0.5308  0.5308  0.5077  0.5000  0.5000  0.5000
B5W104           0.5385  0.5308  0.5462  0.5538  0.5462  0.5538  0.5538  0.5308  0.5077  0.5462  0.5462  0.5615  0.5385  0.4846  0.4846  0.4846  0.2462
Q7TV98           0.5462  0.4923  0.5538  0.5692  0.5538  0.5692  0.5769  0.5462  0.5385  0.5615  0.5615  0.5692  0.5538  0.5077  0.5077  0.5077  0.3000  0.2769
Q31PQ9           0.5462  0.5538  0.5615  0.5692  0.5615  0.5692  0.5769  0.5462  0.5385  0.5923  0.5615  0.5692  0.5385  0.5385  0.5385  0.5385  0.2692  0.2538  0.2538
B8HK59           0.5462  0.5308  0.5462  0.5462  0.5462  0.5462  0.5538  0.5385  0.5231  0.5692  0.5385  0.5615  0.5154  0.5000  0.5000  0.5000  0.1692  0.2077  0.3308  0.2615
Q5N4G7           0.5462  0.5538  0.5615  0.5692  0.5615  0.5692  0.5769  0.5462  0.5385  0.5923  0.5615  0.5692  0.5385  0.5385  0.5385  0.5385  0.2769  0.2615  0.2538  0.0154  0.2692
Q10ZA2           0.5615  0.5385  0.5769  0.5769  0.5769  0.5769  0.5769  0.5692  0.5385  0.5846  0.5462  0.5615  0.5154  0.5538  0.5538  0.5538  0.3154  0.2846  0.3385  0.2923  0.3000  0.2923
A0YWN2           0.5385  0.5385  0.5769  0.5692  0.5769  0.5769  0.5538  0.5692  0.5000  0.5923  0.5846  0.5692  0.5154  0.4692  0.4692  0.4692  0.3077  0.1538  0.2923  0.2769  0.2615  0.2769  0.2923
A9BBV9           0.5615  0.5231  0.5769  0.5923  0.5769  0.5923  0.5692  0.5692  0.5615  0.5769  0.5692  0.5692  0.5308  0.4923  0.4923  0.4923  0.2769  0.3000  0.1000  0.2077  0.3154  0.2077  0.3308  0.3077
B9YJP6           0.5538  0.5538  0.5692  0.5692  0.5692  0.5769  0.5923  0.5615  0.5385  0.6154  0.5846  0.5692  0.5154  0.5231  0.5231  0.5231  0.2308  0.2615  0.3154  0.2231  0.2308  0.2308  0.3000  0.2769  0.2846
A5GV11           0.5692  0.5385  0.5692  0.5923  0.5692  0.5846  0.5769  0.5615  0.5615  0.5923  0.5923  0.5692  0.5308  0.5154  0.5154  0.5154  0.3154  0.2923  0.1615  0.2538  0.2846  0.2538  0.3385  0.2769  0.1308  0.3154
P73848           0.5538  0.5462  0.5692  0.5615  0.5692  0.5769  0.5846  0.5615  0.5385  0.6000  0.5692  0.5846  0.5308  0.5077  0.5077  0.5077  0.2538  0.2769  0.3154  0.3077  0.3154  0.3154  0.3692  0.2923  0.2769  0.3385  0.3231
B0JIT3           0.5538  0.5462  0.5769  0.5615  0.5769  0.5846  0.5846  0.5692  0.5385  0.6077  0.5615  0.5692  0.5154  0.5308  0.5308  0.5308  0.2692  0.2846  0.3462  0.2923  0.2923  0.2923  0.3077  0.3000  0.3231  0.3000  0.3615  0.1462
Q7U8Q6           0.5692  0.5385  0.5769  0.6000  0.5769  0.5923  0.5538  0.5692  0.5385  0.5846  0.5692  0.5615  0.5538  0.5077  0.5077  0.5077  0.3154  0.2769  0.1308  0.2231  0.2923  0.2231  0.3462  0.2846  0.1077  0.3077  0.1231  0.3231  0.3462
B0CD44           0.5462  0.5692  0.5538  0.5692  0.5538  0.5615  0.5769  0.5538  0.5385  0.5615  0.5385  0.5538  0.5462  0.5077  0.5077  0.5077  0.3000  0.2615  0.3385  0.3000  0.2615  0.3000  0.3462  0.2923  0.3231  0.3154  0.3231  0.3615  0.3385  0.3077
B2IWK7           0.5538  0.5462  0.5538  0.5462  0.5538  0.5692  0.5769  0.5462  0.5385  0.5769  0.5538  0.5692  0.5308  0.4923  0.4923  0.4923  0.2000  0.2077  0.2846  0.2231  0.1846  0.2308  0.2923  0.2615  0.2538  0.1077  0.2846  0.2923  0.2692  0.2769  0.2538
Q2JTA0           0.5615  0.5231  0.5462  0.5385  0.5462  0.5462  0.5308  0.5385  0.5308  0.5615  0.5538  0.5462  0.5077  0.4923  0.4923  0.4923  0.2846  0.3077  0.3385  0.3385  0.2462  0.3385  0.3769  0.3462  0.3308  0.3538  0.3462  0.3462  0.3615  0.3462  0.3615  0.3231
Q2JI59           0.5615  0.5231  0.5462  0.5385  0.5462  0.5462  0.5308  0.5385  0.5385  0.5615  0.5538  0.5538  0.5077  0.4846  0.4846  0.4846  0.2846  0.3000  0.3385  0.3308  0.2385  0.3308  0.3769  0.3462  0.3308  0.3462  0.3462  0.3462  0.3615  0.3538  0.3692  0.3154  0.0231
Q7V0D0           0.5769  0.5462  0.5923  0.5923  0.5923  0.6077  0.5231  0.5846  0.5615  0.5923  0.5846  0.5462  0.5154  0.5077  0.5077  0.5077  0.3077  0.3231  0.1769  0.2538  0.3077  0.2538  0.3308  0.3308  0.1462  0.3154  0.1692  0.3154  0.3308  0.1692  0.3462  0.2615  0.3538  0.3538
Q7V5X4           0.5846  0.5385  0.6000  0.5846  0.6000  0.5923  0.5846  0.5923  0.5692  0.6000  0.6000  0.5769  0.5538  0.5154  0.5154  0.5154  0.3000  0.3154  0.1462  0.2231  0.3000  0.2231  0.3308  0.3077  0.1154  0.3231  0.1077  0.3231  0.3385  0.1385  0.3231  0.2923  0.3308  0.3308  0.1769
A3YVF5           0.5846  0.5385  0.5846  0.6077  0.5846  0.6000  0.5769  0.5769  0.5615  0.6077  0.6000  0.5846  0.5308  0.5077  0.5077  0.5077  0.3000  0.2846  0.1615  0.2308  0.2923  0.2308  0.3462  0.2769  0.1231  0.3077  0.0846  0.3154  0.3385  0.1154  0.3154  0.2769  0.3077  0.3154  0.1538  0.1308
A0ZG90           0.5692  0.5615  0.5769  0.5615  0.5769  0.5846  0.5846  0.5692  0.5462  0.6077  0.5692  0.5769  0.5308  0.5231  0.5231  0.5231  0.2769  0.2692  0.3231  0.2615  0.2462  0.2615  0.3231  0.2769  0.2923  0.1692  0.3077  0.3154  0.2923  0.3077  0.3077  0.1385  0.3615  0.3538  0.3077  0.3385  0.3154
B4B6Y3           0.5538  0.5308  0.5538  0.5538  0.5538  0.5692  0.5846  0.5462  0.5385  0.6000  0.5538  0.5615  0.5231  0.5154  0.5154  0.5154  0.2923  0.3000  0.3769  0.3231  0.3308  0.3308  0.3538  0.3231  0.3615  0.3538  0.3769  0.1846  0.1615  0.3769  0.3538  0.3154  0.3615  0.3692  0.3846  0.3769  0.3692  0.3462
Q0I811           0.5923  0.5462  0.5692  0.5923  0.5692  0.5846  0.5692  0.5615  0.5615  0.5923  0.5846  0.5692  0.5385  0.5077  0.5077  0.5077  0.3000  0.2846  0.1615  0.2077  0.2769  0.2077  0.3154  0.2769  0.1154  0.2923  0.0769  0.3077  0.3231  0.1077  0.3077  0.2692  0.3077  0.3154  0.1385  0.1154  0.0769  0.3077  0.3615
Q3MH14           0.5692  0.5538  0.5769  0.5538  0.5769  0.5846  0.5769  0.5692  0.5231  0.6077  0.5769  0.5692  0.5385  0.5231  0.5231  0.5231  0.2615  0.2154  0.2923  0.2538  0.2308  0.2538  0.3077  0.2538  0.2769  0.1385  0.3000  0.2846  0.2769  0.2923  0.2769  0.1000  0.3231  0.3154  0.3000  0.3231  0.3000  0.1077  0.3231  0.3000
A2BY43           0.5769  0.5462  0.5846  0.5846  0.5846  0.6000  0.5308  0.5769  0.5538  0.5923  0.5692  0.5385  0.5154  0.5154  0.5154  0.5154  0.3308  0.3231  0.1923  0.2692  0.3231  0.2692  0.3308  0.3385  0.1615  0.3308  0.1846  0.3154  0.3308  0.1769  0.3538  0.2846  0.3462  0.3462  0.0385  0.1846  0.1692  0.3308  0.3769  0.1538  0.3154
A8G6E7           0.5846  0.5538  0.5692  0.5769  0.5692  0.5846  0.5615  0.5615  0.5692  0.5923  0.5692  0.5615  0.5231  0.5308  0.5308  0.5308  0.3462  0.3077  0.2077  0.2615  0.3385  0.2615  0.3385  0.3385  0.1769  0.3385  0.2000  0.3385  0.3615  0.2000  0.3692  0.2923  0.3538  0.3538  0.1077  0.1846  0.1846  0.3385  0.3923  0.1769  0.3077  0.0769
C7QW09           0.5538  0.5462  0.5538  0.5692  0.5538  0.5769  0.5846  0.5462  0.5538  0.6000  0.5462  0.5769  0.5385  0.5000  0.5000  0.5000  0.2769  0.2769  0.3692  0.3000  0.2846  0.3077  0.3385  0.2923  0.3462  0.3154  0.3769  0.1923  0.1769  0.3692  0.3308  0.2615  0.3462  0.3462  0.3769  0.3769  0.3692  0.3077  0.1231  0.3615  0.2692  0.3769  0.3923
B7JY22           0.5538  0.5462  0.5538  0.5692  0.5538  0.5769  0.5846  0.5462  0.5538  0.6000  0.5462  0.5769  0.5385  0.5000  0.5000  0.5000  0.2769  0.2769  0.3692  0.3000  0.2846  0.3077  0.3385  0.2923  0.3462  0.3154  0.3769  0.1923  0.1769  0.3692  0.3308  0.2615  0.3462  0.3462  0.3769  0.3769  0.3692  0.3077  0.1231  0.3615  0.2692  0.3769  0.3923  0.0000
Q8YUR4           0.5692  0.5538  0.5769  0.5538  0.5769  0.5846  0.5769  0.5692  0.5231  0.6077  0.5769  0.5692  0.5385  0.5231  0.5231  0.5231  0.2615  0.2154  0.2923  0.2538  0.2308  0.2538  0.3077  0.2538  0.2769  0.1385  0.3000  0.2846  0.2769  0.2923  0.2769  0.1000  0.3231  0.3154  0.3000  0.3231  0.3000  0.1077  0.3231  0.3000  0.0000  0.3154  0.3077  0.2692  0.2692
Q7NJG6           0.5846  0.5385  0.5923  0.5923  0.5923  0.6000  0.5692  0.5846  0.5462  0.6077  0.6000  0.5615  0.6000  0.5231  0.5231  0.5231  0.3692  0.3538  0.4154  0.4385  0.3154  0.4385  0.4385  0.4000  0.4308  0.4000  0.4000  0.4385  0.4231  0.4000  0.3538  0.3538  0.3769  0.3846  0.4231  0.4154  0.4077  0.4000  0.4462  0.4000  0.3462  0.4308  0.4308  0.4385  0.4385  0.3462
A3PEH0           0.5846  0.5385  0.5615  0.5769  0.5615  0.5769  0.5615  0.5538  0.5692  0.5846  0.5692  0.5615  0.5308  0.5231  0.5231  0.5231  0.3385  0.3077  0.2000  0.2615  0.3308  0.2615  0.3462  0.3385  0.1692  0.3308  0.1923  0.3308  0.3538  0.2000  0.3692  0.2923  0.3538  0.3538  0.1231  0.1769  0.1615  0.3231  0.4000  0.1692  0.3231  0.1077  0.0538  0.3923  0.3923  0.3231  0.4385
A4CRC7           0.6000  0.5538  0.5769  0.5923  0.5769  0.5923  0.5692  0.5692  0.5615  0.6000  0.5923  0.5692  0.5385  0.5154  0.5154  0.5154  0.3154  0.2923  0.1615  0.2154  0.3077  0.2154  0.3231  0.3000  0.1154  0.3154  0.0923  0.3231  0.3308  0.1077  0.3231  0.2769  0.3231  0.3308  0.1462  0.1077  0.0923  0.3154  0.3538  0.0462  0.3000  0.1615  0.1692  0.3615  0.3615  0.3000  0.4154  0.1615
B7KKQ1           0.5615  0.5385  0.5692  0.5769  0.5692  0.5769  0.5769  0.5615  0.5462  0.6077  0.5615  0.5538  0.5308  0.5077  0.5077  0.5077  0.2846  0.2846  0.3692  0.3308  0.3154  0.3385  0.3462  0.3154  0.3692  0.3462  0.3846  0.1846  0.1692  0.3769  0.3462  0.3077  0.3538  0.3615  0.3692  0.3846  0.3692  0.3462  0.0769  0.3692  0.3154  0.3615  0.3923  0.1231  0.1231  0.3154  0.4308  0.3923  0.3615
Q05YF1           0.5923  0.5692  0.5846  0.5846  0.5846  0.6077  0.6000  0.5769  0.5615  0.6154  0.5923  0.5846  0.5538  0.5154  0.5154  0.5154  0.3615  0.3385  0.1846  0.2692  0.3462  0.2692  0.3385  0.3154  0.1615  0.3692  0.1077  0.3462  0.3769  0.1462  0.3462  0.3385  0.3615  0.3692  0.2154  0.1385  0.1231  0.3308  0.3923  0.1000  0.3308  0.2231  0.2231  0.4077  0.4077  0.3308  0.4308  0.2154  0.0923  0.3923
A2C743           0.5846  0.5385  0.6000  0.5846  0.6000  0.5923  0.5846  0.5923  0.5692  0.6000  0.6000  0.5769  0.5538  0.5154  0.5154  0.5154  0.3000  0.3154  0.1462  0.2231  0.3000  0.2231  0.3308  0.3077  0.1154  0.3231  0.1077  0.3231  0.3385  0.1385  0.3231  0.2923  0.3308  0.3308  0.1769  0.0000  0.1308  0.3385  0.3769  0.1154  0.3231  0.1846  0.1846  0.3769  0.3769  0.3231  0.4154  0.1769  0.1077  0.3846  0.1385
A2BSQ8           0.5769  0.5538  0.5615  0.5692  0.5615  0.5769  0.5538  0.5538  0.5615  0.5846  0.5692  0.5538  0.5308  0.5154  0.5154  0.5154  0.3385  0.3000  0.2000  0.2538  0.3385  0.2538  0.3538  0.3308  0.1692  0.3385  0.2000  0.3308  0.3538  0.2000  0.3615  0.2923  0.3538  0.3462  0.1000  0.1846  0.1692  0.3308  0.4000  0.1692  0.3231  0.0846  0.0462  0.3923  0.3923  0.3231  0.4308  0.0385  0.1692  0.4000  0.2231  0.1846
B1XLC7           0.5846  0.5538  0.5769  0.5769  0.5769  0.5923  0.6154  0.5692  0.5538  0.5846  0.5615  0.5923  0.5077  0.5231  0.5231  0.5231  0.3308  0.3077  0.3846  0.3462  0.3462  0.3615  0.3462  0.3077  0.3769  0.3308  0.3769  0.2923  0.2846  0.4000  0.4077  0.3077  0.3846  0.3923  0.4000  0.4154  0.3692  0.3308  0.2692  0.3385  0.3385  0.4000  0.4077  0.2385  0.2385  0.3385  0.4769  0.4077  0.3538  0.2769  0.3769  0.4154  0.4154
Q3AZF3           0.5846  0.5615  0.5923  0.6077  0.5923  0.5923  0.5538  0.5846  0.5692  0.6000  0.6000  0.5615  0.5615  0.5231  0.5231  0.5231  0.3308  0.3000  0.1615  0.2615  0.3385  0.2615  0.3615  0.3077  0.1538  0.3538  0.1538  0.3462  0.3615  0.1000  0.3231  0.3231  0.3615  0.3692  0.2077  0.1538  0.1385  0.3154  0.3769  0.1462  0.3231  0.2154  0.2231  0.3923  0.3923  0.3231  0.4231  0.2154  0.1385  0.3769  0.1538  0.1538  0.2154  0.4000
Q4C1Q5           0.5615  0.5615  0.5846  0.6000  0.5846  0.6077  0.6154  0.5846  0.5692  0.6154  0.5615  0.5769  0.5308  0.5308  0.5308  0.5308  0.3077  0.3231  0.3692  0.3385  0.3231  0.3462  0.3538  0.3462  0.3615  0.3385  0.3846  0.2154  0.1923  0.3769  0.3385  0.3000  0.3846  0.3846  0.3692  0.4000  0.3769  0.3154  0.1615  0.3769  0.2923  0.3692  0.3846  0.1615  0.1615  0.2923  0.4462  0.3923  0.3692  0.1462  0.4077  0.4000  0.3923  0.3077  0.3846
Q064Y4           0.5846  0.5615  0.5923  0.6077  0.5923  0.5923  0.5538  0.5846  0.5692  0.6000  0.6000  0.5615  0.5615  0.5308  0.5308  0.5308  0.3385  0.3077  0.1692  0.2538  0.3462  0.2615  0.3692  0.3154  0.1615  0.3615  0.1615  0.3385  0.3692  0.1077  0.3308  0.3308  0.3692  0.3769  0.2154  0.1615  0.1462  0.3231  0.3692  0.1538  0.3308  0.2231  0.2308  0.3846  0.3846  0.3308  0.4308  0.2231  0.1462  0.3692  0.1615  0.1615  0.2231  0.3923  0.0077  0.3769
Q3AHS6           0.5923  0.5615  0.6000  0.6154  0.6000  0.6154  0.5462  0.5923  0.5615  0.6000  0.6000  0.5538  0.5615  0.5308  0.5308  0.5308  0.3308  0.2846  0.1692  0.2308  0.3154  0.2308  0.3538  0.3077  0.1308  0.3154  0.1385  0.3385  0.3462  0.0615  0.3077  0.2846  0.3615  0.3692  0.1615  0.1538  0.1154  0.3077  0.3846  0.1077  0.2923  0.1692  0.1923  0.3769  0.3769  0.2923  0.4308  0.1923  0.1000  0.3846  0.1462  0.1538  0.1923  0.3923  0.0846  0.3769  0.0923
Q319F1           0.5846  0.5462  0.5538  0.5692  0.5538  0.5692  0.5615  0.5462  0.5692  0.5846  0.5615  0.5615  0.5385  0.5308  0.5308  0.5308  0.3462  0.3077  0.2077  0.2769  0.3385  0.2769  0.3385  0.3385  0.1846  0.3308  0.2077  0.3308  0.3538  0.2154  0.3769  0.2923  0.3538  0.3462  0.1154  0.2077  0.1923  0.3308  0.3923  0.1769  0.3231  0.0846  0.0462  0.3923  0.3923  0.3231  0.4385  0.0385  0.1923  0.3846  0.2462  0.2077  0.0308  0.4154  0.2308  0.3846  0.2385  0.2077
A5GN68           0.6077  0.5615  0.5846  0.5923  0.5846  0.5846  0.5769  0.5769  0.5615  0.6077  0.6000  0.5769  0.5462  0.5231  0.5231  0.5231  0.3077  0.3000  0.1615  0.2231  0.3077  0.2231  0.3308  0.3077  0.1154  0.3231  0.0846  0.3154  0.3385  0.1231  0.3385  0.2846  0.3308  0.3308  0.1462  0.0923  0.1000  0.3231  0.3692  0.0538  0.3000  0.1615  0.1692  0.3692  0.3692  0.3000  0.4308  0.1615  0.0308  0.3769  0.0923  0.0923  0.1692  0.3692  0.1385  0.3769  0.1462  0.1154  0.1923
A3IH62           0.5692  0.5615  0.6000  0.6154  0.6000  0.6154  0.6154  0.5923  0.5615  0.6231  0.5538  0.5923  0.5462  0.5231  0.5231  0.5231  0.3385  0.3154  0.3692  0.3385  0.3462  0.3462  0.3769  0.3231  0.3615  0.3308  0.3692  0.2154  0.2000  0.3538  0.3385  0.2846  0.3692  0.3692  0.3692  0.3923  0.3538  0.3154  0.1538  0.3769  0.2769  0.3615  0.3923  0.1385  0.1385  0.2769  0.4538  0.4000  0.3692  0.1462  0.4000  0.3923  0.4000  0.2692  0.3846  0.0923  0.3769  0.3615  0.3923  0.3769
A3Z675           0.6000  0.5538  0.5923  0.5923  0.5923  0.5923  0.5769  0.5846  0.5538  0.6154  0.6077  0.5846  0.5538  0.5154  0.5154  0.5154  0.3154  0.3000  0.1538  0.2385  0.3077  0.2385  0.3538  0.2923  0.1154  0.3308  0.0769  0.3154  0.3538  0.1077  0.3385  0.3000  0.3308  0.3308  0.1615  0.0846  0.1000  0.3308  0.3923  0.0692  0.3000  0.1692  0.1769  0.3846  0.3846  0.3000  0.4077  0.1692  0.0692  0.4000  0.0846  0.0846  0.1769  0.3923  0.1308  0.4000  0.1385  0.1154  0.1923  0.0385  0.3846
B1WTC2           0.5692  0.5692  0.5923  0.6077  0.5923  0.6077  0.6231  0.5846  0.5846  0.6154  0.5615  0.6000  0.5385  0.5308  0.5308  0.5308  0.3308  0.3154  0.3846  0.3462  0.3385  0.3538  0.3692  0.3308  0.3692  0.3385  0.3846  0.2154  0.1923  0.3769  0.3538  0.2923  0.3769  0.3769  0.3769  0.4077  0.3692  0.3231  0.1462  0.3769  0.2923  0.3769  0.3923  0.1308  0.1308  0.2923  0.4615  0.4000  0.3692  0.1385  0.4154  0.4077  0.4000  0.2692  0.3923  0.0846  0.3846  0.3769  0.3923  0.3769  0.0231  0.4000
Q46JD0           0.6000  0.5462  0.6000  0.5923  0.6000  0.6077  0.5846  0.5923  0.5538  0.5923  0.6000  0.5769  0.5385  0.5231  0.5231  0.5231  0.3308  0.3385  0.1308  0.2538  0.3385  0.2538  0.3385  0.3462  0.1077  0.3385  0.1615  0.3308  0.3615  0.1538  0.3538  0.3000  0.3538  0.3615  0.1615  0.1385  0.1462  0.3385  0.3846  0.1385  0.3154  0.1769  0.1923  0.3923  0.3923  0.3154  0.4538  0.1846  0.1077  0.3846  0.1308  0.1385  0.1923  0.3923  0.1923  0.3846  0.2000  0.1538  0.2154  0.1154  0.4000  0.1308  0.4077
A2C4A9           0.6000  0.5462  0.6000  0.5923  0.6000  0.6077  0.5846  0.5923  0.5538  0.5923  0.6000  0.5769  0.5385  0.5231  0.5231  0.5231  0.3308  0.3385  0.1308  0.2538  0.3385  0.2538  0.3385  0.3462  0.1077  0.3385  0.1615  0.3308  0.3615  0.1538  0.3538  0.3000  0.3538  0.3615  0.1615  0.1385  0.1462  0.3385  0.3846  0.1385  0.3154  0.1769  0.1923  0.3923  0.3923  0.3154  0.4538  0.1846  0.1077  0.3846  0.1308  0.1385  0.1923  0.3923  0.1923  0.3846  0.2000  0.1538  0.2154  0.1154  0.4000  0.1308  0.4077  0.0000


TREE #  1:  (8, (5, 3), (6, (4, (1, (10, (((9, (11, ((16, (15, 14)), (31, (((26, (32, (38, (41, 46)))), (17, (21, (47, (33, 34))))), ((54, (((39, 50), ((44, 45), (56, (61, 63)))), (28, 29))), ((23, ((20, 22), ((35, (42, (43, (59, (53, 48))))), (((64, 65), (19, 25)), ((36, 52), ((30, (58, (55, 57))), ((27, 37), (62, (51, (40, (49, 60))))))))))), (18, 24)))))))), (7, (12, 13))), 2))))));   MP score: 865
lnL(ntime: 63  np: 64):  -5067.050510      +0.000000
  66..8    66..67   67..5    67..3    66..68   68..6    68..69   69..4    69..70   70..1    70..71   71..10   71..72   72..73   73..74   74..9    74..75   75..11   75..76   76..77   77..16   77..78   78..15   78..14   76..79   79..31   79..80   80..81   81..82   82..26   82..83   83..32   83..84   84..38   84..85   85..41   85..46   81..86   86..17   86..87   87..21   87..88   88..47   88..89   89..33   89..34   80..90   90..91   91..54   91..92   92..93   93..94   94..39   94..50   93..95   95..96   96..44   96..45   95..97   97..56   97..98   98..61   98..63   92..99   99..28   99..29   90..100 100..101 101..23  101..102 102..103 103..20  103..22  102..104 104..105 105..35  105..106 106..42  106..107 107..43  107..108 108..59  108..109 109..53  109..48  104..110 110..111 111..112 112..64  112..65  111..113 113..19  113..25  110..114 114..115 115..36  115..52  114..116 116..117 117..30  117..118 118..58  118..119 119..55  119..57  116..120 120..121 121..27  121..37  120..122 122..62  122..123 123..51  123..124 124..40  124..125 125..49  125..60  100..126 126..18  126..24   73..127 127..7   127..128 128..12  128..13   72..2  
 0.444621 0.006212 0.444620 0.444620 0.398280 0.392906 0.388518 0.383928 0.376499 0.376498 0.308043 0.000000 0.000000 0.244577 0.234590 0.216632 0.097165 0.097165 0.054025 0.000000 0.194930 0.181484 0.165755 0.010411 0.227688 0.178142 0.122707 0.090084 0.048215 0.078208 0.000000 0.038131 0.015006 0.098443 0.227245 0.217279 0.172902 0.009081 0.122578 0.063966 0.050419 0.025217 0.016268 0.012601 0.105046 0.085627 0.000000 0.063129 0.098629 0.000000 0.080461 0.043687 0.037401 0.002746 0.068712 0.049978 0.048967 0.048967 0.030516 0.020260 0.142009 0.290869 0.227208 0.831095

tree length =   9.60912

(8: 0.444621, (5: 0.006212, 3: 0.006212): 0.438409, (6: 0.444620, (4: 0.444620, (1: 0.398280, (10: 0.392906, (((9: 0.376499, (11: 0.376498, ((16: 0.000000, (15: 0.000000, 14: 0.000000): 0.000000): 0.308043, (31: 0.244577, (((26: 0.097165, (32: 0.097165, (38: 0.054025, (41: 0.000000, 46: 0.000000): 0.054025): 0.043139): 0.000000): 0.119467, (17: 0.194930, (21: 0.181484, (47: 0.165755, (33: 0.010411, 34: 0.010411): 0.155344): 0.015729): 0.013446): 0.021702): 0.017958, ((54: 0.178142, (((39: 0.048215, 50: 0.048215): 0.041868, ((44: 0.000000, 45: 0.000000): 0.078208, (56: 0.038131, (61: 0.015006, 63: 0.015006): 0.023125): 0.040077): 0.011876): 0.032623, (28: 0.098443, 29: 0.098443): 0.024265): 0.055434): 0.049546, ((23: 0.217279, ((20: 0.009081, 22: 0.009081): 0.163821, ((35: 0.063966, (42: 0.050419, (43: 0.025217, (59: 0.016268, (53: 0.012601, 48: 0.012601): 0.003667): 0.008949): 0.025202): 0.013547): 0.058612, (((64: 0.000000, 65: 0.000000): 0.085627, (19: 0.063129, 25: 0.063129): 0.022499): 0.019419, ((36: 0.000000, 52: 0.000000): 0.098629, ((30: 0.043687, (58: 0.037401, (55: 0.002746, 57: 0.002746): 0.034655): 0.006286): 0.036773, ((27: 0.049978, 37: 0.049978): 0.018734, (62: 0.048967, (51: 0.048967, (40: 0.030516, (49: 0.020260, 60: 0.020260): 0.010256): 0.018451): 0.000000): 0.019745): 0.011749): 0.018168): 0.006418): 0.017532): 0.050324): 0.044377): 0.009966, (18: 0.142009, 24: 0.142009): 0.085236): 0.000443): 0.006903): 0.009987): 0.063466): 0.068455): 0.000000): 0.007429, (7: 0.290869, (12: 0.227208, 13: 0.227208): 0.063661): 0.093059): 0.004591, 2: 0.388518): 0.004388): 0.005374): 0.046339): 0.000000): 0.000000);

(Q4HGA6: 0.444621, (A8FK62: 0.006212, A7H598: 0.006212): 0.438409, (Q4HQA3: 0.444620, (B9KDS7: 0.444620, (A8EWV6: 0.398280, (Q30QJ2: 0.392906, (((A6Q9A8: 0.376499, (B9L771: 0.376498, ((B7LW77: 0.000000, (P0A6Q6: 0.000000, B7MP40: 0.000000): 0.000000): 0.308043, (B0CD44: 0.244577, (((B9YJP6: 0.097165, (B2IWK7: 0.097165, (A0ZG90: 0.054025, (Q3MH14: 0.000000, Q8YUR4: 0.000000): 0.054025): 0.043139): 0.000000): 0.119467, (Q8DI01: 0.194930, (B8HK59: 0.181484, (Q7NJG6: 0.165755, (Q2JTA0: 0.010411, Q2JI59: 0.010411): 0.155344): 0.015729): 0.013446): 0.021702): 0.017958, ((B1XLC7: 0.178142, (((B4B6Y3: 0.048215, B7KKQ1: 0.048215): 0.041868, ((C7QW09: 0.000000, B7JY22: 0.000000): 0.078208, (Q4C1Q5: 0.038131, (A3IH62: 0.015006, B1WTC2: 0.015006): 0.023125): 0.040077): 0.011876): 0.032623, (P73848: 0.098443, B0JIT3: 0.098443): 0.024265): 0.055434): 0.049546, ((Q10ZA2: 0.217279, ((Q31PQ9: 0.009081, Q5N4G7: 0.009081): 0.163821, ((Q7V0D0: 0.063966, (A2BY43: 0.050419, (A8G6E7: 0.025217, (Q319F1: 0.016268, (A2BSQ8: 0.012601, A3PEH0: 0.012601): 0.003667): 0.008949): 0.025202): 0.013547): 0.058612, (((Q46JD0: 0.000000, A2C4A9: 0.000000): 0.085627, (Q7TV98: 0.063129, A9BBV9: 0.063129): 0.022499): 0.019419, ((Q7V5X4: 0.000000, A2C743: 0.000000): 0.098629, ((Q7U8Q6: 0.043687, (Q3AHS6: 0.037401, (Q3AZF3: 0.002746, Q064Y4: 0.002746): 0.034655): 0.006286): 0.036773, ((A5GV11: 0.049978, A3YVF5: 0.049978): 0.018734, (A3Z675: 0.048967, (Q05YF1: 0.048967, (Q0I811: 0.030516, (A4CRC7: 0.020260, A5GN68: 0.020260): 0.010256): 0.018451): 0.000000): 0.019745): 0.011749): 0.018168): 0.006418): 0.017532): 0.050324): 0.044377): 0.009966, (B5W104: 0.142009, A0YWN2: 0.142009): 0.085236): 0.000443): 0.006903): 0.009987): 0.063466): 0.068455): 0.000000): 0.007429, (D1AZ84: 0.290869, (Q7MAS2: 0.227208, O25928: 0.227208): 0.063661): 0.093059): 0.004591, A6Q2E5: 0.388518): 0.004388): 0.005374): 0.046339): 0.000000): 0.000000);

(8_Q4HGA6, (5_A8FK62, 3_A7H598) 67 , (6_Q4HQA3, (4_B9KDS7, (1_A8EWV6, (10_Q30QJ2, (((9_A6Q9A8, (11_B9L771, ((16_B7LW77, (15_P0A6Q6, 14_B7MP40) 78 ) 77 , (31_B0CD44, (((26_B9YJP6, (32_B2IWK7, (38_A0ZG90, (41_Q3MH14, 46_Q8YUR4) 85 ) 84 ) 83 ) 82 , (17_Q8DI01, (21_B8HK59, (47_Q7NJG6, (33_Q2JTA0, 34_Q2JI59) 89 ) 88 ) 87 ) 86 ) 81 , ((54_B1XLC7, (((39_B4B6Y3, 50_B7KKQ1) 94 , ((44_C7QW09, 45_B7JY22) 96 , (56_Q4C1Q5, (61_A3IH62, 63_B1WTC2) 98 ) 97 ) 95 ) 93 , (28_P73848, 29_B0JIT3) 99 ) 92 ) 91 , ((23_Q10ZA2, ((20_Q31PQ9, 22_Q5N4G7) 103 , ((35_Q7V0D0, (42_A2BY43, (43_A8G6E7, (59_Q319F1, (53_A2BSQ8, 48_A3PEH0) 109 ) 108 ) 107 ) 106 ) 105 , (((64_Q46JD0, 65_A2C4A9) 112 , (19_Q7TV98, 25_A9BBV9) 113 ) 111 , ((36_Q7V5X4, 52_A2C743) 115 , ((30_Q7U8Q6, (58_Q3AHS6, (55_Q3AZF3, 57_Q064Y4) 119 ) 118 ) 117 , ((27_A5GV11, 37_A3YVF5) 121 , (62_A3Z675, (51_Q05YF1, (40_Q0I811, (49_A4CRC7, 60_A5GN68) 125 ) 124 ) 123 ) 122 ) 120 ) 116 ) 114 ) 110 ) 104 ) 102 ) 101 , (18_B5W104, 24_A0YWN2) 126 ) 100 ) 90 ) 80 ) 79 ) 76 ) 75 ) 74 , (7_D1AZ84, (12_Q7MAS2, 13_O25928) 128 ) 127 ) 73 , 2_A6Q2E5) 72 ) 71 ) 70 ) 69 ) 68 ) 66 ;

Detailed output identifying parameters

alpha (gamma, K = 4) =  0.83109
rate:   0.10216  0.41936  0.96521  2.51327
freq:   0.25000  0.25000  0.25000  0.25000

Time used:  4:14
