AAML (in paml version 4.6, August 2012)  309.aa
Model: Empirical for branches,  Global clock  (../../../bin/LG.dat) dGamma (ncatG=4) ns =  65  ls = 194


Frequencies..
                                    A      R      N      D      C      Q      E      G      H      I      L      K      M      F      P      S      T      W      Y      V
A8EWH7                         0.05670 0.02577 0.06701 0.05155 0.01546 0.02062 0.08247 0.06701 0.01031 0.10825 0.07216 0.10825 0.00515 0.07216 0.02062 0.07216 0.03608 0.00000 0.05670 0.05155
Q30TG0                         0.07732 0.03093 0.05155 0.02062 0.00515 0.03093 0.09278 0.07732 0.02062 0.05670 0.10825 0.06186 0.01031 0.07732 0.03608 0.08247 0.03093 0.00000 0.05670 0.07216
A6Q523                         0.07216 0.02577 0.03608 0.04124 0.01031 0.04124 0.07732 0.07732 0.02577 0.07732 0.09278 0.08763 0.01546 0.05670 0.04124 0.06186 0.05155 0.00000 0.03608 0.07216
D1B3H5                         0.08247 0.04124 0.04124 0.03093 0.01546 0.02577 0.06701 0.08247 0.03608 0.02577 0.11856 0.06186 0.02577 0.07216 0.02577 0.07732 0.04124 0.00000 0.03608 0.09278
B9L8F3                         0.04124 0.04639 0.05155 0.07732 0.00515 0.00515 0.08763 0.08247 0.01546 0.08763 0.09278 0.06701 0.02062 0.06701 0.04639 0.06701 0.03093 0.00000 0.05155 0.05670
A6Q782                         0.07216 0.03093 0.03608 0.05670 0.01031 0.02062 0.05155 0.08763 0.02062 0.04124 0.11856 0.05670 0.01031 0.07732 0.06186 0.07732 0.07216 0.00000 0.03608 0.06186
Q7MS13                         0.09278 0.05155 0.03093 0.01546 0.00000 0.02062 0.12371 0.09794 0.01031 0.05670 0.12371 0.03608 0.02062 0.06701 0.04639 0.09794 0.02062 0.01031 0.03093 0.04639
A8FMF7                         0.03608 0.01031 0.05670 0.05670 0.02577 0.04124 0.07216 0.05670 0.01031 0.06701 0.17526 0.09794 0.01031 0.06701 0.02062 0.09794 0.03608 0.00515 0.02577 0.03093
A7H2Q3                         0.03608 0.01546 0.06186 0.05670 0.02577 0.04124 0.07216 0.05670 0.00515 0.06701 0.17010 0.09278 0.01031 0.06701 0.02062 0.09794 0.03608 0.00515 0.02577 0.03608
Q4HSC5                         0.05670 0.02062 0.06701 0.04639 0.03093 0.00000 0.09278 0.06186 0.01031 0.06186 0.15979 0.10825 0.02577 0.07216 0.02062 0.07732 0.01546 0.00000 0.02577 0.04639
Q4HGP8                         0.02577 0.01546 0.06186 0.04124 0.03093 0.03093 0.08763 0.05670 0.01546 0.07732 0.15464 0.08247 0.01031 0.07732 0.02577 0.08247 0.05155 0.00515 0.02062 0.04639
B9KCU2                         0.04639 0.00515 0.04639 0.06701 0.02062 0.04124 0.06186 0.07732 0.01031 0.08763 0.13402 0.09794 0.01031 0.07732 0.02062 0.08247 0.04639 0.00000 0.02577 0.04124
O25984                         0.07216 0.02062 0.05670 0.04639 0.01546 0.03093 0.08247 0.07216 0.02062 0.06186 0.14433 0.09278 0.01031 0.06701 0.01546 0.07732 0.04124 0.00515 0.03093 0.03608
A2C1Z6                         0.04639 0.02577 0.05670 0.06701 0.01546 0.03608 0.06186 0.07732 0.00515 0.09794 0.13918 0.10825 0.02062 0.03093 0.03608 0.09278 0.02577 0.01031 0.00515 0.04124
Q46L57                         0.05155 0.02577 0.06186 0.06186 0.01546 0.03608 0.06186 0.07732 0.00515 0.09794 0.13918 0.10825 0.02577 0.03093 0.03608 0.08763 0.02062 0.01031 0.00515 0.04124
B5W4A6                         0.11340 0.04639 0.03608 0.05155 0.00515 0.03608 0.04639 0.08763 0.01546 0.08763 0.13402 0.02062 0.03093 0.02062 0.05155 0.07216 0.05155 0.01031 0.01546 0.06701
Q7NPF3                         0.12887 0.05670 0.02062 0.04124 0.01031 0.04639 0.04639 0.08247 0.02577 0.03093 0.15979 0.01546 0.02062 0.01546 0.05670 0.06186 0.05155 0.01031 0.01031 0.10825
B1XK39                         0.08247 0.04124 0.03093 0.05155 0.02062 0.04639 0.05155 0.10309 0.02062 0.07216 0.13402 0.02062 0.03093 0.02062 0.05670 0.04639 0.05670 0.01031 0.02577 0.07732
A2BWR1                         0.06186 0.01031 0.09278 0.07216 0.01546 0.01546 0.05670 0.08247 0.00515 0.12371 0.11340 0.09794 0.02062 0.05155 0.02062 0.07216 0.02577 0.00515 0.03093 0.02577
A2BR01                         0.06701 0.02062 0.09278 0.05670 0.02062 0.02577 0.06701 0.08247 0.00515 0.08763 0.15464 0.06701 0.01546 0.04124 0.02062 0.07732 0.03608 0.00515 0.02062 0.03608
Q31B18                         0.06186 0.02062 0.09794 0.05155 0.02062 0.02577 0.06701 0.08763 0.00515 0.08247 0.15464 0.06701 0.01546 0.04124 0.02062 0.08763 0.02577 0.00515 0.02062 0.04124
Q2JLP6                         0.13918 0.04639 0.01546 0.02577 0.01031 0.05670 0.06186 0.10825 0.03093 0.05155 0.16495 0.02577 0.01546 0.01031 0.04124 0.05670 0.03608 0.01546 0.02062 0.06701
P72663                         0.11856 0.04639 0.02577 0.05670 0.01546 0.04639 0.03608 0.09794 0.03093 0.06701 0.14433 0.02062 0.02577 0.01546 0.05155 0.05670 0.05670 0.01031 0.01031 0.06701
Q7U7D2                         0.11856 0.07216 0.02062 0.05155 0.02062 0.05155 0.05155 0.09278 0.01546 0.03093 0.15464 0.01031 0.02062 0.03608 0.06186 0.08247 0.02577 0.01546 0.00515 0.06186
A3PCS4                         0.06186 0.02062 0.10309 0.05155 0.02062 0.02062 0.06186 0.08763 0.01031 0.08763 0.15464 0.06701 0.01546 0.04639 0.02062 0.07732 0.03093 0.00515 0.02062 0.03608
Q7V1E2                         0.06186 0.01546 0.08247 0.05670 0.01546 0.01546 0.05670 0.08247 0.00515 0.11856 0.11340 0.10309 0.02062 0.05155 0.02062 0.07732 0.02577 0.00515 0.03608 0.03608
Q8DLJ1                         0.11856 0.04639 0.03093 0.03608 0.01546 0.07216 0.04639 0.09278 0.01546 0.04124 0.18557 0.03608 0.02577 0.01546 0.04639 0.03093 0.04124 0.01031 0.02577 0.06701
C7QMB6                         0.07216 0.04124 0.02577 0.05670 0.01546 0.04639 0.06701 0.10309 0.02577 0.05155 0.15464 0.03608 0.02577 0.01546 0.05670 0.04124 0.05670 0.01031 0.02577 0.07216
B7K0T8                         0.07216 0.04124 0.02577 0.05670 0.01546 0.04639 0.06701 0.10309 0.02577 0.05155 0.15464 0.03608 0.02577 0.01546 0.05670 0.04124 0.05670 0.01031 0.02577 0.07216
B9YR33                         0.10825 0.03608 0.02577 0.03608 0.01031 0.04124 0.05670 0.08763 0.02062 0.07216 0.14433 0.03608 0.02577 0.01031 0.04639 0.07216 0.05155 0.01031 0.03093 0.07732
Q5N2S7                         0.09794 0.06701 0.01031 0.04124 0.01546 0.06701 0.06186 0.11856 0.01546 0.04639 0.15464 0.01546 0.02062 0.04124 0.05670 0.06701 0.03093 0.00515 0.01031 0.05670
Q31RH7                         0.09794 0.06701 0.01031 0.04124 0.01546 0.06701 0.06186 0.11856 0.01546 0.04639 0.15464 0.01546 0.02062 0.04124 0.05670 0.06701 0.03093 0.00515 0.01031 0.05670
Q2JQU4                         0.12887 0.06186 0.01546 0.02577 0.01031 0.06701 0.05670 0.10825 0.02577 0.05155 0.17526 0.01546 0.01546 0.01031 0.04124 0.05155 0.03608 0.01546 0.01546 0.07216
A0YKB4                         0.12371 0.03608 0.01546 0.05155 0.01031 0.05155 0.05155 0.09278 0.02062 0.06701 0.14433 0.03608 0.02577 0.01546 0.04639 0.05670 0.05155 0.01031 0.02062 0.07216
Q4BZL7                         0.07216 0.03093 0.04124 0.05155 0.01546 0.05670 0.05155 0.09794 0.02062 0.06701 0.13918 0.04124 0.02062 0.01546 0.04124 0.05670 0.06701 0.01031 0.02577 0.07732
Q3AKD9                         0.12371 0.06186 0.02062 0.07216 0.02577 0.04124 0.04124 0.09794 0.01546 0.02577 0.15979 0.01546 0.02577 0.03093 0.05155 0.08247 0.03093 0.01546 0.00515 0.05670
Q3M3F2                         0.08247 0.03608 0.02577 0.03608 0.01546 0.03093 0.06701 0.09278 0.03608 0.06701 0.13918 0.04124 0.02062 0.01031 0.04639 0.07732 0.04639 0.01031 0.02577 0.09278
B7K961                         0.08763 0.05155 0.02062 0.04639 0.01546 0.05155 0.04639 0.09794 0.02062 0.06701 0.14433 0.02577 0.02577 0.01546 0.05670 0.05155 0.06186 0.01031 0.03608 0.06701
Q10VR1                         0.09278 0.04639 0.03093 0.03093 0.01031 0.01546 0.06701 0.09278 0.02577 0.07216 0.14433 0.04124 0.04124 0.01031 0.04639 0.08247 0.04639 0.01031 0.03093 0.06186
Q8YS61                         0.07732 0.04124 0.02577 0.03608 0.01546 0.02577 0.06701 0.09278 0.04639 0.06186 0.13918 0.03093 0.02062 0.01031 0.04639 0.08247 0.04639 0.01031 0.02577 0.09794
A8G4P2                         0.06186 0.02062 0.09278 0.05670 0.02062 0.02577 0.05670 0.08247 0.00515 0.09278 0.14433 0.06701 0.01546 0.05155 0.02062 0.08247 0.04124 0.00515 0.01546 0.04124
A9B9Y1                         0.09278 0.04124 0.04124 0.05155 0.02062 0.02577 0.06186 0.09278 0.00515 0.06701 0.13402 0.05155 0.02062 0.03608 0.05670 0.09278 0.02062 0.01546 0.01031 0.06186
B0JNB0                         0.08763 0.05155 0.01546 0.04124 0.02577 0.02577 0.05670 0.08247 0.03093 0.06701 0.13918 0.02577 0.02577 0.03608 0.05670 0.05155 0.07216 0.01031 0.01546 0.08247
A0ZGT0                         0.12887 0.04124 0.03093 0.03093 0.01031 0.03093 0.05670 0.08247 0.01546 0.07216 0.13918 0.05670 0.02062 0.01031 0.04639 0.06186 0.05155 0.01031 0.02577 0.07732
A5GTK8                         0.13918 0.04639 0.03608 0.04639 0.01546 0.05155 0.04124 0.09278 0.01546 0.02577 0.19588 0.02062 0.01546 0.02062 0.04639 0.08247 0.02577 0.01031 0.01546 0.05670
B0CC88                         0.10825 0.03608 0.01546 0.05155 0.01031 0.04639 0.05670 0.10309 0.02577 0.05155 0.14948 0.04124 0.03093 0.02062 0.05670 0.04639 0.04124 0.01031 0.02577 0.07216
B2J0A5                         0.09278 0.05155 0.02062 0.03608 0.01031 0.04124 0.05670 0.10309 0.02577 0.05670 0.13402 0.03608 0.02062 0.01546 0.05155 0.06701 0.05155 0.01031 0.02577 0.09278
Q7VCH6                         0.06701 0.02577 0.04124 0.04639 0.02062 0.03608 0.06701 0.10309 0.01031 0.07216 0.13402 0.06186 0.02062 0.05155 0.05670 0.07732 0.03608 0.01546 0.00515 0.05155
B7LSI2                         0.08763 0.05670 0.03608 0.05670 0.02062 0.02062 0.05670 0.10309 0.01546 0.05670 0.13402 0.02577 0.01546 0.04639 0.04124 0.05155 0.06186 0.01031 0.02062 0.08247
B7MTZ2                         0.08763 0.05670 0.03093 0.05670 0.02062 0.02062 0.05670 0.10309 0.02062 0.05670 0.12887 0.02577 0.02062 0.04639 0.04124 0.05155 0.06186 0.01031 0.02062 0.08247
P62615                         0.08763 0.05670 0.03093 0.05670 0.02062 0.02062 0.05670 0.10309 0.02062 0.05670 0.12887 0.02577 0.02062 0.04639 0.04124 0.05155 0.06186 0.01031 0.02062 0.08247
B4B2K9                         0.09794 0.03608 0.03093 0.05155 0.02062 0.06186 0.05155 0.09278 0.01546 0.06186 0.16495 0.02577 0.02062 0.01031 0.04124 0.05155 0.06186 0.01031 0.02577 0.06701
B8HU41                         0.07732 0.04124 0.02062 0.04124 0.01031 0.08247 0.04124 0.09794 0.03093 0.03608 0.18041 0.02577 0.02577 0.01031 0.05670 0.05670 0.04124 0.01546 0.03093 0.07732
A3YZU8                         0.10309 0.06186 0.02062 0.04124 0.01546 0.05670 0.05670 0.12371 0.01546 0.03093 0.18041 0.01031 0.02062 0.02577 0.06701 0.06186 0.02577 0.01031 0.00515 0.06701
Q7V7W1                         0.09278 0.06186 0.03608 0.04124 0.02062 0.05155 0.05670 0.11340 0.01546 0.03093 0.15464 0.01546 0.02577 0.04124 0.04124 0.09794 0.02062 0.01546 0.00515 0.06186
A2CA52                         0.10309 0.05155 0.03608 0.04124 0.02062 0.05670 0.05155 0.11340 0.02062 0.03093 0.15464 0.01546 0.02577 0.04639 0.04124 0.08763 0.02062 0.01546 0.00515 0.06186
A3IMJ9                         0.07216 0.03608 0.03093 0.05155 0.01546 0.07732 0.05155 0.09278 0.02062 0.07732 0.13918 0.03093 0.02062 0.01546 0.05155 0.04639 0.05670 0.01031 0.02577 0.07732
Q066I6                         0.12371 0.04124 0.02062 0.04639 0.02577 0.05155 0.04124 0.09278 0.01031 0.02062 0.16495 0.01546 0.03608 0.03093 0.06186 0.08247 0.03608 0.01546 0.01031 0.07216
A5GLH6                         0.10825 0.06701 0.02062 0.05670 0.03093 0.03608 0.06186 0.08763 0.02577 0.02577 0.16495 0.01546 0.02577 0.03093 0.06186 0.08247 0.02062 0.01546 0.00515 0.05670
B1WVT0                         0.06186 0.03608 0.03093 0.05155 0.01546 0.07732 0.05155 0.09794 0.01546 0.08247 0.13918 0.03608 0.02062 0.01546 0.05155 0.05670 0.05670 0.01031 0.02577 0.06701
Q3AXF4                         0.12371 0.04639 0.02577 0.04639 0.02062 0.05155 0.05155 0.09278 0.00515 0.02062 0.16495 0.01546 0.03093 0.03093 0.05155 0.07732 0.03608 0.01546 0.01546 0.07732
A3Z7B7                         0.12371 0.06701 0.02062 0.05155 0.02577 0.04639 0.05155 0.09794 0.01546 0.02062 0.17010 0.01546 0.02577 0.02577 0.07216 0.06186 0.03093 0.01546 0.00515 0.05670
A4CU85                         0.09278 0.07732 0.02577 0.05155 0.02577 0.02062 0.06701 0.10309 0.01546 0.02062 0.16495 0.02062 0.03093 0.02577 0.06701 0.07732 0.02577 0.01546 0.00515 0.06701
Q0I9S4                         0.11856 0.05155 0.03608 0.05155 0.03608 0.06186 0.03608 0.09794 0.03093 0.03093 0.14948 0.01031 0.03093 0.03093 0.05155 0.07216 0.02577 0.01546 0.00515 0.05670
Q05TI3                         0.12371 0.04124 0.03093 0.05155 0.03093 0.03608 0.05670 0.10309 0.01546 0.04639 0.14433 0.02062 0.02577 0.02577 0.05670 0.07732 0.03093 0.01546 0.00515 0.06186

Homogeneity statistic: X2 = 8.36301 G = 8.50435 

Average                        0.08771 0.04084 0.03854 0.04814 0.01745 0.04005 0.06059 0.09167 0.01792 0.06019 0.14552 0.04489 0.02149 0.03592 0.04433 0.07026 0.04076 0.00936 0.02117 0.06320

# constant sites:     14 (7.22%)
ln Lmax (unconstrained) = -1009.827632

AA distances (raw proportions of different sites)

A8EWH7         
Q30TG0           0.4485
A6Q523           0.5258  0.4742
D1B3H5           0.4897  0.4381  0.5206
B9L8F3           0.5155  0.4691  0.5361  0.5103
A6Q782           0.5206  0.5052  0.5103  0.5000  0.5000
Q7MS13           0.5206  0.4691  0.5103  0.5103  0.5361  0.5206
A8FMF7           0.6134  0.5464  0.5825  0.5567  0.5619  0.6082  0.5619
A7H2Q3           0.6186  0.5464  0.5876  0.5567  0.5619  0.6134  0.5670  0.0155
Q4HSC5           0.5722  0.5258  0.5464  0.5361  0.5567  0.5722  0.5722  0.3351  0.3351
Q4HGP8           0.6082  0.5619  0.5619  0.5515  0.5309  0.5928  0.5928  0.2423  0.2474  0.3196
B9KCU2           0.6134  0.5619  0.5619  0.5670  0.5928  0.6392  0.5979  0.4072  0.4072  0.3763  0.4124
O25984           0.5928  0.5773  0.6082  0.5619  0.6237  0.5773  0.6186  0.6340  0.6340  0.6134  0.6340  0.6495
A2C1Z6           0.6598  0.6804  0.6649  0.6907  0.6546  0.6959  0.6959  0.6546  0.6598  0.6753  0.6804  0.6856  0.7113
Q46L57           0.6649  0.6856  0.6753  0.6907  0.6649  0.7010  0.6907  0.6546  0.6598  0.6753  0.6856  0.6856  0.7113  0.0309
B5W4A6           0.6856  0.6804  0.6495  0.7113  0.6804  0.6753  0.6546  0.7165  0.7268  0.7062  0.7268  0.7526  0.7165  0.5258  0.5206
Q7NPF3           0.7268  0.7010  0.7062  0.6907  0.6959  0.6598  0.6856  0.7165  0.7268  0.7165  0.7320  0.7371  0.7216  0.5567  0.5567  0.3866
B1XK39           0.6907  0.6907  0.7010  0.7062  0.6753  0.6959  0.6959  0.7010  0.7062  0.7010  0.7216  0.7526  0.7113  0.4794  0.4794  0.3093  0.3866
A2BWR1           0.6649  0.6907  0.6753  0.6856  0.6907  0.6856  0.6701  0.6701  0.6753  0.6392  0.6856  0.6959  0.7010  0.4330  0.4381  0.5619  0.6340  0.5619
A2BR01           0.6856  0.6959  0.6649  0.6856  0.6856  0.6959  0.6907  0.6649  0.6753  0.6598  0.6701  0.7062  0.7165  0.4175  0.4227  0.5515  0.5722  0.5309  0.2474
Q31B18           0.6856  0.6959  0.6753  0.6804  0.6907  0.7062  0.6959  0.6753  0.6856  0.6649  0.6856  0.7113  0.7165  0.4124  0.4175  0.5464  0.5773  0.5361  0.2629  0.0412
Q2JLP6           0.7371  0.6907  0.7113  0.6856  0.7010  0.6959  0.6856  0.7010  0.7113  0.7010  0.7320  0.7371  0.7113  0.5361  0.5361  0.4021  0.3918  0.3866  0.5825  0.5258  0.5309
P72663           0.7165  0.6959  0.7113  0.7165  0.7113  0.6959  0.7062  0.6907  0.6959  0.7165  0.7062  0.7526  0.7268  0.4897  0.4845  0.3660  0.3814  0.2680  0.5979  0.5567  0.5670  0.3918
Q7U7D2           0.7062  0.6856  0.6907  0.6753  0.6959  0.7010  0.6907  0.6804  0.6856  0.6959  0.6959  0.7113  0.7320  0.4021  0.4021  0.5052  0.4948  0.4485  0.5052  0.4433  0.4485  0.4742  0.4845
A3PCS4           0.6753  0.7010  0.6753  0.6753  0.6907  0.7010  0.6907  0.6598  0.6701  0.6546  0.6649  0.7062  0.7216  0.4124  0.4175  0.5567  0.5928  0.5361  0.2474  0.0567  0.0619  0.5309  0.5464  0.4433
Q7V1E2           0.6546  0.6856  0.6701  0.6959  0.6804  0.6959  0.6701  0.6753  0.6804  0.6392  0.6804  0.7062  0.6959  0.4278  0.4330  0.5412  0.6340  0.5464  0.1237  0.2732  0.2784  0.5773  0.5825  0.4845  0.2629
Q8DLJ1           0.7062  0.6753  0.6804  0.6804  0.7010  0.6701  0.6546  0.6907  0.6959  0.6907  0.6959  0.7268  0.7320  0.5309  0.5361  0.3814  0.4072  0.3866  0.5825  0.5412  0.5464  0.3918  0.4175  0.5052  0.5412  0.5567
C7QMB6           0.7062  0.6753  0.6753  0.6804  0.6753  0.6907  0.6753  0.6856  0.6907  0.6701  0.7113  0.7216  0.7062  0.5412  0.5361  0.3402  0.3866  0.2887  0.5722  0.5670  0.5722  0.3918  0.2732  0.5052  0.5619  0.5619  0.3711
B7K0T8           0.7062  0.6753  0.6753  0.6804  0.6753  0.6907  0.6753  0.6856  0.6907  0.6701  0.7113  0.7216  0.7062  0.5412  0.5361  0.3402  0.3866  0.2887  0.5722  0.5670  0.5722  0.3918  0.2732  0.5052  0.5619  0.5619  0.3711  0.0000
B9YR33           0.7113  0.6959  0.6753  0.7010  0.6907  0.7113  0.6959  0.7165  0.7113  0.7010  0.7268  0.7268  0.7371  0.5309  0.5258  0.3093  0.3814  0.3247  0.5722  0.5567  0.5670  0.4227  0.3299  0.5052  0.5619  0.5619  0.4021  0.2887  0.2887
Q5N2S7           0.7113  0.6804  0.7113  0.6907  0.7010  0.7113  0.6701  0.6959  0.6959  0.6907  0.7165  0.7216  0.7371  0.5052  0.5000  0.4485  0.4381  0.3763  0.5979  0.5515  0.5515  0.4072  0.3814  0.4072  0.5567  0.5825  0.4021  0.3866  0.3866  0.4330
Q31RH7           0.7113  0.6804  0.7113  0.6907  0.7010  0.7113  0.6701  0.6959  0.6959  0.6907  0.7165  0.7216  0.7371  0.5052  0.5000  0.4485  0.4381  0.3763  0.5979  0.5515  0.5515  0.4072  0.3814  0.4072  0.5567  0.5825  0.4021  0.3866  0.3866  0.4330  0.0000
Q2JQU4           0.7371  0.7062  0.7113  0.7062  0.6959  0.6907  0.6856  0.7062  0.7062  0.6959  0.7268  0.7474  0.7165  0.5464  0.5464  0.4278  0.3969  0.4021  0.5722  0.5412  0.5464  0.1237  0.4021  0.4794  0.5464  0.5670  0.4227  0.4072  0.4072  0.4227  0.4227  0.4227
A0YKB4           0.7165  0.6804  0.6753  0.7268  0.7010  0.7062  0.6959  0.7371  0.7423  0.7268  0.7320  0.7526  0.7474  0.5155  0.5052  0.2423  0.3557  0.3351  0.5876  0.5567  0.5619  0.3763  0.3093  0.5206  0.5619  0.5722  0.3557  0.2887  0.2887  0.2784  0.4278  0.4278  0.3763
Q4BZL7           0.7010  0.6907  0.7113  0.7010  0.6959  0.6959  0.7010  0.6907  0.6959  0.6907  0.7113  0.7268  0.7320  0.5412  0.5361  0.3557  0.4021  0.2732  0.5567  0.5515  0.5515  0.4021  0.3299  0.5052  0.5515  0.5464  0.4072  0.1907  0.1907  0.3351  0.4175  0.4175  0.4175  0.3093
Q3AKD9           0.7113  0.6907  0.7113  0.6907  0.7062  0.7010  0.7010  0.6753  0.6804  0.6959  0.6907  0.7113  0.7320  0.4021  0.4124  0.5361  0.5258  0.4794  0.4897  0.4381  0.4485  0.4691  0.4948  0.1649  0.4485  0.4794  0.5206  0.5258  0.5258  0.5309  0.3814  0.3814  0.4794  0.5258  0.5000
Q3M3F2           0.7010  0.6856  0.6804  0.6907  0.6804  0.6959  0.6701  0.7165  0.7216  0.7062  0.7165  0.7216  0.7423  0.5309  0.5258  0.3402  0.3866  0.2990  0.5619  0.5412  0.5515  0.4278  0.3247  0.5103  0.5464  0.5670  0.3866  0.2474  0.2474  0.1959  0.4330  0.4330  0.4330  0.2732  0.2938  0.5258
B7K961           0.7010  0.7010  0.6856  0.6753  0.7113  0.6753  0.6804  0.6959  0.7010  0.6753  0.7062  0.7268  0.7113  0.5361  0.5309  0.3093  0.3660  0.2629  0.5722  0.5567  0.5619  0.3969  0.3144  0.4948  0.5670  0.5619  0.3608  0.2010  0.2010  0.2887  0.3814  0.3814  0.3969  0.3041  0.2423  0.5103  0.2784
Q10VR1           0.6959  0.6907  0.6804  0.7165  0.6546  0.7062  0.6649  0.7320  0.7423  0.7113  0.7216  0.7577  0.7423  0.5619  0.5515  0.2680  0.4021  0.3402  0.5619  0.5619  0.5773  0.4072  0.3814  0.5309  0.5619  0.5464  0.4072  0.3144  0.3144  0.2990  0.4588  0.4588  0.4278  0.2320  0.3144  0.5567  0.2990  0.3299
Q8YS61           0.7010  0.6856  0.6753  0.6907  0.6804  0.7010  0.6649  0.7165  0.7216  0.7062  0.7165  0.7216  0.7423  0.5361  0.5309  0.3454  0.3969  0.3041  0.5619  0.5412  0.5515  0.4227  0.3402  0.5052  0.5412  0.5619  0.3918  0.2526  0.2526  0.2010  0.4330  0.4330  0.4330  0.2938  0.3041  0.5206  0.0412  0.2835  0.3093
A8G4P2           0.6856  0.7010  0.6649  0.6907  0.6804  0.7062  0.6856  0.6701  0.6804  0.6701  0.6804  0.7062  0.7320  0.4278  0.4330  0.5670  0.5876  0.5515  0.2732  0.0825  0.0876  0.5361  0.5722  0.4536  0.0979  0.2887  0.5464  0.5825  0.5825  0.5670  0.5515  0.5515  0.5515  0.5876  0.5773  0.4639  0.5670  0.5825  0.5876  0.5619
A9B9Y1           0.6907  0.6856  0.6495  0.7062  0.6701  0.6959  0.6804  0.6804  0.6856  0.6959  0.6804  0.7268  0.7320  0.3608  0.3557  0.5155  0.5515  0.4794  0.4691  0.4381  0.4330  0.5052  0.4948  0.3041  0.4381  0.4588  0.5155  0.5309  0.5309  0.5052  0.4588  0.4588  0.5155  0.5206  0.5206  0.3041  0.5155  0.5258  0.5361  0.5103  0.4278
B0JNB0           0.7268  0.7165  0.7165  0.7216  0.7113  0.6959  0.7165  0.7165  0.7268  0.7320  0.7320  0.7732  0.7474  0.5412  0.5464  0.3608  0.4227  0.2990  0.6031  0.5670  0.5773  0.4227  0.3144  0.5103  0.5619  0.5876  0.3866  0.2990  0.2990  0.3608  0.3866  0.3866  0.4381  0.3763  0.3402  0.5206  0.3557  0.2835  0.3763  0.3660  0.5722  0.5515
A0ZGT0           0.7010  0.7320  0.6959  0.7268  0.7113  0.7165  0.6907  0.7423  0.7474  0.7268  0.7371  0.7526  0.7629  0.5412  0.5361  0.3299  0.3711  0.3351  0.5670  0.5361  0.5464  0.4124  0.3196  0.5258  0.5412  0.5722  0.4124  0.2835  0.2835  0.1856  0.4485  0.4485  0.3969  0.2474  0.3144  0.5412  0.1701  0.3041  0.2938  0.1907  0.5567  0.5464  0.3608
A5GTK8           0.7268  0.6753  0.6701  0.6753  0.7010  0.6907  0.6804  0.6392  0.6392  0.6804  0.6649  0.7062  0.7165  0.4897  0.4897  0.5464  0.5361  0.5000  0.5155  0.4588  0.4639  0.4948  0.5361  0.3814  0.4691  0.5052  0.5206  0.5619  0.5619  0.5515  0.4794  0.4794  0.5052  0.5773  0.5464  0.3557  0.5670  0.5464  0.5773  0.5670  0.4794  0.4072  0.5464  0.5876
B0CC88           0.7216  0.6907  0.6907  0.6959  0.6856  0.7113  0.6959  0.7113  0.7165  0.6959  0.7165  0.7165  0.7526  0.5206  0.5206  0.3505  0.3814  0.3247  0.5773  0.5361  0.5464  0.4021  0.3454  0.4588  0.5464  0.5619  0.3196  0.3299  0.3299  0.3505  0.3608  0.3608  0.3918  0.2990  0.3454  0.4639  0.3505  0.3196  0.3763  0.3557  0.5515  0.4897  0.3454  0.3454  0.5103
B2J0A5           0.7010  0.7010  0.6856  0.7062  0.6959  0.6959  0.6753  0.7371  0.7371  0.7216  0.7320  0.7423  0.7577  0.5258  0.5206  0.3041  0.3711  0.3247  0.5670  0.5567  0.5567  0.4227  0.3144  0.5155  0.5515  0.5567  0.3763  0.2423  0.2423  0.1753  0.4175  0.4175  0.4124  0.2474  0.2990  0.5309  0.1546  0.2732  0.2887  0.1495  0.5722  0.5258  0.3608  0.1289  0.5722  0.3454
Q7VCH6           0.6907  0.6649  0.6546  0.6701  0.6598  0.6804  0.6804  0.6959  0.7010  0.6701  0.6546  0.7010  0.7165  0.4072  0.3969  0.5155  0.5412  0.4897  0.4639  0.4536  0.4588  0.5052  0.5000  0.3505  0.4588  0.4536  0.5412  0.5103  0.5103  0.5155  0.4794  0.4794  0.5258  0.5361  0.5155  0.3351  0.5052  0.5258  0.5464  0.5052  0.4381  0.3041  0.5567  0.5412  0.4588  0.5000  0.5052
B7LSI2           0.6907  0.6856  0.7216  0.6804  0.7010  0.6856  0.6701  0.7113  0.7216  0.7216  0.7113  0.7423  0.7474  0.6495  0.6443  0.6289  0.6546  0.6340  0.6186  0.6082  0.6237  0.6701  0.6392  0.6289  0.6082  0.6031  0.6134  0.6392  0.6392  0.6340  0.6753  0.6753  0.6701  0.6443  0.6392  0.6186  0.6340  0.6186  0.6289  0.6340  0.6289  0.6340  0.6546  0.6495  0.6495  0.6392  0.6237  0.6289
B7MTZ2           0.6907  0.6856  0.7216  0.6856  0.7010  0.6907  0.6701  0.7165  0.7268  0.7268  0.7165  0.7423  0.7423  0.6546  0.6495  0.6340  0.6598  0.6392  0.6237  0.6186  0.6289  0.6753  0.6443  0.6289  0.6134  0.6082  0.6186  0.6443  0.6443  0.6392  0.6753  0.6753  0.6753  0.6495  0.6443  0.6134  0.6392  0.6237  0.6340  0.6392  0.6340  0.6289  0.6598  0.6546  0.6546  0.6392  0.6289  0.6340  0.0103
P62615           0.6907  0.6856  0.7216  0.6856  0.7010  0.6907  0.6701  0.7165  0.7268  0.7268  0.7165  0.7423  0.7423  0.6546  0.6495  0.6340  0.6598  0.6392  0.6237  0.6186  0.6289  0.6753  0.6443  0.6289  0.6134  0.6082  0.6186  0.6443  0.6443  0.6392  0.6753  0.6753  0.6753  0.6495  0.6443  0.6134  0.6392  0.6237  0.6340  0.6392  0.6340  0.6289  0.6598  0.6546  0.6546  0.6392  0.6289  0.6340  0.0103  0.0000
B4B2K9           0.7165  0.7113  0.7010  0.6959  0.7216  0.6959  0.7113  0.6907  0.6959  0.6753  0.7113  0.7268  0.7216  0.5309  0.5258  0.3299  0.3557  0.2887  0.5979  0.5670  0.5722  0.3969  0.3041  0.4948  0.5773  0.5825  0.3866  0.2113  0.2113  0.3093  0.4021  0.4021  0.3969  0.2887  0.2268  0.5206  0.2990  0.1340  0.3402  0.3196  0.5876  0.5258  0.3041  0.2990  0.5361  0.3454  0.2938  0.5464  0.6495  0.6546  0.6546
B8HU41           0.7371  0.6701  0.6907  0.6753  0.6598  0.6804  0.6701  0.6959  0.7010  0.6907  0.7062  0.7216  0.7268  0.5309  0.5258  0.3660  0.3711  0.3557  0.5979  0.5619  0.5619  0.4175  0.3711  0.5000  0.5619  0.5876  0.2990  0.2835  0.2835  0.3557  0.4227  0.4227  0.4381  0.3247  0.3505  0.5258  0.3093  0.3299  0.3454  0.3196  0.5722  0.5052  0.4072  0.3660  0.5464  0.3299  0.3196  0.5155  0.6289  0.6340  0.6340  0.3402
A3YZU8           0.7474  0.6959  0.6907  0.7010  0.6959  0.6856  0.6907  0.6856  0.6907  0.7165  0.7010  0.7268  0.7526  0.4536  0.4536  0.5258  0.4948  0.4691  0.4948  0.4433  0.4588  0.4691  0.5000  0.2938  0.4433  0.4845  0.4794  0.5258  0.5258  0.5309  0.4330  0.4330  0.4691  0.5258  0.5155  0.3041  0.5258  0.5155  0.5412  0.5258  0.4588  0.3711  0.5258  0.5567  0.3041  0.4742  0.5412  0.4278  0.6134  0.6186  0.6186  0.5309  0.4897
Q7V7W1           0.7216  0.6701  0.6907  0.7010  0.7010  0.7268  0.6804  0.6856  0.6907  0.6959  0.6907  0.7062  0.7423  0.3866  0.3814  0.5155  0.5206  0.4691  0.4948  0.4175  0.4175  0.4948  0.4794  0.2423  0.4227  0.4794  0.5103  0.5309  0.5309  0.5258  0.4175  0.4175  0.5000  0.5000  0.5155  0.2371  0.5206  0.5155  0.5361  0.5155  0.4278  0.2887  0.5464  0.5361  0.3557  0.4691  0.5155  0.3660  0.6340  0.6340  0.6340  0.5206  0.5103  0.3093
A2CA52           0.7268  0.6649  0.6907  0.7010  0.7062  0.7268  0.6753  0.6856  0.6907  0.6907  0.6907  0.7010  0.7423  0.3918  0.3866  0.5155  0.5206  0.4691  0.5000  0.4227  0.4227  0.4948  0.4794  0.2474  0.4278  0.4845  0.5155  0.5309  0.5309  0.5258  0.4175  0.4175  0.5103  0.5000  0.5103  0.2423  0.5206  0.5155  0.5361  0.5155  0.4330  0.2887  0.5464  0.5361  0.3557  0.4742  0.5155  0.3608  0.6392  0.6392  0.6392  0.5206  0.5103  0.3144  0.0258
A3IMJ9           0.7062  0.7062  0.7010  0.7113  0.6959  0.6959  0.6907  0.7113  0.7165  0.6959  0.7165  0.7268  0.7371  0.5412  0.5309  0.3351  0.3969  0.2629  0.5670  0.5773  0.5722  0.4175  0.3196  0.5103  0.5722  0.5567  0.3814  0.2062  0.2062  0.3299  0.4278  0.4278  0.4227  0.3093  0.1237  0.5309  0.2990  0.2371  0.3196  0.3041  0.5979  0.5258  0.3351  0.3144  0.5670  0.3608  0.2835  0.5052  0.6546  0.6598  0.6598  0.2320  0.3454  0.5206  0.5361  0.5361
Q066I6           0.7320  0.7062  0.7010  0.7062  0.7216  0.6907  0.7010  0.6753  0.6804  0.7113  0.7010  0.7216  0.7320  0.4072  0.4072  0.5155  0.5103  0.4639  0.5103  0.4485  0.4536  0.4330  0.4742  0.1959  0.4588  0.4948  0.4845  0.5206  0.5206  0.5258  0.3969  0.3969  0.4536  0.5206  0.5052  0.1701  0.5155  0.5155  0.5361  0.5103  0.4691  0.2990  0.5052  0.5361  0.3608  0.4691  0.5258  0.3660  0.6289  0.6237  0.6237  0.5103  0.4948  0.2990  0.2526  0.2526  0.5206
A5GLH6           0.7268  0.6753  0.6907  0.7062  0.6959  0.7062  0.6649  0.6649  0.6701  0.6856  0.6753  0.7216  0.7474  0.4175  0.4175  0.5258  0.5103  0.4691  0.4897  0.4330  0.4381  0.4794  0.4794  0.2526  0.4330  0.4691  0.5206  0.5309  0.5309  0.5155  0.4072  0.4072  0.4897  0.5206  0.5206  0.2423  0.5155  0.5206  0.5361  0.5103  0.4433  0.3041  0.5258  0.5309  0.3711  0.4742  0.5000  0.3557  0.5979  0.5979  0.5979  0.5155  0.5052  0.2887  0.2423  0.2474  0.5361  0.2526
B1WVT0           0.7010  0.7062  0.7010  0.7113  0.6907  0.7010  0.6907  0.7113  0.7165  0.7010  0.7165  0.7320  0.7371  0.5361  0.5258  0.3557  0.4021  0.2835  0.5515  0.5619  0.5619  0.4330  0.3351  0.5052  0.5619  0.5515  0.3969  0.2165  0.2165  0.3196  0.4278  0.4278  0.4330  0.3041  0.1134  0.5206  0.2887  0.2474  0.3144  0.2938  0.5876  0.5206  0.3505  0.3041  0.5619  0.3505  0.2835  0.5052  0.6392  0.6443  0.6443  0.2474  0.3454  0.5206  0.5155  0.5206  0.0567  0.5155  0.5206
Q3AXF4           0.7371  0.6959  0.7010  0.7113  0.7216  0.6856  0.6856  0.6701  0.6753  0.7010  0.6959  0.7165  0.7268  0.4124  0.4124  0.5206  0.5103  0.4639  0.5052  0.4433  0.4485  0.4485  0.4639  0.2062  0.4536  0.4897  0.5000  0.5258  0.5258  0.5206  0.3918  0.3918  0.4536  0.5206  0.5103  0.1804  0.5103  0.5206  0.5361  0.5052  0.4691  0.3093  0.5155  0.5206  0.3711  0.4742  0.5206  0.3711  0.6392  0.6340  0.6340  0.5206  0.4948  0.2887  0.2526  0.2526  0.5258  0.0567  0.2474  0.5206
A3Z7B7           0.7320  0.6856  0.6804  0.7010  0.7010  0.7113  0.6804  0.6753  0.6804  0.6804  0.6804  0.7113  0.7526  0.4175  0.4124  0.5155  0.4897  0.4588  0.5155  0.4433  0.4485  0.4691  0.4794  0.2113  0.4536  0.5000  0.5103  0.5155  0.5155  0.5000  0.3969  0.3969  0.4897  0.5000  0.5155  0.1959  0.4897  0.4948  0.5361  0.4845  0.4588  0.2784  0.5309  0.5206  0.3351  0.4485  0.5000  0.3505  0.6237  0.6186  0.6186  0.4897  0.4845  0.3299  0.2320  0.2371  0.5361  0.2268  0.2216  0.5258  0.2320
A4CU85           0.7371  0.6701  0.6959  0.7010  0.6907  0.7113  0.6856  0.6701  0.6753  0.6856  0.6701  0.7216  0.7629  0.4433  0.4433  0.5412  0.5103  0.4794  0.5155  0.4639  0.4639  0.4742  0.5000  0.2680  0.4639  0.5052  0.5206  0.5258  0.5258  0.5258  0.4072  0.4072  0.4897  0.5309  0.5206  0.2216  0.5206  0.5206  0.5515  0.5155  0.4845  0.3247  0.5258  0.5412  0.3557  0.4742  0.5155  0.3454  0.6082  0.6134  0.6134  0.5206  0.5103  0.3196  0.2835  0.2887  0.5361  0.2680  0.1392  0.5258  0.2784  0.2010
Q0I9S4           0.7474  0.7113  0.7165  0.7268  0.6959  0.7423  0.7010  0.6907  0.6959  0.7113  0.7062  0.7268  0.7526  0.4227  0.4175  0.5309  0.5206  0.4794  0.5000  0.4227  0.4278  0.4897  0.5052  0.2371  0.4278  0.4897  0.5155  0.5258  0.5258  0.5258  0.4381  0.4381  0.5052  0.5206  0.5258  0.2371  0.5258  0.5258  0.5464  0.5206  0.4381  0.3351  0.5567  0.5361  0.3505  0.4845  0.5258  0.3711  0.6289  0.6237  0.6237  0.5155  0.5000  0.3041  0.2577  0.2629  0.5412  0.2577  0.2577  0.5258  0.2629  0.1907  0.2784
Q05TI3           0.7423  0.6907  0.6959  0.7268  0.6959  0.7320  0.6907  0.6804  0.6856  0.6907  0.6856  0.7268  0.7526  0.4124  0.4072  0.5361  0.5309  0.4794  0.4948  0.4381  0.4433  0.4794  0.4845  0.2629  0.4433  0.4742  0.5258  0.5258  0.5258  0.5103  0.4278  0.4278  0.4948  0.5103  0.5309  0.2268  0.5103  0.5206  0.5464  0.5000  0.4485  0.2835  0.5412  0.5412  0.3402  0.4742  0.5206  0.3505  0.6082  0.6031  0.6031  0.5155  0.5052  0.3093  0.2629  0.2629  0.5361  0.2526  0.2268  0.5258  0.2577  0.1907  0.2423  0.2216


TREE #  1:  (8, 9, (11, (10, (12, (5, ((4, (1, 2)), ((7, ((49, (50, 51)), (53, (27, (46, ((17, (((31, 32), ((45, 54), ((((55, 56), (((14, 15), ((19, 26), (21, (41, (20, 25))))), (42, 48))), ((59, 63), (62, (64, 65)))), (24, (36, (58, 61)))))), (22, 33))), (((30, (47, (44, (37, 40)))), (39, (16, 34))), ((43, ((38, 52), ((28, 29), (35, (57, 60))))), (18, 23))))))))), (3, (6, 13)))))))));   MP score: 2413
lnL(ntime: 63  np: 64): -12475.187504      +0.000000
  66..8    66..9    66..67   67..11   67..68   68..10   68..69   69..12   69..70   70..5    70..71   71..72   72..4    72..73   73..1    73..2    71..74   74..75   75..7    75..76   76..77   77..49   77..78   78..50   78..51   76..79   79..53   79..80   80..27   80..81   81..46   81..82   82..83   83..17   83..84   84..85   85..86   86..31   86..32   85..87   87..88   88..45   88..54   87..89   89..90   90..91   91..92   92..55   92..56   91..93   93..94   94..95   95..14   95..15   94..96   96..97   97..19   97..26   96..98   98..21   98..99   99..41   99..100 100..20  100..25   93..101 101..42  101..48   90..102 102..103 103..59  103..63  102..104 104..62  104..105 105..64  105..65   89..106 106..24  106..107 107..36  107..108 108..58  108..61   84..109 109..22  109..33   82..110 110..111 111..112 112..30  112..113 113..47  113..114 114..44  114..115 115..37  115..40  111..116 116..39  116..117 117..16  117..34  110..118 118..119 119..43  119..120 120..121 121..38  121..52  120..122 122..123 123..28  123..29  122..124 124..35  124..125 125..57  125..60  118..126 126..18  126..23   74..127 127..3   127..128 128..6   128..13 
 0.879709 0.879708 0.859246 0.845732 0.758387 0.731141 0.566734 0.437384 0.726968 0.719916 0.569626 0.004181 0.000000 0.440654 0.440654 0.433361 0.433360 0.431968 0.411646 0.381659 0.000000 0.306131 0.207623 0.292832 0.289935 0.284403 0.014154 0.266605 0.223692 0.012163 0.112557 0.044386 0.032825 0.032825 0.032825 0.195624 0.215382 0.088397 0.155902 0.150416 0.136317 0.121168 0.027528 0.064811 0.319067 0.230623 0.125906 0.094439 0.081210 0.016545 0.159435 0.151657 0.283082 0.229834 0.178568 0.081249 0.140560 0.000000 0.068132 0.026126 0.207745 0.669482 0.588189 0.819711

tree length =  19.67180

(8: 0.879709, 9: 0.879709, (11: 0.879708, (10: 0.859246, (12: 0.845732, (5: 0.758387, ((4: 0.566734, (1: 0.437384, 2: 0.437384): 0.129350): 0.164407, ((7: 0.719916, ((49: 0.004181, (50: 0.000000, 51: 0.000000): 0.004181): 0.565444, (53: 0.440654, (27: 0.440654, (46: 0.433361, ((17: 0.431968, (((31: 0.000000, 32: 0.000000): 0.381659, ((45: 0.207623, 54: 0.207623): 0.098508, ((((55: 0.014154, 56: 0.014154): 0.270249, (((14: 0.012163, 15: 0.012163): 0.211528, ((19: 0.044386, 26: 0.044386): 0.068171, (21: 0.032825, (41: 0.032825, (20: 0.032825, 25: 0.032825): 0.000000): 0.000000): 0.079732): 0.111134): 0.042913, (42: 0.195624, 48: 0.195624): 0.070981): 0.017798): 0.005532, ((59: 0.088397, 63: 0.088397): 0.126985, (62: 0.155902, (64: 0.150416, 65: 0.150416): 0.005486): 0.059480): 0.074553): 0.002897, (24: 0.136317, (36: 0.121168, (58: 0.027528, 61: 0.027528): 0.093640): 0.015149): 0.156515): 0.013299): 0.075528): 0.029987, (22: 0.064811, 33: 0.064811): 0.346835): 0.020322): 0.001393, (((30: 0.125906, (47: 0.094439, (44: 0.081210, (37: 0.016545, 40: 0.016545): 0.064665): 0.013229): 0.031467): 0.104717, (39: 0.159435, (16: 0.151657, 34: 0.151657): 0.007778): 0.071188): 0.088445, ((43: 0.229834, ((38: 0.081249, 52: 0.081249): 0.097319, ((28: 0.000000, 29: 0.000000): 0.140560, (35: 0.068132, (57: 0.026126, 60: 0.026126): 0.042006): 0.072428): 0.038008): 0.051266): 0.053248, (18: 0.207745, 23: 0.207745): 0.075337): 0.035986): 0.114293): 0.000000): 0.007293): 0.000000): 0.128971): 0.150290): 0.007052, (3: 0.669482, (6: 0.588189, 13: 0.588189): 0.081294): 0.057486): 0.004173): 0.027246): 0.087344): 0.013515): 0.020462): 0.000001);

(A8FMF7: 0.879709, A7H2Q3: 0.879709, (Q4HGP8: 0.879708, (Q4HSC5: 0.859246, (B9KCU2: 0.845732, (B9L8F3: 0.758387, ((D1B3H5: 0.566734, (A8EWH7: 0.437384, Q30TG0: 0.437384): 0.129350): 0.164407, ((Q7MS13: 0.719916, ((B7LSI2: 0.004181, (B7MTZ2: 0.000000, P62615: 0.000000): 0.004181): 0.565444, (B8HU41: 0.440654, (Q8DLJ1: 0.440654, (B0CC88: 0.433361, ((Q7NPF3: 0.431968, (((Q5N2S7: 0.000000, Q31RH7: 0.000000): 0.381659, ((A5GTK8: 0.207623, A3YZU8: 0.207623): 0.098508, ((((Q7V7W1: 0.014154, A2CA52: 0.014154): 0.270249, (((A2C1Z6: 0.012163, Q46L57: 0.012163): 0.211528, ((A2BWR1: 0.044386, Q7V1E2: 0.044386): 0.068171, (Q31B18: 0.032825, (A8G4P2: 0.032825, (A2BR01: 0.032825, A3PCS4: 0.032825): 0.000000): 0.000000): 0.079732): 0.111134): 0.042913, (A9B9Y1: 0.195624, Q7VCH6: 0.195624): 0.070981): 0.017798): 0.005532, ((A5GLH6: 0.088397, A4CU85: 0.088397): 0.126985, (A3Z7B7: 0.155902, (Q0I9S4: 0.150416, Q05TI3: 0.150416): 0.005486): 0.059480): 0.074553): 0.002897, (Q7U7D2: 0.136317, (Q3AKD9: 0.121168, (Q066I6: 0.027528, Q3AXF4: 0.027528): 0.093640): 0.015149): 0.156515): 0.013299): 0.075528): 0.029987, (Q2JLP6: 0.064811, Q2JQU4: 0.064811): 0.346835): 0.020322): 0.001393, (((B9YR33: 0.125906, (B2J0A5: 0.094439, (A0ZGT0: 0.081210, (Q3M3F2: 0.016545, Q8YS61: 0.016545): 0.064665): 0.013229): 0.031467): 0.104717, (Q10VR1: 0.159435, (B5W4A6: 0.151657, A0YKB4: 0.151657): 0.007778): 0.071188): 0.088445, ((B0JNB0: 0.229834, ((B7K961: 0.081249, B4B2K9: 0.081249): 0.097319, ((C7QMB6: 0.000000, B7K0T8: 0.000000): 0.140560, (Q4BZL7: 0.068132, (A3IMJ9: 0.026126, B1WVT0: 0.026126): 0.042006): 0.072428): 0.038008): 0.051266): 0.053248, (B1XK39: 0.207745, P72663: 0.207745): 0.075337): 0.035986): 0.114293): 0.000000): 0.007293): 0.000000): 0.128971): 0.150290): 0.007052, (A6Q523: 0.669482, (A6Q782: 0.588189, O25984: 0.588189): 0.081294): 0.057486): 0.004173): 0.027246): 0.087344): 0.013515): 0.020462): 0.000001);

(8_A8FMF7, 9_A7H2Q3, (11_Q4HGP8, (10_Q4HSC5, (12_B9KCU2, (5_B9L8F3, ((4_D1B3H5, (1_A8EWH7, 2_Q30TG0) 73 ) 72 , ((7_Q7MS13, ((49_B7LSI2, (50_B7MTZ2, 51_P62615) 78 ) 77 , (53_B8HU41, (27_Q8DLJ1, (46_B0CC88, ((17_Q7NPF3, (((31_Q5N2S7, 32_Q31RH7) 86 , ((45_A5GTK8, 54_A3YZU8) 88 , ((((55_Q7V7W1, 56_A2CA52) 92 , (((14_A2C1Z6, 15_Q46L57) 95 , ((19_A2BWR1, 26_Q7V1E2) 97 , (21_Q31B18, (41_A8G4P2, (20_A2BR01, 25_A3PCS4) 100 ) 99 ) 98 ) 96 ) 94 , (42_A9B9Y1, 48_Q7VCH6) 101 ) 93 ) 91 , ((59_A5GLH6, 63_A4CU85) 103 , (62_A3Z7B7, (64_Q0I9S4, 65_Q05TI3) 105 ) 104 ) 102 ) 90 , (24_Q7U7D2, (36_Q3AKD9, (58_Q066I6, 61_Q3AXF4) 108 ) 107 ) 106 ) 89 ) 87 ) 85 , (22_Q2JLP6, 33_Q2JQU4) 109 ) 84 ) 83 , (((30_B9YR33, (47_B2J0A5, (44_A0ZGT0, (37_Q3M3F2, 40_Q8YS61) 115 ) 114 ) 113 ) 112 , (39_Q10VR1, (16_B5W4A6, 34_A0YKB4) 117 ) 116 ) 111 , ((43_B0JNB0, ((38_B7K961, 52_B4B2K9) 121 , ((28_C7QMB6, 29_B7K0T8) 123 , (35_Q4BZL7, (57_A3IMJ9, 60_B1WVT0) 125 ) 124 ) 122 ) 120 ) 119 , (18_B1XK39, 23_P72663) 126 ) 118 ) 110 ) 82 ) 81 ) 80 ) 79 ) 76 ) 75 , (3_A6Q523, (6_A6Q782, 13_O25984) 128 ) 127 ) 74 ) 71 ) 70 ) 69 ) 68 ) 67 ) 66 ;

Detailed output identifying parameters

alpha (gamma, K = 4) =  0.81971
rate:   0.09975  0.41495  0.96227  2.52303
freq:   0.25000  0.25000  0.25000  0.25000

Time used:  6:14
