AAML (in paml version 4.6, August 2012)  202.aa
Model: Empirical for branches,  Global clock  (../../../bin/LG.dat) dGamma (ncatG=4) ns =  65  ls = 120


Frequencies..
                                    A      R      N      D      C      Q      E      G      H      I      L      K      M      F      P      S      T      W      Y      V
A8ESV0                         0.10000 0.09167 0.02500 0.04167 0.00833 0.01667 0.06667 0.09167 0.01667 0.06667 0.05833 0.10833 0.05833 0.03333 0.04167 0.04167 0.04167 0.01667 0.00833 0.06667
Q7M8E1                         0.10000 0.09167 0.02500 0.03333 0.00000 0.02500 0.08333 0.09167 0.01667 0.10000 0.05833 0.10000 0.03333 0.02500 0.04167 0.05833 0.05000 0.01667 0.00833 0.04167
D1B4F6                         0.10833 0.09167 0.01667 0.02500 0.00000 0.01667 0.09167 0.08333 0.01667 0.08333 0.05833 0.10000 0.03333 0.03333 0.05000 0.05000 0.05833 0.01667 0.00833 0.05833
P56041                         0.10000 0.09167 0.02500 0.02500 0.00833 0.01667 0.08333 0.09167 0.01667 0.10000 0.05833 0.10833 0.03333 0.02500 0.04167 0.05000 0.04167 0.01667 0.00833 0.05833
A6Q1I5                         0.08333 0.09167 0.03333 0.02500 0.00000 0.01667 0.08333 0.09167 0.00833 0.08333 0.06667 0.12500 0.03333 0.02500 0.04167 0.04167 0.05833 0.01667 0.01667 0.05833
B9KEE7                         0.10000 0.10000 0.03333 0.01667 0.00000 0.03333 0.08333 0.08333 0.00833 0.05833 0.05833 0.10000 0.04167 0.05833 0.04167 0.01667 0.08333 0.01667 0.01667 0.05000
A8FP14                         0.10000 0.10000 0.02500 0.00833 0.00000 0.02500 0.10000 0.08333 0.00833 0.05833 0.05833 0.10000 0.04167 0.05833 0.04167 0.02500 0.08333 0.01667 0.01667 0.05000
A7H649                         0.10000 0.10000 0.02500 0.00833 0.00000 0.02500 0.10000 0.08333 0.00833 0.05833 0.05833 0.10000 0.04167 0.05833 0.04167 0.02500 0.08333 0.01667 0.01667 0.05000
Q4HE68                         0.10000 0.10000 0.02500 0.00833 0.00000 0.02500 0.10000 0.08333 0.00833 0.05833 0.05833 0.10000 0.04167 0.05833 0.04167 0.02500 0.08333 0.01667 0.01667 0.05000
Q4HQV4                         0.10000 0.10000 0.02500 0.01667 0.00000 0.03333 0.08333 0.08333 0.00833 0.05833 0.05833 0.10000 0.04167 0.05000 0.04167 0.03333 0.07500 0.01667 0.02500 0.05000
Q30TV7                         0.11667 0.08333 0.03333 0.01667 0.00000 0.01667 0.06667 0.08333 0.01667 0.10000 0.07500 0.09167 0.03333 0.03333 0.05000 0.05000 0.05833 0.01667 0.01667 0.04167
A6QCQ5                         0.10833 0.10000 0.03333 0.04167 0.00833 0.00833 0.06667 0.08333 0.00833 0.11667 0.04167 0.11667 0.04167 0.03333 0.04167 0.02500 0.06667 0.01667 0.00000 0.04167
B9L6M6                         0.09167 0.09167 0.04167 0.00833 0.00000 0.00833 0.06667 0.10833 0.00000 0.07500 0.06667 0.10000 0.03333 0.03333 0.04167 0.05000 0.07500 0.01667 0.00833 0.08333
B7N197                         0.11667 0.09167 0.01667 0.02500 0.00000 0.03333 0.05833 0.10000 0.00000 0.05000 0.07500 0.10000 0.03333 0.04167 0.05000 0.01667 0.06667 0.01667 0.01667 0.09167
P0ADY7                         0.11667 0.09167 0.01667 0.02500 0.00000 0.03333 0.05833 0.10000 0.00000 0.05000 0.07500 0.10000 0.03333 0.04167 0.05000 0.01667 0.06667 0.01667 0.01667 0.09167
B7LRS9                         0.11667 0.09167 0.01667 0.02500 0.00000 0.03333 0.05833 0.10000 0.00000 0.05000 0.07500 0.10000 0.03333 0.04167 0.05000 0.01667 0.06667 0.01667 0.01667 0.09167
B1XJT2                         0.11667 0.11667 0.04167 0.01667 0.00000 0.03333 0.07500 0.08333 0.00000 0.10000 0.02500 0.06667 0.06667 0.04167 0.06667 0.01667 0.05000 0.02500 0.01667 0.04167
B7KHZ4                         0.10000 0.11667 0.01667 0.01667 0.00833 0.02500 0.09167 0.10000 0.00000 0.10000 0.03333 0.06667 0.04167 0.05000 0.05833 0.03333 0.05833 0.02500 0.00833 0.05000
O24696                         0.10000 0.11667 0.02500 0.01667 0.00833 0.01667 0.07500 0.10000 0.00833 0.07500 0.05000 0.06667 0.04167 0.05000 0.05000 0.04167 0.08333 0.02500 0.00833 0.04167
Q31L14                         0.10000 0.11667 0.02500 0.01667 0.00833 0.01667 0.07500 0.10000 0.00833 0.07500 0.05000 0.06667 0.04167 0.05000 0.05000 0.04167 0.08333 0.02500 0.00833 0.04167
B5W6S4                         0.10833 0.12500 0.02500 0.02500 0.00000 0.02500 0.07500 0.08333 0.00000 0.07500 0.04167 0.05833 0.05000 0.05000 0.05833 0.05000 0.05000 0.02500 0.01667 0.05833
B9YIS8                         0.10833 0.11667 0.01667 0.01667 0.00000 0.03333 0.07500 0.08333 0.00000 0.09167 0.05000 0.05833 0.04167 0.05000 0.06667 0.05000 0.05000 0.02500 0.01667 0.05000
B1WQR7                         0.11667 0.11667 0.00833 0.00833 0.00000 0.03333 0.08333 0.08333 0.00000 0.06667 0.05000 0.06667 0.05000 0.03333 0.05833 0.05000 0.06667 0.02500 0.02500 0.05833
Q3MFB4                         0.10833 0.11667 0.01667 0.01667 0.00000 0.03333 0.06667 0.09167 0.00000 0.09167 0.05000 0.05833 0.04167 0.05000 0.05833 0.04167 0.05833 0.02500 0.01667 0.05833
Q8YPI6                         0.10833 0.11667 0.01667 0.01667 0.00000 0.03333 0.06667 0.09167 0.00000 0.09167 0.05000 0.05833 0.04167 0.05000 0.05833 0.04167 0.05833 0.02500 0.01667 0.05833
P73313                         0.10833 0.12500 0.00833 0.02500 0.00833 0.03333 0.07500 0.08333 0.00000 0.06667 0.05000 0.05833 0.05000 0.03333 0.05833 0.05000 0.05833 0.02500 0.02500 0.05833
B4B3N1                         0.10000 0.11667 0.00000 0.02500 0.00833 0.02500 0.09167 0.10000 0.00000 0.09167 0.03333 0.06667 0.04167 0.04167 0.05833 0.04167 0.05833 0.02500 0.01667 0.05833
Q4C110                         0.10000 0.11667 0.00833 0.01667 0.00833 0.04167 0.07500 0.09167 0.00000 0.05833 0.05000 0.06667 0.05000 0.03333 0.05833 0.04167 0.06667 0.02500 0.02500 0.06667
A3IQ10                         0.11667 0.11667 0.00833 0.00833 0.00000 0.03333 0.08333 0.08333 0.00000 0.07500 0.05000 0.06667 0.05000 0.03333 0.05833 0.05000 0.06667 0.02500 0.02500 0.05000
A0YJT7                         0.11667 0.11667 0.00833 0.01667 0.00000 0.03333 0.08333 0.08333 0.00000 0.10000 0.04167 0.06667 0.05000 0.03333 0.06667 0.04167 0.05000 0.02500 0.02500 0.04167
C7QS55                         0.10833 0.10833 0.00833 0.02500 0.00833 0.02500 0.07500 0.08333 0.00000 0.09167 0.03333 0.07500 0.05833 0.03333 0.06667 0.04167 0.06667 0.02500 0.02500 0.04167
B7K241                         0.10833 0.10833 0.00833 0.02500 0.00833 0.02500 0.07500 0.08333 0.00000 0.09167 0.03333 0.07500 0.05833 0.03333 0.06667 0.04167 0.06667 0.02500 0.02500 0.04167
A2CC34                         0.09167 0.10833 0.01667 0.02500 0.00833 0.04167 0.07500 0.10833 0.00000 0.10000 0.04167 0.06667 0.05000 0.05000 0.05000 0.02500 0.05833 0.02500 0.01667 0.04167
Q8DMM5                         0.11667 0.12500 0.01667 0.01667 0.00000 0.02500 0.07500 0.09167 0.00833 0.08333 0.03333 0.05000 0.05833 0.02500 0.05833 0.02500 0.05833 0.02500 0.04167 0.06667
B8HMR1                         0.12500 0.11667 0.00833 0.01667 0.00000 0.01667 0.08333 0.10000 0.00000 0.08333 0.04167 0.05833 0.05833 0.03333 0.05833 0.01667 0.07500 0.02500 0.03333 0.05000
A3Z8X6                         0.09167 0.10833 0.01667 0.02500 0.00833 0.05000 0.05833 0.10000 0.00833 0.09167 0.04167 0.06667 0.05000 0.05000 0.05000 0.04167 0.05833 0.02500 0.00833 0.05000
B2ITP8                         0.09167 0.11667 0.01667 0.01667 0.00000 0.04167 0.07500 0.09167 0.00000 0.09167 0.05000 0.05000 0.04167 0.05833 0.06667 0.05833 0.05000 0.02500 0.00833 0.05000
Q05QC0                         0.09167 0.10833 0.01667 0.01667 0.00833 0.05000 0.06667 0.10000 0.00000 0.10000 0.04167 0.06667 0.05000 0.05000 0.05833 0.02500 0.06667 0.02500 0.01667 0.04167
Q7V536                         0.09167 0.10000 0.01667 0.03333 0.00833 0.04167 0.06667 0.10833 0.00000 0.10000 0.04167 0.07500 0.05000 0.05000 0.05000 0.02500 0.05833 0.02500 0.01667 0.04167
Q0ID12                         0.09167 0.10000 0.01667 0.01667 0.01667 0.05000 0.06667 0.10000 0.00000 0.09167 0.05000 0.07500 0.05000 0.05000 0.05833 0.02500 0.05833 0.02500 0.01667 0.04167
A9BCP0                         0.10833 0.10833 0.01667 0.00833 0.00833 0.05000 0.06667 0.10833 0.00000 0.10000 0.04167 0.06667 0.05000 0.05000 0.05000 0.03333 0.05000 0.02500 0.01667 0.04167
B0C1E0                         0.10000 0.12500 0.01667 0.01667 0.00000 0.01667 0.06667 0.10000 0.00000 0.05833 0.03333 0.07500 0.06667 0.03333 0.07500 0.04167 0.05833 0.02500 0.03333 0.05833
Q7V9W9                         0.10833 0.10000 0.01667 0.00833 0.00833 0.05000 0.07500 0.10833 0.00000 0.08333 0.05000 0.07500 0.05000 0.05000 0.05000 0.02500 0.05000 0.02500 0.01667 0.05000
A5GIT8                         0.10000 0.10833 0.01667 0.01667 0.00833 0.05000 0.06667 0.10000 0.00000 0.09167 0.04167 0.06667 0.05000 0.05000 0.05000 0.03333 0.05833 0.02500 0.01667 0.05000
B0JHZ6                         0.12500 0.10833 0.01667 0.02500 0.00833 0.03333 0.07500 0.09167 0.00000 0.08333 0.03333 0.05833 0.04167 0.05833 0.05833 0.02500 0.06667 0.02500 0.00833 0.05833
Q318J1                         0.10000 0.09167 0.02500 0.02500 0.00833 0.05000 0.05833 0.10000 0.00000 0.08333 0.03333 0.08333 0.05000 0.05000 0.05000 0.03333 0.05833 0.02500 0.01667 0.05833
Q7UZV3                         0.10000 0.08333 0.02500 0.02500 0.00833 0.04167 0.05833 0.10000 0.00000 0.09167 0.03333 0.09167 0.05000 0.05000 0.05000 0.03333 0.05833 0.02500 0.01667 0.05833
A2C4Z2                         0.09167 0.10000 0.01667 0.03333 0.00833 0.05000 0.05833 0.10000 0.00000 0.07500 0.04167 0.07500 0.05000 0.05000 0.05000 0.03333 0.05833 0.02500 0.01667 0.06667
Q46IR6                         0.10000 0.10000 0.01667 0.03333 0.00833 0.05000 0.05833 0.10000 0.00000 0.07500 0.04167 0.07500 0.05000 0.05000 0.05000 0.03333 0.05000 0.02500 0.01667 0.06667
A4CSM2                         0.10000 0.10000 0.01667 0.01667 0.00833 0.05000 0.06667 0.10000 0.00000 0.09167 0.04167 0.07500 0.05000 0.05000 0.05000 0.03333 0.05833 0.02500 0.01667 0.05000
A2BYS9                         0.10000 0.08333 0.01667 0.02500 0.00833 0.04167 0.05833 0.10000 0.00000 0.09167 0.03333 0.10000 0.05000 0.05000 0.05000 0.03333 0.05833 0.02500 0.01667 0.05833
A3PF40                         0.10000 0.09167 0.02500 0.02500 0.00833 0.05000 0.05833 0.10000 0.00000 0.08333 0.03333 0.08333 0.05000 0.05000 0.05000 0.02500 0.06667 0.02500 0.01667 0.05833
A0ZG68                         0.11667 0.11667 0.02500 0.02500 0.00833 0.05000 0.06667 0.08333 0.00000 0.10833 0.03333 0.05000 0.05000 0.04167 0.05833 0.03333 0.05000 0.02500 0.01667 0.04167
Q7U4J3                         0.10833 0.10000 0.01667 0.01667 0.00833 0.04167 0.07500 0.10000 0.00000 0.10000 0.04167 0.07500 0.05000 0.05000 0.04167 0.03333 0.05833 0.02500 0.01667 0.04167
A8G754                         0.10000 0.09167 0.02500 0.02500 0.00833 0.05000 0.05833 0.10000 0.00000 0.08333 0.03333 0.08333 0.05000 0.05000 0.05000 0.02500 0.05833 0.02500 0.01667 0.06667
Q3AMN7                         0.10000 0.10000 0.01667 0.01667 0.00833 0.05833 0.06667 0.10000 0.00000 0.09167 0.04167 0.07500 0.05000 0.05000 0.05000 0.02500 0.05833 0.02500 0.01667 0.05000
A2BTD0                         0.10000 0.09167 0.02500 0.02500 0.00833 0.05000 0.05833 0.10000 0.00000 0.08333 0.03333 0.08333 0.05000 0.05000 0.05000 0.02500 0.06667 0.02500 0.01667 0.05833
A5GVW7                         0.10000 0.10000 0.01667 0.00833 0.00833 0.04167 0.08333 0.10000 0.00000 0.09167 0.05000 0.08333 0.04167 0.05000 0.04167 0.02500 0.07500 0.02500 0.01667 0.04167
Q3AUW9                         0.10833 0.10000 0.01667 0.01667 0.00833 0.03333 0.07500 0.10833 0.00000 0.09167 0.04167 0.07500 0.05000 0.05000 0.05000 0.02500 0.05833 0.02500 0.01667 0.05000
Q05ZG6                         0.10833 0.10000 0.01667 0.01667 0.00833 0.03333 0.07500 0.10833 0.00000 0.09167 0.04167 0.07500 0.05000 0.05000 0.05000 0.02500 0.05833 0.02500 0.01667 0.05000
Q110B4                         0.10833 0.12500 0.01667 0.01667 0.00000 0.02500 0.08333 0.09167 0.00000 0.08333 0.04167 0.05833 0.05000 0.04167 0.05000 0.05000 0.04167 0.02500 0.02500 0.06667
Q2JV88                         0.11667 0.11667 0.03333 0.00833 0.00833 0.03333 0.06667 0.10000 0.00000 0.06667 0.04167 0.07500 0.04167 0.04167 0.06667 0.01667 0.04167 0.02500 0.02500 0.07500
Q2JIM0                         0.11667 0.11667 0.02500 0.01667 0.00833 0.03333 0.06667 0.10000 0.00000 0.07500 0.04167 0.07500 0.04167 0.04167 0.05833 0.01667 0.04167 0.02500 0.02500 0.07500
Q7NEF9                         0.13333 0.11667 0.01667 0.01667 0.00833 0.02500 0.09167 0.08333 0.00000 0.08333 0.04167 0.05833 0.04167 0.03333 0.05000 0.03333 0.05000 0.01667 0.03333 0.06667
A3YUL2                         0.10833 0.09167 0.01667 0.01667 0.01667 0.05000 0.06667 0.10000 0.00000 0.09167 0.05000 0.07500 0.05000 0.05000 0.05000 0.02500 0.05833 0.02500 0.01667 0.04167

Homogeneity statistic: X2 = 3.57518 G = 3.60172 

Average                        0.10513 0.10500 0.01962 0.01987 0.00526 0.03397 0.07321 0.09462 0.00269 0.08308 0.04654 0.07795 0.04641 0.04423 0.05256 0.03385 0.06064 0.02282 0.01756 0.05500

# constant sites:     35 (29.17%)
ln Lmax (unconstrained) = -532.657507

AA distances (raw proportions of different sites)

A8ESV0         
Q7M8E1           0.1750
D1B4F6           0.1583  0.2000
P56041           0.2083  0.1000  0.2250
A6Q1I5           0.1917  0.1500  0.2000  0.1583
B9KEE7           0.2500  0.2667  0.2000  0.2750  0.2500
A8FP14           0.2500  0.2667  0.1833  0.2750  0.2417  0.0250
A7H649           0.2500  0.2667  0.1833  0.2750  0.2417  0.0250  0.0000
Q4HE68           0.2500  0.2667  0.1833  0.2750  0.2417  0.0250  0.0000  0.0000
Q4HQV4           0.2667  0.2750  0.1833  0.2750  0.2417  0.0500  0.0417  0.0417  0.0417
Q30TV7           0.2583  0.2333  0.1833  0.2500  0.2583  0.2417  0.2417  0.2417  0.2417  0.2500
A6QCQ5           0.2583  0.2333  0.2333  0.2583  0.2583  0.2667  0.2750  0.2750  0.2750  0.2917  0.2167
B9L6M6           0.3167  0.3083  0.2917  0.3167  0.2667  0.2917  0.3000  0.3000  0.3000  0.2917  0.3000  0.3583
B7N197           0.3917  0.3833  0.3583  0.4083  0.3667  0.3583  0.3500  0.3500  0.3500  0.3833  0.4083  0.4500  0.4167
P0ADY7           0.3917  0.3833  0.3583  0.4083  0.3667  0.3583  0.3500  0.3500  0.3500  0.3833  0.4083  0.4500  0.4167  0.0000
B7LRS9           0.3917  0.3833  0.3583  0.4083  0.3667  0.3583  0.3500  0.3500  0.3500  0.3833  0.4083  0.4500  0.4167  0.0000  0.0000
B1XJT2           0.4083  0.4167  0.4083  0.3917  0.4083  0.4000  0.4000  0.4000  0.4000  0.4000  0.4083  0.4167  0.4500  0.4000  0.4000  0.4000
B7KHZ4           0.4000  0.4000  0.3833  0.4167  0.3917  0.3750  0.3667  0.3667  0.3667  0.3833  0.4250  0.4583  0.4167  0.4167  0.4167  0.4167  0.1667
O24696           0.3917  0.4250  0.4333  0.4417  0.4000  0.4250  0.4167  0.4167  0.4167  0.4417  0.4417  0.4667  0.4250  0.4083  0.4083  0.4083  0.1917  0.2000
Q31L14           0.3917  0.4250  0.4333  0.4417  0.4000  0.4250  0.4167  0.4167  0.4167  0.4417  0.4417  0.4667  0.4250  0.4083  0.4083  0.4083  0.1917  0.2000  0.0000
B5W6S4           0.4083  0.4000  0.4000  0.3917  0.3917  0.3583  0.3500  0.3500  0.3500  0.3833  0.3917  0.3833  0.4500  0.4250  0.4250  0.4250  0.1750  0.1583  0.2083  0.2083
B9YIS8           0.4250  0.4417  0.4500  0.4500  0.4333  0.4083  0.4000  0.4000  0.4000  0.4250  0.4167  0.4500  0.4417  0.4333  0.4333  0.4333  0.1917  0.1500  0.1833  0.1833  0.1667
B1WQR7           0.4250  0.4083  0.4083  0.4083  0.4000  0.4000  0.3833  0.3833  0.3833  0.3750  0.4000  0.4500  0.4167  0.4250  0.4250  0.4250  0.1417  0.1833  0.2333  0.2333  0.1667  0.1833
Q3MFB4           0.4250  0.4417  0.4500  0.4500  0.4333  0.4083  0.4083  0.4083  0.4083  0.4333  0.4167  0.4500  0.4417  0.4333  0.4333  0.4333  0.1917  0.1583  0.1833  0.1833  0.1750  0.0250  0.1833
Q8YPI6           0.4250  0.4417  0.4500  0.4500  0.4333  0.4083  0.4083  0.4083  0.4083  0.4333  0.4167  0.4500  0.4417  0.4333  0.4333  0.4333  0.1917  0.1583  0.1833  0.1833  0.1750  0.0250  0.1833  0.0000
P73313           0.4333  0.4167  0.4333  0.4333  0.4250  0.4000  0.3917  0.3917  0.3917  0.3917  0.4000  0.4417  0.4250  0.4250  0.4250  0.4250  0.1750  0.1333  0.2250  0.2250  0.1500  0.1333  0.0917  0.1417  0.1417
B4B3N1           0.4167  0.4083  0.3833  0.4250  0.4000  0.3833  0.3750  0.3750  0.3750  0.3750  0.4250  0.4667  0.4000  0.4333  0.4333  0.4333  0.1750  0.0333  0.2250  0.2250  0.1750  0.1500  0.1667  0.1583  0.1583  0.1167
Q4C110           0.4000  0.3917  0.4083  0.3917  0.3917  0.4000  0.4000  0.4000  0.4000  0.3917  0.4250  0.4583  0.4167  0.4250  0.4250  0.4250  0.1750  0.1583  0.2500  0.2500  0.1917  0.1833  0.0667  0.1833  0.1833  0.1000  0.1417
A3IQ10           0.4333  0.4167  0.4167  0.4167  0.4083  0.4083  0.3833  0.3833  0.3833  0.3750  0.4083  0.4583  0.4250  0.4167  0.4167  0.4167  0.1333  0.1750  0.2333  0.2333  0.1750  0.1750  0.0250  0.1833  0.1833  0.1000  0.1583  0.0833
A0YJT7           0.4583  0.4333  0.4250  0.4250  0.4250  0.4250  0.4000  0.4000  0.4000  0.4167  0.4333  0.4333  0.4667  0.4250  0.4250  0.4250  0.1583  0.1833  0.2083  0.2083  0.1500  0.1917  0.1833  0.2000  0.2000  0.1667  0.1917  0.2167  0.1583
C7QS55           0.4250  0.4083  0.4167  0.3917  0.4083  0.4000  0.3917  0.3917  0.3917  0.3833  0.4000  0.4333  0.4250  0.4167  0.4167  0.4167  0.1167  0.1417  0.2500  0.2500  0.1667  0.1667  0.0917  0.1750  0.1750  0.0917  0.1250  0.1000  0.0833  0.1500
B7K241           0.4250  0.4083  0.4167  0.3917  0.4083  0.4000  0.3917  0.3917  0.3917  0.3833  0.4000  0.4333  0.4250  0.4167  0.4167  0.4167  0.1167  0.1417  0.2500  0.2500  0.1667  0.1667  0.0917  0.1750  0.1750  0.0917  0.1250  0.1000  0.0833  0.1500  0.0000
A2CC34           0.3917  0.4000  0.4083  0.3833  0.3917  0.3833  0.3667  0.3667  0.3667  0.3917  0.4083  0.4250  0.4417  0.4083  0.4083  0.4083  0.2083  0.2167  0.1917  0.1917  0.2250  0.1750  0.2417  0.1667  0.1667  0.2417  0.2250  0.2667  0.2417  0.2250  0.2167  0.2167
Q8DMM5           0.4500  0.4333  0.4500  0.4250  0.4167  0.4333  0.4333  0.4333  0.4333  0.4333  0.4667  0.4583  0.4667  0.4500  0.4500  0.4500  0.1917  0.2000  0.2333  0.2333  0.1667  0.1750  0.2167  0.1667  0.1667  0.1833  0.1917  0.2083  0.2167  0.1833  0.2000  0.2000  0.2500
B8HMR1           0.4500  0.4250  0.4583  0.4500  0.4083  0.4083  0.4000  0.4000  0.4000  0.4167  0.4417  0.4500  0.4417  0.4500  0.4500  0.4500  0.2167  0.1917  0.2167  0.2167  0.1750  0.1583  0.2250  0.1750  0.1750  0.1833  0.1833  0.2250  0.2167  0.2000  0.2250  0.2250  0.2667  0.1417
A3Z8X6           0.4083  0.4083  0.4250  0.3833  0.3917  0.4000  0.3917  0.3917  0.3917  0.4083  0.4167  0.4417  0.4500  0.4083  0.4083  0.4083  0.2250  0.2500  0.2000  0.2000  0.2667  0.2167  0.2833  0.2083  0.2083  0.2583  0.2750  0.3000  0.2833  0.2583  0.2500  0.2500  0.0583  0.2917  0.3083
B2ITP8           0.4417  0.4583  0.4667  0.4583  0.4583  0.4250  0.4167  0.4167  0.4167  0.4417  0.4333  0.4667  0.4583  0.4500  0.4500  0.4500  0.2083  0.1750  0.1750  0.1750  0.1667  0.0333  0.2000  0.0583  0.0583  0.1583  0.1750  0.2000  0.1917  0.1917  0.1833  0.1833  0.1833  0.2083  0.1917  0.2250
Q05QC0           0.4000  0.3917  0.4083  0.3750  0.3833  0.3750  0.3667  0.3667  0.3667  0.3917  0.4000  0.4250  0.4333  0.4083  0.4083  0.4083  0.2083  0.2250  0.2000  0.2000  0.2333  0.2000  0.2667  0.1917  0.1917  0.2667  0.2500  0.2833  0.2667  0.2417  0.2333  0.2333  0.0500  0.2750  0.2833  0.0500  0.2083
Q7V536           0.4083  0.4167  0.4250  0.3917  0.4000  0.4000  0.3833  0.3833  0.3833  0.3917  0.4250  0.4417  0.4500  0.4250  0.4250  0.4250  0.2167  0.2333  0.2083  0.2083  0.2417  0.1917  0.2500  0.1833  0.1833  0.2583  0.2417  0.2750  0.2500  0.2417  0.2250  0.2250  0.0167  0.2667  0.2833  0.0667  0.2000  0.0667
Q0ID12           0.4083  0.4167  0.4333  0.4000  0.4083  0.4000  0.3917  0.3917  0.3917  0.4167  0.4250  0.4500  0.4417  0.4333  0.4333  0.4333  0.2250  0.2417  0.2167  0.2167  0.2583  0.2000  0.2667  0.1917  0.1917  0.2583  0.2500  0.2917  0.2667  0.2583  0.2333  0.2333  0.0500  0.2750  0.2917  0.0750  0.2083  0.0500  0.0500
A9BCP0           0.4167  0.4167  0.4333  0.3917  0.3917  0.4083  0.4000  0.4000  0.4000  0.4167  0.4333  0.4417  0.4667  0.4250  0.4250  0.4250  0.2083  0.2417  0.2250  0.2250  0.2500  0.2000  0.2583  0.1917  0.1917  0.2583  0.2500  0.2833  0.2583  0.2417  0.2167  0.2167  0.0667  0.2667  0.2917  0.0833  0.1917  0.0833  0.0750  0.0750
B0C1E0           0.4167  0.4083  0.4167  0.4167  0.3667  0.4000  0.4000  0.4000  0.4000  0.4083  0.4500  0.4500  0.4167  0.4083  0.4083  0.4083  0.1917  0.1917  0.2083  0.2083  0.1833  0.2167  0.2000  0.2167  0.2167  0.1917  0.1833  0.1833  0.2083  0.1750  0.2000  0.2000  0.2500  0.1750  0.1667  0.2750  0.2250  0.2750  0.2583  0.2750  0.2500
Q7V9W9           0.4250  0.4250  0.4417  0.4083  0.4167  0.4167  0.4083  0.4083  0.4083  0.4333  0.4500  0.4583  0.4667  0.4333  0.4333  0.4333  0.2167  0.2333  0.2250  0.2250  0.2333  0.2000  0.2667  0.1917  0.1917  0.2583  0.2417  0.2833  0.2667  0.2417  0.2250  0.2250  0.0833  0.2500  0.2917  0.1167  0.1917  0.1000  0.0833  0.0750  0.0333  0.2583
A5GIT8           0.4083  0.4167  0.4333  0.4000  0.4083  0.4000  0.3917  0.3917  0.3917  0.4167  0.4250  0.4500  0.4417  0.4333  0.4333  0.4333  0.2250  0.2417  0.2167  0.2167  0.2583  0.2000  0.2500  0.1917  0.1917  0.2500  0.2500  0.2750  0.2500  0.2583  0.2333  0.2333  0.0500  0.2750  0.2917  0.0583  0.2083  0.0417  0.0667  0.0333  0.0750  0.2750  0.0917
B0JHZ6           0.4333  0.4167  0.4167  0.4083  0.4083  0.3917  0.3917  0.3917  0.3917  0.4000  0.4000  0.4333  0.4583  0.4333  0.4333  0.4333  0.1667  0.1333  0.2417  0.2417  0.1417  0.1750  0.1167  0.1750  0.1750  0.1250  0.1500  0.1500  0.1417  0.2250  0.1417  0.1417  0.2500  0.2167  0.2083  0.2833  0.2000  0.2583  0.2583  0.2667  0.2583  0.2417  0.2667  0.2500
Q318J1           0.4583  0.4417  0.4750  0.4333  0.4500  0.4583  0.4500  0.4500  0.4500  0.4750  0.4500  0.4833  0.4833  0.4417  0.4417  0.4417  0.2333  0.2833  0.2250  0.2250  0.2750  0.2167  0.2917  0.2083  0.2083  0.2750  0.2917  0.3083  0.2750  0.2333  0.2583  0.2583  0.1167  0.2750  0.2917  0.1250  0.2083  0.1250  0.1167  0.1083  0.1250  0.3000  0.1083  0.1083  0.2833
Q7UZV3           0.4500  0.4500  0.4667  0.4417  0.4417  0.4500  0.4417  0.4417  0.4417  0.4667  0.4583  0.4917  0.4833  0.4333  0.4333  0.4333  0.2417  0.2583  0.2167  0.2167  0.2833  0.2167  0.3000  0.2083  0.2083  0.2833  0.2667  0.3167  0.2833  0.2667  0.2667  0.2667  0.1167  0.2833  0.2917  0.1250  0.2250  0.1250  0.1167  0.1083  0.1417  0.3000  0.1250  0.1083  0.2917  0.0417
A2C4Z2           0.4417  0.4500  0.4667  0.4250  0.4333  0.4417  0.4333  0.4333  0.4333  0.4500  0.4667  0.4750  0.4833  0.4500  0.4500  0.4500  0.2333  0.2667  0.2417  0.2417  0.2750  0.2250  0.2833  0.2167  0.2167  0.2667  0.2750  0.3083  0.2833  0.2667  0.2500  0.2500  0.1000  0.2917  0.3167  0.1000  0.2167  0.1083  0.0917  0.0833  0.0750  0.2917  0.0667  0.0833  0.2750  0.0667  0.0833
Q46IR6           0.4417  0.4500  0.4667  0.4250  0.4333  0.4417  0.4333  0.4333  0.4333  0.4500  0.4667  0.4750  0.4833  0.4500  0.4500  0.4500  0.2333  0.2667  0.2417  0.2417  0.2750  0.2250  0.2833  0.2167  0.2167  0.2667  0.2750  0.3083  0.2833  0.2667  0.2500  0.2500  0.1000  0.2917  0.3167  0.1000  0.2167  0.1083  0.0917  0.0833  0.0750  0.2917  0.0667  0.0833  0.2750  0.0667  0.0833  0.0083
A4CSM2           0.4167  0.4250  0.4417  0.4083  0.4167  0.4083  0.4000  0.4000  0.4000  0.4250  0.4333  0.4583  0.4417  0.4417  0.4417  0.4417  0.2333  0.2500  0.2250  0.2250  0.2667  0.2083  0.2583  0.2000  0.2000  0.2583  0.2583  0.2833  0.2583  0.2667  0.2417  0.2417  0.0583  0.2833  0.3000  0.0667  0.2167  0.0500  0.0583  0.0250  0.0833  0.2833  0.0833  0.0083  0.2583  0.1000  0.1000  0.0750  0.0750
A2BYS9           0.4500  0.4500  0.4667  0.4417  0.4417  0.4500  0.4417  0.4417  0.4417  0.4667  0.4583  0.4917  0.4833  0.4333  0.4333  0.4333  0.2417  0.2583  0.2167  0.2167  0.2833  0.2167  0.3000  0.2083  0.2083  0.2833  0.2667  0.3167  0.2833  0.2583  0.2667  0.2667  0.1167  0.2833  0.2917  0.1250  0.2250  0.1250  0.1167  0.1083  0.1417  0.2917  0.1250  0.1083  0.2917  0.0417  0.0167  0.0833  0.0833  0.1000
A3PF40           0.4583  0.4500  0.4750  0.4333  0.4500  0.4583  0.4500  0.4500  0.4500  0.4750  0.4500  0.4833  0.4750  0.4417  0.4417  0.4417  0.2417  0.2917  0.2167  0.2167  0.2750  0.2250  0.2917  0.2167  0.2167  0.2750  0.3000  0.3083  0.2833  0.2417  0.2667  0.2667  0.1250  0.2750  0.2917  0.1333  0.2167  0.1333  0.1250  0.1167  0.1333  0.2917  0.1167  0.1167  0.2833  0.0167  0.0583  0.0750  0.0750  0.1083  0.0583
A0ZG68           0.4583  0.4750  0.4667  0.4667  0.4750  0.4333  0.4333  0.4333  0.4333  0.4583  0.4583  0.4667  0.4917  0.4333  0.4333  0.4333  0.1667  0.1833  0.2083  0.2083  0.1750  0.1167  0.2083  0.1167  0.1167  0.1917  0.1917  0.2167  0.1917  0.1583  0.2083  0.2083  0.2250  0.1750  0.2250  0.2500  0.1250  0.2333  0.2417  0.2500  0.2250  0.2417  0.2250  0.2333  0.2000  0.2333  0.2500  0.2500  0.2500  0.2417  0.2500  0.2417
Q7U4J3           0.4250  0.4333  0.4417  0.4167  0.4250  0.4167  0.4000  0.4000  0.4000  0.4250  0.4417  0.4667  0.4583  0.4417  0.4417  0.4417  0.2333  0.2500  0.2250  0.2250  0.2833  0.2250  0.2667  0.2167  0.2167  0.2833  0.2750  0.3000  0.2667  0.2583  0.2583  0.2583  0.0667  0.3000  0.3167  0.0833  0.2333  0.0583  0.0667  0.0500  0.1000  0.2917  0.1000  0.0417  0.2750  0.1333  0.1333  0.1083  0.1083  0.0333  0.1333  0.1417  0.2417
A8G754           0.4583  0.4500  0.4750  0.4333  0.4500  0.4583  0.4500  0.4500  0.4500  0.4750  0.4500  0.4833  0.4833  0.4417  0.4417  0.4417  0.2417  0.2917  0.2250  0.2250  0.2667  0.2250  0.2833  0.2167  0.2167  0.2667  0.3000  0.3000  0.2833  0.2417  0.2667  0.2667  0.1250  0.2667  0.2833  0.1333  0.2167  0.1333  0.1250  0.1167  0.1333  0.3000  0.1167  0.1167  0.2750  0.0167  0.0583  0.0750  0.0750  0.1083  0.0583  0.0083  0.2417  0.1417
Q3AMN7           0.4167  0.4250  0.4417  0.4083  0.4167  0.4083  0.4000  0.4000  0.4000  0.4250  0.4333  0.4583  0.4500  0.4417  0.4417  0.4417  0.2333  0.2500  0.2250  0.2250  0.2667  0.2083  0.2583  0.2000  0.2000  0.2667  0.2583  0.2833  0.2583  0.2667  0.2417  0.2417  0.0583  0.2833  0.3000  0.0750  0.2167  0.0500  0.0583  0.0250  0.0833  0.2833  0.0833  0.0167  0.2583  0.1083  0.1083  0.0833  0.0833  0.0083  0.1083  0.1167  0.2417  0.0333  0.1167
A2BTD0           0.4583  0.4500  0.4750  0.4333  0.4500  0.4583  0.4500  0.4500  0.4500  0.4750  0.4500  0.4833  0.4750  0.4417  0.4417  0.4417  0.2417  0.2917  0.2167  0.2167  0.2750  0.2250  0.2917  0.2167  0.2167  0.2750  0.3000  0.3083  0.2833  0.2417  0.2667  0.2667  0.1250  0.2750  0.2917  0.1333  0.2167  0.1333  0.1250  0.1167  0.1333  0.2917  0.1167  0.1167  0.2833  0.0167  0.0583  0.0750  0.0750  0.1083  0.0583  0.0000  0.2417  0.1417  0.0083  0.1167
A5GVW7           0.4250  0.4083  0.4333  0.3917  0.4000  0.4083  0.4000  0.4000  0.4000  0.4250  0.4250  0.4583  0.4250  0.4333  0.4333  0.4333  0.2500  0.2417  0.2167  0.2167  0.2333  0.2000  0.2583  0.1917  0.1917  0.2667  0.2500  0.2750  0.2667  0.2583  0.2417  0.2417  0.1083  0.2583  0.2833  0.1333  0.2083  0.1083  0.1083  0.1000  0.1333  0.2917  0.1167  0.0917  0.2417  0.1500  0.1417  0.1417  0.1417  0.0833  0.1417  0.1500  0.2333  0.1000  0.1500  0.0833  0.1500
Q3AUW9           0.4167  0.4167  0.4250  0.4000  0.4083  0.4167  0.4000  0.4000  0.4000  0.4250  0.4333  0.4500  0.4417  0.4417  0.4417  0.4417  0.2333  0.2500  0.2250  0.2250  0.2583  0.2083  0.2500  0.2000  0.2000  0.2750  0.2583  0.2750  0.2500  0.2500  0.2417  0.2417  0.0583  0.2750  0.3000  0.0917  0.2167  0.0583  0.0583  0.0583  0.0917  0.2667  0.0917  0.0500  0.2667  0.1250  0.1250  0.1083  0.1083  0.0417  0.1250  0.1333  0.2417  0.0417  0.1333  0.0417  0.1333  0.1000
Q05ZG6           0.4167  0.4167  0.4250  0.4000  0.4083  0.4167  0.4000  0.4000  0.4000  0.4250  0.4333  0.4500  0.4417  0.4417  0.4417  0.4417  0.2333  0.2500  0.2250  0.2250  0.2583  0.2083  0.2500  0.2000  0.2000  0.2750  0.2583  0.2750  0.2500  0.2500  0.2417  0.2417  0.0583  0.2750  0.3000  0.0917  0.2167  0.0583  0.0583  0.0583  0.0917  0.2667  0.0917  0.0500  0.2667  0.1250  0.1250  0.1083  0.1083  0.0417  0.1250  0.1333  0.2417  0.0417  0.1333  0.0417  0.1333  0.1000  0.0000
Q110B4           0.4667  0.4500  0.4167  0.4333  0.4250  0.4167  0.4083  0.4083  0.4083  0.4250  0.4250  0.4333  0.4750  0.4417  0.4417  0.4417  0.1917  0.2167  0.2417  0.2417  0.1333  0.2167  0.1667  0.2167  0.2167  0.1750  0.2083  0.2167  0.1667  0.1500  0.1833  0.1833  0.2417  0.2000  0.2250  0.2750  0.2000  0.2500  0.2583  0.2500  0.2333  0.2000  0.2333  0.2333  0.1750  0.2667  0.2750  0.2500  0.2500  0.2417  0.2750  0.2750  0.2000  0.2667  0.2750  0.2417  0.2750  0.2417  0.2583  0.2583
Q2JV88           0.4583  0.4667  0.4417  0.4583  0.4250  0.4583  0.4417  0.4417  0.4417  0.4417  0.4917  0.4833  0.4667  0.4167  0.4167  0.4167  0.2417  0.2417  0.2333  0.2333  0.2583  0.2500  0.2667  0.2500  0.2500  0.2667  0.2417  0.2583  0.2583  0.2333  0.2333  0.2333  0.2583  0.2583  0.2750  0.3000  0.2417  0.2833  0.2667  0.2917  0.2500  0.2167  0.2500  0.2917  0.2750  0.2917  0.2833  0.2833  0.2750  0.3000  0.2833  0.2833  0.2583  0.3083  0.2917  0.3000  0.2833  0.3000  0.2917  0.2917  0.2833
Q2JIM0           0.4583  0.4667  0.4500  0.4583  0.4250  0.4583  0.4417  0.4417  0.4417  0.4417  0.5000  0.4750  0.4833  0.4250  0.4250  0.4250  0.2167  0.2333  0.2333  0.2333  0.2500  0.2417  0.2333  0.2417  0.2417  0.2667  0.2333  0.2333  0.2250  0.2250  0.2167  0.2167  0.2417  0.2583  0.2750  0.2833  0.2333  0.2667  0.2500  0.2833  0.2417  0.2333  0.2417  0.2667  0.2417  0.2833  0.2750  0.2750  0.2750  0.2750  0.2750  0.2917  0.2333  0.2833  0.2917  0.2750  0.2917  0.2833  0.2583  0.2583  0.2583  0.0500
Q7NEF9           0.5000  0.4833  0.4833  0.4667  0.4583  0.4500  0.4417  0.4417  0.4417  0.4583  0.4750  0.4500  0.4750  0.4417  0.4417  0.4417  0.2417  0.2583  0.2833  0.2833  0.2167  0.2250  0.2250  0.2250  0.2250  0.2417  0.2500  0.2750  0.2333  0.2167  0.2167  0.2167  0.2833  0.2333  0.2500  0.3250  0.2417  0.3083  0.3000  0.3000  0.2917  0.2750  0.2917  0.2833  0.2167  0.3167  0.3167  0.3083  0.3083  0.2917  0.3167  0.3250  0.2333  0.3083  0.3250  0.2917  0.3250  0.2667  0.3000  0.3000  0.1750  0.2583  0.2250
A3YUL2           0.4167  0.4250  0.4417  0.4000  0.4083  0.4083  0.4000  0.4000  0.4000  0.4167  0.4417  0.4667  0.4583  0.4333  0.4333  0.4333  0.2250  0.2333  0.2167  0.2167  0.2500  0.2000  0.2667  0.1917  0.1917  0.2667  0.2417  0.2833  0.2667  0.2667  0.2333  0.2333  0.0583  0.2583  0.2917  0.0833  0.2083  0.0833  0.0500  0.0500  0.0667  0.2583  0.0583  0.0667  0.2667  0.1250  0.1167  0.0917  0.0833  0.0583  0.1167  0.1333  0.2500  0.0750  0.1333  0.0583  0.1333  0.1000  0.0833  0.0833  0.2583  0.2667  0.2667  0.3000


TREE #  1:  (16, 14, (15, (((8, (9, (7, (10, 6)))), (11, (3, ((2, 4), (1, (12, (5, 13))))))), (((((48, 49), ((47, 51), (46, (55, (52, 57))))), (41, 43)), ((36, 38), (((33, 39), (44, (50, (40, (56, (54, (59, 60))))))), (58, 65)))), ((19, 20), ((62, 63), ((53, (37, (22, (24, 25)))), (((18, 27), ((26, ((28, (23, 29)), (17, (31, 32)))), 45)), (21, ((42, (34, 35)), (30, (64, 61))))))))))));   MP score: 541
lnL(ntime: 63  np: 64):  -3359.836201      +0.000000
  66..16   66..14   66..67   67..15   67..68   68..69   69..70   70..8    70..71   71..9    71..72   72..7    72..73   73..10   73..6    69..74   74..11   74..75   75..3    75..76   76..77   77..2    77..4    76..78   78..1    78..79   79..12   79..80   80..5    80..13   68..81   81..82   82..83   83..84   84..85   85..48   85..49   84..86   86..87   87..47   87..51   86..88   88..46   88..89   89..55   89..90   90..52   90..57   83..91   91..41   91..43   82..92   92..93   93..36   93..38   92..94   94..95   95..96   96..33   96..39   95..97   97..44   97..98   98..50   98..99   99..40   99..100 100..56  100..101 101..54  101..102 102..59  102..60   94..103 103..58  103..65   81..104 104..105 105..19  105..20  104..106 106..107 107..62  107..63  106..108 108..109 109..53  109..110 110..37  110..111 111..22  111..112 112..24  112..25  108..113 113..114 114..115 115..18  115..27  114..116 116..117 117..26  117..118 118..119 119..28  119..120 120..23  120..29  118..121 121..17  121..122 122..31  122..32  116..45  113..123 123..21  123..124 124..125 125..42  125..126 126..34  126..35  124..127 127..30  127..128 128..64  128..61 
 0.408444 0.408443 0.329981 0.221869 0.013883 0.013883 0.013883 0.011490 0.194968 0.182521 0.166171 0.065016 0.161620 0.157054 0.142708 0.226288 0.077025 0.065331 0.047733 0.005953 0.022965 0.006896 0.013041 0.003607 0.000000 0.019301 0.061888 0.030368 0.061888 0.061888 0.011036 0.022196 0.022196 0.022196 0.022196 0.014419 0.000000 0.051600 0.216994 0.000000 0.205197 0.027515 0.175042 0.085068 0.025996 0.019121 0.000000 0.161434 0.118639 0.021825 0.118639 0.088975 0.071265 0.048715 0.014857 0.061676 0.000000 0.148718 0.140613 0.114451 0.087708 0.140613 0.106858 0.549870

tree length =   6.37875

(16: 0.408444, 14: 0.408444, (15: 0.408443, (((8: 0.013883, (9: 0.013883, (7: 0.013883, (10: 0.011490, 6: 0.011490): 0.002393): 0.000000): 0.000000): 0.207986, (11: 0.194968, (3: 0.182521, ((2: 0.065016, 4: 0.065016): 0.101155, (1: 0.161620, (12: 0.157054, (5: 0.142708, 13: 0.142708): 0.014346): 0.004565): 0.004552): 0.016350): 0.012447): 0.026900): 0.108112, (((((48: 0.005953, 49: 0.005953): 0.041780, ((47: 0.006896, 51: 0.006896): 0.016070, (46: 0.013041, (55: 0.003607, (52: 0.000000, 57: 0.000000): 0.003607): 0.009434): 0.009924): 0.024768): 0.017598, (41: 0.019301, 43: 0.019301): 0.046030): 0.011694, ((36: 0.030368, 38: 0.030368): 0.031521, (((33: 0.011036, 39: 0.011036): 0.050852, (44: 0.022196, (50: 0.022196, (40: 0.022196, (56: 0.022196, (54: 0.014419, (59: 0.000000, 60: 0.000000): 0.014419): 0.007777): 0.000000): 0.000000): 0.000000): 0.039692): 0.000000, (58: 0.051600, 65: 0.051600): 0.010289): 0.000000): 0.015137): 0.149263, ((19: 0.000000, 20: 0.000000): 0.216994, ((62: 0.027515, 63: 0.027515): 0.177682, ((53: 0.085068, (37: 0.025996, (22: 0.019121, (24: 0.000000, 25: 0.000000): 0.019121): 0.006875): 0.059071): 0.089974, (((18: 0.021825, 27: 0.021825): 0.096814, ((26: 0.088975, ((28: 0.048715, (23: 0.014857, 29: 0.014857): 0.033858): 0.022550, (17: 0.061676, (31: 0.000000, 32: 0.000000): 0.061676): 0.009588): 0.017710): 0.029664, 45: 0.118639): 0.000000): 0.042795, (21: 0.148718, ((42: 0.114451, (34: 0.087708, 35: 0.087708): 0.026743): 0.026162, (30: 0.140613, (64: 0.106858, 61: 0.106858): 0.033755): 0.000000): 0.008105): 0.012716): 0.013609): 0.030154): 0.011797): 0.009294): 0.103693): 0.078463): 0.000000);

(B7LRS9: 0.408444, B7N197: 0.408444, (P0ADY7: 0.408443, (((A7H649: 0.013883, (Q4HE68: 0.013883, (A8FP14: 0.013883, (Q4HQV4: 0.011490, B9KEE7: 0.011490): 0.002393): 0.000000): 0.000000): 0.207986, (Q30TV7: 0.194968, (D1B4F6: 0.182521, ((Q7M8E1: 0.065016, P56041: 0.065016): 0.101155, (A8ESV0: 0.161620, (A6QCQ5: 0.157054, (A6Q1I5: 0.142708, B9L6M6: 0.142708): 0.014346): 0.004565): 0.004552): 0.016350): 0.012447): 0.026900): 0.108112, (((((A2C4Z2: 0.005953, Q46IR6: 0.005953): 0.041780, ((Q7UZV3: 0.006896, A2BYS9: 0.006896): 0.016070, (Q318J1: 0.013041, (A8G754: 0.003607, (A3PF40: 0.000000, A2BTD0: 0.000000): 0.003607): 0.009434): 0.009924): 0.024768): 0.017598, (A9BCP0: 0.019301, Q7V9W9: 0.019301): 0.046030): 0.011694, ((A3Z8X6: 0.030368, Q05QC0: 0.030368): 0.031521, (((A2CC34: 0.011036, Q7V536: 0.011036): 0.050852, (A5GIT8: 0.022196, (A4CSM2: 0.022196, (Q0ID12: 0.022196, (Q3AMN7: 0.022196, (Q7U4J3: 0.014419, (Q3AUW9: 0.000000, Q05ZG6: 0.000000): 0.014419): 0.007777): 0.000000): 0.000000): 0.000000): 0.039692): 0.000000, (A5GVW7: 0.051600, A3YUL2: 0.051600): 0.010289): 0.000000): 0.015137): 0.149263, ((O24696: 0.000000, Q31L14: 0.000000): 0.216994, ((Q2JV88: 0.027515, Q2JIM0: 0.027515): 0.177682, ((A0ZG68: 0.085068, (B2ITP8: 0.025996, (B9YIS8: 0.019121, (Q3MFB4: 0.000000, Q8YPI6: 0.000000): 0.019121): 0.006875): 0.059071): 0.089974, (((B7KHZ4: 0.021825, B4B3N1: 0.021825): 0.096814, ((P73313: 0.088975, ((Q4C110: 0.048715, (B1WQR7: 0.014857, A3IQ10: 0.014857): 0.033858): 0.022550, (B1XJT2: 0.061676, (C7QS55: 0.000000, B7K241: 0.000000): 0.061676): 0.009588): 0.017710): 0.029664, B0JHZ6: 0.118639): 0.000000): 0.042795, (B5W6S4: 0.148718, ((B0C1E0: 0.114451, (Q8DMM5: 0.087708, B8HMR1: 0.087708): 0.026743): 0.026162, (A0YJT7: 0.140613, (Q7NEF9: 0.106858, Q110B4: 0.106858): 0.033755): 0.000000): 0.008105): 0.012716): 0.013609): 0.030154): 0.011797): 0.009294): 0.103693): 0.078463): 0.000000);

(16_B7LRS9, 14_B7N197, (15_P0ADY7, (((8_A7H649, (9_Q4HE68, (7_A8FP14, (10_Q4HQV4, 6_B9KEE7) 73 ) 72 ) 71 ) 70 , (11_Q30TV7, (3_D1B4F6, ((2_Q7M8E1, 4_P56041) 77 , (1_A8ESV0, (12_A6QCQ5, (5_A6Q1I5, 13_B9L6M6) 80 ) 79 ) 78 ) 76 ) 75 ) 74 ) 69 , (((((48_A2C4Z2, 49_Q46IR6) 85 , ((47_Q7UZV3, 51_A2BYS9) 87 , (46_Q318J1, (55_A8G754, (52_A3PF40, 57_A2BTD0) 90 ) 89 ) 88 ) 86 ) 84 , (41_A9BCP0, 43_Q7V9W9) 91 ) 83 , ((36_A3Z8X6, 38_Q05QC0) 93 , (((33_A2CC34, 39_Q7V536) 96 , (44_A5GIT8, (50_A4CSM2, (40_Q0ID12, (56_Q3AMN7, (54_Q7U4J3, (59_Q3AUW9, 60_Q05ZG6) 102 ) 101 ) 100 ) 99 ) 98 ) 97 ) 95 , (58_A5GVW7, 65_A3YUL2) 103 ) 94 ) 92 ) 82 , ((19_O24696, 20_Q31L14) 105 , ((62_Q2JV88, 63_Q2JIM0) 107 , ((53_A0ZG68, (37_B2ITP8, (22_B9YIS8, (24_Q3MFB4, 25_Q8YPI6) 112 ) 111 ) 110 ) 109 , (((18_B7KHZ4, 27_B4B3N1) 115 , ((26_P73313, ((28_Q4C110, (23_B1WQR7, 29_A3IQ10) 120 ) 119 , (17_B1XJT2, (31_C7QS55, 32_B7K241) 122 ) 121 ) 118 ) 117 , 45_B0JHZ6) 116 ) 114 , (21_B5W6S4, ((42_B0C1E0, (34_Q8DMM5, 35_B8HMR1) 126 ) 125 , (30_A0YJT7, (64_Q7NEF9, 61_Q110B4) 128 ) 127 ) 124 ) 123 ) 113 ) 108 ) 106 ) 104 ) 81 ) 68 ) 67 ) 66 ;

Detailed output identifying parameters

alpha (gamma, K = 4) =  0.54987
rate:   0.04296  0.28323  0.85342  2.82039
freq:   0.25000  0.25000  0.25000  0.25000

Time used:  2:53
