AAML (in paml version 4.6, August 2012)  304.aa
Model: Empirical for branches,  (../../../bin/LG.dat) dGamma (ncatG=4) ns =  65  ls = 184


Frequencies..
                                    A      R      N      D      C      Q      E      G      H      I      L      K      M      F      P      S      T      W      Y      V
A8EWE1                         0.04348 0.02174 0.02174 0.07065 0.01087 0.05978 0.08152 0.09783 0.01630 0.07609 0.06522 0.09239 0.03804 0.04891 0.04891 0.02717 0.05435 0.00543 0.03804 0.08152
D1B041                         0.05435 0.01087 0.02717 0.07609 0.01087 0.04348 0.08152 0.09239 0.02717 0.07065 0.05435 0.10326 0.03261 0.04891 0.04891 0.03261 0.04891 0.00543 0.03261 0.09783
A6Q7Q7                         0.04348 0.01087 0.02174 0.06522 0.00000 0.04891 0.09783 0.10326 0.02717 0.05978 0.06522 0.10326 0.03804 0.05435 0.04348 0.01630 0.07609 0.00000 0.02174 0.10326
Q7M904                         0.04891 0.01630 0.03261 0.06522 0.00543 0.04348 0.09239 0.07609 0.03261 0.04891 0.05978 0.09783 0.03261 0.04348 0.04348 0.04891 0.04891 0.00543 0.04348 0.11413
B9KD70                         0.04891 0.02174 0.02717 0.07065 0.01087 0.04891 0.09783 0.09239 0.02174 0.08152 0.05435 0.10326 0.03261 0.04348 0.04348 0.02717 0.04891 0.00543 0.03261 0.08696
P56004                         0.07065 0.01087 0.02717 0.05435 0.00543 0.04891 0.09783 0.07609 0.02717 0.05978 0.07609 0.10326 0.02717 0.03261 0.03804 0.04348 0.04891 0.00543 0.03804 0.10870
Q4HHP5                         0.05435 0.02174 0.02717 0.07065 0.01087 0.03804 0.10326 0.08696 0.02174 0.07065 0.05435 0.10326 0.03261 0.04348 0.04348 0.03261 0.04348 0.00543 0.03261 0.10326
A8FKX4                         0.05435 0.02174 0.02717 0.08152 0.01087 0.04348 0.08696 0.08696 0.02174 0.07609 0.05435 0.10326 0.03261 0.04348 0.04348 0.02717 0.04891 0.00543 0.03261 0.09783
A7H4J1                         0.05435 0.02174 0.02717 0.08152 0.01087 0.04348 0.08696 0.08696 0.02174 0.07609 0.05435 0.10326 0.03261 0.04348 0.04348 0.02717 0.04891 0.00543 0.03261 0.09783
Q4HSZ7                         0.05978 0.01630 0.02717 0.07065 0.01087 0.04891 0.09239 0.08152 0.02174 0.07065 0.05435 0.10870 0.03261 0.03804 0.04348 0.02717 0.05435 0.00543 0.03261 0.10326
A6Q2S5                         0.05978 0.02717 0.02717 0.07065 0.00000 0.03261 0.08152 0.08696 0.03261 0.05435 0.07065 0.09783 0.03261 0.03261 0.04348 0.01630 0.08696 0.00000 0.04348 0.10326
Q30S45                         0.04891 0.02174 0.03261 0.07609 0.01630 0.04348 0.07609 0.08152 0.01630 0.07065 0.04891 0.09239 0.03261 0.05435 0.04348 0.04348 0.05978 0.00543 0.04348 0.09239
B9L9K9                         0.04348 0.04348 0.04348 0.07609 0.01087 0.01087 0.09239 0.07065 0.02717 0.05435 0.08152 0.09783 0.02174 0.03261 0.04348 0.03261 0.04891 0.00000 0.05978 0.10870
Q2JP65                         0.07609 0.04348 0.04348 0.04348 0.00000 0.03804 0.09239 0.08696 0.00543 0.05978 0.07065 0.07065 0.03261 0.02717 0.04891 0.02717 0.08152 0.00543 0.03261 0.11413
Q2JUZ8                         0.07609 0.04891 0.03804 0.04891 0.00000 0.03261 0.09239 0.08696 0.00543 0.05435 0.06522 0.07065 0.03804 0.03261 0.04891 0.03261 0.07065 0.00543 0.03261 0.11957
B7MSG8                         0.08152 0.03804 0.04348 0.07065 0.00543 0.02717 0.07065 0.08696 0.00543 0.03804 0.08152 0.06522 0.01630 0.04891 0.04348 0.04891 0.08152 0.01630 0.03261 0.09783
P0A6N4                         0.08152 0.03804 0.04348 0.07065 0.00543 0.02717 0.07065 0.08696 0.00543 0.03804 0.08152 0.06522 0.01630 0.04891 0.04348 0.04891 0.08152 0.01630 0.03261 0.09783
B7LLS9                         0.08152 0.03804 0.04348 0.07065 0.00543 0.02717 0.07065 0.08696 0.00543 0.03804 0.08152 0.06522 0.01630 0.04891 0.04348 0.04891 0.08152 0.01630 0.03261 0.09783
B5W8H5                         0.04348 0.04891 0.04891 0.07609 0.00000 0.03804 0.07609 0.09239 0.01630 0.03804 0.06522 0.05435 0.03804 0.03804 0.03804 0.04348 0.09783 0.01087 0.02717 0.10870
A2BNF2                         0.03804 0.03804 0.03261 0.04348 0.00000 0.04348 0.09239 0.09783 0.01630 0.05435 0.07065 0.07065 0.03261 0.04348 0.02717 0.07065 0.08696 0.00543 0.02174 0.11413
A0ZHD6                         0.04348 0.05435 0.02717 0.04891 0.00000 0.03804 0.10326 0.09783 0.01087 0.04891 0.07065 0.07065 0.03261 0.03261 0.03804 0.04891 0.07065 0.01087 0.02174 0.13043
A3PA73                         0.03804 0.04348 0.03804 0.04348 0.00000 0.03804 0.09239 0.09783 0.01630 0.05435 0.07065 0.07065 0.03261 0.04348 0.02717 0.07065 0.08152 0.00543 0.02174 0.11413
A8G213                         0.03804 0.04348 0.03261 0.04348 0.00000 0.03804 0.09239 0.09783 0.01630 0.05435 0.07065 0.07065 0.03261 0.04348 0.02717 0.07609 0.08152 0.00543 0.02174 0.11413
Q116D6                         0.03804 0.05435 0.04891 0.05435 0.00000 0.03804 0.10326 0.08696 0.01087 0.05435 0.05435 0.05978 0.03804 0.03804 0.03804 0.05978 0.07065 0.01087 0.02174 0.11957
A3IRM1                         0.04348 0.04891 0.02717 0.05435 0.00000 0.04348 0.10326 0.08696 0.01087 0.04348 0.05978 0.05978 0.03804 0.04348 0.03804 0.05435 0.09783 0.01087 0.02174 0.11413
B0C899                         0.03804 0.05435 0.02717 0.04891 0.00000 0.05435 0.10326 0.09239 0.01087 0.03804 0.05978 0.05978 0.03261 0.03804 0.03261 0.07609 0.06522 0.01087 0.02174 0.13587
B0JHV3                         0.04348 0.05435 0.02717 0.06522 0.00000 0.03261 0.08696 0.09239 0.01087 0.06522 0.05978 0.05978 0.03804 0.04891 0.03804 0.04891 0.10326 0.01087 0.01630 0.09783
A3Z3X6                         0.04891 0.04348 0.02717 0.04891 0.00000 0.03804 0.09239 0.09239 0.01087 0.03804 0.08152 0.07065 0.04348 0.03261 0.03804 0.06522 0.08696 0.01087 0.02717 0.10326
Q4C625                         0.04348 0.04891 0.03261 0.05978 0.00000 0.03261 0.09783 0.08696 0.01087 0.03261 0.05978 0.05978 0.03804 0.04891 0.03804 0.04348 0.11957 0.01087 0.02174 0.11413
A2BZC9                         0.04891 0.04891 0.02717 0.04891 0.00000 0.02174 0.10326 0.08696 0.01087 0.04891 0.07609 0.08152 0.03804 0.03804 0.03804 0.06522 0.07609 0.01087 0.02174 0.10870
Q0IE51                         0.05435 0.04348 0.02717 0.04891 0.00000 0.03804 0.09783 0.08696 0.01087 0.03804 0.08696 0.07609 0.03804 0.03804 0.03261 0.05435 0.09239 0.01087 0.02174 0.10326
Q46I36                         0.04891 0.04891 0.03261 0.05435 0.00000 0.02174 0.09783 0.08696 0.01087 0.04891 0.07609 0.08152 0.03804 0.03804 0.03804 0.05978 0.07609 0.01087 0.02174 0.10870
Q31DF8                         0.03261 0.03804 0.03261 0.04348 0.00000 0.03804 0.09239 0.09783 0.01630 0.05435 0.07609 0.07609 0.03261 0.03804 0.02717 0.08152 0.08152 0.00543 0.02174 0.11413
B1XKV1                         0.04348 0.05435 0.03261 0.05435 0.00000 0.03804 0.09783 0.08152 0.01087 0.05435 0.05978 0.05978 0.03261 0.04348 0.03261 0.04891 0.10326 0.01087 0.02174 0.11957
A0YPV6                         0.03804 0.04891 0.04891 0.05435 0.00000 0.03804 0.09239 0.10326 0.00543 0.04891 0.06522 0.05435 0.03261 0.04348 0.04348 0.03804 0.09783 0.01087 0.02174 0.11413
B7KGU8                         0.04348 0.04891 0.03261 0.04348 0.00000 0.03804 0.10870 0.09783 0.01087 0.06522 0.06522 0.06522 0.03261 0.03804 0.04348 0.04891 0.08152 0.01087 0.02717 0.09783
Q5N1T5                         0.05978 0.04891 0.03804 0.05978 0.00000 0.02174 0.09239 0.09783 0.00543 0.05435 0.05435 0.07609 0.02717 0.03804 0.03261 0.03804 0.09783 0.01087 0.02717 0.11957
Q54760                         0.05978 0.04891 0.03804 0.05978 0.00000 0.02174 0.09239 0.09783 0.00543 0.05435 0.05435 0.07609 0.02717 0.03804 0.03261 0.03804 0.09783 0.01087 0.02717 0.11957
Q8DJD3                         0.05435 0.06522 0.02717 0.05435 0.00000 0.03804 0.09783 0.09239 0.01087 0.04348 0.05978 0.05978 0.03261 0.03261 0.04348 0.04891 0.07065 0.01087 0.02717 0.13043
Q7UA67                         0.05435 0.04348 0.02717 0.04891 0.00000 0.02174 0.10326 0.09239 0.01087 0.04348 0.08152 0.07065 0.03804 0.03261 0.03804 0.07609 0.07609 0.01087 0.02717 0.10326
B1WNP3                         0.04348 0.04891 0.02174 0.05435 0.00000 0.03804 0.10326 0.08696 0.01087 0.04348 0.05978 0.05978 0.03804 0.03804 0.03804 0.05435 0.10870 0.01087 0.02717 0.11413
A2BTX3                         0.03261 0.04891 0.03261 0.05435 0.00000 0.03261 0.08696 0.09239 0.01087 0.05435 0.06522 0.07609 0.03261 0.04348 0.02717 0.07609 0.08152 0.00543 0.02717 0.11957
Q05US4                         0.04891 0.04348 0.02717 0.04891 0.00000 0.03261 0.09783 0.08696 0.01087 0.04348 0.07609 0.07609 0.03804 0.03261 0.03804 0.06522 0.08696 0.01087 0.02717 0.10870
Q3B0X4                         0.04891 0.04348 0.03261 0.05978 0.00000 0.02174 0.09239 0.08696 0.01087 0.04348 0.08152 0.07609 0.03804 0.03261 0.03804 0.08152 0.07065 0.01087 0.02717 0.10326
Q062J3                         0.04891 0.04348 0.03261 0.05978 0.00000 0.02174 0.09239 0.08696 0.01087 0.04348 0.08152 0.07609 0.03804 0.03261 0.03804 0.08152 0.07065 0.01087 0.02717 0.10326
A3YWJ1                         0.05978 0.04348 0.02717 0.04348 0.00000 0.04348 0.09783 0.09239 0.01087 0.04348 0.07065 0.07065 0.03261 0.03261 0.03261 0.05435 0.09783 0.01087 0.02717 0.10870
Q55119                         0.05435 0.03261 0.01630 0.07609 0.00000 0.03261 0.08152 0.09239 0.01087 0.05435 0.04891 0.07609 0.03804 0.04348 0.03804 0.05435 0.09239 0.01087 0.01630 0.13043
Q7V3P5                         0.03261 0.04891 0.03261 0.05978 0.00000 0.03261 0.08152 0.09239 0.01087 0.05978 0.06522 0.07609 0.03261 0.04348 0.02717 0.07609 0.07609 0.00543 0.02717 0.11957
B4B801                         0.04348 0.05435 0.03804 0.06522 0.00000 0.04348 0.08696 0.08152 0.00543 0.05435 0.06522 0.06522 0.03261 0.03804 0.03804 0.06522 0.07609 0.01087 0.03261 0.10326
B2J711                         0.03804 0.04891 0.01087 0.05435 0.00000 0.04348 0.09783 0.09783 0.01087 0.04891 0.07065 0.08152 0.03804 0.03804 0.03804 0.06522 0.07609 0.01087 0.02174 0.10870
A2C5M7                         0.04348 0.04348 0.03261 0.04891 0.00000 0.03261 0.09239 0.09239 0.01087 0.03261 0.08696 0.06522 0.03804 0.03261 0.03804 0.08696 0.07609 0.01087 0.02717 0.10870
Q7V9B9                         0.04348 0.04348 0.03804 0.04891 0.00000 0.03261 0.09239 0.09239 0.01087 0.03261 0.08696 0.06522 0.03804 0.03261 0.03804 0.08152 0.07609 0.01087 0.02717 0.10870
C7QVL3                         0.04891 0.04348 0.02174 0.05978 0.00000 0.04348 0.09783 0.09239 0.01087 0.04348 0.05978 0.06522 0.03804 0.03804 0.03804 0.04891 0.10326 0.01087 0.02717 0.10870
B7JVR7                         0.04891 0.04348 0.02174 0.05978 0.00000 0.04348 0.09783 0.09239 0.01087 0.04348 0.05978 0.06522 0.03804 0.03804 0.03804 0.04891 0.10326 0.01087 0.02717 0.10870
Q3ANM0                         0.05435 0.04348 0.03261 0.05435 0.00000 0.02174 0.10326 0.08696 0.01087 0.03804 0.07609 0.07609 0.04348 0.03261 0.03804 0.06522 0.07609 0.01087 0.02717 0.10870
B9YQ42                         0.04891 0.05978 0.02717 0.04348 0.00000 0.03804 0.10870 0.09783 0.01087 0.05978 0.05978 0.06522 0.03261 0.03804 0.03804 0.04348 0.07609 0.01087 0.02174 0.11957
Q7NL41                         0.04348 0.05435 0.03261 0.05978 0.00000 0.03804 0.09239 0.09783 0.00543 0.04891 0.06522 0.07065 0.03804 0.03804 0.03804 0.03804 0.08696 0.01087 0.02717 0.11413
A4CWR1                         0.05435 0.04348 0.03261 0.04891 0.00000 0.02717 0.10326 0.09239 0.01087 0.04348 0.08152 0.08152 0.03804 0.03261 0.03804 0.04891 0.08152 0.01087 0.02717 0.10326
A5GHP3                         0.05435 0.04348 0.03261 0.04891 0.00000 0.02717 0.10326 0.09239 0.01087 0.04348 0.08152 0.08152 0.03804 0.03261 0.03804 0.04891 0.08152 0.01087 0.02717 0.10326
A5GPX5                         0.05435 0.04348 0.02717 0.04891 0.00000 0.02717 0.10326 0.09239 0.01087 0.04891 0.06522 0.07609 0.03804 0.03804 0.03261 0.07065 0.08152 0.01087 0.02174 0.10870
A9B9I2                         0.05435 0.04891 0.02717 0.04891 0.00000 0.02717 0.09239 0.08696 0.01087 0.03804 0.07609 0.06522 0.03804 0.03261 0.03804 0.07065 0.09239 0.01087 0.02717 0.11413
Q7VEI7                         0.05978 0.04348 0.03804 0.04891 0.00000 0.02717 0.09783 0.08696 0.01087 0.03804 0.07609 0.07609 0.03804 0.03261 0.03804 0.05435 0.08152 0.01087 0.02717 0.11413
B8HV20                         0.05435 0.05435 0.04891 0.04348 0.00000 0.04891 0.09783 0.09239 0.01087 0.04348 0.05435 0.05978 0.04348 0.03261 0.03804 0.04348 0.05978 0.01630 0.02717 0.13043
Q3MAQ3                         0.04348 0.05435 0.02174 0.05978 0.00000 0.03804 0.09239 0.09783 0.01087 0.05978 0.06522 0.07065 0.03261 0.03804 0.03261 0.05978 0.07065 0.01087 0.02174 0.11957
Q44247                         0.04891 0.05435 0.02174 0.05978 0.00000 0.03804 0.09239 0.09783 0.01087 0.05978 0.06522 0.07065 0.03261 0.03804 0.03261 0.05435 0.07065 0.01087 0.02174 0.11957

Homogeneity statistic: X2 = 3.15195 G = 3.08053 

Average                        0.05050 0.04181 0.03144 0.05769 0.00201 0.03587 0.09339 0.09055 0.01313 0.05134 0.06764 0.07567 0.03428 0.03905 0.03829 0.05234 0.07818 0.00920 0.02776 0.10987

# constant sites:     26 (14.13%)
ln Lmax (unconstrained) = -934.682007

AA distances (raw proportions of different sites)

A8EWE1         
D1B041           0.2228
A6Q7Q7           0.2989  0.2772
Q7M904           0.3315  0.2935  0.3967
B9KD70           0.2989  0.2663  0.3478  0.2826
P56004           0.2989  0.2772  0.3587  0.2283  0.2772
Q4HHP5           0.3043  0.2446  0.3370  0.2500  0.0489  0.2554
A8FKX4           0.3098  0.2337  0.3424  0.2717  0.0435  0.2772  0.0272
A7H4J1           0.3098  0.2337  0.3424  0.2717  0.0435  0.2772  0.0272  0.0000
Q4HSZ7           0.3261  0.2717  0.3424  0.2609  0.0924  0.2663  0.0707  0.0598  0.0598
A6Q2S5           0.3370  0.2880  0.2880  0.3152  0.3261  0.3261  0.3043  0.3043  0.3043  0.3207
Q30S45           0.3696  0.3859  0.3696  0.3587  0.4022  0.3696  0.4022  0.4130  0.4130  0.4076  0.4130
B9L9K9           0.4511  0.4239  0.4837  0.4565  0.4457  0.4239  0.4239  0.4293  0.4293  0.4565  0.3913  0.5598
Q2JP65           0.5217  0.5109  0.5000  0.5380  0.5380  0.5435  0.5109  0.5163  0.5163  0.5435  0.4891  0.5707  0.5000
Q2JUZ8           0.5543  0.5380  0.5217  0.5163  0.5489  0.5598  0.5217  0.5272  0.5272  0.5543  0.5109  0.5761  0.5163  0.0707
B7MSG8           0.5761  0.5435  0.5707  0.5815  0.5707  0.5598  0.5543  0.5543  0.5543  0.5707  0.5435  0.6141  0.5870  0.5326  0.5380
P0A6N4           0.5761  0.5435  0.5707  0.5815  0.5707  0.5598  0.5543  0.5543  0.5543  0.5707  0.5435  0.6141  0.5870  0.5326  0.5380  0.0000
B7LLS9           0.5761  0.5435  0.5707  0.5815  0.5707  0.5598  0.5543  0.5543  0.5543  0.5707  0.5435  0.6141  0.5870  0.5326  0.5380  0.0000  0.0000
B5W8H5           0.5707  0.5380  0.5380  0.5924  0.5761  0.5543  0.5598  0.5489  0.5489  0.5707  0.5163  0.6250  0.5598  0.3152  0.3261  0.5543  0.5543  0.5543
A2BNF2           0.5761  0.5543  0.5489  0.5761  0.5652  0.5652  0.5489  0.5598  0.5598  0.5761  0.5054  0.6033  0.5543  0.3641  0.3750  0.5652  0.5652  0.5652  0.2337
A0ZHD6           0.5652  0.5380  0.5272  0.5924  0.5815  0.5435  0.5543  0.5598  0.5598  0.5815  0.5163  0.6033  0.5598  0.3043  0.3207  0.5326  0.5326  0.5326  0.2228  0.2663
A3PA73           0.5761  0.5598  0.5543  0.5707  0.5598  0.5652  0.5435  0.5543  0.5543  0.5707  0.5109  0.5924  0.5543  0.3696  0.3696  0.5652  0.5652  0.5652  0.2391  0.0217  0.2717
A8G213           0.5761  0.5489  0.5489  0.5815  0.5707  0.5598  0.5543  0.5652  0.5652  0.5815  0.5054  0.6087  0.5489  0.3696  0.3804  0.5598  0.5598  0.5598  0.2391  0.0272  0.2554  0.0272
Q116D6           0.5924  0.5761  0.5652  0.5924  0.5870  0.5707  0.5761  0.5761  0.5761  0.5978  0.5326  0.6250  0.5489  0.3207  0.3152  0.5652  0.5652  0.5652  0.2120  0.2500  0.2011  0.2391  0.2446
A3IRM1           0.5815  0.5652  0.5272  0.6087  0.5815  0.5761  0.5598  0.5652  0.5652  0.5924  0.5163  0.6087  0.5326  0.3641  0.3750  0.5489  0.5489  0.5489  0.2228  0.2663  0.2609  0.2554  0.2554  0.2337
B0C899           0.5870  0.5707  0.5652  0.5815  0.5870  0.5598  0.5598  0.5761  0.5761  0.5870  0.5272  0.6033  0.5380  0.3315  0.3261  0.5652  0.5652  0.5652  0.1957  0.2228  0.1739  0.2283  0.2228  0.1250  0.1793
B0JHV3           0.5870  0.5598  0.5489  0.5815  0.5924  0.5815  0.5761  0.5761  0.5761  0.5978  0.5163  0.6033  0.5489  0.3043  0.3152  0.5435  0.5435  0.5435  0.2283  0.2609  0.2500  0.2663  0.2554  0.2228  0.1630  0.1902
A3Z3X6           0.5652  0.5435  0.5543  0.5978  0.5815  0.5543  0.5543  0.5598  0.5598  0.5761  0.5109  0.5978  0.5489  0.3370  0.3478  0.5217  0.5217  0.5217  0.2554  0.1848  0.2065  0.1902  0.1685  0.2663  0.2446  0.2120  0.2391
Q4C625           0.5815  0.5543  0.5326  0.6196  0.5870  0.5815  0.5707  0.5652  0.5652  0.5924  0.5163  0.6196  0.5326  0.3641  0.3859  0.5543  0.5543  0.5543  0.2174  0.2663  0.2663  0.2663  0.2554  0.2446  0.0652  0.2065  0.1630  0.2500
A2BZC9           0.5707  0.5489  0.5543  0.5870  0.5761  0.5543  0.5543  0.5598  0.5598  0.5707  0.5109  0.6141  0.5435  0.3424  0.3424  0.5326  0.5326  0.5326  0.2500  0.1902  0.2228  0.1957  0.1957  0.2337  0.2717  0.2011  0.2609  0.0978  0.2717
Q0IE51           0.5652  0.5435  0.5543  0.6033  0.5815  0.5652  0.5652  0.5598  0.5598  0.5815  0.5163  0.6196  0.5489  0.3424  0.3478  0.5163  0.5163  0.5163  0.2663  0.2011  0.2011  0.2065  0.1848  0.2554  0.2554  0.2174  0.2391  0.0435  0.2554  0.0924
Q46I36           0.5707  0.5489  0.5543  0.5870  0.5761  0.5543  0.5543  0.5598  0.5598  0.5707  0.5109  0.6141  0.5435  0.3370  0.3370  0.5326  0.5326  0.5326  0.2391  0.1793  0.2337  0.1848  0.1848  0.2283  0.2772  0.2065  0.2554  0.0978  0.2663  0.0109  0.0924
Q31DF8           0.5870  0.5598  0.5543  0.5870  0.5707  0.5489  0.5543  0.5652  0.5652  0.5815  0.5109  0.6033  0.5543  0.3750  0.3750  0.5598  0.5598  0.5598  0.2446  0.0326  0.2609  0.0217  0.0272  0.2391  0.2554  0.2174  0.2717  0.1793  0.2663  0.1957  0.1957  0.1848
B1XKV1           0.5815  0.5652  0.5435  0.5978  0.5870  0.5652  0.5652  0.5652  0.5652  0.5815  0.5109  0.6250  0.5217  0.2772  0.2935  0.5272  0.5272  0.5272  0.2120  0.2663  0.2065  0.2663  0.2554  0.1902  0.1902  0.1848  0.1957  0.2174  0.1957  0.2446  0.2174  0.2500  0.2663
A0YPV6           0.5870  0.5707  0.5435  0.5924  0.5815  0.5707  0.5707  0.5707  0.5707  0.5924  0.5272  0.6250  0.5489  0.3207  0.3261  0.5272  0.5272  0.5272  0.1793  0.2554  0.2174  0.2500  0.2446  0.2011  0.2283  0.1902  0.2174  0.2337  0.2391  0.2554  0.2337  0.2500  0.2446  0.2120
B7KGU8           0.5870  0.5652  0.5707  0.5924  0.6033  0.5978  0.5815  0.5870  0.5870  0.6087  0.5326  0.6141  0.5652  0.3261  0.3315  0.5707  0.5707  0.5707  0.2554  0.3098  0.2609  0.3043  0.2989  0.2120  0.1848  0.1793  0.1576  0.2880  0.2065  0.3043  0.2826  0.3043  0.3043  0.2228  0.2283
Q5N1T5           0.5870  0.5598  0.5380  0.5978  0.5761  0.5707  0.5598  0.5543  0.5543  0.5815  0.5163  0.6196  0.5272  0.2772  0.2880  0.5217  0.5217  0.5217  0.1957  0.2283  0.1957  0.2283  0.2174  0.1739  0.2391  0.1902  0.2174  0.2011  0.2283  0.1957  0.1957  0.1848  0.2228  0.1685  0.2065  0.2772
Q54760           0.5870  0.5598  0.5380  0.5978  0.5761  0.5707  0.5598  0.5543  0.5543  0.5815  0.5163  0.6196  0.5272  0.2772  0.2880  0.5217  0.5217  0.5217  0.1957  0.2283  0.1957  0.2283  0.2174  0.1739  0.2391  0.1902  0.2174  0.2011  0.2283  0.1957  0.1957  0.1848  0.2228  0.1685  0.2065  0.2772  0.0000
Q8DJD3           0.5707  0.5598  0.5435  0.5978  0.6033  0.5652  0.5652  0.5815  0.5815  0.5924  0.5217  0.6141  0.5543  0.2826  0.2989  0.5598  0.5598  0.5598  0.1848  0.2500  0.1793  0.2500  0.2500  0.1739  0.2283  0.1467  0.1957  0.2065  0.2337  0.2283  0.2174  0.2174  0.2609  0.1902  0.2174  0.1848  0.1848  0.1848
Q7UA67           0.5761  0.5272  0.5435  0.5978  0.5598  0.5652  0.5489  0.5380  0.5380  0.5652  0.5217  0.6033  0.5489  0.3315  0.3315  0.5163  0.5163  0.5163  0.2554  0.2174  0.2554  0.2065  0.2011  0.2554  0.2500  0.2446  0.2391  0.0870  0.2500  0.1250  0.1033  0.1141  0.2011  0.2446  0.2500  0.2989  0.1957  0.1957  0.2391
B1WNP3           0.5815  0.5652  0.5380  0.6087  0.5815  0.5761  0.5598  0.5652  0.5652  0.5924  0.5109  0.6033  0.5272  0.3533  0.3641  0.5598  0.5598  0.5598  0.2283  0.2663  0.2609  0.2554  0.2554  0.2337  0.0435  0.1739  0.1630  0.2337  0.0598  0.2609  0.2446  0.2663  0.2554  0.1685  0.2446  0.1685  0.2283  0.2283  0.2174  0.2391
A2BTX3           0.5978  0.5652  0.5761  0.5924  0.5815  0.5652  0.5652  0.5652  0.5652  0.5761  0.5326  0.5870  0.5707  0.3859  0.3750  0.5815  0.5815  0.5815  0.2500  0.0761  0.2772  0.0543  0.0598  0.2500  0.2663  0.2391  0.2663  0.2065  0.2717  0.2120  0.2174  0.2011  0.0543  0.2826  0.2609  0.3207  0.2228  0.2228  0.2717  0.2011  0.2663
Q05US4           0.5652  0.5435  0.5543  0.5978  0.5815  0.5598  0.5652  0.5598  0.5598  0.5815  0.5109  0.6087  0.5435  0.3315  0.3478  0.5163  0.5163  0.5163  0.2337  0.1902  0.2011  0.1957  0.1739  0.2500  0.2391  0.2065  0.2391  0.0543  0.2283  0.1033  0.0598  0.0924  0.1848  0.2120  0.2391  0.2663  0.2011  0.2011  0.2011  0.0924  0.2174  0.2120
Q3B0X4           0.5707  0.5435  0.5652  0.5870  0.5815  0.5489  0.5598  0.5652  0.5652  0.5761  0.5326  0.6033  0.5543  0.3315  0.3370  0.5380  0.5380  0.5380  0.2500  0.2065  0.2120  0.2011  0.1902  0.2609  0.2663  0.2228  0.2391  0.0761  0.2717  0.0978  0.0924  0.0978  0.2011  0.2337  0.2554  0.3043  0.1848  0.1848  0.2283  0.0815  0.2391  0.1902  0.0924
Q062J3           0.5707  0.5435  0.5652  0.5870  0.5815  0.5489  0.5598  0.5652  0.5652  0.5761  0.5326  0.6033  0.5543  0.3315  0.3370  0.5380  0.5380  0.5380  0.2500  0.2065  0.2120  0.2011  0.1902  0.2609  0.2663  0.2228  0.2391  0.0761  0.2717  0.0978  0.0924  0.0978  0.2011  0.2337  0.2554  0.3043  0.1848  0.1848  0.2283  0.0815  0.2391  0.1902  0.0924  0.0000
A3YWJ1           0.5870  0.5598  0.5707  0.6304  0.6033  0.5870  0.5870  0.5815  0.5815  0.6087  0.5163  0.6250  0.5435  0.3478  0.3696  0.5326  0.5326  0.5326  0.2446  0.1902  0.2065  0.1957  0.1793  0.2391  0.2337  0.2120  0.2391  0.0924  0.2391  0.1359  0.1033  0.1467  0.1848  0.2065  0.2337  0.2717  0.1902  0.1902  0.2174  0.1359  0.2228  0.2120  0.1087  0.1413  0.1413
Q55119           0.5707  0.5380  0.5543  0.5924  0.5652  0.5761  0.5435  0.5435  0.5435  0.5707  0.5435  0.6033  0.5489  0.3315  0.3533  0.5272  0.5272  0.5272  0.2663  0.2826  0.2446  0.2880  0.2826  0.2989  0.2446  0.2446  0.2283  0.2717  0.2391  0.2717  0.2772  0.2663  0.2880  0.2717  0.2880  0.2554  0.2500  0.2500  0.2609  0.2609  0.2391  0.2935  0.2500  0.2500  0.2500  0.2826
Q7V3P5           0.5978  0.5652  0.5815  0.5924  0.5815  0.5652  0.5652  0.5652  0.5652  0.5761  0.5380  0.5870  0.5707  0.3913  0.3804  0.5815  0.5815  0.5815  0.2446  0.0870  0.2826  0.0652  0.0652  0.2554  0.2717  0.2446  0.2717  0.2120  0.2772  0.2228  0.2228  0.2120  0.0652  0.2880  0.2663  0.3261  0.2283  0.2283  0.2772  0.2065  0.2717  0.0109  0.2174  0.1957  0.1957  0.2174  0.2880
B4B801           0.5978  0.5652  0.5489  0.5815  0.5870  0.5543  0.5652  0.5652  0.5652  0.5870  0.4946  0.5924  0.5435  0.3207  0.3261  0.5543  0.5543  0.5543  0.2337  0.2663  0.2663  0.2609  0.2500  0.2120  0.1902  0.1848  0.1141  0.2446  0.2065  0.2609  0.2554  0.2554  0.2500  0.2228  0.2283  0.1793  0.2120  0.2120  0.1957  0.2446  0.1793  0.2500  0.2446  0.2446  0.2446  0.2283  0.2500  0.2554
B2J711           0.5870  0.5707  0.5326  0.6033  0.5924  0.5652  0.5652  0.5707  0.5707  0.5870  0.5272  0.6196  0.5652  0.3370  0.3315  0.5380  0.5380  0.5380  0.2500  0.3043  0.1196  0.3098  0.2935  0.2228  0.2663  0.1902  0.2500  0.2500  0.2826  0.2554  0.2446  0.2663  0.2989  0.2391  0.2554  0.2554  0.2283  0.2283  0.2065  0.2989  0.2554  0.3098  0.2446  0.2609  0.2609  0.2609  0.2880  0.3152  0.2663
A2C5M7           0.5815  0.5543  0.5598  0.6033  0.5924  0.5598  0.5652  0.5707  0.5707  0.5870  0.5217  0.6033  0.5543  0.3370  0.3478  0.5380  0.5380  0.5380  0.2391  0.1685  0.2120  0.1739  0.1522  0.2500  0.2554  0.2065  0.2446  0.0489  0.2609  0.1087  0.0815  0.1087  0.1630  0.2228  0.2554  0.2880  0.2011  0.2011  0.2228  0.0978  0.2337  0.1902  0.0761  0.0707  0.0707  0.1087  0.2663  0.1957  0.2391  0.2500
Q7V9B9           0.5815  0.5543  0.5598  0.6033  0.5924  0.5598  0.5652  0.5707  0.5707  0.5870  0.5217  0.6033  0.5543  0.3315  0.3424  0.5380  0.5380  0.5380  0.2337  0.1630  0.2174  0.1685  0.1467  0.2446  0.2609  0.2120  0.2391  0.0543  0.2554  0.1141  0.0870  0.1033  0.1576  0.2283  0.2500  0.2880  0.1957  0.1957  0.2174  0.0924  0.2391  0.1848  0.0707  0.0761  0.0761  0.1141  0.2609  0.1902  0.2337  0.2554  0.0054
C7QVL3           0.5924  0.5707  0.5380  0.5978  0.5978  0.5652  0.5761  0.5815  0.5815  0.6087  0.5054  0.6087  0.5217  0.3424  0.3478  0.5598  0.5598  0.5598  0.2228  0.2609  0.2500  0.2554  0.2500  0.2120  0.0924  0.1630  0.1576  0.2283  0.1141  0.2283  0.2391  0.2337  0.2554  0.1848  0.2391  0.1902  0.2011  0.2011  0.1957  0.2337  0.0707  0.2609  0.2228  0.2337  0.2337  0.2228  0.2391  0.2663  0.1467  0.2446  0.2283  0.2337
B7JVR7           0.5924  0.5707  0.5380  0.5978  0.5978  0.5652  0.5761  0.5815  0.5815  0.6087  0.5054  0.6087  0.5217  0.3424  0.3478  0.5598  0.5598  0.5598  0.2228  0.2609  0.2500  0.2554  0.2500  0.2120  0.0924  0.1630  0.1576  0.2283  0.1141  0.2283  0.2391  0.2337  0.2554  0.1848  0.2391  0.1902  0.2011  0.2011  0.1957  0.2337  0.0707  0.2609  0.2228  0.2337  0.2337  0.2228  0.2391  0.2663  0.1467  0.2446  0.2283  0.2337  0.0000
Q3ANM0           0.5870  0.5272  0.5543  0.6033  0.5652  0.5598  0.5543  0.5435  0.5435  0.5652  0.5272  0.6141  0.5489  0.3315  0.3315  0.5380  0.5380  0.5380  0.2446  0.2011  0.2391  0.1957  0.1902  0.2446  0.2554  0.2337  0.2446  0.0815  0.2554  0.1087  0.0978  0.0978  0.1848  0.2554  0.2446  0.3098  0.1848  0.1848  0.2391  0.0543  0.2391  0.1793  0.0924  0.0652  0.0652  0.1304  0.2554  0.1848  0.2391  0.2772  0.0924  0.0870  0.2391  0.2391
B9YQ42           0.6033  0.5924  0.5598  0.6250  0.6196  0.5978  0.5924  0.5978  0.5978  0.6196  0.5380  0.6304  0.5652  0.2989  0.2989  0.5543  0.5543  0.5543  0.2337  0.2935  0.0978  0.2772  0.2826  0.1576  0.2174  0.1522  0.2337  0.2337  0.2446  0.2500  0.2228  0.2609  0.2772  0.1848  0.2120  0.2065  0.1848  0.1848  0.1522  0.2609  0.2065  0.2826  0.2228  0.2446  0.2446  0.2011  0.2880  0.2880  0.2446  0.1413  0.2391  0.2446  0.2228  0.2228  0.2554
Q7NL41           0.5870  0.5598  0.5598  0.5815  0.6033  0.5598  0.5707  0.5924  0.5924  0.6033  0.5380  0.6141  0.5326  0.3152  0.3370  0.5652  0.5652  0.5652  0.3043  0.3152  0.3098  0.3207  0.3098  0.2826  0.3043  0.2826  0.2663  0.3043  0.2880  0.2880  0.3152  0.2880  0.3207  0.2826  0.2935  0.3043  0.2554  0.2554  0.2500  0.3098  0.2880  0.3261  0.2989  0.2989  0.2989  0.2663  0.3098  0.3315  0.2772  0.3261  0.3098  0.3043  0.2717  0.2717  0.3152  0.2989
A4CWR1           0.5815  0.5380  0.5489  0.6033  0.5652  0.5435  0.5489  0.5435  0.5435  0.5652  0.5109  0.6141  0.5326  0.3315  0.3315  0.5217  0.5217  0.5217  0.2446  0.1957  0.2283  0.1902  0.1848  0.2391  0.2391  0.2283  0.2391  0.0598  0.2500  0.0978  0.0652  0.0870  0.1793  0.2228  0.2228  0.2935  0.2065  0.2065  0.2228  0.0707  0.2283  0.2011  0.0598  0.0924  0.0924  0.1196  0.2717  0.2065  0.2337  0.2663  0.0924  0.0870  0.2228  0.2228  0.0543  0.2391  0.3098
A5GHP3           0.5815  0.5380  0.5489  0.6033  0.5652  0.5435  0.5489  0.5435  0.5435  0.5652  0.5109  0.6141  0.5326  0.3315  0.3315  0.5217  0.5217  0.5217  0.2446  0.1957  0.2283  0.1902  0.1848  0.2391  0.2391  0.2283  0.2391  0.0598  0.2500  0.0978  0.0652  0.0870  0.1793  0.2228  0.2228  0.2935  0.2065  0.2065  0.2228  0.0707  0.2283  0.2011  0.0598  0.0924  0.0924  0.1196  0.2717  0.2065  0.2337  0.2663  0.0924  0.0870  0.2228  0.2228  0.0543  0.2391  0.3098  0.0000
A5GPX5           0.5924  0.5489  0.5652  0.6087  0.5870  0.5598  0.5652  0.5707  0.5707  0.5815  0.5054  0.6087  0.5435  0.3533  0.3478  0.5380  0.5380  0.5380  0.2391  0.1902  0.2391  0.1957  0.1793  0.2283  0.2446  0.2228  0.2446  0.1304  0.2337  0.1304  0.1304  0.1196  0.1848  0.2011  0.2337  0.2826  0.1793  0.1793  0.2174  0.1413  0.2337  0.1902  0.1304  0.1413  0.1413  0.1033  0.2989  0.1957  0.2554  0.2826  0.1304  0.1250  0.2228  0.2228  0.1359  0.2391  0.2826  0.1250  0.1250
A9B9I2           0.5870  0.5598  0.5598  0.6141  0.5978  0.5598  0.5707  0.5761  0.5761  0.5870  0.5272  0.6250  0.5598  0.3424  0.3533  0.5543  0.5543  0.5543  0.2391  0.1793  0.2391  0.1848  0.1630  0.2283  0.2663  0.2120  0.2826  0.1033  0.2663  0.0815  0.1141  0.0815  0.1739  0.2391  0.2717  0.3098  0.1957  0.1957  0.2120  0.1304  0.2554  0.1957  0.1033  0.1087  0.1087  0.1413  0.2880  0.2011  0.2554  0.2826  0.0815  0.0870  0.2283  0.2283  0.1141  0.2500  0.2935  0.1087  0.1087  0.1413
Q7VEI7           0.5815  0.5598  0.5707  0.6087  0.5978  0.5707  0.5815  0.5761  0.5761  0.5978  0.5163  0.6359  0.5435  0.3207  0.3315  0.5489  0.5489  0.5489  0.2283  0.1685  0.2283  0.1685  0.1522  0.2120  0.2500  0.2228  0.2500  0.0924  0.2391  0.1033  0.0924  0.0924  0.1630  0.2283  0.2500  0.2717  0.1793  0.1793  0.2065  0.1033  0.2391  0.1793  0.0761  0.1033  0.1033  0.1250  0.2663  0.1848  0.2337  0.2717  0.0761  0.0707  0.2228  0.2228  0.0978  0.2228  0.2989  0.0815  0.0815  0.1359  0.0652
B8HV20           0.5978  0.5761  0.5815  0.6250  0.6250  0.5870  0.6033  0.6087  0.6087  0.6304  0.5489  0.6304  0.5543  0.2880  0.2935  0.5707  0.5707  0.5707  0.2174  0.2609  0.1522  0.2554  0.2500  0.1739  0.2337  0.1576  0.2337  0.2283  0.2391  0.2391  0.2283  0.2337  0.2554  0.2065  0.2065  0.2391  0.1630  0.1630  0.1576  0.2500  0.2337  0.2554  0.1957  0.2120  0.2120  0.2065  0.2609  0.2609  0.2337  0.2065  0.2228  0.2174  0.2228  0.2228  0.2283  0.1304  0.2826  0.2391  0.2391  0.2283  0.2337  0.2065
Q3MAQ3           0.6196  0.6087  0.5870  0.6250  0.6196  0.5870  0.5924  0.5978  0.5978  0.6087  0.5543  0.6250  0.5652  0.3207  0.3152  0.5761  0.5761  0.5761  0.2391  0.2826  0.1304  0.2772  0.2717  0.1793  0.2500  0.1522  0.2391  0.2337  0.2717  0.2283  0.2337  0.2337  0.2663  0.2065  0.2011  0.2065  0.1957  0.1957  0.1685  0.2717  0.2391  0.2826  0.2283  0.2500  0.2500  0.2228  0.2935  0.2880  0.2446  0.1576  0.2337  0.2337  0.2337  0.2337  0.2609  0.0924  0.2935  0.2446  0.2446  0.2337  0.2391  0.2391  0.1739
Q44247           0.6196  0.6087  0.5870  0.6250  0.6196  0.5924  0.5924  0.5978  0.5978  0.6087  0.5543  0.6250  0.5652  0.3152  0.3098  0.5761  0.5761  0.5761  0.2391  0.2826  0.1250  0.2772  0.2717  0.1793  0.2500  0.1522  0.2391  0.2337  0.2717  0.2283  0.2337  0.2337  0.2663  0.2011  0.2011  0.2065  0.1902  0.1902  0.1630  0.2717  0.2391  0.2826  0.2283  0.2446  0.2446  0.2228  0.2935  0.2880  0.2446  0.1576  0.2337  0.2337  0.2337  0.2337  0.2609  0.0870  0.2935  0.2446  0.2446  0.2337  0.2337  0.2391  0.1685  0.0054


TREE #  1:  (17, 16, (18, ((13, (11, ((4, 6), ((7, (5, (10, (9, 8)))), (2, (1, (12, 3))))))), ((15, 14), (57, ((37, 38), ((63, (((21, 50), (56, (64, 65))), (39, (26, 24)))), ((34, (((53, 54), (25, (41, 29))), (47, (49, (36, 27))))), ((19, 35), ((23, (20, (33, (22, (42, 48))))), ((46, 60), (((30, 32), (((58, 59), ((44, 45), (55, 40))), (43, (31, (28, (51, 52)))))), (62, 61)))))))))))));   MP score: 1100
lnL(ntime:127  np:128):  -6108.689397      +0.000000
  66..17   66..16   66..67   67..18   67..68   68..69   69..13   69..70   70..11   70..71   71..72   72..4    72..6    71..73   73..74   74..7    74..75   75..5    75..76   76..10   76..77   77..9    77..8    73..78   78..2    78..79   79..1    79..80   80..12   80..3    68..81   81..82   82..15   82..14   81..83   83..57   83..84   84..85   85..37   85..38   84..86   86..87   87..63   87..88   88..89   89..90   90..21   90..50   89..91   91..56   91..92   92..64   92..65   88..93   93..39   93..94   94..26   94..24   86..95   95..96   96..34   96..97   97..98   98..99   99..53   99..54   98..100 100..25  100..101 101..41  101..29   97..102 102..47  102..103 103..49  103..104 104..36  104..27   95..105 105..106 106..19  106..35  105..107 107..108 108..23  108..109 109..20  109..110 110..33  110..111 111..22  111..112 112..42  112..48  107..113 113..114 114..46  114..60  113..115 115..116 116..117 117..30  117..32  116..118 118..119 119..120 120..58  120..59  119..121 121..122 122..44  122..45  121..123 123..55  123..40  118..124 124..43  124..125 125..31  125..126 126..28  126..127 127..51  127..52  115..128 128..62  128..61 
 0.000004 0.000004 0.000004 0.000004 0.880714 0.358656 0.491679 0.101402 0.169161 0.126613 0.092394 0.154757 0.164849 0.023571 0.157219 0.005292 0.012548 0.037266 0.006495 0.066682 0.005481 0.000004 0.000004 0.104414 0.107189 0.056890 0.177978 0.090044 0.449068 0.201736 0.450037 0.059162 0.046772 0.032147 0.170930 0.255592 0.088237 0.072339 0.000004 0.000004 0.037864 0.040290 0.085423 0.000004 0.061251 0.029209 0.041494 0.105304 0.011854 0.038100 0.059620 0.005755 0.000004 0.028215 0.089522 0.041842 0.068903 0.094791 0.025209 0.025808 0.118713 0.049686 0.064332 0.025928 0.000004 0.000004 0.041721 0.033908 0.006004 0.007096 0.058859 0.014807 0.260252 0.023036 0.082096 0.023995 0.138312 0.055748 0.009324 0.060939 0.126093 0.114432 0.089045 0.141183 0.004088 0.007367 0.017042 0.005971 0.011074 0.005732 0.005771 0.051967 0.000004 0.011263 0.048499 0.016309 0.064913 0.052416 0.041098 0.005560 0.056187 0.011453 0.000004 0.009552 0.017283 0.023626 0.000004 0.000004 0.031110 0.053321 0.000004 0.000004 0.000004 0.017294 0.041316 0.015265 0.025494 0.014259 0.024277 0.018763 0.005347 0.047385 0.000004 0.005646 0.022722 0.023352 0.056498 0.934654

tree length =   8.52258

(17: 0.000004, 16: 0.000004, (18: 0.000004, ((13: 0.491679, (11: 0.169161, ((4: 0.154757, 6: 0.164849): 0.092394, ((7: 0.005292, (5: 0.037266, (10: 0.066682, (9: 0.000004, 8: 0.000004): 0.005481): 0.006495): 0.012548): 0.157219, (2: 0.107189, (1: 0.177978, (12: 0.449068, 3: 0.201736): 0.090044): 0.056890): 0.104414): 0.023571): 0.126613): 0.101402): 0.358656, ((15: 0.046772, 14: 0.032147): 0.059162, (57: 0.255592, ((37: 0.000004, 38: 0.000004): 0.072339, ((63: 0.085423, (((21: 0.041494, 50: 0.105304): 0.029209, (56: 0.038100, (64: 0.005755, 65: 0.000004): 0.059620): 0.011854): 0.061251, (39: 0.089522, (26: 0.068903, 24: 0.094791): 0.041842): 0.028215): 0.000004): 0.040290, ((34: 0.118713, (((53: 0.000004, 54: 0.000004): 0.025928, (25: 0.033908, (41: 0.007096, 29: 0.058859): 0.006004): 0.041721): 0.064332, (47: 0.260252, (49: 0.082096, (36: 0.138312, 27: 0.055748): 0.023995): 0.023036): 0.014807): 0.049686): 0.025808, ((19: 0.126093, 35: 0.114432): 0.060939, ((23: 0.004088, (20: 0.017042, (33: 0.011074, (22: 0.005771, (42: 0.000004, 48: 0.011263): 0.051967): 0.005732): 0.005971): 0.007367): 0.141183, ((46: 0.064913, 60: 0.052416): 0.016309, (((30: 0.011453, 32: 0.000004): 0.056187, (((58: 0.000004, 59: 0.000004): 0.023626, ((44: 0.000004, 45: 0.000004): 0.053321, (55: 0.017294, 40: 0.041316): 0.000004): 0.031110): 0.017283, (43: 0.025494, (31: 0.024277, (28: 0.005347, (51: 0.000004, 52: 0.005646): 0.047385): 0.018763): 0.014259): 0.015265): 0.009552): 0.005560, (62: 0.023352, 61: 0.056498): 0.022722): 0.041098): 0.048499): 0.089045): 0.009324): 0.025209): 0.037864): 0.088237): 0.170930): 0.450037): 0.880714): 0.000004);

(P0A6N4: 0.000004, B7MSG8: 0.000004, (B7LLS9: 0.000004, ((B9L9K9: 0.491679, (A6Q2S5: 0.169161, ((Q7M904: 0.154757, P56004: 0.164849): 0.092394, ((Q4HHP5: 0.005292, (B9KD70: 0.037266, (Q4HSZ7: 0.066682, (A7H4J1: 0.000004, A8FKX4: 0.000004): 0.005481): 0.006495): 0.012548): 0.157219, (D1B041: 0.107189, (A8EWE1: 0.177978, (Q30S45: 0.449068, A6Q7Q7: 0.201736): 0.090044): 0.056890): 0.104414): 0.023571): 0.126613): 0.101402): 0.358656, ((Q2JUZ8: 0.046772, Q2JP65: 0.032147): 0.059162, (Q7NL41: 0.255592, ((Q5N1T5: 0.000004, Q54760: 0.000004): 0.072339, ((B8HV20: 0.085423, (((A0ZHD6: 0.041494, B2J711: 0.105304): 0.029209, (B9YQ42: 0.038100, (Q3MAQ3: 0.005755, Q44247: 0.000004): 0.059620): 0.011854): 0.061251, (Q8DJD3: 0.089522, (B0C899: 0.068903, Q116D6: 0.094791): 0.041842): 0.028215): 0.000004): 0.040290, ((B1XKV1: 0.118713, (((C7QVL3: 0.000004, B7JVR7: 0.000004): 0.025928, (A3IRM1: 0.033908, (B1WNP3: 0.007096, Q4C625: 0.058859): 0.006004): 0.041721): 0.064332, (Q55119: 0.260252, (B4B801: 0.082096, (B7KGU8: 0.138312, B0JHV3: 0.055748): 0.023995): 0.023036): 0.014807): 0.049686): 0.025808, ((B5W8H5: 0.126093, A0YPV6: 0.114432): 0.060939, ((A8G213: 0.004088, (A2BNF2: 0.017042, (Q31DF8: 0.011074, (A3PA73: 0.005771, (A2BTX3: 0.000004, Q7V3P5: 0.011263): 0.051967): 0.005732): 0.005971): 0.007367): 0.141183, ((A3YWJ1: 0.064913, A5GPX5: 0.052416): 0.016309, (((A2BZC9: 0.011453, Q46I36: 0.000004): 0.056187, (((A4CWR1: 0.000004, A5GHP3: 0.000004): 0.023626, ((Q3B0X4: 0.000004, Q062J3: 0.000004): 0.053321, (Q3ANM0: 0.017294, Q7UA67: 0.041316): 0.000004): 0.031110): 0.017283, (Q05US4: 0.025494, (Q0IE51: 0.024277, (A3Z3X6: 0.005347, (A2C5M7: 0.000004, Q7V9B9: 0.005646): 0.047385): 0.018763): 0.014259): 0.015265): 0.009552): 0.005560, (Q7VEI7: 0.023352, A9B9I2: 0.056498): 0.022722): 0.041098): 0.048499): 0.089045): 0.009324): 0.025209): 0.037864): 0.088237): 0.170930): 0.450037): 0.880714): 0.000004);

Detailed output identifying parameters

alpha (gamma, K = 4) =  0.93465
rate:   0.12374  0.45619  0.98827  2.43180
freq:   0.25000  0.25000  0.25000  0.25000

Time used: 13:28
