AAML (in paml version 4.6, August 2012)  191.aa
Model: Empirical for branches,  (../../../bin/LG.dat) dGamma (ncatG=4) ns =  65  ls = 111


Frequencies..
                                    A      R      N      D      C      Q      E      G      H      I      L      K      M      F      P      S      T      W      Y      V
A8EVW4                         0.06306 0.01802 0.09009 0.07207 0.00000 0.02703 0.08108 0.05405 0.00000 0.14414 0.14414 0.09009 0.00000 0.03604 0.01802 0.08108 0.00901 0.00000 0.02703 0.04505
A6Q4Q9                         0.09910 0.03604 0.02703 0.07207 0.00000 0.01802 0.10811 0.05405 0.02703 0.09910 0.12613 0.09009 0.01802 0.03604 0.02703 0.01802 0.03604 0.00901 0.03604 0.06306
D1B3U2                         0.09009 0.02703 0.05405 0.04505 0.01802 0.02703 0.12613 0.05405 0.01802 0.11712 0.14414 0.08108 0.00901 0.02703 0.00901 0.04505 0.01802 0.00901 0.03604 0.04505
A6QBK6                         0.10811 0.03604 0.03604 0.10811 0.00000 0.01802 0.11712 0.05405 0.01802 0.10811 0.11712 0.07207 0.00901 0.02703 0.00901 0.03604 0.02703 0.00901 0.03604 0.05405
A8FKG9                         0.08108 0.01802 0.11712 0.07207 0.00000 0.00901 0.09009 0.03604 0.01802 0.10811 0.16216 0.05405 0.00000 0.04505 0.01802 0.05405 0.04505 0.00000 0.02703 0.04505
A7H4Z5                         0.08108 0.01802 0.12613 0.06306 0.00000 0.00901 0.09009 0.03604 0.01802 0.09910 0.16216 0.05405 0.00901 0.04505 0.01802 0.05405 0.04505 0.00000 0.02703 0.04505
Q30TJ7                         0.10811 0.02703 0.03604 0.06306 0.00000 0.01802 0.10811 0.05405 0.00901 0.09009 0.10811 0.08108 0.00901 0.05405 0.01802 0.03604 0.06306 0.00901 0.02703 0.08108
Q7MAE9                         0.08108 0.07207 0.04505 0.06306 0.00000 0.01802 0.11712 0.06306 0.01802 0.09009 0.11712 0.04505 0.00901 0.05405 0.01802 0.04505 0.03604 0.00901 0.02703 0.07207
Q4HFR7                         0.06306 0.01802 0.11712 0.06306 0.00000 0.00901 0.11712 0.03604 0.00901 0.11712 0.16216 0.08108 0.00000 0.03604 0.02703 0.03604 0.03604 0.00000 0.03604 0.03604
B9KFP0                         0.09910 0.01802 0.08108 0.06306 0.00901 0.04505 0.09910 0.04505 0.00901 0.12613 0.13514 0.09910 0.00901 0.03604 0.00901 0.03604 0.02703 0.00000 0.02703 0.02703
O24853                         0.09009 0.01802 0.07207 0.02703 0.00901 0.01802 0.11712 0.04505 0.00901 0.09910 0.15315 0.08108 0.01802 0.05405 0.04505 0.05405 0.02703 0.00901 0.02703 0.02703
Q4HRX2                         0.08108 0.01802 0.08108 0.03604 0.00901 0.03604 0.11712 0.05405 0.03604 0.09910 0.17117 0.05405 0.00901 0.03604 0.00901 0.03604 0.04505 0.00000 0.01802 0.05405
B9L730                         0.07207 0.02703 0.02703 0.10811 0.00000 0.03604 0.08108 0.03604 0.01802 0.13514 0.08108 0.14414 0.00000 0.04505 0.00901 0.03604 0.02703 0.00901 0.03604 0.07207
B7MQD1                         0.12613 0.03604 0.03604 0.06306 0.00901 0.04505 0.09009 0.04505 0.00901 0.02703 0.14414 0.06306 0.00901 0.03604 0.02703 0.04505 0.01802 0.00901 0.06306 0.09910
P0A780                         0.12613 0.03604 0.03604 0.06306 0.00901 0.04505 0.09009 0.04505 0.00901 0.02703 0.14414 0.06306 0.00901 0.03604 0.02703 0.04505 0.01802 0.00901 0.06306 0.09910
P74395                         0.08108 0.09009 0.02703 0.05405 0.00901 0.09009 0.08108 0.05405 0.00901 0.06306 0.16216 0.03604 0.01802 0.01802 0.00901 0.06306 0.03604 0.00901 0.01802 0.07207
B1WXY6                         0.08108 0.09009 0.02703 0.08108 0.00000 0.04505 0.09910 0.03604 0.00000 0.10811 0.14414 0.06306 0.00000 0.02703 0.00901 0.04505 0.03604 0.00901 0.03604 0.06306
B7LMH1                         0.12613 0.03604 0.03604 0.06306 0.00901 0.04505 0.09009 0.04505 0.00901 0.02703 0.14414 0.06306 0.00901 0.04505 0.02703 0.03604 0.02703 0.00901 0.05405 0.09910
Q8YW56                         0.09009 0.08108 0.05405 0.06306 0.00000 0.04505 0.08108 0.03604 0.00901 0.09910 0.13514 0.03604 0.01802 0.02703 0.01802 0.07207 0.01802 0.00901 0.01802 0.09009
Q3MGI4                         0.09009 0.08108 0.05405 0.06306 0.00000 0.04505 0.08108 0.04505 0.00901 0.09910 0.14414 0.03604 0.02703 0.01802 0.01802 0.06306 0.01802 0.00901 0.01802 0.08108
A3IKI6                         0.08108 0.09910 0.02703 0.08108 0.00000 0.06306 0.09009 0.03604 0.00000 0.09910 0.15315 0.04505 0.00000 0.02703 0.00901 0.03604 0.04505 0.00901 0.03604 0.06306
B7K4P4                         0.10811 0.09910 0.06306 0.05405 0.00000 0.04505 0.10811 0.02703 0.00000 0.10811 0.13514 0.02703 0.01802 0.02703 0.01802 0.03604 0.01802 0.00901 0.03604 0.06306
C7QR87                         0.10811 0.09910 0.06306 0.05405 0.00000 0.04505 0.10811 0.02703 0.00000 0.10811 0.13514 0.02703 0.01802 0.02703 0.01802 0.03604 0.01802 0.00901 0.03604 0.06306
Q4C5Z6                         0.09910 0.09009 0.02703 0.09009 0.00000 0.06306 0.07207 0.02703 0.00901 0.09910 0.14414 0.05405 0.00000 0.02703 0.00901 0.02703 0.04505 0.00901 0.02703 0.08108
B0JGZ3                         0.08108 0.09910 0.03604 0.05405 0.00000 0.05405 0.09910 0.04505 0.00901 0.09009 0.15315 0.02703 0.00901 0.00901 0.01802 0.04505 0.03604 0.00901 0.05405 0.07207
B4B1N1                         0.07207 0.09009 0.02703 0.03604 0.00000 0.06306 0.11712 0.04505 0.00000 0.09910 0.10811 0.04505 0.01802 0.02703 0.01802 0.05405 0.03604 0.00901 0.03604 0.09910
B8HYJ8                         0.09009 0.08108 0.04505 0.07207 0.00000 0.08108 0.05405 0.01802 0.01802 0.07207 0.16216 0.02703 0.00000 0.03604 0.02703 0.02703 0.06306 0.00901 0.02703 0.09009
A0ZE02                         0.08108 0.09910 0.04505 0.06306 0.00000 0.04505 0.09009 0.04505 0.01802 0.09009 0.13514 0.02703 0.00901 0.02703 0.01802 0.06306 0.01802 0.00901 0.01802 0.09910
B7KFR8                         0.07207 0.09009 0.03604 0.03604 0.00000 0.06306 0.12613 0.02703 0.00000 0.09910 0.10811 0.03604 0.02703 0.01802 0.01802 0.04505 0.04505 0.00901 0.04505 0.09910
B1XIZ3                         0.06306 0.11712 0.04505 0.07207 0.00000 0.03604 0.08108 0.03604 0.02703 0.09009 0.14414 0.03604 0.00000 0.03604 0.01802 0.04505 0.03604 0.00901 0.02703 0.08108
B0C5Q2                         0.09009 0.07207 0.04505 0.07207 0.00000 0.05405 0.07207 0.03604 0.05405 0.09009 0.15315 0.02703 0.00901 0.01802 0.01802 0.05405 0.02703 0.00901 0.02703 0.07207
B2J3F1                         0.09009 0.07207 0.05405 0.07207 0.00000 0.04505 0.07207 0.04505 0.01802 0.08108 0.15315 0.03604 0.00901 0.01802 0.01802 0.05405 0.03604 0.00901 0.01802 0.09910
Q2JHC7                         0.14414 0.08108 0.02703 0.04505 0.00000 0.05405 0.08108 0.04505 0.00901 0.05405 0.16216 0.04505 0.00901 0.00901 0.02703 0.03604 0.01802 0.00901 0.02703 0.11712
Q2JQT6                         0.14414 0.08108 0.02703 0.05405 0.00000 0.04505 0.08108 0.05405 0.01802 0.05405 0.17117 0.04505 0.00901 0.00901 0.02703 0.02703 0.01802 0.00901 0.01802 0.10811
B9YHJ4                         0.10811 0.07207 0.06306 0.06306 0.00000 0.05405 0.08108 0.03604 0.00901 0.11712 0.10811 0.03604 0.01802 0.01802 0.01802 0.05405 0.02703 0.00901 0.01802 0.09009
Q8DKS0                         0.11712 0.09910 0.03604 0.02703 0.00901 0.06306 0.12613 0.01802 0.02703 0.09009 0.13514 0.01802 0.01802 0.01802 0.00901 0.04505 0.00901 0.00901 0.04505 0.08108
Q7NKZ0                         0.09910 0.09910 0.01802 0.07207 0.00901 0.02703 0.09009 0.04505 0.00000 0.04505 0.14414 0.02703 0.03604 0.04505 0.02703 0.02703 0.04505 0.00901 0.01802 0.11712
B5W2M2                         0.09009 0.08108 0.02703 0.08108 0.00000 0.05405 0.09009 0.02703 0.00901 0.05405 0.15315 0.01802 0.01802 0.00901 0.01802 0.08108 0.01802 0.00901 0.04505 0.11712
Q118A6                         0.07207 0.07207 0.03604 0.06306 0.00000 0.05405 0.09009 0.04505 0.00000 0.08108 0.14414 0.06306 0.03604 0.02703 0.01802 0.04505 0.02703 0.00901 0.02703 0.09009
Q5N1J7                         0.08108 0.12613 0.05405 0.07207 0.00000 0.04505 0.09009 0.04505 0.00901 0.04505 0.16216 0.00901 0.00901 0.02703 0.02703 0.04505 0.03604 0.01802 0.00901 0.09009
Q8GIR7                         0.08108 0.12613 0.05405 0.07207 0.00000 0.04505 0.09009 0.04505 0.00901 0.04505 0.16216 0.00901 0.00901 0.02703 0.02703 0.04505 0.03604 0.01802 0.00901 0.09009
A0YKZ7                         0.09009 0.09910 0.04505 0.07207 0.00000 0.05405 0.10811 0.02703 0.00901 0.11712 0.16216 0.00901 0.00000 0.00901 0.01802 0.04505 0.03604 0.00901 0.03604 0.05405
A5GPV4                         0.13514 0.10811 0.01802 0.07207 0.00901 0.09910 0.06306 0.05405 0.01802 0.05405 0.16216 0.00901 0.01802 0.00901 0.02703 0.00901 0.03604 0.01802 0.01802 0.06306
A2C5K6                         0.09910 0.13514 0.03604 0.07207 0.00901 0.04505 0.05405 0.05405 0.01802 0.07207 0.17117 0.00901 0.01802 0.00000 0.02703 0.06306 0.01802 0.00901 0.00901 0.08108
Q0IE73                         0.09009 0.12613 0.03604 0.07207 0.01802 0.06306 0.05405 0.04505 0.00901 0.04505 0.16216 0.04505 0.03604 0.01802 0.02703 0.03604 0.02703 0.00901 0.00000 0.08108
Q05UU5                         0.09009 0.14414 0.02703 0.08108 0.00901 0.05405 0.04505 0.06306 0.00901 0.03604 0.16216 0.00901 0.03604 0.00901 0.01802 0.06306 0.03604 0.00901 0.00901 0.09009
A3Z3V4                         0.12613 0.15315 0.01802 0.09910 0.00901 0.07207 0.03604 0.04505 0.01802 0.03604 0.18018 0.00000 0.01802 0.00000 0.02703 0.02703 0.02703 0.00901 0.00901 0.09009
Q7V9D9                         0.09910 0.13514 0.03604 0.07207 0.00901 0.05405 0.05405 0.05405 0.01802 0.07207 0.17117 0.00000 0.01802 0.00901 0.02703 0.05405 0.01802 0.00901 0.00901 0.08108
Q7UA86                         0.09009 0.13514 0.02703 0.09910 0.00901 0.04505 0.05405 0.06306 0.01802 0.03604 0.16216 0.00901 0.03604 0.01802 0.02703 0.05405 0.00901 0.00901 0.00901 0.09009
A5GHM1                         0.11712 0.12613 0.03604 0.08108 0.01802 0.07207 0.05405 0.02703 0.00000 0.03604 0.17117 0.01802 0.04505 0.00000 0.02703 0.06306 0.00901 0.00901 0.00901 0.08108
A8G1Z6                         0.04505 0.09009 0.08108 0.09910 0.01802 0.04505 0.01802 0.04505 0.00000 0.13514 0.13514 0.05405 0.00901 0.01802 0.01802 0.08108 0.01802 0.00901 0.01802 0.06306
A3PA56                         0.05405 0.08108 0.08108 0.09910 0.01802 0.04505 0.01802 0.04505 0.00000 0.12613 0.13514 0.06306 0.00901 0.01802 0.01802 0.08108 0.01802 0.00901 0.01802 0.06306
Q46I53                         0.06306 0.09910 0.05405 0.09009 0.00901 0.04505 0.06306 0.04505 0.00901 0.07207 0.18919 0.06306 0.02703 0.00901 0.01802 0.02703 0.01802 0.01802 0.00901 0.07207
A2BND5                         0.04505 0.08108 0.08108 0.09910 0.01802 0.03604 0.01802 0.04505 0.00000 0.13514 0.13514 0.07207 0.00901 0.01802 0.01802 0.08108 0.01802 0.00901 0.01802 0.06306
A4CWT2                         0.12613 0.12613 0.02703 0.08108 0.01802 0.07207 0.05405 0.03604 0.00000 0.02703 0.17117 0.01802 0.04505 0.00000 0.01802 0.05405 0.01802 0.00901 0.00901 0.09009
Q31DH5                         0.05405 0.08108 0.07207 0.10811 0.00901 0.04505 0.00901 0.04505 0.00000 0.12613 0.13514 0.06306 0.01802 0.00901 0.01802 0.08108 0.03604 0.00901 0.01802 0.06306
A3YWH2                         0.11712 0.14414 0.02703 0.09910 0.00901 0.04505 0.04505 0.06306 0.00901 0.05405 0.16216 0.00000 0.03604 0.00901 0.02703 0.03604 0.04505 0.00901 0.00901 0.05405
A2BTW5                         0.05405 0.08108 0.06306 0.10811 0.00901 0.03604 0.03604 0.03604 0.01802 0.12613 0.13514 0.07207 0.01802 0.00000 0.01802 0.07207 0.02703 0.00901 0.01802 0.06306
Q3B0Z3                         0.09009 0.13514 0.02703 0.07207 0.00000 0.07207 0.06306 0.05405 0.00901 0.05405 0.14414 0.00901 0.03604 0.01802 0.02703 0.05405 0.02703 0.00901 0.00901 0.09009
A2BZB2                         0.06306 0.10811 0.05405 0.09009 0.00901 0.04505 0.05405 0.04505 0.00901 0.07207 0.18018 0.05405 0.02703 0.00901 0.01802 0.01802 0.02703 0.01802 0.00901 0.09009
Q3ANP0                         0.06306 0.14414 0.02703 0.07207 0.00000 0.07207 0.07207 0.07207 0.00901 0.04505 0.16216 0.01802 0.02703 0.01802 0.03604 0.01802 0.03604 0.00901 0.00901 0.09009
A9B9K6                         0.07207 0.08108 0.09009 0.07207 0.00901 0.07207 0.02703 0.04505 0.00901 0.11712 0.17117 0.03604 0.01802 0.00000 0.01802 0.05405 0.01802 0.00901 0.01802 0.06306
Q062H3                         0.09910 0.13514 0.02703 0.07207 0.00000 0.08108 0.06306 0.04505 0.00901 0.06306 0.13514 0.00000 0.04505 0.01802 0.02703 0.04505 0.02703 0.00901 0.00901 0.09009
Q7V3R0                         0.04505 0.09910 0.06306 0.09910 0.01802 0.02703 0.03604 0.02703 0.01802 0.10811 0.14414 0.05405 0.01802 0.00901 0.01802 0.08108 0.02703 0.00901 0.01802 0.08108
Q7VEK3                         0.06306 0.09009 0.08108 0.08108 0.00901 0.07207 0.03604 0.03604 0.00000 0.09009 0.16216 0.04505 0.02703 0.00000 0.01802 0.05405 0.01802 0.00901 0.04505 0.06306

Homogeneity statistic: X2 = 10.41381 G = 11.27757 

Average                        0.08926 0.08441 0.04879 0.07193 0.00527 0.04796 0.07734 0.04338 0.01109 0.08385 0.14816 0.04310 0.01635 0.02231 0.02024 0.04796 0.02869 0.00887 0.02467 0.07637

# constant sites:      3 (2.70%)
ln Lmax (unconstrained) = -522.757852

AA distances (raw proportions of different sites)

A8EVW4         
A6Q4Q9           0.4505
D1B3U2           0.4324  0.3964
A6QBK6           0.4234  0.3964  0.4685
A8FKG9           0.4054  0.4324  0.4324  0.4595
A7H4Z5           0.4144  0.4505  0.4414  0.4685  0.0180
Q30TJ7           0.4685  0.3874  0.3874  0.4324  0.4505  0.4595
Q7MAE9           0.4955  0.3874  0.4054  0.4324  0.5225  0.5225  0.4234
Q4HFR7           0.4234  0.4324  0.4234  0.4865  0.1982  0.2162  0.4775  0.5225
B9KFP0           0.4324  0.4955  0.4595  0.4595  0.4054  0.4144  0.5225  0.5405  0.3874
O24853           0.5135  0.5135  0.5495  0.4865  0.4865  0.4865  0.4955  0.4955  0.4865  0.4865
Q4HRX2           0.5135  0.4775  0.4685  0.5225  0.3243  0.3423  0.5045  0.5225  0.2973  0.4054  0.5315
B9L730           0.5856  0.5045  0.6036  0.5856  0.5676  0.5856  0.5586  0.6126  0.5856  0.6306  0.5766  0.6126
B7MQD1           0.6847  0.6667  0.6757  0.6667  0.6577  0.6667  0.6486  0.6667  0.6306  0.6577  0.7027  0.7027  0.6847
P0A780           0.6847  0.6667  0.6757  0.6667  0.6577  0.6667  0.6486  0.6667  0.6306  0.6577  0.7027  0.7027  0.6847  0.0000
P74395           0.6937  0.6847  0.6937  0.7297  0.6937  0.7027  0.6937  0.6577  0.6937  0.6847  0.7477  0.7027  0.6667  0.7027  0.7027
B1WXY6           0.6937  0.6757  0.6937  0.7027  0.6667  0.6847  0.6577  0.6667  0.6847  0.6757  0.7207  0.7207  0.6577  0.7117  0.7117  0.3153
B7LMH1           0.6937  0.6757  0.6847  0.6847  0.6667  0.6757  0.6577  0.6486  0.6396  0.6667  0.7117  0.6937  0.6937  0.0180  0.0180  0.7027  0.7117
Q8YW56           0.6937  0.6757  0.6757  0.7297  0.6757  0.6757  0.6757  0.7027  0.6847  0.7027  0.7387  0.7297  0.6577  0.7297  0.7297  0.3964  0.3694  0.7297
Q3MGI4           0.7027  0.6757  0.6937  0.7207  0.6757  0.6757  0.6757  0.6937  0.6847  0.7027  0.7387  0.7297  0.6577  0.7297  0.7297  0.3874  0.3604  0.7297  0.0270
A3IKI6           0.7027  0.6847  0.7027  0.7027  0.6577  0.6757  0.6667  0.6757  0.6667  0.6667  0.7297  0.7027  0.6757  0.7027  0.7027  0.3063  0.0541  0.7027  0.3874  0.3784
B7K4P4           0.7117  0.7027  0.6667  0.7387  0.6937  0.7027  0.6757  0.6937  0.6847  0.7027  0.7027  0.7568  0.6847  0.7117  0.7117  0.3423  0.2072  0.7117  0.3784  0.3694  0.1892
C7QR87           0.7117  0.7027  0.6667  0.7387  0.6937  0.7027  0.6757  0.6937  0.6847  0.7027  0.7027  0.7568  0.6847  0.7117  0.7117  0.3423  0.2072  0.7117  0.3784  0.3694  0.1892  0.0000
Q4C5Z6           0.7027  0.6937  0.7027  0.7027  0.6757  0.6937  0.6577  0.7027  0.6847  0.7027  0.7117  0.7117  0.6667  0.6847  0.6847  0.3243  0.1171  0.6847  0.3964  0.3874  0.1261  0.2432  0.2432
B0JGZ3           0.7207  0.6847  0.6937  0.7387  0.6937  0.7117  0.6937  0.7027  0.7027  0.7297  0.7658  0.7387  0.6847  0.7027  0.7027  0.3423  0.2613  0.7027  0.3964  0.3874  0.2432  0.2252  0.2252  0.2703
B4B1N1           0.7568  0.7387  0.7207  0.7568  0.7387  0.7477  0.6757  0.7297  0.7477  0.7748  0.7928  0.7658  0.6937  0.7297  0.7297  0.3243  0.2523  0.7297  0.4324  0.4234  0.2523  0.2252  0.2252  0.2793  0.1802
B8HYJ8           0.7297  0.7027  0.6847  0.6667  0.6847  0.6847  0.6667  0.6847  0.6937  0.7117  0.7207  0.7027  0.6486  0.6757  0.6757  0.4414  0.4324  0.6757  0.4234  0.4144  0.4234  0.4054  0.4054  0.4144  0.4324  0.4414
A0ZE02           0.7027  0.6667  0.6847  0.7207  0.6847  0.6847  0.6757  0.6847  0.7027  0.7117  0.7477  0.7027  0.6486  0.7207  0.7207  0.3874  0.3964  0.7207  0.1351  0.1441  0.4144  0.3784  0.3784  0.4054  0.3874  0.4234  0.4144
B7KFR8           0.7748  0.7387  0.7207  0.7658  0.7477  0.7568  0.6757  0.7207  0.7477  0.7748  0.7748  0.7658  0.7117  0.7297  0.7297  0.3423  0.2883  0.7297  0.4414  0.4324  0.2703  0.2072  0.2072  0.2973  0.1802  0.0811  0.4234  0.4144
B1XIZ3           0.6937  0.6937  0.6847  0.6847  0.6757  0.6847  0.6486  0.6847  0.6847  0.7027  0.7297  0.6757  0.6486  0.6937  0.6937  0.3874  0.3694  0.6937  0.4234  0.4144  0.3694  0.3694  0.3694  0.3604  0.3333  0.3333  0.4144  0.4505  0.3333
B0C5Q2           0.7658  0.6937  0.6937  0.7297  0.7117  0.7297  0.7117  0.7387  0.6757  0.7297  0.7568  0.7027  0.6757  0.7117  0.7117  0.4144  0.4144  0.7117  0.4144  0.4054  0.3784  0.3784  0.3784  0.4054  0.3964  0.4324  0.3694  0.4054  0.4324  0.4865
B2J3F1           0.7207  0.7027  0.7207  0.7207  0.6757  0.6847  0.7117  0.7027  0.6937  0.7207  0.7477  0.7387  0.6667  0.6937  0.6937  0.3423  0.3694  0.6937  0.2432  0.2342  0.3784  0.3784  0.3784  0.3874  0.3784  0.3964  0.3964  0.2162  0.3964  0.4144  0.3964
Q2JHC7           0.7027  0.6486  0.6757  0.6847  0.7117  0.7117  0.6937  0.6667  0.6847  0.7207  0.7387  0.7207  0.7297  0.6937  0.6937  0.5045  0.5315  0.6937  0.4865  0.4775  0.5225  0.5045  0.5045  0.5225  0.5045  0.5405  0.4955  0.4775  0.5315  0.5135  0.4865  0.5135
Q2JQT6           0.7027  0.6577  0.6757  0.6937  0.7027  0.7027  0.7027  0.6667  0.6757  0.7207  0.7207  0.7117  0.7387  0.6937  0.6937  0.5225  0.5135  0.6937  0.5045  0.4955  0.5135  0.4955  0.4955  0.5045  0.5135  0.5495  0.5045  0.4865  0.5315  0.5135  0.4955  0.5225  0.0631
B9YHJ4           0.7297  0.7117  0.7297  0.7117  0.6757  0.6847  0.7117  0.7117  0.6847  0.7117  0.7387  0.7117  0.6667  0.7207  0.7207  0.3604  0.3964  0.7207  0.2342  0.2432  0.3874  0.3694  0.3694  0.3874  0.3694  0.3784  0.4324  0.2252  0.3784  0.4324  0.3964  0.1261  0.5225  0.5405
Q8DKS0           0.7477  0.7117  0.6847  0.7568  0.7207  0.7297  0.7027  0.7207  0.7477  0.7658  0.7568  0.8018  0.7297  0.6937  0.6937  0.5135  0.5135  0.6937  0.5045  0.4955  0.5315  0.4955  0.4955  0.5225  0.4775  0.4595  0.5495  0.4955  0.4685  0.4775  0.5405  0.4955  0.5586  0.5676  0.5315
Q7NKZ0           0.7658  0.6937  0.7387  0.7658  0.7568  0.7658  0.7387  0.7297  0.7117  0.7387  0.8018  0.7568  0.7027  0.7027  0.7027  0.5135  0.5045  0.7027  0.5225  0.5135  0.5045  0.5135  0.5135  0.5045  0.5135  0.5045  0.5495  0.5225  0.5135  0.5405  0.4865  0.4955  0.4775  0.4865  0.5315  0.5405
B5W2M2           0.7658  0.7207  0.7297  0.7297  0.7387  0.7477  0.7387  0.7207  0.7297  0.7568  0.7928  0.7658  0.7027  0.7387  0.7387  0.4324  0.4414  0.7387  0.4414  0.4324  0.4414  0.4414  0.4414  0.4505  0.4414  0.4234  0.3964  0.4505  0.4505  0.4775  0.4865  0.4234  0.4595  0.4775  0.4414  0.5135  0.5315
Q118A6           0.7568  0.7387  0.7568  0.7387  0.7297  0.7387  0.6757  0.7568  0.7027  0.7297  0.7477  0.7477  0.7027  0.6847  0.6847  0.4324  0.4324  0.6847  0.4054  0.4054  0.4414  0.4234  0.4234  0.4324  0.4324  0.4144  0.4324  0.4234  0.4144  0.4234  0.4595  0.3874  0.5225  0.5315  0.4054  0.5315  0.5225  0.3964
Q5N1J7           0.7207  0.7387  0.6847  0.6667  0.6667  0.6757  0.6937  0.7207  0.6757  0.7027  0.7297  0.7117  0.6937  0.7477  0.7477  0.4234  0.4324  0.7477  0.4595  0.4505  0.4234  0.4144  0.4144  0.4054  0.4414  0.4414  0.4324  0.4685  0.4414  0.4234  0.4685  0.4414  0.5225  0.5045  0.4505  0.5495  0.5495  0.4505  0.4505
Q8GIR7           0.7207  0.7387  0.6847  0.6667  0.6667  0.6757  0.6937  0.7207  0.6757  0.7027  0.7297  0.7117  0.6937  0.7477  0.7477  0.4234  0.4324  0.7477  0.4595  0.4505  0.4234  0.4144  0.4144  0.4054  0.4414  0.4414  0.4324  0.4685  0.4414  0.4234  0.4685  0.4414  0.5225  0.5045  0.4505  0.5495  0.5495  0.4505  0.4505  0.0000
A0YKZ7           0.7658  0.7297  0.6847  0.7387  0.6667  0.6757  0.7027  0.6937  0.6757  0.7477  0.7658  0.7387  0.6847  0.7207  0.7207  0.4505  0.4054  0.7207  0.4054  0.3964  0.4234  0.3964  0.3964  0.4324  0.3874  0.4234  0.3964  0.4234  0.4144  0.3964  0.4505  0.4234  0.4865  0.5045  0.4324  0.4685  0.5495  0.2793  0.3784  0.4505  0.4505
A5GPV4           0.7568  0.7117  0.7387  0.7207  0.7748  0.7838  0.7297  0.7477  0.7658  0.7207  0.7748  0.7117  0.7387  0.7387  0.7387  0.4955  0.5135  0.7387  0.5225  0.5315  0.4955  0.4955  0.4955  0.4865  0.5405  0.5225  0.5315  0.5045  0.5045  0.5135  0.5315  0.5495  0.5676  0.5586  0.5225  0.6126  0.5405  0.5495  0.5586  0.4865  0.4865  0.5676
A2C5K6           0.7477  0.6847  0.7297  0.7297  0.7297  0.7387  0.7297  0.7027  0.7297  0.7568  0.7387  0.7297  0.7477  0.7568  0.7568  0.5045  0.5045  0.7568  0.5045  0.4955  0.4955  0.4955  0.4955  0.4865  0.5135  0.5225  0.5405  0.4865  0.5135  0.5045  0.5676  0.5135  0.5495  0.5315  0.5135  0.5946  0.5405  0.5135  0.5495  0.4955  0.4955  0.5225  0.3423
Q0IE73           0.7658  0.7027  0.7297  0.7387  0.7207  0.7297  0.7207  0.7568  0.7207  0.7838  0.7838  0.7207  0.7568  0.7297  0.7297  0.5315  0.5405  0.7297  0.5225  0.5135  0.5405  0.5315  0.5315  0.5225  0.5135  0.5135  0.5045  0.5045  0.5135  0.5315  0.5495  0.5225  0.5405  0.5135  0.5315  0.6306  0.5586  0.5315  0.5045  0.4865  0.4865  0.5135  0.3694  0.2703
Q05UU5           0.7658  0.7117  0.7477  0.7477  0.7477  0.7568  0.7387  0.7387  0.7387  0.7658  0.7838  0.7387  0.7568  0.7748  0.7748  0.4955  0.5045  0.7748  0.5045  0.5045  0.5045  0.5045  0.5045  0.4865  0.5135  0.5225  0.5315  0.4955  0.5225  0.5135  0.5586  0.5135  0.5225  0.4955  0.5405  0.5946  0.5315  0.5045  0.5315  0.4505  0.4505  0.5135  0.3333  0.2072  0.2703
A3Z3V4           0.7568  0.7027  0.7387  0.7477  0.7387  0.7477  0.7387  0.7387  0.7297  0.7658  0.7748  0.7207  0.7568  0.7387  0.7387  0.4955  0.5045  0.7387  0.5045  0.5045  0.5045  0.5045  0.5045  0.4775  0.5045  0.5135  0.4955  0.4955  0.5135  0.5315  0.5405  0.5045  0.5225  0.4955  0.5225  0.6036  0.5045  0.4955  0.5405  0.4595  0.4595  0.5225  0.3333  0.2072  0.2252  0.1441
Q7V9D9           0.7477  0.6847  0.7297  0.7297  0.7387  0.7477  0.7387  0.7027  0.7297  0.7477  0.7477  0.7297  0.7477  0.7568  0.7568  0.5045  0.5045  0.7568  0.5045  0.4955  0.4955  0.4955  0.4955  0.4865  0.5135  0.5225  0.5405  0.4865  0.5135  0.5045  0.5676  0.5135  0.5495  0.5315  0.5135  0.5946  0.5315  0.5135  0.5495  0.4955  0.4955  0.5225  0.3423  0.0180  0.2793  0.2072  0.1982
Q7UA86           0.7928  0.7297  0.7477  0.7568  0.7658  0.7748  0.7748  0.7477  0.7748  0.8018  0.7748  0.7748  0.7658  0.7748  0.7748  0.5225  0.5405  0.7748  0.5676  0.5586  0.5405  0.5315  0.5315  0.5225  0.5495  0.5405  0.5405  0.5495  0.5315  0.5225  0.5766  0.5495  0.5856  0.5766  0.5856  0.5856  0.5495  0.5225  0.5405  0.4414  0.4414  0.5315  0.4054  0.2703  0.3243  0.2703  0.2973  0.2793
A5GHM1           0.7928  0.7387  0.7568  0.7658  0.7477  0.7568  0.7568  0.7477  0.7658  0.7928  0.7928  0.7207  0.7838  0.7477  0.7477  0.4955  0.5225  0.7477  0.5315  0.5315  0.5225  0.5045  0.5045  0.5045  0.5315  0.5135  0.5405  0.5225  0.5135  0.5495  0.5856  0.5586  0.5946  0.5766  0.5405  0.5946  0.5586  0.5045  0.5495  0.4595  0.4595  0.5315  0.3604  0.3153  0.2793  0.2342  0.2613  0.3153  0.2973
A8G1Z6           0.7748  0.7387  0.7477  0.7387  0.7568  0.7568  0.7568  0.7387  0.7387  0.7568  0.7928  0.7748  0.7568  0.8198  0.8198  0.5856  0.5315  0.8198  0.5946  0.5856  0.5405  0.5676  0.5676  0.5586  0.5856  0.5586  0.6486  0.5856  0.5586  0.5766  0.6306  0.6216  0.6306  0.6036  0.6036  0.6937  0.5946  0.6306  0.6396  0.5315  0.5315  0.6126  0.4955  0.4144  0.4595  0.4505  0.4595  0.4144  0.4865  0.4865
A3PA56           0.7658  0.7297  0.7387  0.7387  0.7477  0.7477  0.7477  0.7477  0.7297  0.7477  0.7838  0.7658  0.7568  0.8108  0.8108  0.5856  0.5495  0.8108  0.5946  0.5856  0.5586  0.5856  0.5856  0.5766  0.5856  0.5676  0.6486  0.5856  0.5766  0.5856  0.6396  0.6216  0.6126  0.6126  0.6036  0.7027  0.6036  0.6306  0.6306  0.5495  0.5495  0.6126  0.5135  0.4324  0.4595  0.4685  0.4775  0.4324  0.5045  0.5045  0.0270
Q46I53           0.7568  0.7027  0.7477  0.7387  0.7387  0.7387  0.7477  0.7207  0.7207  0.7568  0.7568  0.7297  0.7568  0.7658  0.7658  0.5586  0.5315  0.7658  0.5676  0.5766  0.5405  0.5495  0.5495  0.5405  0.5405  0.5315  0.5856  0.5495  0.5045  0.5495  0.6036  0.6036  0.6216  0.5946  0.6036  0.6486  0.5946  0.6126  0.5856  0.5045  0.5045  0.5856  0.3784  0.3153  0.3604  0.3153  0.3243  0.3243  0.3514  0.3423  0.4144  0.4324
A2BND5           0.7658  0.7387  0.7387  0.7297  0.7477  0.7477  0.7568  0.7477  0.7297  0.7477  0.7838  0.7658  0.7477  0.8108  0.8108  0.5946  0.5405  0.8108  0.6036  0.5946  0.5495  0.5766  0.5766  0.5676  0.5946  0.5676  0.6577  0.5946  0.5676  0.5856  0.6396  0.6306  0.6216  0.6036  0.6126  0.7027  0.6036  0.6396  0.6306  0.5405  0.5405  0.6216  0.5045  0.4324  0.4595  0.4685  0.4775  0.4324  0.5045  0.5045  0.0360  0.0270  0.4324
A4CWT2           0.8108  0.7477  0.7658  0.7748  0.7658  0.7748  0.7658  0.7568  0.7748  0.7928  0.8018  0.7297  0.7838  0.7477  0.7477  0.5135  0.5405  0.7477  0.5405  0.5405  0.5405  0.5225  0.5225  0.5225  0.5315  0.5315  0.5495  0.5315  0.5315  0.5495  0.6036  0.5586  0.6036  0.5766  0.5586  0.6036  0.5586  0.5135  0.5405  0.4595  0.4595  0.5405  0.3784  0.3153  0.2703  0.2342  0.2523  0.3153  0.2883  0.0450  0.4955  0.5135  0.3514  0.5135
Q31DH5           0.7568  0.7477  0.7658  0.7387  0.7748  0.7748  0.7477  0.7658  0.7568  0.7748  0.7838  0.7748  0.7658  0.8288  0.8288  0.6036  0.5946  0.8288  0.6216  0.6126  0.5946  0.6036  0.6036  0.5946  0.6126  0.6036  0.6486  0.6126  0.5946  0.6036  0.6486  0.6306  0.6306  0.6306  0.6216  0.7207  0.6216  0.6486  0.6486  0.5676  0.5676  0.6306  0.5225  0.4505  0.4775  0.4865  0.4775  0.4505  0.5045  0.5225  0.1171  0.0901  0.4505  0.1171  0.5315
A3YWH2           0.8018  0.7207  0.7838  0.7748  0.7477  0.7568  0.7748  0.7568  0.7387  0.7838  0.7748  0.7387  0.7477  0.7748  0.7748  0.5135  0.5135  0.7748  0.5586  0.5676  0.5225  0.5045  0.5045  0.5135  0.5405  0.5495  0.5766  0.5405  0.5405  0.5676  0.5856  0.5676  0.5766  0.5586  0.5405  0.6036  0.5315  0.5405  0.5766  0.4865  0.4865  0.5586  0.3333  0.3243  0.3604  0.2973  0.2883  0.3243  0.2973  0.3243  0.4685  0.4865  0.3514  0.4865  0.3243  0.4865
A2BTW5           0.7658  0.6937  0.7297  0.7207  0.7297  0.7477  0.7477  0.7387  0.7207  0.7387  0.7838  0.7387  0.7387  0.8018  0.8018  0.5946  0.5495  0.8018  0.6036  0.5946  0.5405  0.5856  0.5856  0.5495  0.5586  0.5676  0.6216  0.6036  0.5495  0.5856  0.6216  0.6306  0.6396  0.6126  0.6126  0.7027  0.6036  0.6126  0.6216  0.5495  0.5495  0.6306  0.4865  0.4054  0.4234  0.4505  0.4505  0.4054  0.4775  0.4775  0.1982  0.2072  0.4144  0.2162  0.4865  0.2342  0.4595
Q3B0Z3           0.7928  0.7207  0.7658  0.7297  0.7748  0.7838  0.7477  0.7477  0.7568  0.7838  0.7928  0.7477  0.7748  0.7477  0.7477  0.4775  0.4865  0.7477  0.5495  0.5495  0.4865  0.4955  0.4955  0.4595  0.5045  0.4955  0.5405  0.5405  0.4865  0.5135  0.5676  0.5405  0.5405  0.5315  0.5225  0.5946  0.5315  0.5045  0.5135  0.4595  0.4595  0.4865  0.3964  0.2883  0.3243  0.2613  0.2883  0.2793  0.2252  0.2793  0.4505  0.4685  0.3784  0.4685  0.2883  0.4865  0.2973  0.4595
A2BZB2           0.7658  0.7027  0.7568  0.7477  0.7297  0.7297  0.7568  0.7207  0.7207  0.7748  0.7658  0.7387  0.7568  0.7748  0.7748  0.5676  0.5315  0.7748  0.5586  0.5676  0.5495  0.5495  0.5495  0.5405  0.5405  0.5225  0.5946  0.5405  0.5135  0.5586  0.6216  0.5946  0.6216  0.5946  0.5946  0.6486  0.5856  0.5946  0.5946  0.5045  0.5045  0.5856  0.3964  0.3153  0.3604  0.3063  0.3153  0.3243  0.3514  0.3423  0.4054  0.4234  0.0360  0.4234  0.3514  0.4414  0.3423  0.4054  0.3784
Q3ANP0           0.8018  0.7297  0.7477  0.7658  0.7568  0.7658  0.7568  0.7658  0.7568  0.7838  0.7928  0.7477  0.7748  0.7477  0.7477  0.5225  0.5045  0.7477  0.5315  0.5225  0.5045  0.5135  0.5135  0.4865  0.5315  0.5225  0.5135  0.5315  0.5045  0.5225  0.5676  0.5315  0.5315  0.5225  0.5495  0.6036  0.5135  0.5045  0.5135  0.4595  0.4595  0.4955  0.3784  0.2613  0.2883  0.2523  0.2703  0.2523  0.1892  0.2973  0.4775  0.4955  0.3604  0.4955  0.3063  0.4955  0.3063  0.4775  0.1712  0.3604
A9B9K6           0.7748  0.7658  0.7748  0.7928  0.7928  0.7928  0.7658  0.7658  0.7838  0.8108  0.7658  0.7748  0.7748  0.8018  0.8018  0.5676  0.5495  0.8018  0.6306  0.6216  0.5586  0.5856  0.5856  0.5405  0.5676  0.5676  0.6396  0.5946  0.5586  0.5856  0.6396  0.6306  0.6306  0.6036  0.6486  0.6937  0.6216  0.6306  0.6126  0.5315  0.5315  0.6306  0.4775  0.3874  0.3874  0.3694  0.3694  0.3874  0.4234  0.4144  0.3514  0.3784  0.3514  0.3784  0.4144  0.3694  0.3874  0.3243  0.4324  0.3514  0.4234
Q062H3           0.8018  0.7297  0.7568  0.7387  0.7748  0.7838  0.7658  0.7477  0.7568  0.7838  0.7928  0.7477  0.7748  0.7568  0.7568  0.4955  0.5045  0.7568  0.5676  0.5676  0.5045  0.5135  0.5135  0.4775  0.5405  0.5315  0.5495  0.5586  0.5225  0.5315  0.5856  0.5586  0.5586  0.5495  0.5405  0.6126  0.5405  0.5225  0.5405  0.4865  0.4865  0.5225  0.4054  0.2883  0.3514  0.2793  0.2973  0.2793  0.2252  0.2973  0.4685  0.4865  0.3874  0.4865  0.3063  0.5045  0.3063  0.4775  0.0541  0.3874  0.1712  0.4414
Q7V3R0           0.7658  0.7387  0.7387  0.7297  0.7387  0.7568  0.7658  0.7387  0.7387  0.7568  0.7928  0.7658  0.7568  0.7928  0.7928  0.6036  0.5495  0.7928  0.6216  0.6126  0.5586  0.5946  0.5946  0.5766  0.5946  0.5856  0.6667  0.6126  0.5766  0.5946  0.6306  0.6306  0.6486  0.6306  0.6216  0.7117  0.6396  0.6486  0.6396  0.5495  0.5495  0.6486  0.5225  0.4234  0.4595  0.4685  0.4775  0.4234  0.4865  0.5045  0.1622  0.1532  0.4505  0.1622  0.5135  0.2072  0.4865  0.1441  0.4775  0.4414  0.5045  0.3874  0.4955
Q7VEK3           0.7838  0.7568  0.7748  0.7658  0.7748  0.7838  0.7748  0.7838  0.7477  0.8108  0.7838  0.7568  0.7477  0.7928  0.7928  0.5405  0.5766  0.7928  0.6216  0.6126  0.5946  0.6126  0.6126  0.5766  0.6036  0.5946  0.6126  0.6126  0.5856  0.5946  0.6486  0.6036  0.6396  0.6126  0.6306  0.6937  0.6216  0.5946  0.6126  0.5135  0.5135  0.6036  0.4505  0.3423  0.3153  0.3243  0.3514  0.3514  0.3604  0.3694  0.4414  0.4505  0.3333  0.4505  0.3694  0.4324  0.3964  0.3964  0.3694  0.3333  0.3694  0.3063  0.3694  0.4505


TREE #  1:  (18, (15, 14), ((13, (11, ((4, (2, (8, (3, 7)))), (1, (10, (12, (9, (5, 6)))))))), (27, (31, (((16, (30, ((25, (26, 29)), ((22, 23), (24, (17, 21)))))), (((28, (19, 20)), (32, 35)), (((40, 41), (43, (57, ((49, (61, (59, 63))), (46, (47, ((44, 48), (45, ((50, 55), ((58, (64, (56, (51, (52, 54))))), ((53, 60), (62, 65)))))))))))), (36, (37, (33, 34)))))), (39, (38, 42)))))));   MP score: 1403
lnL(ntime:127  np:128):  -6710.698552      +0.000000
  66..18   66..67   67..15   67..14   66..68   68..69   69..13   69..70   70..11   70..71   71..72   72..4    72..73   73..2    73..74   74..8    74..75   75..3    75..7    71..76   76..1    76..77   77..10   77..78   78..12   78..79   79..9    79..80   80..5    80..6    68..81   81..27   81..82   82..31   82..83   83..84   84..85   85..16   85..86   86..30   86..87   87..88   88..25   88..89   89..26   89..29   87..90   90..91   91..22   91..23   90..92   92..24   92..93   93..17   93..21   84..94   94..95   95..96   96..28   96..97   97..19   97..20   95..98   98..32   98..35   94..99   99..100 100..101 101..40  101..41  100..102 102..43  102..103 103..57  103..104 104..105 105..49  105..106 106..61  106..107 107..59  107..63  104..108 108..46  108..109 109..47  109..110 110..111 111..44  111..48  110..112 112..45  112..113 113..114 114..50  114..55  113..115 115..116 116..58  116..117 117..64  117..118 118..56  118..119 119..51  119..120 120..52  120..54  115..121 121..122 122..53  122..60  121..123 123..62  123..65   99..124 124..36  124..125 125..37  125..126 126..33  126..34   83..127 127..39  127..128 128..38  128..42 
 0.023877 0.000004 0.000004 0.000004 1.634889 0.372143 0.534726 0.417994 0.751630 0.134147 0.083951 0.497705 0.103191 0.290887 0.126317 0.494411 0.087987 0.476291 0.395596 0.160363 0.491206 0.253957 0.504528 0.170167 0.421388 0.083419 0.160575 0.166897 0.000004 0.021405 1.274070 0.370925 0.070579 0.321410 0.176887 0.000004 0.157576 0.373854 0.103470 0.541032 0.075345 0.073906 0.151504 0.087831 0.064730 0.052850 0.055126 0.124107 0.000004 0.000004 0.141225 0.132304 0.009357 0.034558 0.037357 0.000004 0.337899 0.159072 0.090189 0.113188 0.000004 0.032956 0.090144 0.071087 0.099525 0.013781 0.330098 0.416706 0.000004 0.000004 0.674140 0.409368 0.159107 0.234742 0.121787 0.125894 0.174491 0.065036 0.130901 0.122284 0.039505 0.026911 0.154506 0.048687 0.047239 0.126167 0.016805 0.220289 0.010771 0.011292 0.120202 0.220374 0.047245 0.197462 0.035277 0.020710 0.266750 0.585730 0.021733 0.113871 0.057553 0.139871 0.127320 0.003861 0.020780 0.000004 0.010312 0.020922 0.000004 0.387641 0.017213 0.030239 0.106082 0.309290 0.290463 0.158922 0.835534 0.158569 0.848370 0.666408 0.027608 0.060903 0.196251 0.426431 0.164308 0.290679 0.244335 1.023313

tree length =  25.19349

(18: 0.023877, (15: 0.000004, 14: 0.000004): 0.000004, ((13: 0.534726, (11: 0.751630, ((4: 0.497705, (2: 0.290887, (8: 0.494411, (3: 0.476291, 7: 0.395596): 0.087987): 0.126317): 0.103191): 0.083951, (1: 0.491206, (10: 0.504528, (12: 0.421388, (9: 0.160575, (5: 0.000004, 6: 0.021405): 0.166897): 0.083419): 0.170167): 0.253957): 0.160363): 0.134147): 0.417994): 0.372143, (27: 0.370925, (31: 0.321410, (((16: 0.373854, (30: 0.541032, ((25: 0.151504, (26: 0.064730, 29: 0.052850): 0.087831): 0.073906, ((22: 0.000004, 23: 0.000004): 0.124107, (24: 0.132304, (17: 0.034558, 21: 0.037357): 0.009357): 0.141225): 0.055126): 0.075345): 0.103470): 0.157576, (((28: 0.090189, (19: 0.000004, 20: 0.032956): 0.113188): 0.159072, (32: 0.071087, 35: 0.099525): 0.090144): 0.337899, (((40: 0.000004, 41: 0.000004): 0.416706, (43: 0.409368, (57: 0.234742, ((49: 0.174491, (61: 0.130901, (59: 0.039505, 63: 0.026911): 0.122284): 0.065036): 0.125894, (46: 0.048687, (47: 0.126167, ((44: 0.010771, 48: 0.011292): 0.220289, (45: 0.220374, ((50: 0.035277, 55: 0.020710): 0.197462, ((58: 0.021733, (64: 0.057553, (56: 0.127320, (51: 0.020780, (52: 0.010312, 54: 0.020922): 0.000004): 0.003861): 0.139871): 0.113871): 0.585730, ((53: 0.017213, 60: 0.030239): 0.387641, (62: 0.309290, 65: 0.290463): 0.106082): 0.000004): 0.266750): 0.047245): 0.120202): 0.016805): 0.047239): 0.154506): 0.121787): 0.159107): 0.674140): 0.330098, (36: 0.835534, (37: 0.848370, (33: 0.027608, 34: 0.060903): 0.666408): 0.158569): 0.158922): 0.013781): 0.000004): 0.000004, (39: 0.426431, (38: 0.290679, 42: 0.244335): 0.164308): 0.196251): 0.176887): 0.070579): 1.274070): 1.634889);

(B7LMH1: 0.023877, (P0A780: 0.000004, B7MQD1: 0.000004): 0.000004, ((B9L730: 0.534726, (O24853: 0.751630, ((A6QBK6: 0.497705, (A6Q4Q9: 0.290887, (Q7MAE9: 0.494411, (D1B3U2: 0.476291, Q30TJ7: 0.395596): 0.087987): 0.126317): 0.103191): 0.083951, (A8EVW4: 0.491206, (B9KFP0: 0.504528, (Q4HRX2: 0.421388, (Q4HFR7: 0.160575, (A8FKG9: 0.000004, A7H4Z5: 0.021405): 0.166897): 0.083419): 0.170167): 0.253957): 0.160363): 0.134147): 0.417994): 0.372143, (B8HYJ8: 0.370925, (B0C5Q2: 0.321410, (((P74395: 0.373854, (B1XIZ3: 0.541032, ((B0JGZ3: 0.151504, (B4B1N1: 0.064730, B7KFR8: 0.052850): 0.087831): 0.073906, ((B7K4P4: 0.000004, C7QR87: 0.000004): 0.124107, (Q4C5Z6: 0.132304, (B1WXY6: 0.034558, A3IKI6: 0.037357): 0.009357): 0.141225): 0.055126): 0.075345): 0.103470): 0.157576, (((A0ZE02: 0.090189, (Q8YW56: 0.000004, Q3MGI4: 0.032956): 0.113188): 0.159072, (B2J3F1: 0.071087, B9YHJ4: 0.099525): 0.090144): 0.337899, (((Q5N1J7: 0.000004, Q8GIR7: 0.000004): 0.416706, (A5GPV4: 0.409368, (A3YWH2: 0.234742, ((Q7UA86: 0.174491, (Q3ANP0: 0.130901, (Q3B0Z3: 0.039505, Q062H3: 0.026911): 0.122284): 0.065036): 0.125894, (Q05UU5: 0.048687, (A3Z3V4: 0.126167, ((A2C5K6: 0.010771, Q7V9D9: 0.011292): 0.220289, (Q0IE73: 0.220374, ((A5GHM1: 0.035277, A4CWT2: 0.020710): 0.197462, ((A2BTW5: 0.021733, (Q7V3R0: 0.057553, (Q31DH5: 0.127320, (A8G1Z6: 0.020780, (A3PA56: 0.010312, A2BND5: 0.020922): 0.000004): 0.003861): 0.139871): 0.113871): 0.585730, ((Q46I53: 0.017213, A2BZB2: 0.030239): 0.387641, (A9B9K6: 0.309290, Q7VEK3: 0.290463): 0.106082): 0.000004): 0.266750): 0.047245): 0.120202): 0.016805): 0.047239): 0.154506): 0.121787): 0.159107): 0.674140): 0.330098, (Q8DKS0: 0.835534, (Q7NKZ0: 0.848370, (Q2JHC7: 0.027608, Q2JQT6: 0.060903): 0.666408): 0.158569): 0.158922): 0.013781): 0.000004): 0.000004, (Q118A6: 0.426431, (B5W2M2: 0.290679, A0YKZ7: 0.244335): 0.164308): 0.196251): 0.176887): 0.070579): 1.274070): 1.634889);

Detailed output identifying parameters

alpha (gamma, K = 4) =  1.02331
rate:   0.14158  0.48365  1.00376  2.37101
freq:   0.25000  0.25000  0.25000  0.25000

Time used: 12:48
