AAML (in paml version 4.6, August 2012)  317.aa
Model: Empirical_F for branches,  Global clock  (/Users/dani/Desktop/paml4-1.6/dat/lg.dat) dGamma (ncatG=4) ns =  65  ls = 570


Frequencies..
                                    A      R      N      D      C      Q      E      G      H      I      L      K      M      F      P      S      T      W      Y      V
A8EWX5                         0.08421 0.04386 0.03860 0.05088 0.00175 0.04211 0.10526 0.04737 0.01053 0.08246 0.08070 0.10526 0.01404 0.03684 0.04035 0.05789 0.06316 0.00877 0.03684 0.04912
B2IWS5                         0.08947 0.06491 0.01754 0.05614 0.00702 0.05789 0.07368 0.05614 0.01754 0.04386 0.10526 0.06842 0.01228 0.02456 0.04912 0.06140 0.07544 0.01228 0.03509 0.07193
B0JHS3                         0.09474 0.07018 0.02982 0.05088 0.00526 0.05088 0.07018 0.05263 0.01579 0.05965 0.09825 0.07018 0.01404 0.02982 0.04912 0.06842 0.07193 0.01053 0.03333 0.05439
Q4C5N4                         0.08596 0.06316 0.01579 0.05088 0.00526 0.04561 0.08947 0.06842 0.01579 0.04912 0.10351 0.08772 0.01404 0.02982 0.04737 0.05614 0.06140 0.01228 0.03509 0.06316
Q8DHR4                         0.10877 0.08421 0.01754 0.04561 0.00526 0.06491 0.08596 0.04912 0.01754 0.04386 0.11228 0.04737 0.01579 0.03158 0.05088 0.04561 0.07018 0.01053 0.02982 0.06316
B1WVJ8                         0.08947 0.06491 0.02105 0.05614 0.00526 0.04561 0.08246 0.06491 0.01579 0.04912 0.10175 0.08421 0.01404 0.02982 0.04561 0.05614 0.06140 0.01228 0.03509 0.06491
Q2JWS9                         0.09825 0.08246 0.01404 0.04561 0.00526 0.05965 0.08596 0.05439 0.01754 0.03684 0.11228 0.05965 0.01754 0.02982 0.05965 0.05088 0.05439 0.01053 0.03158 0.07368
B9YL16                         0.09123 0.06491 0.02105 0.05088 0.00702 0.05965 0.07544 0.05263 0.01930 0.05088 0.10175 0.07018 0.01053 0.02632 0.04912 0.05614 0.07719 0.01228 0.03509 0.06842
A3ILD7                         0.08596 0.06491 0.02105 0.05789 0.00526 0.04561 0.08246 0.06316 0.01579 0.04912 0.10351 0.08596 0.01404 0.02982 0.04561 0.05439 0.06491 0.01228 0.03509 0.06316
Q2JJ84                         0.10175 0.08421 0.01053 0.04561 0.00526 0.05965 0.08772 0.05263 0.01754 0.03860 0.10877 0.05789 0.01754 0.02982 0.05965 0.05439 0.05088 0.01053 0.03333 0.07368
Q3MH80                         0.09123 0.06842 0.01930 0.05614 0.00526 0.05965 0.07895 0.05789 0.01404 0.04561 0.10351 0.06667 0.01053 0.02456 0.04912 0.05439 0.07719 0.01228 0.03684 0.06842
B7JYQ6                         0.09474 0.06667 0.02281 0.05439 0.00702 0.05263 0.07895 0.05965 0.01404 0.05263 0.10526 0.07368 0.01404 0.02982 0.05263 0.04912 0.06842 0.01053 0.03158 0.06140
C7QKW5                         0.09474 0.06667 0.02281 0.05439 0.00702 0.05263 0.07895 0.05965 0.01404 0.05263 0.10702 0.07368 0.01404 0.02982 0.05088 0.04912 0.06842 0.01053 0.03158 0.06140
Q8YTE2                         0.08772 0.06667 0.01930 0.05789 0.00702 0.05614 0.07895 0.05789 0.01404 0.04561 0.10526 0.06842 0.01053 0.02632 0.04912 0.05439 0.07719 0.01228 0.03509 0.07018
Q5N5T9                         0.10526 0.08246 0.01930 0.05263 0.00702 0.06842 0.07368 0.05263 0.01404 0.04035 0.11228 0.05263 0.01754 0.03333 0.05088 0.05614 0.06140 0.01404 0.02807 0.05789
P34185                         0.10526 0.08246 0.01930 0.05263 0.00702 0.06842 0.07368 0.05263 0.01404 0.04035 0.11228 0.05263 0.01754 0.03333 0.05088 0.05614 0.06140 0.01404 0.02807 0.05789
A0ZI69                         0.08947 0.06316 0.02456 0.05614 0.00702 0.05789 0.07018 0.05789 0.01754 0.04561 0.10702 0.06842 0.01053 0.02632 0.04912 0.05789 0.07895 0.01228 0.03333 0.06667
B1XKP8                         0.09298 0.06667 0.02632 0.04912 0.00702 0.04912 0.08070 0.05088 0.01404 0.04737 0.10351 0.08596 0.01053 0.02807 0.05263 0.05088 0.07193 0.01053 0.03158 0.07018
P73810                         0.09649 0.07018 0.02281 0.04912 0.00702 0.05439 0.07544 0.06140 0.01579 0.04912 0.09825 0.07368 0.01579 0.02807 0.05439 0.04912 0.05965 0.01228 0.03158 0.07544
B0CFN9                         0.09298 0.08070 0.01579 0.05789 0.00702 0.04737 0.07895 0.05439 0.01404 0.03509 0.11228 0.06491 0.01754 0.03158 0.05263 0.05789 0.07018 0.01053 0.02807 0.07018
A0YII1                         0.10175 0.07368 0.02807 0.05263 0.00702 0.04912 0.08421 0.05614 0.01579 0.04035 0.10175 0.07368 0.01228 0.02982 0.05088 0.04912 0.06491 0.01228 0.02982 0.06667
A9BE54                         0.08421 0.07544 0.02632 0.05263 0.00526 0.03509 0.07895 0.06316 0.01754 0.04561 0.11228 0.06842 0.01930 0.03158 0.04737 0.06491 0.06491 0.01228 0.02807 0.06667
B8HP12                         0.09123 0.08772 0.02281 0.04912 0.00526 0.07018 0.08246 0.05614 0.01579 0.04561 0.11053 0.04737 0.01228 0.02982 0.05439 0.04211 0.07193 0.01053 0.03158 0.06316
B7KFB6                         0.09649 0.06316 0.02807 0.03684 0.00526 0.04386 0.09649 0.06491 0.01754 0.04912 0.10351 0.08070 0.01579 0.02982 0.05088 0.04912 0.06667 0.01053 0.03158 0.05965
B5W1H4                         0.09298 0.07368 0.02632 0.05263 0.00526 0.06491 0.07719 0.05965 0.01754 0.04912 0.10526 0.07018 0.01053 0.02807 0.04912 0.05263 0.05614 0.00877 0.03333 0.06667
B4B237                         0.09474 0.06140 0.02632 0.04561 0.00526 0.04912 0.08772 0.05263 0.02105 0.04737 0.10175 0.07895 0.01930 0.02807 0.05088 0.05088 0.07018 0.01053 0.03158 0.06667
Q7V627                         0.10175 0.08596 0.01404 0.06140 0.00526 0.04561 0.07193 0.06491 0.01404 0.02807 0.11053 0.05614 0.01930 0.03509 0.04912 0.07018 0.05439 0.01228 0.02807 0.07193
A2C7C2                         0.10000 0.08246 0.01404 0.05965 0.00526 0.04386 0.07719 0.06316 0.01404 0.02982 0.11228 0.05965 0.01930 0.03509 0.04912 0.07018 0.05263 0.01228 0.02807 0.07193
B9KEN9                         0.06667 0.04912 0.05965 0.04912 0.00526 0.03509 0.09649 0.04211 0.01404 0.09298 0.08947 0.11228 0.01579 0.05439 0.03860 0.06667 0.04386 0.00175 0.03509 0.03158
A5GRQ4                         0.10351 0.07719 0.02105 0.04912 0.00877 0.04386 0.08070 0.06140 0.02281 0.03509 0.10526 0.06316 0.01754 0.03158 0.05088 0.06667 0.06140 0.01228 0.02632 0.06140
Q0I8A6                         0.08421 0.08070 0.02105 0.05965 0.00526 0.03158 0.08421 0.06667 0.01754 0.03333 0.11579 0.05439 0.01754 0.03333 0.04912 0.07895 0.05614 0.01228 0.02632 0.07193
Q30U79                         0.09123 0.04737 0.02982 0.04386 0.00526 0.03333 0.09123 0.04737 0.01404 0.08947 0.07719 0.08947 0.01930 0.04561 0.04035 0.08070 0.07018 0.00702 0.03158 0.04561
A8FNZ3                         0.07193 0.04737 0.04912 0.05789 0.00702 0.03158 0.08596 0.04386 0.01228 0.08772 0.08772 0.11404 0.02105 0.04737 0.03860 0.06491 0.05263 0.00175 0.03860 0.03860
Q4HE54                         0.07193 0.04737 0.05263 0.04912 0.00702 0.03158 0.08596 0.04561 0.01228 0.08070 0.08596 0.11404 0.01930 0.04912 0.03860 0.07018 0.05088 0.00175 0.03860 0.04737
A5GMZ4                         0.10175 0.07895 0.01579 0.05263 0.00526 0.03860 0.08596 0.06667 0.01930 0.02807 0.11404 0.05614 0.01754 0.03333 0.04912 0.07018 0.05439 0.01228 0.02632 0.07368
A7H633                         0.07018 0.04737 0.04912 0.05614 0.00702 0.03333 0.08596 0.04386 0.01228 0.08947 0.08596 0.11404 0.01930 0.04737 0.03860 0.06667 0.05088 0.00175 0.03860 0.04211
Q4HNK0                         0.07193 0.05614 0.03509 0.04211 0.00702 0.03333 0.10351 0.05088 0.01579 0.07193 0.09474 0.10877 0.01754 0.04912 0.03860 0.06842 0.04737 0.00175 0.03684 0.04912
A4CRQ0                         0.10000 0.07895 0.01754 0.05789 0.00526 0.03684 0.07895 0.06667 0.01930 0.02807 0.11579 0.05614 0.01754 0.03333 0.04912 0.07193 0.05439 0.01228 0.02632 0.07368
Q7VDE6                         0.09298 0.07544 0.02456 0.05789 0.00526 0.02982 0.07719 0.05263 0.01228 0.05263 0.10351 0.08070 0.01754 0.02982 0.04561 0.07018 0.06140 0.01228 0.02807 0.07018
Q7V2N7                         0.07895 0.06140 0.03509 0.04737 0.00526 0.02807 0.09298 0.05088 0.01228 0.05088 0.11228 0.09649 0.01930 0.03509 0.04035 0.07368 0.06316 0.01053 0.02807 0.05789
A6Q5J8                         0.08947 0.04737 0.02281 0.04912 0.00351 0.04561 0.10702 0.04211 0.01228 0.08246 0.07368 0.12281 0.01930 0.04561 0.04035 0.05439 0.05263 0.00351 0.04035 0.04561
A2BV96                         0.07895 0.06667 0.02982 0.04561 0.00526 0.02807 0.09298 0.05263 0.01228 0.05088 0.11228 0.09123 0.01930 0.03333 0.04035 0.07719 0.06667 0.01053 0.02807 0.05789
Q05WM0                         0.10526 0.08421 0.01404 0.05789 0.00526 0.04386 0.08246 0.06667 0.02105 0.02632 0.10877 0.05263 0.01930 0.03333 0.04912 0.06842 0.04912 0.01228 0.02632 0.07368
B9L7D9                         0.07895 0.04912 0.03684 0.05088 0.00351 0.04211 0.10351 0.04561 0.01579 0.08070 0.07368 0.11754 0.01228 0.04211 0.04912 0.04386 0.05789 0.00351 0.04386 0.04912
Q3AM11                         0.09649 0.07719 0.01754 0.04912 0.00351 0.04035 0.08772 0.07368 0.01754 0.02807 0.11053 0.05614 0.01754 0.03333 0.05088 0.07193 0.05614 0.01228 0.02632 0.07368
A3Z624                         0.10000 0.08772 0.01579 0.04912 0.00526 0.04211 0.08947 0.06316 0.01930 0.02632 0.11053 0.05439 0.01754 0.03158 0.05088 0.06316 0.05965 0.01228 0.02807 0.07368
A3Z0K4                         0.11228 0.08421 0.01228 0.05263 0.00526 0.04211 0.08070 0.06140 0.01930 0.02807 0.11053 0.05614 0.01754 0.03158 0.05263 0.05965 0.06316 0.01228 0.02807 0.07018
Q7NGH1                         0.10702 0.08596 0.01930 0.05965 0.00702 0.05439 0.07719 0.05965 0.01404 0.04912 0.07719 0.06491 0.01579 0.03333 0.05263 0.04035 0.06667 0.01228 0.02982 0.07368
D1B572                         0.08947 0.04912 0.02807 0.04561 0.00351 0.04737 0.10526 0.04386 0.01579 0.07895 0.08772 0.09298 0.01228 0.04737 0.04035 0.08596 0.04386 0.00526 0.03684 0.04035
Q11AC4                         0.08421 0.07368 0.02807 0.05263 0.00877 0.05439 0.08246 0.05439 0.02105 0.04386 0.09298 0.07193 0.01754 0.03509 0.05263 0.05088 0.06667 0.01053 0.02982 0.06842
Q7U539                         0.10000 0.07544 0.01404 0.05614 0.00702 0.04561 0.08070 0.07193 0.01754 0.02807 0.11228 0.05614 0.01754 0.03509 0.05088 0.07018 0.05439 0.01228 0.02456 0.07018
Q3AWJ8                         0.09825 0.07544 0.01579 0.06140 0.00702 0.04912 0.07368 0.07018 0.01754 0.03333 0.10877 0.05789 0.01754 0.03333 0.05263 0.06491 0.05614 0.01228 0.02632 0.06842
A8G3F0                         0.07719 0.06316 0.03158 0.04737 0.00877 0.02632 0.08772 0.05614 0.01228 0.05263 0.10877 0.09298 0.01930 0.04035 0.04386 0.07018 0.07018 0.01053 0.02632 0.05439
Q05YT5                         0.09825 0.07544 0.01579 0.05965 0.00702 0.04737 0.07368 0.07193 0.01930 0.03333 0.10877 0.05789 0.01754 0.03333 0.05263 0.06316 0.05789 0.01228 0.02632 0.06842
A6Q6D9                         0.07895 0.04737 0.02281 0.05439 0.00702 0.03158 0.10351 0.05263 0.01754 0.08070 0.07895 0.11579 0.01579 0.04561 0.04386 0.05263 0.07544 0.00351 0.03509 0.03684
A2C0P3                         0.07368 0.06842 0.03158 0.04737 0.00351 0.03158 0.07544 0.06316 0.01404 0.04561 0.10526 0.08421 0.01754 0.03158 0.04561 0.09298 0.05614 0.01228 0.02807 0.07193
Q46GY2                         0.07193 0.07018 0.02982 0.04737 0.00351 0.03333 0.07719 0.06316 0.01404 0.04737 0.10526 0.08246 0.01754 0.03158 0.04561 0.09298 0.05614 0.01228 0.02807 0.07018
A3PBF8                         0.07193 0.06491 0.02982 0.04912 0.00702 0.02982 0.08772 0.05614 0.01228 0.05439 0.10351 0.08772 0.01930 0.03860 0.04386 0.07368 0.07544 0.01053 0.02632 0.05789
Q7M8P6                         0.08070 0.05614 0.02105 0.04035 0.00526 0.03684 0.11228 0.05263 0.02456 0.09298 0.08070 0.09474 0.01754 0.04211 0.03684 0.07193 0.05088 0.00526 0.03158 0.04561
A2BPR8                         0.06842 0.06491 0.03158 0.04211 0.00702 0.02982 0.09123 0.05614 0.01228 0.05439 0.10526 0.08596 0.01930 0.03860 0.04561 0.07719 0.07544 0.01053 0.02807 0.05614
Q31C99                         0.07193 0.06842 0.02982 0.04912 0.00702 0.02807 0.09123 0.05439 0.01228 0.05439 0.10702 0.08772 0.01930 0.03860 0.04561 0.07018 0.07193 0.01053 0.02632 0.05614
P55991                         0.08070 0.03684 0.03509 0.04912 0.00702 0.03684 0.08947 0.04386 0.01579 0.08596 0.09825 0.12456 0.01228 0.03860 0.03684 0.08421 0.03684 0.00000 0.04561 0.04211
B7LS07                         0.09298 0.07719 0.03684 0.05965 0.00351 0.04386 0.08772 0.05614 0.01930 0.03860 0.07368 0.07193 0.03333 0.03684 0.04386 0.05263 0.05439 0.01404 0.03333 0.07018
B7MUB3                         0.09298 0.07895 0.03684 0.05789 0.00351 0.04386 0.08772 0.05614 0.01930 0.03860 0.07368 0.07193 0.03333 0.03684 0.04386 0.05263 0.05439 0.01404 0.03333 0.07018
P06612                         0.09298 0.07719 0.03860 0.05614 0.00351 0.04386 0.08772 0.05614 0.01930 0.03860 0.07368 0.07193 0.03333 0.03684 0.04386 0.05439 0.05439 0.01404 0.03333 0.07018

Homogeneity statistic: X2 = 2.50524 G = 2.49123 

Average                        0.08988 0.06858 0.02556 0.05190 0.00580 0.04470 0.08505 0.05676 0.01603 0.05088 0.10065 0.07749 0.01706 0.03463 0.04742 0.06238 0.06148 0.01012 0.03152 0.06211

# constant sites:    102 (17.89%)
ln Lmax (unconstrained) = -3419.793658

AA distances (raw proportions of different sites)

A8EWX5         
B2IWS5           0.5123
B0JHS3           0.5070  0.2421
Q4C5N4           0.4965  0.2456  0.2351
Q8DHR4           0.5123  0.2807  0.3035  0.2947
B1WVJ8           0.5000  0.2281  0.2316  0.0596  0.2895
Q2JWS9           0.5018  0.2842  0.2860  0.2982  0.2649  0.2860
B9YL16           0.5088  0.0912  0.2561  0.2439  0.2930  0.2404  0.2947
A3ILD7           0.5070  0.2298  0.2316  0.0649  0.2982  0.0158  0.2930  0.2386
Q2JJ84           0.5070  0.2895  0.2825  0.3000  0.2632  0.2877  0.0404  0.3000  0.2947
Q3MH80           0.5070  0.0912  0.2368  0.2281  0.2789  0.2193  0.2632  0.1105  0.2211  0.2702
B7JYQ6           0.4965  0.2263  0.2193  0.1368  0.2912  0.1211  0.2825  0.2421  0.1263  0.2842  0.2158
C7QKW5           0.4965  0.2263  0.2193  0.1368  0.2912  0.1211  0.2825  0.2421  0.1263  0.2842  0.2158  0.0018
Q8YTE2           0.5140  0.0982  0.2421  0.2456  0.2860  0.2386  0.2719  0.1228  0.2404  0.2772  0.0316  0.2193  0.2211
Q5N5T9           0.5193  0.2509  0.2561  0.2649  0.2789  0.2491  0.2702  0.2561  0.2544  0.2702  0.2439  0.2544  0.2561  0.2474
P34185           0.5193  0.2509  0.2561  0.2649  0.2789  0.2491  0.2702  0.2561  0.2544  0.2702  0.2439  0.2544  0.2561  0.2474  0.0000
A0ZI69           0.5070  0.0860  0.2386  0.2351  0.2754  0.2246  0.2719  0.0947  0.2246  0.2789  0.0912  0.2211  0.2211  0.1018  0.2456  0.2456
B1XKP8           0.4982  0.2789  0.2649  0.2281  0.2982  0.2246  0.2842  0.2807  0.2263  0.2772  0.2737  0.2088  0.2105  0.2772  0.2649  0.2649  0.2702
P73810           0.5035  0.2509  0.2351  0.2228  0.2930  0.2123  0.2860  0.2667  0.2140  0.2842  0.2474  0.2000  0.2018  0.2526  0.2561  0.2561  0.2526  0.2193
B0CFN9           0.5175  0.2386  0.2965  0.2649  0.2947  0.2667  0.2912  0.2561  0.2684  0.2895  0.2404  0.2632  0.2632  0.2509  0.2368  0.2368  0.2298  0.2912  0.2982
A0YII1           0.4947  0.2281  0.2649  0.2351  0.2860  0.2281  0.2789  0.2298  0.2368  0.2772  0.2175  0.2333  0.2351  0.2246  0.2526  0.2526  0.2193  0.2632  0.2526  0.2544
A9BE54           0.5228  0.3281  0.3246  0.3228  0.3439  0.3263  0.3439  0.3333  0.3228  0.3351  0.3088  0.3193  0.3193  0.3105  0.2930  0.2930  0.3158  0.3105  0.3193  0.3158  0.3263
B8HP12           0.5053  0.2579  0.2789  0.2860  0.2702  0.2877  0.2842  0.2596  0.2895  0.2754  0.2439  0.2737  0.2737  0.2544  0.2596  0.2596  0.2456  0.3088  0.2842  0.2368  0.2702  0.3158
B7KFB6           0.5123  0.2368  0.2175  0.1825  0.2965  0.1702  0.2614  0.2474  0.1719  0.2614  0.2368  0.1825  0.1807  0.2456  0.2526  0.2526  0.2386  0.2368  0.2193  0.2702  0.2544  0.3175  0.2772
B5W1H4           0.4947  0.2421  0.2649  0.2456  0.3000  0.2404  0.2737  0.2509  0.2491  0.2772  0.2281  0.2491  0.2474  0.2421  0.2772  0.2772  0.2351  0.2842  0.2596  0.2754  0.1421  0.3333  0.2667  0.2667
B4B237           0.5035  0.2333  0.2158  0.1965  0.2930  0.1912  0.2702  0.2561  0.1947  0.2719  0.2246  0.1860  0.1860  0.2316  0.2474  0.2474  0.2263  0.2421  0.2175  0.2702  0.2596  0.3246  0.2667  0.1175  0.2667
Q7V627           0.5316  0.3000  0.3088  0.3070  0.3035  0.3035  0.3281  0.3123  0.3000  0.3228  0.2860  0.3018  0.3018  0.2930  0.2509  0.2509  0.2930  0.3053  0.2930  0.2912  0.3053  0.2018  0.2965  0.3105  0.3105  0.2982
A2C7C2           0.5316  0.3000  0.3035  0.3053  0.3088  0.3018  0.3298  0.3105  0.2982  0.3246  0.2842  0.2965  0.2965  0.2877  0.2526  0.2526  0.2912  0.3000  0.2947  0.2930  0.3000  0.1982  0.2982  0.3053  0.3035  0.2982  0.0175
B9KEN9           0.5140  0.6000  0.5667  0.5825  0.6088  0.5895  0.5860  0.5947  0.5930  0.5877  0.5930  0.5860  0.5860  0.5930  0.6035  0.6035  0.5947  0.5877  0.5842  0.6105  0.5947  0.5982  0.5912  0.5807  0.5912  0.5842  0.6018  0.6018
A5GRQ4           0.5439  0.2912  0.3053  0.3070  0.3140  0.3088  0.3193  0.3053  0.3105  0.3193  0.2789  0.2912  0.2912  0.2825  0.2684  0.2684  0.2912  0.3123  0.3105  0.2860  0.2947  0.2474  0.2930  0.3053  0.3000  0.3035  0.2123  0.2088  0.6140
Q0I8A6           0.5316  0.2930  0.3088  0.2930  0.3175  0.3018  0.3263  0.2982  0.3000  0.3263  0.2807  0.2965  0.2965  0.2877  0.2596  0.2596  0.2877  0.2982  0.2947  0.2842  0.2965  0.1772  0.2912  0.3053  0.3088  0.3053  0.1439  0.1421  0.6105  0.1789
Q30U79           0.5333  0.5895  0.5684  0.5825  0.5982  0.5895  0.5754  0.5965  0.5912  0.5737  0.5860  0.5860  0.5860  0.5825  0.5912  0.5912  0.5912  0.5632  0.5789  0.5912  0.5754  0.5807  0.5860  0.5772  0.5737  0.5807  0.5842  0.5842  0.4123  0.5930  0.5965
A8FNZ3           0.5246  0.5807  0.5649  0.5772  0.6000  0.5877  0.5737  0.5825  0.5895  0.5737  0.5754  0.5754  0.5754  0.5737  0.6018  0.6018  0.5860  0.5789  0.5825  0.6105  0.5737  0.5965  0.5912  0.5825  0.5789  0.5895  0.6000  0.5965  0.1772  0.6035  0.5982  0.4053
Q4HE54           0.5351  0.5807  0.5614  0.5737  0.5930  0.5825  0.5737  0.5807  0.5807  0.5702  0.5737  0.5684  0.5684  0.5719  0.5982  0.5982  0.5860  0.5772  0.5772  0.6070  0.5737  0.5930  0.5877  0.5789  0.5789  0.5789  0.5965  0.5947  0.1947  0.6000  0.5930  0.4158  0.0439
A5GMZ4           0.5316  0.2895  0.3070  0.2860  0.3105  0.2895  0.3263  0.3000  0.2842  0.3281  0.2737  0.2930  0.2930  0.2860  0.2509  0.2509  0.2842  0.2965  0.2930  0.2754  0.2912  0.1860  0.2877  0.2965  0.3018  0.2947  0.1316  0.1333  0.6088  0.1860  0.1088  0.5877  0.6018  0.5947
A7H633           0.5263  0.5842  0.5684  0.5807  0.6035  0.5895  0.5772  0.5825  0.5912  0.5772  0.5789  0.5772  0.5772  0.5772  0.6053  0.6053  0.5860  0.5842  0.5842  0.6140  0.5772  0.5982  0.5947  0.5825  0.5789  0.5912  0.6035  0.6000  0.1754  0.6070  0.6018  0.4123  0.0211  0.0509  0.6035
Q4HNK0           0.5316  0.5860  0.5702  0.5772  0.5965  0.5807  0.5702  0.5895  0.5807  0.5702  0.5860  0.5702  0.5702  0.5842  0.6018  0.6018  0.5860  0.5719  0.5825  0.5965  0.5754  0.5912  0.5789  0.5754  0.5789  0.5789  0.5912  0.5912  0.2070  0.6035  0.5965  0.4193  0.1649  0.1737  0.5930  0.1702
A4CRQ0           0.5298  0.2842  0.3018  0.2895  0.3088  0.2947  0.3246  0.3000  0.2895  0.3263  0.2754  0.2947  0.2947  0.2842  0.2544  0.2544  0.2789  0.3000  0.2930  0.2772  0.2895  0.1912  0.2825  0.2947  0.3000  0.2912  0.1316  0.1316  0.6088  0.1807  0.1088  0.5825  0.6018  0.5947  0.0211  0.6035  0.5930
Q7VDE6           0.5333  0.3474  0.3561  0.3439  0.3579  0.3404  0.3596  0.3596  0.3404  0.3561  0.3298  0.3368  0.3368  0.3368  0.3053  0.3053  0.3439  0.3439  0.3404  0.3316  0.3491  0.2544  0.3351  0.3439  0.3404  0.3333  0.2474  0.2439  0.6000  0.2912  0.2509  0.5860  0.5912  0.5895  0.2368  0.5947  0.6018  0.2351
Q7V2N7           0.5246  0.3754  0.3667  0.3719  0.3754  0.3702  0.3684  0.3754  0.3719  0.3667  0.3649  0.3684  0.3684  0.3684  0.3561  0.3561  0.3702  0.3632  0.3860  0.3544  0.3667  0.2947  0.3596  0.3719  0.3649  0.3614  0.3035  0.2982  0.5982  0.3123  0.2965  0.6000  0.6000  0.6053  0.3018  0.6035  0.5982  0.2982  0.2561
A6Q5J8           0.5263  0.5737  0.5649  0.5579  0.5825  0.5667  0.5649  0.5667  0.5719  0.5649  0.5614  0.5596  0.5596  0.5684  0.5719  0.5719  0.5702  0.5491  0.5737  0.5842  0.5684  0.5825  0.5789  0.5667  0.5772  0.5632  0.5772  0.5789  0.3561  0.5947  0.5895  0.3561  0.3649  0.3702  0.5825  0.3632  0.3632  0.5860  0.5737  0.5807
A2BV96           0.5193  0.3702  0.3649  0.3702  0.3684  0.3719  0.3614  0.3667  0.3737  0.3649  0.3596  0.3702  0.3702  0.3632  0.3526  0.3526  0.3614  0.3596  0.3807  0.3561  0.3561  0.2877  0.3526  0.3719  0.3632  0.3632  0.2965  0.2930  0.5947  0.3088  0.2947  0.5912  0.5947  0.6018  0.2947  0.5982  0.5982  0.2912  0.2596  0.0509  0.5807
Q05WM0           0.5368  0.2965  0.3211  0.3018  0.3105  0.3000  0.3193  0.3053  0.2965  0.3193  0.2860  0.2965  0.2965  0.2895  0.2561  0.2561  0.2895  0.2982  0.2895  0.2825  0.2912  0.1965  0.2860  0.3070  0.2982  0.3070  0.1351  0.1386  0.6088  0.1895  0.1123  0.5877  0.5982  0.5965  0.0877  0.6018  0.5947  0.1018  0.2491  0.2965  0.5877  0.2895
B9L7D9           0.5298  0.5965  0.5702  0.5860  0.5965  0.5895  0.5825  0.5965  0.5930  0.5842  0.5912  0.5895  0.5895  0.5947  0.5912  0.5912  0.5982  0.5684  0.5860  0.6053  0.5930  0.5930  0.5965  0.5912  0.5842  0.5772  0.5947  0.5965  0.3965  0.5982  0.5965  0.4211  0.4053  0.4053  0.5965  0.4053  0.4088  0.6000  0.5860  0.5825  0.2807  0.5825  0.5947
Q3AM11           0.5333  0.3035  0.3193  0.2930  0.3035  0.2860  0.3316  0.3035  0.2877  0.3298  0.2825  0.2965  0.2965  0.2912  0.2526  0.2526  0.2982  0.3000  0.2860  0.2912  0.2930  0.1982  0.3018  0.3018  0.2982  0.3035  0.1386  0.1404  0.6000  0.2105  0.1386  0.5930  0.5982  0.5965  0.1140  0.6035  0.5965  0.1193  0.2474  0.3105  0.5737  0.3070  0.1193  0.5965
A3Z624           0.5281  0.3035  0.3123  0.2965  0.3105  0.3000  0.3246  0.3035  0.3018  0.3228  0.2754  0.2930  0.2947  0.2807  0.2474  0.2474  0.2912  0.2825  0.2842  0.2772  0.2842  0.1825  0.2842  0.3053  0.3018  0.3035  0.1316  0.1316  0.6123  0.1982  0.1105  0.6018  0.6000  0.5982  0.1105  0.6035  0.5947  0.1193  0.2281  0.2930  0.5737  0.2877  0.0947  0.5947  0.1211
A3Z0K4           0.5333  0.2930  0.3070  0.2912  0.3070  0.2860  0.3175  0.3053  0.2877  0.3123  0.2772  0.2825  0.2842  0.2789  0.2474  0.2474  0.2895  0.2912  0.2860  0.2842  0.2860  0.2333  0.2930  0.2982  0.2965  0.2895  0.1596  0.1649  0.5947  0.1930  0.1772  0.5860  0.6035  0.5982  0.1632  0.6070  0.5965  0.1614  0.2579  0.2982  0.5807  0.2930  0.1719  0.5912  0.1491  0.1526
Q7NGH1           0.5544  0.5649  0.5649  0.5491  0.5649  0.5544  0.5526  0.5719  0.5579  0.5509  0.5544  0.5526  0.5526  0.5596  0.5649  0.5649  0.5667  0.5596  0.5649  0.5684  0.5579  0.5649  0.5614  0.5544  0.5632  0.5614  0.5596  0.5596  0.5439  0.5754  0.5702  0.5632  0.5316  0.5333  0.5579  0.5386  0.5421  0.5596  0.5649  0.5860  0.5263  0.5807  0.5632  0.5298  0.5596  0.5526  0.5561
D1B572           0.5474  0.5825  0.5544  0.5632  0.5860  0.5719  0.5614  0.5825  0.5807  0.5632  0.5772  0.5719  0.5719  0.5825  0.5719  0.5719  0.5807  0.5544  0.5772  0.5807  0.5737  0.5807  0.5807  0.5737  0.5772  0.5579  0.5737  0.5737  0.3632  0.6018  0.5947  0.3632  0.3579  0.3632  0.5842  0.3596  0.3579  0.5825  0.5789  0.5807  0.3123  0.5772  0.5895  0.3895  0.5825  0.5807  0.5754  0.5368
Q11AC4           0.5211  0.2211  0.2789  0.2439  0.2912  0.2421  0.3018  0.2263  0.2456  0.3053  0.2281  0.2491  0.2509  0.2386  0.2772  0.2772  0.2140  0.2825  0.2702  0.2544  0.2175  0.3368  0.2737  0.2772  0.2421  0.2737  0.3123  0.3105  0.6123  0.3193  0.3053  0.5930  0.6000  0.5965  0.3035  0.6018  0.5965  0.3053  0.3596  0.3789  0.5754  0.3789  0.2965  0.6088  0.3000  0.2982  0.3140  0.5702  0.5912
Q7U539           0.5351  0.3018  0.3228  0.3018  0.3228  0.2947  0.3281  0.3088  0.2947  0.3298  0.2825  0.3070  0.3070  0.2965  0.2561  0.2561  0.2982  0.3070  0.2965  0.2860  0.3000  0.1965  0.3070  0.3123  0.3123  0.3088  0.1421  0.1474  0.6070  0.2088  0.1421  0.5930  0.6123  0.6070  0.1105  0.6158  0.5965  0.1140  0.2474  0.3053  0.5807  0.3053  0.1246  0.6035  0.0754  0.1281  0.1561  0.5596  0.5842  0.3123
Q3AWJ8           0.5421  0.2930  0.3263  0.2860  0.3053  0.2825  0.3351  0.3053  0.2825  0.3386  0.2789  0.2895  0.2912  0.2895  0.2456  0.2456  0.2877  0.2930  0.2842  0.2789  0.2912  0.1947  0.2965  0.3018  0.3070  0.2982  0.1263  0.1281  0.6105  0.2123  0.1421  0.5895  0.6053  0.6000  0.1088  0.6088  0.6053  0.1123  0.2351  0.3088  0.5825  0.3053  0.1175  0.5982  0.0895  0.1263  0.1544  0.5614  0.5772  0.3035  0.0860
A8G3F0           0.5158  0.3684  0.3544  0.3667  0.3684  0.3667  0.3596  0.3684  0.3684  0.3596  0.3614  0.3702  0.3702  0.3649  0.3456  0.3456  0.3561  0.3579  0.3789  0.3509  0.3509  0.2877  0.3526  0.3667  0.3579  0.3614  0.3000  0.2912  0.6035  0.3088  0.2947  0.5912  0.5982  0.6018  0.2965  0.6035  0.6018  0.2982  0.2632  0.1211  0.5877  0.1158  0.2982  0.5807  0.3035  0.2895  0.3018  0.5772  0.5860  0.3667  0.3018  0.3035
Q05YT5           0.5421  0.2912  0.3246  0.2877  0.3053  0.2807  0.3298  0.3035  0.2807  0.3333  0.2737  0.2860  0.2877  0.2860  0.2474  0.2474  0.2860  0.2930  0.2789  0.2825  0.2877  0.1965  0.2965  0.2982  0.3035  0.2965  0.1298  0.1333  0.6088  0.2123  0.1456  0.5895  0.6088  0.6035  0.1053  0.6123  0.6035  0.1088  0.2333  0.3088  0.5825  0.3053  0.1228  0.5965  0.0912  0.1333  0.1544  0.5614  0.5789  0.3035  0.0860  0.0123  0.3035
A6Q6D9           0.5368  0.5947  0.5789  0.5772  0.5930  0.5912  0.5684  0.6000  0.5965  0.5719  0.5842  0.5860  0.5860  0.5877  0.5930  0.5930  0.5930  0.5754  0.5772  0.6053  0.5632  0.6000  0.5912  0.5842  0.5754  0.5754  0.5930  0.5930  0.3877  0.6105  0.6035  0.3509  0.3842  0.3895  0.5982  0.3825  0.3912  0.5930  0.5947  0.6035  0.3105  0.6000  0.5982  0.3684  0.6018  0.5930  0.5965  0.5544  0.3351  0.5877  0.6070  0.6035  0.6000  0.6000
A2C0P3           0.5386  0.3246  0.3263  0.3333  0.3474  0.3281  0.3509  0.3246  0.3298  0.3509  0.2982  0.3281  0.3281  0.3070  0.3053  0.3053  0.3175  0.3140  0.3175  0.3193  0.3088  0.2246  0.3298  0.3246  0.3175  0.3246  0.1930  0.1930  0.6000  0.2526  0.2000  0.5965  0.6053  0.6000  0.2000  0.6088  0.6035  0.2018  0.2632  0.2965  0.5807  0.2982  0.2123  0.5947  0.1842  0.2018  0.2158  0.5789  0.5860  0.3404  0.1895  0.2000  0.2982  0.1965  0.5930
Q46GY2           0.5368  0.3246  0.3263  0.3298  0.3456  0.3298  0.3544  0.3211  0.3298  0.3544  0.2982  0.3281  0.3281  0.3070  0.3018  0.3018  0.3175  0.3158  0.3158  0.3228  0.3123  0.2246  0.3298  0.3246  0.3211  0.3246  0.1912  0.1912  0.6000  0.2579  0.2035  0.5982  0.6035  0.5982  0.2035  0.6070  0.6053  0.2053  0.2614  0.3000  0.5789  0.3018  0.2158  0.5912  0.1807  0.2018  0.2211  0.5754  0.5842  0.3404  0.1912  0.1965  0.2982  0.1930  0.5947  0.0088
A3PBF8           0.5158  0.3737  0.3614  0.3719  0.3737  0.3719  0.3614  0.3737  0.3737  0.3596  0.3684  0.3772  0.3772  0.3719  0.3474  0.3474  0.3614  0.3596  0.3842  0.3544  0.3526  0.2842  0.3579  0.3737  0.3579  0.3649  0.3000  0.2930  0.6053  0.3105  0.2947  0.5877  0.6088  0.6105  0.2930  0.6123  0.6035  0.2965  0.2684  0.1140  0.5842  0.1140  0.2930  0.5807  0.3035  0.2860  0.3018  0.5825  0.5860  0.3737  0.2947  0.3018  0.0333  0.3035  0.5965  0.2982  0.3018
Q7M8P6           0.5579  0.6018  0.5895  0.5772  0.6000  0.5877  0.5930  0.6018  0.5895  0.5930  0.6018  0.5895  0.5895  0.6088  0.5982  0.5982  0.6018  0.5860  0.5877  0.6018  0.5912  0.6018  0.6000  0.5860  0.5860  0.5930  0.5982  0.5965  0.3930  0.6035  0.6000  0.3877  0.3930  0.3982  0.5877  0.3947  0.3877  0.5912  0.5982  0.6123  0.3211  0.6105  0.6053  0.3825  0.5982  0.5912  0.5965  0.5596  0.3439  0.6070  0.5965  0.5982  0.6035  0.6018  0.3596  0.6000  0.6000  0.6035
A2BPR8           0.5175  0.3737  0.3632  0.3737  0.3737  0.3754  0.3632  0.3737  0.3772  0.3632  0.3719  0.3789  0.3789  0.3754  0.3474  0.3474  0.3632  0.3614  0.3860  0.3544  0.3526  0.2877  0.3596  0.3737  0.3632  0.3667  0.3035  0.2965  0.6035  0.3158  0.2947  0.5877  0.6070  0.6105  0.2947  0.6123  0.6035  0.2965  0.2702  0.1193  0.5842  0.1175  0.2947  0.5842  0.3018  0.2860  0.3035  0.5842  0.5860  0.3754  0.2947  0.3035  0.0439  0.3053  0.5947  0.3035  0.3053  0.0193  0.6018
Q31C99           0.5246  0.3772  0.3667  0.3772  0.3737  0.3772  0.3649  0.3789  0.3789  0.3649  0.3719  0.3772  0.3772  0.3754  0.3544  0.3544  0.3684  0.3667  0.3877  0.3526  0.3596  0.2930  0.3632  0.3789  0.3649  0.3702  0.3000  0.2947  0.6070  0.3175  0.2982  0.5930  0.6088  0.6123  0.2965  0.6140  0.6053  0.2982  0.2667  0.1140  0.5860  0.1140  0.3018  0.5842  0.3035  0.2930  0.3018  0.5807  0.5895  0.3772  0.2982  0.3035  0.0474  0.3053  0.5947  0.2965  0.3000  0.0298  0.6000  0.0368
P55991           0.5649  0.5912  0.5842  0.5895  0.6158  0.5965  0.5877  0.5982  0.5982  0.5930  0.5789  0.5965  0.5965  0.5842  0.6035  0.6035  0.5947  0.5877  0.5877  0.6158  0.6000  0.6018  0.6035  0.5895  0.6000  0.5877  0.6088  0.6088  0.4228  0.6140  0.6158  0.4386  0.4140  0.4211  0.6123  0.4193  0.4246  0.6105  0.6088  0.6175  0.3667  0.6140  0.6123  0.4088  0.6070  0.6088  0.6088  0.5860  0.4158  0.6053  0.6193  0.6175  0.6158  0.6193  0.4228  0.6070  0.6053  0.6158  0.3719  0.6123  0.6140
B7LS07           0.5719  0.6035  0.5965  0.5982  0.5912  0.5982  0.5860  0.6035  0.6018  0.5842  0.6053  0.6018  0.6018  0.6070  0.5947  0.5947  0.6105  0.5930  0.5947  0.5877  0.5825  0.5965  0.6175  0.5842  0.5982  0.5877  0.5930  0.5947  0.5877  0.5789  0.5895  0.5789  0.5825  0.5860  0.5789  0.5877  0.5789  0.5825  0.5877  0.6035  0.5789  0.6000  0.5877  0.5807  0.5860  0.5807  0.5930  0.5684  0.5807  0.6123  0.5807  0.5982  0.6070  0.5982  0.5825  0.5982  0.5982  0.6035  0.5895  0.6053  0.6070  0.6175
B7MUB3           0.5737  0.6018  0.5947  0.5965  0.5895  0.5965  0.5842  0.6018  0.6000  0.5825  0.6053  0.6000  0.6000  0.6070  0.5930  0.5930  0.6088  0.5912  0.5965  0.5860  0.5825  0.5947  0.6158  0.5825  0.5947  0.5860  0.5912  0.5930  0.5842  0.5772  0.5877  0.5772  0.5842  0.5860  0.5772  0.5895  0.5772  0.5807  0.5860  0.6018  0.5772  0.6018  0.5895  0.5807  0.5842  0.5842  0.5930  0.5684  0.5807  0.6088  0.5789  0.5965  0.6035  0.5965  0.5860  0.5965  0.5965  0.6000  0.5895  0.6018  0.6035  0.6158  0.0070
P06612           0.5737  0.6018  0.5947  0.5965  0.5912  0.5965  0.5860  0.6018  0.6000  0.5842  0.6053  0.6000  0.6000  0.6070  0.5930  0.5930  0.6088  0.5912  0.5965  0.5860  0.5825  0.5947  0.6158  0.5825  0.5965  0.5860  0.5912  0.5930  0.5842  0.5772  0.5860  0.5772  0.5842  0.5860  0.5772  0.5895  0.5772  0.5807  0.5842  0.6018  0.5772  0.6018  0.5895  0.5807  0.5842  0.5842  0.5930  0.5684  0.5807  0.6088  0.5789  0.5965  0.6035  0.5965  0.5860  0.5965  0.5965  0.6000  0.5895  0.6018  0.6035  0.6158  0.0070  0.0035


TREE #  1:  (64, (63, 65), ((48, ((37, (29, (34, (33, 36)))), (49, ((32, 55), ((59, 62), (41, 44)))))), (1, ((7, 10), (5, (23, (20, (((15, 16), (30, (47, ((31, (46, (43, ((35, 38), ((52, 54), (45, 51)))))), ((27, 28), (22, ((56, 57), (39, ((61, (53, (58, 60))), (40, 42)))))))))), ((((11, 14), (17, (2, 8))), (50, (21, 25))), ((((12, 13), (4, (6, 9))), (3, (24, 26))), (19, 18)))))))))));   MP score: 4656
lnL(ntime: 63  np: 64): -25242.308364      +0.000000
  66..64   66..67   67..63   67..65   66..68   68..69   69..48   69..70   70..71   71..37   71..72   72..29   72..73   73..34   73..74   74..33   74..36   70..75   75..49   75..76   76..77   77..32   77..55   76..78   78..79   79..59   79..62   78..80   80..41   80..44   68..81   81..1    81..82   82..83   83..7    83..10   82..84   84..5    84..85   85..23   85..86   86..20   86..87   87..88   88..89   89..15   89..16   88..90   90..30   90..91   91..47   91..92   92..93   93..31   93..94   94..46   94..95   95..43   95..96   96..97   97..35   97..38   96..98   98..99   99..52   99..54   98..100 100..45  100..51   92..101 101..102 102..27  102..28  101..103 103..22  103..104 104..105 105..56  105..57  104..106 106..39  106..107 107..108 108..61  108..109 109..53  109..110 110..58  110..60  107..111 111..40  111..42   87..112 112..113 113..114 114..115 115..11  115..14  114..116 116..17  116..117 117..2   117..8   113..118 118..50  118..119 119..21  119..25  112..120 120..121 121..122 122..123 123..12  123..13  122..124 124..4   124..125 125..6   125..9   121..126 126..3   126..127 127..24  127..26  120..128 128..19  128..18 
 1.303111 0.005189 1.035406 0.917927 0.571023 0.178045 0.144009 0.030877 0.016445 0.501083 0.484769 0.393388 0.439175 0.368008 0.305041 0.854672 0.410064 0.028741 0.395811 0.377237 0.368754 0.360337 0.334371 0.000000 0.251173 0.241164 0.224151 0.144926 0.123084 0.110866 0.096219 0.014524 0.062300 0.007978 0.047245 0.220700 0.013426 0.209632 0.202194 0.005213 0.153241 0.065036 0.024175 0.018677 0.013183 0.026599 0.295746 0.268055 0.091577 0.022479 0.073375 0.062423 0.216641 0.112805 0.227439 0.204000 0.122742 0.001256 0.042657 0.012054 0.176209 0.093344 0.176985 0.591774

tree length =  16.90520

(64: 1.303111, (63: 0.005189, 65: 0.005189): 1.297923, ((48: 0.917927, ((37: 0.178045, (29: 0.144009, (34: 0.030877, (33: 0.016445, 36: 0.016445): 0.014432): 0.113132): 0.034036): 0.392978, (49: 0.501083, ((32: 0.393388, 55: 0.393388): 0.091381, ((59: 0.368008, 62: 0.368008): 0.071167, (41: 0.305041, 44: 0.305041): 0.134134): 0.045594): 0.016315): 0.069940): 0.346904): 0.117479, (1: 0.854672, ((7: 0.028741, 10: 0.028741): 0.381323, (5: 0.395811, (23: 0.377237, (20: 0.368754, (((15: 0.000000, 16: 0.000000): 0.334371, (30: 0.251173, (47: 0.241164, ((31: 0.144926, (46: 0.123084, (43: 0.110866, ((35: 0.014524, 38: 0.014524): 0.081695, ((52: 0.007978, 54: 0.007978): 0.054322, (45: 0.047245, 51: 0.047245): 0.015054): 0.033920): 0.014647): 0.012218): 0.021841): 0.079226, ((27: 0.013426, 28: 0.013426): 0.207274, (22: 0.209632, ((56: 0.005213, 57: 0.005213): 0.196981, (39: 0.153241, ((61: 0.024175, (53: 0.018677, (58: 0.013183, 60: 0.013183): 0.005494): 0.005498): 0.040860, (40: 0.026599, 42: 0.026599): 0.038437): 0.088206): 0.048953): 0.007437): 0.011068): 0.003451): 0.017013): 0.010009): 0.083199): 0.025965, ((((11: 0.022479, 14: 0.022479): 0.069098, (17: 0.073375, (2: 0.062423, 8: 0.062423): 0.010953): 0.018202): 0.176478, (50: 0.216641, (21: 0.112805, 25: 0.112805): 0.103836): 0.051414): 0.027690, ((((12: 0.001256, 13: 0.001256): 0.121486, (4: 0.042657, (6: 0.012054, 9: 0.012054): 0.030604): 0.080085): 0.081258, (3: 0.176209, (24: 0.093344, 26: 0.093344): 0.082864): 0.027791): 0.023439, (19: 0.176985, 18: 0.176985): 0.050453): 0.068307): 0.064591): 0.008417): 0.008483): 0.018574): 0.014253): 0.444608): 0.180734): 0.267705);

(B7MUB3: 1.303111, (B7LS07: 0.005189, P06612: 0.005189): 1.297923, ((Q7NGH1: 0.917927, ((Q4HNK0: 0.178045, (B9KEN9: 0.144009, (Q4HE54: 0.030877, (A8FNZ3: 0.016445, A7H633: 0.016445): 0.014432): 0.113132): 0.034036): 0.392978, (D1B572: 0.501083, ((Q30U79: 0.393388, A6Q6D9: 0.393388): 0.091381, ((Q7M8P6: 0.368008, P55991: 0.368008): 0.071167, (A6Q5J8: 0.305041, B9L7D9: 0.305041): 0.134134): 0.045594): 0.016315): 0.069940): 0.346904): 0.117479, (A8EWX5: 0.854672, ((Q2JWS9: 0.028741, Q2JJ84: 0.028741): 0.381323, (Q8DHR4: 0.395811, (B8HP12: 0.377237, (B0CFN9: 0.368754, (((Q5N5T9: 0.000000, P34185: 0.000000): 0.334371, (A5GRQ4: 0.251173, (A3Z0K4: 0.241164, ((Q0I8A6: 0.144926, (A3Z624: 0.123084, (Q05WM0: 0.110866, ((A5GMZ4: 0.014524, A4CRQ0: 0.014524): 0.081695, ((Q3AWJ8: 0.007978, Q05YT5: 0.007978): 0.054322, (Q3AM11: 0.047245, Q7U539: 0.047245): 0.015054): 0.033920): 0.014647): 0.012218): 0.021841): 0.079226, ((Q7V627: 0.013426, A2C7C2: 0.013426): 0.207274, (A9BE54: 0.209632, ((A2C0P3: 0.005213, Q46GY2: 0.005213): 0.196981, (Q7VDE6: 0.153241, ((Q31C99: 0.024175, (A8G3F0: 0.018677, (A3PBF8: 0.013183, A2BPR8: 0.013183): 0.005494): 0.005498): 0.040860, (Q7V2N7: 0.026599, A2BV96: 0.026599): 0.038437): 0.088206): 0.048953): 0.007437): 0.011068): 0.003451): 0.017013): 0.010009): 0.083199): 0.025965, ((((Q3MH80: 0.022479, Q8YTE2: 0.022479): 0.069098, (A0ZI69: 0.073375, (B2IWS5: 0.062423, B9YL16: 0.062423): 0.010953): 0.018202): 0.176478, (Q11AC4: 0.216641, (A0YII1: 0.112805, B5W1H4: 0.112805): 0.103836): 0.051414): 0.027690, ((((B7JYQ6: 0.001256, C7QKW5: 0.001256): 0.121486, (Q4C5N4: 0.042657, (B1WVJ8: 0.012054, A3ILD7: 0.012054): 0.030604): 0.080085): 0.081258, (B0JHS3: 0.176209, (B7KFB6: 0.093344, B4B237: 0.093344): 0.082864): 0.027791): 0.023439, (P73810: 0.176985, B1XKP8: 0.176985): 0.050453): 0.068307): 0.064591): 0.008417): 0.008483): 0.018574): 0.014253): 0.444608): 0.180734): 0.267705);

(64_B7MUB3, (63_B7LS07, 65_P06612) 67 , ((48_Q7NGH1, ((37_Q4HNK0, (29_B9KEN9, (34_Q4HE54, (33_A8FNZ3, 36_A7H633) 74 ) 73 ) 72 ) 71 , (49_D1B572, ((32_Q30U79, 55_A6Q6D9) 77 , ((59_Q7M8P6, 62_P55991) 79 , (41_A6Q5J8, 44_B9L7D9) 80 ) 78 ) 76 ) 75 ) 70 ) 69 , (1_A8EWX5, ((7_Q2JWS9, 10_Q2JJ84) 83 , (5_Q8DHR4, (23_B8HP12, (20_B0CFN9, (((15_Q5N5T9, 16_P34185) 89 , (30_A5GRQ4, (47_A3Z0K4, ((31_Q0I8A6, (46_A3Z624, (43_Q05WM0, ((35_A5GMZ4, 38_A4CRQ0) 97 , ((52_Q3AWJ8, 54_Q05YT5) 99 , (45_Q3AM11, 51_Q7U539) 100 ) 98 ) 96 ) 95 ) 94 ) 93 , ((27_Q7V627, 28_A2C7C2) 102 , (22_A9BE54, ((56_A2C0P3, 57_Q46GY2) 105 , (39_Q7VDE6, ((61_Q31C99, (53_A8G3F0, (58_A3PBF8, 60_A2BPR8) 110 ) 109 ) 108 , (40_Q7V2N7, 42_A2BV96) 111 ) 107 ) 106 ) 104 ) 103 ) 101 ) 92 ) 91 ) 90 ) 88 , ((((11_Q3MH80, 14_Q8YTE2) 115 , (17_A0ZI69, (2_B2IWS5, 8_B9YL16) 117 ) 116 ) 114 , (50_Q11AC4, (21_A0YII1, 25_B5W1H4) 119 ) 118 ) 113 , ((((12_B7JYQ6, 13_C7QKW5) 123 , (4_Q4C5N4, (6_B1WVJ8, 9_A3ILD7) 125 ) 124 ) 122 , (3_B0JHS3, (24_B7KFB6, 26_B4B237) 127 ) 126 ) 121 , (19_P73810, 18_B1XKP8) 128 ) 120 ) 112 ) 87 ) 86 ) 85 ) 84 ) 82 ) 81 ) 68 ) 66 ;

Detailed output identifying parameters

alpha (gamma, K = 4) =  0.59177
rate:   0.05142  0.30767  0.87706  2.76385
freq:   0.25000  0.25000  0.25000  0.25000

Time used:  9:51
