AAML (in paml version 4.6, August 2012)  242.aa
Model: Empirical for branches,  Global clock  (../../../bin/LG.dat) dGamma (ncatG=4) ns =  65  ls = 297


Frequencies..
                                    A      R      N      D      C      Q      E      G      H      I      L      K      M      F      P      S      T      W      Y      V
A8ERM8                         0.08081 0.02357 0.05051 0.05051 0.00673 0.02694 0.08754 0.06061 0.03030 0.07407 0.08418 0.08754 0.04040 0.04714 0.03030 0.05387 0.05724 0.01010 0.04714 0.05051
D1B3V0                         0.10438 0.02357 0.04714 0.07071 0.00673 0.02020 0.05724 0.06397 0.03367 0.08081 0.09428 0.08754 0.02357 0.05051 0.03030 0.05051 0.04040 0.01010 0.04714 0.05724
Q4HPC0                         0.08754 0.02020 0.04377 0.04714 0.00337 0.05051 0.08754 0.05724 0.02020 0.07744 0.09428 0.09764 0.02020 0.05387 0.03367 0.06734 0.02694 0.01347 0.03704 0.06061
Q4HFS3                         0.08754 0.01684 0.04040 0.05051 0.00337 0.05724 0.08418 0.05724 0.02020 0.06734 0.10101 0.10774 0.03704 0.04714 0.02357 0.06061 0.02694 0.01010 0.04040 0.06061
A8FKH5                         0.08418 0.01347 0.04040 0.05387 0.00337 0.05387 0.08081 0.06061 0.02357 0.07071 0.09428 0.11111 0.03367 0.05051 0.02357 0.06397 0.03367 0.01010 0.03704 0.05724
A7H4Y9                         0.08754 0.01684 0.04040 0.05387 0.00337 0.05387 0.08081 0.06061 0.02020 0.07407 0.09428 0.10774 0.02694 0.05051 0.02020 0.06061 0.03704 0.01010 0.04040 0.06061
B9KFN3                         0.09428 0.01010 0.06397 0.04040 0.00337 0.05724 0.07407 0.06061 0.02020 0.08081 0.08754 0.10438 0.04040 0.04714 0.03030 0.05387 0.03367 0.01347 0.04040 0.04377
A6QBL3                         0.09428 0.02357 0.03704 0.05387 0.01010 0.03367 0.09428 0.05051 0.03367 0.06061 0.10101 0.08754 0.03704 0.03704 0.04040 0.04714 0.03704 0.01347 0.04714 0.06061
Q30TL1                         0.08081 0.03367 0.03704 0.04714 0.00673 0.05051 0.07407 0.07744 0.02694 0.08754 0.07744 0.08418 0.02694 0.05724 0.02357 0.05387 0.04377 0.01010 0.03704 0.06397
A6Q4R9                         0.08754 0.04714 0.03367 0.05724 0.01684 0.04377 0.09428 0.04377 0.03367 0.07407 0.10101 0.08418 0.01347 0.03367 0.04714 0.04040 0.04377 0.02020 0.03030 0.05387
Q7MAE0                         0.08081 0.03030 0.04040 0.06061 0.01010 0.04377 0.08754 0.06397 0.01684 0.08754 0.08754 0.09428 0.03030 0.04714 0.04040 0.04040 0.04377 0.00673 0.03367 0.05387
P56396                         0.07071 0.03030 0.05051 0.05724 0.01347 0.04714 0.08418 0.06061 0.02020 0.06734 0.11448 0.09428 0.03704 0.04377 0.04377 0.05387 0.01684 0.00673 0.03030 0.05724
B0CC71                         0.08418 0.04377 0.04714 0.06397 0.01684 0.06397 0.06397 0.05724 0.02020 0.06397 0.13468 0.05724 0.02357 0.02694 0.04714 0.03704 0.05724 0.01347 0.03367 0.04377
B9L7H1                         0.07744 0.04377 0.04040 0.06397 0.01684 0.01684 0.11448 0.04040 0.02694 0.08081 0.09428 0.09428 0.01684 0.04040 0.04377 0.04377 0.03704 0.01684 0.03030 0.06061
P00954                         0.09091 0.04040 0.03704 0.06734 0.01347 0.05724 0.06734 0.06061 0.02694 0.05387 0.10101 0.07071 0.03030 0.03030 0.03367 0.05724 0.04040 0.00673 0.04377 0.07071
B7LS85                         0.09091 0.04040 0.03704 0.07071 0.01347 0.05724 0.06397 0.06061 0.02694 0.05387 0.10101 0.07071 0.03030 0.03030 0.03367 0.05724 0.04040 0.00673 0.04377 0.07071
Q7NCG8                         0.09764 0.09764 0.02357 0.06061 0.01347 0.02694 0.08754 0.06061 0.02020 0.05387 0.12795 0.03704 0.02020 0.03367 0.04377 0.05387 0.03704 0.01010 0.03367 0.06061
Q10VR7                         0.07407 0.02694 0.04714 0.06734 0.02020 0.04377 0.06061 0.05051 0.02020 0.07407 0.12121 0.08754 0.01684 0.03367 0.04714 0.03367 0.07071 0.01347 0.03030 0.06061
B5VWI4                         0.09428 0.05387 0.04040 0.07071 0.02020 0.05387 0.05051 0.05051 0.02357 0.06397 0.12458 0.05724 0.02020 0.02694 0.04714 0.05051 0.05051 0.01347 0.02694 0.06061
B7N1G1                         0.09091 0.04040 0.03704 0.07071 0.01347 0.05724 0.06061 0.06397 0.02694 0.05387 0.10101 0.07071 0.03030 0.03030 0.03367 0.05724 0.04040 0.00673 0.04377 0.07071
Q31NN1                         0.09428 0.06397 0.04377 0.05724 0.02357 0.04040 0.07407 0.05387 0.02020 0.05387 0.13131 0.05051 0.01684 0.02694 0.05387 0.05051 0.04377 0.01347 0.02694 0.06061
Q5N5I3                         0.09428 0.06397 0.04377 0.05724 0.02357 0.04040 0.07407 0.05387 0.02020 0.05387 0.13131 0.05051 0.01684 0.02694 0.05387 0.05051 0.04377 0.01347 0.02694 0.06061
Q3AKT7                         0.09764 0.06397 0.03704 0.07744 0.02020 0.04040 0.06734 0.05724 0.01684 0.04040 0.13131 0.05387 0.02694 0.02020 0.05387 0.04040 0.04714 0.01684 0.01684 0.07407
Q7TTU9                         0.11785 0.06397 0.03704 0.09428 0.02020 0.03704 0.04714 0.05387 0.02020 0.04714 0.13805 0.05724 0.02357 0.02020 0.05051 0.04040 0.03367 0.01684 0.01347 0.06734
Q7VBM9                         0.06397 0.04040 0.08081 0.05724 0.01684 0.04714 0.04377 0.04714 0.01684 0.09764 0.11111 0.09091 0.03030 0.02357 0.04040 0.06061 0.03030 0.01684 0.03030 0.05387
A2C156                         0.06397 0.03367 0.05387 0.06061 0.02357 0.03030 0.06734 0.04714 0.01684 0.08081 0.12121 0.09428 0.03030 0.02357 0.04714 0.06734 0.04377 0.01684 0.02357 0.05387
A0YXW4                         0.08081 0.04377 0.04377 0.07071 0.02020 0.04040 0.06397 0.05387 0.02357 0.07407 0.11785 0.07071 0.03030 0.02357 0.04377 0.04377 0.06397 0.01347 0.02694 0.05051
Q0I905                         0.10101 0.05724 0.05724 0.07744 0.01684 0.04377 0.05724 0.05724 0.01684 0.03367 0.13805 0.05051 0.03030 0.02357 0.05051 0.03367 0.04714 0.01684 0.01684 0.07407
B4AZK3                         0.06734 0.04714 0.05051 0.07071 0.02020 0.03367 0.07071 0.05387 0.03030 0.06397 0.13468 0.07071 0.01347 0.02357 0.04714 0.04714 0.04377 0.01347 0.03030 0.06734
B1XKT5                         0.08418 0.03367 0.05051 0.07744 0.02020 0.04040 0.05051 0.05051 0.02357 0.05724 0.12795 0.08418 0.02357 0.02357 0.05387 0.03367 0.05387 0.01347 0.02357 0.07407
P73655                         0.09764 0.04714 0.03704 0.06397 0.02020 0.06397 0.06397 0.04377 0.02357 0.06061 0.13131 0.06734 0.02020 0.02357 0.04377 0.03704 0.05051 0.01347 0.02694 0.06397
Q8DHG3                         0.12795 0.04040 0.04377 0.07071 0.01684 0.03704 0.06061 0.04714 0.02020 0.05724 0.13131 0.06397 0.02020 0.02357 0.05387 0.02694 0.04714 0.01347 0.03367 0.06397
A3Z537                         0.10774 0.06397 0.04040 0.08081 0.01684 0.05051 0.05051 0.05724 0.02694 0.04377 0.14141 0.04040 0.02020 0.02357 0.05051 0.03030 0.04714 0.01684 0.01347 0.07744
Q7V286                         0.05051 0.02694 0.06061 0.04714 0.01684 0.05051 0.06734 0.04714 0.01684 0.11785 0.10774 0.09764 0.03030 0.02694 0.03704 0.07407 0.04377 0.01684 0.02357 0.04040
A4CXH1                         0.11111 0.06397 0.03030 0.08081 0.02020 0.04040 0.06061 0.05724 0.02357 0.04040 0.14815 0.04714 0.02020 0.02357 0.05387 0.03704 0.04377 0.01684 0.01684 0.06397
A0ZJ40                         0.07071 0.04040 0.05387 0.06734 0.01684 0.05724 0.06061 0.05051 0.02357 0.05387 0.13131 0.07071 0.02357 0.02694 0.04377 0.04377 0.05051 0.01347 0.03704 0.06397
Q46LV2                         0.06061 0.03367 0.05724 0.05724 0.02357 0.03030 0.07071 0.04714 0.01347 0.08418 0.12458 0.09091 0.03030 0.02357 0.04714 0.06734 0.04377 0.01684 0.02694 0.05051
B7KBZ6                         0.06397 0.05387 0.05051 0.07071 0.02020 0.04377 0.06061 0.05051 0.01684 0.07407 0.12121 0.06397 0.02357 0.02694 0.04377 0.05051 0.05387 0.01347 0.03367 0.06397
B2J219                         0.08754 0.04377 0.03704 0.07071 0.01684 0.05724 0.05724 0.05387 0.02357 0.05387 0.13805 0.07071 0.01684 0.02020 0.04377 0.05387 0.04714 0.01347 0.03704 0.05724
A2BVR1                         0.05387 0.03367 0.06061 0.05724 0.01684 0.04377 0.06397 0.04377 0.02020 0.11111 0.11111 0.08754 0.02694 0.03030 0.04040 0.07744 0.04040 0.01684 0.02020 0.04377
B8HXK6                         0.10774 0.04377 0.04377 0.05051 0.02020 0.06397 0.06061 0.05051 0.02020 0.06061 0.13131 0.05387 0.02694 0.02357 0.05387 0.04040 0.04714 0.01347 0.03367 0.05387
A5GJU1                         0.11785 0.06061 0.03030 0.07744 0.02020 0.04040 0.05724 0.05387 0.02020 0.04040 0.14815 0.05051 0.02020 0.02357 0.05051 0.04040 0.04714 0.01684 0.01684 0.06734
Q4C834                         0.07071 0.03704 0.04714 0.07407 0.02020 0.04714 0.06397 0.04714 0.02357 0.05724 0.13468 0.08418 0.02357 0.02694 0.04377 0.03704 0.06061 0.01347 0.02694 0.06061
Q05R75                         0.10774 0.06397 0.04040 0.08418 0.01684 0.02694 0.05724 0.05387 0.02357 0.04377 0.13468 0.05387 0.02357 0.02357 0.05387 0.04040 0.04377 0.01684 0.01684 0.07407
B0JHA1                         0.08081 0.04377 0.04377 0.07407 0.02020 0.03367 0.06061 0.06061 0.02357 0.07071 0.12795 0.07744 0.02357 0.02357 0.04040 0.03367 0.05387 0.01347 0.02694 0.06734
A9BAX1                         0.08754 0.04377 0.06397 0.06734 0.01684 0.03704 0.06397 0.05387 0.02020 0.08754 0.12795 0.07744 0.03030 0.01347 0.03367 0.04714 0.03704 0.01684 0.02020 0.05387
Q31BT6                         0.05387 0.02357 0.06734 0.05051 0.02020 0.04040 0.07407 0.04377 0.01347 0.11785 0.10774 0.10101 0.02694 0.02694 0.04714 0.07744 0.03704 0.01684 0.02357 0.03030
Q3M8T3                         0.10101 0.04040 0.05387 0.06734 0.02020 0.05051 0.06397 0.04714 0.02020 0.05724 0.12121 0.07407 0.02020 0.03030 0.04714 0.03030 0.04040 0.01347 0.03030 0.07071
A5GTY9                         0.10774 0.06397 0.03367 0.06734 0.01347 0.06061 0.06397 0.05051 0.01684 0.04377 0.12121 0.04714 0.03030 0.02357 0.05387 0.05387 0.03704 0.01684 0.01684 0.07744
A3PBX2                         0.05387 0.02694 0.06734 0.04714 0.02020 0.04714 0.07071 0.04377 0.01347 0.11111 0.10774 0.09428 0.03367 0.03367 0.04714 0.07744 0.03704 0.01684 0.02020 0.03030
A2BQ79                         0.05387 0.02694 0.07407 0.04714 0.02020 0.04714 0.07071 0.04377 0.01347 0.11448 0.11111 0.09428 0.02694 0.03030 0.04714 0.07407 0.03367 0.01684 0.02020 0.03367
B1WZY3                         0.07071 0.03704 0.05051 0.07744 0.02020 0.04040 0.06397 0.05051 0.02020 0.06397 0.13131 0.08418 0.02357 0.02357 0.04040 0.04377 0.05724 0.01347 0.02694 0.06061
Q8YXE4                         0.09764 0.03704 0.05387 0.06734 0.02020 0.05051 0.06397 0.04714 0.02020 0.06061 0.11785 0.07744 0.02357 0.03367 0.04714 0.03367 0.04040 0.01347 0.03030 0.06397
A3IQG5                         0.07071 0.03704 0.04714 0.08081 0.02020 0.04040 0.06397 0.04714 0.02020 0.07071 0.13131 0.08754 0.02020 0.02357 0.04377 0.04377 0.05387 0.01347 0.02694 0.05724
A8G3W4                         0.05724 0.02694 0.07071 0.05387 0.02020 0.04714 0.06734 0.04377 0.01347 0.11785 0.11111 0.09091 0.02694 0.03030 0.04040 0.07071 0.04040 0.01684 0.02357 0.03030
Q065Z4                         0.10101 0.05387 0.04714 0.07744 0.02020 0.04714 0.05724 0.05387 0.01684 0.05051 0.13805 0.05387 0.02020 0.01684 0.05387 0.04377 0.04040 0.01684 0.02020 0.07071
C7QX30                         0.06061 0.04377 0.05387 0.05724 0.02020 0.04714 0.07407 0.04714 0.02020 0.06397 0.13805 0.07407 0.02357 0.02694 0.04714 0.04040 0.05724 0.01347 0.02694 0.06397
B7JZ06                         0.06061 0.04377 0.05387 0.05724 0.02020 0.04714 0.07407 0.04714 0.02020 0.06397 0.13805 0.07407 0.02357 0.02694 0.04714 0.04040 0.05724 0.01347 0.02694 0.06397
Q7TV34                         0.09428 0.06397 0.03030 0.08081 0.02020 0.05387 0.05387 0.05724 0.02020 0.05387 0.13468 0.04040 0.02694 0.01684 0.05051 0.05724 0.04040 0.01684 0.02020 0.06734
Q3AYC3                         0.10438 0.05724 0.04040 0.07407 0.02020 0.05051 0.05387 0.05724 0.02020 0.05051 0.13805 0.05051 0.02020 0.01684 0.05387 0.04714 0.03704 0.01684 0.02020 0.07071
Q2JJK8                         0.09091 0.07071 0.03030 0.04714 0.02020 0.04377 0.08418 0.04377 0.03030 0.07071 0.11448 0.06061 0.02357 0.03704 0.05051 0.04377 0.04040 0.01684 0.03030 0.05051
Q2JUU1                         0.09091 0.07407 0.02357 0.05387 0.02020 0.04714 0.08081 0.04714 0.03030 0.06734 0.10774 0.06397 0.02694 0.03704 0.04714 0.05051 0.04377 0.01347 0.03030 0.04377
A2CAU7                         0.09428 0.05724 0.03030 0.08081 0.02020 0.05724 0.05051 0.05724 0.02357 0.05387 0.13468 0.04040 0.02694 0.01684 0.05051 0.05387 0.04714 0.01684 0.02020 0.06734
B9YQ81                         0.10101 0.03704 0.04714 0.07407 0.02357 0.04714 0.05051 0.04714 0.02357 0.05387 0.12795 0.08081 0.02357 0.02694 0.03704 0.04040 0.04377 0.01347 0.03030 0.07071
A3Z1B1                         0.12121 0.08081 0.03704 0.06061 0.01010 0.03367 0.07744 0.05051 0.01684 0.03704 0.14141 0.03704 0.02694 0.02357 0.05387 0.05051 0.03030 0.01684 0.01684 0.07744

Homogeneity statistic: X2 = 3.57555 G = 3.61991 

Average                        0.08609 0.04356 0.04595 0.06454 0.01678 0.04512 0.06786 0.05284 0.02170 0.06744 0.11976 0.07371 0.02543 0.02984 0.04387 0.04947 0.04367 0.01399 0.02865 0.05973

# constant sites:     27 (9.09%)
ln Lmax (unconstrained) = -1664.515402

AA distances (raw proportions of different sites)

A8ERM8         
D1B3V0           0.3367
Q4HPC0           0.3771  0.3502
Q4HFS3           0.3838  0.3502  0.1953
A8FKH5           0.3737  0.3300  0.1818  0.0774
A7H4Y9           0.3872  0.3300  0.1852  0.0909  0.0269
B9KFN3           0.3838  0.3670  0.2222  0.1751  0.1684  0.1852
A6QBL3           0.3704  0.3502  0.3906  0.3973  0.3771  0.3805  0.4141
Q30TL1           0.4108  0.3468  0.4141  0.3838  0.3737  0.3737  0.3872  0.3939
A6Q4R9           0.6364  0.6465  0.6532  0.6532  0.6397  0.6397  0.6465  0.6162  0.6599
Q7MAE0           0.6330  0.6296  0.6094  0.6162  0.6094  0.6162  0.6195  0.6263  0.6364  0.6667
P56396           0.6296  0.6296  0.6263  0.6094  0.6094  0.6195  0.6431  0.6296  0.6465  0.6296  0.3737
B0CC71           0.6431  0.6599  0.6532  0.6330  0.6465  0.6498  0.6397  0.6229  0.6364  0.6195  0.4882  0.5017
B9L7H1           0.6532  0.6431  0.6902  0.6498  0.6566  0.6566  0.6532  0.6397  0.6734  0.3064  0.6869  0.6498  0.6195
P00954           0.6431  0.6296  0.6296  0.6094  0.6162  0.6263  0.6229  0.6229  0.6532  0.6532  0.4680  0.5051  0.5185  0.6532
B7LS85           0.6465  0.6263  0.6330  0.6128  0.6195  0.6296  0.6263  0.6263  0.6498  0.6566  0.4714  0.5051  0.5185  0.6566  0.0034
Q7NCG8           0.6431  0.6465  0.6566  0.6229  0.6330  0.6431  0.6498  0.6195  0.6397  0.6229  0.5017  0.5051  0.3535  0.6431  0.5051  0.5084
Q10VR7           0.6330  0.6431  0.6431  0.6330  0.6397  0.6431  0.6330  0.6061  0.6296  0.6263  0.5017  0.4983  0.2929  0.6296  0.5152  0.5152  0.3939
B5VWI4           0.6465  0.6532  0.6431  0.6364  0.6397  0.6465  0.6431  0.6229  0.6431  0.6162  0.5051  0.4714  0.2694  0.6263  0.5084  0.5084  0.3468  0.1987
B7N1G1           0.6498  0.6296  0.6364  0.6128  0.6229  0.6330  0.6229  0.6296  0.6498  0.6599  0.4747  0.5084  0.5185  0.6599  0.0067  0.0034  0.5118  0.5152  0.5118
Q31NN1           0.6397  0.6465  0.6397  0.6364  0.6397  0.6465  0.6532  0.6229  0.6498  0.6061  0.4916  0.4983  0.2929  0.6229  0.4916  0.4916  0.3535  0.2458  0.2155  0.4916
Q5N5I3           0.6397  0.6465  0.6397  0.6364  0.6397  0.6465  0.6532  0.6229  0.6498  0.6061  0.4916  0.4983  0.2929  0.6229  0.4916  0.4916  0.3535  0.2458  0.2155  0.4916  0.0000
Q3AKT7           0.6599  0.6330  0.6465  0.6330  0.6330  0.6397  0.6397  0.6229  0.6296  0.6094  0.5084  0.5084  0.3367  0.6061  0.5118  0.5084  0.3973  0.3232  0.2896  0.5084  0.2626  0.2626
Q7TTU9           0.6633  0.6397  0.6498  0.6397  0.6431  0.6498  0.6532  0.6431  0.6498  0.5993  0.5253  0.5118  0.3333  0.6229  0.5185  0.5185  0.3973  0.3266  0.2795  0.5185  0.2694  0.2694  0.0976
Q7VBM9           0.6566  0.6431  0.6532  0.6263  0.6397  0.6465  0.6465  0.6498  0.6566  0.6263  0.5185  0.5185  0.3636  0.6229  0.5118  0.5118  0.4175  0.3502  0.3603  0.5118  0.3636  0.3636  0.2997  0.3030
A2C156           0.6599  0.6566  0.6431  0.6027  0.6128  0.6195  0.6431  0.6532  0.6599  0.6162  0.5185  0.4983  0.3502  0.6195  0.5253  0.5253  0.4478  0.3535  0.3468  0.5286  0.3603  0.3603  0.2727  0.2761  0.2660
A0YXW4           0.6532  0.6498  0.6431  0.6431  0.6498  0.6532  0.6465  0.6195  0.6431  0.6296  0.4882  0.4916  0.2828  0.6263  0.5017  0.5017  0.3704  0.1650  0.1414  0.5051  0.2189  0.2189  0.2896  0.3030  0.3535  0.3603
Q0I905           0.6566  0.6364  0.6431  0.6364  0.6330  0.6397  0.6364  0.6364  0.6397  0.5993  0.5320  0.5051  0.3165  0.6128  0.5118  0.5118  0.3872  0.3300  0.2929  0.5118  0.2761  0.2761  0.1549  0.1650  0.3266  0.3098  0.3165
B4AZK3           0.6498  0.6229  0.6431  0.6229  0.6195  0.6229  0.6397  0.6162  0.6330  0.5993  0.4916  0.4781  0.2828  0.6128  0.4983  0.4983  0.3468  0.2088  0.2222  0.5017  0.2222  0.2222  0.2525  0.2525  0.3434  0.3535  0.2054  0.2761
B1XKT5           0.6465  0.6296  0.6397  0.6330  0.6330  0.6364  0.6498  0.6128  0.6431  0.6128  0.5017  0.4949  0.2929  0.6397  0.5152  0.5152  0.3771  0.2525  0.2424  0.5152  0.2222  0.2222  0.2559  0.2727  0.3704  0.3502  0.2391  0.2862  0.2054
P73655           0.6364  0.6330  0.6364  0.6128  0.6162  0.6195  0.6296  0.6027  0.6397  0.5993  0.5219  0.4916  0.2997  0.6162  0.5286  0.5286  0.3838  0.2593  0.2222  0.5286  0.2424  0.2424  0.2896  0.2727  0.3603  0.3737  0.2593  0.2929  0.2088  0.2020
Q8DHG3           0.6566  0.6498  0.6498  0.6263  0.6330  0.6397  0.6431  0.6364  0.6599  0.6094  0.4916  0.4848  0.2626  0.6296  0.4916  0.4916  0.3569  0.2694  0.2290  0.4916  0.2290  0.2290  0.2963  0.2828  0.3434  0.3535  0.2525  0.3131  0.2391  0.2458  0.2727
A3Z537           0.6633  0.6397  0.6566  0.6397  0.6364  0.6431  0.6431  0.6330  0.6431  0.5926  0.5084  0.5084  0.3434  0.6128  0.5017  0.5017  0.3805  0.3300  0.2997  0.5017  0.2761  0.2761  0.1515  0.1515  0.3367  0.3333  0.3030  0.1414  0.2626  0.2795  0.2795  0.3030
Q7V286           0.6734  0.6566  0.6465  0.6330  0.6397  0.6465  0.6364  0.6364  0.6465  0.6364  0.5152  0.5185  0.4074  0.6364  0.5185  0.5185  0.4512  0.3906  0.3771  0.5219  0.4007  0.4007  0.3401  0.3670  0.3098  0.2795  0.3569  0.3670  0.3805  0.3906  0.4175  0.4108  0.3636
A4CXH1           0.6566  0.6296  0.6498  0.6263  0.6296  0.6364  0.6465  0.6263  0.6465  0.6128  0.5185  0.4983  0.3165  0.6162  0.4983  0.4983  0.4040  0.3199  0.2828  0.4983  0.2694  0.2694  0.1414  0.1549  0.3232  0.2929  0.3030  0.1549  0.2694  0.2626  0.2997  0.3064  0.1582  0.3535
A0ZJ40           0.6498  0.6465  0.6667  0.6566  0.6599  0.6633  0.6566  0.6364  0.6532  0.6229  0.5118  0.4848  0.2525  0.6195  0.5286  0.5286  0.3906  0.2020  0.2155  0.5320  0.2694  0.2694  0.3232  0.3367  0.3838  0.4007  0.1919  0.3468  0.2020  0.2391  0.2660  0.2694  0.3535  0.4242  0.3266
Q46LV2           0.6633  0.6566  0.6465  0.5993  0.6094  0.6162  0.6431  0.6498  0.6599  0.6195  0.5219  0.4949  0.3535  0.6229  0.5286  0.5286  0.4545  0.3569  0.3502  0.5320  0.3636  0.3636  0.2795  0.2828  0.2694  0.0202  0.3636  0.3131  0.3502  0.3603  0.3771  0.3535  0.3367  0.2795  0.2963  0.4007
B7KBZ6           0.6532  0.6364  0.6465  0.6296  0.6330  0.6364  0.6431  0.6229  0.6364  0.6162  0.5017  0.4916  0.2862  0.6296  0.5084  0.5084  0.3670  0.2088  0.2256  0.5084  0.2189  0.2189  0.2727  0.2795  0.3535  0.3737  0.2054  0.2929  0.1246  0.1987  0.2020  0.2357  0.2963  0.3906  0.2929  0.2290  0.3704
B2J219           0.6364  0.6465  0.6498  0.6263  0.6431  0.6465  0.6431  0.6162  0.6465  0.6128  0.5084  0.4949  0.2357  0.6263  0.5253  0.5253  0.3838  0.2222  0.2290  0.5286  0.2727  0.2727  0.3300  0.3300  0.3468  0.3872  0.2155  0.3468  0.2189  0.2525  0.2660  0.2391  0.3535  0.3973  0.3333  0.1313  0.3872  0.2189
A2BVR1           0.6768  0.6566  0.6498  0.6330  0.6330  0.6397  0.6397  0.6397  0.6465  0.6364  0.5084  0.5152  0.4040  0.6397  0.5118  0.5118  0.4444  0.4007  0.3704  0.5152  0.4007  0.4007  0.3232  0.3502  0.2997  0.2929  0.3670  0.3535  0.3704  0.3771  0.4108  0.3805  0.3603  0.0673  0.3502  0.4310  0.2929  0.3838  0.3973
B8HXK6           0.6667  0.6465  0.6633  0.6397  0.6397  0.6498  0.6364  0.6397  0.6532  0.6027  0.5051  0.4815  0.2626  0.6162  0.4949  0.4949  0.3670  0.2525  0.2222  0.4949  0.2222  0.2222  0.3098  0.3064  0.3603  0.3771  0.2559  0.3064  0.2458  0.2593  0.2559  0.2088  0.2997  0.4209  0.2929  0.2357  0.3737  0.2593  0.2626  0.4074
A5GJU1           0.6599  0.6263  0.6431  0.6364  0.6364  0.6431  0.6431  0.6296  0.6465  0.5993  0.5253  0.5084  0.3232  0.6094  0.4983  0.4983  0.3939  0.3165  0.2828  0.4983  0.2727  0.2727  0.1347  0.1279  0.3131  0.3064  0.2929  0.1414  0.2559  0.2626  0.2795  0.2929  0.1448  0.3535  0.0572  0.3232  0.3098  0.2727  0.3165  0.3468  0.2963
Q4C834           0.6498  0.6296  0.6330  0.6364  0.6330  0.6397  0.6397  0.6195  0.6330  0.6296  0.4949  0.4646  0.2761  0.6397  0.5051  0.5051  0.3805  0.2155  0.2256  0.5084  0.2424  0.2424  0.2795  0.2963  0.3535  0.3535  0.1953  0.2963  0.1751  0.1886  0.2054  0.2559  0.2997  0.3872  0.2828  0.2054  0.3569  0.1650  0.2290  0.3872  0.2694  0.2828
Q05R75           0.6599  0.6229  0.6498  0.6330  0.6263  0.6330  0.6397  0.6263  0.6330  0.6027  0.5051  0.4983  0.3266  0.6061  0.4949  0.4949  0.3771  0.3199  0.2795  0.4949  0.2660  0.2660  0.1380  0.1279  0.3232  0.3030  0.2963  0.1246  0.2492  0.2626  0.2761  0.2862  0.1313  0.3771  0.1448  0.3266  0.3064  0.2727  0.3367  0.3569  0.2997  0.1347  0.2896
B0JHA1           0.6465  0.6263  0.6498  0.6263  0.6263  0.6330  0.6431  0.6229  0.6397  0.6263  0.5017  0.5017  0.3030  0.6330  0.5118  0.5118  0.3535  0.1852  0.2121  0.5152  0.2458  0.2458  0.3232  0.3333  0.3636  0.3670  0.2054  0.3199  0.2121  0.2525  0.2559  0.2660  0.3232  0.3939  0.3199  0.2492  0.3704  0.2189  0.2458  0.4040  0.2525  0.3199  0.2290  0.3131
A9BAX1           0.6667  0.6431  0.6330  0.6195  0.6195  0.6263  0.6397  0.6330  0.6364  0.6465  0.5387  0.5253  0.3636  0.6431  0.5152  0.5152  0.4444  0.3603  0.3670  0.5152  0.3434  0.3434  0.2593  0.2761  0.2424  0.2727  0.3569  0.2593  0.3300  0.3468  0.3737  0.3569  0.2828  0.3098  0.2694  0.4074  0.2761  0.3502  0.3771  0.3098  0.3872  0.2761  0.3535  0.2761  0.3805
Q31BT6           0.6768  0.6633  0.6465  0.6397  0.6431  0.6498  0.6431  0.6431  0.6498  0.6397  0.5118  0.5152  0.4108  0.6465  0.5219  0.5219  0.4512  0.3636  0.3636  0.5219  0.3838  0.3838  0.3199  0.3535  0.2828  0.2862  0.3367  0.3569  0.3535  0.3670  0.3906  0.3872  0.3603  0.1414  0.3468  0.4074  0.2896  0.3636  0.3973  0.1178  0.3906  0.3502  0.3704  0.3670  0.3838  0.3030
Q3M8T3           0.6532  0.6532  0.6532  0.6532  0.6532  0.6566  0.6498  0.6397  0.6431  0.6364  0.4916  0.4747  0.2963  0.6330  0.5253  0.5253  0.3636  0.2088  0.1987  0.5286  0.2593  0.2593  0.3064  0.3199  0.3906  0.3973  0.2020  0.3199  0.2020  0.2323  0.2256  0.2593  0.3232  0.4175  0.3232  0.1684  0.3973  0.2121  0.1818  0.4209  0.2626  0.3199  0.1852  0.3064  0.2020  0.3906  0.4040
A5GTY9           0.6667  0.6431  0.6566  0.6296  0.6296  0.6397  0.6498  0.6195  0.6263  0.5926  0.5017  0.4848  0.3266  0.6229  0.4916  0.4916  0.3535  0.3165  0.2795  0.4916  0.2660  0.2660  0.1751  0.2020  0.3232  0.3367  0.2828  0.1886  0.2492  0.2694  0.2694  0.3030  0.1785  0.3569  0.1886  0.3266  0.3367  0.2727  0.3199  0.3535  0.2828  0.1785  0.2593  0.1684  0.2929  0.2997  0.3502  0.2963
A3PBX2           0.6835  0.6667  0.6498  0.6397  0.6465  0.6532  0.6431  0.6498  0.6532  0.6465  0.5185  0.5219  0.4108  0.6498  0.5253  0.5253  0.4478  0.3636  0.3603  0.5253  0.3838  0.3838  0.3199  0.3502  0.2997  0.2862  0.3333  0.3569  0.3636  0.3704  0.3973  0.3906  0.3603  0.1582  0.3468  0.4074  0.2896  0.3670  0.4007  0.1347  0.3872  0.3468  0.3704  0.3636  0.3872  0.3165  0.0404  0.4074  0.3502
A2BQ79           0.6835  0.6734  0.6465  0.6431  0.6532  0.6599  0.6431  0.6498  0.6566  0.6498  0.5118  0.5118  0.4074  0.6498  0.5185  0.5185  0.4444  0.3636  0.3603  0.5185  0.3805  0.3805  0.3266  0.3502  0.2929  0.2896  0.3333  0.3603  0.3603  0.3704  0.3939  0.3939  0.3603  0.1515  0.3502  0.4040  0.2929  0.3704  0.3939  0.1347  0.3872  0.3502  0.3704  0.3670  0.3838  0.3165  0.0404  0.3973  0.3502  0.0269
B1WZY3           0.6532  0.6330  0.6397  0.6195  0.6195  0.6263  0.6263  0.6128  0.6296  0.6330  0.4949  0.4714  0.2660  0.6498  0.5118  0.5118  0.3838  0.1987  0.2256  0.5118  0.2458  0.2458  0.2761  0.2929  0.3502  0.3535  0.1953  0.2929  0.1818  0.1919  0.2121  0.2391  0.2963  0.3805  0.2896  0.2088  0.3502  0.1650  0.1987  0.3838  0.2559  0.2727  0.0842  0.2896  0.2222  0.3468  0.3805  0.1953  0.2559  0.3805  0.3805
Q8YXE4           0.6599  0.6599  0.6566  0.6566  0.6566  0.6599  0.6532  0.6431  0.6532  0.6296  0.4848  0.4714  0.2929  0.6263  0.5219  0.5219  0.3771  0.2054  0.1953  0.5253  0.2525  0.2525  0.3098  0.3199  0.3872  0.3838  0.1987  0.3266  0.1953  0.2222  0.2256  0.2525  0.3300  0.4040  0.3266  0.1616  0.3838  0.2054  0.1785  0.4074  0.2694  0.3232  0.1751  0.3199  0.2088  0.3838  0.3939  0.0236  0.3064  0.3973  0.3872  0.1852
A3IQG5           0.6532  0.6364  0.6330  0.6296  0.6263  0.6330  0.6330  0.6128  0.6296  0.6364  0.4983  0.4714  0.2694  0.6465  0.5118  0.5118  0.3771  0.1886  0.2121  0.5152  0.2357  0.2357  0.2727  0.2828  0.3502  0.3502  0.1818  0.2896  0.1717  0.1852  0.1987  0.2458  0.2929  0.3771  0.2862  0.1987  0.3535  0.1549  0.2054  0.3805  0.2660  0.2660  0.0673  0.2862  0.2121  0.3535  0.3670  0.1751  0.2593  0.3670  0.3603  0.0471  0.1650
A8G3W4           0.6801  0.6633  0.6498  0.6397  0.6431  0.6498  0.6431  0.6465  0.6566  0.6465  0.5185  0.5253  0.4175  0.6498  0.5253  0.5253  0.4444  0.3737  0.3704  0.5253  0.3906  0.3906  0.3300  0.3603  0.2963  0.2896  0.3401  0.3670  0.3670  0.3805  0.3973  0.3973  0.3670  0.1515  0.3535  0.4141  0.2929  0.3737  0.4040  0.1279  0.3973  0.3569  0.3771  0.3704  0.3906  0.3165  0.0404  0.4141  0.3569  0.0471  0.0471  0.3838  0.4040  0.3737
Q065Z4           0.6700  0.6498  0.6566  0.6431  0.6431  0.6498  0.6465  0.6465  0.6599  0.6027  0.5152  0.4983  0.3232  0.6195  0.5118  0.5118  0.4007  0.3232  0.2828  0.5084  0.2761  0.2761  0.1212  0.1145  0.3064  0.2862  0.3098  0.1852  0.2660  0.2761  0.2997  0.3064  0.1886  0.3502  0.1818  0.3367  0.2862  0.2828  0.3300  0.3367  0.3030  0.1616  0.3098  0.1616  0.3333  0.2862  0.3434  0.3333  0.1987  0.3468  0.3401  0.2896  0.3300  0.2862  0.3468
C7QX30           0.6532  0.6431  0.6397  0.6229  0.6364  0.6397  0.6397  0.6128  0.6364  0.6128  0.5152  0.4781  0.2694  0.6263  0.5286  0.5286  0.3771  0.1886  0.2088  0.5286  0.2424  0.2424  0.2862  0.3030  0.3535  0.3535  0.1717  0.3030  0.1751  0.1818  0.2088  0.2559  0.2929  0.3771  0.2997  0.1919  0.3502  0.1616  0.2088  0.3805  0.2727  0.2896  0.1145  0.2896  0.2492  0.3401  0.3569  0.1852  0.2660  0.3535  0.3502  0.1212  0.1751  0.1077  0.3603  0.2963
B7JZ06           0.6532  0.6431  0.6397  0.6229  0.6364  0.6397  0.6397  0.6128  0.6364  0.6128  0.5152  0.4781  0.2694  0.6263  0.5286  0.5286  0.3771  0.1886  0.2088  0.5286  0.2424  0.2424  0.2862  0.3030  0.3535  0.3535  0.1717  0.3030  0.1751  0.1818  0.2088  0.2559  0.2929  0.3771  0.2997  0.1919  0.3502  0.1616  0.2088  0.3805  0.2727  0.2896  0.1145  0.2896  0.2492  0.3401  0.3569  0.1852  0.2660  0.3535  0.3502  0.1212  0.1751  0.1077  0.3603  0.2963  0.0000
Q7TV34           0.6801  0.6465  0.6566  0.6296  0.6263  0.6330  0.6431  0.6498  0.6498  0.6094  0.5253  0.5118  0.3333  0.6229  0.5084  0.5084  0.3973  0.3468  0.3232  0.5084  0.2896  0.2896  0.1481  0.1414  0.2963  0.2694  0.3232  0.1616  0.2896  0.3098  0.3030  0.3199  0.1751  0.3468  0.1684  0.3468  0.2727  0.3064  0.3401  0.3401  0.3199  0.1515  0.3165  0.1616  0.3468  0.2593  0.3367  0.3569  0.2054  0.3367  0.3401  0.3131  0.3569  0.3064  0.3434  0.1684  0.3165  0.3165
Q3AYC3           0.6700  0.6465  0.6566  0.6364  0.6431  0.6498  0.6465  0.6330  0.6498  0.5993  0.5185  0.5017  0.3300  0.6195  0.5118  0.5118  0.3973  0.3266  0.2795  0.5084  0.2660  0.2660  0.1044  0.1145  0.3030  0.2795  0.2997  0.1886  0.2694  0.2727  0.2963  0.3064  0.1818  0.3401  0.1785  0.3266  0.2795  0.2929  0.3266  0.3300  0.2963  0.1650  0.3165  0.1684  0.3367  0.2795  0.3367  0.3199  0.2020  0.3434  0.3401  0.2963  0.3232  0.2997  0.3434  0.0404  0.2997  0.2997  0.1549
Q2JJK8           0.6566  0.6498  0.6397  0.6128  0.6094  0.6162  0.6364  0.6162  0.6431  0.6162  0.4983  0.4949  0.3535  0.6397  0.5354  0.5387  0.3805  0.4040  0.3737  0.5387  0.3872  0.3872  0.3805  0.4074  0.4478  0.4512  0.3973  0.4040  0.3636  0.3468  0.3502  0.3603  0.4209  0.4781  0.3838  0.3569  0.4512  0.3704  0.3535  0.4680  0.3569  0.3973  0.3603  0.3805  0.3872  0.4545  0.4579  0.3636  0.3737  0.4613  0.4613  0.3434  0.3737  0.3636  0.4646  0.3973  0.3603  0.3603  0.4074  0.3906
Q2JUU1           0.6599  0.6498  0.6296  0.6162  0.6128  0.6195  0.6364  0.6263  0.6498  0.6195  0.5084  0.4882  0.3603  0.6532  0.5387  0.5421  0.3805  0.4141  0.3771  0.5421  0.3973  0.3973  0.3906  0.4175  0.4579  0.4545  0.3973  0.4175  0.3737  0.3636  0.3704  0.3670  0.4310  0.4680  0.3906  0.3704  0.4579  0.3805  0.3704  0.4613  0.3737  0.4040  0.3603  0.3939  0.3973  0.4714  0.4545  0.3737  0.3872  0.4579  0.4579  0.3636  0.3838  0.3704  0.4613  0.4175  0.3805  0.3805  0.4209  0.4074  0.0640
A2CAU7           0.6801  0.6465  0.6566  0.6330  0.6296  0.6364  0.6465  0.6498  0.6498  0.6128  0.5219  0.5152  0.3300  0.6263  0.5051  0.5051  0.4007  0.3468  0.3232  0.5051  0.2896  0.2896  0.1515  0.1448  0.2963  0.2727  0.3232  0.1684  0.2862  0.3064  0.3030  0.3165  0.1751  0.3468  0.1717  0.3468  0.2761  0.3030  0.3367  0.3401  0.3199  0.1549  0.3165  0.1650  0.3468  0.2593  0.3367  0.3603  0.2054  0.3367  0.3401  0.3131  0.3569  0.3064  0.3434  0.1684  0.3165  0.3165  0.0135  0.1582  0.4074  0.4209
B9YQ81           0.6633  0.6734  0.6532  0.6431  0.6498  0.6532  0.6532  0.6397  0.6431  0.6296  0.5084  0.4815  0.2862  0.6397  0.5387  0.5387  0.3973  0.2256  0.1886  0.5387  0.2694  0.2694  0.2963  0.2929  0.3670  0.3636  0.2189  0.3030  0.2357  0.2290  0.2256  0.2593  0.3232  0.4141  0.3098  0.1886  0.3636  0.2256  0.1818  0.4074  0.2626  0.2997  0.2121  0.2929  0.2290  0.3468  0.3939  0.1077  0.3098  0.3939  0.3872  0.2088  0.1111  0.2020  0.4007  0.3030  0.2054  0.2054  0.3266  0.2997  0.3636  0.3805  0.3266
A3Z1B1           0.6599  0.6431  0.6431  0.6431  0.6465  0.6532  0.6465  0.6229  0.6364  0.6195  0.5185  0.5051  0.3434  0.6330  0.4983  0.4983  0.3333  0.3401  0.3098  0.5017  0.2492  0.2492  0.1919  0.1852  0.3333  0.3401  0.3098  0.2020  0.2727  0.2795  0.3030  0.3064  0.2020  0.3737  0.1919  0.3367  0.3434  0.2963  0.3401  0.3737  0.3064  0.1751  0.2862  0.1886  0.3165  0.3064  0.3805  0.3030  0.1852  0.3805  0.3771  0.2963  0.3098  0.2929  0.3872  0.2222  0.2997  0.2997  0.2189  0.2222  0.4141  0.4310  0.2222  0.3165


TREE #  1:  (5, 6, (4, (7, (3, (1, (9, (2, (8, ((10, 14), (((15, (20, 16)), (11, 12)), ((17, (61, 62)), ((49, (65, ((28, (44, 33)), ((35, 42), ((24, (23, (56, 60))), ((59, 63), ((((47, (55, (50, 51))), (34, 40)), (26, 37)), (25, 46)))))))), (31, ((29, 38), (((43, (52, 54)), (30, (57, 58))), (45, (((21, 22), (32, (41, 13))), (((36, 39), (64, (48, 53))), (18, (19, 27))))))))))))))))))));   MP score: 2605
lnL(ntime: 63  np: 64): -14440.255560      +0.000000
  66..5    66..6    66..67   67..4    67..68   68..7    68..69   69..3    69..70   70..1    70..71   71..9    71..72   72..2    72..73   73..8    73..74   74..75   75..10   75..14   74..76   76..77   77..78   78..15   78..79   79..20   79..16   77..80   80..11   80..12   76..81   81..82   82..17   82..83   83..61   83..62   81..84   84..85   85..49   85..86   86..65   86..87   87..88   88..28   88..89   89..44   89..33   87..90   90..91   91..35   91..42   90..92   92..93   93..24   93..94   94..23   94..95   95..56   95..60   92..96   96..97   97..59   97..63   96..98   98..99   99..100 100..101 101..47  101..102 102..55  102..103 103..50  103..51  100..104 104..34  104..40   99..105 105..26  105..37   98..106 106..25  106..46   84..107 107..31  107..108 108..109 109..29  109..38  108..110 110..111 111..112 112..43  112..113 113..52  113..54  111..114 114..30  114..115 115..57  115..58  110..116 116..45  116..117 117..118 118..119 119..21  119..22  118..120 120..32  120..121 121..41  121..13  117..122 122..123 123..124 124..36  124..39  123..125 125..64  125..126 126..48  126..53  122..127 127..18  127..128 128..19  128..27 
 0.637946 0.637946 0.635923 0.635923 0.601426 0.599159 0.594478 0.585590 0.509516 0.179352 0.441138 0.385482 0.002655 0.001456 0.266593 0.369252 0.305573 0.037774 0.324571 0.248646 0.244275 0.225704 0.131734 0.109145 0.222472 0.044451 0.216530 0.103281 0.087358 0.022490 0.212815 0.009040 0.173576 0.153286 0.068774 0.022294 0.018454 0.012917 0.029553 0.010032 0.141305 0.252987 0.243918 0.103488 0.240504 0.154921 0.058265 0.031014 0.138732 0.000000 0.218068 0.218067 0.197919 0.000000 0.168892 0.150059 0.183797 0.130186 0.076449 0.069099 0.015334 0.151140 0.114442 0.773912

tree length =  14.45306

(5: 0.637946, 6: 0.637946, (4: 0.637946, (7: 0.635923, (3: 0.635923, (1: 0.601426, (9: 0.599159, (2: 0.594478, (8: 0.585590, ((10: 0.179352, 14: 0.179352): 0.330164, (((15: 0.002655, (20: 0.001456, 16: 0.001456): 0.001199): 0.382827, (11: 0.266593, 12: 0.266593): 0.118890): 0.055656, ((17: 0.305573, (61: 0.037774, 62: 0.037774): 0.267799): 0.063679, ((49: 0.248646, (65: 0.244275, ((28: 0.131734, (44: 0.109145, 33: 0.109145): 0.022589): 0.093971, ((35: 0.044451, 42: 0.044451): 0.178021, ((24: 0.103281, (23: 0.087358, (56: 0.022490, 60: 0.022490): 0.064868): 0.015923): 0.113249, ((59: 0.009040, 63: 0.009040): 0.203775, ((((47: 0.022294, (55: 0.018454, (50: 0.012917, 51: 0.012917): 0.005536): 0.003840): 0.046480, (34: 0.029553, 40: 0.029553): 0.039220): 0.084512, (26: 0.010032, 37: 0.010032): 0.143254): 0.020290, (25: 0.141305, 46: 0.141305): 0.032271): 0.039239): 0.003715): 0.005942): 0.003233): 0.018571): 0.004371): 0.075925, (31: 0.252987, ((29: 0.103488, 38: 0.103488): 0.140429, (((43: 0.058265, (52: 0.031014, 54: 0.031014): 0.027251): 0.096656, (30: 0.138732, (57: 0.000000, 58: 0.000000): 0.138732): 0.016189): 0.085583, (45: 0.218068, (((21: 0.000000, 22: 0.000000): 0.197919, (32: 0.168892, (41: 0.150059, 13: 0.150059): 0.018834): 0.029027): 0.020148, (((36: 0.076449, 39: 0.076449): 0.053736, (64: 0.069099, (48: 0.015334, 53: 0.015334): 0.053765): 0.061086): 0.053611, (18: 0.151140, (19: 0.114442, 27: 0.114442): 0.036698): 0.032657): 0.034271): 0.000000): 0.022436): 0.003414): 0.009069): 0.071584): 0.044682): 0.071886): 0.068378): 0.076074): 0.008888): 0.004681): 0.002267): 0.034497): 0.000001): 0.002022): 0.000001);

(A8FKH5: 0.637946, A7H4Y9: 0.637946, (Q4HFS3: 0.637946, (B9KFN3: 0.635923, (Q4HPC0: 0.635923, (A8ERM8: 0.601426, (Q30TL1: 0.599159, (D1B3V0: 0.594478, (A6QBL3: 0.585590, ((A6Q4R9: 0.179352, B9L7H1: 0.179352): 0.330164, (((P00954: 0.002655, (B7N1G1: 0.001456, B7LS85: 0.001456): 0.001199): 0.382827, (Q7MAE0: 0.266593, P56396: 0.266593): 0.118890): 0.055656, ((Q7NCG8: 0.305573, (Q2JJK8: 0.037774, Q2JUU1: 0.037774): 0.267799): 0.063679, ((A5GTY9: 0.248646, (A3Z1B1: 0.244275, ((Q0I905: 0.131734, (Q05R75: 0.109145, A3Z537: 0.109145): 0.022589): 0.093971, ((A4CXH1: 0.044451, A5GJU1: 0.044451): 0.178021, ((Q7TTU9: 0.103281, (Q3AKT7: 0.087358, (Q065Z4: 0.022490, Q3AYC3: 0.022490): 0.064868): 0.015923): 0.113249, ((Q7TV34: 0.009040, A2CAU7: 0.009040): 0.203775, ((((Q31BT6: 0.022294, (A8G3W4: 0.018454, (A3PBX2: 0.012917, A2BQ79: 0.012917): 0.005536): 0.003840): 0.046480, (Q7V286: 0.029553, A2BVR1: 0.029553): 0.039220): 0.084512, (A2C156: 0.010032, Q46LV2: 0.010032): 0.143254): 0.020290, (Q7VBM9: 0.141305, A9BAX1: 0.141305): 0.032271): 0.039239): 0.003715): 0.005942): 0.003233): 0.018571): 0.004371): 0.075925, (P73655: 0.252987, ((B4AZK3: 0.103488, B7KBZ6: 0.103488): 0.140429, (((Q4C834: 0.058265, (B1WZY3: 0.031014, A3IQG5: 0.031014): 0.027251): 0.096656, (B1XKT5: 0.138732, (C7QX30: 0.000000, B7JZ06: 0.000000): 0.138732): 0.016189): 0.085583, (B0JHA1: 0.218068, (((Q31NN1: 0.000000, Q5N5I3: 0.000000): 0.197919, (Q8DHG3: 0.168892, (B8HXK6: 0.150059, B0CC71: 0.150059): 0.018834): 0.029027): 0.020148, (((A0ZJ40: 0.076449, B2J219: 0.076449): 0.053736, (B9YQ81: 0.069099, (Q3M8T3: 0.015334, Q8YXE4: 0.015334): 0.053765): 0.061086): 0.053611, (Q10VR7: 0.151140, (B5VWI4: 0.114442, A0YXW4: 0.114442): 0.036698): 0.032657): 0.034271): 0.000000): 0.022436): 0.003414): 0.009069): 0.071584): 0.044682): 0.071886): 0.068378): 0.076074): 0.008888): 0.004681): 0.002267): 0.034497): 0.000001): 0.002022): 0.000001);

(5_A8FKH5, 6_A7H4Y9, (4_Q4HFS3, (7_B9KFN3, (3_Q4HPC0, (1_A8ERM8, (9_Q30TL1, (2_D1B3V0, (8_A6QBL3, ((10_A6Q4R9, 14_B9L7H1) 75 , (((15_P00954, (20_B7N1G1, 16_B7LS85) 79 ) 78 , (11_Q7MAE0, 12_P56396) 80 ) 77 , ((17_Q7NCG8, (61_Q2JJK8, 62_Q2JUU1) 83 ) 82 , ((49_A5GTY9, (65_A3Z1B1, ((28_Q0I905, (44_Q05R75, 33_A3Z537) 89 ) 88 , ((35_A4CXH1, 42_A5GJU1) 91 , ((24_Q7TTU9, (23_Q3AKT7, (56_Q065Z4, 60_Q3AYC3) 95 ) 94 ) 93 , ((59_Q7TV34, 63_A2CAU7) 97 , ((((47_Q31BT6, (55_A8G3W4, (50_A3PBX2, 51_A2BQ79) 103 ) 102 ) 101 , (34_Q7V286, 40_A2BVR1) 104 ) 100 , (26_A2C156, 37_Q46LV2) 105 ) 99 , (25_Q7VBM9, 46_A9BAX1) 106 ) 98 ) 96 ) 92 ) 90 ) 87 ) 86 ) 85 , (31_P73655, ((29_B4AZK3, 38_B7KBZ6) 109 , (((43_Q4C834, (52_B1WZY3, 54_A3IQG5) 113 ) 112 , (30_B1XKT5, (57_C7QX30, 58_B7JZ06) 115 ) 114 ) 111 , (45_B0JHA1, (((21_Q31NN1, 22_Q5N5I3) 119 , (32_Q8DHG3, (41_B8HXK6, 13_B0CC71) 121 ) 120 ) 118 , (((36_A0ZJ40, 39_B2J219) 124 , (64_B9YQ81, (48_Q3M8T3, 53_Q8YXE4) 126 ) 125 ) 123 , (18_Q10VR7, (19_B5VWI4, 27_A0YXW4) 128 ) 127 ) 122 ) 117 ) 116 ) 110 ) 108 ) 107 ) 84 ) 81 ) 76 ) 74 ) 73 ) 72 ) 71 ) 70 ) 69 ) 68 ) 67 ) 66 ;

Detailed output identifying parameters

alpha (gamma, K = 4) =  0.77391
rate:   0.09000  0.39641  0.94946  2.56413
freq:   0.25000  0.25000  0.25000  0.25000

Time used:  6:50
