AAML (in paml version 4.6, August 2012)  274.aa
Model: Empirical for branches,  (../../../bin/LG.dat) dGamma (ncatG=4) ns =  65  ls = 195


Frequencies..
                                    A      R      N      D      C      Q      E      G      H      I      L      K      M      F      P      S      T      W      Y      V
A8ETG0                         0.05128 0.02564 0.05641 0.04615 0.01538 0.02051 0.08718 0.04615 0.04103 0.09744 0.09744 0.10256 0.02564 0.04615 0.05128 0.04103 0.03077 0.00000 0.06667 0.05128
A6Q9M5                         0.07179 0.05128 0.03077 0.05128 0.02051 0.03077 0.09231 0.05641 0.03077 0.05641 0.11282 0.08718 0.01026 0.04103 0.05641 0.03590 0.04103 0.00000 0.06667 0.05641
D1B079                         0.08205 0.04615 0.03590 0.04103 0.01538 0.02564 0.09744 0.04615 0.06154 0.03590 0.13846 0.08718 0.01538 0.04615 0.04615 0.01026 0.04103 0.00000 0.04615 0.08205
Q30RM0                         0.06154 0.03077 0.03590 0.05641 0.01538 0.02564 0.09231 0.04615 0.04103 0.08205 0.12308 0.11795 0.01026 0.05128 0.04103 0.04103 0.03077 0.00000 0.04103 0.05641
A8FL65                         0.05128 0.03590 0.05641 0.04103 0.02564 0.02051 0.09744 0.05128 0.03590 0.07179 0.12821 0.09744 0.00513 0.07692 0.04103 0.02051 0.03077 0.00000 0.05641 0.05641
A7H4G8                         0.06154 0.03077 0.06154 0.03077 0.03077 0.02051 0.10769 0.04615 0.03590 0.07692 0.12821 0.10256 0.00513 0.07692 0.04103 0.02051 0.02564 0.00000 0.05128 0.04615
B9KFZ7                         0.05128 0.02564 0.06154 0.07179 0.02051 0.03077 0.06667 0.05128 0.03590 0.06667 0.12821 0.09744 0.00513 0.06667 0.04103 0.02051 0.03590 0.00000 0.04103 0.08205
A6Q327                         0.07179 0.04615 0.04103 0.04615 0.01538 0.04103 0.09744 0.04615 0.03077 0.08718 0.10256 0.08205 0.00000 0.04103 0.06154 0.02564 0.03590 0.00000 0.06667 0.06154
B9LAD7                         0.05641 0.04103 0.05641 0.05641 0.01538 0.02051 0.09744 0.04103 0.04103 0.09231 0.07179 0.10769 0.01538 0.04615 0.05128 0.00513 0.04103 0.01026 0.05641 0.07692
Q7MQR3                         0.09231 0.06154 0.02564 0.03590 0.02051 0.03590 0.08718 0.05641 0.04615 0.04615 0.13846 0.07692 0.01026 0.03590 0.05128 0.03590 0.02051 0.00513 0.05128 0.06667
Q4HRP7                         0.07692 0.03077 0.04103 0.05128 0.02564 0.01538 0.08718 0.05128 0.03590 0.05641 0.15897 0.10769 0.00513 0.06154 0.04103 0.03077 0.03077 0.00000 0.05128 0.04103
Q4HHW9                         0.06154 0.05641 0.05128 0.05128 0.02051 0.03077 0.09744 0.05128 0.03077 0.04615 0.14872 0.07179 0.00513 0.07179 0.04615 0.03077 0.02564 0.00000 0.04615 0.05641
O26093                         0.05641 0.03590 0.04615 0.03590 0.01538 0.03077 0.08205 0.05641 0.03590 0.09231 0.10769 0.07692 0.01026 0.07692 0.05128 0.07179 0.04103 0.00000 0.04103 0.03590
B5VU92                         0.08718 0.07179 0.02051 0.04615 0.02051 0.05128 0.10256 0.05128 0.01538 0.05128 0.09231 0.05128 0.01538 0.05128 0.04103 0.06667 0.05641 0.01538 0.01538 0.07692
Q110H0                         0.09231 0.03590 0.03590 0.05641 0.02051 0.05128 0.06667 0.05641 0.02051 0.07692 0.08205 0.07692 0.01538 0.05641 0.05128 0.04103 0.05641 0.01538 0.03077 0.06154
P73335                         0.12821 0.06667 0.02051 0.07179 0.01538 0.06154 0.06154 0.04615 0.03077 0.04615 0.09231 0.03590 0.02051 0.07179 0.05641 0.01538 0.05641 0.01538 0.01026 0.07692
C7QUR7                         0.09744 0.04615 0.02564 0.04103 0.02051 0.07692 0.07692 0.04615 0.03077 0.06154 0.11282 0.04615 0.01026 0.05128 0.04103 0.05128 0.05641 0.02564 0.02051 0.06154
B7JWV0                         0.09744 0.04615 0.02564 0.04103 0.02051 0.07692 0.07692 0.04615 0.03077 0.06154 0.11282 0.04615 0.01026 0.05128 0.04103 0.05128 0.05641 0.02564 0.02051 0.06154
B7KG03                         0.09744 0.04615 0.03077 0.04103 0.02564 0.06154 0.09744 0.04103 0.02564 0.06667 0.11282 0.05641 0.00513 0.04615 0.05128 0.04103 0.04615 0.02564 0.01538 0.06667
Q8DJN5                         0.12821 0.05641 0.01538 0.03590 0.02564 0.07692 0.07692 0.04615 0.02564 0.03077 0.11282 0.03590 0.01538 0.06154 0.05641 0.04103 0.05641 0.02051 0.01538 0.06667
B8HTW1                         0.09744 0.08205 0.02051 0.04615 0.02051 0.06154 0.06154 0.06667 0.02051 0.03077 0.11795 0.03077 0.01538 0.05641 0.05641 0.04103 0.05128 0.01538 0.03077 0.07692
B4B2W0                         0.10256 0.04615 0.03590 0.03590 0.02051 0.06154 0.08718 0.04103 0.02051 0.07179 0.10769 0.05641 0.00513 0.04615 0.05128 0.05641 0.03590 0.02051 0.02051 0.07692
B7LT38                         0.07692 0.07692 0.03590 0.07179 0.01538 0.04103 0.08718 0.06154 0.03077 0.03590 0.10769 0.02564 0.01026 0.04103 0.04615 0.03077 0.05641 0.00000 0.04103 0.10769
Q4C3Y0                         0.09231 0.04103 0.03077 0.05641 0.02051 0.06154 0.07692 0.04615 0.03590 0.04615 0.11282 0.08205 0.01026 0.05641 0.04103 0.04103 0.04103 0.01538 0.01538 0.07692
Q2JR81                         0.12821 0.08205 0.01538 0.03590 0.02051 0.07692 0.08718 0.03590 0.02564 0.04615 0.11282 0.02051 0.00513 0.05128 0.05641 0.05128 0.05128 0.01026 0.01538 0.07179
B7MTN0                         0.08718 0.07692 0.03590 0.07179 0.01538 0.03590 0.08718 0.06154 0.03590 0.03590 0.10769 0.02564 0.01026 0.04103 0.04615 0.02564 0.05128 0.00000 0.04103 0.10769
P0AFQ7                         0.08718 0.07692 0.03590 0.07179 0.01538 0.03590 0.08718 0.06154 0.03590 0.03590 0.10769 0.02564 0.01026 0.04103 0.04615 0.02564 0.05128 0.00000 0.04103 0.10769
Q7NI17                         0.12308 0.09744 0.01538 0.06154 0.01538 0.03077 0.08718 0.04615 0.02051 0.04103 0.09744 0.03590 0.02051 0.05128 0.06154 0.02564 0.04103 0.01538 0.01538 0.09744
A3IJJ4                         0.09231 0.04615 0.04103 0.05128 0.02051 0.07692 0.06667 0.04103 0.03590 0.06154 0.11282 0.06667 0.01026 0.05128 0.04103 0.04103 0.04615 0.01538 0.01538 0.06667
B0JGK5                         0.08718 0.06667 0.02564 0.05641 0.02051 0.07179 0.07692 0.04103 0.03077 0.06667 0.07179 0.04103 0.01538 0.06667 0.05128 0.05128 0.05128 0.02051 0.01538 0.07179
Q2JIZ6                         0.13846 0.06154 0.02051 0.02564 0.02051 0.06154 0.09231 0.04103 0.02051 0.05641 0.09744 0.03590 0.00513 0.04615 0.05641 0.05641 0.04615 0.01538 0.02564 0.07692
B0C2C9                         0.09231 0.05641 0.02564 0.04103 0.03077 0.07692 0.06667 0.04103 0.03077 0.03077 0.09231 0.03077 0.02051 0.05641 0.04103 0.05128 0.07179 0.01538 0.02051 0.10769
B1XHW5                         0.10769 0.07692 0.01538 0.06154 0.01538 0.04615 0.09231 0.03590 0.03077 0.03077 0.13333 0.04615 0.01026 0.06667 0.04615 0.04103 0.04615 0.01538 0.00513 0.07692
B1WZT8                         0.09744 0.04103 0.04103 0.06667 0.02051 0.07692 0.05128 0.04103 0.03590 0.05641 0.10769 0.06667 0.01026 0.05641 0.04615 0.03590 0.04615 0.01538 0.01538 0.07179
Q3M5D1                         0.12308 0.05128 0.01538 0.05128 0.02051 0.06667 0.06667 0.05128 0.02564 0.07179 0.09231 0.05128 0.01538 0.05128 0.03590 0.06154 0.05128 0.02051 0.01538 0.06154
B2J197                         0.11282 0.04615 0.03077 0.04103 0.02051 0.04615 0.07692 0.04615 0.03077 0.06154 0.09231 0.05128 0.01026 0.05128 0.03590 0.06667 0.05128 0.02051 0.02564 0.08205
Q8YWL2                         0.11795 0.05128 0.01538 0.05128 0.02051 0.06667 0.06667 0.05128 0.02564 0.05641 0.09231 0.04615 0.01538 0.05128 0.03590 0.07179 0.04615 0.02051 0.01538 0.08205
A2BT62                         0.07692 0.03077 0.04615 0.04615 0.02564 0.03077 0.11282 0.03590 0.03590 0.07692 0.10256 0.07692 0.02051 0.05641 0.05128 0.05128 0.03590 0.01026 0.02564 0.05128
B9YNQ3                         0.11282 0.04615 0.03077 0.03590 0.02051 0.06667 0.06154 0.05641 0.02564 0.06154 0.08718 0.05128 0.01538 0.05641 0.04103 0.05641 0.05128 0.02051 0.03590 0.06667
A8G6Y7                         0.08205 0.03590 0.04103 0.05128 0.02564 0.03077 0.10769 0.03590 0.03077 0.08205 0.09744 0.07692 0.02051 0.05128 0.05128 0.05128 0.03077 0.01026 0.03590 0.05128
A0ZH95                         0.11795 0.05128 0.02564 0.03590 0.02564 0.04615 0.08718 0.04615 0.03077 0.05128 0.09231 0.04615 0.02051 0.04615 0.05128 0.05641 0.05128 0.02051 0.02564 0.07179
Q063W1                         0.11282 0.09231 0.01538 0.07692 0.03077 0.02051 0.07179 0.04615 0.03077 0.01538 0.11795 0.02051 0.02051 0.05128 0.07179 0.03077 0.04615 0.01026 0.01026 0.10769
A9BCH7                         0.09231 0.06154 0.02564 0.07692 0.02564 0.03590 0.06154 0.04103 0.02564 0.05128 0.12821 0.05641 0.02051 0.06154 0.06154 0.05128 0.03077 0.01538 0.00513 0.07179
A3PEX5                         0.07692 0.03590 0.04615 0.05128 0.02564 0.02564 0.10769 0.03590 0.03590 0.07692 0.10256 0.07692 0.02051 0.05641 0.05128 0.05128 0.03590 0.01026 0.02564 0.05128
Q46J21                         0.07692 0.04103 0.03590 0.05128 0.02051 0.03077 0.08718 0.04615 0.04103 0.04615 0.10769 0.07692 0.02564 0.06667 0.05128 0.07692 0.01538 0.01026 0.01026 0.08205
A2C4N3                         0.07692 0.04103 0.03590 0.05128 0.02051 0.03077 0.08718 0.04615 0.04103 0.04615 0.10769 0.07692 0.02564 0.06667 0.05128 0.07692 0.01538 0.01026 0.01026 0.08205
Q7V005                         0.08718 0.05128 0.02564 0.07692 0.04103 0.02051 0.07692 0.03590 0.03077 0.07692 0.09231 0.06154 0.02051 0.05128 0.05128 0.08205 0.02051 0.01026 0.03077 0.05641
Q31N18                         0.13333 0.09231 0.01026 0.05641 0.01538 0.03077 0.08205 0.04615 0.02564 0.04103 0.10769 0.02051 0.01538 0.05641 0.04615 0.05641 0.05641 0.01538 0.01026 0.08205
A5GNH4                         0.11282 0.08718 0.01538 0.06154 0.02564 0.03077 0.09231 0.04615 0.03077 0.02051 0.11795 0.02051 0.02564 0.05128 0.06667 0.04615 0.04103 0.01026 0.01026 0.08718
A0YLV0                         0.08205 0.05128 0.03077 0.06154 0.02051 0.07692 0.06154 0.04615 0.02564 0.05128 0.11795 0.04103 0.01538 0.05641 0.04615 0.03590 0.06154 0.01026 0.03077 0.07692
Q3AHX4                         0.09744 0.10256 0.01538 0.07692 0.03077 0.02051 0.08205 0.05641 0.03077 0.02051 0.11795 0.01538 0.02051 0.05128 0.06667 0.03590 0.04103 0.01026 0.01026 0.09744
A2C6S7                         0.10256 0.09744 0.02051 0.06667 0.03077 0.03077 0.07692 0.04615 0.02564 0.02564 0.13846 0.01026 0.01538 0.03590 0.07179 0.05128 0.04103 0.01026 0.02051 0.08205
Q3AZA5                         0.10769 0.09231 0.01538 0.07692 0.03077 0.02564 0.06667 0.04615 0.03077 0.01538 0.11795 0.02051 0.02051 0.05128 0.06667 0.03590 0.05128 0.01026 0.01026 0.10769
Q318Q6                         0.07692 0.04103 0.05641 0.04615 0.02564 0.03077 0.10769 0.03590 0.02564 0.08205 0.10256 0.06667 0.02051 0.06154 0.05128 0.04615 0.03590 0.01026 0.02564 0.05128
Q7V5P0                         0.10256 0.09744 0.02051 0.06667 0.03077 0.03077 0.07692 0.04615 0.02564 0.02564 0.13333 0.01026 0.01538 0.04103 0.07179 0.05128 0.04103 0.01026 0.02051 0.08205
A4CR13                         0.12308 0.09231 0.01538 0.06667 0.03077 0.03077 0.08718 0.04103 0.03077 0.02051 0.11282 0.02051 0.02051 0.05641 0.06667 0.03077 0.04103 0.01026 0.00513 0.09744
Q5MZ24                         0.13333 0.09231 0.01026 0.05641 0.01538 0.03077 0.08205 0.04615 0.02564 0.04103 0.10769 0.02051 0.01538 0.05128 0.04615 0.06154 0.05641 0.01538 0.01026 0.08205
A5GVF4                         0.12308 0.08205 0.01026 0.04615 0.02051 0.05128 0.08205 0.06154 0.03590 0.02564 0.12308 0.02051 0.02564 0.03590 0.05641 0.04615 0.04103 0.01026 0.02051 0.08205
Q05WE6                         0.12308 0.08718 0.01538 0.08205 0.02564 0.02564 0.07179 0.05128 0.02564 0.03077 0.11282 0.02564 0.02051 0.04615 0.06154 0.04103 0.04615 0.01026 0.01538 0.08205
Q7VA28                         0.08718 0.06667 0.01026 0.06154 0.02051 0.02051 0.07692 0.05641 0.03077 0.03590 0.12821 0.05641 0.01538 0.06667 0.05641 0.06154 0.03590 0.01026 0.01538 0.08718
Q0I7L5                         0.12821 0.08205 0.01026 0.08205 0.02564 0.02564 0.06667 0.04615 0.02564 0.02051 0.10769 0.03077 0.02051 0.05641 0.06154 0.04615 0.04103 0.01026 0.01026 0.10256
A3Z9C6                         0.11795 0.10769 0.02051 0.05128 0.03077 0.02564 0.10256 0.05128 0.02564 0.02564 0.12308 0.01026 0.01538 0.05128 0.06154 0.03590 0.04103 0.01026 0.01026 0.08205
A2BYL2                         0.08205 0.05128 0.04103 0.04615 0.03077 0.02051 0.08718 0.03590 0.03077 0.07692 0.10256 0.08205 0.02051 0.05128 0.05128 0.06667 0.02051 0.01026 0.04103 0.05128
A3YVR4                         0.12308 0.08205 0.01026 0.07179 0.02564 0.04615 0.07179 0.05641 0.02564 0.02051 0.13846 0.01026 0.01538 0.04103 0.06667 0.04103 0.03590 0.01026 0.02051 0.08718
Q7U8K5                         0.09744 0.10769 0.02051 0.08205 0.02564 0.02051 0.07179 0.05641 0.02564 0.02051 0.12308 0.02051 0.02051 0.04615 0.06667 0.03590 0.04103 0.01026 0.01026 0.09744

Homogeneity statistic: X2 = 6.61678 G = 6.81172 

Average                        0.09546 0.06099 0.02935 0.05475 0.02249 0.04174 0.08268 0.04750 0.03085 0.05112 0.11132 0.05270 0.01483 0.05357 0.05183 0.04434 0.04237 0.01105 0.02611 0.07495

# constant sites:     30 (15.38%)
ln Lmax (unconstrained) = -999.140637

AA distances (raw proportions of different sites)

A8ETG0         
A6Q9M5           0.3231
D1B079           0.3744  0.3949
Q30RM0           0.3538  0.3641  0.3846
A8FL65           0.3590  0.4359  0.3949  0.4103
A7H4G8           0.3641  0.4462  0.3692  0.4154  0.0410
B9KFZ7           0.3641  0.4103  0.3846  0.3744  0.3487  0.3590
A6Q327           0.4000  0.4256  0.4410  0.3949  0.4051  0.4205  0.4359
B9LAD7           0.3949  0.4051  0.4718  0.4051  0.4667  0.4769  0.4410  0.3744
Q7MQR3           0.3949  0.3846  0.3692  0.4205  0.4667  0.4564  0.4256  0.4410  0.4615
Q4HRP7           0.3795  0.4256  0.3744  0.4410  0.2718  0.2769  0.3128  0.4513  0.4667  0.4359
Q4HHW9           0.4154  0.4410  0.3795  0.4410  0.1846  0.1897  0.3692  0.4256  0.4821  0.4667  0.2410
O26093           0.3949  0.4256  0.4615  0.4462  0.4718  0.4769  0.4462  0.3846  0.4615  0.4308  0.4667  0.4718
B5VU92           0.5897  0.5846  0.6256  0.6103  0.5897  0.6000  0.6410  0.6000  0.6000  0.6205  0.6103  0.6000  0.6154
Q110H0           0.5897  0.5897  0.6205  0.6051  0.6103  0.6205  0.6308  0.6103  0.6051  0.6051  0.6359  0.6205  0.6256  0.2667
P73335           0.6256  0.6154  0.6154  0.6462  0.6256  0.6359  0.6564  0.6256  0.6205  0.6308  0.6564  0.6154  0.6462  0.3077  0.3231
C7QUR7           0.6103  0.6103  0.6462  0.6513  0.6205  0.6308  0.6564  0.6154  0.6359  0.6051  0.6410  0.6154  0.6410  0.2718  0.2974  0.2769
B7JWV0           0.6103  0.6103  0.6462  0.6513  0.6205  0.6308  0.6564  0.6154  0.6359  0.6051  0.6410  0.6154  0.6410  0.2718  0.2974  0.2769  0.0000
B7KG03           0.5897  0.6103  0.6513  0.6462  0.6308  0.6410  0.6667  0.6154  0.6154  0.6308  0.6615  0.6718  0.6308  0.3026  0.3179  0.3231  0.2769  0.2769
Q8DJN5           0.6103  0.6205  0.6308  0.6462  0.6154  0.6256  0.6718  0.6051  0.6154  0.6256  0.6564  0.6256  0.6462  0.3436  0.3641  0.3385  0.3538  0.3538  0.3436
B8HTW1           0.6051  0.6103  0.6256  0.6359  0.6256  0.6410  0.6513  0.5897  0.6000  0.6205  0.6513  0.6308  0.6410  0.3333  0.3231  0.3179  0.3333  0.3333  0.3487  0.2974
B4B2W0           0.6051  0.6000  0.6462  0.6462  0.6154  0.6256  0.6462  0.5949  0.6103  0.6256  0.6462  0.6256  0.6103  0.2667  0.3077  0.2872  0.2359  0.2359  0.1692  0.3385  0.3333
B7LT38           0.6205  0.5487  0.5744  0.6051  0.5949  0.5949  0.5641  0.5795  0.6154  0.5897  0.5744  0.5795  0.6205  0.5282  0.5641  0.5282  0.5333  0.5333  0.5641  0.5744  0.5385  0.5385
Q4C3Y0           0.6205  0.6103  0.6154  0.6308  0.6256  0.6410  0.6359  0.6205  0.6103  0.6256  0.6462  0.6308  0.6359  0.3231  0.3128  0.2667  0.2205  0.2205  0.2821  0.3846  0.3282  0.2821  0.5385
Q2JR81           0.6410  0.6205  0.6615  0.6410  0.6205  0.6256  0.6359  0.6000  0.6513  0.6308  0.6256  0.6103  0.6769  0.4564  0.4308  0.4410  0.4667  0.4667  0.4308  0.4103  0.4718  0.4513  0.5487  0.4769
B7MTN0           0.6256  0.5487  0.5744  0.6103  0.6000  0.6000  0.5692  0.5795  0.6154  0.5949  0.5846  0.5846  0.6154  0.5282  0.5641  0.5231  0.5385  0.5385  0.5692  0.5744  0.5436  0.5436  0.0256  0.5333  0.5487
P0AFQ7           0.6256  0.5487  0.5744  0.6103  0.6000  0.6000  0.5692  0.5795  0.6154  0.5949  0.5846  0.5846  0.6154  0.5282  0.5641  0.5231  0.5385  0.5385  0.5692  0.5744  0.5436  0.5436  0.0256  0.5333  0.5487  0.0000
Q7NI17           0.6205  0.6000  0.6256  0.6410  0.6308  0.6359  0.6462  0.6000  0.6154  0.6308  0.6308  0.6103  0.6564  0.4205  0.3846  0.3641  0.4103  0.4103  0.4103  0.3949  0.4205  0.4154  0.5795  0.4103  0.3846  0.5744  0.5744
A3IJJ4           0.6103  0.6000  0.6051  0.6256  0.6154  0.6256  0.6359  0.6154  0.6051  0.6308  0.6256  0.6205  0.6308  0.3231  0.3282  0.3026  0.2308  0.2308  0.2974  0.3692  0.3231  0.2821  0.5538  0.1179  0.4923  0.5436  0.5436  0.4308
B0JGK5           0.6359  0.6103  0.6513  0.6462  0.6308  0.6410  0.6615  0.6410  0.6462  0.6359  0.6615  0.6410  0.6513  0.3385  0.3436  0.3282  0.3179  0.3179  0.3179  0.3692  0.3590  0.3026  0.5795  0.3487  0.4667  0.5744  0.5744  0.4410  0.3333
Q2JIZ6           0.6256  0.6103  0.6308  0.6256  0.6103  0.6154  0.6256  0.5692  0.6462  0.6154  0.6103  0.6154  0.6513  0.4462  0.4205  0.4513  0.4513  0.4513  0.4205  0.4051  0.4513  0.4256  0.5487  0.4667  0.1282  0.5385  0.5385  0.3897  0.4718  0.4462
B0C2C9           0.6359  0.6359  0.6359  0.6462  0.6308  0.6462  0.6513  0.6103  0.6462  0.6205  0.6718  0.6462  0.6462  0.3641  0.3487  0.3692  0.3436  0.3436  0.3897  0.3590  0.3333  0.3590  0.5538  0.3641  0.4821  0.5538  0.5538  0.4154  0.3897  0.4103  0.4615
B1XHW5           0.6410  0.6308  0.6410  0.6205  0.6154  0.6256  0.6513  0.6256  0.6256  0.6359  0.6462  0.6256  0.6667  0.3333  0.3590  0.2974  0.2974  0.2974  0.3487  0.3590  0.3333  0.3231  0.5179  0.3026  0.4256  0.5128  0.5128  0.3590  0.2974  0.3795  0.4308  0.3487
B1WZT8           0.6308  0.6154  0.6154  0.6410  0.6256  0.6359  0.6462  0.6154  0.6205  0.6359  0.6308  0.6256  0.6410  0.3179  0.3026  0.2667  0.2256  0.2256  0.2667  0.3641  0.3333  0.2564  0.5538  0.1282  0.4821  0.5487  0.5487  0.4051  0.1026  0.3179  0.4667  0.3744  0.2718
Q3M5D1           0.6256  0.6000  0.6462  0.6256  0.6205  0.6359  0.6410  0.6051  0.6256  0.6359  0.6462  0.6410  0.6462  0.3077  0.2923  0.2923  0.2821  0.2821  0.3385  0.3026  0.3077  0.3077  0.5795  0.3128  0.4513  0.5744  0.5744  0.3949  0.3231  0.3077  0.4410  0.3692  0.3487  0.3128
B2J197           0.6256  0.6051  0.6462  0.6359  0.6205  0.6308  0.6615  0.6103  0.6154  0.6308  0.6462  0.6359  0.6513  0.3026  0.2872  0.3179  0.3026  0.3026  0.3385  0.3333  0.3333  0.3179  0.5795  0.3436  0.4564  0.5744  0.5744  0.3846  0.3282  0.3282  0.4513  0.3897  0.3590  0.3231  0.1795
Q8YWL2           0.6359  0.6103  0.6513  0.6462  0.6256  0.6410  0.6410  0.6205  0.6308  0.6359  0.6513  0.6462  0.6564  0.3077  0.2923  0.2974  0.2923  0.2923  0.3436  0.3026  0.3077  0.3026  0.5897  0.3179  0.4615  0.5846  0.5846  0.3949  0.3282  0.3026  0.4513  0.3744  0.3692  0.3179  0.0410  0.1846
A2BT62           0.6359  0.6308  0.6667  0.6103  0.6205  0.6256  0.6256  0.6462  0.6513  0.6359  0.6513  0.6564  0.6667  0.4513  0.4359  0.4462  0.4615  0.4615  0.4564  0.5077  0.4872  0.4513  0.5846  0.4718  0.5282  0.5846  0.5846  0.5026  0.4821  0.4718  0.5333  0.4667  0.4308  0.4718  0.4718  0.4667  0.4769
B9YNQ3           0.6513  0.6256  0.6615  0.6359  0.6462  0.6564  0.6718  0.6205  0.6359  0.6308  0.6718  0.6564  0.6564  0.3538  0.3538  0.3538  0.3179  0.3179  0.3692  0.3590  0.3590  0.3641  0.5846  0.3385  0.4974  0.5795  0.5795  0.4154  0.3231  0.3487  0.4667  0.4205  0.3744  0.3231  0.2103  0.1692  0.2256  0.5026
A8G6Y7           0.6462  0.6410  0.6667  0.6205  0.6308  0.6359  0.6308  0.6564  0.6718  0.6359  0.6564  0.6564  0.6769  0.4564  0.4308  0.4513  0.4667  0.4667  0.4718  0.5077  0.4923  0.4615  0.5846  0.4667  0.5282  0.5846  0.5846  0.5026  0.4821  0.4718  0.5282  0.4769  0.4462  0.4821  0.4769  0.4615  0.4821  0.0564  0.5026
A0ZH95           0.6359  0.6308  0.6615  0.6564  0.6462  0.6564  0.6615  0.6051  0.6256  0.6410  0.6564  0.6410  0.6513  0.3282  0.3282  0.3231  0.2974  0.2974  0.3385  0.3026  0.3385  0.3436  0.5641  0.3436  0.4769  0.5590  0.5590  0.3744  0.3538  0.3590  0.4718  0.3846  0.3641  0.3436  0.1897  0.2051  0.1897  0.4923  0.2410  0.4872
Q063W1           0.6718  0.6359  0.6359  0.6667  0.6615  0.6667  0.6615  0.6462  0.6256  0.6410  0.6769  0.6359  0.6923  0.4256  0.4359  0.3795  0.4615  0.4615  0.4615  0.4462  0.4256  0.4410  0.5487  0.4462  0.5077  0.5538  0.5538  0.4462  0.4769  0.4718  0.5282  0.4359  0.4359  0.4667  0.4564  0.4359  0.4513  0.4256  0.4564  0.4205  0.4205
A9BCH7           0.6564  0.6410  0.6462  0.6256  0.6359  0.6359  0.6718  0.6256  0.6359  0.6462  0.6667  0.6410  0.6615  0.4513  0.4513  0.4256  0.4564  0.4564  0.4718  0.4974  0.4667  0.4564  0.5949  0.4308  0.5436  0.5949  0.5949  0.4769  0.4564  0.4821  0.5590  0.4462  0.4154  0.4564  0.4821  0.4821  0.4821  0.4103  0.4974  0.4103  0.4718  0.2923
A3PEX5           0.6462  0.6410  0.6615  0.6205  0.6308  0.6359  0.6308  0.6615  0.6718  0.6308  0.6513  0.6615  0.6769  0.4615  0.4205  0.4513  0.4667  0.4667  0.4667  0.5077  0.4974  0.4615  0.5846  0.4615  0.5333  0.5846  0.5846  0.5128  0.4769  0.4667  0.5333  0.4769  0.4513  0.4718  0.4769  0.4667  0.4821  0.0513  0.5026  0.0513  0.4974  0.4205  0.4051
Q46J21           0.6667  0.6154  0.6615  0.6308  0.6359  0.6462  0.6667  0.6154  0.6308  0.6359  0.6667  0.6462  0.6513  0.4513  0.4462  0.4615  0.4667  0.4667  0.4821  0.5128  0.4974  0.4769  0.6103  0.4615  0.5385  0.6154  0.6154  0.5128  0.4872  0.4667  0.5333  0.4667  0.4513  0.4872  0.4718  0.4667  0.4718  0.4154  0.4974  0.4000  0.4564  0.3590  0.3333  0.4051
A2C4N3           0.6667  0.6154  0.6615  0.6308  0.6359  0.6462  0.6667  0.6154  0.6308  0.6359  0.6667  0.6462  0.6513  0.4513  0.4462  0.4615  0.4667  0.4667  0.4821  0.5128  0.4974  0.4769  0.6103  0.4615  0.5385  0.6154  0.6154  0.5128  0.4872  0.4667  0.5333  0.4667  0.4513  0.4872  0.4718  0.4667  0.4718  0.4154  0.4974  0.4000  0.4564  0.3590  0.3333  0.4051  0.0000
Q7V005           0.6718  0.6769  0.6974  0.6667  0.6462  0.6462  0.6769  0.6410  0.6462  0.6564  0.6769  0.6564  0.6872  0.4769  0.4205  0.4410  0.4513  0.4513  0.4718  0.4872  0.4923  0.4718  0.6103  0.4410  0.5179  0.6103  0.6103  0.5026  0.4769  0.4974  0.5179  0.4513  0.4308  0.4667  0.4667  0.4667  0.4769  0.2564  0.4974  0.2308  0.4667  0.4205  0.3897  0.2359  0.4103  0.4103
Q31N18           0.6564  0.6308  0.6769  0.6513  0.6410  0.6513  0.6718  0.6410  0.6667  0.6359  0.6667  0.6359  0.6718  0.3538  0.4000  0.3436  0.3641  0.3641  0.4103  0.3795  0.4103  0.3897  0.5744  0.3744  0.4205  0.5641  0.5641  0.3795  0.3897  0.4154  0.4103  0.4308  0.3436  0.3846  0.3385  0.3641  0.3487  0.4667  0.3897  0.4718  0.3641  0.4359  0.4718  0.4718  0.4872  0.4872  0.4410
A5GNH4           0.6667  0.6359  0.6513  0.6308  0.6410  0.6513  0.6667  0.6308  0.6308  0.6462  0.6667  0.6308  0.6615  0.4000  0.4462  0.3846  0.4667  0.4667  0.4667  0.4769  0.4615  0.4513  0.5590  0.4462  0.5179  0.5590  0.5590  0.4410  0.4872  0.4872  0.5333  0.4410  0.4103  0.4718  0.4718  0.4513  0.4718  0.4051  0.4821  0.4051  0.4410  0.1487  0.2974  0.4103  0.3487  0.3487  0.4103  0.4205
A0YLV0           0.6462  0.6051  0.6205  0.6410  0.6359  0.6410  0.6359  0.6410  0.6410  0.6564  0.6308  0.6154  0.6308  0.2718  0.3231  0.3077  0.2974  0.2974  0.3436  0.3692  0.3436  0.3077  0.5333  0.3333  0.4769  0.5333  0.5333  0.4308  0.3282  0.3641  0.4667  0.3846  0.3333  0.3179  0.3282  0.3026  0.3282  0.4769  0.3538  0.4718  0.3538  0.4256  0.4564  0.4821  0.5026  0.5026  0.4718  0.4205  0.4308
Q3AHX4           0.6769  0.6410  0.6462  0.6564  0.6410  0.6564  0.6667  0.6513  0.6462  0.6615  0.6667  0.6256  0.6821  0.4154  0.4410  0.3846  0.4667  0.4667  0.4718  0.4718  0.4564  0.4513  0.5487  0.4513  0.5179  0.5538  0.5538  0.4359  0.4923  0.4769  0.5282  0.4308  0.4205  0.4667  0.4667  0.4513  0.4667  0.4154  0.4769  0.4051  0.4462  0.1333  0.2718  0.4051  0.3641  0.3641  0.3949  0.4205  0.1282  0.4205
A2C6S7           0.6667  0.6410  0.6667  0.6667  0.6667  0.6769  0.6769  0.6359  0.6513  0.6462  0.6718  0.6615  0.6718  0.4359  0.4359  0.4205  0.4615  0.4615  0.4410  0.4359  0.4205  0.4564  0.5795  0.4462  0.5026  0.5846  0.5846  0.4513  0.4769  0.4821  0.5179  0.4615  0.4359  0.4564  0.4513  0.4462  0.4513  0.4205  0.4615  0.4359  0.4359  0.2205  0.2974  0.4256  0.3795  0.3795  0.4256  0.4462  0.2256  0.4462  0.2154
Q3AZA5           0.6769  0.6359  0.6359  0.6667  0.6615  0.6667  0.6615  0.6462  0.6308  0.6462  0.6769  0.6410  0.6974  0.4359  0.4359  0.3897  0.4718  0.4718  0.4667  0.4462  0.4308  0.4410  0.5487  0.4462  0.5128  0.5538  0.5538  0.4513  0.4718  0.4667  0.5282  0.4308  0.4308  0.4615  0.4513  0.4359  0.4462  0.4256  0.4513  0.4205  0.4308  0.0154  0.2872  0.4205  0.3538  0.3538  0.4154  0.4410  0.1538  0.4256  0.1385  0.2205
Q318Q6           0.6564  0.6513  0.6769  0.6359  0.6410  0.6462  0.6462  0.6667  0.6769  0.6462  0.6718  0.6615  0.6769  0.4564  0.4205  0.4462  0.4462  0.4462  0.4615  0.5026  0.4872  0.4615  0.5897  0.4564  0.5333  0.5897  0.5897  0.5077  0.4667  0.4667  0.5436  0.4718  0.4410  0.4615  0.4769  0.4615  0.4821  0.0821  0.5026  0.0718  0.4923  0.4205  0.4051  0.0718  0.4051  0.4051  0.2308  0.4667  0.4051  0.4667  0.4051  0.4308  0.4256
Q7V5P0           0.6667  0.6410  0.6667  0.6667  0.6667  0.6769  0.6769  0.6359  0.6513  0.6462  0.6718  0.6615  0.6718  0.4359  0.4359  0.4205  0.4615  0.4615  0.4410  0.4359  0.4205  0.4564  0.5795  0.4462  0.5026  0.5846  0.5846  0.4513  0.4769  0.4821  0.5179  0.4615  0.4359  0.4564  0.4513  0.4462  0.4513  0.4205  0.4615  0.4359  0.4359  0.2205  0.2974  0.4256  0.3795  0.3795  0.4256  0.4462  0.2256  0.4462  0.2154  0.0051  0.2205  0.4308
A4CR13           0.6769  0.6513  0.6564  0.6410  0.6513  0.6615  0.6769  0.6513  0.6462  0.6564  0.6872  0.6513  0.6718  0.4205  0.4564  0.3846  0.4769  0.4769  0.4667  0.4769  0.4667  0.4615  0.5692  0.4564  0.5179  0.5692  0.5692  0.4308  0.4923  0.4872  0.5385  0.4462  0.4103  0.4769  0.4821  0.4564  0.4821  0.4256  0.4872  0.4205  0.4564  0.1641  0.2872  0.4256  0.3538  0.3538  0.4205  0.4308  0.0821  0.4308  0.1231  0.2462  0.1744  0.4205  0.2462
Q5MZ24           0.6564  0.6308  0.6769  0.6513  0.6410  0.6513  0.6718  0.6410  0.6667  0.6359  0.6667  0.6359  0.6718  0.3590  0.4051  0.3487  0.3692  0.3692  0.4154  0.3846  0.4154  0.3949  0.5744  0.3795  0.4256  0.5641  0.5641  0.3846  0.3949  0.4205  0.4154  0.4359  0.3487  0.3897  0.3436  0.3692  0.3538  0.4718  0.3949  0.4769  0.3692  0.4410  0.4769  0.4769  0.4923  0.4923  0.4462  0.0051  0.4256  0.4256  0.4256  0.4513  0.4462  0.4718  0.4513  0.4359
A5GVF4           0.6821  0.6564  0.6667  0.6615  0.6667  0.6718  0.6923  0.6564  0.6513  0.6615  0.6923  0.6564  0.6769  0.4359  0.4462  0.4000  0.4513  0.4513  0.4308  0.4564  0.4410  0.4615  0.6051  0.4359  0.5436  0.6000  0.6000  0.4410  0.4821  0.4974  0.5436  0.4205  0.4359  0.4615  0.4615  0.4718  0.4462  0.4564  0.4974  0.4462  0.4513  0.2667  0.3077  0.4462  0.3897  0.3897  0.4256  0.4564  0.2359  0.4308  0.2462  0.2923  0.2667  0.4410  0.2923  0.2359  0.4615
Q05WE6           0.6564  0.6410  0.6410  0.6462  0.6359  0.6410  0.6667  0.6564  0.6308  0.6462  0.6615  0.6308  0.6615  0.4205  0.4308  0.3897  0.4564  0.4564  0.4564  0.4718  0.4513  0.4564  0.5744  0.4410  0.5436  0.5744  0.5744  0.4256  0.4769  0.4923  0.5436  0.4359  0.4154  0.4462  0.4872  0.4667  0.4872  0.4410  0.4872  0.4308  0.4513  0.1949  0.2821  0.4308  0.3641  0.3641  0.4205  0.4308  0.1641  0.4103  0.1487  0.2308  0.1949  0.4308  0.2308  0.1641  0.4359  0.2308
Q7VA28           0.6615  0.6205  0.6359  0.6256  0.6359  0.6359  0.6667  0.6359  0.6359  0.6308  0.6821  0.6410  0.6769  0.4410  0.4256  0.4359  0.4615  0.4615  0.4718  0.4410  0.4462  0.4462  0.6051  0.4564  0.5487  0.6103  0.6103  0.4667  0.4821  0.4872  0.5282  0.4359  0.4359  0.4821  0.4564  0.4410  0.4564  0.4205  0.4667  0.4154  0.4667  0.2615  0.2308  0.4154  0.3179  0.3179  0.4154  0.4615  0.2821  0.4359  0.2718  0.2615  0.2564  0.4154  0.2564  0.2872  0.4667  0.3077  0.2872
Q0I7L5           0.6872  0.6359  0.6513  0.6615  0.6667  0.6667  0.6667  0.6410  0.6359  0.6513  0.6769  0.6462  0.6821  0.4462  0.4410  0.4051  0.4821  0.4821  0.4769  0.4667  0.4410  0.4667  0.5692  0.4513  0.5282  0.5641  0.5641  0.4359  0.4821  0.4769  0.5231  0.4513  0.4154  0.4667  0.4667  0.4462  0.4667  0.4359  0.4615  0.4359  0.4564  0.1744  0.2872  0.4308  0.3333  0.3333  0.4154  0.4359  0.1897  0.4256  0.1846  0.2462  0.1744  0.4256  0.2462  0.1897  0.4410  0.2410  0.1795  0.2872
A3Z9C6           0.6718  0.6564  0.6513  0.6667  0.6462  0.6513  0.6667  0.6513  0.6462  0.6462  0.6615  0.6308  0.6769  0.4154  0.4205  0.3949  0.4615  0.4615  0.4564  0.4513  0.4154  0.4462  0.5641  0.4462  0.4974  0.5641  0.5641  0.4205  0.4718  0.4718  0.5128  0.4410  0.4103  0.4615  0.4513  0.4410  0.4462  0.4205  0.4564  0.4256  0.4359  0.1744  0.2718  0.4154  0.3744  0.3744  0.4205  0.4359  0.1949  0.4205  0.1436  0.1949  0.1795  0.4154  0.1949  0.1744  0.4410  0.2308  0.1744  0.2821  0.1897
A2BYL2           0.6718  0.6615  0.7128  0.6564  0.6513  0.6564  0.6718  0.6308  0.6359  0.6513  0.6769  0.6667  0.6615  0.4718  0.4308  0.4462  0.4462  0.4462  0.4769  0.4974  0.4923  0.4667  0.5897  0.4462  0.5179  0.5897  0.5897  0.5128  0.4821  0.5026  0.5231  0.4513  0.4359  0.4769  0.4615  0.4615  0.4769  0.2410  0.4923  0.2256  0.4718  0.4256  0.4000  0.2256  0.3949  0.3949  0.1128  0.4462  0.4154  0.4667  0.4103  0.4410  0.4205  0.2308  0.4410  0.4256  0.4513  0.4359  0.4308  0.4205  0.4256  0.4256
A3YVR4           0.6667  0.6410  0.6513  0.6667  0.6564  0.6615  0.6923  0.6513  0.6667  0.6462  0.6923  0.6462  0.6821  0.4359  0.4359  0.4154  0.4667  0.4667  0.4410  0.4359  0.4410  0.4667  0.5897  0.4513  0.5026  0.5795  0.5795  0.4308  0.4872  0.4923  0.5026  0.4462  0.4359  0.4769  0.4513  0.4462  0.4513  0.4410  0.4667  0.4359  0.4410  0.1897  0.2872  0.4308  0.3744  0.3744  0.4256  0.4308  0.2051  0.4308  0.1846  0.1949  0.1949  0.4308  0.1949  0.2000  0.4359  0.2308  0.1795  0.2718  0.2051  0.2000  0.4308
Q7U8K5           0.6872  0.6564  0.6615  0.6667  0.6462  0.6615  0.6769  0.6615  0.6564  0.6615  0.6718  0.6308  0.6872  0.4205  0.4462  0.3949  0.4615  0.4615  0.4564  0.4667  0.4462  0.4615  0.5692  0.4564  0.5128  0.5744  0.5744  0.4256  0.4821  0.4615  0.5231  0.4359  0.4205  0.4718  0.4667  0.4564  0.4667  0.4205  0.4769  0.4103  0.4513  0.1385  0.2769  0.4205  0.3744  0.3744  0.4051  0.4256  0.1538  0.4256  0.0769  0.2154  0.1436  0.4154  0.2154  0.1590  0.4308  0.2513  0.1641  0.2667  0.1795  0.1692  0.4154  0.1692


TREE #  1:  (((((47, 63), (((44, 38), 40), 54)), (46, 45)), (60, 43)), ((((25, 31), (28, (((18, 17), (34, (29, 24))), (((((((4, 2), 1), (((((5, 6), 12), 11), 7), 3)), (10, 13)), 8), 9), ((26, 27), 23))))), ((((((22, 19), 30), 16), 33), (((50, 14), 15), ((36, 39), (41, (35, 37))))), ((20, 21), 32))), (57, 48)), ((((((65, 51), (42, 53)), (((49, 56), 61), (62, 59))), (52, 55)), 64), 58));   MP score: 2155
lnL(ntime:127  np:128): -10751.180569      +0.000000
  66..67   67..68   68..69   69..70   70..47   70..63   69..71   71..72   72..73   73..44   73..38   72..40   71..54   68..74   74..46   74..45   67..75   75..60   75..43   66..76   76..77   77..78   78..79   79..25   79..31   78..80   80..28   80..81   81..82   82..83   83..18   83..17   82..84   84..34   84..85   85..29   85..24   81..86   86..87   87..88   88..89   89..90   90..91   91..92   92..4    92..2    91..1    90..93   93..94   94..95   95..96   96..97   97..5    97..6    96..12   95..11   94..7    93..3    89..98   98..10   98..13   88..8    87..9    86..99   99..100 100..26  100..27   99..23   77..101 101..102 102..103 103..104 104..105 105..106 106..22  106..19  105..30  104..16  103..33  102..107 107..108 108..109 109..50  109..14  108..15  107..110 110..111 111..36  111..39  110..112 112..41  112..113 113..35  113..37  101..114 114..115 115..20  115..21  114..32   76..116 116..57  116..48   66..117 117..118 118..119 119..120 120..121 121..122 122..65  122..51  121..123 123..42  123..53  120..124 124..125 125..126 126..49  126..56  125..61  124..127 127..62  127..59  119..128 128..52  128..55  118..64  117..58 
 0.016634 0.187541 0.444192 0.109797 0.076114 0.050576 0.119493 0.030311 0.006631 0.021277 0.031181 0.021524 0.020018 0.231708 0.000004 0.000004 0.043244 0.141965 0.199892 0.523218 0.074332 0.016587 0.583073 0.069976 0.075611 0.001420 0.497442 0.051303 0.057569 0.109925 0.000004 0.000004 0.138622 0.038811 0.029790 0.038815 0.082435 0.577301 0.806865 0.008886 0.055008 0.070816 0.000004 0.063001 0.344316 0.328262 0.243167 0.116787 0.106160 0.155632 0.123202 0.112359 0.014522 0.026227 0.116669 0.160495 0.209420 0.411933 0.135758 0.442533 0.419392 0.368301 0.355470 0.719588 0.024922 0.000004 0.000004 0.000004 0.000004 0.000004 0.015085 0.036710 0.056815 0.122314 0.058803 0.136179 0.236396 0.246884 0.270693 0.033057 0.042517 0.043403 0.238240 0.132631 0.215582 0.146257 0.049715 0.068636 0.126530 0.005787 0.140798 0.066352 0.010958 0.026254 0.083098 0.000004 0.250468 0.216433 0.319958 0.424041 0.004771 0.000004 0.106243 0.043409 0.000004 0.065961 0.036950 0.030203 0.058384 0.037026 0.113590 0.007509 0.007612 0.000004 0.010092 0.086847 0.037345 0.048901 0.182380 0.034994 0.120057 0.119916 0.176081 0.000004 0.004998 0.127825 0.241785 0.671558

tree length =  16.18155

(((((47: 0.076114, 63: 0.050576): 0.109797, (((44: 0.021277, 38: 0.031181): 0.006631, 40: 0.021524): 0.030311, 54: 0.020018): 0.119493): 0.444192, (46: 0.000004, 45: 0.000004): 0.231708): 0.187541, (60: 0.141965, 43: 0.199892): 0.043244): 0.016634, ((((25: 0.069976, 31: 0.075611): 0.583073, (28: 0.497442, (((18: 0.000004, 17: 0.000004): 0.109925, (34: 0.038811, (29: 0.038815, 24: 0.082435): 0.029790): 0.138622): 0.057569, (((((((4: 0.344316, 2: 0.328262): 0.063001, 1: 0.243167): 0.000004, (((((5: 0.014522, 6: 0.026227): 0.112359, 12: 0.116669): 0.123202, 11: 0.160495): 0.155632, 7: 0.209420): 0.106160, 3: 0.411933): 0.116787): 0.070816, (10: 0.442533, 13: 0.419392): 0.135758): 0.055008, 8: 0.368301): 0.008886, 9: 0.355470): 0.806865, ((26: 0.000004, 27: 0.000004): 0.024922, 23: 0.000004): 0.719588): 0.577301): 0.051303): 0.001420): 0.016587, ((((((22: 0.058803, 19: 0.136179): 0.122314, 30: 0.236396): 0.056815, 16: 0.246884): 0.036710, 33: 0.270693): 0.015085, (((50: 0.238240, 14: 0.132631): 0.043403, 15: 0.215582): 0.042517, ((36: 0.068636, 39: 0.126530): 0.049715, (41: 0.140798, (35: 0.010958, 37: 0.026254): 0.066352): 0.005787): 0.146257): 0.033057): 0.000004, ((20: 0.250468, 21: 0.216433): 0.000004, 32: 0.319958): 0.083098): 0.000004): 0.074332, (57: 0.004771, 48: 0.000004): 0.424041): 0.523218, ((((((65: 0.058384, 51: 0.037026): 0.030203, (42: 0.007509, 53: 0.007612): 0.113590): 0.036950, (((49: 0.037345, 56: 0.048901): 0.086847, 61: 0.182380): 0.010092, (62: 0.120057, 59: 0.119916): 0.034994): 0.000004): 0.065961, (52: 0.000004, 55: 0.004998): 0.176081): 0.000004, 64: 0.127825): 0.043409, 58: 0.241785): 0.106243);

(((((Q7V005: 0.076114, A2BYL2: 0.050576): 0.109797, (((A3PEX5: 0.021277, A2BT62: 0.031181): 0.006631, A8G6Y7: 0.021524): 0.030311, Q318Q6: 0.020018): 0.119493): 0.444192, (A2C4N3: 0.000004, Q46J21: 0.000004): 0.231708): 0.187541, (Q7VA28: 0.141965, A9BCH7: 0.199892): 0.043244): 0.016634, ((((Q2JR81: 0.069976, Q2JIZ6: 0.075611): 0.583073, (Q7NI17: 0.497442, (((B7JWV0: 0.000004, C7QUR7: 0.000004): 0.109925, (B1WZT8: 0.038811, (A3IJJ4: 0.038815, Q4C3Y0: 0.082435): 0.029790): 0.138622): 0.057569, (((((((Q30RM0: 0.344316, A6Q9M5: 0.328262): 0.063001, A8ETG0: 0.243167): 0.000004, (((((A8FL65: 0.014522, A7H4G8: 0.026227): 0.112359, Q4HHW9: 0.116669): 0.123202, Q4HRP7: 0.160495): 0.155632, B9KFZ7: 0.209420): 0.106160, D1B079: 0.411933): 0.116787): 0.070816, (Q7MQR3: 0.442533, O26093: 0.419392): 0.135758): 0.055008, A6Q327: 0.368301): 0.008886, B9LAD7: 0.355470): 0.806865, ((B7MTN0: 0.000004, P0AFQ7: 0.000004): 0.024922, B7LT38: 0.000004): 0.719588): 0.577301): 0.051303): 0.001420): 0.016587, ((((((B4B2W0: 0.058803, B7KG03: 0.136179): 0.122314, B0JGK5: 0.236396): 0.056815, P73335: 0.246884): 0.036710, B1XHW5: 0.270693): 0.015085, (((A0YLV0: 0.238240, B5VU92: 0.132631): 0.043403, Q110H0: 0.215582): 0.042517, ((B2J197: 0.068636, B9YNQ3: 0.126530): 0.049715, (A0ZH95: 0.140798, (Q3M5D1: 0.010958, Q8YWL2: 0.026254): 0.066352): 0.005787): 0.146257): 0.033057): 0.000004, ((Q8DJN5: 0.250468, B8HTW1: 0.216433): 0.000004, B0C2C9: 0.319958): 0.083098): 0.000004): 0.074332, (Q5MZ24: 0.004771, Q31N18: 0.000004): 0.424041): 0.523218, ((((((Q7U8K5: 0.058384, Q3AHX4: 0.037026): 0.030203, (Q063W1: 0.007509, Q3AZA5: 0.007612): 0.113590): 0.036950, (((A5GNH4: 0.037345, A4CR13: 0.048901): 0.086847, Q0I7L5: 0.182380): 0.010092, (A3Z9C6: 0.120057, Q05WE6: 0.119916): 0.034994): 0.000004): 0.065961, (A2C6S7: 0.000004, Q7V5P0: 0.004998): 0.176081): 0.000004, A3YVR4: 0.127825): 0.043409, A5GVF4: 0.241785): 0.106243);

Detailed output identifying parameters

alpha (gamma, K = 4) =  0.67156
rate:   0.06813  0.34980  0.91385  2.66822
freq:   0.25000  0.25000  0.25000  0.25000

Time used: 19:20
