AAML (in paml version 4.6, August 2012)  234.aa
Model: Empirical_F for branches,  Global clock  (../../../bin/LG.dat) dGamma (ncatG=4) ns =  65  ls = 176


Frequencies..
                                    A      R      N      D      C      Q      E      G      H      I      L      K      M      F      P      S      T      W      Y      V
A8ER54                         0.03977 0.02841 0.06250 0.05114 0.00568 0.02841 0.10227 0.03409 0.02841 0.11932 0.12500 0.14205 0.02841 0.03409 0.02841 0.05682 0.02841 0.00000 0.01705 0.03977
A6Q159                         0.09091 0.04545 0.01705 0.06250 0.00568 0.03977 0.07386 0.03409 0.04545 0.07955 0.09659 0.13636 0.02273 0.04545 0.03409 0.03409 0.02841 0.00568 0.01705 0.08523
Q30NW0                         0.06250 0.06818 0.03409 0.05682 0.00568 0.02273 0.09091 0.05114 0.01705 0.09659 0.09659 0.07955 0.02273 0.05682 0.02273 0.10227 0.02273 0.01136 0.02273 0.05682
A6QCY6                         0.09659 0.06818 0.01136 0.06250 0.00000 0.04545 0.09659 0.03977 0.01705 0.11364 0.08523 0.09091 0.01705 0.03409 0.02273 0.03409 0.06250 0.00000 0.03977 0.06250
B9L767                         0.03977 0.03409 0.05114 0.07386 0.00000 0.03977 0.09659 0.03977 0.00568 0.10227 0.08523 0.14773 0.01705 0.06250 0.02273 0.03977 0.03409 0.00000 0.02841 0.07955
Q7M7Q5                         0.07955 0.07386 0.02273 0.05682 0.00000 0.04545 0.09091 0.05682 0.01705 0.08523 0.12500 0.08523 0.02273 0.03977 0.04545 0.04545 0.02273 0.00000 0.03409 0.05114
O25502                         0.07955 0.05114 0.02841 0.05682 0.00568 0.06250 0.07386 0.05114 0.03977 0.09091 0.13636 0.10227 0.02273 0.04545 0.01136 0.04545 0.02273 0.00568 0.02841 0.03977
Q4HDY2                         0.09091 0.03409 0.05114 0.05114 0.01136 0.03977 0.09091 0.02841 0.01136 0.13636 0.09091 0.11364 0.01136 0.07386 0.02273 0.06250 0.02841 0.00000 0.01705 0.03409
B9KED5                         0.07386 0.03409 0.09659 0.05114 0.00000 0.03409 0.07386 0.02841 0.01136 0.09659 0.14205 0.13068 0.01136 0.07386 0.01705 0.05114 0.01136 0.00000 0.02273 0.03977
D1AYX1                         0.06250 0.06818 0.02841 0.05114 0.00568 0.02841 0.11932 0.04545 0.01136 0.11364 0.09659 0.10227 0.02273 0.04545 0.02841 0.05114 0.02841 0.00000 0.02841 0.06250
A8FNJ0                         0.09091 0.03409 0.05114 0.04545 0.01136 0.02841 0.10227 0.02841 0.01136 0.13068 0.08523 0.12500 0.01705 0.07386 0.01705 0.06250 0.02841 0.00000 0.01705 0.03977
A7H5P4                         0.09659 0.03409 0.05114 0.05114 0.01136 0.02841 0.09659 0.02273 0.01136 0.13068 0.08523 0.13068 0.01705 0.07386 0.01136 0.06818 0.02841 0.00000 0.01705 0.03409
Q4HQB9                         0.08523 0.04545 0.04545 0.05114 0.01136 0.03977 0.09091 0.03409 0.01136 0.09091 0.10227 0.11932 0.03977 0.07955 0.01705 0.06250 0.00568 0.00000 0.02841 0.03977
B7KCM3                         0.07955 0.05682 0.05114 0.06818 0.01136 0.05114 0.07955 0.04545 0.01136 0.08523 0.11364 0.07386 0.00568 0.02841 0.02273 0.05114 0.04545 0.01136 0.03409 0.07386
B1X1Q8                         0.04545 0.06250 0.04545 0.03977 0.01136 0.08523 0.09091 0.03977 0.02841 0.09659 0.10227 0.07386 0.01705 0.01705 0.01705 0.06250 0.05114 0.01136 0.03977 0.06250
B4AUP8                         0.07386 0.05114 0.05114 0.06818 0.02273 0.05682 0.06250 0.04545 0.02273 0.10795 0.12500 0.03409 0.01705 0.02273 0.02841 0.05114 0.05114 0.01136 0.03409 0.06250
A8G247                         0.03409 0.05682 0.06250 0.05114 0.02273 0.03409 0.09659 0.02841 0.01136 0.12500 0.11932 0.13068 0.01136 0.02841 0.02841 0.05114 0.04545 0.01705 0.01705 0.02841
B0JL20                         0.07386 0.06818 0.05682 0.03409 0.01705 0.06250 0.09659 0.05114 0.01705 0.10795 0.10227 0.03977 0.01705 0.02841 0.03409 0.04545 0.03977 0.01136 0.03409 0.06250
B0C989                         0.10227 0.07955 0.03409 0.06818 0.01136 0.07386 0.05114 0.04545 0.01136 0.08523 0.07386 0.03977 0.02841 0.01136 0.03409 0.06250 0.05682 0.01136 0.03409 0.08523
Q4C543                         0.04545 0.06818 0.03977 0.03977 0.01136 0.06250 0.09659 0.03977 0.02273 0.10795 0.10795 0.07386 0.01136 0.02273 0.01705 0.06250 0.07386 0.01136 0.03409 0.05114
A2BU04                         0.02841 0.03977 0.07955 0.04545 0.01705 0.03977 0.07386 0.03409 0.01136 0.14205 0.12500 0.14773 0.01705 0.03409 0.02841 0.05682 0.02841 0.01705 0.01705 0.01705
A5GWL8                         0.13068 0.09659 0.03409 0.06818 0.01136 0.08523 0.07955 0.05682 0.01136 0.03409 0.14773 0.01136 0.02273 0.02273 0.03977 0.03409 0.02273 0.01705 0.00568 0.06818
Q7U3S5                         0.10227 0.10227 0.02841 0.08523 0.02273 0.05682 0.05682 0.07386 0.02273 0.05114 0.11364 0.02841 0.01705 0.02273 0.04545 0.03977 0.02273 0.02273 0.00568 0.07955
A2BNH7                         0.02273 0.05682 0.07386 0.04545 0.01705 0.02841 0.10795 0.02841 0.01705 0.14205 0.10795 0.11364 0.01136 0.04545 0.02841 0.05114 0.05114 0.01705 0.01705 0.01705
B8HTM8                         0.12500 0.07386 0.02841 0.04545 0.00568 0.10227 0.05114 0.04545 0.00568 0.06818 0.11364 0.01705 0.02273 0.01705 0.05682 0.03977 0.05682 0.01705 0.02273 0.08523
Q31DD4                         0.02841 0.05682 0.07386 0.05682 0.01705 0.02841 0.09091 0.02841 0.01136 0.14205 0.11364 0.11364 0.01136 0.03409 0.02841 0.05682 0.05114 0.01705 0.01705 0.02273
A3PAA0                         0.02841 0.05114 0.06818 0.05114 0.01705 0.02841 0.09659 0.02841 0.01705 0.13068 0.11364 0.12500 0.01136 0.04545 0.02273 0.05682 0.05114 0.01705 0.01705 0.02273
Q119J3                         0.04545 0.05114 0.03977 0.06250 0.01136 0.08523 0.06250 0.05114 0.01136 0.07955 0.10227 0.06818 0.02273 0.02841 0.02841 0.05114 0.05682 0.01705 0.04545 0.07955
Q7NIP9                         0.13068 0.09091 0.00568 0.06818 0.01136 0.03977 0.06818 0.07386 0.02841 0.07955 0.09091 0.02841 0.02273 0.01705 0.04545 0.04545 0.03977 0.02273 0.00568 0.08523
Q2JWS5                         0.15341 0.10795 0.01136 0.03409 0.01136 0.07386 0.08523 0.05682 0.02841 0.05682 0.11932 0.01705 0.02273 0.02273 0.03409 0.03409 0.03977 0.01705 0.00568 0.06818
A3YU76                         0.12500 0.11364 0.00568 0.04545 0.01136 0.05114 0.10795 0.07955 0.01136 0.03409 0.14773 0.01705 0.02273 0.01705 0.03977 0.05682 0.01136 0.01705 0.00568 0.07955
Q3MGH8                         0.09091 0.05682 0.03977 0.05114 0.00568 0.05682 0.06250 0.04545 0.02841 0.10227 0.13636 0.03409 0.01705 0.01705 0.02841 0.07955 0.04545 0.01136 0.02273 0.06818
Q55515                         0.10795 0.05682 0.02273 0.03977 0.01136 0.09659 0.07386 0.06250 0.00568 0.07386 0.11932 0.03409 0.01136 0.02273 0.03977 0.04545 0.05682 0.01705 0.02273 0.07955
Q2JLX1                         0.13068 0.09659 0.01136 0.05114 0.01136 0.07955 0.08523 0.06250 0.01705 0.05682 0.10795 0.01705 0.02273 0.02273 0.03977 0.04545 0.03977 0.01705 0.00568 0.07955
Q8YW62                         0.09659 0.06250 0.04545 0.05682 0.00568 0.06250 0.05114 0.03977 0.02273 0.09659 0.13068 0.03409 0.02273 0.01705 0.02841 0.07386 0.04545 0.01136 0.02273 0.07386
B1XMH1                         0.12500 0.06818 0.02273 0.05682 0.01136 0.10227 0.04545 0.03409 0.01705 0.07955 0.11932 0.01705 0.01136 0.02273 0.04545 0.02841 0.09091 0.01136 0.02841 0.06250
Q05VF7                         0.12500 0.07386 0.02841 0.06250 0.01136 0.06818 0.06250 0.08523 0.01705 0.06818 0.12500 0.03409 0.01136 0.02273 0.04545 0.03409 0.02273 0.02273 0.01705 0.06250
B7K3W9                         0.04545 0.05682 0.05682 0.03977 0.00568 0.08523 0.07955 0.03409 0.01136 0.09091 0.10795 0.05682 0.00568 0.03409 0.02841 0.05682 0.06818 0.01136 0.04545 0.07955
C7QMW1                         0.04545 0.05114 0.05114 0.04545 0.00568 0.08523 0.07955 0.03409 0.01136 0.09659 0.10795 0.05682 0.00568 0.03409 0.02841 0.06250 0.06250 0.01136 0.04545 0.07955
Q7V3M6                         0.04545 0.03409 0.06818 0.05114 0.01705 0.03977 0.06250 0.03409 0.01136 0.13636 0.11364 0.16477 0.01705 0.03409 0.02841 0.04545 0.02273 0.01705 0.01705 0.03977
Q0I6J7                         0.07955 0.08523 0.03977 0.04545 0.01136 0.06818 0.09091 0.06818 0.01136 0.04545 0.11932 0.02273 0.02273 0.02841 0.05114 0.05114 0.03409 0.02841 0.02273 0.07386
B2J2U1                         0.08523 0.07386 0.05114 0.05682 0.01136 0.07386 0.05682 0.05114 0.01136 0.09091 0.12500 0.03977 0.01136 0.01705 0.01705 0.05682 0.05682 0.01136 0.02273 0.07955
A0ZEG4                         0.10795 0.06250 0.03977 0.03409 0.00568 0.07386 0.06250 0.03409 0.01705 0.08523 0.11932 0.02841 0.01136 0.02841 0.02841 0.08523 0.05682 0.01136 0.02841 0.07955
A4CY03                         0.09659 0.09091 0.02273 0.05682 0.01705 0.07955 0.07386 0.06818 0.01705 0.05114 0.13068 0.01136 0.01136 0.01136 0.04545 0.06250 0.02273 0.02841 0.02273 0.07955
A3Z3E7                         0.11364 0.11364 0.01705 0.05682 0.01705 0.05682 0.07955 0.06818 0.02273 0.06250 0.11932 0.01136 0.01705 0.02273 0.03977 0.03977 0.02841 0.02273 0.00000 0.09091
A3IVT7                         0.03977 0.06250 0.05682 0.05114 0.01136 0.08523 0.08523 0.04545 0.01136 0.10795 0.08523 0.07386 0.00568 0.02273 0.01705 0.05682 0.06250 0.01136 0.04545 0.06250
Q5N2P0                         0.11364 0.10227 0.00568 0.09091 0.01705 0.10227 0.05114 0.04545 0.01705 0.08523 0.09091 0.01705 0.00568 0.02841 0.04545 0.02841 0.03977 0.01705 0.02273 0.07386
Q31RL4                         0.11364 0.10227 0.00568 0.09091 0.01705 0.10227 0.05114 0.04545 0.01705 0.08523 0.09091 0.01705 0.00568 0.02841 0.04545 0.02841 0.03977 0.01705 0.02273 0.07386
Q7V435                         0.11932 0.07955 0.00568 0.07386 0.02273 0.06250 0.03977 0.05682 0.01136 0.08523 0.12500 0.02841 0.01705 0.01705 0.04545 0.08523 0.01705 0.02273 0.01705 0.06818
A0YW52                         0.05682 0.06250 0.02841 0.05682 0.01705 0.10795 0.06250 0.03409 0.01136 0.07955 0.09659 0.02841 0.02273 0.02273 0.04545 0.07955 0.06818 0.02273 0.02273 0.07386
B9YIB9                         0.09659 0.05114 0.06818 0.04545 0.01136 0.06250 0.07386 0.03409 0.01705 0.09659 0.11932 0.02273 0.01136 0.01705 0.03977 0.07955 0.03977 0.01136 0.02841 0.07386
A5GPE5                         0.11932 0.08523 0.01705 0.05682 0.01705 0.07955 0.06250 0.06818 0.01136 0.04545 0.13636 0.01705 0.01136 0.01136 0.03977 0.06818 0.03409 0.02841 0.01705 0.07386
B7MNW0                         0.13068 0.06818 0.05114 0.06818 0.00000 0.06818 0.05682 0.04545 0.03409 0.07386 0.09659 0.02273 0.01136 0.01705 0.03977 0.03409 0.05114 0.01136 0.01705 0.10227
P0A6I9                         0.13068 0.06818 0.05114 0.06818 0.00000 0.06818 0.05682 0.04545 0.03409 0.07386 0.09659 0.02273 0.01136 0.01705 0.03977 0.03409 0.05114 0.01136 0.01705 0.10227
Q3AVV9                         0.13068 0.09659 0.03409 0.08523 0.02273 0.04545 0.06250 0.04545 0.01136 0.07955 0.10795 0.02841 0.01705 0.01705 0.03409 0.04545 0.03409 0.01705 0.01136 0.07386
B7LWQ5                         0.11932 0.07955 0.03977 0.06250 0.00568 0.05114 0.06250 0.04545 0.03409 0.07955 0.09659 0.03977 0.01136 0.01705 0.03409 0.03409 0.06250 0.01136 0.01705 0.09659
Q46I08                         0.06250 0.05114 0.06250 0.05114 0.01705 0.05114 0.07386 0.04545 0.01705 0.12500 0.10795 0.10227 0.01136 0.03409 0.02273 0.06250 0.02273 0.02841 0.02841 0.02273
Q8DKG1                         0.12500 0.07955 0.00568 0.05114 0.00568 0.09659 0.06818 0.06818 0.02273 0.05114 0.11932 0.01136 0.02273 0.01705 0.04545 0.02841 0.03977 0.01705 0.02273 0.10227
A9B9F0                         0.05114 0.09091 0.06250 0.05114 0.00568 0.02841 0.07386 0.06250 0.01136 0.11364 0.14773 0.06818 0.01136 0.02841 0.03409 0.05682 0.04545 0.01705 0.01136 0.02841
Q7VEG0                         0.05114 0.05682 0.05682 0.05114 0.01136 0.02841 0.10227 0.04545 0.01705 0.12500 0.12500 0.06818 0.01705 0.02841 0.02841 0.06250 0.05114 0.01136 0.03977 0.02273
Q3AGR0                         0.13068 0.09091 0.01705 0.05682 0.01136 0.07386 0.05682 0.07955 0.03409 0.05682 0.12500 0.01705 0.01705 0.02273 0.05682 0.05114 0.01136 0.02841 0.00568 0.05682
A2CDJ4                         0.11364 0.07386 0.01705 0.06818 0.02273 0.06250 0.06250 0.05682 0.01705 0.07955 0.12500 0.02273 0.01705 0.01705 0.03977 0.06250 0.02273 0.01705 0.01705 0.08523
Q061R1                         0.13068 0.08523 0.04545 0.07955 0.01705 0.04545 0.05114 0.05682 0.00568 0.08523 0.11932 0.02841 0.01705 0.01705 0.03977 0.03977 0.03977 0.01705 0.01705 0.06250
A2BZG7                         0.06250 0.05114 0.05682 0.05114 0.01705 0.05114 0.07386 0.04545 0.02273 0.13068 0.10227 0.10227 0.01136 0.03409 0.01705 0.06250 0.02841 0.02841 0.02841 0.02273
B5VZ11                         0.06818 0.07386 0.03977 0.05682 0.01705 0.06818 0.05114 0.05114 0.02273 0.07955 0.10795 0.03409 0.01705 0.02273 0.04545 0.06818 0.06818 0.01705 0.03409 0.05682

Homogeneity statistic: X2 = 9.58606 G = 9.92391 

Average                        0.08654 0.06766 0.03977 0.05647 0.01154 0.05997 0.07535 0.04755 0.01757 0.09135 0.11224 0.06145 0.01626 0.03042 0.03278 0.05323 0.04047 0.01390 0.02273 0.06276

# constant sites:     15 (8.52%)
ln Lmax (unconstrained) = -905.846300

AA distances (raw proportions of different sites)

A8ER54         
A6Q159           0.3977
Q30NW0           0.4659  0.4375
A6QCY6           0.4830  0.4375  0.4943
B9L767           0.4830  0.4943  0.5682  0.6080
Q7M7Q5           0.5170  0.5284  0.5114  0.4943  0.5795
O25502           0.5227  0.5227  0.5795  0.5284  0.5511  0.5114
Q4HDY2           0.5455  0.5966  0.5909  0.5739  0.6023  0.5852  0.6023
B9KED5           0.5284  0.5682  0.6307  0.5852  0.5909  0.6136  0.5341  0.4148
D1AYX1           0.5341  0.5057  0.5284  0.4773  0.5284  0.5511  0.5966  0.5909  0.5966
A8FNJ0           0.5455  0.5909  0.5966  0.5795  0.5795  0.6023  0.6023  0.0568  0.4034  0.5909
A7H5P4           0.5568  0.5966  0.6080  0.5739  0.5795  0.5966  0.6023  0.0795  0.3977  0.5909  0.0341
Q4HQB9           0.6193  0.6420  0.6136  0.6250  0.6534  0.6420  0.6364  0.4205  0.3864  0.5966  0.4205  0.4091
B7KCM3           0.6023  0.6307  0.6591  0.6534  0.6250  0.6648  0.6023  0.6875  0.6989  0.6250  0.6761  0.6591  0.7273
B1X1Q8           0.6023  0.6193  0.5966  0.6364  0.6307  0.6534  0.6250  0.6818  0.6761  0.6420  0.6591  0.6477  0.6875  0.3523
B4AUP8           0.6193  0.6193  0.6534  0.6477  0.6307  0.6761  0.6023  0.7159  0.7102  0.6477  0.6989  0.6932  0.7386  0.2159  0.3636
A8G247           0.6080  0.6591  0.6818  0.6932  0.6648  0.7102  0.6307  0.7159  0.6761  0.6477  0.7159  0.7159  0.7386  0.5341  0.5511  0.5625
B0JL20           0.6193  0.6420  0.6534  0.6705  0.6705  0.6932  0.6591  0.7386  0.7159  0.6534  0.7216  0.7216  0.7330  0.3352  0.3750  0.3352  0.5852
B0C989           0.6364  0.6080  0.6477  0.6534  0.6705  0.6761  0.6307  0.7273  0.6875  0.6818  0.7273  0.7216  0.7273  0.4375  0.4659  0.4375  0.6193  0.3920
Q4C543           0.6364  0.6193  0.6250  0.6534  0.6250  0.6705  0.6250  0.6932  0.6818  0.6307  0.6818  0.6761  0.7045  0.3750  0.2159  0.3977  0.5795  0.3466  0.4716
A2BU04           0.5852  0.5966  0.6648  0.6761  0.6307  0.6875  0.6307  0.7386  0.6591  0.6250  0.7273  0.7216  0.7386  0.5568  0.5909  0.5568  0.3409  0.5795  0.5966  0.6023
A5GWL8           0.6420  0.6080  0.6648  0.6477  0.6875  0.6250  0.6080  0.7102  0.6932  0.6420  0.6989  0.7045  0.7216  0.5398  0.5341  0.5057  0.6250  0.5114  0.5227  0.5227  0.6136
Q7U3S5           0.6477  0.6250  0.6420  0.6080  0.6761  0.6193  0.5909  0.7045  0.6932  0.6477  0.7159  0.7159  0.6989  0.5568  0.5511  0.5455  0.6136  0.5455  0.5284  0.5398  0.6364  0.3977
A2BNH7           0.6023  0.6761  0.6932  0.7045  0.6761  0.7045  0.6420  0.7216  0.6818  0.6761  0.7273  0.7273  0.7330  0.5568  0.5341  0.5795  0.1136  0.5966  0.6136  0.5739  0.3352  0.6250  0.6136
B8HTM8           0.6420  0.6250  0.6420  0.6477  0.6818  0.6364  0.6307  0.7216  0.7273  0.6648  0.7216  0.7216  0.7386  0.4205  0.4432  0.4091  0.6307  0.4034  0.4489  0.4091  0.6136  0.5057  0.5057  0.6193
Q31DD4           0.6080  0.6705  0.6875  0.7045  0.6591  0.7102  0.6364  0.7159  0.6818  0.6648  0.7159  0.7159  0.7500  0.5341  0.5341  0.5625  0.1193  0.5852  0.6023  0.5852  0.3125  0.6307  0.6136  0.1023  0.6193
A3PAA0           0.5966  0.6648  0.6875  0.6989  0.6705  0.7102  0.6250  0.7273  0.6818  0.6875  0.7330  0.7216  0.7443  0.5511  0.5227  0.5795  0.1250  0.5966  0.6080  0.5625  0.3409  0.6250  0.6080  0.0398  0.6136  0.1136
Q119J3           0.6193  0.6080  0.6705  0.6705  0.6193  0.6420  0.6307  0.7443  0.6989  0.6591  0.7330  0.7273  0.7557  0.4148  0.4659  0.4318  0.5909  0.4205  0.4375  0.4375  0.6023  0.5852  0.5852  0.5909  0.4205  0.5966  0.5909
Q7NIP9           0.6591  0.6364  0.6250  0.6648  0.6875  0.6420  0.6307  0.7273  0.7500  0.6705  0.7216  0.7273  0.7443  0.4773  0.5114  0.4716  0.6080  0.4773  0.4886  0.4773  0.6193  0.5284  0.5000  0.6307  0.4545  0.6080  0.6250  0.5284
Q2JWS5           0.6534  0.5909  0.6477  0.6193  0.6705  0.6307  0.5909  0.7159  0.7102  0.6648  0.7102  0.7045  0.7614  0.5114  0.5227  0.5000  0.6364  0.4716  0.4489  0.4943  0.6250  0.4489  0.4545  0.6477  0.4545  0.6307  0.6364  0.5398  0.4091
A3YU76           0.6364  0.5909  0.6193  0.6477  0.6420  0.6307  0.6080  0.7102  0.6761  0.6193  0.7045  0.7159  0.6932  0.5227  0.5114  0.5114  0.5966  0.5114  0.5114  0.5057  0.5795  0.2955  0.3580  0.5909  0.5057  0.5909  0.5795  0.5568  0.4659  0.4261
Q3MGH8           0.6648  0.6307  0.6591  0.6818  0.6932  0.6989  0.5966  0.7386  0.7159  0.6761  0.7330  0.7216  0.7670  0.3864  0.3977  0.3636  0.5909  0.3864  0.4091  0.3920  0.6136  0.5000  0.5398  0.6193  0.3920  0.6250  0.6080  0.4148  0.4943  0.4773  0.5284
Q55515           0.6591  0.6250  0.6420  0.6818  0.6705  0.6818  0.6136  0.7273  0.7273  0.6761  0.7273  0.7216  0.7500  0.4091  0.4318  0.3864  0.5909  0.3636  0.4659  0.4205  0.6023  0.4773  0.5000  0.6023  0.3807  0.5909  0.6023  0.4602  0.4602  0.4432  0.5000  0.4318
Q2JLX1           0.6591  0.6080  0.6420  0.6193  0.6818  0.6250  0.6023  0.7273  0.7273  0.6648  0.7273  0.7216  0.7557  0.5000  0.5114  0.4943  0.6420  0.4773  0.4602  0.5057  0.6420  0.4489  0.4659  0.6591  0.4489  0.6534  0.6420  0.5284  0.4148  0.1364  0.4545  0.4773  0.4318
Q8YW62           0.6761  0.6364  0.6648  0.6932  0.7045  0.7102  0.6136  0.7500  0.7330  0.6932  0.7443  0.7330  0.7784  0.4091  0.4205  0.3807  0.5909  0.4034  0.4261  0.4148  0.6193  0.5114  0.5455  0.6193  0.4034  0.6250  0.6080  0.4318  0.5000  0.4943  0.5455  0.0398  0.4432  0.4943
B1XMH1           0.6705  0.6193  0.6420  0.6989  0.6648  0.6818  0.6364  0.7330  0.7216  0.6818  0.7216  0.7159  0.7670  0.4148  0.4261  0.4034  0.5966  0.3750  0.4034  0.4091  0.6080  0.4886  0.4943  0.5909  0.4205  0.5966  0.5852  0.4375  0.4375  0.4318  0.4943  0.3864  0.3466  0.4432  0.4034
Q05VF7           0.6477  0.6193  0.6591  0.6307  0.6648  0.6534  0.6136  0.6932  0.7045  0.6477  0.6761  0.6818  0.7386  0.4602  0.5114  0.4602  0.6136  0.4886  0.5114  0.5170  0.5909  0.3864  0.4091  0.6023  0.5227  0.6080  0.5966  0.5455  0.4830  0.4830  0.3807  0.5284  0.4489  0.4943  0.5455  0.4318
B7K3W9           0.6364  0.6193  0.6080  0.6534  0.6648  0.6705  0.6193  0.7216  0.6818  0.6932  0.7102  0.6989  0.7386  0.3580  0.3295  0.3580  0.5455  0.3125  0.4261  0.3466  0.5625  0.5284  0.5568  0.5625  0.4148  0.5625  0.5511  0.3920  0.5057  0.5000  0.5227  0.3750  0.3693  0.4830  0.3977  0.3466  0.5114
C7QMW1           0.6420  0.6193  0.6080  0.6420  0.6534  0.6648  0.6136  0.7216  0.6761  0.6818  0.7102  0.6989  0.7386  0.3636  0.3352  0.3636  0.5455  0.3182  0.4205  0.3523  0.5568  0.5341  0.5511  0.5625  0.4148  0.5625  0.5511  0.3864  0.5000  0.4943  0.5170  0.3807  0.3750  0.4773  0.4034  0.3409  0.5114  0.0170
Q7V3M6           0.6250  0.6364  0.6534  0.6875  0.6648  0.6818  0.6705  0.7273  0.6818  0.6250  0.7216  0.7159  0.7330  0.5682  0.5739  0.5739  0.3523  0.6136  0.6023  0.6023  0.1989  0.6307  0.6250  0.3466  0.6023  0.3295  0.3352  0.6364  0.6420  0.6477  0.5966  0.5966  0.5966  0.6591  0.6023  0.6193  0.6307  0.5682  0.5739
Q0I6J7           0.6705  0.6250  0.6648  0.6250  0.7045  0.6477  0.6477  0.7330  0.6989  0.6591  0.7273  0.7273  0.7159  0.5398  0.5341  0.5455  0.6250  0.5000  0.5341  0.5057  0.6136  0.4205  0.4205  0.6193  0.5227  0.6364  0.6250  0.5625  0.5057  0.4602  0.3977  0.5398  0.5000  0.4432  0.5625  0.4943  0.4034  0.5170  0.5114  0.6364
B2J2U1           0.6818  0.6250  0.6420  0.6761  0.6705  0.7102  0.6080  0.7216  0.6932  0.6534  0.7102  0.7045  0.7557  0.3636  0.3920  0.3636  0.5284  0.3864  0.4091  0.4148  0.5568  0.5341  0.5398  0.5511  0.3864  0.5398  0.5398  0.4091  0.4830  0.5057  0.5227  0.2330  0.3977  0.5000  0.2443  0.3580  0.4943  0.3580  0.3580  0.5739  0.5568
A0ZEG4           0.6705  0.6534  0.6250  0.6875  0.7045  0.6989  0.6477  0.7614  0.7330  0.7045  0.7670  0.7557  0.7898  0.4261  0.4318  0.4091  0.5795  0.4091  0.4261  0.4205  0.6023  0.5625  0.5341  0.5909  0.3750  0.5966  0.5852  0.4261  0.4773  0.4602  0.5568  0.2216  0.4148  0.4716  0.2386  0.3807  0.5398  0.4091  0.4091  0.5966  0.5455  0.2386
A4CY03           0.6761  0.6307  0.6307  0.6648  0.7102  0.6875  0.6364  0.7330  0.7273  0.6591  0.7330  0.7386  0.7443  0.5284  0.5057  0.5284  0.6023  0.4886  0.5227  0.5114  0.5966  0.3977  0.4091  0.6023  0.5227  0.6023  0.5909  0.5625  0.4773  0.4602  0.3523  0.4943  0.4830  0.4602  0.5000  0.4716  0.3864  0.4773  0.4716  0.5966  0.3750  0.5114  0.5284
A3Z3E7           0.6818  0.6250  0.6534  0.6420  0.7045  0.6648  0.6250  0.7443  0.7045  0.6534  0.7330  0.7273  0.7330  0.5057  0.5511  0.5341  0.6193  0.4943  0.5227  0.5057  0.6307  0.4261  0.3864  0.6307  0.4943  0.6193  0.6193  0.5398  0.4716  0.4830  0.3807  0.5284  0.4943  0.4716  0.5455  0.4943  0.4261  0.4943  0.4886  0.6250  0.4091  0.5341  0.5455  0.3636
A3IVT7           0.6307  0.6250  0.6023  0.6591  0.6193  0.6591  0.6193  0.6875  0.6989  0.6250  0.6818  0.6761  0.6989  0.3807  0.1705  0.3977  0.5568  0.3864  0.4716  0.2386  0.5852  0.5284  0.5455  0.5568  0.4261  0.5625  0.5455  0.4886  0.5057  0.5284  0.5170  0.4205  0.4205  0.5057  0.4318  0.4091  0.5114  0.3352  0.3409  0.5739  0.5341  0.3693  0.4205  0.5170  0.5398
Q5N2P0           0.6648  0.6136  0.6477  0.6307  0.6648  0.6477  0.6136  0.7045  0.7216  0.6420  0.7045  0.7102  0.7273  0.4318  0.4943  0.4545  0.6136  0.4432  0.4489  0.5000  0.5966  0.5170  0.4943  0.6080  0.4148  0.6080  0.6080  0.4886  0.5000  0.4659  0.4602  0.4943  0.4489  0.4716  0.5114  0.4375  0.4659  0.4432  0.4375  0.6250  0.5000  0.4659  0.4716  0.4886  0.4773  0.4773
Q31RL4           0.6648  0.6136  0.6477  0.6307  0.6648  0.6477  0.6136  0.7045  0.7216  0.6420  0.7045  0.7102  0.7273  0.4318  0.4943  0.4545  0.6136  0.4432  0.4489  0.5000  0.5966  0.5170  0.4943  0.6080  0.4148  0.6080  0.6080  0.4886  0.5000  0.4659  0.4602  0.4943  0.4489  0.4716  0.5114  0.4375  0.4659  0.4432  0.4375  0.6250  0.5000  0.4659  0.4716  0.4886  0.4773  0.4773  0.0000
Q7V435           0.6761  0.6477  0.6875  0.6591  0.7102  0.7216  0.6534  0.7443  0.7273  0.6761  0.7557  0.7557  0.7102  0.5170  0.5739  0.5227  0.6250  0.5057  0.5227  0.5284  0.6136  0.4318  0.4205  0.6193  0.4943  0.6136  0.6080  0.5852  0.5341  0.4943  0.3693  0.5057  0.4943  0.5170  0.5170  0.5341  0.4034  0.5227  0.5170  0.6193  0.4375  0.5227  0.5227  0.3750  0.4318  0.5568  0.4886  0.4886
A0YW52           0.6648  0.6591  0.6648  0.6875  0.6989  0.6705  0.6591  0.7216  0.7386  0.6591  0.7216  0.7045  0.7273  0.3920  0.4318  0.4148  0.5909  0.4318  0.4716  0.4205  0.5966  0.5852  0.5625  0.5966  0.3864  0.6023  0.5852  0.3409  0.4830  0.5057  0.5398  0.3977  0.4375  0.5057  0.4034  0.3864  0.5398  0.3920  0.3920  0.5909  0.5625  0.3636  0.3750  0.5398  0.5455  0.4034  0.4659  0.4659  0.5398
B9YIB9           0.6761  0.6420  0.6477  0.6761  0.6932  0.6648  0.6193  0.7102  0.7045  0.6989  0.7102  0.6932  0.7557  0.3693  0.4091  0.3750  0.5795  0.3977  0.4375  0.4205  0.5852  0.5739  0.5511  0.5909  0.4205  0.6023  0.5852  0.4716  0.5170  0.5114  0.5398  0.3466  0.4432  0.5227  0.3636  0.4261  0.5227  0.3807  0.3807  0.5739  0.5398  0.3295  0.3182  0.5170  0.5000  0.4205  0.4489  0.4489  0.5455  0.4261
A5GPE5           0.6932  0.6420  0.6477  0.6818  0.7102  0.6932  0.6420  0.7443  0.7330  0.6705  0.7386  0.7443  0.7500  0.5511  0.5170  0.5398  0.6136  0.5000  0.5170  0.5284  0.6136  0.4034  0.4261  0.6136  0.5284  0.6193  0.6023  0.5852  0.5114  0.4773  0.3636  0.5057  0.5057  0.4773  0.5170  0.4830  0.3920  0.5000  0.4943  0.6023  0.4148  0.5170  0.5227  0.1364  0.3920  0.5227  0.4716  0.4716  0.3807  0.5568  0.5227
B7MNW0           0.6591  0.6591  0.6818  0.6364  0.6648  0.6477  0.6648  0.7159  0.7330  0.6705  0.7045  0.7045  0.7500  0.6420  0.6591  0.6136  0.6818  0.6023  0.6477  0.6591  0.6875  0.6477  0.6193  0.7045  0.6136  0.6989  0.6989  0.6989  0.6534  0.6364  0.6250  0.6250  0.6477  0.6364  0.6250  0.6705  0.6705  0.6648  0.6705  0.6989  0.6648  0.6477  0.6420  0.6080  0.6250  0.6591  0.6193  0.6193  0.6534  0.6989  0.6477  0.6136
P0A6I9           0.6591  0.6591  0.6818  0.6364  0.6648  0.6477  0.6648  0.7159  0.7330  0.6705  0.7045  0.7045  0.7500  0.6420  0.6591  0.6136  0.6818  0.6023  0.6477  0.6591  0.6875  0.6477  0.6193  0.7045  0.6136  0.6989  0.6989  0.6989  0.6534  0.6364  0.6250  0.6250  0.6477  0.6364  0.6250  0.6705  0.6705  0.6648  0.6705  0.6989  0.6648  0.6477  0.6420  0.6080  0.6250  0.6591  0.6193  0.6193  0.6534  0.6989  0.6477  0.6136  0.0000
Q3AVV9           0.6818  0.6420  0.6705  0.6534  0.6705  0.6420  0.6307  0.7614  0.6932  0.6193  0.7443  0.7443  0.7443  0.5455  0.5511  0.5455  0.6307  0.5170  0.5114  0.5227  0.6080  0.4091  0.4034  0.6250  0.5170  0.6307  0.6250  0.5682  0.5341  0.4716  0.3977  0.5511  0.4943  0.4716  0.5625  0.4830  0.4261  0.5341  0.5284  0.6023  0.3920  0.5455  0.5455  0.4318  0.4034  0.5398  0.4830  0.4830  0.4489  0.5795  0.5170  0.4432  0.6648  0.6648
B7LWQ5           0.6534  0.6761  0.6818  0.6420  0.6591  0.6477  0.6875  0.7273  0.7500  0.6875  0.7159  0.7216  0.7670  0.6705  0.6875  0.6364  0.6818  0.6307  0.6534  0.6875  0.6875  0.6648  0.6477  0.7102  0.6307  0.7045  0.7102  0.6705  0.6648  0.6534  0.6364  0.6420  0.6648  0.6364  0.6420  0.6818  0.6875  0.6648  0.6648  0.7102  0.6648  0.6705  0.6705  0.6364  0.6477  0.6932  0.6420  0.6420  0.6761  0.6932  0.6705  0.6534  0.1307  0.1307  0.6591
Q46I08           0.6591  0.6591  0.6932  0.7102  0.6534  0.6932  0.6591  0.6875  0.6932  0.6705  0.6875  0.6875  0.7330  0.5795  0.5852  0.5852  0.5909  0.6023  0.6080  0.5682  0.5739  0.5398  0.5682  0.5795  0.6307  0.5852  0.5795  0.6080  0.6250  0.6080  0.5284  0.5966  0.5739  0.6136  0.6193  0.5341  0.5057  0.5568  0.5625  0.5739  0.5227  0.6080  0.6193  0.5568  0.5795  0.5852  0.5852  0.5852  0.5341  0.6136  0.5739  0.5625  0.7500  0.7500  0.5227  0.7443
Q8DKG1           0.6989  0.6364  0.6761  0.6875  0.6705  0.6591  0.6591  0.6932  0.7045  0.7159  0.6818  0.6875  0.7386  0.5114  0.5398  0.5284  0.6648  0.5227  0.5057  0.5511  0.6875  0.5795  0.5398  0.6591  0.4489  0.6477  0.6648  0.5398  0.4943  0.4375  0.5170  0.5114  0.4943  0.4659  0.5341  0.4545  0.5625  0.5170  0.5170  0.6761  0.5568  0.5227  0.4716  0.5568  0.5625  0.5568  0.4261  0.4261  0.5625  0.5341  0.5000  0.5455  0.6193  0.6193  0.5341  0.6420  0.6364
A9B9F0           0.6818  0.6364  0.6648  0.6761  0.6534  0.6591  0.6648  0.7045  0.7102  0.6534  0.6989  0.6875  0.7159  0.5455  0.5682  0.5227  0.6080  0.5398  0.5398  0.5739  0.5455  0.4943  0.4830  0.5739  0.5455  0.5852  0.5795  0.5739  0.5511  0.5398  0.4659  0.5455  0.5398  0.5511  0.5568  0.5398  0.4659  0.5341  0.5284  0.5852  0.5000  0.5284  0.5625  0.4886  0.4943  0.5511  0.5455  0.5455  0.4659  0.5682  0.5227  0.5000  0.6818  0.6818  0.4943  0.6705  0.5114  0.5511
Q7VEG0           0.6761  0.6307  0.6818  0.6705  0.6875  0.6875  0.6193  0.7045  0.6875  0.6591  0.6989  0.6989  0.7159  0.5341  0.5625  0.5284  0.5398  0.5739  0.5909  0.5511  0.5455  0.5455  0.5568  0.5284  0.6136  0.5511  0.5170  0.5682  0.6023  0.6023  0.4943  0.5511  0.5852  0.6136  0.5568  0.5682  0.4943  0.5284  0.5227  0.5795  0.5227  0.5455  0.5682  0.5114  0.5170  0.5739  0.5852  0.5852  0.5057  0.5568  0.5284  0.5455  0.7045  0.7045  0.5455  0.7159  0.4943  0.6193  0.4602
Q3AGR0           0.7045  0.6534  0.6761  0.6761  0.7045  0.6591  0.6364  0.7273  0.6932  0.6761  0.7273  0.7273  0.7273  0.5398  0.5682  0.5455  0.5966  0.5227  0.5227  0.5398  0.6250  0.3523  0.3750  0.5852  0.4773  0.5966  0.5795  0.5682  0.4659  0.4545  0.3352  0.5341  0.5057  0.4659  0.5455  0.4830  0.3580  0.5455  0.5398  0.6250  0.3750  0.5398  0.5227  0.3750  0.3466  0.5568  0.4886  0.4886  0.3750  0.5682  0.5341  0.3750  0.6705  0.6705  0.3977  0.6932  0.5227  0.5341  0.4375  0.4943
A2CDJ4           0.6705  0.6364  0.6818  0.6477  0.7045  0.7045  0.6534  0.7443  0.7330  0.6591  0.7557  0.7557  0.6989  0.5000  0.5284  0.5170  0.6193  0.5000  0.5114  0.4830  0.6136  0.4261  0.4091  0.6193  0.5057  0.6193  0.6136  0.5739  0.5057  0.4886  0.3580  0.5000  0.4830  0.5057  0.5170  0.5170  0.4261  0.5170  0.5114  0.6250  0.4432  0.5057  0.4943  0.3864  0.4375  0.5284  0.4773  0.4773  0.1364  0.5057  0.5227  0.4034  0.6591  0.6591  0.4489  0.6648  0.5341  0.5568  0.4659  0.5057  0.4091
Q061R1           0.6932  0.6420  0.6761  0.6705  0.6705  0.6534  0.6591  0.7614  0.6989  0.6477  0.7443  0.7443  0.7330  0.5511  0.5625  0.5455  0.6364  0.5227  0.5000  0.5284  0.5966  0.4034  0.4205  0.6250  0.5000  0.6364  0.6193  0.5739  0.5227  0.4830  0.3920  0.5455  0.5000  0.4943  0.5568  0.5057  0.4318  0.5398  0.5341  0.6023  0.3864  0.5511  0.5455  0.4261  0.4148  0.5511  0.4943  0.4943  0.4432  0.5852  0.5170  0.4375  0.6591  0.6591  0.1193  0.6591  0.5284  0.5398  0.4716  0.5455  0.3864  0.4545
A2BZG7           0.6705  0.6648  0.6932  0.7102  0.6591  0.6989  0.6591  0.6989  0.7045  0.6818  0.6932  0.6875  0.7386  0.5852  0.5795  0.5795  0.5966  0.6080  0.6023  0.5739  0.5795  0.5398  0.5625  0.5852  0.6364  0.5909  0.5795  0.6136  0.6250  0.6023  0.5284  0.5909  0.5739  0.6080  0.6136  0.5284  0.5057  0.5568  0.5625  0.5739  0.5170  0.6023  0.6136  0.5568  0.5795  0.5852  0.5909  0.5909  0.5341  0.6136  0.5795  0.5625  0.7500  0.7500  0.5227  0.7386  0.0170  0.6420  0.5057  0.4943  0.5227  0.5341  0.5284
B5VZ11           0.6932  0.6761  0.6534  0.6989  0.7045  0.6761  0.6250  0.7216  0.7330  0.6761  0.7216  0.7102  0.7500  0.4716  0.4545  0.4261  0.6193  0.4545  0.4659  0.4432  0.6364  0.5511  0.5511  0.6136  0.4432  0.6250  0.6080  0.4545  0.4773  0.4943  0.5682  0.3864  0.4432  0.4886  0.3920  0.4034  0.5227  0.4261  0.4261  0.6307  0.5625  0.3920  0.4034  0.5284  0.5682  0.4261  0.5227  0.5227  0.5511  0.2955  0.4375  0.5341  0.6932  0.6932  0.5966  0.7102  0.6136  0.5682  0.5511  0.5568  0.5568  0.5284  0.5739  0.6136


TREE #  1:  (12, (11, 8), ((9, 13), (10, ((3, ((1, 5), (4, 2))), (6, (7, ((56, (53, 54)), (((59, ((57, 64), (60, ((26, (17, (24, 27))), (21, 40))))), (37, ((49, 62), ((61, ((41, (55, 63)), (45, (44, 52)))), (23, (22, 31)))))), ((58, (47, 48)), ((29, (30, 34)), (19, (36, (((((14, 16), (33, 18)), ((38, 39), (20, (15, 46)))), (28, (50, 65))), (25, (51, (42, (43, (32, 35))))))))))))))))));   MP score: 2691
lnL(ntime: 63  np: 64): -13271.010470      +0.000000
  66..12   66..67   67..11   67..8    66..68   68..69   69..9    69..13   68..70   70..10   70..71   71..72   72..3    72..73   73..74   74..1    74..5    73..75   75..4    75..2    71..76   76..6    76..77   77..7    77..78   78..79   79..56   79..80   80..53   80..54   78..81   81..82   82..83   83..59   83..84   84..85   85..57   85..64   84..86   86..60   86..87   87..88   88..26   88..89   89..17   89..90   90..24   90..27   87..91   91..21   91..40   82..92   92..37   92..93   93..94   94..49   94..62   93..95   95..96   96..61   96..97   97..98   98..41   98..99   99..55   99..63   97..100 100..45  100..101 101..44  101..52   95..102 102..23  102..103 103..22  103..31   81..104 104..105 105..58  105..106 106..47  106..48  104..107 107..108 108..29  108..109 109..30  109..34  107..110 110..19  110..111 111..36  111..112 112..113 113..114 114..115 115..116 116..14  116..16  115..117 117..33  117..18  114..118 118..119 119..38  119..39  118..120 120..20  120..121 121..15  121..46  113..122 122..28  122..123 123..50  123..65  112..124 124..25  124..125 125..51  125..126 126..42  126..127 127..43  127..128 128..32  128..35 
 0.944735 0.029888 0.944734 0.370943 0.789675 0.779150 0.633434 0.548275 0.434518 0.427634 0.779149 0.768127 0.689651 0.062127 0.000000 0.601260 0.573575 0.536878 0.499099 0.007148 0.455320 0.192726 0.057943 0.049231 0.016764 0.096086 0.446334 0.439669 0.073542 0.411731 0.397320 0.367903 0.300208 0.054763 0.318480 0.071940 0.334329 0.242018 0.505592 0.383723 0.000000 0.474151 0.333104 0.068013 0.425798 0.403854 0.373975 0.359444 0.311912 0.277848 0.117629 0.242270 0.274610 0.007638 0.125686 0.079748 0.284311 0.192370 0.321706 0.226467 0.163578 0.138766 0.016923 0.789840

tree length =  22.74489

(12: 0.944735, (11: 0.029888, 8: 0.029888): 0.914846, ((9: 0.370943, 13: 0.370943): 0.573791, (10: 0.789675, ((3: 0.633434, ((1: 0.434518, 5: 0.434518): 0.113758, (4: 0.427634, 2: 0.427634): 0.120642): 0.085158): 0.145716, (6: 0.779149, (7: 0.768127, ((56: 0.062127, (53: 0.000000, 54: 0.000000): 0.062127): 0.627524, (((59: 0.536878, ((57: 0.007148, 64: 0.007148): 0.491951, (60: 0.455320, ((26: 0.057943, (17: 0.049231, (24: 0.016764, 27: 0.016764): 0.032468): 0.008712): 0.134783, (21: 0.096086, 40: 0.096086): 0.096640): 0.262594): 0.043779): 0.037779): 0.036698, (37: 0.446334, ((49: 0.073542, 62: 0.073542): 0.366127, ((61: 0.397320, ((41: 0.300208, (55: 0.054763, 63: 0.054763): 0.245445): 0.067694, (45: 0.318480, (44: 0.071940, 52: 0.071940): 0.246540): 0.049423): 0.029417): 0.014412, (23: 0.334329, (22: 0.242018, 31: 0.242018): 0.092311): 0.077402): 0.027938): 0.006665): 0.127241): 0.027685, ((58: 0.383723, (47: 0.000000, 48: 0.000000): 0.383723): 0.121869, ((29: 0.333104, (30: 0.068013, 34: 0.068013): 0.265090): 0.141047, (19: 0.425798, (36: 0.403854, (((((14: 0.117629, 16: 0.117629): 0.160219, (33: 0.242270, 18: 0.242270): 0.035578): 0.034064, ((38: 0.007638, 39: 0.007638): 0.266971, (20: 0.125686, (15: 0.079748, 46: 0.079748): 0.045938): 0.148924): 0.037303): 0.047532, (28: 0.284311, (50: 0.192370, 65: 0.192370): 0.091942): 0.075133): 0.014531, (25: 0.321706, (51: 0.226467, (42: 0.163578, (43: 0.138766, (32: 0.016923, 35: 0.016923): 0.121843): 0.024812): 0.062889): 0.095238): 0.052269): 0.029880): 0.021944): 0.048352): 0.031441): 0.095668): 0.088391): 0.078476): 0.011022): 0.000001): 0.010525): 0.155059): 0.000001);

(A7H5P4: 0.944735, (A8FNJ0: 0.029888, Q4HDY2: 0.029888): 0.914846, ((B9KED5: 0.370943, Q4HQB9: 0.370943): 0.573791, (D1AYX1: 0.789675, ((Q30NW0: 0.633434, ((A8ER54: 0.434518, B9L767: 0.434518): 0.113758, (A6QCY6: 0.427634, A6Q159: 0.427634): 0.120642): 0.085158): 0.145716, (Q7M7Q5: 0.779149, (O25502: 0.768127, ((B7LWQ5: 0.062127, (B7MNW0: 0.000000, P0A6I9: 0.000000): 0.062127): 0.627524, (((A9B9F0: 0.536878, ((Q46I08: 0.007148, A2BZG7: 0.007148): 0.491951, (Q7VEG0: 0.455320, ((Q31DD4: 0.057943, (A8G247: 0.049231, (A2BNH7: 0.016764, A3PAA0: 0.016764): 0.032468): 0.008712): 0.134783, (A2BU04: 0.096086, Q7V3M6: 0.096086): 0.096640): 0.262594): 0.043779): 0.037779): 0.036698, (Q05VF7: 0.446334, ((Q7V435: 0.073542, A2CDJ4: 0.073542): 0.366127, ((Q3AGR0: 0.397320, ((Q0I6J7: 0.300208, (Q3AVV9: 0.054763, Q061R1: 0.054763): 0.245445): 0.067694, (A3Z3E7: 0.318480, (A4CY03: 0.071940, A5GPE5: 0.071940): 0.246540): 0.049423): 0.029417): 0.014412, (Q7U3S5: 0.334329, (A5GWL8: 0.242018, A3YU76: 0.242018): 0.092311): 0.077402): 0.027938): 0.006665): 0.127241): 0.027685, ((Q8DKG1: 0.383723, (Q5N2P0: 0.000000, Q31RL4: 0.000000): 0.383723): 0.121869, ((Q7NIP9: 0.333104, (Q2JWS5: 0.068013, Q2JLX1: 0.068013): 0.265090): 0.141047, (B0C989: 0.425798, (B1XMH1: 0.403854, (((((B7KCM3: 0.117629, B4AUP8: 0.117629): 0.160219, (Q55515: 0.242270, B0JL20: 0.242270): 0.035578): 0.034064, ((B7K3W9: 0.007638, C7QMW1: 0.007638): 0.266971, (Q4C543: 0.125686, (B1X1Q8: 0.079748, A3IVT7: 0.079748): 0.045938): 0.148924): 0.037303): 0.047532, (Q119J3: 0.284311, (A0YW52: 0.192370, B5VZ11: 0.192370): 0.091942): 0.075133): 0.014531, (B8HTM8: 0.321706, (B9YIB9: 0.226467, (B2J2U1: 0.163578, (A0ZEG4: 0.138766, (Q3MGH8: 0.016923, Q8YW62: 0.016923): 0.121843): 0.024812): 0.062889): 0.095238): 0.052269): 0.029880): 0.021944): 0.048352): 0.031441): 0.095668): 0.088391): 0.078476): 0.011022): 0.000001): 0.010525): 0.155059): 0.000001);

(12_A7H5P4, (11_A8FNJ0, 8_Q4HDY2) 67 , ((9_B9KED5, 13_Q4HQB9) 69 , (10_D1AYX1, ((3_Q30NW0, ((1_A8ER54, 5_B9L767) 74 , (4_A6QCY6, 2_A6Q159) 75 ) 73 ) 72 , (6_Q7M7Q5, (7_O25502, ((56_B7LWQ5, (53_B7MNW0, 54_P0A6I9) 80 ) 79 , (((59_A9B9F0, ((57_Q46I08, 64_A2BZG7) 85 , (60_Q7VEG0, ((26_Q31DD4, (17_A8G247, (24_A2BNH7, 27_A3PAA0) 90 ) 89 ) 88 , (21_A2BU04, 40_Q7V3M6) 91 ) 87 ) 86 ) 84 ) 83 , (37_Q05VF7, ((49_Q7V435, 62_A2CDJ4) 94 , ((61_Q3AGR0, ((41_Q0I6J7, (55_Q3AVV9, 63_Q061R1) 99 ) 98 , (45_A3Z3E7, (44_A4CY03, 52_A5GPE5) 101 ) 100 ) 97 ) 96 , (23_Q7U3S5, (22_A5GWL8, 31_A3YU76) 103 ) 102 ) 95 ) 93 ) 92 ) 82 , ((58_Q8DKG1, (47_Q5N2P0, 48_Q31RL4) 106 ) 105 , ((29_Q7NIP9, (30_Q2JWS5, 34_Q2JLX1) 109 ) 108 , (19_B0C989, (36_B1XMH1, (((((14_B7KCM3, 16_B4AUP8) 116 , (33_Q55515, 18_B0JL20) 117 ) 115 , ((38_B7K3W9, 39_C7QMW1) 119 , (20_Q4C543, (15_B1X1Q8, 46_A3IVT7) 121 ) 120 ) 118 ) 114 , (28_Q119J3, (50_A0YW52, 65_B5VZ11) 123 ) 122 ) 113 , (25_B8HTM8, (51_B9YIB9, (42_B2J2U1, (43_A0ZEG4, (32_Q3MGH8, 35_Q8YW62) 128 ) 127 ) 126 ) 125 ) 124 ) 112 ) 111 ) 110 ) 107 ) 104 ) 81 ) 78 ) 77 ) 76 ) 71 ) 70 ) 68 ) 66 ;

Detailed output identifying parameters

alpha (gamma, K = 4) =  0.78984
rate:   0.09340  0.40301  0.95410  2.54949
freq:   0.25000  0.25000  0.25000  0.25000

Time used:  4:30
