AAML (in paml version 4.6, August 2012)  218.aa
Model: Empirical for branches,  Global clock  (../../../bin/jones.dat) dGamma (ncatG=4) ns =  65  ls = 144


Frequencies..
                                    A      R      N      D      C      Q      E      G      H      I      L      K      M      F      P      S      T      W      Y      V
A8ESW0                         0.11806 0.04861 0.04167 0.04861 0.00000 0.01389 0.04861 0.11111 0.01389 0.07639 0.07639 0.11111 0.00000 0.03472 0.02778 0.04861 0.06250 0.00000 0.00694 0.11111
Q30TU7                         0.09722 0.06250 0.04861 0.03472 0.00000 0.00000 0.06250 0.12500 0.01389 0.08333 0.06944 0.11111 0.00000 0.03472 0.02778 0.04861 0.06250 0.00000 0.00694 0.11111
P66572                         0.09722 0.05556 0.06250 0.04167 0.00000 0.00694 0.05556 0.10417 0.02083 0.09028 0.06944 0.10417 0.00000 0.04167 0.02778 0.03472 0.05556 0.00000 0.01389 0.11806
Q7M8E9                         0.09722 0.05556 0.06944 0.04861 0.00000 0.00000 0.04861 0.10417 0.01389 0.09722 0.06250 0.11806 0.00000 0.03472 0.02778 0.04167 0.04167 0.00000 0.01389 0.12500
A6Q1J5                         0.10417 0.05556 0.04861 0.03472 0.00000 0.01389 0.06250 0.10417 0.02083 0.09722 0.06250 0.11111 0.00000 0.02778 0.02778 0.04167 0.06250 0.00694 0.01389 0.10417
A6QCR5                         0.10417 0.06944 0.06250 0.04167 0.00000 0.01389 0.05556 0.10417 0.02083 0.09028 0.05556 0.10417 0.00000 0.03472 0.02778 0.03472 0.05556 0.00000 0.00694 0.11806
B9L6L6                         0.08333 0.04861 0.06944 0.04167 0.00000 0.00694 0.06944 0.10417 0.02083 0.09722 0.07639 0.11111 0.00694 0.02778 0.02778 0.04167 0.03472 0.00000 0.01389 0.11806
D1B4E6                         0.09722 0.06250 0.05556 0.04167 0.00000 0.00000 0.04861 0.10417 0.00694 0.09028 0.04861 0.11806 0.00694 0.04861 0.02083 0.05556 0.04861 0.00000 0.00694 0.13889
Q4HQW4                         0.09028 0.06944 0.04167 0.04167 0.00000 0.00000 0.06250 0.11111 0.00694 0.07639 0.06250 0.11111 0.01389 0.02778 0.02083 0.04861 0.06250 0.00000 0.02083 0.13194
A8FP04                         0.09028 0.06944 0.04167 0.04167 0.00000 0.00000 0.06250 0.11111 0.00694 0.08333 0.06250 0.11111 0.00694 0.02778 0.02083 0.04861 0.06250 0.00000 0.02083 0.13194
A7H639                         0.09028 0.06944 0.04167 0.04167 0.00000 0.00000 0.06250 0.11111 0.00694 0.08333 0.06250 0.11111 0.00694 0.02778 0.02083 0.04861 0.06250 0.00000 0.02083 0.13194
Q4HE58                         0.09028 0.06944 0.04167 0.04167 0.00000 0.00000 0.06250 0.11111 0.00694 0.08333 0.06250 0.11111 0.00694 0.02778 0.02083 0.04861 0.06250 0.00000 0.02083 0.13194
B9KEF7                         0.08333 0.06944 0.04167 0.04167 0.00000 0.00000 0.06250 0.11111 0.00694 0.08333 0.06250 0.11111 0.00694 0.02778 0.02778 0.04861 0.06250 0.00000 0.02083 0.13194
B7N187                         0.11806 0.06250 0.07639 0.01389 0.00000 0.02778 0.04861 0.13194 0.02778 0.06250 0.05556 0.05556 0.03472 0.02778 0.02778 0.04167 0.05556 0.00000 0.01389 0.11806
P0A7W1                         0.11806 0.06250 0.07639 0.01389 0.00000 0.02778 0.04861 0.13194 0.02778 0.06250 0.05556 0.05556 0.03472 0.02778 0.02778 0.04167 0.05556 0.00000 0.01389 0.11806
B7LRR9                         0.11806 0.06250 0.07639 0.01389 0.00000 0.02778 0.04861 0.13194 0.02778 0.06250 0.05556 0.05556 0.03472 0.02778 0.02778 0.04167 0.05556 0.00000 0.01389 0.11806
Q3MFA5                         0.10417 0.07639 0.06250 0.02778 0.00000 0.02778 0.02778 0.13889 0.01389 0.06250 0.06250 0.08333 0.01389 0.00694 0.04167 0.04861 0.04861 0.00694 0.00000 0.14583
Q8YPJ5                         0.10417 0.07639 0.06250 0.02778 0.00000 0.02778 0.02778 0.13889 0.01389 0.06250 0.06250 0.08333 0.01389 0.00694 0.04167 0.04861 0.04861 0.00694 0.00000 0.14583
B0C1E9                         0.11111 0.09722 0.04861 0.02778 0.00000 0.03472 0.02778 0.13194 0.01389 0.04167 0.06944 0.06944 0.02083 0.00694 0.04167 0.05556 0.04167 0.00694 0.00000 0.15278
A0YJS7                         0.11806 0.08333 0.04167 0.02778 0.00000 0.03472 0.04167 0.13889 0.00694 0.06250 0.06944 0.07639 0.00000 0.00694 0.03472 0.04167 0.04861 0.00694 0.00694 0.15278
B1XJJ1                         0.10417 0.06944 0.06250 0.02778 0.00000 0.02083 0.02778 0.13889 0.01389 0.06250 0.05556 0.09722 0.01389 0.00694 0.02778 0.04861 0.06250 0.00694 0.00000 0.15278
B9YIT7                         0.11111 0.07639 0.06250 0.02778 0.00000 0.02778 0.02778 0.13889 0.01389 0.06944 0.06250 0.08333 0.01389 0.00694 0.04167 0.04861 0.04167 0.00694 0.00000 0.13889
A0ZG59                         0.10417 0.07639 0.05556 0.02778 0.00000 0.02778 0.02778 0.13889 0.01389 0.06944 0.06250 0.08333 0.01389 0.00694 0.04167 0.04861 0.05556 0.00694 0.00000 0.13889
B2ITN9                         0.11111 0.07639 0.05556 0.02778 0.00000 0.02778 0.02778 0.13889 0.01389 0.06944 0.06250 0.08333 0.00694 0.00694 0.04167 0.04861 0.04861 0.00694 0.00000 0.14583
B0JHY7                         0.11806 0.07639 0.04861 0.02083 0.00000 0.04167 0.04861 0.13889 0.00694 0.06250 0.06944 0.07639 0.00694 0.00694 0.02083 0.04861 0.06250 0.00694 0.00000 0.13889
B7K232                         0.10417 0.07639 0.05556 0.02083 0.00000 0.03472 0.03472 0.14583 0.00694 0.07639 0.06250 0.08333 0.00000 0.00694 0.02083 0.05556 0.05556 0.00694 0.00000 0.15278
C7QS46                         0.10417 0.07639 0.05556 0.02083 0.00000 0.03472 0.03472 0.14583 0.00694 0.07639 0.06250 0.08333 0.00000 0.00694 0.02083 0.05556 0.05556 0.00694 0.00000 0.15278
Q4C155                         0.10417 0.06944 0.05556 0.02083 0.00000 0.03472 0.04167 0.14583 0.00694 0.07639 0.06944 0.09722 0.00000 0.00694 0.02083 0.06250 0.03472 0.00694 0.00000 0.14583
B1WQS7                         0.10417 0.06944 0.05556 0.03472 0.00000 0.03472 0.02778 0.14583 0.00694 0.06944 0.06944 0.09722 0.00000 0.00694 0.02083 0.06250 0.03472 0.00694 0.00000 0.15278
A3IQ20                         0.10417 0.06944 0.05556 0.03472 0.00000 0.03472 0.02778 0.14583 0.00694 0.07639 0.06944 0.09722 0.00000 0.00694 0.02083 0.06250 0.03472 0.00694 0.00000 0.14583
Q110C3                         0.11806 0.07639 0.06944 0.02083 0.00000 0.03472 0.04167 0.13889 0.01389 0.06944 0.05556 0.06944 0.01389 0.01389 0.04167 0.02778 0.04167 0.00694 0.00000 0.14583
B8HMS0                         0.11111 0.08333 0.05556 0.03472 0.00000 0.02778 0.02083 0.13194 0.01389 0.04861 0.07639 0.08333 0.00000 0.00694 0.04167 0.06250 0.04167 0.00694 0.00000 0.15278
O24705                         0.11111 0.09722 0.03472 0.02083 0.00000 0.03472 0.04861 0.13194 0.01389 0.04861 0.07639 0.07639 0.00000 0.00694 0.04167 0.06250 0.04167 0.00694 0.00000 0.14583
Q31L23                         0.11111 0.09722 0.03472 0.02083 0.00000 0.03472 0.04861 0.13194 0.01389 0.04861 0.07639 0.07639 0.00000 0.00694 0.04167 0.06250 0.04167 0.00694 0.00000 0.14583
Q2JIL1                         0.09722 0.09028 0.04861 0.02083 0.00000 0.03472 0.03472 0.14583 0.01389 0.04167 0.06944 0.06944 0.02083 0.00694 0.04861 0.03472 0.05556 0.00694 0.00000 0.15972
P73304                         0.10417 0.06944 0.06944 0.02083 0.00000 0.03472 0.04167 0.13889 0.00694 0.06944 0.06250 0.08333 0.00000 0.00694 0.02778 0.04167 0.06250 0.00694 0.00000 0.15278
B5W6R5                         0.11111 0.06944 0.06250 0.01389 0.00000 0.03472 0.04167 0.14583 0.00694 0.05556 0.06250 0.08333 0.00000 0.00694 0.04167 0.04861 0.04861 0.00694 0.00000 0.15972
Q2JV93                         0.09028 0.09722 0.04167 0.02083 0.00000 0.02778 0.03472 0.14583 0.01389 0.04167 0.06944 0.06944 0.02083 0.00694 0.04167 0.05556 0.05556 0.00694 0.00000 0.15972
B4B3P0                         0.11806 0.06944 0.05556 0.02083 0.00000 0.03472 0.04167 0.13889 0.00694 0.06944 0.06944 0.07639 0.00694 0.00694 0.03472 0.04861 0.06250 0.00694 0.00000 0.13194
B7KI03                         0.11806 0.06944 0.05556 0.02083 0.00000 0.03472 0.04167 0.13889 0.00694 0.06944 0.06944 0.07639 0.00694 0.00694 0.03472 0.04861 0.06250 0.00694 0.00000 0.13194
P59126                         0.12500 0.09028 0.04167 0.02778 0.00000 0.02778 0.04167 0.13194 0.01389 0.04861 0.06944 0.07639 0.00694 0.01389 0.04167 0.04861 0.04167 0.00694 0.00000 0.14583
A3YUK3                         0.09722 0.09028 0.02778 0.03472 0.00000 0.03472 0.02778 0.14583 0.01389 0.06250 0.06250 0.08333 0.01389 0.00694 0.03472 0.06250 0.06250 0.00694 0.00000 0.13194
A9BCN1                         0.11111 0.09028 0.05556 0.02778 0.00000 0.02083 0.03472 0.13194 0.00000 0.05556 0.06944 0.09028 0.01389 0.00694 0.03472 0.06250 0.04861 0.00694 0.00000 0.13889
A8G745                         0.09722 0.08333 0.06250 0.03472 0.00000 0.02778 0.02083 0.13194 0.00000 0.05556 0.06944 0.09722 0.01389 0.00694 0.04167 0.06250 0.04861 0.00694 0.00000 0.13889
Q318K0                         0.09722 0.08333 0.06250 0.03472 0.00000 0.02778 0.02083 0.13194 0.00000 0.05556 0.06944 0.09722 0.01389 0.00694 0.04167 0.06250 0.04861 0.00694 0.00000 0.13889
A3PF31                         0.09722 0.08333 0.06250 0.03472 0.00000 0.02778 0.02083 0.13194 0.00000 0.05556 0.07639 0.09028 0.01389 0.00694 0.04167 0.06250 0.04861 0.00694 0.00000 0.13889
A2CC44                         0.11111 0.09722 0.04861 0.02083 0.00000 0.02083 0.03472 0.13889 0.01389 0.05556 0.06944 0.08333 0.01389 0.00694 0.03472 0.05556 0.04861 0.00694 0.00000 0.13889
A2BTC1                         0.09722 0.07639 0.06250 0.03472 0.00000 0.02778 0.02083 0.13194 0.00000 0.05556 0.07639 0.09028 0.01389 0.00694 0.04167 0.06944 0.04861 0.00694 0.00000 0.13889
Q46IS5                         0.10417 0.09722 0.04167 0.02778 0.00000 0.02083 0.03472 0.13889 0.00694 0.05556 0.06944 0.08333 0.01389 0.00694 0.03472 0.06944 0.04861 0.00694 0.00000 0.13889
A2C4Y3                         0.10417 0.09722 0.04167 0.02778 0.00000 0.02083 0.03472 0.13889 0.00694 0.05556 0.06944 0.08333 0.01389 0.00694 0.03472 0.06944 0.04861 0.00694 0.00000 0.13889
Q7V529                         0.11111 0.09722 0.04861 0.02778 0.00000 0.02083 0.02778 0.13889 0.01389 0.05556 0.06944 0.08333 0.01389 0.00694 0.03472 0.05556 0.04861 0.00694 0.00000 0.13889
Q7UZW0                         0.09722 0.08333 0.05556 0.02778 0.00000 0.02778 0.02778 0.13194 0.00694 0.05556 0.06944 0.09722 0.01389 0.00694 0.04167 0.06250 0.04861 0.00694 0.00000 0.13889
Q3AW77                         0.10417 0.09028 0.03472 0.02778 0.00000 0.02083 0.02778 0.13889 0.01389 0.05556 0.06944 0.09028 0.01389 0.00694 0.03472 0.07639 0.04861 0.00694 0.00000 0.13889
Q05ZH5                         0.10417 0.09028 0.03472 0.02778 0.00000 0.02083 0.02778 0.13889 0.01389 0.05556 0.06944 0.09028 0.01389 0.00694 0.03472 0.07639 0.04861 0.00694 0.00000 0.13889
Q05QC9                         0.10417 0.09722 0.04167 0.02778 0.00000 0.02083 0.03472 0.13889 0.01389 0.05556 0.06944 0.08333 0.01389 0.00694 0.03472 0.06250 0.04861 0.00694 0.00000 0.13889
A5GVX6                         0.10417 0.09028 0.03472 0.03472 0.00000 0.02083 0.02778 0.13889 0.00694 0.06250 0.06250 0.09722 0.02083 0.00694 0.03472 0.06250 0.05556 0.00694 0.00000 0.13194
Q7V9X8                         0.10417 0.09028 0.05556 0.02778 0.00000 0.02083 0.02778 0.13194 0.00000 0.06250 0.07639 0.08333 0.01389 0.00694 0.04167 0.06944 0.04861 0.00694 0.00000 0.13194
Q7U4I4                         0.10417 0.09028 0.04861 0.02778 0.00000 0.02083 0.02778 0.13194 0.01389 0.05556 0.07639 0.09028 0.01389 0.00694 0.03472 0.06250 0.04861 0.00694 0.00000 0.13889
Q3AMP6                         0.10417 0.09028 0.04167 0.02778 0.00000 0.02083 0.02778 0.13889 0.01389 0.05556 0.07639 0.09028 0.01389 0.00694 0.03472 0.06250 0.04861 0.00694 0.00000 0.13889
A2BYS0                         0.09722 0.08333 0.05556 0.02778 0.00000 0.02778 0.02778 0.13194 0.00694 0.05556 0.06944 0.09722 0.01389 0.01389 0.04167 0.05556 0.04861 0.00694 0.00000 0.13889
A3Z8W4                         0.11111 0.09722 0.04861 0.02778 0.00000 0.02083 0.03472 0.13194 0.01389 0.05556 0.06944 0.08333 0.01389 0.00694 0.03472 0.05556 0.04861 0.00694 0.00000 0.13889
A4CSN1                         0.10417 0.09722 0.04861 0.03472 0.00000 0.02083 0.02778 0.13194 0.01389 0.05556 0.06944 0.08333 0.01389 0.00694 0.03472 0.06250 0.04861 0.00694 0.00000 0.13889
A5GIS9                         0.10417 0.09722 0.04861 0.03472 0.00000 0.02083 0.02778 0.13194 0.01389 0.05556 0.06944 0.08333 0.01389 0.00694 0.03472 0.06250 0.04861 0.00694 0.00000 0.13889
Q0ID21                         0.10417 0.09722 0.04167 0.02778 0.00000 0.02778 0.02778 0.13889 0.01389 0.05556 0.07639 0.08333 0.01389 0.00694 0.03472 0.05556 0.04861 0.00694 0.00000 0.13889
Q7NEG9                         0.11806 0.08333 0.05556 0.02778 0.00000 0.01389 0.03472 0.13194 0.00694 0.05556 0.06944 0.09028 0.00694 0.02083 0.03472 0.07639 0.03472 0.00000 0.00000 0.13889

Homogeneity statistic: X2 = 4.15971 G = 4.33827 

Average                        0.10481 0.07917 0.05235 0.02949 0.00000 0.02308 0.03825 0.13162 0.01122 0.06496 0.06709 0.08878 0.01036 0.01357 0.03333 0.05427 0.05085 0.00524 0.00363 0.13793

# constant sites:     36 (25.00%)
ln Lmax (unconstrained) = -659.352144

AA distances (raw proportions of different sites)

A8ESW0         
Q30TU7           0.2083
P66572           0.2222  0.1944
Q7M8E9           0.2431  0.2014  0.0903
A6Q1J5           0.2292  0.1875  0.2153  0.1806
A6QCR5           0.2431  0.2014  0.2431  0.2222  0.2014
B9L6L6           0.2500  0.2500  0.2431  0.2431  0.2292  0.2778
D1B4E6           0.2778  0.2222  0.1875  0.1806  0.2153  0.2083  0.2292
Q4HQW4           0.2986  0.2431  0.1944  0.2222  0.2500  0.2569  0.2639  0.1319
A8FP04           0.2986  0.2431  0.1944  0.2153  0.2431  0.2569  0.2639  0.1250  0.0069
A7H639           0.2986  0.2431  0.1944  0.2153  0.2431  0.2569  0.2639  0.1250  0.0069  0.0000
Q4HE58           0.2986  0.2431  0.1944  0.2153  0.2431  0.2569  0.2639  0.1250  0.0069  0.0000  0.0000
B9KEF7           0.3056  0.2500  0.2014  0.2222  0.2500  0.2639  0.2639  0.1319  0.0139  0.0069  0.0069  0.0069
B7N187           0.5208  0.5208  0.5000  0.5000  0.5278  0.5069  0.5486  0.5069  0.5208  0.5278  0.5278  0.5278  0.5278
P0A7W1           0.5208  0.5208  0.5000  0.5000  0.5278  0.5069  0.5486  0.5069  0.5208  0.5278  0.5278  0.5278  0.5278  0.0000
B7LRR9           0.5208  0.5208  0.5000  0.5000  0.5278  0.5069  0.5486  0.5069  0.5208  0.5278  0.5278  0.5278  0.5278  0.0000  0.0000
Q3MFA5           0.5347  0.5347  0.5347  0.5278  0.5556  0.5347  0.5417  0.5625  0.5694  0.5694  0.5694  0.5694  0.5625  0.5486  0.5486  0.5486
Q8YPJ5           0.5347  0.5347  0.5347  0.5278  0.5556  0.5347  0.5417  0.5625  0.5694  0.5694  0.5694  0.5694  0.5625  0.5486  0.5486  0.5486  0.0000
B0C1E9           0.5278  0.5417  0.5347  0.5417  0.5556  0.5278  0.5347  0.5417  0.5347  0.5347  0.5347  0.5347  0.5278  0.5625  0.5625  0.5625  0.1458  0.1458
A0YJS7           0.5278  0.5347  0.5069  0.5000  0.5278  0.5347  0.5139  0.5347  0.5000  0.5000  0.5000  0.5000  0.4931  0.5556  0.5556  0.5556  0.1667  0.1667  0.1806
B1XJJ1           0.5208  0.5347  0.5278  0.5208  0.5417  0.5139  0.5278  0.5208  0.5278  0.5278  0.5278  0.5278  0.5278  0.5347  0.5347  0.5347  0.1875  0.1875  0.2292  0.2431
B9YIT7           0.5347  0.5347  0.5347  0.5278  0.5556  0.5347  0.5417  0.5625  0.5694  0.5694  0.5694  0.5694  0.5625  0.5556  0.5556  0.5556  0.0139  0.0139  0.1458  0.1597  0.1944
A0ZG59           0.5278  0.5417  0.5278  0.5208  0.5486  0.5417  0.5347  0.5556  0.5625  0.5625  0.5625  0.5625  0.5556  0.5556  0.5556  0.5556  0.0139  0.0139  0.1458  0.1597  0.1875  0.0278
B2ITN9           0.5347  0.5347  0.5347  0.5278  0.5556  0.5347  0.5417  0.5556  0.5694  0.5694  0.5694  0.5694  0.5625  0.5486  0.5486  0.5486  0.0208  0.0208  0.1458  0.1597  0.2014  0.0208  0.0208
B0JHY7           0.5278  0.5417  0.5278  0.5347  0.5625  0.5556  0.5556  0.5347  0.5347  0.5347  0.5347  0.5347  0.5347  0.5486  0.5486  0.5486  0.1597  0.1597  0.1875  0.1944  0.2083  0.1597  0.1458  0.1458
B7K232           0.5278  0.5486  0.5278  0.5208  0.5486  0.5486  0.5625  0.5278  0.5347  0.5347  0.5347  0.5347  0.5347  0.5417  0.5417  0.5417  0.1528  0.1528  0.2083  0.2083  0.1875  0.1667  0.1528  0.1597  0.0764
C7QS46           0.5278  0.5486  0.5278  0.5208  0.5486  0.5486  0.5625  0.5278  0.5347  0.5347  0.5347  0.5347  0.5347  0.5417  0.5417  0.5417  0.1528  0.1528  0.2083  0.2083  0.1875  0.1667  0.1528  0.1597  0.0764  0.0000
Q4C155           0.5347  0.5347  0.5278  0.5208  0.5347  0.5347  0.5486  0.5139  0.5208  0.5208  0.5208  0.5208  0.5208  0.5486  0.5486  0.5486  0.1597  0.1597  0.2014  0.2222  0.2083  0.1667  0.1597  0.1597  0.1111  0.0556  0.0556
B1WQS7           0.5347  0.5347  0.5278  0.5208  0.5347  0.5417  0.5486  0.5139  0.5208  0.5208  0.5208  0.5208  0.5208  0.5486  0.5486  0.5486  0.1667  0.1667  0.1944  0.2153  0.2153  0.1736  0.1667  0.1667  0.1250  0.0694  0.0694  0.0208
A3IQ20           0.5347  0.5347  0.5278  0.5208  0.5347  0.5417  0.5486  0.5139  0.5208  0.5208  0.5208  0.5208  0.5208  0.5486  0.5486  0.5486  0.1667  0.1667  0.1944  0.2153  0.2153  0.1736  0.1667  0.1667  0.1250  0.0625  0.0625  0.0139  0.0069
Q110C3           0.5347  0.5486  0.5278  0.5139  0.5278  0.5208  0.5278  0.5208  0.5208  0.5139  0.5139  0.5139  0.5069  0.5625  0.5625  0.5625  0.1250  0.1250  0.1667  0.1458  0.2083  0.1319  0.1181  0.1389  0.1806  0.1944  0.1944  0.1944  0.2014  0.2014
B8HMS0           0.5278  0.5347  0.5347  0.5347  0.5486  0.5347  0.5417  0.5417  0.5347  0.5347  0.5347  0.5347  0.5278  0.5764  0.5764  0.5764  0.1111  0.1111  0.1042  0.1458  0.2153  0.1042  0.1250  0.1181  0.1875  0.1667  0.1667  0.1875  0.1806  0.1806  0.1528
O24705           0.5347  0.5347  0.5347  0.5347  0.5556  0.5347  0.5347  0.5347  0.5208  0.5208  0.5208  0.5208  0.5139  0.5833  0.5833  0.5833  0.1875  0.1875  0.1528  0.1806  0.2639  0.1875  0.1944  0.1875  0.2222  0.2361  0.2361  0.2361  0.2431  0.2431  0.1944  0.1389
Q31L23           0.5347  0.5347  0.5347  0.5347  0.5556  0.5347  0.5347  0.5347  0.5208  0.5208  0.5208  0.5208  0.5139  0.5833  0.5833  0.5833  0.1875  0.1875  0.1528  0.1806  0.2639  0.1875  0.1944  0.1875  0.2222  0.2361  0.2361  0.2361  0.2431  0.2431  0.1944  0.1389  0.0000
Q2JIL1           0.5486  0.5417  0.5139  0.5069  0.5347  0.5347  0.5417  0.5347  0.5278  0.5278  0.5278  0.5278  0.5208  0.5347  0.5347  0.5347  0.2014  0.2014  0.2083  0.1875  0.2569  0.2014  0.2014  0.2014  0.2222  0.2153  0.2153  0.2361  0.2361  0.2361  0.2083  0.1944  0.2222  0.2222
P73304           0.5347  0.5486  0.5278  0.5208  0.5417  0.5417  0.5417  0.5347  0.5278  0.5278  0.5278  0.5278  0.5278  0.5486  0.5486  0.5486  0.1319  0.1319  0.1736  0.1806  0.1806  0.1389  0.1319  0.1389  0.0972  0.0833  0.0833  0.0833  0.0903  0.0833  0.1597  0.1458  0.2292  0.2292  0.2083
B5W6R5           0.5486  0.5347  0.5347  0.5208  0.5417  0.5139  0.5208  0.5139  0.5069  0.5069  0.5069  0.5069  0.5000  0.5417  0.5417  0.5417  0.1597  0.1597  0.1875  0.1528  0.2431  0.1736  0.1667  0.1597  0.2153  0.1875  0.1875  0.1806  0.1875  0.1875  0.1667  0.1875  0.1806  0.1806  0.2153  0.1875
Q2JV93           0.5486  0.5417  0.5139  0.5069  0.5347  0.5347  0.5486  0.5347  0.5278  0.5278  0.5278  0.5278  0.5208  0.5347  0.5347  0.5347  0.2083  0.2083  0.2014  0.2014  0.2639  0.2083  0.2083  0.2083  0.2292  0.2153  0.2153  0.2292  0.2292  0.2292  0.2083  0.2014  0.2153  0.2153  0.0347  0.2153  0.2083
B4B3P0           0.5486  0.5556  0.5347  0.5347  0.5556  0.5486  0.5625  0.5278  0.5278  0.5278  0.5278  0.5278  0.5208  0.5486  0.5486  0.5486  0.1389  0.1389  0.1806  0.1875  0.1944  0.1458  0.1389  0.1458  0.0556  0.0833  0.0833  0.1181  0.1250  0.1250  0.1597  0.1667  0.2153  0.2153  0.2014  0.0764  0.1875  0.2153
B7KI03           0.5486  0.5556  0.5347  0.5347  0.5556  0.5486  0.5625  0.5278  0.5278  0.5278  0.5278  0.5278  0.5208  0.5486  0.5486  0.5486  0.1389  0.1389  0.1806  0.1875  0.1944  0.1458  0.1389  0.1458  0.0556  0.0833  0.0833  0.1181  0.1250  0.1250  0.1597  0.1667  0.2153  0.2153  0.2014  0.0764  0.1875  0.2153  0.0000
P59126           0.5347  0.5278  0.5139  0.5347  0.5625  0.5347  0.5625  0.5486  0.5347  0.5347  0.5347  0.5347  0.5278  0.5694  0.5694  0.5694  0.1250  0.1250  0.1319  0.1597  0.2292  0.1250  0.1319  0.1319  0.1875  0.1806  0.1806  0.2014  0.2083  0.2083  0.1458  0.0833  0.1528  0.1528  0.2014  0.1736  0.1944  0.2083  0.1736  0.1736
A3YUK3           0.5486  0.5347  0.5139  0.5069  0.5486  0.5139  0.5417  0.5139  0.5000  0.5000  0.5000  0.5000  0.4931  0.5764  0.5764  0.5764  0.2500  0.2500  0.1944  0.2639  0.2778  0.2569  0.2569  0.2500  0.2569  0.2500  0.2500  0.2431  0.2361  0.2361  0.2639  0.2083  0.1875  0.1875  0.2778  0.2431  0.2569  0.2708  0.2292  0.2292  0.2292
A9BCN1           0.5625  0.5417  0.5208  0.5278  0.5625  0.5278  0.5486  0.5278  0.5139  0.5139  0.5139  0.5139  0.5069  0.5833  0.5833  0.5833  0.2639  0.2639  0.1944  0.2431  0.2917  0.2639  0.2708  0.2639  0.2431  0.2569  0.2569  0.2431  0.2361  0.2361  0.2639  0.2083  0.1806  0.1806  0.2986  0.2361  0.2500  0.2917  0.2153  0.2153  0.2153  0.1042
A8G745           0.5625  0.5417  0.5347  0.5347  0.5625  0.5347  0.5486  0.5347  0.5208  0.5208  0.5208  0.5208  0.5139  0.5833  0.5833  0.5833  0.2639  0.2639  0.2153  0.2639  0.2778  0.2639  0.2708  0.2639  0.2639  0.2778  0.2778  0.2569  0.2500  0.2500  0.2847  0.2153  0.2014  0.2014  0.3056  0.2500  0.2639  0.2986  0.2500  0.2500  0.2222  0.1528  0.0694
Q318K0           0.5625  0.5417  0.5347  0.5347  0.5625  0.5347  0.5486  0.5347  0.5208  0.5208  0.5208  0.5208  0.5139  0.5833  0.5833  0.5833  0.2639  0.2639  0.2153  0.2639  0.2778  0.2639  0.2708  0.2639  0.2639  0.2778  0.2778  0.2569  0.2500  0.2500  0.2847  0.2153  0.2014  0.2014  0.3056  0.2500  0.2639  0.2986  0.2500  0.2500  0.2222  0.1528  0.0694  0.0000
A3PF31           0.5625  0.5417  0.5347  0.5347  0.5625  0.5347  0.5486  0.5347  0.5208  0.5208  0.5208  0.5208  0.5139  0.5903  0.5903  0.5903  0.2639  0.2639  0.2153  0.2639  0.2778  0.2639  0.2708  0.2639  0.2639  0.2778  0.2778  0.2639  0.2569  0.2569  0.2847  0.2153  0.2014  0.2014  0.3056  0.2500  0.2639  0.2986  0.2500  0.2500  0.2222  0.1528  0.0694  0.0069  0.0069
A2CC44           0.5625  0.5556  0.5278  0.5347  0.5764  0.5486  0.5556  0.5486  0.5347  0.5347  0.5347  0.5347  0.5278  0.5972  0.5972  0.5972  0.2431  0.2431  0.1806  0.2361  0.2847  0.2431  0.2500  0.2431  0.2500  0.2639  0.2639  0.2569  0.2500  0.2500  0.2431  0.1806  0.1597  0.1597  0.2847  0.2292  0.2569  0.2778  0.2292  0.2292  0.1944  0.0972  0.0556  0.0903  0.0903  0.0903
A2BTC1           0.5625  0.5417  0.5347  0.5347  0.5625  0.5347  0.5486  0.5347  0.5208  0.5208  0.5208  0.5208  0.5139  0.5903  0.5903  0.5903  0.2639  0.2639  0.2222  0.2639  0.2778  0.2639  0.2708  0.2639  0.2639  0.2778  0.2778  0.2639  0.2569  0.2569  0.2847  0.2153  0.2014  0.2014  0.3056  0.2500  0.2639  0.2917  0.2500  0.2500  0.2222  0.1528  0.0764  0.0139  0.0139  0.0069  0.0972
Q46IS5           0.5694  0.5556  0.5347  0.5347  0.5694  0.5486  0.5556  0.5347  0.5208  0.5208  0.5208  0.5208  0.5139  0.5903  0.5903  0.5903  0.2500  0.2500  0.2083  0.2500  0.2917  0.2500  0.2569  0.2500  0.2431  0.2569  0.2569  0.2431  0.2361  0.2361  0.2569  0.2014  0.1667  0.1667  0.2917  0.2361  0.2500  0.2847  0.2153  0.2153  0.2153  0.0972  0.0278  0.0694  0.0694  0.0694  0.0556  0.0764
A2C4Y3           0.5694  0.5556  0.5347  0.5347  0.5694  0.5486  0.5556  0.5347  0.5208  0.5208  0.5208  0.5208  0.5139  0.5903  0.5903  0.5903  0.2500  0.2500  0.2083  0.2500  0.2917  0.2500  0.2569  0.2500  0.2431  0.2569  0.2569  0.2431  0.2361  0.2361  0.2569  0.2014  0.1667  0.1667  0.2917  0.2361  0.2500  0.2847  0.2153  0.2153  0.2153  0.0972  0.0278  0.0694  0.0694  0.0694  0.0556  0.0764  0.0000
Q7V529           0.5625  0.5556  0.5278  0.5347  0.5764  0.5486  0.5556  0.5486  0.5347  0.5347  0.5347  0.5347  0.5278  0.5972  0.5972  0.5972  0.2431  0.2431  0.1806  0.2361  0.2847  0.2431  0.2500  0.2431  0.2500  0.2639  0.2639  0.2569  0.2500  0.2500  0.2431  0.1806  0.1597  0.1597  0.2847  0.2292  0.2569  0.2778  0.2292  0.2292  0.1944  0.0903  0.0486  0.0833  0.0833  0.0833  0.0069  0.0903  0.0486  0.0486
Q7UZW0           0.5694  0.5556  0.5347  0.5347  0.5625  0.5347  0.5486  0.5347  0.5208  0.5208  0.5208  0.5208  0.5139  0.5833  0.5833  0.5833  0.2569  0.2569  0.2153  0.2639  0.2708  0.2569  0.2639  0.2569  0.2639  0.2778  0.2778  0.2569  0.2500  0.2500  0.2708  0.2083  0.1875  0.1875  0.2917  0.2500  0.2639  0.2847  0.2500  0.2500  0.2222  0.1389  0.0694  0.0139  0.0139  0.0208  0.0764  0.0278  0.0556  0.0556  0.0694
Q3AW77           0.5694  0.5486  0.5347  0.5278  0.5694  0.5417  0.5556  0.5278  0.5208  0.5208  0.5208  0.5208  0.5139  0.5972  0.5972  0.5972  0.2500  0.2500  0.2014  0.2431  0.2917  0.2500  0.2569  0.2500  0.2431  0.2569  0.2569  0.2431  0.2361  0.2361  0.2569  0.1944  0.1597  0.1597  0.2917  0.2361  0.2500  0.2847  0.2153  0.2153  0.2153  0.0833  0.0347  0.0833  0.0833  0.0833  0.0347  0.0903  0.0208  0.0208  0.0278  0.0694
Q05ZH5           0.5694  0.5486  0.5347  0.5278  0.5694  0.5417  0.5556  0.5278  0.5208  0.5208  0.5208  0.5208  0.5139  0.5972  0.5972  0.5972  0.2500  0.2500  0.2014  0.2431  0.2917  0.2500  0.2569  0.2500  0.2431  0.2569  0.2569  0.2431  0.2361  0.2361  0.2569  0.1944  0.1597  0.1597  0.2917  0.2361  0.2500  0.2847  0.2153  0.2153  0.2153  0.0833  0.0347  0.0833  0.0833  0.0833  0.0347  0.0903  0.0208  0.0208  0.0278  0.0694  0.0000
Q05QC9           0.5694  0.5556  0.5347  0.5278  0.5764  0.5486  0.5556  0.5417  0.5347  0.5347  0.5347  0.5347  0.5278  0.5972  0.5972  0.5972  0.2361  0.2361  0.1944  0.2431  0.2847  0.2361  0.2431  0.2361  0.2500  0.2639  0.2639  0.2569  0.2500  0.2500  0.2431  0.1875  0.1597  0.1597  0.2847  0.2292  0.2500  0.2778  0.2222  0.2222  0.2014  0.0903  0.0417  0.0833  0.0833  0.0833  0.0278  0.0903  0.0278  0.0278  0.0208  0.0694  0.0208  0.0208
A5GVX6           0.5694  0.5486  0.5347  0.5347  0.5694  0.5417  0.5486  0.5556  0.5417  0.5417  0.5417  0.5417  0.5347  0.5833  0.5833  0.5833  0.2292  0.2292  0.2083  0.2639  0.2847  0.2292  0.2361  0.2292  0.2569  0.2639  0.2639  0.2431  0.2431  0.2361  0.2639  0.2153  0.1875  0.1875  0.2778  0.2292  0.2569  0.2708  0.2361  0.2361  0.2292  0.1181  0.0833  0.1111  0.1111  0.1111  0.0903  0.1181  0.0833  0.0833  0.0833  0.0972  0.0764  0.0764  0.0764
Q7V9X8           0.5764  0.5556  0.5347  0.5347  0.5694  0.5417  0.5556  0.5347  0.5208  0.5208  0.5208  0.5208  0.5139  0.5764  0.5764  0.5764  0.2500  0.2500  0.2153  0.2500  0.2847  0.2500  0.2569  0.2500  0.2361  0.2500  0.2500  0.2361  0.2292  0.2292  0.2708  0.2153  0.1875  0.1875  0.2917  0.2292  0.2500  0.2847  0.2083  0.2083  0.2292  0.1250  0.0347  0.0556  0.0556  0.0556  0.0833  0.0625  0.0347  0.0347  0.0764  0.0556  0.0486  0.0486  0.0625  0.0903
Q7U4I4           0.5694  0.5486  0.5347  0.5278  0.5694  0.5347  0.5486  0.5347  0.5278  0.5278  0.5278  0.5278  0.5208  0.5972  0.5972  0.5972  0.2431  0.2431  0.1944  0.2500  0.2778  0.2431  0.2500  0.2431  0.2500  0.2639  0.2639  0.2500  0.2431  0.2431  0.2500  0.1944  0.1667  0.1667  0.2917  0.2292  0.2431  0.2847  0.2222  0.2222  0.2083  0.1042  0.0347  0.0694  0.0694  0.0694  0.0417  0.0764  0.0347  0.0347  0.0347  0.0556  0.0208  0.0208  0.0208  0.0694  0.0417
Q3AMP6           0.5694  0.5486  0.5347  0.5278  0.5694  0.5417  0.5486  0.5347  0.5278  0.5278  0.5278  0.5278  0.5208  0.5972  0.5972  0.5972  0.2431  0.2431  0.2014  0.2500  0.2847  0.2431  0.2500  0.2431  0.2500  0.2639  0.2639  0.2500  0.2431  0.2431  0.2500  0.1944  0.1667  0.1667  0.2917  0.2292  0.2431  0.2847  0.2222  0.2222  0.2083  0.0972  0.0417  0.0764  0.0764  0.0764  0.0347  0.0833  0.0278  0.0278  0.0278  0.0625  0.0139  0.0139  0.0139  0.0694  0.0486  0.0069
A2BYS0           0.5694  0.5556  0.5347  0.5347  0.5625  0.5347  0.5486  0.5347  0.5208  0.5208  0.5208  0.5208  0.5139  0.5903  0.5903  0.5903  0.2639  0.2639  0.2222  0.2639  0.2778  0.2639  0.2708  0.2639  0.2708  0.2847  0.2847  0.2639  0.2569  0.2569  0.2708  0.2153  0.1875  0.1875  0.2917  0.2569  0.2639  0.2847  0.2569  0.2569  0.2292  0.1458  0.0764  0.0208  0.0208  0.0278  0.0833  0.0347  0.0625  0.0625  0.0764  0.0069  0.0764  0.0764  0.0764  0.1042  0.0625  0.0625  0.0694
A3Z8W4           0.5694  0.5556  0.5347  0.5347  0.5694  0.5417  0.5556  0.5486  0.5347  0.5347  0.5347  0.5347  0.5278  0.5903  0.5903  0.5903  0.2431  0.2431  0.1875  0.2431  0.2778  0.2431  0.2500  0.2431  0.2431  0.2569  0.2569  0.2500  0.2431  0.2431  0.2361  0.1875  0.1667  0.1667  0.2847  0.2222  0.2569  0.2778  0.2153  0.2153  0.1944  0.0972  0.0417  0.0833  0.0833  0.0833  0.0347  0.0903  0.0486  0.0486  0.0278  0.0694  0.0347  0.0347  0.0208  0.0764  0.0625  0.0208  0.0278  0.0764
A4CSN1           0.5694  0.5556  0.5347  0.5347  0.5764  0.5417  0.5556  0.5486  0.5347  0.5347  0.5347  0.5347  0.5278  0.5972  0.5972  0.5972  0.2431  0.2431  0.1806  0.2361  0.2778  0.2431  0.2500  0.2431  0.2500  0.2639  0.2639  0.2569  0.2500  0.2500  0.2361  0.1736  0.1597  0.1597  0.2847  0.2292  0.2569  0.2778  0.2222  0.2222  0.2014  0.0903  0.0417  0.0833  0.0833  0.0833  0.0278  0.0903  0.0486  0.0486  0.0208  0.0694  0.0278  0.0278  0.0208  0.0764  0.0625  0.0208  0.0278  0.0764  0.0139
A5GIS9           0.5694  0.5556  0.5347  0.5347  0.5764  0.5417  0.5556  0.5486  0.5347  0.5347  0.5347  0.5347  0.5278  0.5972  0.5972  0.5972  0.2431  0.2431  0.1806  0.2361  0.2778  0.2431  0.2500  0.2431  0.2500  0.2639  0.2639  0.2569  0.2500  0.2500  0.2361  0.1736  0.1597  0.1597  0.2847  0.2292  0.2569  0.2778  0.2222  0.2222  0.2014  0.0903  0.0417  0.0833  0.0833  0.0833  0.0278  0.0903  0.0486  0.0486  0.0208  0.0694  0.0278  0.0278  0.0208  0.0764  0.0625  0.0208  0.0278  0.0764  0.0139  0.0000
Q0ID21           0.5694  0.5556  0.5347  0.5347  0.5764  0.5486  0.5556  0.5486  0.5347  0.5347  0.5347  0.5347  0.5278  0.5972  0.5972  0.5972  0.2431  0.2431  0.1944  0.2431  0.2847  0.2431  0.2500  0.2431  0.2500  0.2639  0.2639  0.2569  0.2500  0.2500  0.2431  0.1875  0.1667  0.1667  0.2847  0.2292  0.2569  0.2778  0.2222  0.2222  0.2014  0.0833  0.0486  0.0903  0.0903  0.0903  0.0278  0.0972  0.0417  0.0417  0.0208  0.0764  0.0278  0.0278  0.0139  0.0764  0.0625  0.0208  0.0139  0.0833  0.0208  0.0208  0.0208
Q7NEG9           0.5069  0.4792  0.4583  0.4514  0.4931  0.4792  0.5000  0.5000  0.5139  0.5139  0.5139  0.5139  0.5069  0.5208  0.5208  0.5208  0.2778  0.2778  0.2986  0.2847  0.3125  0.2778  0.2847  0.2778  0.2986  0.3056  0.3056  0.3194  0.3264  0.3264  0.2986  0.2778  0.2569  0.2569  0.2708  0.2986  0.2847  0.2708  0.2917  0.2917  0.2778  0.3333  0.3194  0.2917  0.2917  0.2917  0.3056  0.2847  0.3056  0.3056  0.3056  0.2847  0.3125  0.3125  0.3056  0.3056  0.3125  0.3056  0.3056  0.2847  0.3125  0.3125  0.3125  0.3125


TREE #  1:  (16, 14, (15, ((6, (((3, 4), (8, ((12, 11), (10, (9, 13))))), ((7, 1), (2, 5)))), (65, (((34, 33), ((47, 51), ((64, (56, 42)), (((58, (59, (53, 54))), (61, (62, 63))), (55, ((49, 50), (43, (57, ((45, (44, (46, 48))), (52, 60)))))))))), (((35, 38), (31, (20, 37))), (19, (((22, (18, (17, (24, 23)))), (21, (36, ((39, 40), (25, ((26, 27), (28, (29, 30)))))))), (41, 32)))))))));   MP score: 585
lnL(ntime: 63  np: 64):  -3636.461154      +0.000000
  66..16   66..14   66..67   67..15   67..68   68..69   69..6    69..70   70..71   71..72   72..3    72..4    71..73   73..8    73..74   74..75   75..12   75..11   74..76   76..10   76..77   77..9    77..13   70..78   78..79   79..7    79..1    78..80   80..2    80..5    68..81   81..65   81..82   82..83   83..84   84..34   84..33   83..85   85..86   86..47   86..51   85..87   87..88   88..64   88..89   89..56   89..42   87..90   90..91   91..92   92..58   92..93   93..59   93..94   94..53   94..54   91..95   95..61   95..96   96..62   96..63   90..97   97..55   97..98   98..99   99..49   99..50   98..100 100..43  100..101 101..57  101..102 102..103 103..45  103..104 104..44  104..105 105..46  105..48  102..106 106..52  106..60   82..107 107..108 108..109 109..35  109..38  108..110 110..31  110..111 111..20  111..37  107..112 112..19  112..113 113..114 114..115 115..22  115..116 116..18  116..117 117..17  117..118 118..24  118..23  114..119 119..21  119..120 120..36  120..121 121..122 122..39  122..40  121..123 123..25  123..124 124..125 125..26  125..27  124..126 126..28  126..127 127..29  127..30  113..128 128..41  128..32 
 0.550692 0.550691 0.429245 0.204598 0.195324 0.158386 0.062521 0.078923 0.003786 0.000000 0.003786 0.003786 0.184572 0.174212 0.145972 0.256315 0.201796 0.136722 0.000000 0.045922 0.005847 0.045922 0.042821 0.038548 0.045922 0.044747 0.011581 0.011581 0.000000 0.010831 0.000000 0.040054 0.028147 0.000000 0.023106 0.018406 0.006662 0.003356 0.003356 0.001509 0.002708 0.182149 0.175764 0.018607 0.139224 0.094974 0.152548 0.152548 0.136351 0.013678 0.010752 0.010752 0.007299 0.108128 0.066075 0.060496 0.000000 0.048020 0.027920 0.000000 0.007033 0.002060 0.070551 0.587286

tree length =   6.35867

(16: 0.550692, 14: 0.550692, (15: 0.550691, ((6: 0.204598, (((3: 0.062521, 4: 0.062521): 0.095865, (8: 0.078923, ((12: 0.000000, 11: 0.000000): 0.003786, (10: 0.003786, (9: 0.003786, 13: 0.003786): 0.000000): 0.000000): 0.075137): 0.079463): 0.036938, ((7: 0.174212, 1: 0.174212): 0.010359, (2: 0.145972, 5: 0.145972): 0.038599): 0.010752): 0.009274): 0.224647, (65: 0.256315, (((34: 0.000000, 33: 0.000000): 0.136722, ((47: 0.005847, 51: 0.005847): 0.040075, ((64: 0.042821, (56: 0.038548, 42: 0.038548): 0.004273): 0.003101, (((58: 0.011581, (59: 0.011581, (53: 0.000000, 54: 0.000000): 0.011581): 0.000000): 0.033167, (61: 0.010831, (62: 0.000000, 63: 0.000000): 0.010831): 0.033916): 0.001175, (55: 0.040054, ((49: 0.000000, 50: 0.000000): 0.028147, (43: 0.023106, (57: 0.018406, ((45: 0.003356, (44: 0.003356, (46: 0.001509, 48: 0.001509): 0.001847): 0.000000): 0.003306, (52: 0.002708, 60: 0.002708): 0.003954): 0.011744): 0.004700): 0.005041): 0.011906): 0.005869): 0.000000): 0.000000): 0.090799): 0.065075, (((35: 0.018607, 38: 0.018607): 0.157156, (31: 0.139224, (20: 0.094974, 37: 0.094974): 0.044251): 0.036539): 0.006386, (19: 0.152548, (((22: 0.013678, (18: 0.010752, (17: 0.010752, (24: 0.007299, 23: 0.007299): 0.003452): 0.000000): 0.002926): 0.122672, (21: 0.108128, (36: 0.066075, ((39: 0.000000, 40: 0.000000): 0.060496, (25: 0.048020, ((26: 0.000000, 27: 0.000000): 0.027920, (28: 0.007033, (29: 0.002060, 30: 0.002060): 0.004973): 0.020886): 0.020100): 0.012476): 0.005579): 0.042053): 0.028223): 0.016198, (41: 0.070551, 32: 0.070551): 0.081997): 0.000000): 0.029601): 0.019647): 0.054519): 0.172930): 0.121446): 0.000001);

(B7LRR9: 0.550692, B7N187: 0.550692, (P0A7W1: 0.550691, ((A6QCR5: 0.204598, (((P66572: 0.062521, Q7M8E9: 0.062521): 0.095865, (D1B4E6: 0.078923, ((Q4HE58: 0.000000, A7H639: 0.000000): 0.003786, (A8FP04: 0.003786, (Q4HQW4: 0.003786, B9KEF7: 0.003786): 0.000000): 0.000000): 0.075137): 0.079463): 0.036938, ((B9L6L6: 0.174212, A8ESW0: 0.174212): 0.010359, (Q30TU7: 0.145972, A6Q1J5: 0.145972): 0.038599): 0.010752): 0.009274): 0.224647, (Q7NEG9: 0.256315, (((Q31L23: 0.000000, O24705: 0.000000): 0.136722, ((A2CC44: 0.005847, Q7V529: 0.005847): 0.040075, ((Q0ID21: 0.042821, (A5GVX6: 0.038548, A3YUK3: 0.038548): 0.004273): 0.003101, (((Q7U4I4: 0.011581, (Q3AMP6: 0.011581, (Q3AW77: 0.000000, Q05ZH5: 0.000000): 0.011581): 0.000000): 0.033167, (A3Z8W4: 0.010831, (A4CSN1: 0.000000, A5GIS9: 0.000000): 0.010831): 0.033916): 0.001175, (Q05QC9: 0.040054, ((Q46IS5: 0.000000, A2C4Y3: 0.000000): 0.028147, (A9BCN1: 0.023106, (Q7V9X8: 0.018406, ((Q318K0: 0.003356, (A8G745: 0.003356, (A3PF31: 0.001509, A2BTC1: 0.001509): 0.001847): 0.000000): 0.003306, (Q7UZW0: 0.002708, A2BYS0: 0.002708): 0.003954): 0.011744): 0.004700): 0.005041): 0.011906): 0.005869): 0.000000): 0.000000): 0.090799): 0.065075, (((Q2JIL1: 0.018607, Q2JV93: 0.018607): 0.157156, (Q110C3: 0.139224, (A0YJS7: 0.094974, B5W6R5: 0.094974): 0.044251): 0.036539): 0.006386, (B0C1E9: 0.152548, (((B9YIT7: 0.013678, (Q8YPJ5: 0.010752, (Q3MFA5: 0.010752, (B2ITN9: 0.007299, A0ZG59: 0.007299): 0.003452): 0.000000): 0.002926): 0.122672, (B1XJJ1: 0.108128, (P73304: 0.066075, ((B4B3P0: 0.000000, B7KI03: 0.000000): 0.060496, (B0JHY7: 0.048020, ((B7K232: 0.000000, C7QS46: 0.000000): 0.027920, (Q4C155: 0.007033, (B1WQS7: 0.002060, A3IQ20: 0.002060): 0.004973): 0.020886): 0.020100): 0.012476): 0.005579): 0.042053): 0.028223): 0.016198, (P59126: 0.070551, B8HMS0: 0.070551): 0.081997): 0.000000): 0.029601): 0.019647): 0.054519): 0.172930): 0.121446): 0.000001);

(16_B7LRR9, 14_B7N187, (15_P0A7W1, ((6_A6QCR5, (((3_P66572, 4_Q7M8E9) 72 , (8_D1B4E6, ((12_Q4HE58, 11_A7H639) 75 , (10_A8FP04, (9_Q4HQW4, 13_B9KEF7) 77 ) 76 ) 74 ) 73 ) 71 , ((7_B9L6L6, 1_A8ESW0) 79 , (2_Q30TU7, 5_A6Q1J5) 80 ) 78 ) 70 ) 69 , (65_Q7NEG9, (((34_Q31L23, 33_O24705) 84 , ((47_A2CC44, 51_Q7V529) 86 , ((64_Q0ID21, (56_A5GVX6, 42_A3YUK3) 89 ) 88 , (((58_Q7U4I4, (59_Q3AMP6, (53_Q3AW77, 54_Q05ZH5) 94 ) 93 ) 92 , (61_A3Z8W4, (62_A4CSN1, 63_A5GIS9) 96 ) 95 ) 91 , (55_Q05QC9, ((49_Q46IS5, 50_A2C4Y3) 99 , (43_A9BCN1, (57_Q7V9X8, ((45_Q318K0, (44_A8G745, (46_A3PF31, 48_A2BTC1) 105 ) 104 ) 103 , (52_Q7UZW0, 60_A2BYS0) 106 ) 102 ) 101 ) 100 ) 98 ) 97 ) 90 ) 87 ) 85 ) 83 , (((35_Q2JIL1, 38_Q2JV93) 109 , (31_Q110C3, (20_A0YJS7, 37_B5W6R5) 111 ) 110 ) 108 , (19_B0C1E9, (((22_B9YIT7, (18_Q8YPJ5, (17_Q3MFA5, (24_B2ITN9, 23_A0ZG59) 118 ) 117 ) 116 ) 115 , (21_B1XJJ1, (36_P73304, ((39_B4B3P0, 40_B7KI03) 122 , (25_B0JHY7, ((26_B7K232, 27_C7QS46) 125 , (28_Q4C155, (29_B1WQS7, 30_A3IQ20) 127 ) 126 ) 124 ) 123 ) 121 ) 120 ) 119 ) 114 , (41_P59126, 32_B8HMS0) 128 ) 113 ) 112 ) 107 ) 82 ) 81 ) 68 ) 67 ) 66 ;

Detailed output identifying parameters

alpha (gamma, K = 4) =  0.58729
rate:   0.05050  0.30513  0.87469  2.76968
freq:   0.25000  0.25000  0.25000  0.25000

Time used:  3:14
