AAML (in paml version 4.6, August 2012)  271.aa
Model: Empirical_F for branches,  Global clock  (../../../bin/LG.dat) dGamma (ncatG=4) ns =  65  ls = 275


Frequencies..
                                    A      R      N      D      C      Q      E      G      H      I      L      K      M      F      P      S      T      W      Y      V
A8ET75                         0.10182 0.02909 0.04727 0.06545 0.00364 0.04727 0.06909 0.06545 0.01818 0.10182 0.09818 0.08364 0.01818 0.04000 0.02545 0.05818 0.05818 0.00364 0.00727 0.05818
A6Q3V7                         0.10545 0.02545 0.02545 0.06182 0.00364 0.02182 0.08364 0.08000 0.02909 0.08727 0.10182 0.10182 0.01818 0.02545 0.03636 0.03273 0.05818 0.00364 0.02545 0.07273
D1B1E2                         0.09455 0.02545 0.02909 0.07273 0.00364 0.03273 0.06182 0.07273 0.02182 0.12000 0.10545 0.08364 0.00727 0.02545 0.02909 0.05091 0.06909 0.00364 0.03636 0.05455
A6Q7U7                         0.09818 0.04727 0.04364 0.06545 0.00000 0.04000 0.08727 0.07636 0.01091 0.10909 0.08727 0.07636 0.02182 0.03273 0.02182 0.04364 0.05455 0.00364 0.02545 0.05455
Q30SB0                         0.10182 0.02182 0.04364 0.05091 0.00364 0.02182 0.06909 0.07636 0.02545 0.10545 0.10545 0.09091 0.00727 0.03273 0.02909 0.05818 0.06909 0.00364 0.03636 0.04727
B9L6D4                         0.09091 0.01091 0.04364 0.05818 0.00000 0.02182 0.08727 0.08364 0.01818 0.11273 0.09091 0.12727 0.00364 0.03636 0.02909 0.03273 0.05818 0.00727 0.01091 0.07636
Q4HRX6                         0.10545 0.02909 0.04727 0.06182 0.00727 0.03636 0.08000 0.06909 0.01091 0.08000 0.12364 0.09818 0.01455 0.03636 0.02182 0.02909 0.05455 0.00364 0.03273 0.05818
Q4HGZ8                         0.09091 0.02909 0.03636 0.06182 0.00364 0.04364 0.08727 0.08727 0.01091 0.08364 0.12727 0.09455 0.01091 0.04364 0.01818 0.02909 0.04364 0.00364 0.02545 0.06909
Q7MAR7                         0.08364 0.04364 0.01818 0.04364 0.00364 0.03636 0.09091 0.08727 0.02182 0.09091 0.13091 0.07273 0.01091 0.02545 0.02182 0.06182 0.06909 0.00364 0.02545 0.05818
A8FMR1                         0.09455 0.02545 0.04364 0.06182 0.00364 0.04364 0.08364 0.07636 0.01091 0.07636 0.12364 0.10182 0.00727 0.04000 0.01818 0.02909 0.05091 0.00364 0.03273 0.07273
A7H2H1                         0.08727 0.02545 0.04727 0.05818 0.00364 0.03636 0.09091 0.07636 0.01091 0.08727 0.12000 0.10545 0.00364 0.04364 0.01455 0.03273 0.04727 0.00364 0.02909 0.07636
B9KD93                         0.10545 0.02545 0.04000 0.05818 0.00364 0.04000 0.09455 0.07636 0.01091 0.09091 0.12000 0.09091 0.00727 0.03273 0.02182 0.02182 0.04000 0.00364 0.04000 0.07636
O25458                         0.08000 0.02182 0.03273 0.06182 0.00364 0.03636 0.07636 0.07636 0.01818 0.08727 0.13818 0.10545 0.00727 0.04364 0.01818 0.05455 0.06182 0.00364 0.02182 0.05091
B7LSS5                         0.10909 0.05818 0.02545 0.06545 0.00000 0.05091 0.07636 0.08364 0.01455 0.08000 0.10545 0.07273 0.02182 0.04000 0.01455 0.03273 0.06545 0.00364 0.00364 0.07636
P10121                         0.10909 0.05818 0.02545 0.06545 0.00000 0.05091 0.07636 0.08364 0.01455 0.08000 0.10545 0.07273 0.02182 0.04000 0.01455 0.03636 0.06182 0.00364 0.00364 0.07636
B7N1Q2                         0.10909 0.05818 0.02545 0.06545 0.00000 0.05091 0.07636 0.08364 0.01455 0.08000 0.10545 0.07273 0.02182 0.04000 0.01455 0.03636 0.06182 0.00364 0.00364 0.07636
A5GPV5                         0.14182 0.07636 0.04364 0.07636 0.00364 0.04364 0.05455 0.08727 0.00000 0.02909 0.14909 0.03273 0.01818 0.02909 0.01818 0.04727 0.04364 0.00727 0.00364 0.09455
Q7NP07                         0.12727 0.07273 0.02182 0.05818 0.00000 0.05091 0.06545 0.09455 0.00364 0.06182 0.12727 0.05818 0.00727 0.02545 0.02545 0.04000 0.05455 0.00727 0.00727 0.09091
B5W2M1                         0.12727 0.05455 0.03273 0.05455 0.00000 0.05818 0.07636 0.08727 0.00364 0.06909 0.13091 0.06182 0.00364 0.01818 0.02182 0.03636 0.05091 0.01091 0.01455 0.08727
B4B1N3                         0.12364 0.05455 0.04364 0.05091 0.00364 0.04727 0.08000 0.09091 0.00364 0.07273 0.12727 0.07273 0.00727 0.02182 0.02182 0.03636 0.05091 0.00727 0.01455 0.06909
Q3MGI3                         0.12000 0.05455 0.02909 0.05455 0.00364 0.05818 0.06182 0.09455 0.00364 0.06909 0.12364 0.07636 0.00727 0.02182 0.02182 0.05091 0.05091 0.00727 0.01455 0.07636
Q8YW57                         0.12000 0.05455 0.02909 0.05455 0.00364 0.06182 0.06182 0.09455 0.00364 0.07273 0.12364 0.07273 0.00727 0.02182 0.02182 0.05091 0.05091 0.00727 0.01455 0.07273
A0ZE01                         0.14182 0.04727 0.03273 0.05091 0.00364 0.05818 0.06182 0.09455 0.00364 0.06545 0.12364 0.07636 0.01091 0.02182 0.02182 0.03273 0.05455 0.00727 0.01455 0.07636
B2J3F2                         0.13091 0.05091 0.03273 0.05091 0.00364 0.05818 0.06182 0.09455 0.00364 0.06545 0.12364 0.07636 0.00727 0.02545 0.01818 0.04000 0.05818 0.00727 0.01091 0.08000
B9YHJ3                         0.12364 0.05455 0.03273 0.06182 0.00364 0.05455 0.05455 0.09455 0.01091 0.06909 0.12000 0.06909 0.01091 0.02545 0.01818 0.04364 0.05455 0.00727 0.01091 0.08000
B8HWA3                         0.13455 0.06182 0.02909 0.05091 0.00364 0.06909 0.05818 0.09455 0.00364 0.07273 0.12000 0.05818 0.01091 0.02182 0.01818 0.02545 0.06545 0.00727 0.01091 0.08364
P73930                         0.13091 0.05091 0.04364 0.05091 0.00364 0.05091 0.07273 0.08727 0.00000 0.06182 0.12364 0.06182 0.00727 0.02545 0.02545 0.04364 0.05091 0.00727 0.01455 0.08727
B1WPW1                         0.13091 0.05091 0.04364 0.05818 0.00364 0.05818 0.06545 0.08364 0.00364 0.06545 0.13818 0.06545 0.00727 0.02182 0.02182 0.04000 0.05455 0.00727 0.01455 0.06545
Q2JPH7                         0.14545 0.06545 0.02545 0.04364 0.00364 0.05818 0.08000 0.07636 0.00364 0.06545 0.11636 0.07636 0.01818 0.02182 0.02545 0.02909 0.05091 0.00727 0.01091 0.07636
B1XMP3                         0.13455 0.06182 0.02909 0.06545 0.00364 0.05818 0.06545 0.09091 0.00364 0.06182 0.12727 0.05818 0.00727 0.02182 0.02545 0.02909 0.05818 0.00727 0.01455 0.07636
C7QPJ6                         0.12000 0.05455 0.04364 0.04727 0.00364 0.05818 0.07636 0.08727 0.00364 0.06545 0.13091 0.06909 0.01455 0.02182 0.02182 0.04364 0.05455 0.00727 0.01455 0.06182
B7K309                         0.12000 0.05455 0.04364 0.04727 0.00364 0.05818 0.07636 0.08727 0.00364 0.06545 0.13091 0.06909 0.01455 0.02182 0.02182 0.04364 0.05455 0.00727 0.01455 0.06182
Q2JWA2                         0.13455 0.06545 0.02545 0.03636 0.00364 0.06545 0.08364 0.07273 0.00364 0.06909 0.11636 0.06909 0.02545 0.02182 0.02545 0.02909 0.06182 0.00727 0.01091 0.07273
A3IMX6                         0.13091 0.05091 0.04364 0.05455 0.00364 0.06545 0.06909 0.08364 0.00364 0.06545 0.13818 0.05818 0.00727 0.02182 0.02182 0.04000 0.05455 0.00727 0.01455 0.06545
Q4BWX8                         0.12727 0.04727 0.04364 0.05091 0.00364 0.06545 0.06909 0.08364 0.00364 0.06182 0.14545 0.06182 0.00727 0.02182 0.02182 0.04727 0.05091 0.00727 0.01455 0.06545
A3Z3V6                         0.14182 0.08364 0.02909 0.06182 0.00000 0.04000 0.07273 0.09455 0.00364 0.03636 0.13818 0.03636 0.01455 0.02909 0.02545 0.03636 0.04727 0.00727 0.00364 0.09818
Q7UA85                         0.13091 0.08000 0.02909 0.06909 0.00000 0.04727 0.05455 0.09818 0.00364 0.04000 0.13818 0.04000 0.01455 0.02545 0.02545 0.04364 0.05091 0.00727 0.00727 0.09455
Q3ANN9                         0.13091 0.08000 0.02909 0.06909 0.00000 0.04727 0.06545 0.09455 0.00364 0.03636 0.13818 0.03636 0.01455 0.02909 0.02545 0.04727 0.04727 0.00727 0.00364 0.09455
Q3B0Z2                         0.12727 0.08000 0.03273 0.06545 0.00000 0.04364 0.07273 0.09455 0.00364 0.03636 0.13818 0.03273 0.01455 0.02909 0.02545 0.04364 0.05091 0.00727 0.00364 0.09818
Q0IE72                         0.13818 0.07636 0.02909 0.07636 0.00000 0.05091 0.05818 0.08727 0.00727 0.02909 0.13818 0.03636 0.01091 0.02909 0.02545 0.04364 0.04727 0.00727 0.00364 0.10545
A4CWT1                         0.13818 0.07636 0.03273 0.08000 0.00000 0.04364 0.05091 0.09091 0.00364 0.02909 0.13091 0.04000 0.01818 0.02909 0.02545 0.04364 0.05091 0.00727 0.00364 0.10545
A5GHM2                         0.13455 0.07636 0.03273 0.08000 0.00000 0.04364 0.05455 0.09091 0.00364 0.02909 0.13091 0.04000 0.01818 0.02909 0.02545 0.04364 0.05091 0.00727 0.00364 0.10545
Q5N1J8                         0.14909 0.06545 0.02182 0.06909 0.00727 0.08000 0.04727 0.07636 0.00364 0.05091 0.14182 0.05091 0.00364 0.02182 0.02182 0.04000 0.05455 0.00727 0.01091 0.07636
Q31KB7                         0.14909 0.06545 0.02182 0.06909 0.00727 0.08000 0.04727 0.07636 0.00364 0.05091 0.14182 0.05091 0.00364 0.02182 0.02182 0.04000 0.05455 0.00727 0.01091 0.07636
B0C5Q3                         0.12727 0.04727 0.03636 0.06545 0.00364 0.05455 0.05455 0.08364 0.00727 0.06545 0.12364 0.06545 0.01455 0.02182 0.02182 0.04727 0.06182 0.00727 0.01091 0.08000
B7KFR9                         0.12727 0.05455 0.04000 0.05091 0.00364 0.05091 0.08000 0.09455 0.00364 0.06909 0.12727 0.06545 0.01091 0.02182 0.02182 0.04000 0.04727 0.00727 0.01455 0.06909
A3YWH3                         0.13091 0.08000 0.03273 0.05455 0.00364 0.02909 0.07273 0.09455 0.00727 0.02909 0.14182 0.03273 0.01091 0.02545 0.02545 0.05455 0.05091 0.00727 0.00727 0.10909
A3PA57                         0.10182 0.04727 0.04727 0.08364 0.00000 0.01818 0.06182 0.07273 0.00000 0.06545 0.13455 0.09455 0.00727 0.02545 0.01818 0.06909 0.05455 0.00727 0.01091 0.08000
Q062H5                         0.13091 0.08000 0.03273 0.07273 0.00000 0.04364 0.06545 0.09455 0.00364 0.03273 0.13818 0.03273 0.01455 0.02909 0.02182 0.04364 0.05091 0.00727 0.00364 0.10182
A2BTW6                         0.09818 0.04727 0.05091 0.08000 0.00000 0.02182 0.06182 0.08000 0.00364 0.06182 0.13091 0.09091 0.00364 0.02909 0.01818 0.07636 0.04727 0.00727 0.00727 0.08364
Q05UU4                         0.13455 0.07273 0.03273 0.06909 0.00000 0.04364 0.06909 0.08727 0.00364 0.03636 0.13455 0.04000 0.01818 0.02909 0.02545 0.04364 0.05091 0.00727 0.00364 0.09818
B0JNC6                         0.12000 0.05091 0.03273 0.04727 0.00364 0.05091 0.08364 0.08727 0.00364 0.07273 0.12000 0.07636 0.01091 0.01818 0.01818 0.04727 0.05091 0.00727 0.01818 0.08000
Q118A5                         0.12364 0.05455 0.04000 0.05818 0.00364 0.04364 0.06182 0.07636 0.00727 0.07273 0.13455 0.08000 0.01091 0.02182 0.01818 0.04000 0.05455 0.00727 0.01455 0.07636
Q7VEK2                         0.11273 0.05818 0.04727 0.06545 0.00364 0.03636 0.06545 0.08000 0.00000 0.05455 0.13455 0.06182 0.00727 0.04000 0.02182 0.05818 0.06182 0.00727 0.00000 0.08364
A0YNM7                         0.12364 0.06545 0.02909 0.04727 0.00364 0.04364 0.08727 0.08727 0.00364 0.07636 0.12364 0.05818 0.01091 0.02182 0.02182 0.04000 0.05455 0.01091 0.01091 0.08000
Q46I52                         0.11273 0.05091 0.04000 0.06182 0.00000 0.03273 0.07273 0.07636 0.00000 0.05091 0.13818 0.08000 0.01455 0.03273 0.01818 0.06909 0.05455 0.00727 0.00000 0.08727
A2BZB3                         0.11273 0.05091 0.04000 0.06182 0.00000 0.03273 0.07273 0.07636 0.00000 0.05091 0.13818 0.08000 0.01455 0.03273 0.01818 0.06909 0.05455 0.00727 0.00000 0.08727
Q8DKD1                         0.14545 0.06909 0.02545 0.05091 0.00364 0.06909 0.05818 0.09455 0.00364 0.08364 0.12364 0.05455 0.00727 0.02545 0.01455 0.02909 0.06182 0.00727 0.00727 0.06545
A2C5K7                         0.14545 0.08727 0.03636 0.06182 0.00364 0.04000 0.06545 0.08364 0.00364 0.04000 0.13818 0.03273 0.01091 0.03273 0.02545 0.03636 0.05455 0.00727 0.00364 0.09091
A8G1Z7                         0.10182 0.04364 0.05091 0.08364 0.00000 0.01818 0.06182 0.07273 0.00000 0.06545 0.13455 0.09455 0.00364 0.02909 0.01818 0.06909 0.05818 0.00727 0.00727 0.08000
Q7V3Q9                         0.10182 0.04727 0.05455 0.08364 0.00000 0.02182 0.06182 0.07636 0.00000 0.07273 0.12727 0.09455 0.00364 0.02909 0.01818 0.07273 0.04364 0.00727 0.00727 0.07636
A2BND6                         0.09455 0.04364 0.04727 0.08727 0.00000 0.01818 0.05818 0.07636 0.00000 0.06545 0.13091 0.09818 0.00727 0.02545 0.01818 0.07273 0.05455 0.00727 0.01091 0.08364
Q7V9D8                         0.14545 0.08727 0.03636 0.06182 0.00364 0.04000 0.06545 0.08364 0.00364 0.04000 0.13818 0.03273 0.01091 0.03273 0.02545 0.03273 0.05818 0.00727 0.00364 0.09091
Q31DH4                         0.09455 0.04364 0.05091 0.08000 0.00000 0.02182 0.06182 0.07636 0.00000 0.06545 0.13091 0.09455 0.00727 0.02545 0.01818 0.07273 0.05455 0.00727 0.01091 0.08364
A9B9K7                         0.12727 0.06909 0.04727 0.05455 0.00364 0.04727 0.06545 0.07636 0.00364 0.06182 0.13818 0.05091 0.00727 0.04000 0.02182 0.04727 0.05091 0.00727 0.00364 0.07636

Homogeneity statistic: X2 = 4.09465 G = 4.15784 

Average                        0.11978 0.05466 0.03620 0.06182 0.00246 0.04559 0.06948 0.08414 0.00655 0.06573 0.12683 0.06876 0.01113 0.02836 0.02182 0.04464 0.05438 0.00655 0.01242 0.07871

# constant sites:     49 (17.82%)
ln Lmax (unconstrained) = -1472.332098

AA distances (raw proportions of different sites)

A8ET75         
A6Q3V7           0.3709
D1B1E2           0.4145  0.3636
A6Q7U7           0.4145  0.3564  0.3964
Q30SB0           0.4036  0.3200  0.4036  0.4073
B9L6D4           0.4218  0.3636  0.3927  0.4327  0.4000
Q4HRX6           0.4255  0.4109  0.3564  0.4473  0.4291  0.4436
Q4HGZ8           0.4218  0.4073  0.3527  0.4509  0.4327  0.4218  0.1564
Q7MAR7           0.4364  0.4109  0.3891  0.4436  0.4291  0.4618  0.4582  0.4545
A8FMR1           0.4400  0.3964  0.3345  0.4291  0.4255  0.4364  0.1600  0.1236  0.4655
A7H2H1           0.4473  0.4000  0.3309  0.4327  0.4291  0.4182  0.1745  0.1273  0.4691  0.0400
B9KD93           0.4545  0.4327  0.3964  0.4764  0.4400  0.4727  0.2436  0.2400  0.4618  0.2255  0.2327
O25458           0.4909  0.4800  0.4909  0.5200  0.4800  0.5273  0.5164  0.5200  0.4291  0.5309  0.5345  0.5382
B7LSS5           0.5418  0.5564  0.6000  0.5673  0.5382  0.5345  0.5855  0.5709  0.5745  0.5745  0.5709  0.5709  0.5709
P10121           0.5455  0.5564  0.6000  0.5673  0.5418  0.5382  0.5855  0.5709  0.5709  0.5745  0.5709  0.5709  0.5745  0.0036
B7N1Q2           0.5455  0.5564  0.6000  0.5673  0.5418  0.5382  0.5855  0.5709  0.5709  0.5745  0.5709  0.5709  0.5745  0.0036  0.0000
A5GPV5           0.6327  0.6109  0.6473  0.6218  0.6218  0.6218  0.6182  0.6109  0.6400  0.6291  0.6255  0.6145  0.6618  0.4982  0.4982  0.4982
Q7NP07           0.5964  0.6000  0.6073  0.6000  0.6000  0.5782  0.5709  0.5673  0.5964  0.5745  0.5745  0.5745  0.6182  0.5164  0.5164  0.5164  0.3927
B5W2M1           0.6182  0.6109  0.6182  0.6073  0.6109  0.5709  0.6145  0.5855  0.6073  0.6036  0.5927  0.6073  0.6255  0.5091  0.5091  0.5091  0.3891  0.3127
B4B1N3           0.6145  0.6073  0.6182  0.6255  0.6036  0.5709  0.6036  0.5855  0.6000  0.6036  0.5964  0.6036  0.6400  0.4945  0.4945  0.4945  0.3673  0.3309  0.2073
Q3MGI3           0.6182  0.6182  0.6291  0.6327  0.6145  0.5818  0.6145  0.5855  0.6291  0.6073  0.6000  0.6000  0.6400  0.5200  0.5200  0.5200  0.3636  0.3345  0.1709  0.1600
Q8YW57           0.6218  0.6218  0.6327  0.6291  0.6145  0.5855  0.6182  0.5891  0.6255  0.6109  0.6036  0.6036  0.6400  0.5200  0.5200  0.5200  0.3673  0.3345  0.1673  0.1600  0.0073
A0ZE01           0.6218  0.6182  0.6327  0.6291  0.6145  0.5745  0.6000  0.5782  0.6218  0.6000  0.5964  0.6000  0.6473  0.5236  0.5236  0.5236  0.3527  0.3345  0.1673  0.1636  0.0655  0.0655
B2J3F2           0.6218  0.6109  0.6218  0.6291  0.6036  0.5818  0.6073  0.5891  0.6291  0.6073  0.5964  0.6000  0.6473  0.5200  0.5200  0.5200  0.3527  0.3418  0.1709  0.1491  0.0764  0.0764  0.0764
B9YHJ3           0.6218  0.6109  0.6291  0.6255  0.6000  0.5818  0.6182  0.5891  0.6255  0.6145  0.6073  0.6109  0.6473  0.5345  0.5345  0.5345  0.3636  0.3564  0.1964  0.1782  0.0982  0.1018  0.1091  0.0727
B8HWA3           0.6291  0.6182  0.6291  0.6218  0.6073  0.5782  0.6036  0.5891  0.6145  0.6036  0.6000  0.5927  0.6364  0.5055  0.5055  0.5055  0.3636  0.3055  0.2182  0.1891  0.1855  0.1855  0.1673  0.1709  0.1891
P73930           0.6036  0.5855  0.6109  0.6073  0.5818  0.5600  0.5782  0.5636  0.6073  0.5855  0.5782  0.5745  0.6327  0.4873  0.4873  0.4873  0.3564  0.3345  0.2291  0.1345  0.1782  0.1818  0.1855  0.1818  0.1964  0.2255
B1WPW1           0.6000  0.6145  0.6182  0.6182  0.6036  0.5673  0.5964  0.5818  0.6036  0.5891  0.5818  0.5927  0.6327  0.4873  0.4873  0.4873  0.3818  0.3455  0.2291  0.1345  0.1927  0.1891  0.1855  0.1855  0.2182  0.2255  0.1636
Q2JPH7           0.6073  0.5891  0.6109  0.6109  0.5891  0.5636  0.5927  0.5818  0.6109  0.5927  0.5891  0.5745  0.6327  0.5091  0.5091  0.5091  0.3382  0.2945  0.2436  0.2291  0.2109  0.2145  0.2036  0.2109  0.2327  0.2400  0.2545  0.2655
B1XMP3           0.6109  0.6073  0.6255  0.6218  0.6109  0.5709  0.6109  0.5891  0.6109  0.5964  0.5927  0.6000  0.6400  0.4945  0.4945  0.4945  0.3745  0.3382  0.2255  0.1382  0.1745  0.1745  0.1855  0.1855  0.2073  0.2036  0.1636  0.1418  0.2473
C7QPJ6           0.6036  0.5964  0.6218  0.6182  0.5855  0.5600  0.6000  0.5818  0.6000  0.5927  0.5855  0.6000  0.6327  0.4836  0.4836  0.4836  0.3600  0.3527  0.2145  0.1127  0.1673  0.1636  0.1782  0.1527  0.1891  0.2073  0.1600  0.1236  0.2473  0.1527
B7K309           0.6036  0.5964  0.6218  0.6182  0.5855  0.5600  0.6000  0.5818  0.6000  0.5927  0.5855  0.6000  0.6327  0.4836  0.4836  0.4836  0.3600  0.3527  0.2145  0.1127  0.1673  0.1636  0.1782  0.1527  0.1891  0.2073  0.1600  0.1236  0.2473  0.1527  0.0000
Q2JWA2           0.6182  0.5927  0.6182  0.6036  0.5964  0.5782  0.5964  0.5891  0.6036  0.6000  0.5964  0.5709  0.6473  0.5018  0.5018  0.5018  0.3345  0.3018  0.2691  0.2655  0.2509  0.2545  0.2364  0.2545  0.2764  0.2436  0.2836  0.3018  0.0727  0.2836  0.2836  0.2836
A3IMX6           0.6109  0.6145  0.6327  0.6145  0.6073  0.5673  0.6073  0.5891  0.6109  0.6000  0.5927  0.6036  0.6327  0.4800  0.4800  0.4800  0.3745  0.3491  0.2400  0.1345  0.2000  0.1964  0.1964  0.2036  0.2327  0.2291  0.1636  0.0255  0.2764  0.1527  0.1309  0.1309  0.3055
Q4BWX8           0.6182  0.6182  0.6364  0.6182  0.6145  0.5709  0.6145  0.5964  0.6182  0.6036  0.5964  0.6109  0.6400  0.4873  0.4873  0.4873  0.3818  0.3564  0.2582  0.1527  0.2073  0.2036  0.2073  0.2145  0.2473  0.2473  0.1673  0.0436  0.2873  0.1673  0.1382  0.1382  0.3127  0.0255
A3Z3V6           0.6364  0.6073  0.6364  0.6364  0.6364  0.6109  0.6182  0.5818  0.6364  0.6145  0.6109  0.6109  0.6545  0.5127  0.5127  0.5127  0.1782  0.4000  0.3782  0.3491  0.3600  0.3636  0.3636  0.3527  0.3600  0.3455  0.3527  0.3745  0.3455  0.3600  0.3600  0.3600  0.3527  0.3709  0.3782
Q7UA85           0.6364  0.6073  0.6436  0.6291  0.6364  0.6109  0.6400  0.6036  0.6364  0.6327  0.6291  0.6400  0.6545  0.5055  0.5055  0.5055  0.1818  0.3855  0.3855  0.3600  0.3491  0.3527  0.3455  0.3455  0.3491  0.3382  0.3636  0.3818  0.3527  0.3600  0.3636  0.3636  0.3418  0.3745  0.3818  0.0945
Q3ANN9           0.6400  0.6145  0.6400  0.6327  0.6509  0.6145  0.6327  0.6000  0.6255  0.6291  0.6255  0.6364  0.6582  0.5091  0.5091  0.5091  0.1782  0.3818  0.3818  0.3527  0.3491  0.3527  0.3455  0.3418  0.3527  0.3345  0.3564  0.3745  0.3527  0.3564  0.3600  0.3600  0.3418  0.3709  0.3782  0.0873  0.0291
Q3B0Z2           0.6291  0.6109  0.6509  0.6400  0.6545  0.6218  0.6400  0.6073  0.6400  0.6364  0.6327  0.6291  0.6509  0.5091  0.5091  0.5091  0.1818  0.3855  0.3673  0.3491  0.3455  0.3491  0.3382  0.3382  0.3491  0.3273  0.3527  0.3673  0.3455  0.3491  0.3527  0.3527  0.3382  0.3600  0.3709  0.0873  0.0473  0.0364
Q0IE72           0.6364  0.5964  0.6218  0.6145  0.6291  0.6109  0.6145  0.5855  0.6400  0.6109  0.6036  0.6109  0.6436  0.5055  0.5055  0.5055  0.1745  0.3927  0.3927  0.3709  0.3745  0.3782  0.3673  0.3527  0.3600  0.3600  0.3600  0.3782  0.3636  0.3600  0.3745  0.3745  0.3636  0.3745  0.3818  0.1018  0.0945  0.0945  0.1091
A4CWT1           0.6327  0.5964  0.6327  0.6145  0.6291  0.6109  0.6182  0.5891  0.6436  0.6145  0.6109  0.6145  0.6473  0.4982  0.4982  0.4982  0.1709  0.3964  0.3818  0.3745  0.3636  0.3673  0.3600  0.3564  0.3600  0.3600  0.3564  0.3818  0.3709  0.3527  0.3600  0.3600  0.3709  0.3782  0.3855  0.1055  0.1018  0.0982  0.1127  0.0364
A5GHM2           0.6327  0.5927  0.6291  0.6145  0.6255  0.6145  0.6182  0.5855  0.6436  0.6109  0.6036  0.6145  0.6473  0.5018  0.5018  0.5018  0.1782  0.3927  0.3818  0.3818  0.3709  0.3745  0.3673  0.3564  0.3636  0.3600  0.3636  0.3855  0.3673  0.3600  0.3673  0.3673  0.3673  0.3818  0.3891  0.1055  0.1055  0.1055  0.1200  0.0364  0.0145
Q5N1J8           0.6109  0.6073  0.6109  0.6073  0.6145  0.5782  0.6109  0.5745  0.6145  0.5964  0.5964  0.5927  0.6400  0.5091  0.5091  0.5091  0.3491  0.3236  0.2400  0.2255  0.2145  0.2145  0.2218  0.2218  0.2364  0.2291  0.2182  0.2364  0.2545  0.2255  0.2255  0.2255  0.2691  0.2473  0.2618  0.3636  0.3527  0.3600  0.3527  0.3673  0.3673  0.3709
Q31KB7           0.6109  0.6073  0.6109  0.6073  0.6145  0.5782  0.6109  0.5745  0.6145  0.5964  0.5964  0.5927  0.6400  0.5091  0.5091  0.5091  0.3491  0.3236  0.2400  0.2255  0.2145  0.2145  0.2218  0.2218  0.2364  0.2291  0.2182  0.2364  0.2545  0.2255  0.2255  0.2255  0.2691  0.2473  0.2618  0.3636  0.3527  0.3600  0.3527  0.3673  0.3673  0.3709  0.0000
B0C5Q3           0.6109  0.6109  0.6255  0.6291  0.6182  0.5745  0.6145  0.5891  0.6145  0.5927  0.5927  0.5964  0.6291  0.4909  0.4909  0.4909  0.3709  0.3309  0.2509  0.1964  0.2000  0.2036  0.2145  0.2000  0.2145  0.1891  0.2109  0.2145  0.2727  0.1964  0.2109  0.2109  0.3055  0.2255  0.2364  0.3673  0.3636  0.3600  0.3564  0.3673  0.3600  0.3636  0.2400  0.2400
B7KFR9           0.6145  0.6000  0.6182  0.6182  0.5964  0.5673  0.5964  0.5782  0.6000  0.5964  0.5891  0.6000  0.6436  0.4909  0.4909  0.4909  0.3527  0.3309  0.2145  0.0400  0.1673  0.1673  0.1709  0.1564  0.1855  0.1927  0.1236  0.1236  0.2255  0.1273  0.1091  0.1091  0.2582  0.1236  0.1382  0.3382  0.3564  0.3491  0.3455  0.3600  0.3636  0.3709  0.2291  0.2291  0.1855
A3YWH3           0.6473  0.6036  0.6364  0.6400  0.6364  0.6255  0.6255  0.5927  0.6364  0.6255  0.6182  0.6145  0.6400  0.5055  0.5055  0.5055  0.1891  0.3709  0.3673  0.3491  0.3564  0.3600  0.3455  0.3382  0.3527  0.3455  0.3309  0.3709  0.3455  0.3491  0.3600  0.3600  0.3382  0.3673  0.3709  0.1309  0.1564  0.1455  0.1491  0.1418  0.1600  0.1527  0.3527  0.3527  0.3491  0.3418
A3PA57           0.6291  0.6036  0.6327  0.6400  0.6364  0.6145  0.6291  0.6145  0.6218  0.6109  0.6036  0.6182  0.6182  0.5345  0.5345  0.5345  0.3418  0.4036  0.4109  0.3636  0.3673  0.3709  0.3673  0.3600  0.3891  0.3782  0.3636  0.3818  0.3709  0.3673  0.3745  0.3745  0.3927  0.3927  0.4036  0.2945  0.2909  0.2909  0.2909  0.3091  0.3127  0.3164  0.3709  0.3709  0.3673  0.3673  0.3236
Q062H5           0.6364  0.6109  0.6473  0.6400  0.6582  0.6255  0.6327  0.6073  0.6364  0.6327  0.6291  0.6327  0.6545  0.5164  0.5164  0.5164  0.1782  0.3818  0.3709  0.3564  0.3527  0.3564  0.3491  0.3455  0.3564  0.3382  0.3636  0.3782  0.3527  0.3600  0.3636  0.3636  0.3455  0.3745  0.3818  0.0982  0.0509  0.0400  0.0145  0.1091  0.1127  0.1200  0.3600  0.3600  0.3636  0.3527  0.1600  0.2982
A2BTW6           0.6218  0.6109  0.6327  0.6364  0.6400  0.6218  0.6218  0.6073  0.6364  0.6109  0.6073  0.6182  0.6145  0.5309  0.5309  0.5309  0.3164  0.4000  0.4036  0.3709  0.3491  0.3527  0.3564  0.3527  0.3673  0.3818  0.3709  0.3891  0.3673  0.3745  0.3709  0.3709  0.3891  0.3927  0.4036  0.2836  0.2800  0.2727  0.2800  0.2873  0.2836  0.2873  0.3891  0.3891  0.3782  0.3745  0.2945  0.0982  0.2873
Q05UU4           0.6436  0.6109  0.6400  0.6509  0.6400  0.6182  0.6255  0.5855  0.6436  0.6182  0.6145  0.6327  0.6691  0.5164  0.5164  0.5164  0.2000  0.4000  0.3709  0.3527  0.3564  0.3600  0.3527  0.3418  0.3491  0.3564  0.3527  0.3709  0.3527  0.3491  0.3491  0.3491  0.3600  0.3673  0.3745  0.0691  0.0982  0.0909  0.0982  0.0945  0.0909  0.0909  0.3673  0.3673  0.3636  0.3418  0.1491  0.3055  0.1018  0.2836
B0JNC6           0.6255  0.5782  0.6218  0.6145  0.5855  0.5527  0.6036  0.5891  0.6182  0.5891  0.5818  0.5891  0.6291  0.4873  0.4873  0.4873  0.3855  0.3491  0.2182  0.1527  0.1782  0.1818  0.1891  0.1818  0.2073  0.2036  0.1600  0.1782  0.2545  0.1782  0.1418  0.1418  0.2873  0.1709  0.1818  0.3745  0.3782  0.3745  0.3673  0.3855  0.3818  0.3891  0.2364  0.2364  0.2291  0.1491  0.3491  0.3745  0.3782  0.3818  0.3673
Q118A5           0.6327  0.6255  0.6473  0.6545  0.6255  0.5964  0.6218  0.6036  0.6473  0.6073  0.6000  0.5964  0.6364  0.5091  0.5091  0.5091  0.3745  0.3345  0.2109  0.1927  0.1673  0.1673  0.1709  0.1636  0.1818  0.2109  0.2145  0.2182  0.2691  0.2000  0.1964  0.1964  0.3018  0.2291  0.2364  0.3745  0.3818  0.3891  0.3709  0.3855  0.3818  0.3891  0.2436  0.2436  0.2255  0.1927  0.3673  0.3709  0.3782  0.3709  0.3745  0.2073
Q7VEK2           0.6327  0.6145  0.6327  0.6618  0.6291  0.6036  0.6145  0.5927  0.6255  0.6109  0.6073  0.6218  0.6545  0.5055  0.5055  0.5055  0.2545  0.3636  0.3818  0.3600  0.3636  0.3673  0.3527  0.3455  0.3636  0.3636  0.3491  0.3745  0.3527  0.3745  0.3455  0.3455  0.3527  0.3818  0.3818  0.2218  0.2109  0.1964  0.2000  0.2255  0.2291  0.2327  0.3818  0.3818  0.3745  0.3564  0.2145  0.2909  0.2000  0.2800  0.1964  0.3600  0.3782
A0YNM7           0.6291  0.6218  0.6473  0.6145  0.6291  0.5818  0.6255  0.5927  0.6364  0.6291  0.6182  0.6218  0.6400  0.5055  0.5055  0.5055  0.3745  0.3127  0.1600  0.2000  0.1891  0.1855  0.1927  0.1964  0.2145  0.1927  0.2255  0.2436  0.2582  0.2255  0.2073  0.2073  0.2800  0.2473  0.2582  0.3782  0.3636  0.3600  0.3527  0.3891  0.3782  0.3855  0.2182  0.2182  0.2182  0.2073  0.3600  0.4036  0.3600  0.3927  0.3818  0.2255  0.1927  0.3927
Q46I52           0.6473  0.6109  0.6436  0.6436  0.6509  0.6255  0.6327  0.6109  0.6400  0.6255  0.6218  0.6255  0.6400  0.5127  0.5127  0.5127  0.2873  0.4364  0.4036  0.3818  0.3855  0.3927  0.3964  0.3855  0.4036  0.4036  0.3782  0.3927  0.3964  0.4109  0.3855  0.3855  0.3818  0.3927  0.3927  0.2364  0.2473  0.2364  0.2327  0.2327  0.2364  0.2327  0.4036  0.4036  0.3891  0.3855  0.2182  0.3164  0.2400  0.3236  0.2255  0.3782  0.4145  0.2327  0.4255
A2BZB3           0.6473  0.6109  0.6436  0.6436  0.6509  0.6255  0.6327  0.6109  0.6400  0.6255  0.6218  0.6255  0.6400  0.5127  0.5127  0.5127  0.2873  0.4364  0.4036  0.3818  0.3855  0.3927  0.3964  0.3855  0.4036  0.4036  0.3782  0.3927  0.3964  0.4109  0.3855  0.3855  0.3818  0.3927  0.3927  0.2364  0.2473  0.2364  0.2327  0.2327  0.2364  0.2327  0.4036  0.4036  0.3891  0.3855  0.2182  0.3164  0.2400  0.3236  0.2255  0.3782  0.4145  0.2327  0.4255  0.0000
Q8DKD1           0.6182  0.5964  0.6182  0.6073  0.6073  0.5745  0.6109  0.5855  0.6036  0.5964  0.5891  0.5927  0.6291  0.4836  0.4836  0.4836  0.3527  0.3091  0.2364  0.2145  0.2000  0.2000  0.2036  0.2036  0.2255  0.1491  0.2473  0.2327  0.2618  0.2255  0.2182  0.2182  0.2509  0.2400  0.2545  0.3527  0.3455  0.3455  0.3418  0.3455  0.3455  0.3418  0.2255  0.2255  0.1855  0.2109  0.3418  0.3818  0.3491  0.3855  0.3455  0.2218  0.2327  0.3527  0.2182  0.3673  0.3673
A2C5K7           0.6400  0.6145  0.6364  0.6291  0.6364  0.6291  0.6255  0.5927  0.6327  0.6182  0.6145  0.6145  0.6400  0.5127  0.5127  0.5127  0.1855  0.3964  0.3818  0.3636  0.3600  0.3636  0.3491  0.3455  0.3564  0.3527  0.3636  0.3709  0.3527  0.3818  0.3709  0.3709  0.3382  0.3782  0.3855  0.1127  0.1055  0.1018  0.1127  0.1164  0.1200  0.1236  0.3527  0.3527  0.3745  0.3600  0.1455  0.3091  0.1236  0.2945  0.1236  0.3891  0.4000  0.2036  0.3745  0.2218  0.2218  0.3564
A8G1Z7           0.6182  0.6073  0.6218  0.6400  0.6291  0.6073  0.6218  0.6073  0.6145  0.6109  0.6073  0.6145  0.6145  0.5309  0.5309  0.5309  0.3382  0.4000  0.4109  0.3673  0.3709  0.3745  0.3745  0.3600  0.3927  0.3855  0.3600  0.3782  0.3636  0.3600  0.3673  0.3673  0.3855  0.3891  0.4000  0.2909  0.2873  0.2836  0.2836  0.3091  0.3127  0.3164  0.3782  0.3782  0.3636  0.3709  0.3091  0.0364  0.2909  0.0945  0.2982  0.3745  0.3855  0.2873  0.3964  0.3127  0.3127  0.3855  0.3055
Q7V3Q9           0.6182  0.6109  0.6255  0.6364  0.6400  0.6145  0.6182  0.5964  0.6218  0.6000  0.5964  0.6073  0.6109  0.5309  0.5309  0.5309  0.3236  0.3891  0.4073  0.3818  0.3600  0.3636  0.3564  0.3564  0.3782  0.3855  0.3818  0.3964  0.3600  0.3818  0.3745  0.3745  0.3818  0.4000  0.4109  0.2836  0.2836  0.2727  0.2764  0.2982  0.2945  0.2909  0.3818  0.3818  0.3745  0.3818  0.2945  0.1018  0.2836  0.0473  0.2873  0.3855  0.3855  0.2764  0.3964  0.3236  0.3236  0.3782  0.2982  0.0909
A2BND6           0.6255  0.6036  0.6255  0.6327  0.6327  0.6145  0.6255  0.6109  0.6182  0.6073  0.6000  0.6145  0.6182  0.5345  0.5345  0.5345  0.3345  0.4000  0.4182  0.3709  0.3709  0.3745  0.3709  0.3636  0.3927  0.3855  0.3673  0.3855  0.3709  0.3709  0.3782  0.3782  0.3927  0.3964  0.4073  0.2945  0.2909  0.2909  0.2909  0.3091  0.3127  0.3164  0.3782  0.3782  0.3673  0.3745  0.3164  0.0182  0.2982  0.0873  0.3055  0.3818  0.3855  0.2982  0.4036  0.3164  0.3164  0.3927  0.3091  0.0255  0.0836
Q7V9D8           0.6436  0.6182  0.6400  0.6291  0.6364  0.6327  0.6255  0.5927  0.6364  0.6182  0.6145  0.6145  0.6400  0.5164  0.5164  0.5164  0.1891  0.3964  0.3818  0.3673  0.3600  0.3636  0.3491  0.3455  0.3564  0.3527  0.3636  0.3709  0.3527  0.3818  0.3745  0.3745  0.3382  0.3782  0.3855  0.1164  0.1091  0.1055  0.1164  0.1200  0.1236  0.1273  0.3527  0.3527  0.3745  0.3636  0.1491  0.3091  0.1273  0.2945  0.1273  0.3927  0.4000  0.2073  0.3745  0.2255  0.2255  0.3564  0.0036  0.3018  0.2982  0.3091
Q31DH4           0.6255  0.6036  0.6218  0.6364  0.6327  0.6109  0.6255  0.6036  0.6073  0.6073  0.6000  0.6145  0.6145  0.5418  0.5418  0.5418  0.3382  0.3927  0.4218  0.3709  0.3636  0.3673  0.3673  0.3673  0.3964  0.3855  0.3636  0.3818  0.3818  0.3673  0.3782  0.3782  0.4000  0.3891  0.4000  0.2982  0.2945  0.2909  0.2909  0.3127  0.3164  0.3200  0.3891  0.3891  0.3600  0.3709  0.3164  0.0436  0.2982  0.0909  0.3055  0.3855  0.3891  0.2909  0.4109  0.3236  0.3236  0.3855  0.3127  0.0436  0.0909  0.0255  0.3127
A9B9K7           0.6618  0.6255  0.6509  0.6582  0.6364  0.6182  0.6218  0.6000  0.6509  0.6182  0.6145  0.6109  0.6400  0.5127  0.5127  0.5127  0.2509  0.3855  0.3855  0.3564  0.3745  0.3782  0.3600  0.3600  0.3782  0.3564  0.3564  0.3745  0.3564  0.3855  0.3636  0.3636  0.3491  0.3636  0.3673  0.2036  0.2291  0.2218  0.2218  0.2073  0.2218  0.2218  0.3600  0.3600  0.3855  0.3564  0.2182  0.3018  0.2327  0.2945  0.2073  0.3673  0.3745  0.1491  0.3927  0.2291  0.2291  0.3527  0.1891  0.3018  0.3018  0.3091  0.1855  0.3055


TREE #  1:  ((3, (((8, 7), 12), (11, 10))), (((((((((((31, 32), ((34, 28), 35)), ((46, 20), 52)), 27), 30), (((19, 55), 53), (((23, 24), (22, 21)), 25))), ((58, 26), 45)), ((43, 44), ((((((37, 38), (49, 39)), (((41, 42), 40), (36, 51))), (((((61, 50), (((48, 62), 60), 64)), (56, 57)), (54, 65)), (63, 59))), 47), 17))), (29, 33)), 18), ((16, 15), 14)), (((((5, 4), 1), (9, 13)), 2), 6));   MP score: 2077
lnL(ntime: 63  np: 64): -10974.517158      +0.000000
  66..67   67..3    67..68   68..69   69..70   70..8    70..7    69..12   68..71   71..11   71..10   66..72   72..73   73..74   74..75   75..76   76..77   77..78   78..79   79..80   80..81   81..82   82..31   82..32   81..83   83..84   84..34   84..28   83..35   80..85   85..86   86..46   86..20   85..52   79..27   78..30   77..87   87..88   88..89   89..19   89..55   88..53   87..90   90..91   91..92   92..23   92..24   91..93   93..22   93..21   90..25   76..94   94..95   95..58   95..26   94..45   75..96   96..97   97..43   97..44   96..98   98..99   99..100 100..101 101..102 102..103 103..37  103..38  102..104 104..49  104..39  101..105 105..106 106..107 107..41  107..42  106..40  105..108 108..36  108..51  100..109 109..110 110..111 111..112 112..113 113..61  113..50  112..114 114..115 115..116 116..48  116..62  115..60  114..64  111..117 117..56  117..57  110..118 118..54  118..65  109..119 119..63  119..59   99..47   98..17   74..120 120..29  120..33   73..18   72..121 121..122 122..16  122..15  121..14   66..123 123..124 124..125 125..126 126..127 127..5   127..4   126..1   125..128 128..9   128..13  124..2   123..6  
 1.019600 0.524532 0.183090 0.183090 0.141679 0.031864 0.651383 0.405265 0.367610 0.357847 0.230126 0.203299 0.145898 0.117956 0.117956 0.096292 0.000000 0.017562 0.017562 0.110194 0.029781 0.174740 0.154891 0.109892 0.072475 0.061117 0.057923 0.004782 0.165345 0.126922 0.357847 0.000000 0.204799 0.197738 0.190406 0.089866 0.030624 0.030458 0.007614 0.077451 0.025337 0.007875 0.047782 0.185526 0.164356 0.158354 0.046671 0.024408 0.018297 0.015231 0.011401 0.000000 0.090819 0.002784 0.052963 0.002073 0.000000 0.677874 0.634535 0.634535 0.578202 0.551788 0.425790 0.714855

tree length =  13.46328

((3: 0.524532, (((8: 0.141679, 7: 0.141679): 0.041411, 12: 0.183090): 0.000000, (11: 0.031864, 10: 0.031864): 0.151226): 0.341442): 0.495068, (((((((((((31: 0.000000, 32: 0.000000): 0.096292, ((34: 0.017562, 28: 0.017562): 0.000000, 35: 0.017562): 0.078730): 0.021664, ((46: 0.029781, 20: 0.029781): 0.080414, 52: 0.110194): 0.007761): 0.000000, 27: 0.117956): 0.027942, 30: 0.145898): 0.057401, (((19: 0.109892, 55: 0.109892): 0.044999, 53: 0.154891): 0.019849, (((23: 0.057923, 24: 0.057923): 0.003194, (22: 0.004782, 21: 0.004782): 0.056334): 0.011358, 25: 0.072475): 0.102265): 0.028559): 0.026827, ((58: 0.126922, 26: 0.126922): 0.038423, 45: 0.165345): 0.064781): 0.127721, ((43: 0.000000, 44: 0.000000): 0.357846, ((((((37: 0.030458, 38: 0.030458): 0.000167, (49: 0.007614, 39: 0.007614): 0.023011): 0.059242, (((41: 0.007875, 42: 0.007875): 0.017461, 40: 0.025337): 0.052115, (36: 0.047782, 51: 0.047782): 0.029670): 0.012415): 0.100540, (((((61: 0.024408, 50: 0.024408): 0.022263, (((48: 0.011401, 62: 0.011401): 0.003830, 60: 0.015231): 0.003066, 64: 0.018297): 0.028374): 0.111683, (56: 0.000000, 57: 0.000000): 0.158354): 0.006002, (54: 0.090819, 65: 0.090819): 0.073537): 0.021171, (63: 0.002784, 59: 0.002784): 0.182742): 0.004880): 0.007332, 47: 0.197738): 0.007061, 17: 0.204799): 0.153047): 0.000000): 0.009763, (29: 0.052963, 33: 0.052963): 0.314647): 0.037655, 18: 0.405265): 0.246118, ((16: 0.000000, 15: 0.000000): 0.002073, 14: 0.002073): 0.649309): 0.368217, (((((5: 0.551788, 4: 0.551788): 0.026414, 1: 0.578202): 0.056332, (9: 0.425790, 13: 0.425790): 0.208744): 0.000001, 2: 0.634535): 0.043339, 6: 0.677874): 0.341725);

((D1B1E2: 0.524532, (((Q4HGZ8: 0.141679, Q4HRX6: 0.141679): 0.041411, B9KD93: 0.183090): 0.000000, (A7H2H1: 0.031864, A8FMR1: 0.031864): 0.151226): 0.341442): 0.495068, (((((((((((C7QPJ6: 0.000000, B7K309: 0.000000): 0.096292, ((A3IMX6: 0.017562, B1WPW1: 0.017562): 0.000000, Q4BWX8: 0.017562): 0.078730): 0.021664, ((B7KFR9: 0.029781, B4B1N3: 0.029781): 0.080414, B0JNC6: 0.110194): 0.007761): 0.000000, P73930: 0.117956): 0.027942, B1XMP3: 0.145898): 0.057401, (((B5W2M1: 0.109892, A0YNM7: 0.109892): 0.044999, Q118A5: 0.154891): 0.019849, (((A0ZE01: 0.057923, B2J3F2: 0.057923): 0.003194, (Q8YW57: 0.004782, Q3MGI3: 0.004782): 0.056334): 0.011358, B9YHJ3: 0.072475): 0.102265): 0.028559): 0.026827, ((Q8DKD1: 0.126922, B8HWA3: 0.126922): 0.038423, B0C5Q3: 0.165345): 0.064781): 0.127721, ((Q5N1J8: 0.000000, Q31KB7: 0.000000): 0.357846, ((((((Q7UA85: 0.030458, Q3ANN9: 0.030458): 0.000167, (Q062H5: 0.007614, Q3B0Z2: 0.007614): 0.023011): 0.059242, (((A4CWT1: 0.007875, A5GHM2: 0.007875): 0.017461, Q0IE72: 0.025337): 0.052115, (A3Z3V6: 0.047782, Q05UU4: 0.047782): 0.029670): 0.012415): 0.100540, (((((Q7V3Q9: 0.024408, A2BTW6: 0.024408): 0.022263, (((A3PA57: 0.011401, A2BND6: 0.011401): 0.003830, A8G1Z7: 0.015231): 0.003066, Q31DH4: 0.018297): 0.028374): 0.111683, (Q46I52: 0.000000, A2BZB3: 0.000000): 0.158354): 0.006002, (Q7VEK2: 0.090819, A9B9K7: 0.090819): 0.073537): 0.021171, (Q7V9D8: 0.002784, A2C5K7: 0.002784): 0.182742): 0.004880): 0.007332, A3YWH3: 0.197738): 0.007061, A5GPV5: 0.204799): 0.153047): 0.000000): 0.009763, (Q2JPH7: 0.052963, Q2JWA2: 0.052963): 0.314647): 0.037655, Q7NP07: 0.405265): 0.246118, ((B7N1Q2: 0.000000, P10121: 0.000000): 0.002073, B7LSS5: 0.002073): 0.649309): 0.368217, (((((Q30SB0: 0.551788, A6Q7U7: 0.551788): 0.026414, A8ET75: 0.578202): 0.056332, (Q7MAR7: 0.425790, O25458: 0.425790): 0.208744): 0.000001, A6Q3V7: 0.634535): 0.043339, B9L6D4: 0.677874): 0.341725);

((3_D1B1E2, (((8_Q4HGZ8, 7_Q4HRX6) 70 , 12_B9KD93) 69 , (11_A7H2H1, 10_A8FMR1) 71 ) 68 ) 67 , (((((((((((31_C7QPJ6, 32_B7K309) 82 , ((34_A3IMX6, 28_B1WPW1) 84 , 35_Q4BWX8) 83 ) 81 , ((46_B7KFR9, 20_B4B1N3) 86 , 52_B0JNC6) 85 ) 80 , 27_P73930) 79 , 30_B1XMP3) 78 , (((19_B5W2M1, 55_A0YNM7) 89 , 53_Q118A5) 88 , (((23_A0ZE01, 24_B2J3F2) 92 , (22_Q8YW57, 21_Q3MGI3) 93 ) 91 , 25_B9YHJ3) 90 ) 87 ) 77 , ((58_Q8DKD1, 26_B8HWA3) 95 , 45_B0C5Q3) 94 ) 76 , ((43_Q5N1J8, 44_Q31KB7) 97 , ((((((37_Q7UA85, 38_Q3ANN9) 103 , (49_Q062H5, 39_Q3B0Z2) 104 ) 102 , (((41_A4CWT1, 42_A5GHM2) 107 , 40_Q0IE72) 106 , (36_A3Z3V6, 51_Q05UU4) 108 ) 105 ) 101 , (((((61_Q7V3Q9, 50_A2BTW6) 113 , (((48_A3PA57, 62_A2BND6) 116 , 60_A8G1Z7) 115 , 64_Q31DH4) 114 ) 112 , (56_Q46I52, 57_A2BZB3) 117 ) 111 , (54_Q7VEK2, 65_A9B9K7) 118 ) 110 , (63_Q7V9D8, 59_A2C5K7) 119 ) 109 ) 100 , 47_A3YWH3) 99 , 17_A5GPV5) 98 ) 96 ) 75 , (29_Q2JPH7, 33_Q2JWA2) 120 ) 74 , 18_Q7NP07) 73 , ((16_B7N1Q2, 15_P10121) 122 , 14_B7LSS5) 121 ) 72 , (((((5_Q30SB0, 4_A6Q7U7) 127 , 1_A8ET75) 126 , (9_Q7MAR7, 13_O25458) 128 ) 125 , 2_A6Q3V7) 124 , 6_B9L6D4) 123 ) 66 ;

Detailed output identifying parameters

alpha (gamma, K = 4) =  0.71485
rate:   0.07736  0.37046  0.93025  2.62193
freq:   0.25000  0.25000  0.25000  0.25000

Time used:  8:49
