AAML (in paml version 4.6, August 2012)  169.aa
Model: Empirical for branches,  (../../../bin/LG.dat) dGamma (ncatG=4) ns =  65  ls =  76


Frequencies..
                                    A      R      N      D      C      Q      E      G      H      I      L      K      M      F      P      S      T      W      Y      V
A8EV71                         0.15789 0.02632 0.06579 0.05263 0.00000 0.02632 0.14474 0.01316 0.01316 0.07895 0.07895 0.06579 0.03947 0.01316 0.00000 0.06579 0.05263 0.00000 0.05263 0.05263
Q7MA19                         0.15789 0.03947 0.06579 0.03947 0.00000 0.03947 0.11842 0.02632 0.01316 0.07895 0.09211 0.05263 0.03947 0.01316 0.00000 0.07895 0.05263 0.00000 0.05263 0.03947
D1AZT4                         0.11842 0.03947 0.06579 0.02632 0.00000 0.03947 0.14474 0.03947 0.01316 0.09211 0.09211 0.03947 0.03947 0.01316 0.00000 0.07895 0.05263 0.00000 0.06579 0.03947
A6Q4C1                         0.13158 0.03947 0.06579 0.03947 0.00000 0.02632 0.11842 0.01316 0.01316 0.09211 0.09211 0.05263 0.06579 0.01316 0.00000 0.10526 0.05263 0.00000 0.05263 0.02632
A6QB60                         0.14474 0.03947 0.03947 0.09211 0.00000 0.02632 0.09211 0.01316 0.01316 0.07895 0.09211 0.07895 0.05263 0.00000 0.00000 0.06579 0.05263 0.00000 0.06579 0.05263
A7H1I0                         0.13158 0.03947 0.07895 0.03947 0.00000 0.03947 0.11842 0.02632 0.01316 0.07895 0.10526 0.05263 0.05263 0.01316 0.00000 0.06579 0.05263 0.00000 0.06579 0.02632
A8FJR1                         0.13158 0.03947 0.07895 0.03947 0.00000 0.03947 0.11842 0.02632 0.01316 0.06579 0.10526 0.05263 0.05263 0.01316 0.00000 0.06579 0.06579 0.00000 0.06579 0.02632
B9KES2                         0.11842 0.03947 0.09211 0.05263 0.00000 0.03947 0.11842 0.01316 0.01316 0.06579 0.10526 0.05263 0.03947 0.02632 0.00000 0.07895 0.05263 0.00000 0.05263 0.03947
Q30QQ0                         0.14474 0.03947 0.06579 0.03947 0.00000 0.06579 0.09211 0.01316 0.01316 0.06579 0.06579 0.05263 0.06579 0.01316 0.00000 0.09211 0.05263 0.00000 0.05263 0.06579
B9L7Y6                         0.15789 0.03947 0.03947 0.03947 0.00000 0.03947 0.13158 0.00000 0.02632 0.06579 0.11842 0.05263 0.03947 0.01316 0.00000 0.03947 0.07895 0.00000 0.06579 0.05263
Q4HE27                         0.13158 0.03947 0.07895 0.06579 0.00000 0.03947 0.09211 0.02632 0.01316 0.06579 0.10526 0.05263 0.05263 0.01316 0.00000 0.06579 0.06579 0.00000 0.06579 0.02632
P56082                         0.15789 0.02632 0.05263 0.06579 0.00000 0.02632 0.11842 0.01316 0.01316 0.06579 0.10526 0.05263 0.02632 0.00000 0.00000 0.07895 0.07895 0.00000 0.06579 0.05263
Q4HQX5                         0.14474 0.05263 0.07895 0.02632 0.00000 0.03947 0.14474 0.01316 0.01316 0.06579 0.10526 0.05263 0.05263 0.01316 0.00000 0.05263 0.05263 0.00000 0.06579 0.02632
B1WUI3                         0.21053 0.03947 0.07895 0.02632 0.00000 0.09211 0.05263 0.03947 0.00000 0.05263 0.15789 0.01316 0.03947 0.00000 0.02632 0.05263 0.05263 0.00000 0.02632 0.03947
Q4C9S9                         0.18421 0.03947 0.07895 0.02632 0.00000 0.09211 0.05263 0.03947 0.00000 0.03947 0.15789 0.01316 0.03947 0.00000 0.02632 0.07895 0.05263 0.00000 0.02632 0.05263
C7QY09                         0.19737 0.03947 0.07895 0.02632 0.00000 0.09211 0.05263 0.05263 0.00000 0.06579 0.15789 0.01316 0.03947 0.00000 0.02632 0.05263 0.05263 0.00000 0.02632 0.02632
B7K5I9                         0.19737 0.03947 0.07895 0.02632 0.00000 0.09211 0.05263 0.05263 0.00000 0.06579 0.15789 0.01316 0.03947 0.00000 0.02632 0.05263 0.05263 0.00000 0.02632 0.02632
B4B4T9                         0.18421 0.03947 0.06579 0.02632 0.00000 0.07895 0.06579 0.02632 0.00000 0.05263 0.17105 0.01316 0.02632 0.00000 0.02632 0.09211 0.06579 0.00000 0.02632 0.03947
B7KKR3                         0.18421 0.03947 0.06579 0.02632 0.00000 0.06579 0.07895 0.02632 0.00000 0.05263 0.17105 0.02632 0.02632 0.00000 0.02632 0.10526 0.03947 0.00000 0.02632 0.03947
A5GNC7                         0.22368 0.03947 0.07895 0.03947 0.00000 0.07895 0.06579 0.02632 0.00000 0.02632 0.17105 0.03947 0.02632 0.00000 0.02632 0.05263 0.05263 0.00000 0.02632 0.02632
A4CR64                         0.22368 0.03947 0.07895 0.03947 0.00000 0.07895 0.06579 0.02632 0.00000 0.02632 0.17105 0.03947 0.02632 0.00000 0.02632 0.05263 0.05263 0.00000 0.02632 0.02632
Q3AHK6                         0.19737 0.03947 0.07895 0.02632 0.00000 0.07895 0.09211 0.02632 0.00000 0.02632 0.18421 0.03947 0.02632 0.00000 0.02632 0.06579 0.05263 0.00000 0.02632 0.01316
B8HPK2                         0.18421 0.03947 0.07895 0.02632 0.00000 0.06579 0.09211 0.03947 0.00000 0.05263 0.17105 0.03947 0.03947 0.00000 0.02632 0.05263 0.03947 0.00000 0.02632 0.02632
Q8DLU1                         0.22368 0.03947 0.07895 0.02632 0.00000 0.07895 0.07895 0.02632 0.00000 0.05263 0.18421 0.01316 0.02632 0.00000 0.02632 0.03947 0.05263 0.00000 0.02632 0.02632
Q0I7R3                         0.17105 0.03947 0.07895 0.03947 0.00000 0.07895 0.07895 0.02632 0.00000 0.02632 0.18421 0.03947 0.02632 0.00000 0.02632 0.07895 0.05263 0.00000 0.02632 0.02632
B0JWV2                         0.18421 0.05263 0.07895 0.01316 0.00000 0.06579 0.09211 0.02632 0.00000 0.03947 0.17105 0.01316 0.02632 0.00000 0.02632 0.09211 0.05263 0.00000 0.02632 0.03947
Q3AZM0                         0.17105 0.03947 0.07895 0.03947 0.01316 0.07895 0.07895 0.02632 0.00000 0.02632 0.18421 0.03947 0.02632 0.00000 0.02632 0.06579 0.05263 0.00000 0.02632 0.02632
A3Z972                         0.21053 0.03947 0.07895 0.02632 0.00000 0.07895 0.07895 0.02632 0.00000 0.02632 0.18421 0.03947 0.02632 0.00000 0.02632 0.05263 0.05263 0.00000 0.02632 0.02632
Q2JIG1                         0.22368 0.05263 0.07895 0.02632 0.00000 0.06579 0.09211 0.02632 0.00000 0.05263 0.17105 0.01316 0.02632 0.00000 0.02632 0.03947 0.03947 0.00000 0.02632 0.03947
Q2JSW2                         0.22368 0.05263 0.06579 0.02632 0.00000 0.06579 0.09211 0.02632 0.00000 0.05263 0.17105 0.01316 0.02632 0.00000 0.02632 0.03947 0.05263 0.00000 0.02632 0.03947
Q7U8W4                         0.19737 0.03947 0.07895 0.02632 0.00000 0.07895 0.09211 0.02632 0.00000 0.02632 0.18421 0.03947 0.02632 0.00000 0.02632 0.06579 0.05263 0.00000 0.02632 0.01316
A0YJE9                         0.17105 0.03947 0.05263 0.01316 0.00000 0.06579 0.10526 0.03947 0.00000 0.03947 0.15789 0.02632 0.03947 0.00000 0.02632 0.07895 0.06579 0.01316 0.02632 0.03947
Q064R3                         0.17105 0.03947 0.07895 0.03947 0.01316 0.07895 0.07895 0.02632 0.00000 0.02632 0.18421 0.03947 0.02632 0.00000 0.02632 0.06579 0.05263 0.00000 0.02632 0.02632
A0ZEZ4                         0.17105 0.03947 0.06579 0.03947 0.00000 0.06579 0.07895 0.03947 0.00000 0.03947 0.18421 0.02632 0.02632 0.00000 0.02632 0.10526 0.02632 0.00000 0.02632 0.03947
Q05YF3                         0.21053 0.03947 0.07895 0.03947 0.00000 0.07895 0.07895 0.02632 0.00000 0.02632 0.18421 0.03947 0.02632 0.00000 0.02632 0.06579 0.03947 0.00000 0.02632 0.01316
Q7V5S8                         0.17105 0.03947 0.07895 0.02632 0.01316 0.07895 0.07895 0.02632 0.00000 0.02632 0.17105 0.03947 0.03947 0.00000 0.02632 0.06579 0.06579 0.00000 0.02632 0.02632
A2C6X6                         0.17105 0.03947 0.07895 0.02632 0.01316 0.07895 0.07895 0.02632 0.00000 0.02632 0.17105 0.03947 0.03947 0.00000 0.02632 0.07895 0.05263 0.00000 0.02632 0.02632
B2J059                         0.17105 0.03947 0.06579 0.01316 0.00000 0.06579 0.10526 0.03947 0.00000 0.03947 0.18421 0.01316 0.02632 0.00000 0.02632 0.09211 0.05263 0.00000 0.02632 0.03947
B7N2H2                         0.15789 0.05263 0.03947 0.02632 0.00000 0.07895 0.09211 0.05263 0.00000 0.03947 0.11842 0.05263 0.02632 0.00000 0.01316 0.06579 0.05263 0.00000 0.03947 0.09211
P0ABA6                         0.15789 0.05263 0.03947 0.02632 0.00000 0.07895 0.09211 0.05263 0.00000 0.03947 0.11842 0.05263 0.02632 0.00000 0.01316 0.06579 0.05263 0.00000 0.03947 0.09211
B7LK78                         0.15789 0.05263 0.03947 0.02632 0.00000 0.07895 0.09211 0.05263 0.00000 0.03947 0.11842 0.05263 0.02632 0.00000 0.01316 0.06579 0.05263 0.00000 0.03947 0.09211
P08450                         0.23684 0.03947 0.06579 0.01316 0.00000 0.07895 0.07895 0.02632 0.00000 0.02632 0.18421 0.01316 0.02632 0.00000 0.02632 0.06579 0.03947 0.00000 0.02632 0.05263
Q31RF0                         0.23684 0.03947 0.06579 0.01316 0.00000 0.07895 0.07895 0.02632 0.00000 0.02632 0.18421 0.01316 0.02632 0.00000 0.02632 0.06579 0.03947 0.00000 0.02632 0.05263
P17253                         0.18421 0.03947 0.07895 0.01316 0.00000 0.07895 0.07895 0.03947 0.00000 0.03947 0.17105 0.01316 0.02632 0.00000 0.02632 0.07895 0.06579 0.00000 0.02632 0.03947
B9YGY9                         0.17105 0.03947 0.05263 0.01316 0.00000 0.06579 0.10526 0.03947 0.00000 0.03947 0.18421 0.01316 0.02632 0.00000 0.02632 0.10526 0.05263 0.00000 0.02632 0.03947
B0BZL3                         0.18421 0.03947 0.07895 0.02632 0.00000 0.06579 0.09211 0.03947 0.00000 0.05263 0.18421 0.01316 0.02632 0.00000 0.02632 0.06579 0.05263 0.00000 0.02632 0.02632
Q46J58                         0.18421 0.03947 0.09211 0.03947 0.00000 0.07895 0.07895 0.02632 0.00000 0.03947 0.17105 0.03947 0.02632 0.00000 0.02632 0.06579 0.03947 0.00000 0.02632 0.02632
A2C4J4                         0.18421 0.03947 0.09211 0.03947 0.00000 0.07895 0.07895 0.02632 0.00000 0.03947 0.17105 0.03947 0.02632 0.00000 0.02632 0.06579 0.03947 0.00000 0.02632 0.02632
P12408                         0.17105 0.03947 0.05263 0.01316 0.00000 0.06579 0.10526 0.03947 0.00000 0.03947 0.18421 0.02632 0.02632 0.00000 0.02632 0.11842 0.02632 0.00000 0.02632 0.03947
B5W2W8                         0.15789 0.03947 0.06579 0.02632 0.00000 0.06579 0.06579 0.02632 0.00000 0.03947 0.15789 0.02632 0.02632 0.01316 0.02632 0.09211 0.07895 0.01316 0.01316 0.06579
A3YVM0                         0.17105 0.03947 0.07895 0.03947 0.00000 0.06579 0.07895 0.02632 0.00000 0.02632 0.18421 0.03947 0.02632 0.00000 0.02632 0.09211 0.05263 0.00000 0.02632 0.02632
B1XHY7                         0.19737 0.03947 0.09211 0.03947 0.00000 0.05263 0.06579 0.02632 0.00000 0.02632 0.17105 0.03947 0.03947 0.00000 0.02632 0.07895 0.05263 0.00000 0.02632 0.02632
A5GV71                         0.17105 0.03947 0.06579 0.03947 0.00000 0.07895 0.07895 0.02632 0.00000 0.02632 0.17105 0.03947 0.02632 0.00000 0.02632 0.09211 0.03947 0.00000 0.02632 0.05263
Q7VA64                         0.17105 0.03947 0.09211 0.02632 0.00000 0.07895 0.07895 0.02632 0.00000 0.02632 0.18421 0.03947 0.02632 0.00000 0.02632 0.06579 0.05263 0.00000 0.02632 0.03947
Q3M9W1                         0.17105 0.03947 0.05263 0.02632 0.00000 0.06579 0.09211 0.03947 0.00000 0.03947 0.18421 0.02632 0.02632 0.00000 0.02632 0.11842 0.02632 0.00000 0.02632 0.03947
A9BCD8                         0.15789 0.03947 0.09211 0.02632 0.00000 0.07895 0.07895 0.02632 0.00000 0.02632 0.18421 0.03947 0.02632 0.00000 0.02632 0.09211 0.05263 0.00000 0.02632 0.02632
Q7V038                         0.15789 0.03947 0.07895 0.03947 0.01316 0.07895 0.07895 0.02632 0.00000 0.03947 0.17105 0.02632 0.02632 0.00000 0.02632 0.07895 0.05263 0.00000 0.02632 0.03947
A8G6V0                         0.14474 0.03947 0.07895 0.03947 0.01316 0.07895 0.07895 0.02632 0.00000 0.02632 0.17105 0.02632 0.02632 0.00000 0.02632 0.07895 0.05263 0.00000 0.02632 0.06579
Q318U2                         0.15789 0.03947 0.07895 0.03947 0.01316 0.07895 0.07895 0.02632 0.00000 0.02632 0.17105 0.02632 0.02632 0.00000 0.02632 0.07895 0.05263 0.00000 0.02632 0.05263
A2BYH5                         0.15789 0.03947 0.07895 0.03947 0.01316 0.07895 0.07895 0.02632 0.00000 0.03947 0.17105 0.02632 0.02632 0.00000 0.02632 0.07895 0.05263 0.00000 0.02632 0.03947
A2BT24                         0.15789 0.03947 0.07895 0.03947 0.01316 0.07895 0.07895 0.02632 0.00000 0.02632 0.17105 0.02632 0.02632 0.00000 0.02632 0.07895 0.05263 0.00000 0.02632 0.05263
A3PET8                         0.14474 0.03947 0.07895 0.03947 0.01316 0.07895 0.07895 0.02632 0.00000 0.02632 0.17105 0.02632 0.02632 0.00000 0.02632 0.07895 0.05263 0.00000 0.02632 0.06579
Q112Z7                         0.18421 0.03947 0.06579 0.02632 0.00000 0.06579 0.07895 0.03947 0.00000 0.05263 0.15789 0.01316 0.02632 0.01316 0.02632 0.09211 0.06579 0.01316 0.01316 0.02632
Q7NDC0                         0.17105 0.02632 0.03947 0.02632 0.00000 0.05263 0.07895 0.01316 0.01316 0.03947 0.17105 0.03947 0.02632 0.00000 0.02632 0.11842 0.07895 0.00000 0.02632 0.05263
A3IIT6                         0.21053 0.03947 0.07895 0.02632 0.00000 0.09211 0.05263 0.03947 0.00000 0.05263 0.15789 0.01316 0.03947 0.00000 0.02632 0.05263 0.05263 0.00000 0.02632 0.03947

Homogeneity statistic: X2 = 8.20498 G = 7.28836 

Average                        0.17490 0.04028 0.07146 0.03259 0.00202 0.06781 0.08785 0.02915 0.00304 0.04474 0.15607 0.03381 0.03259 0.00283 0.02045 0.07409 0.05263 0.00061 0.03340 0.03968

# constant sites:     18 (23.68%)
ln Lmax (unconstrained) = -314.749542

AA distances (raw proportions of different sites)

A8EV71         
Q7MA19           0.2632
D1AZT4           0.2763  0.2632
A6Q4C1           0.2500  0.2632  0.2368
A6QB60           0.3158  0.3158  0.3026  0.2763
A7H1I0           0.3289  0.2895  0.1579  0.2763  0.2632
A8FJR1           0.3289  0.2895  0.1579  0.2763  0.2632  0.0132
B9KES2           0.3553  0.3158  0.1842  0.3026  0.3026  0.1053  0.1053
Q30QQ0           0.3289  0.3421  0.3026  0.2895  0.2632  0.3158  0.3158  0.3158
B9L7Y6           0.3816  0.3421  0.3421  0.2895  0.3026  0.3553  0.3553  0.3684  0.3816
Q4HE27           0.3421  0.3026  0.1842  0.2895  0.2500  0.0526  0.0395  0.1053  0.3158  0.3684
P56082           0.3289  0.1974  0.2763  0.2895  0.2895  0.3158  0.3158  0.3421  0.3289  0.3289  0.3289
Q4HQX5           0.2895  0.2763  0.1842  0.2632  0.2763  0.0526  0.0526  0.1316  0.3158  0.3421  0.0789  0.2895
B1WUI3           0.5526  0.5395  0.5526  0.5789  0.6053  0.6053  0.6053  0.5921  0.6316  0.5789  0.6053  0.5132  0.5921
Q4C9S9           0.5658  0.5526  0.5526  0.5921  0.5921  0.6053  0.6053  0.5658  0.6053  0.5921  0.6053  0.5000  0.5921  0.0395
C7QY09           0.5658  0.5526  0.5658  0.5921  0.6184  0.6053  0.6184  0.5921  0.6316  0.5921  0.6184  0.5263  0.6053  0.0263  0.0526
B7K5I9           0.5658  0.5526  0.5658  0.5921  0.6184  0.6053  0.6184  0.5921  0.6316  0.5921  0.6184  0.5263  0.6053  0.0263  0.0526  0.0000
B4B4T9           0.5526  0.5395  0.5526  0.5658  0.6053  0.6053  0.6053  0.5921  0.6053  0.5789  0.6053  0.4868  0.5921  0.1053  0.1053  0.1316  0.1316
B7KKR3           0.5526  0.5263  0.5526  0.5658  0.5789  0.5921  0.5921  0.5789  0.5789  0.5789  0.5921  0.4868  0.5789  0.1316  0.1316  0.1579  0.1579  0.0395
A5GNC7           0.5526  0.6053  0.6053  0.6184  0.5921  0.5789  0.5789  0.5526  0.6053  0.6447  0.5789  0.5658  0.5658  0.2632  0.2632  0.2632  0.2632  0.2500  0.2500
A4CR64           0.5526  0.6053  0.6053  0.6184  0.5921  0.5789  0.5789  0.5526  0.6053  0.6447  0.5789  0.5658  0.5658  0.2632  0.2632  0.2632  0.2632  0.2500  0.2500  0.0000
Q3AHK6           0.5395  0.5789  0.5658  0.5789  0.5789  0.5789  0.5789  0.5395  0.5658  0.5921  0.5789  0.5526  0.5658  0.2632  0.2368  0.2632  0.2632  0.2237  0.2105  0.0526  0.0526
B8HPK2           0.5263  0.5263  0.5395  0.5658  0.5395  0.5658  0.5658  0.5526  0.5658  0.5658  0.5658  0.5132  0.5526  0.2105  0.2105  0.2237  0.2237  0.1711  0.1316  0.2105  0.2105  0.1711
Q8DLU1           0.5526  0.5526  0.5395  0.5789  0.5921  0.5789  0.5789  0.5658  0.6184  0.5789  0.5789  0.5000  0.5658  0.1184  0.1447  0.1316  0.1316  0.1184  0.1316  0.1842  0.1842  0.1974  0.1184
Q0I7R3           0.5263  0.5789  0.5789  0.5921  0.5658  0.5789  0.5789  0.5526  0.5789  0.5921  0.5789  0.5395  0.5658  0.2632  0.2368  0.2632  0.2632  0.2237  0.2105  0.0658  0.0658  0.0395  0.1711  0.1974
B0JWV2           0.5395  0.5395  0.5263  0.5658  0.5789  0.5921  0.5921  0.5789  0.5789  0.5789  0.5921  0.5000  0.5789  0.1447  0.1447  0.1711  0.1711  0.1184  0.0921  0.2895  0.2895  0.2500  0.1447  0.1579  0.2500
Q3AZM0           0.5263  0.5789  0.5789  0.5921  0.5658  0.5789  0.5789  0.5658  0.5921  0.5921  0.5789  0.5395  0.5658  0.2632  0.2500  0.2632  0.2632  0.2237  0.2105  0.0789  0.0789  0.0526  0.1711  0.1974  0.0132  0.2500
A3Z972           0.5658  0.6053  0.5921  0.6053  0.6053  0.5789  0.5789  0.5395  0.5921  0.6053  0.5789  0.5658  0.5658  0.2368  0.2368  0.2368  0.2368  0.2237  0.2237  0.0395  0.0395  0.0395  0.1842  0.1579  0.0526  0.2632  0.0658
Q2JIG1           0.5526  0.5395  0.5395  0.5789  0.5789  0.5789  0.5789  0.5658  0.6053  0.5789  0.5789  0.5263  0.5658  0.1447  0.1711  0.1711  0.1711  0.1316  0.1184  0.2105  0.2105  0.1974  0.1184  0.0789  0.1974  0.1316  0.1974  0.1842
Q2JSW2           0.5526  0.5395  0.5395  0.5789  0.5789  0.5789  0.5789  0.5658  0.6053  0.5789  0.5789  0.5263  0.5658  0.1316  0.1579  0.1579  0.1579  0.1184  0.1053  0.2237  0.2237  0.2105  0.1316  0.0921  0.2105  0.1316  0.2105  0.1974  0.0263
Q7U8W4           0.5395  0.5789  0.5658  0.5789  0.5789  0.5789  0.5789  0.5395  0.5658  0.5921  0.5789  0.5526  0.5658  0.2632  0.2368  0.2632  0.2632  0.2237  0.2105  0.0526  0.0526  0.0000  0.1711  0.1974  0.0395  0.2500  0.0526  0.0395  0.1974  0.2105
A0YJE9           0.5263  0.5000  0.5395  0.5526  0.5658  0.5789  0.5789  0.5658  0.5789  0.5658  0.5789  0.5132  0.5658  0.1974  0.1974  0.2237  0.2237  0.1579  0.1447  0.2500  0.2500  0.2105  0.1579  0.1711  0.2105  0.1842  0.2105  0.2237  0.1711  0.1579  0.2105
Q064R3           0.5263  0.5789  0.5789  0.5921  0.5658  0.5789  0.5789  0.5658  0.5921  0.5921  0.5789  0.5395  0.5658  0.2632  0.2500  0.2632  0.2632  0.2237  0.2105  0.0789  0.0789  0.0526  0.1711  0.1974  0.0132  0.2500  0.0000  0.0658  0.1974  0.2105  0.0526  0.2105
A0ZEZ4           0.5263  0.5000  0.5263  0.5395  0.5658  0.5526  0.5526  0.5395  0.5526  0.5658  0.5526  0.4737  0.5395  0.1711  0.1711  0.1974  0.1974  0.1316  0.1053  0.2368  0.2368  0.2105  0.1184  0.1447  0.2105  0.1447  0.2105  0.2105  0.1447  0.1579  0.2105  0.1316  0.2105
Q05YF3           0.5395  0.5921  0.5921  0.6053  0.5789  0.5658  0.5658  0.5395  0.5921  0.6184  0.5658  0.5526  0.5526  0.2763  0.2500  0.2763  0.2763  0.2368  0.2368  0.0395  0.0395  0.0395  0.1842  0.1974  0.0526  0.2763  0.0658  0.0526  0.2237  0.2368  0.0395  0.2237  0.0658  0.2105
Q7V5S8           0.5395  0.5658  0.5526  0.5789  0.5789  0.5395  0.5395  0.5263  0.5789  0.6053  0.5395  0.5658  0.5395  0.2763  0.2763  0.2895  0.2895  0.2368  0.2368  0.1053  0.1053  0.0921  0.1974  0.1974  0.0789  0.2763  0.0789  0.0789  0.2237  0.2368  0.0921  0.2368  0.0789  0.2237  0.1053
A2C6X6           0.5395  0.5526  0.5395  0.5789  0.5658  0.5263  0.5263  0.5132  0.5658  0.6053  0.5263  0.5658  0.5395  0.2763  0.2763  0.2895  0.2895  0.2368  0.2368  0.1053  0.1053  0.0921  0.1974  0.1974  0.0789  0.2763  0.0789  0.0789  0.2237  0.2368  0.0921  0.2368  0.0789  0.2237  0.1053  0.0132
B2J059           0.5000  0.5000  0.5000  0.5263  0.5658  0.5658  0.5658  0.5526  0.5658  0.5395  0.5658  0.4737  0.5526  0.1447  0.1447  0.1711  0.1711  0.1053  0.1053  0.2500  0.2500  0.2105  0.1579  0.1447  0.2105  0.1053  0.2105  0.2237  0.1447  0.1316  0.2105  0.1053  0.2105  0.0789  0.2368  0.2368  0.2368
B7N2H2           0.5658  0.5526  0.5395  0.5395  0.5132  0.5263  0.5263  0.5132  0.5789  0.5789  0.5263  0.5395  0.5132  0.4474  0.4342  0.4342  0.4342  0.4474  0.4342  0.4605  0.4605  0.4737  0.4605  0.4605  0.4737  0.4737  0.4737  0.4605  0.4605  0.4605  0.4737  0.4605  0.4737  0.4211  0.4605  0.5000  0.5000  0.4474
P0ABA6           0.5658  0.5526  0.5395  0.5395  0.5132  0.5263  0.5263  0.5132  0.5789  0.5789  0.5263  0.5395  0.5132  0.4474  0.4342  0.4342  0.4342  0.4474  0.4342  0.4605  0.4605  0.4737  0.4605  0.4605  0.4737  0.4737  0.4737  0.4605  0.4605  0.4605  0.4737  0.4605  0.4737  0.4211  0.4605  0.5000  0.5000  0.4474  0.0000
B7LK78           0.5658  0.5526  0.5395  0.5395  0.5132  0.5263  0.5263  0.5132  0.5789  0.5789  0.5263  0.5395  0.5132  0.4474  0.4342  0.4342  0.4342  0.4474  0.4342  0.4605  0.4605  0.4737  0.4605  0.4605  0.4737  0.4737  0.4737  0.4605  0.4605  0.4605  0.4737  0.4605  0.4737  0.4211  0.4605  0.5000  0.5000  0.4474  0.0000  0.0000
P08450           0.5263  0.5395  0.5395  0.5658  0.5789  0.5526  0.5526  0.5395  0.6053  0.5395  0.5526  0.5132  0.5395  0.1842  0.2105  0.1974  0.1974  0.1842  0.1974  0.2237  0.2237  0.2368  0.1974  0.1184  0.2368  0.2105  0.2368  0.1974  0.1579  0.1711  0.2368  0.2237  0.2368  0.1711  0.2237  0.2368  0.2368  0.1842  0.4605  0.4605  0.4605
Q31RF0           0.5263  0.5395  0.5395  0.5658  0.5789  0.5526  0.5526  0.5395  0.6053  0.5395  0.5526  0.5132  0.5395  0.1842  0.2105  0.1974  0.1974  0.1842  0.1974  0.2237  0.2237  0.2368  0.1974  0.1184  0.2368  0.2105  0.2368  0.1974  0.1579  0.1711  0.2368  0.2237  0.2368  0.1711  0.2237  0.2368  0.2368  0.1842  0.4605  0.4605  0.4605  0.0000
P17253           0.5526  0.5263  0.5263  0.5658  0.5789  0.5526  0.5526  0.5526  0.6053  0.5658  0.5658  0.5132  0.5658  0.0921  0.0921  0.1184  0.1184  0.1053  0.1316  0.2632  0.2632  0.2368  0.2105  0.1447  0.2368  0.1447  0.2368  0.2368  0.1711  0.1579  0.2368  0.1711  0.2368  0.1579  0.2500  0.2368  0.2237  0.1316  0.4605  0.4605  0.4605  0.1842  0.1842
B9YGY9           0.5132  0.5000  0.5000  0.5263  0.5658  0.5658  0.5658  0.5526  0.5658  0.5395  0.5658  0.4737  0.5526  0.1447  0.1447  0.1711  0.1711  0.1053  0.1053  0.2500  0.2500  0.2105  0.1579  0.1447  0.2105  0.1053  0.2105  0.2237  0.1447  0.1316  0.2105  0.1053  0.2105  0.0789  0.2368  0.2368  0.2368  0.0132  0.4474  0.4474  0.4474  0.1842  0.1842  0.1316
B0BZL3           0.5132  0.5132  0.5000  0.5395  0.5526  0.5526  0.5658  0.5526  0.5789  0.5395  0.5658  0.4868  0.5526  0.1316  0.1316  0.1316  0.1316  0.1316  0.1316  0.2105  0.2105  0.1711  0.1053  0.0789  0.1711  0.1184  0.1711  0.1842  0.0921  0.1184  0.1711  0.1447  0.1711  0.1053  0.1974  0.1974  0.1974  0.0921  0.4474  0.4474  0.4474  0.1447  0.1447  0.1316  0.0921
Q46J58           0.5132  0.5526  0.5789  0.5658  0.5526  0.5789  0.5789  0.5789  0.5921  0.5921  0.5789  0.5263  0.5658  0.2632  0.2632  0.2763  0.2763  0.2237  0.2105  0.1053  0.1053  0.0789  0.1447  0.1974  0.0658  0.2368  0.0658  0.0921  0.1974  0.2105  0.0789  0.1974  0.0658  0.1974  0.0789  0.1053  0.1053  0.2105  0.4868  0.4868  0.4868  0.2237  0.2237  0.2368  0.2105  0.1711
A2C4J4           0.5132  0.5526  0.5789  0.5658  0.5526  0.5789  0.5789  0.5789  0.5921  0.5921  0.5789  0.5263  0.5658  0.2632  0.2632  0.2763  0.2763  0.2237  0.2105  0.1053  0.1053  0.0789  0.1447  0.1974  0.0658  0.2368  0.0658  0.0921  0.1974  0.2105  0.0789  0.1974  0.0658  0.1974  0.0789  0.1053  0.1053  0.2105  0.4868  0.4868  0.4868  0.2237  0.2237  0.2368  0.2105  0.1711  0.0000
P12408           0.5132  0.4868  0.5132  0.5263  0.5526  0.5526  0.5526  0.5395  0.5395  0.5526  0.5526  0.4868  0.5395  0.1711  0.1711  0.1974  0.1974  0.1316  0.0921  0.2632  0.2632  0.2237  0.1316  0.1711  0.2237  0.1053  0.2237  0.2368  0.1579  0.1447  0.2237  0.0921  0.2237  0.0395  0.2368  0.2500  0.2500  0.0395  0.4342  0.4342  0.4342  0.1974  0.1974  0.1579  0.0395  0.1184  0.2105  0.2105
B5W2W8           0.5658  0.5789  0.5658  0.5921  0.6316  0.5789  0.5789  0.5526  0.6579  0.6184  0.5921  0.5263  0.5658  0.2237  0.2237  0.2500  0.2500  0.2105  0.2105  0.2632  0.2632  0.2368  0.2368  0.2237  0.2368  0.2500  0.2368  0.2368  0.2237  0.2237  0.2368  0.1447  0.2368  0.2105  0.2500  0.2500  0.2500  0.2105  0.4868  0.4868  0.4868  0.2632  0.2632  0.2105  0.2105  0.1974  0.2368  0.2368  0.2237
A3YVM0           0.5263  0.5658  0.5789  0.5789  0.5658  0.5526  0.5526  0.5263  0.5921  0.5921  0.5526  0.5395  0.5395  0.2763  0.2500  0.2763  0.2763  0.2368  0.2368  0.0921  0.0921  0.0921  0.1842  0.1974  0.0526  0.2763  0.0658  0.0789  0.2237  0.2368  0.0921  0.2105  0.0658  0.1974  0.0658  0.0921  0.0921  0.2368  0.4737  0.4737  0.4737  0.2237  0.2237  0.2500  0.2368  0.1974  0.0921  0.0921  0.2237  0.2500
B1XHY7           0.5395  0.5526  0.5658  0.5789  0.5921  0.5789  0.5789  0.5526  0.6184  0.5789  0.5658  0.4868  0.5658  0.1711  0.1842  0.1842  0.1842  0.1842  0.1842  0.2237  0.2237  0.2105  0.2105  0.1579  0.2105  0.1974  0.2105  0.1974  0.1711  0.1974  0.2105  0.2105  0.2105  0.1579  0.2237  0.2237  0.2237  0.1842  0.4474  0.4474  0.4474  0.1711  0.1711  0.1711  0.1842  0.1447  0.2105  0.2105  0.1974  0.1974  0.2237
A5GV71           0.5658  0.5789  0.5789  0.6053  0.5921  0.5658  0.5658  0.5526  0.5789  0.6184  0.5658  0.5658  0.5526  0.2763  0.2500  0.2763  0.2763  0.2237  0.2237  0.0921  0.0921  0.1053  0.1842  0.1974  0.1053  0.2632  0.1184  0.0921  0.2237  0.2368  0.1053  0.2237  0.1184  0.1974  0.0789  0.1184  0.1184  0.2237  0.4342  0.4342  0.4342  0.2368  0.2368  0.2632  0.2237  0.1974  0.1053  0.1053  0.2237  0.2763  0.1053  0.2500
Q7VA64           0.5526  0.5921  0.5789  0.6053  0.5658  0.5658  0.5658  0.5658  0.5789  0.6184  0.5658  0.5526  0.5658  0.2632  0.2895  0.2763  0.2763  0.2237  0.1974  0.1184  0.1184  0.1184  0.1711  0.1974  0.1053  0.2237  0.1053  0.1053  0.1842  0.1974  0.1184  0.2368  0.1053  0.1974  0.1316  0.1316  0.1316  0.2105  0.4868  0.4868  0.4868  0.2368  0.2368  0.2500  0.2105  0.1974  0.0921  0.0921  0.2105  0.2632  0.1447  0.2237  0.1447
Q3M9W1           0.5132  0.4868  0.5132  0.5263  0.5526  0.5526  0.5526  0.5395  0.5395  0.5526  0.5526  0.4868  0.5395  0.1579  0.1579  0.1842  0.1842  0.1184  0.0789  0.2500  0.2500  0.2105  0.1184  0.1579  0.2105  0.1184  0.2105  0.2237  0.1447  0.1316  0.2105  0.1053  0.2105  0.0263  0.2237  0.2368  0.2368  0.0526  0.4211  0.4211  0.4211  0.1842  0.1842  0.1447  0.0526  0.1053  0.1974  0.1974  0.0132  0.2105  0.2105  0.1842  0.2105  0.1974
A9BCD8           0.5395  0.5658  0.5658  0.6053  0.5263  0.5395  0.5395  0.5395  0.5658  0.6053  0.5395  0.5526  0.5526  0.2763  0.2763  0.2895  0.2895  0.2368  0.2105  0.1316  0.1316  0.1053  0.1579  0.2105  0.0658  0.2368  0.0658  0.1184  0.1974  0.2105  0.1053  0.2237  0.0658  0.2105  0.1184  0.0921  0.0789  0.2237  0.5000  0.5000  0.5000  0.2500  0.2500  0.2237  0.2237  0.1842  0.0789  0.0789  0.2237  0.2500  0.1053  0.2237  0.1447  0.0526  0.2105
Q7V038           0.5526  0.5789  0.5526  0.5921  0.5395  0.5658  0.5658  0.5789  0.5658  0.6184  0.5658  0.5526  0.5658  0.2895  0.2895  0.3026  0.3026  0.2237  0.2105  0.1711  0.1711  0.1579  0.1842  0.2237  0.1184  0.2237  0.1184  0.1711  0.2105  0.2237  0.1579  0.2500  0.1184  0.2105  0.1711  0.1447  0.1447  0.2105  0.4868  0.4868  0.4868  0.2763  0.2763  0.2632  0.1974  0.1974  0.1579  0.1579  0.2237  0.3026  0.1711  0.2763  0.1711  0.0921  0.2105  0.0921
A8G6V0           0.5526  0.5789  0.5526  0.5921  0.5526  0.5658  0.5658  0.5789  0.5658  0.6184  0.5658  0.5526  0.5658  0.2895  0.2895  0.3026  0.3026  0.2237  0.2105  0.1711  0.1711  0.1711  0.1842  0.2237  0.1316  0.2237  0.1316  0.1842  0.2105  0.2237  0.1711  0.2500  0.1316  0.2105  0.1842  0.1447  0.1447  0.2105  0.4868  0.4868  0.4868  0.2763  0.2763  0.2632  0.1974  0.1974  0.1579  0.1579  0.2237  0.2895  0.1711  0.2763  0.1579  0.0921  0.2105  0.0921  0.0263
Q318U2           0.5526  0.5789  0.5526  0.5921  0.5526  0.5658  0.5658  0.5789  0.5658  0.6184  0.5658  0.5526  0.5658  0.2895  0.2895  0.3026  0.3026  0.2237  0.2105  0.1579  0.1579  0.1579  0.1842  0.2237  0.1184  0.2237  0.1184  0.1711  0.2105  0.2237  0.1579  0.2500  0.1184  0.2105  0.1711  0.1447  0.1447  0.2105  0.4737  0.4737  0.4737  0.2763  0.2763  0.2632  0.1974  0.1974  0.1579  0.1579  0.2237  0.3026  0.1711  0.2763  0.1579  0.0921  0.2105  0.0921  0.0132  0.0132
A2BYH5           0.5526  0.5789  0.5526  0.5921  0.5395  0.5658  0.5658  0.5789  0.5658  0.6184  0.5658  0.5526  0.5658  0.2895  0.2895  0.3026  0.3026  0.2237  0.2105  0.1711  0.1711  0.1579  0.1842  0.2237  0.1184  0.2237  0.1184  0.1711  0.2105  0.2237  0.1579  0.2500  0.1184  0.2105  0.1711  0.1447  0.1447  0.2105  0.4868  0.4868  0.4868  0.2763  0.2763  0.2632  0.1974  0.1974  0.1579  0.1579  0.2237  0.3026  0.1711  0.2763  0.1711  0.0921  0.2105  0.0921  0.0000  0.0263  0.0132
A2BT24           0.5526  0.5789  0.5526  0.5921  0.5526  0.5658  0.5658  0.5789  0.5658  0.6184  0.5658  0.5526  0.5658  0.2895  0.2895  0.3026  0.3026  0.2237  0.2105  0.1579  0.1579  0.1579  0.1842  0.2237  0.1184  0.2237  0.1184  0.1711  0.2105  0.2237  0.1579  0.2500  0.1184  0.2105  0.1711  0.1447  0.1447  0.2105  0.4737  0.4737  0.4737  0.2763  0.2763  0.2632  0.1974  0.1974  0.1579  0.1579  0.2237  0.3026  0.1711  0.2763  0.1579  0.0921  0.2105  0.0921  0.0132  0.0132  0.0000  0.0132
A3PET8           0.5526  0.5789  0.5526  0.5921  0.5526  0.5658  0.5658  0.5789  0.5658  0.6184  0.5658  0.5526  0.5658  0.2895  0.2895  0.3026  0.3026  0.2237  0.2105  0.1711  0.1711  0.1711  0.1842  0.2237  0.1316  0.2237  0.1316  0.1842  0.2105  0.2237  0.1711  0.2500  0.1316  0.2105  0.1842  0.1447  0.1447  0.2105  0.4868  0.4868  0.4868  0.2763  0.2763  0.2632  0.1974  0.1974  0.1579  0.1579  0.2237  0.2895  0.1711  0.2763  0.1579  0.0921  0.2105  0.0921  0.0263  0.0000  0.0132  0.0263  0.0132
Q112Z7           0.5789  0.5658  0.5526  0.6184  0.6184  0.6053  0.6184  0.6053  0.6447  0.6053  0.6184  0.5658  0.6053  0.2105  0.2105  0.2105  0.2105  0.1842  0.1842  0.2237  0.2237  0.1842  0.1974  0.1842  0.1842  0.1842  0.1842  0.1974  0.1711  0.1711  0.1842  0.1447  0.1842  0.2237  0.2105  0.2105  0.2105  0.1842  0.5000  0.5000  0.5000  0.2368  0.2368  0.1842  0.1842  0.1316  0.1842  0.1842  0.2105  0.1579  0.2105  0.2237  0.2105  0.2105  0.1974  0.1974  0.2237  0.2237  0.2237  0.2237  0.2237  0.2237
Q7NDC0           0.5263  0.5526  0.5526  0.5263  0.5526  0.5658  0.5526  0.5789  0.6053  0.6053  0.5526  0.5395  0.5526  0.2895  0.2895  0.3026  0.3026  0.2368  0.2500  0.2763  0.2763  0.2763  0.2632  0.2632  0.2763  0.2763  0.2763  0.2763  0.2763  0.2632  0.2763  0.2632  0.2763  0.3026  0.2895  0.2763  0.2763  0.2763  0.4079  0.4079  0.4079  0.2895  0.2895  0.2632  0.2632  0.2632  0.2500  0.2500  0.3026  0.2763  0.2895  0.3026  0.2632  0.3026  0.2895  0.2895  0.2763  0.2632  0.2632  0.2763  0.2632  0.2632  0.2368
A3IIT6           0.5526  0.5395  0.5526  0.5789  0.6053  0.6053  0.6053  0.5921  0.6316  0.5789  0.6053  0.5132  0.5921  0.0000  0.0395  0.0263  0.0263  0.1053  0.1316  0.2632  0.2632  0.2632  0.2105  0.1184  0.2632  0.1447  0.2632  0.2368  0.1447  0.1316  0.2632  0.1974  0.2632  0.1711  0.2763  0.2763  0.2763  0.1447  0.4474  0.4474  0.4474  0.1842  0.1842  0.0921  0.1447  0.1316  0.2632  0.2632  0.1711  0.2237  0.2763  0.1711  0.2763  0.2632  0.1579  0.2763  0.2895  0.2895  0.2895  0.2895  0.2895  0.2895  0.2105  0.2895


TREE #  1:  (41, 39, (40, ((10, ((((3, (8, ((6, 7), (11, 13)))), (4, 9)), (12, 2)), (1, 5))), (((51, 53), (((36, 37), ((47, 48), ((59, ((61, (58, 62)), (57, 60))), (54, 56)))), (28, (((27, 33), (22, 31)), (35, (25, (20, 21))))))), (24, ((42, 43), (((34, (49, 55)), (45, 38)), (23, (46, ((63, (32, 50)), ((64, (29, 30)), (52, (44, ((18, 19), (26, ((16, 17), (15, (65, 14))))))))))))))))));   MP score: 381
lnL(ntime:127  np:128):  -2075.105448      +0.000000
  66..41   66..39   66..67   67..40   67..68   68..69   69..10   69..70   70..71   71..72   72..73   73..3    73..74   74..8    74..75   75..76   76..6    76..7    75..77   77..11   77..13   72..78   78..4    78..9    71..79   79..12   79..2    70..80   80..1    80..5    68..81   81..82   82..83   83..51   83..53   82..84   84..85   85..86   86..36   86..37   85..87   87..88   88..47   88..48   87..89   89..90   90..59   90..91   91..92   92..61   92..93   93..58   93..62   91..94   94..57   94..60   89..95   95..54   95..56   84..96   96..28   96..97   97..98   98..99   99..27   99..33   98..100 100..22  100..31   97..101 101..35  101..102 102..25  102..103 103..20  103..21   81..104 104..24  104..105 105..106 106..42  106..43  105..107 107..108 108..109 109..34  109..110 110..49  110..55  108..111 111..45  111..38  107..112 112..23  112..113 113..46  113..114 114..115 115..63  115..116 116..32  116..50  114..117 117..118 118..64  118..119 119..29  119..30  117..120 120..52  120..121 121..44  121..122 122..123 123..18  123..19  122..124 124..26  124..125 125..126 126..16  126..17  125..127 127..15  127..128 128..65  128..14 
 0.000004 0.000004 0.000004 0.000004 0.510335 0.889328 0.360333 0.029064 0.000004 0.000004 0.160425 0.090792 0.108634 0.070818 0.052494 0.015485 0.015507 0.000004 0.000004 0.031403 0.063625 0.035240 0.161264 0.279270 0.104071 0.156777 0.127290 0.035864 0.291868 0.242486 0.683688 0.190295 0.000004 0.063459 0.087809 0.000004 0.017333 0.079578 0.015321 0.000004 0.017028 0.033444 0.000004 0.000004 0.057969 0.110951 0.000004 0.000004 0.000004 0.000004 0.014965 0.000004 0.000004 0.014961 0.000004 0.000004 0.000004 0.039165 0.030548 0.014623 0.031544 0.000004 0.016053 0.032211 0.000004 0.000004 0.031939 0.000004 0.000004 0.000004 0.032783 0.000004 0.031942 0.048461 0.000004 0.000004 0.078743 0.036179 0.000004 0.185080 0.000004 0.000004 0.057765 0.101754 0.045596 0.030888 0.000004 0.015239 0.000004 0.018071 0.015328 0.000004 0.000004 0.140684 0.000004 0.030395 0.000004 0.083045 0.111121 0.025091 0.066452 0.119115 0.017781 0.000004 0.429902 0.071015 0.000004 0.031533 0.035232 0.172990 0.048897 0.068455 0.000004 0.069577 0.000004 0.046062 0.000004 0.114844 0.063496 0.030464 0.000004 0.000004 0.000004 0.045738 0.000004 0.000004 0.000004 0.641818

tree length =   7.93518

(41: 0.000004, 39: 0.000004, (40: 0.000004, ((10: 0.360333, ((((3: 0.090792, (8: 0.070818, ((6: 0.015507, 7: 0.000004): 0.015485, (11: 0.031403, 13: 0.063625): 0.000004): 0.052494): 0.108634): 0.160425, (4: 0.161264, 9: 0.279270): 0.035240): 0.000004, (12: 0.156777, 2: 0.127290): 0.104071): 0.000004, (1: 0.291868, 5: 0.242486): 0.035864): 0.029064): 0.889328, (((51: 0.063459, 53: 0.087809): 0.000004, (((36: 0.015321, 37: 0.000004): 0.079578, ((47: 0.000004, 48: 0.000004): 0.033444, ((59: 0.000004, ((61: 0.000004, (58: 0.000004, 62: 0.000004): 0.014965): 0.000004, (57: 0.000004, 60: 0.000004): 0.014961): 0.000004): 0.110951, (54: 0.039165, 56: 0.030548): 0.000004): 0.057969): 0.017028): 0.017333, (28: 0.031544, (((27: 0.000004, 33: 0.000004): 0.032211, (22: 0.000004, 31: 0.000004): 0.031939): 0.016053, (35: 0.032783, (25: 0.031942, (20: 0.000004, 21: 0.000004): 0.048461): 0.000004): 0.000004): 0.000004): 0.014623): 0.000004): 0.190295, (24: 0.036179, ((42: 0.000004, 43: 0.000004): 0.185080, (((34: 0.030888, (49: 0.015239, 55: 0.000004): 0.000004): 0.045596, (45: 0.015328, 38: 0.000004): 0.018071): 0.101754, (23: 0.140684, (46: 0.030395, ((63: 0.111121, (32: 0.066452, 50: 0.119115): 0.025091): 0.083045, ((64: 0.429902, (29: 0.000004, 30: 0.031533): 0.071015): 0.000004, (52: 0.172990, (44: 0.068455, ((18: 0.000004, 19: 0.046062): 0.069577, (26: 0.114844, ((16: 0.000004, 17: 0.000004): 0.030464, (15: 0.045738, (65: 0.000004, 14: 0.000004): 0.000004): 0.000004): 0.063496): 0.000004): 0.000004): 0.048897): 0.035232): 0.017781): 0.000004): 0.000004): 0.000004): 0.057765): 0.000004): 0.078743): 0.683688): 0.510335): 0.000004);

(B7LK78: 0.000004, B7N2H2: 0.000004, (P0ABA6: 0.000004, ((B9L7Y6: 0.360333, ((((D1AZT4: 0.090792, (B9KES2: 0.070818, ((A7H1I0: 0.015507, A8FJR1: 0.000004): 0.015485, (Q4HE27: 0.031403, Q4HQX5: 0.063625): 0.000004): 0.052494): 0.108634): 0.160425, (A6Q4C1: 0.161264, Q30QQ0: 0.279270): 0.035240): 0.000004, (P56082: 0.156777, Q7MA19: 0.127290): 0.104071): 0.000004, (A8EV71: 0.291868, A6QB60: 0.242486): 0.035864): 0.029064): 0.889328, (((A3YVM0: 0.063459, A5GV71: 0.087809): 0.000004, (((Q7V5S8: 0.015321, A2C6X6: 0.000004): 0.079578, ((Q46J58: 0.000004, A2C4J4: 0.000004): 0.033444, ((Q318U2: 0.000004, ((A2BT24: 0.000004, (A8G6V0: 0.000004, A3PET8: 0.000004): 0.014965): 0.000004, (Q7V038: 0.000004, A2BYH5: 0.000004): 0.014961): 0.000004): 0.110951, (Q7VA64: 0.039165, A9BCD8: 0.030548): 0.000004): 0.057969): 0.017028): 0.017333, (A3Z972: 0.031544, (((Q3AZM0: 0.000004, Q064R3: 0.000004): 0.032211, (Q3AHK6: 0.000004, Q7U8W4: 0.000004): 0.031939): 0.016053, (Q05YF3: 0.032783, (Q0I7R3: 0.031942, (A5GNC7: 0.000004, A4CR64: 0.000004): 0.048461): 0.000004): 0.000004): 0.000004): 0.014623): 0.000004): 0.190295, (Q8DLU1: 0.036179, ((P08450: 0.000004, Q31RF0: 0.000004): 0.185080, (((A0ZEZ4: 0.030888, (P12408: 0.015239, Q3M9W1: 0.000004): 0.000004): 0.045596, (B9YGY9: 0.015328, B2J059: 0.000004): 0.018071): 0.101754, (B8HPK2: 0.140684, (B0BZL3: 0.030395, ((Q112Z7: 0.111121, (A0YJE9: 0.066452, B5W2W8: 0.119115): 0.025091): 0.083045, ((Q7NDC0: 0.429902, (Q2JIG1: 0.000004, Q2JSW2: 0.031533): 0.071015): 0.000004, (B1XHY7: 0.172990, (P17253: 0.068455, ((B4B4T9: 0.000004, B7KKR3: 0.046062): 0.069577, (B0JWV2: 0.114844, ((C7QY09: 0.000004, B7K5I9: 0.000004): 0.030464, (Q4C9S9: 0.045738, (A3IIT6: 0.000004, B1WUI3: 0.000004): 0.000004): 0.000004): 0.063496): 0.000004): 0.000004): 0.048897): 0.035232): 0.017781): 0.000004): 0.000004): 0.000004): 0.057765): 0.000004): 0.078743): 0.683688): 0.510335): 0.000004);

Detailed output identifying parameters

alpha (gamma, K = 4) =  0.64182
rate:   0.06183  0.33473  0.90124  2.70219
freq:   0.25000  0.25000  0.25000  0.25000

Time used:  9:16
