AAML (in paml version 4.6, August 2012)  260.aa
Model: Empirical for branches,  (../../../bin/LG.dat) dGamma (ncatG=4) ns =  65  ls = 622


Frequencies..
                                    A      R      N      D      C      Q      E      G      H      I      L      K      M      F      P      S      T      W      Y      V
A8ESI6                         0.04984 0.03537 0.04662 0.05305 0.01929 0.02572 0.06913 0.03376 0.03376 0.10450 0.08039 0.09646 0.01929 0.06109 0.02412 0.07074 0.05466 0.00804 0.04662 0.06752
Q7MAH7                         0.07556 0.04662 0.04180 0.06270 0.01768 0.02894 0.06752 0.04019 0.03376 0.09486 0.09807 0.08682 0.01608 0.03698 0.02251 0.06913 0.03537 0.00643 0.04341 0.07556
A6Q313                         0.07556 0.03859 0.03537 0.04984 0.01286 0.03215 0.08039 0.03376 0.04341 0.09164 0.10772 0.10450 0.02090 0.04180 0.02894 0.04019 0.04019 0.00643 0.04180 0.07395
A6QB33                         0.06913 0.04180 0.03215 0.06913 0.01286 0.02572 0.06592 0.04019 0.04341 0.09325 0.11254 0.09164 0.01929 0.03698 0.02572 0.07074 0.04019 0.00643 0.04180 0.06109
D1B066                         0.06752 0.04341 0.04180 0.05627 0.01447 0.03055 0.06431 0.04502 0.03537 0.08521 0.09646 0.08842 0.01929 0.03859 0.02412 0.05949 0.04984 0.00643 0.04823 0.08521
B9L8H2                         0.05627 0.04341 0.05305 0.05949 0.01447 0.02251 0.08039 0.03537 0.02733 0.10932 0.10289 0.11415 0.01286 0.05145 0.02090 0.04341 0.05145 0.00643 0.04180 0.05305
Q30SN3                         0.07395 0.03859 0.05145 0.05949 0.01447 0.02090 0.07556 0.03537 0.04180 0.09486 0.09807 0.08199 0.01929 0.03859 0.01447 0.07395 0.04341 0.00643 0.03698 0.08039
B9KFW1                         0.06431 0.03859 0.05627 0.05305 0.01447 0.03376 0.07235 0.04180 0.02733 0.08682 0.11093 0.08682 0.01929 0.05788 0.02251 0.06109 0.04502 0.00643 0.03537 0.06592
Q4HHR5                         0.06270 0.04502 0.05466 0.06752 0.01608 0.02733 0.06109 0.04019 0.02572 0.08039 0.11736 0.08682 0.02090 0.04019 0.02251 0.06913 0.04019 0.00643 0.04341 0.07235
A8FMX8                         0.05949 0.04502 0.05305 0.06431 0.01929 0.02251 0.06592 0.04341 0.02733 0.09003 0.11576 0.08842 0.01929 0.04823 0.02251 0.06752 0.04019 0.00643 0.04019 0.06109
A7H2A8                         0.05949 0.04502 0.05305 0.06431 0.01929 0.02251 0.06592 0.04341 0.02733 0.09003 0.11736 0.08842 0.01929 0.04823 0.02251 0.06592 0.04019 0.00643 0.04019 0.06109
Q4HQM0                         0.05145 0.04341 0.04984 0.05305 0.01768 0.02733 0.07717 0.04019 0.02894 0.08521 0.11576 0.09003 0.02572 0.04502 0.02251 0.06913 0.04341 0.00643 0.04180 0.06592
O25466                         0.07074 0.04662 0.04823 0.05949 0.01608 0.02251 0.06752 0.04180 0.02894 0.08360 0.10129 0.10289 0.02572 0.04180 0.03055 0.05466 0.03859 0.00804 0.04984 0.06109
B7LVL2                         0.09003 0.07556 0.03537 0.04984 0.01286 0.04019 0.07235 0.06109 0.04019 0.07717 0.08521 0.05949 0.03376 0.02733 0.04502 0.04984 0.04019 0.00643 0.03055 0.06752
C7QR68                         0.06431 0.08360 0.04502 0.05466 0.01125 0.04984 0.07717 0.06109 0.03215 0.07878 0.08682 0.06431 0.02251 0.03055 0.03698 0.03859 0.04662 0.01608 0.03055 0.06913
B7K4M5                         0.06431 0.08360 0.04502 0.05466 0.01125 0.04984 0.07717 0.06109 0.03215 0.07878 0.08682 0.06431 0.02251 0.03055 0.03698 0.03859 0.04662 0.01608 0.03055 0.06913
B7N290                         0.09003 0.07556 0.03376 0.04984 0.01286 0.04180 0.07235 0.06109 0.04019 0.07717 0.08521 0.05949 0.03376 0.02733 0.04341 0.04823 0.04341 0.00643 0.03055 0.06752
P0AG24                         0.09003 0.07556 0.03376 0.04984 0.01286 0.04180 0.07235 0.06109 0.04019 0.07717 0.08521 0.05949 0.03376 0.02733 0.04341 0.04823 0.04341 0.00643 0.03055 0.06752
B7KD65                         0.05949 0.08842 0.03859 0.04984 0.01125 0.03537 0.09164 0.06270 0.03698 0.08360 0.09646 0.06109 0.01286 0.03215 0.03698 0.03859 0.04502 0.01286 0.03215 0.07395
Q4C6R9                         0.05305 0.08039 0.05305 0.05949 0.01125 0.04662 0.07235 0.06913 0.02894 0.07878 0.09164 0.06109 0.01929 0.03537 0.03698 0.03537 0.04662 0.01447 0.02894 0.07717
A2BUG8                         0.05949 0.06752 0.05305 0.05627 0.00965 0.03537 0.07235 0.06431 0.03055 0.09164 0.10450 0.07235 0.01447 0.03376 0.03215 0.05788 0.04502 0.01447 0.02251 0.06270
B4B2S2                         0.05466 0.08682 0.04019 0.05305 0.00804 0.03859 0.08842 0.06913 0.03698 0.09325 0.08682 0.05788 0.01608 0.03215 0.03537 0.03859 0.04662 0.01286 0.03055 0.07395
B1WTM4                         0.05466 0.08039 0.05788 0.06270 0.01125 0.04180 0.07235 0.06752 0.03055 0.08039 0.08682 0.06109 0.02090 0.03537 0.03859 0.03055 0.04662 0.01447 0.02894 0.07717
Q7TUG7                         0.06109 0.06913 0.05145 0.05305 0.00965 0.03215 0.07556 0.06592 0.03055 0.09003 0.10289 0.07074 0.01447 0.03376 0.03215 0.05788 0.04662 0.01447 0.02251 0.06592
A3IW67                         0.05627 0.07878 0.05788 0.06109 0.01125 0.03859 0.07235 0.06752 0.03215 0.07878 0.09003 0.06270 0.02090 0.03376 0.03859 0.03376 0.04662 0.01447 0.02894 0.07556
Q2JTB2                         0.07235 0.09164 0.03537 0.04823 0.01608 0.06109 0.07878 0.05305 0.03215 0.06270 0.10289 0.05305 0.01125 0.03537 0.04019 0.04341 0.03376 0.01286 0.03055 0.08521
Q31CZ0                         0.06592 0.06913 0.04662 0.05788 0.00965 0.02894 0.07395 0.06913 0.03376 0.08682 0.10129 0.07395 0.01447 0.03376 0.03215 0.05305 0.04662 0.01447 0.02412 0.06431
Q7NGY9                         0.06431 0.07878 0.03055 0.06270 0.00965 0.05627 0.07235 0.05788 0.03215 0.06913 0.08682 0.06109 0.02412 0.03537 0.04341 0.04823 0.04984 0.01447 0.02894 0.07395
A2BNY6                         0.06592 0.06913 0.04662 0.05788 0.00965 0.02894 0.07395 0.06752 0.03376 0.08842 0.10289 0.07395 0.01447 0.03376 0.03215 0.05305 0.04662 0.01447 0.02572 0.06109
A3PAQ9                         0.06431 0.06752 0.04662 0.05788 0.00965 0.02894 0.07395 0.06752 0.03376 0.09003 0.10289 0.07556 0.01447 0.03215 0.03215 0.05466 0.04662 0.01447 0.02572 0.06109
A8G2J7                         0.06752 0.06913 0.04662 0.05788 0.00965 0.02894 0.07395 0.06592 0.03376 0.09003 0.10450 0.07395 0.01447 0.03215 0.03215 0.05145 0.04662 0.01447 0.02733 0.05949
A0YZ95                         0.05949 0.08199 0.05145 0.05145 0.01286 0.03215 0.08360 0.06431 0.04019 0.07717 0.08842 0.06270 0.01447 0.03698 0.03376 0.04823 0.04341 0.01125 0.03215 0.07395
Q31NG2                         0.07878 0.09164 0.04180 0.05305 0.01286 0.04984 0.07235 0.06270 0.02733 0.07556 0.09003 0.04984 0.01768 0.03215 0.03859 0.04984 0.04019 0.01125 0.02894 0.07556
Q2JLA4                         0.07395 0.08842 0.03698 0.04662 0.01447 0.05788 0.07878 0.05145 0.03537 0.06431 0.10129 0.05305 0.01125 0.03537 0.03698 0.05305 0.03698 0.01286 0.03055 0.08039
Q5N5P9                         0.07878 0.09164 0.04180 0.05305 0.01286 0.04984 0.07235 0.06270 0.02733 0.07556 0.09003 0.04984 0.01768 0.03215 0.03859 0.04984 0.04019 0.01125 0.02894 0.07556
Q3AGU5                         0.07717 0.10129 0.02894 0.06270 0.01125 0.04019 0.08039 0.07556 0.03537 0.06109 0.11093 0.03698 0.01447 0.04019 0.03698 0.03859 0.04662 0.01286 0.01608 0.07235
Q3M350                         0.07235 0.08842 0.03698 0.05788 0.00965 0.05145 0.07556 0.06431 0.02733 0.07556 0.08842 0.05627 0.02090 0.03055 0.03537 0.04823 0.04341 0.01447 0.03376 0.06913
Q3AVY0                         0.07878 0.10129 0.03055 0.06109 0.01125 0.04502 0.07556 0.08039 0.03215 0.06752 0.09807 0.03537 0.01447 0.04019 0.03376 0.03859 0.04984 0.01286 0.01768 0.07556
Q8YWQ5                         0.07235 0.08842 0.03698 0.05788 0.00965 0.05145 0.07556 0.06431 0.02894 0.07395 0.08842 0.05788 0.02090 0.03055 0.03376 0.04662 0.04180 0.01447 0.03376 0.07235
Q46HI2                         0.05949 0.08199 0.04019 0.04984 0.01125 0.03859 0.08199 0.06752 0.03859 0.08199 0.10129 0.05466 0.01125 0.03698 0.03376 0.05627 0.04984 0.01286 0.02572 0.06592
A5GW79                         0.07717 0.10289 0.03055 0.06431 0.01286 0.04341 0.06913 0.07074 0.03698 0.06270 0.09807 0.03215 0.01608 0.03376 0.03859 0.04823 0.04341 0.01286 0.02251 0.08360
B5VV09                         0.06752 0.08360 0.04662 0.05305 0.01286 0.03698 0.07878 0.06270 0.03376 0.07556 0.08521 0.06109 0.02090 0.03376 0.03537 0.04662 0.04823 0.01125 0.03376 0.07235
Q061L8                         0.08039 0.10289 0.03055 0.06109 0.01125 0.04502 0.07556 0.07717 0.03215 0.06592 0.09646 0.03537 0.01447 0.04019 0.03376 0.04180 0.04984 0.01286 0.01768 0.07556
A3Z3A3                         0.08199 0.09325 0.02733 0.06270 0.00965 0.04341 0.06752 0.06752 0.03698 0.06270 0.10772 0.04180 0.01447 0.03859 0.03698 0.04984 0.05145 0.01286 0.01929 0.07395
Q7TUK5                         0.07717 0.09003 0.03859 0.06270 0.01125 0.04341 0.07395 0.06592 0.03376 0.06270 0.10772 0.03859 0.01608 0.03859 0.03537 0.05145 0.04662 0.01286 0.01929 0.07395
Q0I6N2                         0.07395 0.09003 0.03055 0.06592 0.01125 0.04180 0.07235 0.07235 0.03698 0.06431 0.10772 0.03859 0.01768 0.04019 0.03859 0.04662 0.04823 0.01447 0.01768 0.07074
B8HYC4                         0.07074 0.08682 0.03859 0.06431 0.01286 0.05627 0.07235 0.05627 0.03215 0.06913 0.09486 0.04984 0.01929 0.03376 0.04019 0.03376 0.04341 0.01125 0.03055 0.08360
A2CDH6                         0.08039 0.09003 0.03215 0.06431 0.01125 0.04341 0.07395 0.06752 0.03376 0.06270 0.10772 0.03859 0.01608 0.03859 0.03376 0.05145 0.04823 0.01286 0.01929 0.07395
Q7VDZ8                         0.07074 0.07717 0.04502 0.05949 0.01125 0.04019 0.06913 0.06431 0.03537 0.07878 0.10611 0.05788 0.01608 0.03698 0.03537 0.04180 0.05466 0.01286 0.02090 0.06592
A4CY52                         0.08360 0.09968 0.03215 0.05788 0.01286 0.04180 0.07395 0.07235 0.03537 0.05949 0.10932 0.03698 0.01608 0.03859 0.03698 0.04019 0.04984 0.01286 0.01929 0.07074
A9BDF4                         0.06913 0.08521 0.04180 0.06270 0.01125 0.04502 0.06913 0.06752 0.03215 0.07717 0.11897 0.05305 0.01286 0.03698 0.03537 0.04341 0.04984 0.01286 0.01929 0.05627
A0ZCN6                         0.06913 0.08360 0.03376 0.05305 0.01125 0.05788 0.07717 0.06431 0.03376 0.07395 0.09003 0.05305 0.01929 0.03055 0.03698 0.05949 0.03859 0.01447 0.03376 0.06592
B2J6X4                         0.07074 0.08842 0.03215 0.05466 0.00965 0.06109 0.07717 0.06592 0.03215 0.06592 0.09003 0.05145 0.02090 0.03055 0.03215 0.05305 0.03859 0.01447 0.03376 0.07717
B1XN75                         0.07235 0.09003 0.04662 0.05305 0.00804 0.03376 0.08682 0.05627 0.04502 0.08360 0.08682 0.06270 0.01768 0.03376 0.03215 0.04502 0.04180 0.01768 0.02733 0.05949
A5GPA3                         0.07878 0.09646 0.03055 0.05788 0.01286 0.04341 0.07717 0.07074 0.03537 0.05949 0.10932 0.03537 0.01768 0.04019 0.03698 0.04823 0.04984 0.01286 0.01768 0.06913
A2C021                         0.05949 0.08360 0.04019 0.04984 0.01125 0.04019 0.08199 0.06592 0.03698 0.08199 0.10450 0.05466 0.01125 0.03698 0.03376 0.05466 0.04823 0.01286 0.02572 0.06592
P74007                         0.05949 0.08360 0.04502 0.06752 0.00804 0.03537 0.07556 0.06592 0.03698 0.07395 0.09325 0.06270 0.02251 0.03537 0.03376 0.04823 0.03698 0.01447 0.03055 0.07074
A3YUC1                         0.09164 0.09164 0.02894 0.05627 0.01447 0.04984 0.06592 0.07878 0.03537 0.06109 0.10129 0.03698 0.01608 0.03537 0.03698 0.03859 0.04984 0.01286 0.02090 0.07717
Q05VJ4                         0.07717 0.09486 0.03215 0.05627 0.01125 0.03859 0.08039 0.07395 0.03698 0.05949 0.10772 0.04019 0.01608 0.03859 0.03859 0.04341 0.05145 0.01286 0.01929 0.07074
Q7TTS4                         0.08360 0.09807 0.03055 0.05949 0.01286 0.04180 0.07717 0.07235 0.03698 0.06913 0.10129 0.03859 0.01447 0.04180 0.03537 0.04341 0.04502 0.01286 0.01447 0.07074
B9YPS9                         0.07074 0.08682 0.03537 0.05788 0.01125 0.05145 0.07074 0.06752 0.03859 0.07556 0.08682 0.05305 0.01929 0.03055 0.03215 0.04823 0.04180 0.01447 0.03376 0.07395
B0JY99                         0.06913 0.07235 0.05466 0.04823 0.01286 0.04823 0.08360 0.06431 0.02894 0.07074 0.09325 0.06592 0.01608 0.03537 0.03537 0.03859 0.04019 0.01286 0.03055 0.07878
Q8DLB2                         0.07878 0.09325 0.03055 0.06109 0.01286 0.05949 0.06109 0.05949 0.03215 0.07074 0.10611 0.04180 0.01608 0.02894 0.04341 0.04180 0.04502 0.01286 0.03055 0.07395
Q111H7                         0.04823 0.07717 0.05305 0.05145 0.01447 0.02733 0.08360 0.07235 0.03537 0.07878 0.10129 0.06913 0.01447 0.02733 0.03859 0.04019 0.04341 0.01125 0.04180 0.07074
B0C5E6                         0.06913 0.08521 0.04180 0.05788 0.01447 0.04823 0.07717 0.06109 0.03537 0.07235 0.08842 0.04984 0.02090 0.03537 0.04180 0.04341 0.04823 0.01286 0.02733 0.06913

Homogeneity statistic: X2 = 2.20061 G = 2.23593 

Average                        0.06948 0.07668 0.04138 0.05731 0.01242 0.04002 0.07452 0.06067 0.03396 0.07774 0.09879 0.06198 0.01818 0.03653 0.03389 0.04932 0.04494 0.01177 0.02978 0.07064

# constant sites:     85 (13.67%)
ln Lmax (unconstrained) = -3860.389665

AA distances (raw proportions of different sites)

A8ESI6         
Q7MAH7           0.4678
A6Q313           0.4678  0.3842
A6QB33           0.4534  0.4277  0.3987
D1B066           0.4871  0.4116  0.4084  0.4469
B9L8H2           0.4791  0.4646  0.4148  0.4534  0.4518
Q30SN3           0.5161  0.4678  0.3875  0.4534  0.4550  0.4952
B9KFW1           0.5225  0.4566  0.4614  0.4871  0.3955  0.4871  0.4871
Q4HHR5           0.5000  0.4453  0.4566  0.4871  0.3650  0.4695  0.4823  0.2814
A8FMX8           0.5032  0.4469  0.4502  0.5000  0.3746  0.4711  0.4823  0.2797  0.0723
A7H2A8           0.5032  0.4486  0.4502  0.5000  0.3746  0.4711  0.4823  0.2797  0.0723  0.0016
Q4HQM0           0.5048  0.4566  0.4518  0.4887  0.3859  0.4791  0.4871  0.2926  0.1415  0.1463  0.1479
O25466           0.5402  0.4614  0.4887  0.5016  0.5322  0.5273  0.5225  0.5531  0.5273  0.5370  0.5370  0.5402
B7LVL2           0.6736  0.6543  0.6383  0.6511  0.6672  0.6431  0.6656  0.6511  0.6720  0.6752  0.6752  0.6736  0.6720
C7QR68           0.6704  0.6367  0.6238  0.6383  0.6302  0.6334  0.6238  0.6318  0.6302  0.6318  0.6318  0.6383  0.6527  0.5627
B7K4M5           0.6704  0.6367  0.6238  0.6383  0.6302  0.6334  0.6238  0.6318  0.6302  0.6318  0.6318  0.6383  0.6527  0.5627  0.0000
B7N290           0.6736  0.6559  0.6399  0.6527  0.6656  0.6431  0.6656  0.6511  0.6720  0.6752  0.6752  0.6736  0.6720  0.0048  0.5643  0.5643
P0AG24           0.6736  0.6559  0.6399  0.6527  0.6656  0.6431  0.6656  0.6511  0.6720  0.6752  0.6752  0.6736  0.6720  0.0048  0.5643  0.5643  0.0000
B7KD65           0.6608  0.6431  0.6141  0.6334  0.6222  0.6367  0.6334  0.6206  0.6334  0.6270  0.6270  0.6302  0.6608  0.5659  0.1897  0.1897  0.5675  0.5675
Q4C6R9           0.6672  0.6334  0.6206  0.6302  0.6350  0.6318  0.6222  0.6367  0.6447  0.6447  0.6447  0.6447  0.6527  0.5531  0.1913  0.1913  0.5531  0.5531  0.2219
A2BUG8           0.6704  0.6688  0.6463  0.6463  0.6527  0.6383  0.6479  0.6447  0.6543  0.6511  0.6511  0.6640  0.6768  0.5900  0.3859  0.3859  0.5900  0.5900  0.3842  0.4084
B4B2S2           0.6688  0.6431  0.6206  0.6350  0.6222  0.6302  0.6318  0.6286  0.6367  0.6334  0.6334  0.6318  0.6624  0.5579  0.1929  0.1929  0.5595  0.5595  0.0756  0.2219  0.3875
B1WTM4           0.6720  0.6302  0.6141  0.6286  0.6270  0.6254  0.6190  0.6286  0.6334  0.6318  0.6318  0.6350  0.6447  0.5563  0.1704  0.1704  0.5563  0.5563  0.2042  0.0788  0.4019  0.2122
Q7TUG7           0.6736  0.6656  0.6415  0.6447  0.6527  0.6447  0.6479  0.6479  0.6592  0.6559  0.6559  0.6656  0.6752  0.5932  0.3875  0.3875  0.5932  0.5932  0.3826  0.4084  0.0305  0.3859  0.4019
A3IW67           0.6704  0.6318  0.6158  0.6286  0.6286  0.6302  0.6174  0.6286  0.6350  0.6318  0.6318  0.6383  0.6495  0.5611  0.1688  0.1688  0.5611  0.5611  0.2058  0.0804  0.3987  0.2106  0.0257  0.3987
Q2JTB2           0.6640  0.6383  0.6318  0.6286  0.6302  0.6286  0.6415  0.6350  0.6334  0.6334  0.6334  0.6318  0.6576  0.5531  0.3296  0.3296  0.5531  0.5531  0.3215  0.3569  0.4196  0.3199  0.3473  0.4164  0.3473
Q31CZ0           0.6688  0.6624  0.6383  0.6383  0.6431  0.6415  0.6463  0.6463  0.6576  0.6543  0.6543  0.6672  0.6833  0.5756  0.3842  0.3842  0.5756  0.5756  0.3778  0.4003  0.0836  0.3842  0.3955  0.0852  0.3955  0.4180
Q7NGY9           0.6736  0.6383  0.6367  0.6399  0.6334  0.6302  0.6559  0.6318  0.6302  0.6270  0.6286  0.6302  0.6736  0.5659  0.3601  0.3601  0.5659  0.5659  0.3392  0.3601  0.4421  0.3280  0.3617  0.4453  0.3633  0.3215  0.4405
A2BNY6           0.6720  0.6672  0.6431  0.6431  0.6431  0.6447  0.6479  0.6447  0.6592  0.6559  0.6559  0.6688  0.6833  0.5772  0.3826  0.3826  0.5772  0.5772  0.3746  0.3987  0.0804  0.3810  0.3939  0.0820  0.3939  0.4180  0.0145  0.4389
A3PAQ9           0.6736  0.6640  0.6431  0.6431  0.6431  0.6431  0.6479  0.6431  0.6592  0.6559  0.6559  0.6672  0.6849  0.5772  0.3794  0.3794  0.5772  0.5772  0.3698  0.3955  0.0788  0.3762  0.3907  0.0804  0.3907  0.4164  0.0161  0.4341  0.0048
A8G2J7           0.6720  0.6656  0.6431  0.6415  0.6431  0.6415  0.6479  0.6447  0.6592  0.6559  0.6559  0.6672  0.6833  0.5756  0.3810  0.3810  0.5756  0.5756  0.3730  0.3971  0.0820  0.3778  0.3923  0.0852  0.3923  0.4164  0.0193  0.4357  0.0080  0.0096
A0YZ95           0.6688  0.6399  0.6318  0.6302  0.6318  0.6238  0.6302  0.6254  0.6238  0.6254  0.6254  0.6174  0.6704  0.5563  0.2878  0.2878  0.5579  0.5579  0.2717  0.3119  0.3923  0.2701  0.3039  0.3939  0.3023  0.3457  0.3907  0.3473  0.3891  0.3875  0.3875
Q31NG2           0.6801  0.6415  0.6350  0.6447  0.6367  0.6431  0.6286  0.6447  0.6415  0.6431  0.6431  0.6399  0.6704  0.5643  0.2653  0.2653  0.5659  0.5659  0.2669  0.2910  0.3971  0.2685  0.2878  0.3955  0.2942  0.3167  0.3842  0.3473  0.3875  0.3859  0.3859  0.2814
Q2JLA4           0.6640  0.6383  0.6334  0.6302  0.6318  0.6334  0.6447  0.6415  0.6383  0.6350  0.6350  0.6399  0.6688  0.5450  0.3248  0.3248  0.5450  0.5450  0.3232  0.3537  0.4389  0.3280  0.3521  0.4357  0.3473  0.0627  0.4341  0.3264  0.4357  0.4341  0.4341  0.3392  0.3103
Q5N5P9           0.6801  0.6415  0.6350  0.6447  0.6367  0.6431  0.6286  0.6447  0.6415  0.6431  0.6431  0.6399  0.6704  0.5643  0.2653  0.2653  0.5659  0.5659  0.2669  0.2910  0.3971  0.2685  0.2878  0.3955  0.2942  0.3167  0.3842  0.3473  0.3875  0.3859  0.3859  0.2814  0.0000  0.3103
Q3AGU5           0.6801  0.6640  0.6447  0.6576  0.6511  0.6479  0.6479  0.6543  0.6559  0.6576  0.6576  0.6608  0.6881  0.5756  0.3601  0.3601  0.5756  0.5756  0.3650  0.3810  0.2621  0.3746  0.3762  0.2621  0.3762  0.3810  0.2524  0.4148  0.2540  0.2556  0.2556  0.3682  0.3585  0.3923  0.3585
Q3M350           0.6801  0.6447  0.6318  0.6463  0.6270  0.6367  0.6302  0.6318  0.6350  0.6334  0.6334  0.6334  0.6736  0.5675  0.2508  0.2508  0.5691  0.5691  0.2588  0.2862  0.3939  0.2621  0.2733  0.3955  0.2701  0.3392  0.4003  0.3408  0.4003  0.3955  0.3971  0.2685  0.2621  0.3344  0.2621  0.3794
Q3AVY0           0.6881  0.6624  0.6463  0.6576  0.6511  0.6559  0.6479  0.6592  0.6640  0.6624  0.6624  0.6672  0.6913  0.5723  0.3698  0.3698  0.5723  0.5723  0.3746  0.3955  0.2605  0.3842  0.3875  0.2588  0.3875  0.3923  0.2492  0.4180  0.2508  0.2524  0.2524  0.3810  0.3650  0.4019  0.3650  0.0836  0.3714
Q8YWQ5           0.6801  0.6447  0.6318  0.6463  0.6270  0.6367  0.6286  0.6318  0.6334  0.6318  0.6318  0.6334  0.6736  0.5707  0.2476  0.2476  0.5707  0.5707  0.2556  0.2894  0.3955  0.2588  0.2749  0.3971  0.2717  0.3408  0.4019  0.3424  0.4019  0.3971  0.3987  0.2717  0.2637  0.3360  0.2637  0.3810  0.0080  0.3714
Q46HI2           0.6704  0.6592  0.6334  0.6302  0.6463  0.6367  0.6479  0.6383  0.6511  0.6447  0.6447  0.6624  0.6833  0.5836  0.3601  0.3601  0.5836  0.5836  0.3730  0.3826  0.2379  0.3810  0.3826  0.2347  0.3778  0.3939  0.2428  0.4293  0.2428  0.2412  0.2428  0.3794  0.3650  0.4068  0.3650  0.2170  0.3762  0.2186  0.3762
A5GW79           0.6752  0.6672  0.6399  0.6399  0.6463  0.6431  0.6447  0.6495  0.6527  0.6624  0.6624  0.6624  0.6833  0.5804  0.3569  0.3569  0.5804  0.5804  0.3633  0.3666  0.2862  0.3778  0.3682  0.2862  0.3682  0.3794  0.2749  0.4068  0.2781  0.2797  0.2797  0.3810  0.3392  0.3987  0.3392  0.1977  0.3762  0.2026  0.3794  0.2379
B5VV09           0.6768  0.6399  0.6286  0.6302  0.6302  0.6431  0.6270  0.6302  0.6302  0.6302  0.6302  0.6302  0.6592  0.5691  0.2765  0.2765  0.5707  0.5707  0.2765  0.3023  0.4035  0.2781  0.2910  0.4019  0.2910  0.3424  0.4100  0.3392  0.4100  0.4084  0.4068  0.1511  0.2926  0.3312  0.2926  0.3891  0.2508  0.3971  0.2556  0.3762  0.3794
Q061L8           0.6913  0.6624  0.6495  0.6608  0.6495  0.6592  0.6479  0.6576  0.6624  0.6624  0.6624  0.6672  0.6945  0.5740  0.3698  0.3698  0.5740  0.5740  0.3762  0.3955  0.2605  0.3859  0.3875  0.2588  0.3875  0.3875  0.2492  0.4196  0.2508  0.2524  0.2524  0.3859  0.3650  0.3987  0.3650  0.0868  0.3762  0.0193  0.3762  0.2170  0.1994  0.3987
A3Z3A3           0.6768  0.6656  0.6463  0.6431  0.6559  0.6495  0.6495  0.6495  0.6576  0.6608  0.6608  0.6672  0.6849  0.5788  0.3505  0.3505  0.5788  0.5788  0.3666  0.3746  0.2412  0.3762  0.3778  0.2395  0.3778  0.3859  0.2347  0.4051  0.2363  0.2379  0.2363  0.3585  0.3537  0.4019  0.3537  0.1206  0.3730  0.1318  0.3730  0.1929  0.1817  0.3714  0.1318
Q7TUK5           0.6736  0.6688  0.6511  0.6527  0.6463  0.6527  0.6415  0.6511  0.6511  0.6479  0.6479  0.6640  0.6913  0.5740  0.3601  0.3601  0.5740  0.5740  0.3746  0.3859  0.2524  0.3778  0.3842  0.2540  0.3842  0.3762  0.2492  0.4148  0.2492  0.2508  0.2492  0.3730  0.3505  0.3907  0.3505  0.1479  0.3810  0.1543  0.3810  0.1785  0.2074  0.3842  0.1543  0.1254
Q0I6N2           0.6785  0.6656  0.6463  0.6495  0.6543  0.6495  0.6479  0.6527  0.6640  0.6640  0.6640  0.6720  0.6865  0.5772  0.3633  0.3633  0.5772  0.5772  0.3714  0.3762  0.2460  0.3826  0.3794  0.2460  0.3762  0.3875  0.2379  0.4116  0.2379  0.2395  0.2395  0.3746  0.3489  0.4003  0.3489  0.1254  0.3730  0.1495  0.3778  0.1994  0.1897  0.3891  0.1463  0.0965  0.1415
B8HYC4           0.6752  0.6415  0.6318  0.6447  0.6270  0.6576  0.6463  0.6350  0.6383  0.6415  0.6415  0.6367  0.6608  0.5707  0.2830  0.2830  0.5707  0.5707  0.2637  0.3151  0.4148  0.2653  0.3006  0.4148  0.3023  0.3232  0.4051  0.3135  0.4051  0.4035  0.4035  0.2717  0.2717  0.3151  0.2717  0.3714  0.2508  0.3730  0.2492  0.3907  0.3714  0.2814  0.3730  0.3633  0.3794  0.3730
A2CDH6           0.6768  0.6704  0.6543  0.6543  0.6495  0.6543  0.6431  0.6527  0.6543  0.6511  0.6511  0.6656  0.6929  0.5756  0.3601  0.3601  0.5756  0.5756  0.3762  0.3859  0.2508  0.3794  0.3875  0.2508  0.3875  0.3778  0.2460  0.4180  0.2460  0.2476  0.2460  0.3730  0.3473  0.3923  0.3473  0.1463  0.3842  0.1527  0.3842  0.1801  0.2042  0.3842  0.1527  0.1190  0.0129  0.1367  0.3810
Q7VDZ8           0.6640  0.6608  0.6447  0.6431  0.6527  0.6431  0.6527  0.6624  0.6543  0.6527  0.6527  0.6640  0.6817  0.5900  0.3794  0.3794  0.5900  0.5900  0.3746  0.3987  0.2428  0.3794  0.3955  0.2428  0.3971  0.3762  0.2331  0.4325  0.2331  0.2347  0.2315  0.3826  0.3810  0.3923  0.3810  0.1945  0.3955  0.1961  0.3971  0.2042  0.2428  0.4003  0.1961  0.1881  0.1929  0.1977  0.3987  0.1913
A4CY52           0.6833  0.6608  0.6479  0.6511  0.6559  0.6559  0.6479  0.6479  0.6576  0.6576  0.6576  0.6624  0.6865  0.5756  0.3569  0.3569  0.5756  0.5756  0.3682  0.3778  0.2588  0.3778  0.3794  0.2556  0.3762  0.3810  0.2460  0.4164  0.2476  0.2492  0.2492  0.3601  0.3392  0.3971  0.3392  0.1125  0.3698  0.1254  0.3698  0.1913  0.1817  0.3778  0.1222  0.0707  0.1206  0.0852  0.3633  0.1158  0.1881
A9BDF4           0.6768  0.6576  0.6399  0.6447  0.6479  0.6383  0.6415  0.6479  0.6463  0.6495  0.6495  0.6640  0.6817  0.5691  0.3794  0.3794  0.5691  0.5691  0.3810  0.3955  0.2379  0.3875  0.3955  0.2444  0.3939  0.3842  0.2412  0.4148  0.2428  0.2444  0.2428  0.3730  0.3762  0.3923  0.3762  0.1961  0.3875  0.1961  0.3891  0.2090  0.2460  0.3875  0.1977  0.1801  0.1736  0.1881  0.3891  0.1704  0.1688  0.1785
A0ZCN6           0.6801  0.6463  0.6350  0.6543  0.6286  0.6463  0.6383  0.6383  0.6447  0.6415  0.6415  0.6431  0.6768  0.5659  0.2524  0.2524  0.5659  0.5659  0.2669  0.2846  0.4035  0.2733  0.2749  0.4051  0.2701  0.3424  0.4051  0.3537  0.4051  0.4003  0.4019  0.2605  0.2605  0.3344  0.2605  0.3746  0.0965  0.3778  0.0997  0.3762  0.3826  0.2588  0.3810  0.3746  0.3762  0.3698  0.2588  0.3778  0.4035  0.3698  0.3907
B2J6X4           0.6833  0.6511  0.6350  0.6479  0.6318  0.6415  0.6334  0.6415  0.6415  0.6431  0.6431  0.6383  0.6833  0.5675  0.2412  0.2412  0.5675  0.5675  0.2588  0.2878  0.3891  0.2621  0.2733  0.3923  0.2669  0.3312  0.3955  0.3408  0.3955  0.3923  0.3939  0.2588  0.2637  0.3248  0.2637  0.3682  0.0916  0.3650  0.0949  0.3778  0.3714  0.2637  0.3682  0.3666  0.3666  0.3698  0.2572  0.3698  0.3939  0.3682  0.3955  0.1013
B1XN75           0.6768  0.6399  0.6158  0.6302  0.6334  0.6334  0.6270  0.6222  0.6270  0.6206  0.6206  0.6206  0.6640  0.5691  0.2540  0.2540  0.5691  0.5691  0.2412  0.2653  0.4003  0.2395  0.2653  0.4035  0.2637  0.3505  0.3971  0.3714  0.3939  0.3923  0.3891  0.3103  0.2878  0.3473  0.2878  0.3971  0.2797  0.4003  0.2830  0.3955  0.3859  0.3135  0.4068  0.3907  0.3891  0.3939  0.3151  0.3875  0.3987  0.3907  0.3987  0.2942  0.2894
A5GPA3           0.6833  0.6624  0.6463  0.6527  0.6559  0.6527  0.6463  0.6431  0.6592  0.6576  0.6576  0.6640  0.6945  0.5740  0.3585  0.3585  0.5740  0.5740  0.3714  0.3762  0.2524  0.3810  0.3794  0.2492  0.3762  0.3842  0.2428  0.4164  0.2444  0.2460  0.2460  0.3633  0.3457  0.4003  0.3457  0.1190  0.3730  0.1238  0.3730  0.1881  0.1849  0.3762  0.1206  0.0675  0.1141  0.0852  0.3650  0.1093  0.1929  0.0273  0.1752  0.3714  0.3698  0.3891
A2C021           0.6720  0.6592  0.6350  0.6318  0.6479  0.6383  0.6495  0.6399  0.6527  0.6463  0.6463  0.6640  0.6833  0.5852  0.3617  0.3617  0.5852  0.5852  0.3762  0.3859  0.2428  0.3842  0.3859  0.2395  0.3810  0.3939  0.2460  0.4293  0.2460  0.2444  0.2460  0.3826  0.3617  0.4068  0.3617  0.2170  0.3762  0.2186  0.3762  0.0080  0.2379  0.3794  0.2170  0.1929  0.1768  0.1994  0.3907  0.1785  0.2042  0.1913  0.2090  0.3794  0.3778  0.4003  0.1881
P74007           0.6720  0.6286  0.6270  0.6367  0.6190  0.6254  0.6270  0.6334  0.6286  0.6350  0.6350  0.6302  0.6736  0.5611  0.2315  0.2315  0.5611  0.5611  0.2283  0.2524  0.4132  0.2186  0.2363  0.4196  0.2315  0.3505  0.4084  0.3505  0.4084  0.4035  0.4068  0.3119  0.2958  0.3392  0.2958  0.3939  0.2958  0.3939  0.2990  0.3987  0.3714  0.3103  0.3907  0.3939  0.3971  0.3891  0.2974  0.3955  0.4035  0.3875  0.3939  0.2894  0.2942  0.2910  0.3875  0.4019
A3YUC1           0.6752  0.6624  0.6350  0.6431  0.6495  0.6463  0.6415  0.6527  0.6511  0.6543  0.6543  0.6624  0.6768  0.5756  0.3505  0.3505  0.5756  0.5756  0.3601  0.3794  0.2749  0.3746  0.3714  0.2749  0.3730  0.3762  0.2621  0.4084  0.2637  0.2653  0.2621  0.3633  0.3424  0.3875  0.3424  0.1801  0.3826  0.1945  0.3826  0.2235  0.1592  0.3698  0.1913  0.1768  0.1817  0.1849  0.3650  0.1849  0.2186  0.1720  0.2363  0.3875  0.3826  0.3907  0.1736  0.2235  0.3875
Q05VJ4           0.6752  0.6640  0.6479  0.6431  0.6543  0.6463  0.6511  0.6431  0.6576  0.6559  0.6559  0.6608  0.6881  0.5691  0.3537  0.3537  0.5691  0.5691  0.3714  0.3778  0.2540  0.3810  0.3778  0.2508  0.3746  0.3794  0.2444  0.4180  0.2460  0.2476  0.2460  0.3730  0.3585  0.3971  0.3585  0.1399  0.3810  0.1495  0.3810  0.2074  0.1929  0.3842  0.1527  0.0884  0.1318  0.1061  0.3859  0.1286  0.1945  0.0884  0.1865  0.3810  0.3778  0.3939  0.0884  0.2074  0.3891  0.1817
Q7TTS4           0.6768  0.6608  0.6431  0.6495  0.6527  0.6495  0.6415  0.6559  0.6576  0.6576  0.6576  0.6592  0.6961  0.5691  0.3537  0.3537  0.5691  0.5691  0.3714  0.3842  0.2701  0.3778  0.3778  0.2669  0.3778  0.3762  0.2572  0.4148  0.2588  0.2605  0.2605  0.3633  0.3489  0.3859  0.3489  0.0900  0.3666  0.0949  0.3650  0.1994  0.2042  0.3826  0.1029  0.1174  0.1415  0.1383  0.3714  0.1383  0.1977  0.1093  0.1994  0.3714  0.3650  0.3955  0.1061  0.1994  0.3859  0.1849  0.1415
B9YPS9           0.6785  0.6527  0.6270  0.6511  0.6270  0.6383  0.6286  0.6383  0.6399  0.6415  0.6415  0.6431  0.6833  0.5707  0.2540  0.2540  0.5707  0.5707  0.2492  0.2910  0.3987  0.2588  0.2669  0.4019  0.2701  0.3360  0.4003  0.3521  0.4003  0.3955  0.3987  0.2588  0.2637  0.3280  0.2637  0.3778  0.1141  0.3633  0.1125  0.3714  0.3682  0.2524  0.3698  0.3601  0.3682  0.3762  0.2621  0.3698  0.3939  0.3698  0.3859  0.1222  0.1077  0.2830  0.3698  0.3746  0.2942  0.3714  0.3794  0.3650
B0JY99           0.6801  0.6543  0.6286  0.6463  0.6350  0.6334  0.6334  0.6399  0.6463  0.6495  0.6495  0.6463  0.6608  0.5788  0.2476  0.2476  0.5804  0.5804  0.2219  0.2749  0.4003  0.2186  0.2653  0.4084  0.2669  0.3441  0.4003  0.3521  0.4003  0.3955  0.3971  0.2974  0.2958  0.3457  0.2958  0.3794  0.2942  0.3923  0.2974  0.3955  0.3923  0.2958  0.3907  0.3746  0.3907  0.3859  0.2878  0.3891  0.3826  0.3794  0.3955  0.3006  0.2926  0.2733  0.3826  0.3955  0.2781  0.3810  0.3891  0.3891  0.2926
Q8DLB2           0.6881  0.6576  0.6447  0.6511  0.6383  0.6543  0.6350  0.6334  0.6302  0.6383  0.6383  0.6270  0.6849  0.5659  0.3103  0.3103  0.5659  0.5659  0.2958  0.3183  0.4277  0.3039  0.3055  0.4244  0.3039  0.3408  0.4228  0.3424  0.4228  0.4212  0.4196  0.3087  0.2910  0.3312  0.2910  0.3746  0.2797  0.3859  0.2814  0.4019  0.3859  0.3087  0.3842  0.3730  0.3826  0.3891  0.2235  0.3842  0.4068  0.3762  0.3891  0.2781  0.2669  0.3232  0.3762  0.4051  0.3248  0.3859  0.3875  0.3907  0.2717  0.3312
Q111H7           0.6817  0.6415  0.6254  0.6286  0.6158  0.6286  0.6399  0.6238  0.6318  0.6270  0.6270  0.6254  0.6640  0.5691  0.2814  0.2814  0.5707  0.5707  0.2733  0.3119  0.4051  0.2701  0.3023  0.4051  0.2974  0.3376  0.3987  0.3553  0.3971  0.3939  0.3939  0.2444  0.2894  0.3344  0.2894  0.3859  0.2814  0.3891  0.2878  0.3891  0.3939  0.2556  0.3939  0.3875  0.3842  0.3810  0.3039  0.3891  0.4019  0.3826  0.3778  0.2878  0.2894  0.3264  0.3859  0.3891  0.3055  0.3859  0.3842  0.3891  0.2894  0.2926  0.3199
B0C5E6           0.6736  0.6608  0.6511  0.6479  0.6479  0.6415  0.6543  0.6447  0.6511  0.6576  0.6576  0.6559  0.6768  0.5611  0.2797  0.2797  0.5611  0.5611  0.2846  0.2974  0.4051  0.2765  0.2974  0.4132  0.2958  0.3376  0.3987  0.3312  0.3987  0.3971  0.3955  0.2926  0.2685  0.3312  0.2685  0.3650  0.2685  0.3730  0.2733  0.3842  0.3569  0.3055  0.3762  0.3682  0.3698  0.3650  0.2219  0.3714  0.3859  0.3698  0.3875  0.2749  0.2669  0.3151  0.3714  0.3859  0.3006  0.3714  0.3794  0.3650  0.2830  0.3087  0.2653  0.3119


TREE #  1:  (10, 11, (9, (12, (8, (5, ((6, ((14, (17, 18)), ((26, 34), (28, ((65, (47, 63)), ((((37, 39), (61, (53, 52))), ((64, (32, 42)), (((19, 22), (57, ((15, 16), (20, (23, 25))))), (62, 54)))), ((33, 35), ((((38, 43), (60, 36)), (((44, 59), (46, (50, 55))), ((45, 48), ((49, 51), ((40, 56), ((27, (31, (30, 29))), (21, 24))))))), (58, 41))))))))), ((4, (3, 7)), (1, (13, 2)))))))));   MP score: 5421
lnL(ntime:127  np:128): -27722.622158      +0.000000
  66..10   66..11   66..67   67..9    67..68   68..12   68..69   69..8    69..70   70..5    70..71   71..72   72..6    72..73   73..74   74..14   74..75   75..17   75..18   73..76   76..77   77..26   77..34   76..78   78..28   78..79   79..80   80..65   80..81   81..47   81..63   79..82   82..83   83..84   84..85   85..37   85..39   84..86   86..61   86..87   87..53   87..52   83..88   88..89   89..64   89..90   90..32   90..42   88..91   91..92   92..93   93..19   93..22   92..94   94..57   94..95   95..96   96..15   96..16   95..97   97..20   97..98   98..23   98..25   91..99   99..62   99..54   82..100 100..101 101..33  101..35  100..102 102..103 103..104 104..105 105..38  105..43  104..106 106..60  106..36  103..107 107..108 108..109 109..44  109..59  108..110 110..46  110..111 111..50  111..55  107..112 112..113 113..45  113..48  112..114 114..115 115..49  115..51  114..116 116..117 117..40  117..56  116..118 118..119 119..27  119..120 120..31  120..121 121..30  121..29  118..122 122..21  122..24  102..123 123..58  123..41   71..124 124..125 125..4   125..126 126..3   126..7   124..127 127..1   127..128 128..13  128..2  
 0.000004 0.001866 0.047108 0.043045 0.040169 0.118990 0.148396 0.280535 0.296832 0.304532 0.234061 0.069673 0.503655 1.674248 1.176994 0.000004 0.005737 0.000004 0.000004 0.613804 0.215873 0.042552 0.036910 0.061932 0.341776 0.133423 0.030985 0.210932 0.052783 0.138129 0.232499 0.039799 0.031737 0.164628 0.054136 0.003796 0.005636 0.008818 0.090494 0.020459 0.047902 0.081060 0.030075 0.089577 0.253964 0.122666 0.105341 0.111968 0.080391 0.025302 0.089463 0.053046 0.049130 0.055438 0.282531 0.029269 0.108422 0.000004 0.000004 0.128638 0.069886 0.018183 0.014233 0.016917 0.037767 0.231711 0.244590 0.060464 0.177172 0.000004 0.000004 0.450027 0.055921 0.065075 0.057179 0.007306 0.016429 0.008694 0.071444 0.056112 0.013495 0.019444 0.011712 0.045955 0.077865 0.010720 0.082113 0.022686 0.016151 0.017962 0.033494 0.081900 0.010670 0.004441 0.059914 0.044259 0.133100 0.121656 0.033669 0.156669 0.000004 0.009425 0.250822 0.054096 0.011773 0.003387 0.007556 0.000004 0.003740 0.001872 0.033947 0.018940 0.017764 0.050507 0.104737 0.144493 0.084268 0.019407 0.549248 0.115062 0.268311 0.610706 0.092507 0.729511 0.152032 0.882316 0.294178 0.695198

tree length =  16.38876

(10: 0.000004, 11: 0.001866, (9: 0.043045, (12: 0.118990, (8: 0.280535, (5: 0.304532, ((6: 0.503655, ((14: 0.000004, (17: 0.000004, 18: 0.000004): 0.005737): 1.176994, ((26: 0.042552, 34: 0.036910): 0.215873, (28: 0.341776, ((65: 0.210932, (47: 0.138129, 63: 0.232499): 0.052783): 0.030985, ((((37: 0.003796, 39: 0.005636): 0.054136, (61: 0.090494, (53: 0.047902, 52: 0.081060): 0.020459): 0.008818): 0.164628, ((64: 0.253964, (32: 0.105341, 42: 0.111968): 0.122666): 0.089577, (((19: 0.053046, 22: 0.049130): 0.089463, (57: 0.282531, ((15: 0.000004, 16: 0.000004): 0.108422, (20: 0.069886, (23: 0.014233, 25: 0.016917): 0.018183): 0.128638): 0.029269): 0.055438): 0.025302, (62: 0.231711, 54: 0.244590): 0.037767): 0.080391): 0.030075): 0.031737, ((33: 0.000004, 35: 0.000004): 0.177172, ((((38: 0.007306, 43: 0.016429): 0.057179, (60: 0.071444, 36: 0.056112): 0.008694): 0.065075, (((44: 0.045955, 59: 0.077865): 0.011712, (46: 0.082113, (50: 0.016151, 55: 0.017962): 0.022686): 0.010720): 0.019444, ((45: 0.010670, 48: 0.004441): 0.081900, ((49: 0.133100, 51: 0.121656): 0.044259, ((40: 0.000004, 56: 0.009425): 0.156669, ((27: 0.011773, (31: 0.007556, (30: 0.003740, 29: 0.001872): 0.000004): 0.003387): 0.054096, (21: 0.018940, 24: 0.017764): 0.033947): 0.250822): 0.033669): 0.059914): 0.033494): 0.013495): 0.055921, (58: 0.104737, 41: 0.144493): 0.050507): 0.450027): 0.060464): 0.039799): 0.133423): 0.061932): 0.613804): 1.674248): 0.069673, ((4: 0.549248, (3: 0.268311, 7: 0.610706): 0.115062): 0.019407, (1: 0.729511, (13: 0.882316, 2: 0.294178): 0.152032): 0.092507): 0.084268): 0.234061): 0.296832): 0.148396): 0.040169): 0.047108);

(A8FMX8: 0.000004, A7H2A8: 0.001866, (Q4HHR5: 0.043045, (Q4HQM0: 0.118990, (B9KFW1: 0.280535, (D1B066: 0.304532, ((B9L8H2: 0.503655, ((B7LVL2: 0.000004, (B7N290: 0.000004, P0AG24: 0.000004): 0.005737): 1.176994, ((Q2JTB2: 0.042552, Q2JLA4: 0.036910): 0.215873, (Q7NGY9: 0.341776, ((B0C5E6: 0.210932, (B8HYC4: 0.138129, Q8DLB2: 0.232499): 0.052783): 0.030985, ((((Q3M350: 0.003796, Q8YWQ5: 0.005636): 0.054136, (B9YPS9: 0.090494, (B2J6X4: 0.047902, A0ZCN6: 0.081060): 0.020459): 0.008818): 0.164628, ((Q111H7: 0.253964, (A0YZ95: 0.105341, B5VV09: 0.111968): 0.122666): 0.089577, (((B7KD65: 0.053046, B4B2S2: 0.049130): 0.089463, (P74007: 0.282531, ((C7QR68: 0.000004, B7K4M5: 0.000004): 0.108422, (Q4C6R9: 0.069886, (B1WTM4: 0.014233, A3IW67: 0.016917): 0.018183): 0.128638): 0.029269): 0.055438): 0.025302, (B0JY99: 0.231711, B1XN75: 0.244590): 0.037767): 0.080391): 0.030075): 0.031737, ((Q31NG2: 0.000004, Q5N5P9: 0.000004): 0.177172, ((((Q3AVY0: 0.007306, Q061L8: 0.016429): 0.057179, (Q7TTS4: 0.071444, Q3AGU5: 0.056112): 0.008694): 0.065075, (((A3Z3A3: 0.045955, Q05VJ4: 0.077865): 0.011712, (Q0I6N2: 0.082113, (A4CY52: 0.016151, A5GPA3: 0.017962): 0.022686): 0.010720): 0.019444, ((Q7TUK5: 0.010670, A2CDH6: 0.004441): 0.081900, ((Q7VDZ8: 0.133100, A9BDF4: 0.121656): 0.044259, ((Q46HI2: 0.000004, A2C021: 0.009425): 0.156669, ((Q31CZ0: 0.011773, (A8G2J7: 0.007556, (A3PAQ9: 0.003740, A2BNY6: 0.001872): 0.000004): 0.003387): 0.054096, (A2BUG8: 0.018940, Q7TUG7: 0.017764): 0.033947): 0.250822): 0.033669): 0.059914): 0.033494): 0.013495): 0.055921, (A3YUC1: 0.104737, A5GW79: 0.144493): 0.050507): 0.450027): 0.060464): 0.039799): 0.133423): 0.061932): 0.613804): 1.674248): 0.069673, ((A6QB33: 0.549248, (A6Q313: 0.268311, Q30SN3: 0.610706): 0.115062): 0.019407, (A8ESI6: 0.729511, (O25466: 0.882316, Q7MAH7: 0.294178): 0.152032): 0.092507): 0.084268): 0.234061): 0.296832): 0.148396): 0.040169): 0.047108);

Detailed output identifying parameters

alpha (gamma, K = 4) =  0.69520
rate:   0.07316  0.36126  0.92308  2.64251
freq:   0.25000  0.25000  0.25000  0.25000

Time used: 52:16
