AAML (in paml version 4.6, August 2012)  266.aa
Model: Empirical_F for branches,  (../../../bin/LG.dat) dGamma (ncatG=4) ns =  65  ls = 399


Frequencies..
                                    A      R      N      D      C      Q      E      G      H      I      L      K      M      F      P      S      T      W      Y      V
A8ESW2                         0.07268 0.03008 0.05263 0.02506 0.00000 0.03759 0.02256 0.09023 0.00251 0.12531 0.10276 0.04511 0.05013 0.06015 0.03258 0.05263 0.05764 0.00752 0.03759 0.09524
D1B4E4                         0.07519 0.03258 0.04511 0.01754 0.00000 0.03008 0.03258 0.09524 0.00501 0.12782 0.09774 0.03759 0.05263 0.05514 0.03759 0.06015 0.06015 0.00752 0.03759 0.09273
B9KEF9                         0.07268 0.03258 0.05263 0.01504 0.00000 0.03258 0.03008 0.08020 0.00501 0.14787 0.11278 0.04010 0.03759 0.06015 0.03509 0.06767 0.06015 0.00752 0.04010 0.07018
A6Q1J7                         0.07769 0.03759 0.04762 0.02005 0.00000 0.03258 0.02506 0.08271 0.00000 0.15288 0.10025 0.03759 0.04511 0.05764 0.04261 0.06015 0.05514 0.00752 0.03759 0.08020
Q7M8F1                         0.09273 0.03258 0.04261 0.01754 0.00000 0.02757 0.02506 0.08772 0.00000 0.11278 0.10777 0.04261 0.05263 0.06015 0.03509 0.06767 0.05013 0.00752 0.03509 0.10276
Q4HE56                         0.08271 0.03258 0.06266 0.01253 0.00251 0.04010 0.02757 0.08521 0.00501 0.14035 0.11028 0.03759 0.03759 0.06266 0.03759 0.05263 0.05514 0.00501 0.03759 0.07268
A8FP02                         0.08271 0.03509 0.05263 0.01504 0.00251 0.04010 0.02757 0.08271 0.00752 0.13033 0.11278 0.03509 0.03759 0.06516 0.03759 0.06266 0.05514 0.00501 0.03759 0.07519
A7H637                         0.08521 0.03509 0.05514 0.01504 0.00251 0.04010 0.02757 0.08271 0.00752 0.13033 0.11278 0.03509 0.03759 0.06516 0.03759 0.06015 0.05514 0.00501 0.03759 0.07268
Q4HQW6                         0.08772 0.03008 0.05764 0.01504 0.00251 0.03509 0.03008 0.07769 0.00501 0.12531 0.11779 0.03759 0.03509 0.06266 0.03759 0.06015 0.05514 0.00501 0.03759 0.08521
O25879                         0.08020 0.03258 0.04511 0.02005 0.00000 0.03258 0.01504 0.07268 0.00000 0.13283 0.12030 0.04511 0.04511 0.06015 0.03509 0.08772 0.05013 0.00752 0.04010 0.07769
Q30TU5                         0.09524 0.02256 0.05013 0.02005 0.00000 0.03258 0.02256 0.08020 0.00251 0.12782 0.09273 0.03759 0.05514 0.07769 0.03258 0.05514 0.07769 0.00251 0.03258 0.08271
B9L6L4                         0.07769 0.02757 0.04010 0.01754 0.00000 0.03759 0.03008 0.08271 0.00251 0.13283 0.11529 0.04762 0.04010 0.06767 0.04010 0.04762 0.05764 0.00752 0.03509 0.09273
A6QCR7                         0.09524 0.03509 0.03509 0.02506 0.00000 0.04010 0.02256 0.08772 0.00251 0.12030 0.09774 0.03509 0.05013 0.06767 0.03759 0.05764 0.07018 0.00501 0.03008 0.08521
B7N184                         0.09524 0.05013 0.02256 0.01504 0.00501 0.03759 0.03008 0.08521 0.00752 0.11028 0.10777 0.03759 0.03509 0.07519 0.04261 0.05514 0.06015 0.00752 0.03509 0.08521
P0AGA2                         0.09524 0.05013 0.02256 0.01504 0.00501 0.03759 0.03008 0.08521 0.00752 0.11028 0.10777 0.03759 0.03509 0.07519 0.04261 0.05514 0.06015 0.00752 0.03509 0.08521
B7LRR6                         0.09524 0.05013 0.02256 0.01504 0.00501 0.03759 0.03008 0.08521 0.00752 0.11028 0.10777 0.03759 0.03509 0.07519 0.04261 0.05514 0.06015 0.00752 0.03509 0.08521
B5W6R3                         0.09023 0.05514 0.02757 0.01504 0.00000 0.05013 0.03258 0.08772 0.00000 0.11779 0.13033 0.02256 0.03008 0.05514 0.04511 0.07018 0.04261 0.00752 0.03008 0.09023
B8HMS2                         0.09023 0.05514 0.03258 0.01003 0.00000 0.04762 0.03258 0.09774 0.00000 0.11278 0.13033 0.01754 0.02005 0.04511 0.04511 0.06266 0.05764 0.00752 0.03759 0.09774
A0YJS5                         0.09774 0.06015 0.02757 0.01504 0.00000 0.04010 0.03258 0.08772 0.00000 0.10777 0.14035 0.02005 0.02506 0.05764 0.04762 0.06767 0.04762 0.00752 0.02506 0.09273
B4B3P2                         0.07769 0.05514 0.03008 0.01754 0.00000 0.04762 0.02506 0.10276 0.00000 0.12281 0.14035 0.02256 0.02005 0.05263 0.04261 0.06266 0.05764 0.00501 0.03008 0.08772
B9YIT9                         0.09273 0.06015 0.04010 0.01504 0.00000 0.04261 0.03258 0.08271 0.00000 0.11779 0.13534 0.01754 0.01754 0.05514 0.04010 0.07769 0.04762 0.00501 0.02256 0.09774
B2ITN7                         0.09524 0.06015 0.03509 0.01504 0.00251 0.04010 0.03258 0.08772 0.00000 0.12281 0.13534 0.02005 0.01754 0.05263 0.04261 0.07519 0.04511 0.00501 0.02256 0.09273
B0C1F1                         0.08772 0.05514 0.03509 0.00752 0.00000 0.04010 0.03509 0.10777 0.00000 0.11278 0.12030 0.02256 0.02506 0.06266 0.04010 0.06516 0.05013 0.00501 0.03008 0.09774
Q110C5                         0.08521 0.05263 0.03008 0.01754 0.00000 0.04261 0.02757 0.09273 0.00000 0.11779 0.14286 0.03008 0.02256 0.05263 0.04010 0.08020 0.04762 0.00501 0.03258 0.08020
Q8YPJ7                         0.09273 0.06015 0.03258 0.01253 0.00000 0.04010 0.03509 0.09023 0.00000 0.12030 0.13283 0.02256 0.01253 0.05514 0.04261 0.06767 0.04762 0.00501 0.02506 0.10526
Q3MFA3                         0.09273 0.06015 0.03258 0.01253 0.00000 0.04010 0.03509 0.09023 0.00000 0.12030 0.13534 0.02256 0.01253 0.05514 0.04261 0.06767 0.04762 0.00501 0.02506 0.10276
A0ZG57                         0.09273 0.06015 0.03759 0.01504 0.00000 0.03759 0.03258 0.08772 0.00000 0.12030 0.13534 0.02256 0.01253 0.05514 0.04010 0.06516 0.05013 0.00501 0.02506 0.10526
P0A4H1                         0.09023 0.05764 0.03509 0.02005 0.00251 0.04511 0.02506 0.09273 0.00000 0.10526 0.14536 0.01504 0.01253 0.04511 0.04010 0.07018 0.05263 0.00752 0.03258 0.10526
P0A4H0                         0.09023 0.05764 0.03509 0.02005 0.00251 0.04511 0.02506 0.09273 0.00000 0.10526 0.14536 0.01504 0.01253 0.04511 0.04010 0.07018 0.05263 0.00752 0.03258 0.10526
Q8DML5                         0.09774 0.05764 0.02005 0.01504 0.00000 0.04261 0.03008 0.09524 0.00251 0.11278 0.13534 0.02256 0.02005 0.04762 0.04261 0.07519 0.04511 0.00752 0.03509 0.09524
Q2JIK9                         0.09524 0.04762 0.03008 0.01003 0.00251 0.04762 0.03509 0.08521 0.00000 0.10276 0.15038 0.02757 0.02005 0.05764 0.04261 0.07018 0.05514 0.00752 0.03509 0.07769
B7KI05                         0.07519 0.05514 0.03008 0.01754 0.00000 0.04762 0.02506 0.10526 0.00000 0.12531 0.14035 0.02005 0.02005 0.05263 0.04010 0.06266 0.06015 0.00501 0.03008 0.08772
B7K230                         0.08772 0.05514 0.02757 0.01504 0.00000 0.04511 0.03258 0.10276 0.00000 0.11779 0.12782 0.02256 0.01754 0.05263 0.04010 0.06266 0.06015 0.00752 0.03509 0.09023
C7QS44                         0.08521 0.05514 0.02757 0.01504 0.00000 0.04511 0.03258 0.10276 0.00000 0.11779 0.12782 0.02256 0.01754 0.05263 0.04010 0.06266 0.06266 0.00752 0.03509 0.09023
Q2JV95                         0.09774 0.05013 0.03258 0.01003 0.00251 0.04762 0.03509 0.08521 0.00000 0.10777 0.14035 0.02757 0.02256 0.05764 0.04261 0.06516 0.05514 0.00752 0.03509 0.07769
A5GIS7                         0.09774 0.04762 0.02757 0.01504 0.00000 0.05263 0.02757 0.09774 0.00000 0.11028 0.14787 0.02005 0.01504 0.05263 0.04762 0.05764 0.06767 0.00501 0.02506 0.08521
B0JHY5                         0.09524 0.05514 0.02757 0.02005 0.00000 0.04762 0.02506 0.10025 0.00000 0.10025 0.16291 0.02256 0.02256 0.04261 0.04010 0.05013 0.06516 0.00501 0.02506 0.09273
Q7V9Y0                         0.10276 0.04511 0.02506 0.01504 0.00000 0.05013 0.03008 0.09774 0.00000 0.12782 0.14286 0.03258 0.01253 0.05514 0.04261 0.05514 0.06266 0.00501 0.02506 0.07268
A5GVX8                         0.10276 0.04762 0.02506 0.01754 0.00501 0.05263 0.02757 0.10777 0.00000 0.10777 0.14286 0.02506 0.01504 0.04511 0.04261 0.04511 0.05764 0.00501 0.02506 0.10276
A4CSN4                         0.09524 0.04762 0.03008 0.01504 0.00000 0.05263 0.02757 0.10025 0.00000 0.11028 0.14787 0.02005 0.01504 0.05263 0.04762 0.05764 0.06516 0.00501 0.02506 0.08521
B1XJI9                         0.09023 0.05263 0.02256 0.01754 0.00000 0.04261 0.03008 0.10276 0.00000 0.10276 0.14536 0.02506 0.02256 0.04762 0.04511 0.05764 0.06266 0.00501 0.03008 0.09774
A9BCM9                         0.10025 0.05013 0.02757 0.01504 0.00000 0.04762 0.03008 0.09774 0.00000 0.12281 0.14787 0.03008 0.01253 0.05263 0.04261 0.05764 0.05764 0.00501 0.02506 0.07769
A3IQ22                         0.08020 0.05514 0.02506 0.02005 0.00000 0.04511 0.03509 0.10025 0.00000 0.11779 0.13283 0.02757 0.01754 0.05263 0.03759 0.06015 0.06516 0.00752 0.03008 0.09023
B1WQS9                         0.08020 0.05514 0.02506 0.02005 0.00000 0.04511 0.03509 0.10025 0.00000 0.12030 0.13283 0.02757 0.01754 0.05263 0.03759 0.06015 0.06516 0.00752 0.03008 0.08772
A3Z8V6                         0.10777 0.05013 0.02256 0.01754 0.00000 0.05514 0.02256 0.10025 0.00000 0.09774 0.15539 0.02256 0.01504 0.04511 0.04261 0.05263 0.06266 0.00501 0.02506 0.10025
A2CC46                         0.09774 0.05013 0.03258 0.01754 0.00000 0.05013 0.02256 0.10025 0.00000 0.11529 0.14536 0.02256 0.01754 0.05013 0.04511 0.05013 0.06266 0.00501 0.02506 0.09023
Q7V527                         0.09774 0.05013 0.03258 0.01754 0.00000 0.05013 0.02256 0.09774 0.00000 0.11529 0.14536 0.02256 0.01754 0.05013 0.04511 0.05263 0.06266 0.00501 0.02506 0.09023
Q318K2                         0.08020 0.04010 0.03759 0.01754 0.00000 0.04010 0.02506 0.10025 0.00000 0.13033 0.14787 0.03258 0.01003 0.05514 0.04261 0.07268 0.07018 0.00501 0.02256 0.07018
Q3AMP8                         0.10276 0.05263 0.02256 0.01754 0.00000 0.04762 0.02757 0.10526 0.00000 0.10025 0.14787 0.02005 0.01253 0.04511 0.04261 0.05263 0.07268 0.00752 0.02506 0.09774
Q0ID23                         0.09524 0.05013 0.02506 0.01754 0.00000 0.04261 0.03008 0.10276 0.00000 0.11529 0.14286 0.02256 0.01754 0.04762 0.04511 0.06266 0.06266 0.00501 0.02506 0.09023
A3PF29                         0.07769 0.03759 0.03509 0.01754 0.00000 0.04010 0.02506 0.10025 0.00000 0.12782 0.15038 0.03509 0.01003 0.05013 0.04261 0.07268 0.07519 0.00501 0.02506 0.07268
P77964                         0.07519 0.05013 0.03258 0.01504 0.00251 0.05013 0.03258 0.10025 0.00000 0.12281 0.12281 0.02757 0.02256 0.05764 0.04010 0.06266 0.06015 0.00501 0.03759 0.08271
A8G743                         0.07769 0.04010 0.03759 0.01754 0.00000 0.04010 0.02506 0.10025 0.00000 0.13033 0.15038 0.03258 0.01003 0.05013 0.04261 0.07268 0.07268 0.00501 0.02506 0.07018
Q4C153                         0.08271 0.04511 0.02256 0.02256 0.00251 0.04010 0.03759 0.10276 0.00000 0.10276 0.13534 0.03008 0.02005 0.05764 0.04511 0.06015 0.06516 0.01003 0.02757 0.09023
A2BYR8                         0.08271 0.04010 0.03509 0.01754 0.00000 0.04010 0.02506 0.10276 0.00000 0.12281 0.14787 0.03509 0.01003 0.05013 0.04261 0.07268 0.06266 0.00501 0.02506 0.08271
Q46IS7                         0.09023 0.04010 0.02757 0.01754 0.00000 0.04762 0.03258 0.10276 0.00000 0.12782 0.14286 0.03008 0.01253 0.05013 0.04261 0.06516 0.06767 0.00501 0.02506 0.07268
Q7UZW2                         0.08521 0.04010 0.04010 0.01754 0.00000 0.04010 0.02506 0.10276 0.00000 0.13033 0.14536 0.03258 0.01003 0.05013 0.04261 0.06767 0.06516 0.00501 0.02506 0.07519
A2C4Y1                         0.09023 0.04010 0.03008 0.01754 0.00000 0.04762 0.03258 0.10276 0.00000 0.13033 0.14286 0.03008 0.01253 0.05013 0.04261 0.06767 0.06266 0.00501 0.02506 0.07018
A3YUK1                         0.09774 0.05013 0.02256 0.01754 0.00251 0.05764 0.02256 0.10526 0.00000 0.11278 0.14787 0.02005 0.01253 0.04511 0.04261 0.05013 0.06266 0.00752 0.02506 0.09774
Q3AW75                         0.10276 0.05263 0.02506 0.01754 0.00000 0.04762 0.02757 0.10276 0.00000 0.10025 0.14536 0.02005 0.01504 0.04511 0.04261 0.05263 0.07018 0.00752 0.02506 0.10025
A2BTB9                         0.07769 0.04010 0.03759 0.01754 0.00000 0.04010 0.02506 0.09774 0.00000 0.12782 0.15038 0.03258 0.01003 0.05263 0.04261 0.07519 0.07268 0.00501 0.02506 0.07018
Q060T9                         0.10526 0.05263 0.02506 0.01754 0.00000 0.04762 0.02757 0.10276 0.00000 0.10025 0.14536 0.02005 0.01504 0.04511 0.04261 0.05013 0.07018 0.00752 0.02506 0.10025
Q7NKT4                         0.08271 0.04762 0.03258 0.01504 0.00000 0.07018 0.02506 0.08271 0.00251 0.11529 0.12782 0.02005 0.02005 0.06266 0.04261 0.06266 0.06266 0.00752 0.03258 0.08772
Q05QD1                         0.09524 0.04511 0.02506 0.01003 0.00000 0.05514 0.03008 0.11028 0.00000 0.10025 0.14787 0.02256 0.02005 0.04010 0.04010 0.06266 0.06266 0.00752 0.03008 0.09524
Q7U4I2                         0.09524 0.05013 0.03008 0.01504 0.00251 0.04261 0.03008 0.10777 0.00000 0.10025 0.14787 0.01754 0.01003 0.04762 0.04010 0.05764 0.06767 0.00752 0.02506 0.10526

Homogeneity statistic: X2 = 2.25721 G = 2.10905 

Average                        0.08957 0.04704 0.03343 0.01646 0.00081 0.04361 0.02869 0.09470 0.00112 0.11803 0.13314 0.02799 0.02294 0.05475 0.04130 0.06239 0.05980 0.00617 0.03000 0.08807

# constant sites:     61 (15.29%)
ln Lmax (unconstrained) = -2289.578665

AA distances (raw proportions of different sites)

A8ESW2         
D1B4E4           0.2005
B9KEF9           0.2080  0.1880
A6Q1J7           0.2030  0.1754  0.1905
Q7M8F1           0.2356  0.2231  0.2231  0.2130
Q4HE56           0.2381  0.2080  0.1253  0.2155  0.2481
A8FP02           0.2506  0.2155  0.1404  0.2180  0.2481  0.0326
A7H637           0.2531  0.2155  0.1353  0.2206  0.2506  0.0326  0.0050
Q4HQW6           0.2456  0.2281  0.1353  0.2256  0.2607  0.0702  0.0627  0.0652
O25879           0.2957  0.2757  0.2607  0.2531  0.1930  0.2907  0.2857  0.2882  0.2932
Q30TU5           0.2481  0.2707  0.2632  0.2682  0.2607  0.2657  0.2682  0.2707  0.2657  0.3409
B9L6L4           0.3083  0.3058  0.3058  0.2782  0.3008  0.2957  0.3058  0.3033  0.3133  0.3258  0.3258
A6QCR7           0.2732  0.2632  0.2632  0.2381  0.2832  0.2882  0.2932  0.2932  0.2932  0.3108  0.3183  0.3434
B7N184           0.5940  0.5764  0.5990  0.5815  0.5815  0.5815  0.5840  0.5865  0.5940  0.5890  0.5714  0.5739  0.5890
P0AGA2           0.5940  0.5764  0.5990  0.5815  0.5815  0.5815  0.5840  0.5865  0.5940  0.5890  0.5714  0.5739  0.5890  0.0000
B7LRR6           0.5940  0.5764  0.5990  0.5815  0.5815  0.5815  0.5840  0.5865  0.5940  0.5890  0.5714  0.5739  0.5890  0.0000  0.0000
B5W6R3           0.6241  0.6216  0.6266  0.6216  0.6391  0.6065  0.6065  0.6065  0.6190  0.6316  0.6291  0.6291  0.6541  0.5263  0.5263  0.5263
B8HMS2           0.6216  0.6291  0.6115  0.6090  0.6190  0.6015  0.6015  0.6040  0.6140  0.6190  0.6065  0.6115  0.6366  0.5213  0.5213  0.5213  0.1930
A0YJS5           0.6341  0.6316  0.6366  0.6266  0.6366  0.6216  0.6190  0.6190  0.6316  0.6316  0.6341  0.6441  0.6516  0.5489  0.5489  0.5489  0.1003  0.1980
B4B3P2           0.6115  0.6190  0.6165  0.6140  0.6266  0.6140  0.6190  0.6165  0.6291  0.6266  0.6065  0.6366  0.6316  0.5564  0.5564  0.5564  0.2607  0.2306  0.2581
B9YIT9           0.6216  0.6316  0.6241  0.6216  0.6341  0.6241  0.6216  0.6190  0.6341  0.6341  0.6241  0.6115  0.6591  0.5514  0.5514  0.5514  0.2907  0.2607  0.2857  0.2807
B2ITN7           0.6216  0.6216  0.6190  0.6090  0.6316  0.6140  0.6115  0.6115  0.6291  0.6266  0.6266  0.6140  0.6491  0.5439  0.5439  0.5439  0.2782  0.2581  0.2782  0.2782  0.0551
B0C1F1           0.6291  0.6266  0.6115  0.6216  0.6165  0.6165  0.6165  0.6165  0.6040  0.6140  0.6090  0.6165  0.6441  0.5564  0.5564  0.5564  0.3083  0.2356  0.3083  0.3133  0.3434  0.3434
Q110C5           0.6165  0.6241  0.6241  0.6190  0.6241  0.6165  0.6165  0.6165  0.6266  0.6291  0.6316  0.6291  0.6466  0.5739  0.5739  0.5739  0.2080  0.2306  0.1930  0.2707  0.2882  0.2807  0.2982
Q8YPJ7           0.6266  0.6291  0.6316  0.6216  0.6366  0.6241  0.6216  0.6216  0.6341  0.6291  0.6316  0.6241  0.6617  0.5439  0.5439  0.5439  0.2682  0.2556  0.2682  0.2707  0.0702  0.0727  0.3308  0.2857
Q3MFA3           0.6266  0.6291  0.6316  0.6216  0.6391  0.6241  0.6216  0.6216  0.6341  0.6316  0.6316  0.6241  0.6617  0.5439  0.5439  0.5439  0.2682  0.2556  0.2682  0.2707  0.0727  0.0727  0.3308  0.2857  0.0025
A0ZG57           0.6216  0.6366  0.6266  0.6090  0.6266  0.6216  0.6190  0.6216  0.6241  0.6216  0.6165  0.6165  0.6516  0.5464  0.5464  0.5464  0.2907  0.2506  0.2832  0.2682  0.1078  0.1028  0.3183  0.2882  0.0727  0.0752
P0A4H1           0.6266  0.6366  0.6266  0.6316  0.6316  0.6291  0.6316  0.6316  0.6366  0.6115  0.6341  0.6241  0.6491  0.5514  0.5514  0.5514  0.2431  0.2256  0.2406  0.3008  0.2957  0.2932  0.3258  0.2957  0.2782  0.2782  0.2932
P0A4H0           0.6266  0.6366  0.6266  0.6316  0.6316  0.6291  0.6316  0.6316  0.6366  0.6115  0.6341  0.6241  0.6491  0.5514  0.5514  0.5514  0.2431  0.2256  0.2406  0.3008  0.2957  0.2932  0.3258  0.2957  0.2782  0.2782  0.2932  0.0000
Q8DML5           0.6190  0.6241  0.6090  0.6165  0.6015  0.6165  0.6140  0.6140  0.6190  0.6040  0.6241  0.6165  0.6341  0.5439  0.5439  0.5439  0.2306  0.1529  0.2231  0.2657  0.2957  0.2907  0.2807  0.2306  0.2782  0.2782  0.2757  0.2657  0.2657
Q2JIK9           0.6416  0.6541  0.6466  0.6466  0.6466  0.6491  0.6516  0.6541  0.6416  0.6241  0.6291  0.6366  0.6541  0.5789  0.5789  0.5789  0.3283  0.3158  0.3183  0.3609  0.3559  0.3559  0.3709  0.3484  0.3484  0.3484  0.3333  0.3383  0.3383  0.3333
B7KI05           0.6140  0.6216  0.6165  0.6165  0.6241  0.6140  0.6190  0.6165  0.6266  0.6165  0.6090  0.6316  0.6241  0.5514  0.5514  0.5514  0.2531  0.2306  0.2481  0.0426  0.2982  0.2907  0.3033  0.2607  0.2807  0.2807  0.2732  0.2907  0.2907  0.2581  0.3509
B7K230           0.6241  0.6316  0.6291  0.6266  0.6341  0.6216  0.6241  0.6241  0.6341  0.6165  0.6341  0.6341  0.6316  0.5464  0.5464  0.5464  0.2607  0.2506  0.2581  0.1754  0.2982  0.2882  0.3183  0.2757  0.2882  0.2882  0.2882  0.2882  0.2882  0.2757  0.3308  0.1654
C7QS44           0.6241  0.6316  0.6291  0.6266  0.6341  0.6216  0.6241  0.6241  0.6341  0.6165  0.6341  0.6341  0.6316  0.5464  0.5464  0.5464  0.2607  0.2506  0.2607  0.1754  0.2982  0.2882  0.3183  0.2782  0.2882  0.2882  0.2882  0.2882  0.2882  0.2757  0.3308  0.1654  0.0025
Q2JV95           0.6491  0.6541  0.6541  0.6516  0.6566  0.6591  0.6617  0.6617  0.6541  0.6341  0.6366  0.6316  0.6541  0.5689  0.5689  0.5689  0.3308  0.3108  0.3158  0.3559  0.3459  0.3459  0.3684  0.3434  0.3383  0.3383  0.3333  0.3333  0.3333  0.3233  0.0451  0.3409  0.3208  0.3208
A5GIS7           0.6165  0.6165  0.6115  0.6065  0.6266  0.6190  0.6241  0.6241  0.6291  0.6015  0.6266  0.6291  0.6416  0.5664  0.5664  0.5664  0.3534  0.3484  0.3484  0.3634  0.3709  0.3684  0.3885  0.3534  0.3509  0.3534  0.3584  0.3233  0.3233  0.3659  0.3860  0.3609  0.3434  0.3459  0.3784
B0JHY5           0.6241  0.6241  0.6241  0.6291  0.6291  0.6065  0.6190  0.6165  0.6216  0.6190  0.6216  0.6316  0.6416  0.5564  0.5564  0.5564  0.2682  0.2807  0.2807  0.1629  0.3358  0.3358  0.3434  0.2932  0.3308  0.3308  0.3158  0.3233  0.3233  0.2907  0.3659  0.1604  0.2356  0.2381  0.3609  0.3759
Q7V9Y0           0.6216  0.6190  0.6065  0.6040  0.6291  0.6165  0.6140  0.6140  0.6165  0.5915  0.6366  0.6165  0.6241  0.5764  0.5764  0.5764  0.3659  0.3659  0.3559  0.3709  0.3659  0.3634  0.3985  0.3634  0.3509  0.3484  0.3634  0.3333  0.3333  0.3759  0.3910  0.3634  0.3409  0.3434  0.3810  0.1404  0.3935
A5GVX8           0.6190  0.6266  0.6190  0.6291  0.6466  0.6140  0.6190  0.6190  0.6291  0.6190  0.6366  0.6241  0.6366  0.5539  0.5539  0.5539  0.3383  0.3333  0.3308  0.3509  0.3609  0.3534  0.3835  0.3459  0.3434  0.3434  0.3509  0.2982  0.2982  0.3258  0.3709  0.3509  0.3434  0.3434  0.3609  0.1754  0.3659  0.1980
A4CSN4           0.6165  0.6165  0.6090  0.6065  0.6266  0.6165  0.6241  0.6216  0.6291  0.6015  0.6266  0.6291  0.6416  0.5664  0.5664  0.5664  0.3534  0.3484  0.3484  0.3609  0.3709  0.3684  0.3885  0.3534  0.3509  0.3534  0.3584  0.3233  0.3233  0.3659  0.3860  0.3584  0.3459  0.3484  0.3784  0.0050  0.3734  0.1404  0.1754
B1XJI9           0.6291  0.6190  0.6165  0.6165  0.6416  0.6190  0.6190  0.6190  0.6190  0.6190  0.6316  0.6316  0.6216  0.5539  0.5539  0.5539  0.2431  0.2632  0.2406  0.2281  0.3208  0.3033  0.3333  0.2682  0.2957  0.2957  0.2857  0.2982  0.2982  0.2732  0.3484  0.2231  0.2281  0.2281  0.3409  0.3634  0.2657  0.3684  0.3383  0.3634
A9BCM9           0.6165  0.6140  0.6040  0.6065  0.6266  0.6140  0.6115  0.6115  0.6216  0.5840  0.6366  0.6216  0.6241  0.5739  0.5739  0.5739  0.3709  0.3684  0.3609  0.3684  0.3659  0.3634  0.3985  0.3609  0.3509  0.3484  0.3634  0.3308  0.3308  0.3810  0.4060  0.3684  0.3434  0.3459  0.3960  0.1429  0.3910  0.0376  0.1905  0.1429  0.3709
A3IQ22           0.6366  0.6441  0.6341  0.6266  0.6416  0.6266  0.6316  0.6316  0.6366  0.6165  0.6316  0.6341  0.6341  0.5639  0.5639  0.5639  0.2657  0.2456  0.2506  0.1704  0.2882  0.2757  0.3108  0.2782  0.2707  0.2707  0.2632  0.3008  0.3008  0.2607  0.3358  0.1554  0.1078  0.1103  0.3308  0.3383  0.2180  0.3509  0.3383  0.3383  0.2281  0.3584
B1WQS9           0.6366  0.6416  0.6341  0.6241  0.6416  0.6266  0.6316  0.6316  0.6366  0.6165  0.6316  0.6341  0.6341  0.5639  0.5639  0.5639  0.2682  0.2456  0.2481  0.1679  0.2882  0.2757  0.3108  0.2757  0.2707  0.2707  0.2632  0.3033  0.3033  0.2607  0.3358  0.1529  0.1103  0.1128  0.3308  0.3383  0.2206  0.3509  0.3383  0.3383  0.2281  0.3584  0.0025
A3Z8V6           0.6190  0.6065  0.6140  0.6040  0.6316  0.6165  0.6140  0.6140  0.6190  0.5990  0.6266  0.6190  0.6341  0.5664  0.5664  0.5664  0.3634  0.3509  0.3534  0.3609  0.3684  0.3634  0.3860  0.3634  0.3434  0.3434  0.3584  0.3108  0.3108  0.3609  0.3759  0.3634  0.3459  0.3484  0.3709  0.0877  0.3759  0.1228  0.1579  0.0877  0.3684  0.1228  0.3434  0.3434
A2CC46           0.6291  0.6190  0.6140  0.6190  0.6241  0.6241  0.6291  0.6266  0.6316  0.6065  0.6366  0.6266  0.6316  0.5739  0.5739  0.5739  0.3734  0.3659  0.3684  0.3709  0.3734  0.3759  0.3935  0.3784  0.3484  0.3509  0.3659  0.3183  0.3183  0.3759  0.3960  0.3734  0.3584  0.3559  0.3835  0.1103  0.3960  0.1053  0.1754  0.1078  0.3784  0.1028  0.3534  0.3534  0.1003
Q7V527           0.6291  0.6190  0.6140  0.6190  0.6241  0.6241  0.6291  0.6266  0.6316  0.6065  0.6366  0.6266  0.6341  0.5764  0.5764  0.5764  0.3759  0.3659  0.3659  0.3734  0.3709  0.3734  0.3935  0.3759  0.3509  0.3534  0.3684  0.3183  0.3183  0.3759  0.3960  0.3759  0.3609  0.3584  0.3835  0.1078  0.3960  0.1028  0.1754  0.1053  0.3810  0.1003  0.3559  0.3559  0.0977  0.0025
Q318K2           0.6090  0.6190  0.5990  0.6040  0.6366  0.6165  0.6291  0.6266  0.6241  0.6015  0.6190  0.6216  0.6065  0.5739  0.5739  0.5739  0.3784  0.3835  0.3759  0.3759  0.3835  0.3759  0.4160  0.3860  0.3659  0.3659  0.3734  0.3409  0.3409  0.3935  0.3810  0.3784  0.3484  0.3484  0.3734  0.1754  0.3935  0.1353  0.2155  0.1729  0.3684  0.1429  0.3559  0.3559  0.1604  0.1454  0.1479
Q3AMP8           0.6291  0.6165  0.6165  0.6190  0.6241  0.6291  0.6291  0.6291  0.6341  0.5965  0.6416  0.6291  0.6241  0.5639  0.5639  0.5639  0.3659  0.3484  0.3559  0.3584  0.3584  0.3634  0.3860  0.3609  0.3383  0.3409  0.3534  0.3083  0.3083  0.3509  0.3835  0.3609  0.3383  0.3409  0.3709  0.1253  0.3810  0.1303  0.1529  0.1278  0.3559  0.1278  0.3383  0.3383  0.0927  0.1053  0.1078  0.1554
Q0ID23           0.6366  0.6165  0.6190  0.6115  0.6291  0.6266  0.6266  0.6266  0.6316  0.5965  0.6391  0.6341  0.6416  0.5664  0.5664  0.5664  0.3584  0.3559  0.3434  0.3534  0.3609  0.3584  0.3810  0.3584  0.3409  0.3434  0.3534  0.3208  0.3208  0.3584  0.3885  0.3534  0.3409  0.3434  0.3784  0.0852  0.3759  0.1353  0.1930  0.0852  0.3709  0.1328  0.3459  0.3434  0.0827  0.1153  0.1128  0.1729  0.1153
A3PF29           0.6140  0.6190  0.5990  0.6040  0.6341  0.6165  0.6291  0.6266  0.6216  0.6015  0.6241  0.6216  0.6115  0.5764  0.5764  0.5764  0.3759  0.3835  0.3759  0.3784  0.3835  0.3759  0.4110  0.3860  0.3659  0.3659  0.3709  0.3409  0.3409  0.3910  0.3835  0.3784  0.3484  0.3484  0.3759  0.1754  0.3885  0.1404  0.2180  0.1729  0.3734  0.1504  0.3534  0.3559  0.1654  0.1504  0.1529  0.0175  0.1604  0.1729
P77964           0.6391  0.6341  0.6316  0.6216  0.6416  0.6115  0.6216  0.6216  0.6291  0.6441  0.6266  0.6391  0.6441  0.5614  0.5614  0.5614  0.2832  0.2581  0.2707  0.2256  0.3233  0.3083  0.3459  0.2757  0.3108  0.3083  0.2982  0.3008  0.3008  0.2857  0.3634  0.2080  0.1930  0.1955  0.3534  0.3584  0.2657  0.3810  0.3634  0.3584  0.2531  0.3860  0.1779  0.1754  0.3709  0.3910  0.3935  0.3935  0.3684  0.3709  0.3960
A8G743           0.6140  0.6165  0.5990  0.6015  0.6366  0.6165  0.6291  0.6266  0.6216  0.5990  0.6241  0.6216  0.6115  0.5764  0.5764  0.5764  0.3784  0.3835  0.3734  0.3759  0.3835  0.3759  0.4110  0.3835  0.3659  0.3659  0.3734  0.3409  0.3409  0.3910  0.3784  0.3759  0.3484  0.3484  0.3709  0.1729  0.3910  0.1378  0.2155  0.1704  0.3709  0.1479  0.3534  0.3509  0.1629  0.1479  0.1504  0.0125  0.1579  0.1679  0.0075  0.3910
Q4C153           0.6341  0.6491  0.6416  0.6366  0.6491  0.6391  0.6441  0.6441  0.6466  0.6291  0.6441  0.6391  0.6416  0.5915  0.5915  0.5915  0.3283  0.3183  0.3133  0.2581  0.3459  0.3308  0.3810  0.3383  0.3258  0.3258  0.3233  0.3509  0.3509  0.3233  0.3910  0.2456  0.1729  0.1754  0.3835  0.3810  0.2932  0.3935  0.3759  0.3810  0.3008  0.4010  0.1178  0.1203  0.3885  0.3985  0.4010  0.4060  0.3810  0.3885  0.4035  0.2306  0.4035
A2BYR8           0.6140  0.6291  0.6065  0.6065  0.6366  0.6216  0.6341  0.6316  0.6291  0.6065  0.6266  0.6241  0.6165  0.5764  0.5764  0.5764  0.3709  0.3759  0.3709  0.3709  0.3759  0.3734  0.4110  0.3759  0.3634  0.3634  0.3709  0.3308  0.3308  0.3910  0.3759  0.3709  0.3358  0.3358  0.3659  0.1679  0.3860  0.1328  0.2130  0.1654  0.3659  0.1378  0.3459  0.3484  0.1604  0.1378  0.1404  0.0401  0.1554  0.1654  0.0401  0.3885  0.0401  0.3985
Q46IS7           0.6241  0.6216  0.6115  0.6090  0.6316  0.6190  0.6190  0.6165  0.6216  0.5915  0.6291  0.6165  0.6165  0.5940  0.5940  0.5940  0.3759  0.3734  0.3709  0.3684  0.3860  0.3810  0.4010  0.3709  0.3709  0.3709  0.3860  0.3333  0.3333  0.3759  0.3860  0.3659  0.3459  0.3459  0.3784  0.1604  0.3935  0.0902  0.2105  0.1579  0.3734  0.1103  0.3534  0.3534  0.1328  0.1253  0.1278  0.1203  0.1378  0.1404  0.1228  0.3960  0.1203  0.3960  0.1153
Q7UZW2           0.6115  0.6216  0.6015  0.5990  0.6316  0.6216  0.6291  0.6266  0.6266  0.6065  0.6216  0.6241  0.6115  0.5739  0.5739  0.5739  0.3734  0.3759  0.3659  0.3709  0.3734  0.3709  0.4110  0.3759  0.3609  0.3609  0.3684  0.3333  0.3333  0.3885  0.3734  0.3734  0.3409  0.3409  0.3634  0.1679  0.3960  0.1278  0.2130  0.1654  0.3634  0.1353  0.3534  0.3509  0.1604  0.1404  0.1429  0.0251  0.1579  0.1654  0.0351  0.3885  0.0276  0.4035  0.0175  0.1153
A2C4Y1           0.6241  0.6241  0.6115  0.6090  0.6316  0.6190  0.6190  0.6165  0.6216  0.5915  0.6291  0.6140  0.6165  0.5940  0.5940  0.5940  0.3759  0.3734  0.3709  0.3709  0.3860  0.3810  0.4010  0.3709  0.3709  0.3709  0.3860  0.3333  0.3333  0.3759  0.3860  0.3684  0.3459  0.3459  0.3784  0.1604  0.3960  0.0902  0.2105  0.1579  0.3734  0.1078  0.3534  0.3534  0.1378  0.1278  0.1303  0.1203  0.1404  0.1429  0.1228  0.3960  0.1203  0.3960  0.1153  0.0075  0.1153
A3YUK1           0.6165  0.6241  0.6090  0.6090  0.6216  0.6065  0.6190  0.6190  0.6291  0.6065  0.6291  0.6140  0.6291  0.5714  0.5714  0.5714  0.3509  0.3459  0.3383  0.3634  0.3659  0.3559  0.3910  0.3509  0.3434  0.3434  0.3534  0.2982  0.2982  0.3509  0.3709  0.3634  0.3609  0.3609  0.3684  0.1654  0.3784  0.1905  0.1353  0.1654  0.3684  0.1880  0.3484  0.3484  0.1504  0.1679  0.1679  0.2080  0.1604  0.1830  0.2130  0.3684  0.2105  0.3885  0.1980  0.1980  0.2030  0.1980
Q3AW75           0.6241  0.6216  0.6140  0.6190  0.6266  0.6266  0.6341  0.6316  0.6441  0.5940  0.6366  0.6316  0.6216  0.5764  0.5764  0.5764  0.3709  0.3484  0.3609  0.3534  0.3634  0.3759  0.3835  0.3634  0.3534  0.3559  0.3684  0.3133  0.3133  0.3559  0.3885  0.3559  0.3434  0.3434  0.3759  0.1278  0.3734  0.1429  0.1604  0.1253  0.3659  0.1404  0.3409  0.3409  0.1053  0.1203  0.1178  0.1629  0.0426  0.1278  0.1654  0.3684  0.1629  0.3860  0.1529  0.1479  0.1579  0.1504  0.1654
A2BTB9           0.6165  0.6216  0.6015  0.6065  0.6391  0.6190  0.6316  0.6291  0.6241  0.6015  0.6266  0.6241  0.6140  0.5789  0.5789  0.5789  0.3784  0.3860  0.3784  0.3810  0.3860  0.3784  0.4135  0.3885  0.3684  0.3684  0.3759  0.3409  0.3409  0.3935  0.3759  0.3810  0.3484  0.3484  0.3684  0.1754  0.3910  0.1404  0.2180  0.1729  0.3734  0.1504  0.3534  0.3559  0.1654  0.1504  0.1529  0.0175  0.1604  0.1729  0.0100  0.3935  0.0075  0.4035  0.0426  0.1228  0.0351  0.1228  0.2130  0.1654
Q060T9           0.6241  0.6216  0.6140  0.6190  0.6266  0.6266  0.6341  0.6316  0.6441  0.5940  0.6366  0.6316  0.6216  0.5764  0.5764  0.5764  0.3684  0.3459  0.3584  0.3509  0.3609  0.3734  0.3810  0.3609  0.3509  0.3534  0.3659  0.3108  0.3108  0.3534  0.3860  0.3534  0.3409  0.3409  0.3734  0.1303  0.3709  0.1404  0.1579  0.1278  0.3634  0.1378  0.3383  0.3383  0.1028  0.1178  0.1153  0.1654  0.0401  0.1303  0.1679  0.3659  0.1654  0.3835  0.1554  0.1504  0.1604  0.1529  0.1629  0.0025  0.1679
Q7NKT4           0.6516  0.6416  0.6366  0.6291  0.6491  0.6441  0.6441  0.6441  0.6341  0.6341  0.6466  0.6441  0.6316  0.5789  0.5789  0.5789  0.3659  0.3333  0.3609  0.3609  0.3709  0.3709  0.3960  0.3684  0.3709  0.3709  0.3709  0.3559  0.3559  0.3584  0.3634  0.3484  0.3434  0.3459  0.3509  0.4135  0.3885  0.4286  0.4085  0.4135  0.3810  0.4286  0.3409  0.3409  0.4110  0.4336  0.4361  0.4311  0.4236  0.4185  0.4286  0.3434  0.4311  0.3985  0.4311  0.4261  0.4336  0.4261  0.4035  0.4261  0.4311  0.4261
Q05QD1           0.6441  0.6341  0.6190  0.6190  0.6241  0.6341  0.6391  0.6366  0.6341  0.6140  0.6516  0.6241  0.6391  0.5865  0.5865  0.5865  0.4010  0.3935  0.3860  0.3935  0.4060  0.4110  0.4185  0.4110  0.3885  0.3910  0.4135  0.3634  0.3634  0.4035  0.4236  0.3810  0.3935  0.3960  0.4085  0.2331  0.4035  0.2607  0.2682  0.2306  0.4060  0.2581  0.3910  0.3910  0.2105  0.2281  0.2306  0.2832  0.2206  0.2306  0.2782  0.4110  0.2807  0.4211  0.2732  0.2657  0.2707  0.2657  0.2431  0.2206  0.2832  0.2231  0.4236
Q7U4I2           0.6216  0.6241  0.6115  0.6140  0.6316  0.6115  0.6165  0.6165  0.6241  0.6015  0.6291  0.6291  0.6266  0.5664  0.5664  0.5664  0.3659  0.3559  0.3634  0.3584  0.3609  0.3684  0.3885  0.3709  0.3434  0.3459  0.3559  0.3158  0.3158  0.3634  0.3810  0.3634  0.3308  0.3308  0.3684  0.1454  0.3784  0.1579  0.1704  0.1479  0.3634  0.1554  0.3308  0.3308  0.1103  0.1429  0.1454  0.1679  0.0802  0.1454  0.1729  0.3709  0.1704  0.3684  0.1629  0.1479  0.1654  0.1479  0.1679  0.0827  0.1729  0.0852  0.4311  0.2356


TREE #  1:  (7, 8, (6, (9, (3, (2, ((13, 4), (1, ((5, 10), (11, (12, ((16, (15, 14)), (23, (18, (30, (((63, (31, 35)), ((28, 29), (39, (59, ((65, (49, (60, 62))), (64, ((45, (50, (36, 40))), ((46, 47), ((38, 42), ((55, (57, (48, (53, (61, 51))))), (56, 58))))))))))), ((24, (17, 19)), (((21, 22), (27, (25, 26))), (41, ((20, (37, 32)), (52, ((33, 34), (54, (43, 44)))))))))))))))))))))));   MP score: 2589
lnL(ntime:127  np:128): -13615.470021      +0.000000
  66..7    66..8    66..67   67..6    67..68   68..9    68..69   69..3    69..70   70..2    70..71   71..72   72..13   72..4    71..73   73..1    73..74   74..75   75..5    75..10   74..76   76..11   76..77   77..12   77..78   78..79   79..16   79..80   80..15   80..14   78..81   81..23   81..82   82..18   82..83   83..30   83..84   84..85   85..86   86..63   86..87   87..31   87..35   85..88   88..89   89..28   89..29   88..90   90..39   90..91   91..59   91..92   92..93   93..65   93..94   94..49   94..95   95..60   95..62   92..96   96..64   96..97   97..98   98..45   98..99   99..50   99..100 100..36  100..40   97..101 101..102 102..46  102..47  101..103 103..104 104..38  104..42  103..105 105..106 106..55  106..107 107..57  107..108 108..48  108..109 109..53  109..110 110..61  110..51  105..111 111..56  111..58   84..112 112..113 113..24  113..114 114..17  114..19  112..115 115..116 116..117 117..21  117..22  116..118 118..27  118..119 119..25  119..26  115..120 120..41  120..121 121..122 122..20  122..123 123..37  123..32  121..124 124..52  124..125 125..126 126..33  126..34  125..127 127..54  127..128 128..43  128..44 
 0.002904 0.002879 0.020708 0.014787 0.016673 0.057937 0.087778 0.064658 0.091687 0.131925 0.031466 0.060752 0.334611 0.077261 0.023231 0.181678 0.033187 0.104863 0.075431 0.202323 0.050307 0.241664 0.124243 0.252824 1.158195 0.674882 0.000004 0.000004 0.000004 0.000004 1.020899 0.308533 0.064133 0.047626 0.034193 0.154793 0.071976 0.031584 0.128896 0.448556 0.332245 0.041461 0.013840 0.125543 0.141776 0.000004 0.000004 0.410406 0.056190 0.043062 0.102194 0.106352 0.035574 0.072606 0.018825 0.017797 0.031438 0.002877 0.000004 0.014190 0.309663 0.017695 0.019189 0.035871 0.021542 0.055880 0.063431 0.000004 0.005849 0.037186 0.043810 0.002817 0.000004 0.056252 0.035708 0.017555 0.029294 0.043456 0.111208 0.007261 0.013386 0.000004 0.023798 0.005927 0.008660 0.000004 0.002816 0.005942 0.005854 0.053581 0.000004 0.008906 0.022513 0.048490 0.220115 0.058700 0.081445 0.055239 0.054446 0.267324 0.028702 0.031325 0.035890 0.009400 0.073333 0.022621 0.000004 0.002926 0.105217 0.217812 0.064821 0.136793 0.045559 0.006671 0.246673 0.000004 0.037220 0.192844 0.055418 0.075010 0.000004 0.002969 0.054455 0.158580 0.020842 0.000004 0.002958 0.677899

tree length =  11.47533

(7: 0.002904, 8: 0.002879, (6: 0.014787, (9: 0.057937, (3: 0.064658, (2: 0.131925, ((13: 0.334611, 4: 0.077261): 0.060752, (1: 0.181678, ((5: 0.075431, 10: 0.202323): 0.104863, (11: 0.241664, (12: 0.252824, ((16: 0.000004, (15: 0.000004, 14: 0.000004): 0.000004): 0.674882, (23: 0.308533, (18: 0.047626, (30: 0.154793, (((63: 0.448556, (31: 0.041461, 35: 0.013840): 0.332245): 0.128896, ((28: 0.000004, 29: 0.000004): 0.141776, (39: 0.056190, (59: 0.102194, ((65: 0.072606, (49: 0.017797, (60: 0.002877, 62: 0.000004): 0.031438): 0.018825): 0.035574, (64: 0.309663, ((45: 0.035871, (50: 0.055880, (36: 0.000004, 40: 0.005849): 0.063431): 0.021542): 0.019189, ((46: 0.002817, 47: 0.000004): 0.043810, ((38: 0.017555, 42: 0.029294): 0.035708, ((55: 0.007261, (57: 0.000004, (48: 0.005927, (53: 0.000004, (61: 0.005942, 51: 0.005854): 0.002816): 0.008660): 0.023798): 0.013386): 0.111208, (56: 0.000004, 58: 0.008906): 0.053581): 0.043456): 0.056252): 0.037186): 0.017695): 0.014190): 0.106352): 0.043062): 0.410406): 0.125543): 0.031584, ((24: 0.220115, (17: 0.081445, 19: 0.055239): 0.058700): 0.048490, (((21: 0.031325, 22: 0.035890): 0.028702, (27: 0.073333, (25: 0.000004, 26: 0.002926): 0.022621): 0.009400): 0.267324, (41: 0.217812, ((20: 0.045559, (37: 0.246673, 32: 0.000004): 0.006671): 0.136793, (52: 0.192844, ((33: 0.000004, 34: 0.002969): 0.075010, (54: 0.158580, (43: 0.000004, 44: 0.002958): 0.020842): 0.054455): 0.055418): 0.037220): 0.064821): 0.105217): 0.054446): 0.022513): 0.071976): 0.034193): 0.064133): 1.020899): 1.158195): 0.124243): 0.050307): 0.033187): 0.023231): 0.031466): 0.091687): 0.087778): 0.016673): 0.020708);

(A8FP02: 0.002904, A7H637: 0.002879, (Q4HE56: 0.014787, (Q4HQW6: 0.057937, (B9KEF9: 0.064658, (D1B4E4: 0.131925, ((A6QCR7: 0.334611, A6Q1J7: 0.077261): 0.060752, (A8ESW2: 0.181678, ((Q7M8F1: 0.075431, O25879: 0.202323): 0.104863, (Q30TU5: 0.241664, (B9L6L4: 0.252824, ((B7LRR6: 0.000004, (P0AGA2: 0.000004, B7N184: 0.000004): 0.000004): 0.674882, (B0C1F1: 0.308533, (B8HMS2: 0.047626, (Q8DML5: 0.154793, (((Q7NKT4: 0.448556, (Q2JIK9: 0.041461, Q2JV95: 0.013840): 0.332245): 0.128896, ((P0A4H1: 0.000004, P0A4H0: 0.000004): 0.141776, (A5GVX8: 0.056190, (A3YUK1: 0.102194, ((Q7U4I2: 0.072606, (Q3AMP8: 0.017797, (Q3AW75: 0.002877, Q060T9: 0.000004): 0.031438): 0.018825): 0.035574, (Q05QD1: 0.309663, ((A3Z8V6: 0.035871, (Q0ID23: 0.055880, (A5GIS7: 0.000004, A4CSN4: 0.005849): 0.063431): 0.021542): 0.019189, ((A2CC46: 0.002817, Q7V527: 0.000004): 0.043810, ((Q7V9Y0: 0.017555, A9BCM9: 0.029294): 0.035708, ((A2BYR8: 0.007261, (Q7UZW2: 0.000004, (Q318K2: 0.005927, (A8G743: 0.000004, (A2BTB9: 0.005942, A3PF29: 0.005854): 0.002816): 0.008660): 0.023798): 0.013386): 0.111208, (Q46IS7: 0.000004, A2C4Y1: 0.008906): 0.053581): 0.043456): 0.056252): 0.037186): 0.017695): 0.014190): 0.106352): 0.043062): 0.410406): 0.125543): 0.031584, ((Q110C5: 0.220115, (B5W6R3: 0.081445, A0YJS5: 0.055239): 0.058700): 0.048490, (((B9YIT9: 0.031325, B2ITN7: 0.035890): 0.028702, (A0ZG57: 0.073333, (Q8YPJ7: 0.000004, Q3MFA3: 0.002926): 0.022621): 0.009400): 0.267324, (B1XJI9: 0.217812, ((B4B3P2: 0.045559, (B0JHY5: 0.246673, B7KI05: 0.000004): 0.006671): 0.136793, (P77964: 0.192844, ((B7K230: 0.000004, C7QS44: 0.002969): 0.075010, (Q4C153: 0.158580, (A3IQ22: 0.000004, B1WQS9: 0.002958): 0.020842): 0.054455): 0.055418): 0.037220): 0.064821): 0.105217): 0.054446): 0.022513): 0.071976): 0.034193): 0.064133): 1.020899): 1.158195): 0.124243): 0.050307): 0.033187): 0.023231): 0.031466): 0.091687): 0.087778): 0.016673): 0.020708);

Detailed output identifying parameters

alpha (gamma, K = 4) =  0.67790
rate:   0.06948  0.35291  0.91639  2.66122
freq:   0.25000  0.25000  0.25000  0.25000

Time used: 31:34
