AAML (in paml version 4.6, August 2012)  259.aa
Model: Empirical for branches,  (../../../bin/LG.dat) dGamma (ncatG=4) ns =  65  ls = 355


Frequencies..
                                    A      R      N      D      C      Q      E      G      H      I      L      K      M      F      P      S      T      W      Y      V
A8ESI5                         0.06197 0.03099 0.03944 0.06197 0.00282 0.04507 0.08732 0.06479 0.01408 0.07324 0.10986 0.09296 0.02254 0.05915 0.02535 0.06479 0.04789 0.00845 0.03099 0.05634
Q30SN2                         0.06761 0.04225 0.03099 0.06761 0.00563 0.03944 0.08732 0.06197 0.01690 0.06761 0.10704 0.08169 0.01972 0.04507 0.02535 0.08169 0.06197 0.00563 0.03380 0.05070
D1B067                         0.06197 0.03944 0.02254 0.05070 0.01127 0.04507 0.09014 0.07042 0.01690 0.05915 0.11268 0.08732 0.05070 0.04225 0.02817 0.05352 0.05352 0.00845 0.03380 0.06197
A6Q314                         0.07324 0.04225 0.02254 0.05915 0.00000 0.04507 0.09296 0.07042 0.02254 0.05915 0.10141 0.08732 0.03099 0.04225 0.03099 0.05352 0.05352 0.00845 0.03662 0.06761
Q7MAH6                         0.05352 0.04225 0.02254 0.05352 0.00282 0.05915 0.08169 0.07324 0.02535 0.07042 0.09859 0.07887 0.03099 0.03662 0.03380 0.07042 0.05915 0.00845 0.03662 0.06197
B9KFW2                         0.07042 0.03099 0.03944 0.05352 0.00845 0.04789 0.09014 0.05634 0.01690 0.05352 0.10986 0.09577 0.03380 0.05070 0.02254 0.07606 0.04225 0.00563 0.03099 0.06479
A6QB32                         0.06479 0.04507 0.03099 0.07042 0.00282 0.04507 0.09859 0.06479 0.01127 0.05915 0.10704 0.08169 0.03099 0.03662 0.02254 0.05634 0.06197 0.00845 0.03944 0.06197
A7H2A9                         0.07887 0.03380 0.03944 0.05070 0.00845 0.05352 0.09014 0.05915 0.01690 0.06479 0.10704 0.09296 0.03099 0.05070 0.02254 0.07606 0.04225 0.00563 0.03099 0.04507
A8FMX7                         0.07606 0.03380 0.04507 0.05070 0.00845 0.05352 0.09014 0.05915 0.01690 0.06197 0.10704 0.09014 0.03099 0.05070 0.02254 0.07606 0.04225 0.00563 0.03099 0.04789
Q4HHR6                         0.06761 0.03099 0.04789 0.05070 0.01127 0.04789 0.09296 0.06479 0.01408 0.05915 0.10704 0.09296 0.03099 0.04507 0.02254 0.06761 0.05070 0.00845 0.03380 0.05352
Q4HQM1                         0.07042 0.04507 0.03944 0.05352 0.00845 0.03944 0.09577 0.05915 0.01408 0.07042 0.11268 0.09296 0.02535 0.04789 0.01972 0.07606 0.03944 0.00563 0.03380 0.05070
B9L8H1                         0.06761 0.03099 0.03662 0.06479 0.00000 0.04507 0.08169 0.07042 0.01408 0.08732 0.10141 0.10141 0.02254 0.04507 0.03099 0.05634 0.05915 0.00845 0.02817 0.04789
P56417                         0.05352 0.04507 0.04507 0.06479 0.00845 0.04507 0.08169 0.07606 0.00845 0.07042 0.10423 0.08732 0.02817 0.04507 0.03099 0.04789 0.04789 0.00563 0.04507 0.05915
Q2JSX8                         0.09859 0.07042 0.01408 0.04789 0.01127 0.06761 0.07887 0.06761 0.01408 0.03099 0.14930 0.04507 0.01127 0.03380 0.05352 0.04789 0.05634 0.00563 0.02817 0.06761
Q2JIV0                         0.10986 0.06761 0.01408 0.05352 0.00845 0.06761 0.07042 0.07042 0.02254 0.03662 0.14930 0.04507 0.01127 0.03380 0.05352 0.03944 0.05070 0.00563 0.02817 0.06197
A0YMC9                         0.07042 0.05070 0.02535 0.07324 0.00282 0.06479 0.06479 0.07324 0.01408 0.05634 0.13521 0.06197 0.01972 0.04225 0.03944 0.05352 0.04507 0.00282 0.03380 0.07042
Q119C0                         0.07042 0.05352 0.03662 0.07324 0.00282 0.05352 0.06197 0.06479 0.01690 0.05634 0.12958 0.06479 0.01690 0.03662 0.04225 0.06197 0.04789 0.00282 0.03099 0.07606
Q8DMR1                         0.07606 0.05070 0.01972 0.04507 0.00563 0.06197 0.07042 0.07324 0.02535 0.04789 0.13521 0.05634 0.01690 0.03944 0.04789 0.05070 0.06197 0.00563 0.03380 0.07606
C7QW71                         0.05634 0.03944 0.03662 0.05352 0.00845 0.06761 0.07042 0.07606 0.02535 0.06197 0.13239 0.07324 0.01972 0.04789 0.05070 0.05070 0.05070 0.00282 0.02535 0.05070
B7JV46                         0.05634 0.03944 0.03662 0.05352 0.00845 0.06761 0.07042 0.07606 0.02535 0.06197 0.13239 0.07324 0.01972 0.04789 0.05070 0.05070 0.05070 0.00282 0.02535 0.05070
B5W5M7                         0.08169 0.05915 0.02535 0.05915 0.00282 0.05352 0.07324 0.07887 0.01408 0.05915 0.14085 0.05352 0.01690 0.03944 0.04789 0.05634 0.04225 0.00282 0.03099 0.06197
A4CRD9                         0.12676 0.05070 0.02535 0.06479 0.00282 0.04507 0.05634 0.08451 0.01690 0.03662 0.13803 0.05915 0.02254 0.03380 0.03662 0.05915 0.05070 0.00282 0.01972 0.06761
B1XNS4                         0.07887 0.04789 0.03380 0.07606 0.00282 0.06761 0.05070 0.07887 0.02254 0.05070 0.12676 0.07324 0.01690 0.04225 0.04507 0.04225 0.05070 0.00282 0.02817 0.06197
Q4CB67                         0.05634 0.04225 0.03099 0.05634 0.00563 0.05352 0.08732 0.07887 0.01690 0.06761 0.12676 0.08169 0.01690 0.04225 0.04225 0.06197 0.05070 0.00282 0.02817 0.05070
Q3AHU0                         0.12113 0.05070 0.02535 0.06761 0.00282 0.04789 0.04507 0.09296 0.01690 0.03944 0.13239 0.05915 0.01972 0.03662 0.03662 0.06197 0.05352 0.00282 0.02254 0.06479
Q7ND21                         0.11549 0.06197 0.03099 0.05070 0.00563 0.04225 0.07606 0.07042 0.01690 0.03662 0.16056 0.04507 0.01690 0.03099 0.04507 0.04225 0.05915 0.00563 0.02535 0.06197
A3IW61                         0.05634 0.03662 0.04225 0.06197 0.00563 0.05634 0.07887 0.07324 0.01690 0.06761 0.13239 0.08169 0.01690 0.04225 0.04225 0.05634 0.05070 0.00282 0.02817 0.05070
A2C4A2                         0.04789 0.04507 0.05915 0.06479 0.00282 0.03944 0.06761 0.06761 0.01408 0.07042 0.13803 0.07606 0.02535 0.04789 0.03662 0.09014 0.03944 0.00282 0.01972 0.04507
B0JFI3                         0.07606 0.04507 0.02817 0.05634 0.00282 0.05352 0.07324 0.07324 0.01690 0.05352 0.13239 0.07324 0.01690 0.04507 0.03944 0.06761 0.05352 0.00282 0.03099 0.05915
Q46JD7                         0.04789 0.04225 0.05915 0.06479 0.00282 0.04225 0.06197 0.06761 0.01408 0.06761 0.13803 0.08169 0.02535 0.04789 0.03662 0.09296 0.03662 0.00282 0.01972 0.04789
B1WTR7                         0.05352 0.03662 0.04225 0.06197 0.00845 0.05915 0.08169 0.07887 0.01690 0.06761 0.13239 0.07887 0.01690 0.04225 0.04507 0.04507 0.05070 0.00282 0.02817 0.05070
A5GN57                         0.13803 0.05070 0.02535 0.06479 0.00282 0.04789 0.04507 0.09014 0.01690 0.03662 0.14085 0.05634 0.01690 0.03380 0.03662 0.05352 0.05915 0.00282 0.01972 0.06197
A2BSQ1                         0.03944 0.03662 0.04507 0.05070 0.00282 0.05070 0.07606 0.06479 0.01690 0.09296 0.12394 0.09296 0.01408 0.05352 0.03662 0.07042 0.05070 0.00282 0.02817 0.05070
A3PEG3                         0.04225 0.03380 0.04507 0.05352 0.00282 0.04789 0.07606 0.06479 0.01972 0.09014 0.12958 0.09577 0.01408 0.05070 0.03662 0.07042 0.04789 0.00282 0.02535 0.05070
Q3AZE2                         0.12394 0.05634 0.03944 0.06761 0.00282 0.03944 0.03944 0.09014 0.01690 0.03944 0.13521 0.05070 0.02254 0.03380 0.03662 0.05634 0.06197 0.00282 0.02254 0.06197
Q8YSU9                         0.06761 0.05634 0.02817 0.06479 0.00282 0.06479 0.07042 0.09014 0.01972 0.05070 0.12113 0.06479 0.02254 0.03662 0.04789 0.04225 0.05070 0.00563 0.03099 0.06197
Q7TTW9                         0.12113 0.05070 0.02817 0.06197 0.00563 0.04507 0.04789 0.09577 0.01690 0.03662 0.13803 0.05915 0.02254 0.03380 0.03662 0.05634 0.05352 0.00282 0.02254 0.06479
A5GUZ9                         0.13803 0.05352 0.02254 0.06479 0.00282 0.05070 0.05070 0.07887 0.01690 0.03944 0.14366 0.05634 0.01690 0.03380 0.03662 0.05634 0.05634 0.00282 0.01972 0.05915
P73141                         0.07887 0.04507 0.03380 0.06197 0.00563 0.05915 0.07042 0.07887 0.02254 0.05352 0.14085 0.07042 0.01690 0.04225 0.04507 0.04789 0.05070 0.00282 0.02535 0.04789
B4AW60                         0.07042 0.05070 0.02535 0.05915 0.00563 0.05070 0.07042 0.07324 0.01690 0.07042 0.12958 0.07042 0.01408 0.03662 0.04225 0.06479 0.05070 0.00282 0.03662 0.05915
B2J596                         0.06479 0.04789 0.03099 0.06197 0.00282 0.06197 0.07606 0.08732 0.01972 0.05915 0.12394 0.06197 0.01408 0.03944 0.04507 0.03944 0.05915 0.00563 0.02535 0.07324
A8G6E0                         0.04507 0.03380 0.04507 0.05634 0.00282 0.05070 0.07042 0.06197 0.01972 0.09014 0.12113 0.09296 0.01408 0.05634 0.03662 0.07324 0.04789 0.00282 0.02535 0.05352
A0ZAD9                         0.05634 0.05070 0.02817 0.06197 0.00282 0.05915 0.07606 0.08169 0.01690 0.05915 0.13239 0.06197 0.01690 0.03380 0.04789 0.05915 0.05352 0.00563 0.02535 0.07042
Q3MEN7                         0.07042 0.05634 0.01972 0.06479 0.00282 0.07324 0.07042 0.09296 0.01972 0.05352 0.11831 0.06479 0.02254 0.03662 0.04789 0.03944 0.04789 0.00563 0.03099 0.06197
Q0I821                         0.11268 0.05915 0.01972 0.07606 0.00282 0.05070 0.04225 0.08732 0.01408 0.03662 0.13239 0.05352 0.02535 0.03662 0.03944 0.06197 0.05634 0.00282 0.02254 0.06761
Q064Z7                         0.12113 0.05634 0.03662 0.06761 0.00282 0.03944 0.03944 0.08732 0.01690 0.03662 0.13239 0.05070 0.02535 0.03380 0.03662 0.06197 0.06197 0.00282 0.02254 0.06761
A2BY36                         0.03099 0.03662 0.04789 0.05915 0.00282 0.04225 0.07887 0.06197 0.01690 0.09296 0.13803 0.10141 0.01408 0.04225 0.03380 0.08732 0.03944 0.00282 0.02817 0.04225
A3Z667                         0.12676 0.05352 0.02254 0.06761 0.00563 0.05634 0.05070 0.08732 0.01690 0.04225 0.13521 0.05634 0.01972 0.03380 0.03662 0.05634 0.05070 0.00282 0.01972 0.05915
Q05U34                         0.12113 0.05634 0.01972 0.07324 0.00282 0.05070 0.05070 0.09014 0.01690 0.03944 0.13239 0.05634 0.01972 0.03662 0.03662 0.05634 0.05634 0.00282 0.01972 0.06197
Q319F8                         0.03662 0.03380 0.04225 0.06197 0.00282 0.05070 0.07042 0.06479 0.01690 0.09859 0.11831 0.09577 0.01408 0.05070 0.03380 0.08169 0.04789 0.00282 0.02535 0.05070
A2C753                         0.11268 0.06197 0.02535 0.07324 0.00282 0.04789 0.04789 0.07606 0.01690 0.04507 0.14366 0.04789 0.01690 0.03380 0.04507 0.06479 0.05070 0.00282 0.01972 0.06479
B9YJJ7                         0.08451 0.05070 0.02817 0.05634 0.00563 0.05634 0.07042 0.08169 0.02254 0.04789 0.13239 0.06479 0.01127 0.04225 0.04507 0.04507 0.05352 0.00563 0.02535 0.07042
A9BBV2                         0.07324 0.05352 0.03944 0.07606 0.00282 0.04225 0.04789 0.06197 0.01690 0.06761 0.14930 0.07042 0.02254 0.03662 0.03662 0.08169 0.04789 0.00282 0.01972 0.05070
Q7TUT0                         0.10986 0.06197 0.02535 0.07324 0.00282 0.04789 0.04789 0.07606 0.01690 0.04225 0.13803 0.04789 0.01690 0.03662 0.04507 0.06479 0.05352 0.00282 0.01972 0.07042
B7K7H1                         0.06761 0.04507 0.03662 0.06197 0.00282 0.06479 0.06479 0.07606 0.01408 0.05634 0.13803 0.06479 0.01408 0.04507 0.04789 0.06761 0.04225 0.00282 0.02817 0.05915
B8HWU0                         0.07887 0.05352 0.02254 0.04789 0.00000 0.05634 0.07324 0.08169 0.02254 0.06197 0.12958 0.05352 0.01690 0.04507 0.05070 0.06197 0.04507 0.00282 0.02817 0.06761
Q5N1U0                         0.08732 0.05634 0.01972 0.06761 0.00000 0.06761 0.05915 0.08451 0.02254 0.05070 0.14085 0.05070 0.01408 0.03944 0.04507 0.05352 0.03944 0.00282 0.03099 0.06761
Q31K19                         0.08732 0.05634 0.01972 0.06761 0.00000 0.06761 0.05915 0.08451 0.02254 0.05070 0.14085 0.05070 0.01408 0.03944 0.04507 0.05352 0.03944 0.00282 0.03099 0.06761
Q7V0D7                         0.03380 0.03662 0.05352 0.05634 0.00282 0.04225 0.07606 0.06197 0.01690 0.09014 0.13521 0.09577 0.01408 0.03944 0.03380 0.09296 0.04225 0.00282 0.03099 0.04225
B0BZ41                         0.07042 0.04507 0.03099 0.06761 0.00282 0.05915 0.05634 0.06761 0.02535 0.05352 0.14085 0.06197 0.01127 0.03380 0.04507 0.05915 0.06197 0.00282 0.03662 0.06761
Q7VAP7                         0.06479 0.05070 0.03944 0.06197 0.00563 0.05915 0.04789 0.07042 0.01972 0.05634 0.13803 0.06761 0.01972 0.04789 0.03099 0.08732 0.04225 0.00282 0.01690 0.07042
A3YVE5                         0.11831 0.06197 0.01972 0.05915 0.00282 0.05634 0.04507 0.08451 0.02254 0.03380 0.15775 0.04225 0.01127 0.03380 0.04789 0.07324 0.05070 0.00563 0.01690 0.05634
B7LQN3                         0.09296 0.04789 0.04507 0.05915 0.01690 0.06761 0.06479 0.07324 0.01690 0.05070 0.10704 0.06197 0.01127 0.05915 0.03099 0.04225 0.05634 0.01408 0.02535 0.05634
B7MVB5                         0.09296 0.04789 0.04507 0.06197 0.01690 0.07042 0.06197 0.07324 0.01690 0.05352 0.10423 0.06197 0.01127 0.05915 0.03099 0.04225 0.05634 0.01408 0.02535 0.05352
P0AGJ9                         0.09296 0.04789 0.04507 0.05915 0.01690 0.07042 0.06479 0.07324 0.01690 0.05352 0.10423 0.06197 0.01127 0.05915 0.03099 0.04225 0.05634 0.01408 0.02535 0.05352

Homogeneity statistic: X2 = 3.22303 G = 3.16514 

Average                        0.07909 0.04737 0.03307 0.06132 0.00490 0.05369 0.06860 0.07467 0.01790 0.05781 0.12823 0.07021 0.01967 0.04208 0.03831 0.06085 0.05083 0.00464 0.02752 0.05924

# constant sites:     40 (11.27%)
ln Lmax (unconstrained) = -2032.235326

AA distances (raw proportions of different sites)

A8ESI5         
Q30SN2           0.2930
D1B067           0.3211  0.2845
A6Q314           0.3070  0.2620  0.2873
Q7MAH6           0.3408  0.3268  0.3268  0.3099
B9KFW2           0.3408  0.3070  0.2845  0.3155  0.3155
A6QB32           0.3352  0.2676  0.3268  0.2592  0.3155  0.3127
A7H2A9           0.3493  0.3099  0.3070  0.3070  0.3408  0.1662  0.3268
A8FMX7           0.3493  0.3070  0.2986  0.3014  0.3352  0.1549  0.3239  0.0141
Q4HHR6           0.3324  0.3014  0.2817  0.2958  0.3211  0.1577  0.3155  0.1183  0.1099
Q4HQM1           0.3437  0.3014  0.3183  0.3268  0.3606  0.1944  0.3296  0.1521  0.1493  0.1662
B9L8H1           0.3127  0.2901  0.3324  0.3155  0.3577  0.3155  0.3239  0.3380  0.3268  0.3296  0.3437
P56417           0.3718  0.3662  0.3521  0.3577  0.3549  0.3972  0.3775  0.4085  0.4085  0.3915  0.4169  0.3859
Q2JSX8           0.5465  0.5521  0.5408  0.5437  0.5380  0.5606  0.5606  0.5690  0.5662  0.5634  0.5577  0.5521  0.5521
Q2JIV0           0.5493  0.5493  0.5408  0.5380  0.5324  0.5493  0.5634  0.5634  0.5606  0.5521  0.5493  0.5465  0.5549  0.0704
A0YMC9           0.5521  0.5606  0.5521  0.5465  0.5380  0.5493  0.5606  0.5718  0.5662  0.5577  0.5577  0.5324  0.5606  0.3662  0.3690
Q119C0           0.5718  0.5746  0.5662  0.5577  0.5549  0.5606  0.5718  0.5859  0.5803  0.5746  0.5803  0.5493  0.5577  0.3859  0.3915  0.2310
Q8DMR1           0.5634  0.5690  0.5606  0.5408  0.5465  0.5606  0.5690  0.5831  0.5775  0.5662  0.5634  0.5380  0.5746  0.3972  0.4000  0.2648  0.3042
C7QW71           0.5690  0.5831  0.5718  0.5606  0.5521  0.5746  0.5746  0.5803  0.5746  0.5690  0.5831  0.5437  0.5690  0.4028  0.4000  0.2648  0.2789  0.3155
B7JV46           0.5690  0.5831  0.5718  0.5606  0.5521  0.5746  0.5746  0.5803  0.5746  0.5690  0.5831  0.5437  0.5690  0.4028  0.4000  0.2648  0.2789  0.3155  0.0000
B5W5M7           0.5521  0.5690  0.5606  0.5634  0.5211  0.5690  0.5662  0.5859  0.5803  0.5634  0.5887  0.5380  0.5634  0.3521  0.3521  0.1662  0.2423  0.2958  0.2535  0.2535
A4CRD9           0.5437  0.5634  0.5803  0.5746  0.5493  0.5887  0.5662  0.6028  0.6000  0.5972  0.6169  0.5577  0.5746  0.4141  0.4028  0.3493  0.3577  0.3634  0.3634  0.3634  0.3070
B1XNS4           0.5493  0.5606  0.5662  0.5577  0.5746  0.5803  0.5634  0.5887  0.5831  0.5746  0.5662  0.5408  0.5746  0.4113  0.4169  0.2817  0.2845  0.3493  0.2479  0.2479  0.2845  0.3803
Q4CB67           0.5606  0.5718  0.5690  0.5465  0.5549  0.5662  0.5690  0.5718  0.5662  0.5746  0.5803  0.5408  0.5662  0.3972  0.4000  0.2563  0.2704  0.3042  0.1380  0.1380  0.2620  0.3549  0.2394
Q3AHU0           0.5606  0.5606  0.5887  0.5775  0.5662  0.5887  0.5718  0.6056  0.6000  0.6028  0.6225  0.5549  0.5775  0.4310  0.4225  0.3465  0.3577  0.3549  0.3746  0.3746  0.3352  0.0901  0.3859  0.3690
Q7ND21           0.5549  0.5380  0.5577  0.5352  0.5324  0.5493  0.5493  0.5746  0.5718  0.5662  0.5606  0.5408  0.5465  0.3408  0.3408  0.3690  0.3859  0.4197  0.4225  0.4225  0.3775  0.4000  0.4085  0.4141  0.3915
A3IW61           0.5662  0.5746  0.5746  0.5577  0.5521  0.5690  0.5662  0.5803  0.5746  0.5690  0.5859  0.5437  0.5634  0.3944  0.3944  0.2592  0.2535  0.3099  0.1493  0.1493  0.2620  0.3437  0.2394  0.0704  0.3634  0.4113
A2C4A2           0.5577  0.5634  0.5915  0.5662  0.5465  0.5690  0.5606  0.6028  0.6000  0.5944  0.6028  0.5549  0.5803  0.4310  0.4282  0.3746  0.3972  0.4028  0.3662  0.3662  0.3549  0.3211  0.4113  0.3662  0.3211  0.4507  0.3606
B0JFI3           0.5690  0.5803  0.5690  0.5662  0.5690  0.5831  0.5718  0.5775  0.5718  0.5859  0.5831  0.5493  0.5887  0.3944  0.4085  0.2789  0.2986  0.2761  0.2282  0.2282  0.2676  0.3408  0.2732  0.2197  0.3465  0.4197  0.2254  0.3718
Q46JD7           0.5606  0.5718  0.6000  0.5746  0.5521  0.5775  0.5662  0.6085  0.6056  0.6000  0.6056  0.5577  0.5887  0.4338  0.4310  0.3746  0.4028  0.4085  0.3718  0.3718  0.3634  0.3268  0.4169  0.3746  0.3268  0.4535  0.3662  0.0169  0.3718
B1WTR7           0.5662  0.5718  0.5690  0.5549  0.5662  0.5634  0.5662  0.5831  0.5775  0.5775  0.5831  0.5352  0.5718  0.3887  0.3859  0.2592  0.2676  0.2986  0.1380  0.1380  0.2704  0.3606  0.2310  0.0704  0.3634  0.4056  0.0479  0.3606  0.2113  0.3690
A5GN57           0.5521  0.5634  0.5859  0.5662  0.5521  0.5944  0.5662  0.6085  0.6056  0.5944  0.6141  0.5606  0.5718  0.4141  0.4056  0.3408  0.3521  0.3577  0.3493  0.3493  0.3183  0.0479  0.3718  0.3521  0.0873  0.3887  0.3521  0.3127  0.3268  0.3183  0.3549
A2BSQ1           0.5746  0.5803  0.5718  0.5944  0.5775  0.5831  0.5915  0.5915  0.5887  0.5887  0.5944  0.5690  0.5915  0.4761  0.4704  0.4028  0.4225  0.4338  0.4028  0.4028  0.4056  0.3746  0.4310  0.4056  0.3690  0.4817  0.3944  0.3606  0.4056  0.3606  0.3915  0.3690
A3PEG3           0.5718  0.5831  0.5718  0.5972  0.5746  0.5718  0.5859  0.5944  0.5915  0.5859  0.5944  0.5606  0.5803  0.4676  0.4648  0.3944  0.4141  0.4197  0.3944  0.3944  0.3972  0.3662  0.4225  0.4000  0.3634  0.4676  0.3859  0.3634  0.3972  0.3662  0.3859  0.3634  0.0366
Q3AZE2           0.5775  0.5887  0.5972  0.5915  0.5803  0.6085  0.5859  0.6225  0.6254  0.6254  0.6423  0.5775  0.5972  0.4282  0.4254  0.3634  0.3746  0.3859  0.3887  0.3887  0.3408  0.1352  0.3915  0.3775  0.1070  0.4085  0.3775  0.3268  0.3606  0.3268  0.3803  0.1239  0.3859  0.3803
Q8YSU9           0.5831  0.5803  0.5690  0.5465  0.5493  0.5831  0.5662  0.5972  0.5944  0.5803  0.5972  0.5662  0.5662  0.3859  0.4056  0.2620  0.2873  0.3296  0.2958  0.2958  0.2789  0.3887  0.3042  0.2817  0.4028  0.4169  0.2761  0.4141  0.3014  0.4197  0.2789  0.3831  0.4366  0.4282  0.3944
Q7TTW9           0.5549  0.5521  0.5859  0.5803  0.5690  0.5915  0.5746  0.6141  0.6085  0.6056  0.6141  0.5549  0.5803  0.4254  0.4169  0.3465  0.3634  0.3606  0.3746  0.3746  0.3268  0.0789  0.3831  0.3718  0.0535  0.3972  0.3662  0.3239  0.3521  0.3296  0.3690  0.0704  0.3718  0.3634  0.1042  0.3944
A5GUZ9           0.5775  0.5718  0.5887  0.5803  0.5690  0.5859  0.5775  0.6028  0.5972  0.6085  0.6225  0.5549  0.5859  0.4056  0.3972  0.3493  0.3577  0.3465  0.3662  0.3662  0.3239  0.0986  0.3831  0.3577  0.0958  0.4000  0.3606  0.3268  0.3352  0.3352  0.3549  0.0930  0.3690  0.3634  0.1465  0.4000  0.1127
P73141           0.5746  0.5775  0.5831  0.5746  0.5662  0.5803  0.5859  0.5859  0.5831  0.5775  0.5859  0.5549  0.5831  0.3887  0.3803  0.2732  0.2761  0.3070  0.2113  0.2113  0.2563  0.3211  0.2704  0.2113  0.3380  0.3915  0.2056  0.3746  0.2423  0.3746  0.2085  0.3155  0.3887  0.3775  0.3549  0.3014  0.3324  0.3324
B4AW60           0.5775  0.5690  0.5831  0.5577  0.5662  0.5775  0.5859  0.5887  0.5831  0.5831  0.5859  0.5606  0.5746  0.3859  0.3831  0.2282  0.2423  0.2901  0.2169  0.2169  0.2620  0.3408  0.2592  0.1915  0.3521  0.3803  0.1746  0.3634  0.2282  0.3718  0.1915  0.3408  0.4141  0.4028  0.3718  0.2845  0.3577  0.3549  0.2282
B2J596           0.5803  0.5775  0.5690  0.5521  0.5493  0.5831  0.5606  0.5972  0.5944  0.5775  0.5944  0.5549  0.5718  0.4000  0.4113  0.2592  0.2958  0.3099  0.3099  0.3099  0.2704  0.4085  0.3099  0.2930  0.4028  0.4197  0.2958  0.4282  0.2901  0.4282  0.2930  0.3972  0.4225  0.4169  0.4028  0.1380  0.3944  0.3972  0.2930  0.2986
A8G6E0           0.5775  0.5915  0.5718  0.6000  0.5803  0.5803  0.5915  0.5972  0.5944  0.5915  0.5972  0.5775  0.5887  0.4817  0.4732  0.4056  0.4282  0.4310  0.4085  0.4085  0.4056  0.3775  0.4366  0.4141  0.3775  0.4761  0.4000  0.3718  0.4085  0.3718  0.3972  0.3746  0.0394  0.0423  0.3972  0.4366  0.3775  0.3746  0.3887  0.4113  0.4282
A0ZAD9           0.5859  0.5859  0.5746  0.5606  0.5662  0.5972  0.5718  0.6000  0.5972  0.5915  0.6056  0.5718  0.5775  0.4113  0.4197  0.2761  0.3099  0.3183  0.3155  0.3155  0.2789  0.4056  0.3127  0.3014  0.4085  0.4310  0.3127  0.4366  0.3099  0.4366  0.3099  0.4000  0.4338  0.4282  0.4000  0.1408  0.4000  0.3972  0.3014  0.3155  0.1211  0.4394
Q3MEN7           0.5859  0.5831  0.5746  0.5465  0.5493  0.5831  0.5690  0.6000  0.5972  0.5803  0.5972  0.5718  0.5718  0.3803  0.4028  0.2563  0.2845  0.3296  0.3070  0.3070  0.2817  0.3915  0.3099  0.2958  0.3972  0.4141  0.2958  0.4254  0.3127  0.4310  0.2958  0.3915  0.4366  0.4310  0.4000  0.0338  0.3915  0.3972  0.3070  0.2930  0.1296  0.4366  0.1465
Q0I821           0.5662  0.5634  0.5859  0.5746  0.5690  0.5944  0.5690  0.6085  0.6056  0.6028  0.6254  0.5662  0.5662  0.4141  0.4141  0.3493  0.3549  0.3634  0.3775  0.3775  0.3239  0.1268  0.3831  0.3577  0.1099  0.4000  0.3549  0.3268  0.3352  0.3352  0.3577  0.1183  0.3775  0.3718  0.1437  0.3915  0.1324  0.1070  0.3577  0.3493  0.4085  0.3859  0.3972  0.3915
Q064Z7           0.5831  0.5887  0.5944  0.5887  0.5775  0.6113  0.5803  0.6225  0.6254  0.6197  0.6394  0.5775  0.6000  0.4225  0.4197  0.3606  0.3690  0.3775  0.3746  0.3746  0.3324  0.1352  0.3944  0.3662  0.1070  0.4000  0.3662  0.3183  0.3577  0.3155  0.3690  0.1239  0.3887  0.3859  0.0338  0.3859  0.1042  0.1465  0.3465  0.3662  0.3972  0.4000  0.3887  0.3887  0.1465
A2BY36           0.5775  0.5803  0.5662  0.5915  0.5831  0.5775  0.5915  0.5915  0.5887  0.6000  0.5831  0.5577  0.5803  0.4732  0.4676  0.4000  0.4056  0.4169  0.4085  0.4085  0.4000  0.3746  0.4366  0.4028  0.3746  0.4789  0.3944  0.3746  0.3944  0.3746  0.4000  0.3803  0.1437  0.1408  0.3887  0.4338  0.3718  0.3746  0.3718  0.3944  0.4282  0.1577  0.4366  0.4366  0.3915  0.3915
A3Z667           0.5634  0.5634  0.5803  0.5718  0.5606  0.5831  0.5634  0.5915  0.5887  0.5887  0.6169  0.5493  0.5662  0.4169  0.4141  0.3380  0.3437  0.3549  0.3690  0.3690  0.3070  0.0930  0.3746  0.3577  0.0901  0.3944  0.3521  0.3127  0.3380  0.3155  0.3662  0.0817  0.3606  0.3521  0.1239  0.3859  0.0901  0.0873  0.3380  0.3465  0.3859  0.3662  0.3944  0.3859  0.0901  0.1268  0.3690
Q05U34           0.5690  0.5718  0.5803  0.5746  0.5577  0.5831  0.5718  0.6000  0.5972  0.5972  0.6282  0.5493  0.5634  0.4141  0.4085  0.3437  0.3521  0.3690  0.3690  0.3690  0.3070  0.0986  0.3859  0.3549  0.0789  0.3944  0.3549  0.3155  0.3437  0.3183  0.3662  0.0873  0.3718  0.3662  0.1211  0.3859  0.0930  0.0873  0.3380  0.3521  0.3803  0.3803  0.3887  0.3859  0.0930  0.1239  0.3831  0.0423
Q319F8           0.5803  0.5972  0.5803  0.6000  0.5803  0.5803  0.5944  0.5915  0.5887  0.5944  0.5972  0.5746  0.5972  0.4789  0.4761  0.4169  0.4310  0.4366  0.4197  0.4197  0.4225  0.3775  0.4394  0.4085  0.3775  0.4817  0.3915  0.3662  0.4141  0.3662  0.3972  0.3775  0.0507  0.0563  0.3915  0.4451  0.3803  0.3746  0.3859  0.4113  0.4282  0.0592  0.4451  0.4451  0.3831  0.3944  0.1380  0.3690  0.3831
A2C753           0.5718  0.5662  0.5775  0.5690  0.5831  0.6028  0.5718  0.6085  0.6056  0.6028  0.6141  0.5775  0.5887  0.3887  0.3859  0.3324  0.3493  0.3493  0.3577  0.3577  0.3183  0.1775  0.3775  0.3437  0.1915  0.3915  0.3465  0.3127  0.3352  0.3211  0.3521  0.1718  0.3690  0.3606  0.2141  0.3859  0.2000  0.1634  0.3239  0.3521  0.3887  0.3775  0.3803  0.3859  0.1859  0.2028  0.3775  0.1803  0.1803  0.3775
B9YJJ7           0.5690  0.5775  0.5746  0.5521  0.5521  0.5859  0.5606  0.5972  0.5944  0.5775  0.5915  0.5718  0.5690  0.4000  0.4000  0.2676  0.3127  0.3155  0.3127  0.3127  0.2930  0.3887  0.3099  0.3070  0.3915  0.4197  0.3042  0.4254  0.3183  0.4338  0.3042  0.3831  0.4394  0.4310  0.3915  0.1662  0.3859  0.3831  0.3042  0.2986  0.1577  0.4423  0.1549  0.1634  0.3915  0.3887  0.4394  0.3887  0.3831  0.4451  0.3775
A9BBV2           0.5915  0.5944  0.5915  0.5775  0.5775  0.5831  0.6028  0.5944  0.5972  0.6000  0.6085  0.5831  0.5972  0.4197  0.4197  0.3549  0.3746  0.3915  0.3915  0.3915  0.3437  0.2817  0.4113  0.3690  0.2958  0.4479  0.3718  0.2986  0.3577  0.2986  0.3859  0.2761  0.4000  0.3972  0.2732  0.4056  0.2901  0.2648  0.3606  0.3690  0.4225  0.3972  0.4169  0.4113  0.2704  0.2817  0.3887  0.2789  0.2789  0.4056  0.2507  0.4310
Q7TUT0           0.5746  0.5634  0.5803  0.5718  0.5831  0.6085  0.5718  0.6141  0.6113  0.6085  0.6225  0.5775  0.5859  0.3859  0.3831  0.3408  0.3577  0.3549  0.3549  0.3549  0.3155  0.1775  0.3775  0.3437  0.1944  0.3944  0.3465  0.3099  0.3324  0.3183  0.3465  0.1746  0.3662  0.3577  0.2141  0.3803  0.2028  0.1662  0.3239  0.3521  0.3887  0.3690  0.3746  0.3859  0.1803  0.2028  0.3775  0.1803  0.1803  0.3746  0.0197  0.3775  0.2563
B7K7H1           0.5831  0.5803  0.5775  0.5690  0.5718  0.5803  0.5775  0.5831  0.5775  0.5803  0.5859  0.5465  0.5831  0.3859  0.3887  0.2338  0.2563  0.2901  0.2028  0.2028  0.2394  0.3465  0.2366  0.1746  0.3521  0.3803  0.1606  0.3746  0.2056  0.3718  0.1577  0.3465  0.4028  0.3972  0.3746  0.2845  0.3577  0.3465  0.2169  0.1268  0.2732  0.4056  0.2958  0.2958  0.3493  0.3634  0.3972  0.3437  0.3465  0.4085  0.3549  0.3014  0.3662  0.3549
B8HWU0           0.5803  0.5972  0.5944  0.5887  0.5690  0.5831  0.6028  0.6028  0.5972  0.5915  0.5944  0.5718  0.5831  0.4113  0.4028  0.3014  0.2958  0.2704  0.3099  0.3099  0.2704  0.3746  0.3239  0.3268  0.3859  0.4310  0.3211  0.4113  0.3127  0.4141  0.3155  0.3746  0.4254  0.4225  0.3887  0.3352  0.3746  0.3859  0.2845  0.2930  0.3352  0.4282  0.3380  0.3268  0.3915  0.3775  0.4113  0.3775  0.3887  0.4310  0.3775  0.3324  0.4169  0.3803  0.2986
Q5N1U0           0.5746  0.5859  0.5803  0.5577  0.5521  0.5831  0.5831  0.6000  0.5972  0.5972  0.6000  0.5606  0.5915  0.3803  0.3690  0.2394  0.2732  0.2930  0.2648  0.2648  0.2338  0.3099  0.2789  0.2648  0.3155  0.3887  0.2732  0.3465  0.2648  0.3437  0.2704  0.2958  0.3944  0.4000  0.3183  0.2958  0.3127  0.3070  0.2620  0.2676  0.3127  0.4028  0.2986  0.3042  0.3211  0.3099  0.3944  0.3042  0.3099  0.4000  0.3042  0.3183  0.3465  0.3014  0.2592  0.3070
Q31K19           0.5746  0.5859  0.5803  0.5577  0.5521  0.5831  0.5831  0.6000  0.5972  0.5972  0.6000  0.5606  0.5915  0.3803  0.3690  0.2394  0.2732  0.2930  0.2648  0.2648  0.2338  0.3099  0.2789  0.2648  0.3155  0.3887  0.2732  0.3465  0.2648  0.3437  0.2704  0.2958  0.3944  0.4000  0.3183  0.2958  0.3127  0.3070  0.2620  0.2676  0.3127  0.4028  0.2986  0.3042  0.3211  0.3099  0.3944  0.3042  0.3099  0.4000  0.3042  0.3183  0.3465  0.3014  0.2592  0.3070  0.0000
Q7V0D7           0.5859  0.5803  0.5746  0.6028  0.5831  0.5887  0.5972  0.6000  0.5972  0.6085  0.5887  0.5662  0.5859  0.4789  0.4732  0.4056  0.4169  0.4197  0.4169  0.4169  0.4113  0.3775  0.4451  0.4085  0.3775  0.4761  0.4028  0.3634  0.4056  0.3634  0.4000  0.3803  0.1211  0.1296  0.3972  0.4423  0.3746  0.3690  0.3859  0.4000  0.4282  0.1380  0.4394  0.4423  0.3887  0.4000  0.0676  0.3690  0.3859  0.1070  0.3775  0.4451  0.3944  0.3775  0.4028  0.4225  0.4000  0.4000
B0BZ41           0.5915  0.6085  0.5887  0.5775  0.5634  0.6113  0.5859  0.6141  0.6085  0.6169  0.6085  0.5746  0.6028  0.3915  0.3803  0.2845  0.2845  0.2986  0.3099  0.3099  0.2958  0.3662  0.3324  0.2873  0.3690  0.4141  0.2986  0.3972  0.3070  0.3944  0.3042  0.3577  0.4254  0.4169  0.3803  0.3408  0.3718  0.3577  0.2704  0.2817  0.3352  0.4282  0.3268  0.3521  0.3775  0.3690  0.4000  0.3606  0.3606  0.4310  0.3521  0.3352  0.3859  0.3549  0.2958  0.2845  0.3014  0.3014  0.4141
Q7VAP7           0.5915  0.5972  0.6338  0.6000  0.5887  0.6085  0.5944  0.6310  0.6310  0.6282  0.6282  0.5972  0.6028  0.4423  0.4310  0.3859  0.3944  0.4028  0.3944  0.3944  0.3577  0.2873  0.4282  0.3944  0.2873  0.4394  0.3915  0.2958  0.3775  0.2958  0.3859  0.2789  0.3915  0.3944  0.2873  0.4254  0.2845  0.2789  0.3746  0.3887  0.4310  0.4028  0.4310  0.4282  0.2789  0.2845  0.3887  0.2789  0.2873  0.3972  0.2901  0.4310  0.2423  0.2873  0.3831  0.4113  0.3465  0.3465  0.3887  0.4056
A3YVE5           0.5915  0.5746  0.5944  0.5746  0.5634  0.6000  0.5859  0.6028  0.6000  0.6028  0.6056  0.5746  0.5831  0.3944  0.3944  0.3380  0.3662  0.3324  0.3690  0.3690  0.3268  0.2338  0.3831  0.3634  0.2310  0.4056  0.3662  0.3183  0.3408  0.3324  0.3577  0.2169  0.3859  0.3859  0.2423  0.3775  0.2338  0.1944  0.3521  0.3662  0.3775  0.3915  0.3690  0.3662  0.2225  0.2394  0.3915  0.2056  0.2169  0.3915  0.2197  0.3634  0.2901  0.2225  0.3606  0.3577  0.2986  0.2986  0.3915  0.3690  0.2873
B7LQN3           0.6930  0.6901  0.7155  0.7070  0.7070  0.6958  0.6986  0.6873  0.6901  0.6873  0.6958  0.7070  0.7268  0.6620  0.6761  0.6732  0.6789  0.6789  0.6789  0.6789  0.6761  0.6873  0.6873  0.6873  0.6930  0.6789  0.6930  0.7014  0.6873  0.7042  0.6901  0.6845  0.7211  0.7127  0.6986  0.6845  0.6845  0.6901  0.6789  0.6873  0.6930  0.7127  0.7014  0.6761  0.6901  0.6986  0.7127  0.6958  0.7014  0.7183  0.6958  0.6901  0.6958  0.6986  0.6845  0.7014  0.6930  0.6930  0.7099  0.6958  0.7070  0.6789
B7MVB5           0.6958  0.6958  0.7155  0.7127  0.7099  0.7014  0.7042  0.6930  0.6958  0.6930  0.7014  0.7099  0.7268  0.6676  0.6789  0.6789  0.6845  0.6845  0.6789  0.6789  0.6789  0.6901  0.6930  0.6901  0.6958  0.6845  0.6958  0.7070  0.6930  0.7099  0.6958  0.6901  0.7268  0.7183  0.6958  0.6873  0.6901  0.6930  0.6817  0.6930  0.6958  0.7183  0.7042  0.6789  0.6930  0.6958  0.7155  0.6986  0.6986  0.7239  0.6986  0.6930  0.6986  0.7014  0.6901  0.7042  0.6986  0.6986  0.7155  0.6986  0.7070  0.6845  0.0085
P0AGJ9           0.6958  0.6930  0.7183  0.7099  0.7099  0.6986  0.7014  0.6901  0.6930  0.6901  0.6986  0.7099  0.7296  0.6648  0.6789  0.6761  0.6817  0.6817  0.6817  0.6817  0.6789  0.6901  0.6901  0.6901  0.6930  0.6817  0.6958  0.7042  0.6901  0.7070  0.6930  0.6873  0.7239  0.7155  0.6986  0.6873  0.6873  0.6901  0.6817  0.6901  0.6958  0.7155  0.7042  0.6789  0.6901  0.6986  0.7155  0.6958  0.7014  0.7211  0.6986  0.6930  0.6986  0.7014  0.6873  0.7042  0.6958  0.6958  0.7127  0.6986  0.7070  0.6817  0.0056  0.0028


TREE #  1:  (63, (64, 65), ((12, (((2, (7, 4)), ((3, (6, (10, (11, (8, 9))))), 1)), (5, 13))), ((26, (14, 15)), (((34, (42, (33, (50, (47, 59))))), ((62, ((38, (((22, 32), ((35, 46), (25, 37))), (45, (48, 49)))), (51, 54))), (53, (61, (28, 30))))), ((57, 58), ((16, 21), ((17, (60, (18, 56))), (((36, 44), (52, (41, 43))), (23, ((40, 55), (((19, 20), (24, (27, 31))), (39, 29))))))))))));   MP score: 2989
lnL(ntime:127  np:128): -15665.557074      +0.000000
  66..63   66..67   67..64   67..65   66..68   68..69   69..12   69..70   70..71   71..72   72..2    72..73   73..7    73..4    71..74   74..75   75..3    75..76   76..6    76..77   77..10   77..78   78..11   78..79   79..8    79..9    74..1    70..80   80..5    80..13   68..81   81..82   82..26   82..83   83..14   83..15   81..84   84..85   85..86   86..34   86..87   87..42   87..88   88..33   88..89   89..50   89..90   90..47   90..59   85..91   91..92   92..62   92..93   93..94   94..38   94..95   95..96   96..97   97..22   97..32   96..98   98..99   99..35   99..46   98..100 100..25  100..37   95..101 101..45  101..102 102..48  102..49   93..103 103..51  103..54   91..104 104..53  104..105 105..61  105..106 106..28  106..30   84..107 107..108 108..57  108..58  107..109 109..110 110..16  110..21  109..111 111..112 112..17  112..113 113..60  113..114 114..18  114..56  111..115 115..116 116..117 117..36  117..44  116..118 118..52  118..119 119..41  119..43  115..120 120..23  120..121 121..122 122..40  122..55  121..123 123..124 124..125 125..19  125..20  124..126 126..24  126..127 127..27  127..31  123..128 128..39  128..29 
 0.006975 0.000004 0.003484 0.000004 3.893799 0.820842 0.182050 0.157550 0.048592 0.035694 0.243125 0.075719 0.245921 0.215005 0.031099 0.066232 0.250317 0.217236 0.125932 0.052000 0.073096 0.041409 0.175572 0.049995 0.015677 0.001045 0.361579 0.108965 0.292152 0.491818 0.432294 0.116841 0.372209 0.336443 0.060753 0.037843 0.134352 0.156748 0.611363 0.000004 0.024195 0.027211 0.000004 0.020880 0.031554 0.015050 0.110100 0.065711 0.024270 0.090307 0.099932 0.212923 0.029280 0.094672 0.047263 0.030278 0.031965 0.038013 0.044753 0.017344 0.022557 0.095430 0.022558 0.019813 0.011649 0.034260 0.036295 0.011989 0.082954 0.016610 0.023213 0.031928 0.140137 0.014694 0.009371 0.087787 0.211641 0.074129 0.214450 0.376306 0.009001 0.011299 0.076555 0.239248 0.000004 0.000004 0.074689 0.050773 0.124644 0.130100 0.020023 0.020116 0.245695 0.079428 0.307197 0.070298 0.277494 0.268680 0.017172 0.250229 0.079369 0.031180 0.014631 0.019306 0.153638 0.032554 0.071561 0.100899 0.093429 0.296644 0.021124 0.072729 0.130750 0.062372 0.029641 0.063425 0.133837 0.000004 0.000004 0.055019 0.055539 0.024373 0.032943 0.028771 0.027854 0.232350 0.219324 0.712491

tree length =  17.49113

(63: 0.006975, (64: 0.003484, 65: 0.000004): 0.000004, ((12: 0.182050, (((2: 0.243125, (7: 0.245921, 4: 0.215005): 0.075719): 0.035694, ((3: 0.250317, (6: 0.125932, (10: 0.073096, (11: 0.175572, (8: 0.015677, 9: 0.001045): 0.049995): 0.041409): 0.052000): 0.217236): 0.066232, 1: 0.361579): 0.031099): 0.048592, (5: 0.292152, 13: 0.491818): 0.108965): 0.157550): 0.820842, ((26: 0.372209, (14: 0.060753, 15: 0.037843): 0.336443): 0.116841, (((34: 0.000004, (42: 0.027211, (33: 0.020880, (50: 0.015050, (47: 0.065711, 59: 0.024270): 0.110100): 0.031554): 0.000004): 0.024195): 0.611363, ((62: 0.212923, ((38: 0.047263, (((22: 0.044753, 32: 0.017344): 0.038013, ((35: 0.022558, 46: 0.019813): 0.095430, (25: 0.034260, 37: 0.036295): 0.011649): 0.022557): 0.031965, (45: 0.082954, (48: 0.023213, 49: 0.031928): 0.016610): 0.011989): 0.030278): 0.094672, (51: 0.014694, 54: 0.009371): 0.140137): 0.029280): 0.099932, (53: 0.211641, (61: 0.214450, (28: 0.009001, 30: 0.011299): 0.376306): 0.074129): 0.087787): 0.090307): 0.156748, ((57: 0.000004, 58: 0.000004): 0.239248, ((16: 0.124644, 21: 0.130100): 0.050773, ((17: 0.245695, (60: 0.307197, (18: 0.277494, 56: 0.268680): 0.070298): 0.079428): 0.020116, (((36: 0.031180, 44: 0.014631): 0.079369, (52: 0.153638, (41: 0.071561, 43: 0.100899): 0.032554): 0.019306): 0.250229, (23: 0.296644, ((40: 0.130750, 55: 0.062372): 0.072729, (((19: 0.000004, 20: 0.000004): 0.133837, (24: 0.055539, (27: 0.032943, 31: 0.028771): 0.024373): 0.055019): 0.063425, (39: 0.232350, 29: 0.219324): 0.027854): 0.029641): 0.021124): 0.093429): 0.017172): 0.020023): 0.074689): 0.076555): 0.134352): 0.432294): 3.893799);

(B7LQN3: 0.006975, (B7MVB5: 0.003484, P0AGJ9: 0.000004): 0.000004, ((B9L8H1: 0.182050, (((Q30SN2: 0.243125, (A6QB32: 0.245921, A6Q314: 0.215005): 0.075719): 0.035694, ((D1B067: 0.250317, (B9KFW2: 0.125932, (Q4HHR6: 0.073096, (Q4HQM1: 0.175572, (A7H2A9: 0.015677, A8FMX7: 0.001045): 0.049995): 0.041409): 0.052000): 0.217236): 0.066232, A8ESI5: 0.361579): 0.031099): 0.048592, (Q7MAH6: 0.292152, P56417: 0.491818): 0.108965): 0.157550): 0.820842, ((Q7ND21: 0.372209, (Q2JSX8: 0.060753, Q2JIV0: 0.037843): 0.336443): 0.116841, (((A3PEG3: 0.000004, (A8G6E0: 0.027211, (A2BSQ1: 0.020880, (Q319F8: 0.015050, (A2BY36: 0.065711, Q7V0D7: 0.024270): 0.110100): 0.031554): 0.000004): 0.024195): 0.611363, ((A3YVE5: 0.212923, ((A5GUZ9: 0.047263, (((A4CRD9: 0.044753, A5GN57: 0.017344): 0.038013, ((Q3AZE2: 0.022558, Q064Z7: 0.019813): 0.095430, (Q3AHU0: 0.034260, Q7TTW9: 0.036295): 0.011649): 0.022557): 0.031965, (Q0I821: 0.082954, (A3Z667: 0.023213, Q05U34: 0.031928): 0.016610): 0.011989): 0.030278): 0.094672, (A2C753: 0.014694, Q7TUT0: 0.009371): 0.140137): 0.029280): 0.099932, (A9BBV2: 0.211641, (Q7VAP7: 0.214450, (A2C4A2: 0.009001, Q46JD7: 0.011299): 0.376306): 0.074129): 0.087787): 0.090307): 0.156748, ((Q5N1U0: 0.000004, Q31K19: 0.000004): 0.239248, ((A0YMC9: 0.124644, B5W5M7: 0.130100): 0.050773, ((Q119C0: 0.245695, (B0BZ41: 0.307197, (Q8DMR1: 0.277494, B8HWU0: 0.268680): 0.070298): 0.079428): 0.020116, (((Q8YSU9: 0.031180, Q3MEN7: 0.014631): 0.079369, (B9YJJ7: 0.153638, (B2J596: 0.071561, A0ZAD9: 0.100899): 0.032554): 0.019306): 0.250229, (B1XNS4: 0.296644, ((B4AW60: 0.130750, B7K7H1: 0.062372): 0.072729, (((C7QW71: 0.000004, B7JV46: 0.000004): 0.133837, (Q4CB67: 0.055539, (A3IW61: 0.032943, B1WTR7: 0.028771): 0.024373): 0.055019): 0.063425, (P73141: 0.232350, B0JFI3: 0.219324): 0.027854): 0.029641): 0.021124): 0.093429): 0.017172): 0.020023): 0.074689): 0.076555): 0.134352): 0.432294): 3.893799);

Detailed output identifying parameters

alpha (gamma, K = 4) =  0.71249
rate:   0.07686  0.36936  0.92941  2.62437
freq:   0.25000  0.25000  0.25000  0.25000

Time used: 37:02
