AAML (in paml version 4.6, August 2012)  225.aa
Model: Empirical for branches,  Global clock  (../../../bin/LG.dat) dGamma (ncatG=4) ns =  65  ls = 422


Frequencies..
                                    A      R      N      D      C      Q      E      G      H      I      L      K      M      F      P      S      T      W      Y      V
A8EWI6                         0.05924 0.04739 0.05450 0.06872 0.01185 0.02370 0.08531 0.08768 0.01896 0.06398 0.09716 0.07583 0.02844 0.06161 0.02133 0.05687 0.04739 0.00948 0.02844 0.05213
A6Q576                         0.05924 0.06872 0.01896 0.05687 0.01185 0.02844 0.10664 0.08768 0.02370 0.05450 0.10900 0.08057 0.02607 0.05213 0.02607 0.05213 0.04028 0.00948 0.03555 0.05213
D1B3L2                         0.06872 0.04976 0.03081 0.05687 0.01659 0.02607 0.09242 0.09005 0.02133 0.03791 0.11137 0.07109 0.02607 0.05687 0.03318 0.05450 0.04502 0.00948 0.03081 0.07109
Q30PA9                         0.06635 0.04976 0.02844 0.06161 0.01185 0.03081 0.08768 0.09005 0.02607 0.04976 0.10190 0.06398 0.02133 0.06635 0.02133 0.08057 0.04265 0.00948 0.02607 0.06398
A6Q747                         0.06161 0.05450 0.04265 0.06872 0.00948 0.02607 0.09242 0.08768 0.02133 0.05213 0.10427 0.08057 0.03081 0.05687 0.02607 0.04265 0.04028 0.00948 0.02844 0.06398
B9KCV5                         0.06161 0.04976 0.04028 0.05924 0.01422 0.03318 0.09716 0.07583 0.02607 0.07109 0.09242 0.07820 0.02607 0.06161 0.01896 0.06398 0.04265 0.00948 0.03318 0.04502
Q7MAD3                         0.07820 0.06872 0.01896 0.05450 0.02133 0.03318 0.10190 0.09953 0.02607 0.03791 0.09953 0.06398 0.02607 0.05924 0.02133 0.05924 0.03555 0.00711 0.02607 0.06161
Q4HD79                         0.05213 0.04739 0.04265 0.06161 0.01896 0.02844 0.09716 0.08057 0.02133 0.05687 0.10664 0.08057 0.02370 0.05924 0.02133 0.05924 0.04739 0.00948 0.03318 0.05213
A8FKT2                         0.05924 0.05450 0.04028 0.06161 0.01422 0.02607 0.09716 0.07583 0.02844 0.05213 0.10190 0.07820 0.02607 0.06635 0.01896 0.07109 0.03318 0.00948 0.02844 0.05687
A7H4N3                         0.06161 0.05450 0.04265 0.05687 0.01422 0.02844 0.09716 0.07583 0.02844 0.05924 0.09953 0.07583 0.02370 0.06635 0.01896 0.07346 0.03555 0.00948 0.02844 0.04976
Q4HNP9                         0.06161 0.05213 0.03791 0.05213 0.01659 0.03791 0.09953 0.08294 0.02607 0.05924 0.11848 0.07820 0.02370 0.05924 0.02133 0.06398 0.03081 0.00948 0.03555 0.03318
B9L7F6                         0.05924 0.06161 0.03791 0.06872 0.00711 0.03318 0.09479 0.08531 0.02133 0.03791 0.08768 0.08531 0.03081 0.04976 0.02607 0.03791 0.06398 0.00948 0.03081 0.07109
P56452                         0.06872 0.04739 0.03555 0.05450 0.02133 0.03318 0.09479 0.08531 0.02844 0.03555 0.11137 0.06398 0.02607 0.07346 0.02607 0.06635 0.02844 0.00948 0.02370 0.06635
B7MYZ4                         0.09716 0.07109 0.03555 0.07583 0.01185 0.04265 0.07346 0.09716 0.02607 0.04976 0.08531 0.04265 0.02133 0.04265 0.02844 0.04028 0.04976 0.00474 0.02370 0.08057
B7LW32                         0.09716 0.07109 0.03555 0.07583 0.01185 0.04028 0.07346 0.09716 0.02607 0.04976 0.08531 0.04502 0.02133 0.04265 0.02844 0.04028 0.04976 0.00474 0.02370 0.08057
P00957                         0.09716 0.07109 0.03555 0.07583 0.01185 0.04265 0.07346 0.09716 0.02607 0.04976 0.08531 0.04265 0.02133 0.04265 0.02844 0.04028 0.04976 0.00474 0.02370 0.08057
B8HUZ9                         0.07820 0.06635 0.03081 0.07109 0.00948 0.05924 0.08057 0.08294 0.02133 0.07346 0.09242 0.03555 0.01896 0.04265 0.03081 0.05687 0.05450 0.00237 0.02844 0.06398
Q2JTG8                         0.09479 0.08531 0.01659 0.06161 0.00948 0.06398 0.09479 0.08768 0.01896 0.05213 0.09953 0.03081 0.01422 0.04976 0.04028 0.03791 0.03081 0.00237 0.02370 0.08531
Q7NI36                         0.07820 0.09005 0.02133 0.06398 0.00711 0.04739 0.08294 0.09716 0.01896 0.04976 0.10900 0.02844 0.02607 0.04028 0.03318 0.05213 0.04976 0.00237 0.02844 0.07346
Q2JLC4                         0.09005 0.07820 0.01896 0.05924 0.00948 0.06872 0.09005 0.09005 0.02370 0.06398 0.10900 0.02607 0.01659 0.04739 0.04028 0.03791 0.03791 0.00237 0.02370 0.06635
Q5N4B5                         0.12559 0.07820 0.02607 0.06161 0.00948 0.05213 0.08294 0.08768 0.02133 0.05450 0.10427 0.02370 0.01422 0.04028 0.02607 0.03555 0.04976 0.00237 0.02844 0.07583
Q31PW3                         0.12559 0.07820 0.02607 0.06161 0.00948 0.05213 0.08294 0.08768 0.02133 0.05450 0.10427 0.02370 0.01422 0.04028 0.02607 0.03318 0.05213 0.00237 0.02844 0.07583
B0JI84                         0.09005 0.06398 0.02844 0.06161 0.00948 0.04502 0.09242 0.08531 0.01896 0.07346 0.08531 0.04739 0.01659 0.04265 0.02133 0.04976 0.06398 0.00237 0.02844 0.07346
B1WYQ5                         0.07820 0.05924 0.04028 0.05924 0.00948 0.05450 0.10427 0.07820 0.01896 0.07346 0.08294 0.04502 0.01659 0.04739 0.02607 0.04265 0.06161 0.00237 0.02607 0.07346
B7K4L5                         0.08057 0.06161 0.03555 0.05213 0.00948 0.04739 0.10190 0.08294 0.02133 0.07583 0.07820 0.04502 0.01896 0.04265 0.03081 0.04502 0.06398 0.00237 0.02844 0.07583
C7QR61                         0.07820 0.06161 0.03555 0.05450 0.00948 0.04739 0.10190 0.08294 0.02133 0.07583 0.07820 0.04502 0.02133 0.04265 0.03081 0.04502 0.06161 0.00237 0.02844 0.07583
A0YQ44                         0.06161 0.06635 0.03081 0.06161 0.00948 0.04028 0.09953 0.08531 0.01896 0.08294 0.08768 0.04502 0.01896 0.04502 0.02844 0.05213 0.06161 0.00237 0.02607 0.07583
Q7V3N0                         0.05450 0.05213 0.04739 0.06161 0.00948 0.04028 0.07583 0.08531 0.01659 0.08294 0.10900 0.09005 0.01896 0.04739 0.01659 0.06398 0.03791 0.00237 0.02844 0.05924
A2BNH2                         0.04976 0.04976 0.06635 0.05213 0.00948 0.03318 0.08294 0.08294 0.02133 0.08531 0.10900 0.07820 0.01896 0.04976 0.01896 0.06161 0.04265 0.00237 0.02844 0.05687
A3IW40                         0.07109 0.05924 0.04265 0.05687 0.00948 0.05924 0.09953 0.07820 0.01896 0.08294 0.07820 0.05450 0.01659 0.05213 0.02607 0.04502 0.05450 0.00237 0.02370 0.06872
B7KIE8                         0.08768 0.05213 0.03081 0.06635 0.00948 0.05213 0.08768 0.07820 0.02370 0.06872 0.07820 0.05687 0.01659 0.04502 0.02844 0.04028 0.06398 0.00237 0.02844 0.08294
B5VWU3                         0.08294 0.06872 0.03318 0.07820 0.01185 0.04265 0.08057 0.08768 0.01896 0.07109 0.09005 0.03791 0.01422 0.04502 0.03318 0.03791 0.06635 0.00237 0.02844 0.06872
B1XP68                         0.08057 0.06161 0.04739 0.06872 0.01185 0.05213 0.09005 0.08057 0.02607 0.07109 0.07820 0.04265 0.01659 0.04976 0.02607 0.04265 0.05924 0.00237 0.02844 0.06398
A3PA95                         0.05450 0.04976 0.07109 0.05213 0.00948 0.03791 0.08057 0.08294 0.02133 0.08768 0.11137 0.07346 0.01896 0.04976 0.01659 0.05687 0.04265 0.00237 0.02607 0.05450
Q31DD9                         0.05450 0.04976 0.06872 0.05450 0.00948 0.03555 0.08294 0.08294 0.01896 0.08531 0.11137 0.07109 0.01896 0.04976 0.01659 0.05687 0.04502 0.00237 0.02844 0.05687
Q3MGN4                         0.07820 0.06635 0.04028 0.06635 0.00711 0.04976 0.09479 0.08294 0.01896 0.07820 0.07346 0.03791 0.01422 0.04502 0.02370 0.04976 0.05924 0.00237 0.02844 0.08294
Q10VG8                         0.08057 0.06872 0.04028 0.07109 0.00948 0.05450 0.07820 0.07583 0.02133 0.07109 0.09479 0.03555 0.02370 0.04265 0.02607 0.05450 0.05687 0.00237 0.02844 0.06398
Q8YUD4                         0.07820 0.06635 0.04028 0.06635 0.00711 0.05213 0.08768 0.09242 0.02133 0.07820 0.07346 0.03555 0.01422 0.04502 0.02370 0.04739 0.05924 0.00237 0.02607 0.08294
B4AYG0                         0.08057 0.05687 0.03081 0.06635 0.00948 0.05450 0.08531 0.07820 0.02133 0.08294 0.07583 0.05450 0.01659 0.04502 0.02844 0.04739 0.05450 0.00237 0.02844 0.08057
Q8DH56                         0.10427 0.07109 0.02844 0.05687 0.01185 0.06398 0.07583 0.08057 0.02844 0.06161 0.10190 0.02607 0.01659 0.03791 0.03318 0.04265 0.05687 0.00237 0.02844 0.07109
A8G242                         0.04739 0.05924 0.05924 0.05924 0.01185 0.03318 0.07820 0.08294 0.01659 0.08294 0.10190 0.08768 0.01659 0.05213 0.01422 0.07346 0.03791 0.00237 0.02370 0.05924
P74423                         0.08531 0.05924 0.03555 0.06398 0.00948 0.05450 0.08057 0.09242 0.01896 0.07109 0.09479 0.04028 0.01659 0.04739 0.02844 0.03791 0.06161 0.00237 0.02370 0.07583
B0CFX4                         0.09242 0.05687 0.02607 0.07346 0.00948 0.05213 0.08294 0.09005 0.01659 0.07346 0.08531 0.06398 0.01659 0.04028 0.02844 0.03791 0.05450 0.00237 0.03555 0.06161
A0ZM23                         0.08531 0.06635 0.04265 0.06161 0.00948 0.05924 0.09716 0.07820 0.01896 0.08294 0.07583 0.02844 0.01659 0.04739 0.02370 0.05213 0.05924 0.00237 0.02607 0.06635
B2J876                         0.07820 0.07346 0.03555 0.06398 0.00948 0.05687 0.09242 0.08531 0.01896 0.07583 0.08057 0.03318 0.01422 0.04502 0.02370 0.05687 0.05213 0.00237 0.02844 0.07346
A3YU59                         0.12559 0.07583 0.02607 0.04976 0.00948 0.04502 0.09242 0.09242 0.02607 0.05213 0.11848 0.01422 0.01896 0.03791 0.03318 0.03791 0.04976 0.00237 0.02607 0.06635
A2BTZ9                         0.04739 0.07109 0.05924 0.06398 0.01185 0.03555 0.08057 0.07820 0.01422 0.09716 0.11611 0.07109 0.01896 0.04502 0.01422 0.06635 0.04739 0.00237 0.02607 0.03318
A9B9E5                         0.05924 0.07583 0.04502 0.05687 0.01659 0.04739 0.09005 0.07583 0.01422 0.08294 0.11374 0.03555 0.01659 0.04502 0.03081 0.06161 0.04502 0.00237 0.03081 0.05450
Q7V419                         0.09716 0.07109 0.03791 0.06635 0.01896 0.05450 0.07820 0.09953 0.02133 0.04739 0.10427 0.02133 0.02370 0.04265 0.03081 0.03081 0.04502 0.00237 0.02844 0.07820
A2CDK7                         0.09953 0.07109 0.04028 0.06635 0.01896 0.05450 0.07583 0.09953 0.02133 0.04739 0.10427 0.02370 0.02370 0.04265 0.03081 0.02844 0.04265 0.00237 0.02844 0.07820
Q7VEG5                         0.07346 0.06635 0.03791 0.05924 0.01896 0.04976 0.08531 0.08057 0.01659 0.06872 0.10427 0.04502 0.02133 0.04502 0.02370 0.05687 0.04976 0.00237 0.02844 0.06635
Q061R8                         0.10664 0.06872 0.02607 0.06398 0.01659 0.06398 0.08294 0.09242 0.01659 0.05213 0.10427 0.02370 0.01659 0.04028 0.03555 0.04976 0.04028 0.00237 0.02370 0.07346
Q3AVV3                         0.10664 0.06872 0.02607 0.06398 0.01659 0.06398 0.08294 0.09242 0.01659 0.04976 0.10664 0.02607 0.01659 0.04028 0.03555 0.04976 0.04028 0.00237 0.02370 0.07109
Q0I6G6                         0.09716 0.06872 0.03318 0.06635 0.01185 0.06398 0.07820 0.10190 0.01896 0.04739 0.11374 0.01896 0.01422 0.04028 0.02844 0.04739 0.03791 0.00237 0.02607 0.08294
Q05VD2                         0.10900 0.06872 0.02607 0.06161 0.01185 0.05450 0.08057 0.10190 0.01896 0.04739 0.10900 0.02607 0.01896 0.03791 0.03318 0.03791 0.04502 0.00237 0.02844 0.08057
A5GWM4                         0.11611 0.06872 0.02607 0.05924 0.01422 0.05450 0.08294 0.09005 0.02133 0.04502 0.11374 0.02370 0.01659 0.03555 0.03318 0.05450 0.04265 0.00237 0.02844 0.07109
A4CXB1                         0.10427 0.07346 0.02607 0.06398 0.01185 0.06398 0.08057 0.09242 0.01896 0.04976 0.10190 0.02607 0.02133 0.04028 0.03318 0.05213 0.03791 0.00237 0.02133 0.07820
Q3AGN4                         0.11611 0.06872 0.02370 0.07109 0.01659 0.05213 0.08057 0.09479 0.01659 0.04739 0.10664 0.03081 0.01659 0.04028 0.03318 0.03318 0.04976 0.00237 0.02370 0.07583
A3Z3G5                         0.11137 0.07346 0.02607 0.06161 0.01185 0.05213 0.08057 0.09716 0.01659 0.04739 0.11137 0.02370 0.01896 0.03791 0.03318 0.04265 0.04502 0.00237 0.02844 0.07820
A5GPF9                         0.10664 0.07583 0.02607 0.06398 0.00948 0.06161 0.08531 0.09242 0.01896 0.04739 0.10190 0.02607 0.02133 0.04028 0.03318 0.04976 0.04028 0.00237 0.02133 0.07583
Q46I13                         0.06398 0.06161 0.05687 0.04265 0.01659 0.03791 0.08768 0.07109 0.02133 0.09005 0.10664 0.06398 0.02133 0.04502 0.02370 0.07346 0.04502 0.00237 0.02370 0.04502
Q7U3R9                         0.10900 0.07109 0.02844 0.07583 0.01422 0.05213 0.07109 0.09242 0.01896 0.04976 0.10190 0.02607 0.01659 0.04028 0.03555 0.04265 0.04739 0.00237 0.02370 0.08057
A2BZG2                         0.06398 0.06161 0.05450 0.04028 0.01659 0.03791 0.09479 0.07109 0.02133 0.08531 0.10664 0.06161 0.02370 0.04502 0.02370 0.07346 0.04502 0.00237 0.02370 0.04739
Q4BVF9                         0.06635 0.05687 0.04028 0.07109 0.01185 0.04502 0.09242 0.07583 0.02133 0.08057 0.08057 0.05687 0.01422 0.05213 0.02607 0.04976 0.06398 0.00474 0.02370 0.06635
B9YS73                         0.08057 0.06635 0.04502 0.05924 0.00948 0.04028 0.09716 0.07583 0.02133 0.07346 0.08057 0.04976 0.01896 0.04502 0.02370 0.05687 0.05213 0.00237 0.02844 0.07346

Homogeneity statistic: X2 = 2.93664 G = 2.91727 

Average                        0.08148 0.06431 0.03671 0.06223 0.01210 0.04626 0.08757 0.08629 0.02107 0.06384 0.09781 0.04838 0.01976 0.04728 0.02694 0.05064 0.04841 0.00390 0.02727 0.06774

# constant sites:     79 (18.72%)
ln Lmax (unconstrained) = -2411.011229

AA distances (raw proportions of different sites)

A8EWI6         
A6Q576           0.3555
D1B3L2           0.3602  0.3128
Q30PA9           0.3223  0.2962  0.2962
A6Q747           0.3673  0.3483  0.2891  0.3152
B9KCV5           0.3483  0.3246  0.3104  0.3081  0.3223
Q7MAD3           0.3720  0.3436  0.3365  0.3152  0.3531  0.3483
Q4HD79           0.3460  0.3152  0.3057  0.3128  0.3483  0.1706  0.3246
A8FKT2           0.3341  0.3057  0.3057  0.3057  0.3365  0.1588  0.3318  0.1185
A7H4N3           0.3483  0.3081  0.3081  0.3104  0.3412  0.1706  0.3341  0.1327  0.0237
Q4HNP9           0.3555  0.3009  0.3057  0.3175  0.3294  0.2062  0.3294  0.2180  0.2014  0.2038
B9L7F6           0.3602  0.2938  0.3009  0.3175  0.3152  0.3294  0.3578  0.3436  0.3436  0.3483  0.3365
P56452           0.4289  0.3791  0.3957  0.4028  0.3981  0.3863  0.3815  0.3768  0.3555  0.3649  0.3863  0.3981
B7MYZ4           0.5142  0.4882  0.4810  0.4810  0.4810  0.4882  0.4976  0.4976  0.4810  0.4882  0.4810  0.4526  0.5118
B7LW32           0.5142  0.4858  0.4810  0.4810  0.4810  0.4882  0.5000  0.4976  0.4810  0.4882  0.4787  0.4502  0.5118  0.0024
P00957           0.5142  0.4882  0.4810  0.4810  0.4810  0.4882  0.4976  0.4976  0.4810  0.4882  0.4810  0.4526  0.5118  0.0000  0.0024
B8HUZ9           0.5332  0.5569  0.5569  0.5521  0.5782  0.5806  0.5735  0.5640  0.5782  0.5806  0.5640  0.5521  0.5853  0.5379  0.5355  0.5379
Q2JTG8           0.5498  0.5474  0.5498  0.5379  0.5521  0.5687  0.5569  0.5521  0.5592  0.5640  0.5450  0.5308  0.5616  0.5024  0.5000  0.5024  0.2488
Q7NI36           0.5569  0.5450  0.5711  0.5521  0.5735  0.5616  0.5545  0.5711  0.5782  0.5853  0.5545  0.5450  0.5687  0.5284  0.5261  0.5284  0.3602  0.3507
Q2JLC4           0.5592  0.5498  0.5545  0.5545  0.5569  0.5735  0.5640  0.5592  0.5640  0.5687  0.5427  0.5498  0.5711  0.5118  0.5118  0.5118  0.2536  0.0877  0.3555
Q5N4B5           0.5355  0.5308  0.5450  0.5379  0.5284  0.5521  0.5521  0.5521  0.5569  0.5616  0.5403  0.5213  0.5687  0.4905  0.4905  0.4905  0.2536  0.2820  0.3744  0.2915
Q31PW3           0.5355  0.5308  0.5450  0.5379  0.5284  0.5521  0.5521  0.5521  0.5569  0.5616  0.5403  0.5213  0.5687  0.4929  0.4929  0.4929  0.2512  0.2796  0.3720  0.2891  0.0024
B0JI84           0.5592  0.5592  0.5664  0.5664  0.5735  0.5640  0.5569  0.5427  0.5687  0.5758  0.5545  0.5640  0.5687  0.5284  0.5261  0.5284  0.2630  0.2820  0.3910  0.3009  0.2630  0.2607
B1WYQ5           0.5569  0.5711  0.5735  0.5711  0.5664  0.5664  0.5829  0.5664  0.5687  0.5758  0.5735  0.5640  0.5829  0.5355  0.5332  0.5355  0.2441  0.3033  0.3886  0.3104  0.2678  0.2654  0.1991
B7K4L5           0.5569  0.5545  0.5711  0.5664  0.5640  0.5687  0.5640  0.5592  0.5758  0.5782  0.5592  0.5545  0.5735  0.5355  0.5332  0.5355  0.2441  0.2986  0.3649  0.3009  0.2559  0.2536  0.1896  0.1445
C7QR61           0.5569  0.5545  0.5711  0.5664  0.5640  0.5687  0.5640  0.5592  0.5758  0.5782  0.5592  0.5545  0.5735  0.5332  0.5308  0.5332  0.2441  0.2962  0.3673  0.2986  0.2559  0.2536  0.1896  0.1445  0.0071
A0YQ44           0.5664  0.5450  0.5640  0.5735  0.5735  0.5664  0.5758  0.5569  0.5711  0.5735  0.5664  0.5545  0.5664  0.5403  0.5403  0.5403  0.2536  0.2867  0.3839  0.2867  0.2559  0.2536  0.2109  0.2227  0.2156  0.2133
Q7V3N0           0.5664  0.5545  0.5877  0.5711  0.5735  0.5758  0.5853  0.5711  0.5758  0.5806  0.5711  0.5450  0.5877  0.5427  0.5427  0.5427  0.4336  0.4336  0.4455  0.4455  0.4123  0.4100  0.4313  0.4171  0.4171  0.4147  0.3839
A2BNH2           0.5664  0.5664  0.5948  0.5877  0.5877  0.5806  0.5948  0.5806  0.5782  0.5782  0.5735  0.5498  0.5877  0.5521  0.5521  0.5521  0.4336  0.4384  0.4313  0.4455  0.4052  0.4028  0.4171  0.4076  0.4076  0.4052  0.3791  0.1303
A3IW40           0.5616  0.5782  0.5806  0.5758  0.5664  0.5758  0.5782  0.5711  0.5853  0.5924  0.5829  0.5711  0.5924  0.5474  0.5450  0.5474  0.2773  0.3081  0.4028  0.3128  0.2844  0.2820  0.2156  0.0687  0.1564  0.1564  0.2393  0.4171  0.4052
B7KIE8           0.5569  0.5592  0.5664  0.5711  0.5735  0.5735  0.5782  0.5664  0.5711  0.5782  0.5782  0.5687  0.5877  0.5379  0.5355  0.5379  0.2630  0.2938  0.3791  0.3009  0.2701  0.2678  0.1919  0.1706  0.1706  0.1706  0.2346  0.4171  0.4076  0.1825
B5VWU3           0.5664  0.5569  0.5687  0.5592  0.5569  0.5545  0.5592  0.5592  0.5687  0.5735  0.5640  0.5427  0.5687  0.5284  0.5284  0.5284  0.2749  0.2773  0.3791  0.2915  0.2322  0.2299  0.2062  0.2251  0.1943  0.1991  0.1635  0.3815  0.3744  0.2370  0.2299
B1XP68           0.5806  0.5853  0.5900  0.5853  0.5900  0.5806  0.5877  0.5877  0.5900  0.5972  0.5877  0.5829  0.6019  0.5474  0.5474  0.5474  0.2725  0.2986  0.3957  0.2938  0.2796  0.2773  0.2180  0.1848  0.1825  0.1801  0.2275  0.4384  0.4289  0.1967  0.2014  0.2322
A3PA95           0.5664  0.5640  0.5948  0.5900  0.5853  0.5806  0.5948  0.5806  0.5782  0.5782  0.5735  0.5521  0.5924  0.5545  0.5545  0.5545  0.4336  0.4336  0.4336  0.4384  0.3981  0.3957  0.4147  0.4076  0.4076  0.4028  0.3697  0.1256  0.0261  0.4052  0.4028  0.3649  0.4194
Q31DD9           0.5664  0.5664  0.5972  0.5877  0.5877  0.5829  0.5924  0.5829  0.5806  0.5806  0.5735  0.5498  0.5900  0.5498  0.5498  0.5498  0.4313  0.4289  0.4265  0.4384  0.4005  0.3981  0.4171  0.4076  0.4076  0.4028  0.3744  0.1256  0.0261  0.4052  0.4076  0.3673  0.4242  0.0190
Q3MGN4           0.5616  0.5545  0.5616  0.5592  0.5592  0.5498  0.5853  0.5592  0.5664  0.5687  0.5664  0.5450  0.5829  0.5284  0.5284  0.5284  0.2725  0.3081  0.3957  0.3128  0.2725  0.2701  0.2322  0.2299  0.2156  0.2156  0.2393  0.4194  0.4123  0.2464  0.2227  0.2464  0.2299  0.4076  0.4100
Q10VG8           0.5782  0.5640  0.5853  0.5782  0.5806  0.5758  0.5877  0.5735  0.5758  0.5758  0.5592  0.5521  0.5829  0.5450  0.5450  0.5450  0.2749  0.3009  0.3910  0.3057  0.2559  0.2536  0.2417  0.2630  0.2417  0.2393  0.2062  0.4076  0.4052  0.2844  0.2559  0.2109  0.2536  0.4028  0.4028  0.2583
Q8YUD4           0.5758  0.5640  0.5782  0.5687  0.5687  0.5758  0.5972  0.5735  0.5829  0.5853  0.5900  0.5592  0.5972  0.5308  0.5308  0.5308  0.2583  0.3057  0.4005  0.3128  0.2654  0.2630  0.2370  0.2322  0.2133  0.2133  0.2346  0.4313  0.4265  0.2512  0.2204  0.2417  0.2251  0.4218  0.4242  0.0664  0.2536
B4AYG0           0.5664  0.5616  0.5758  0.5853  0.5758  0.5664  0.5758  0.5640  0.5711  0.5735  0.5735  0.5711  0.5853  0.5427  0.5403  0.5427  0.2583  0.3057  0.3697  0.3175  0.2773  0.2749  0.1943  0.1848  0.1825  0.1825  0.2299  0.3957  0.3839  0.2133  0.1161  0.2204  0.2038  0.3791  0.3839  0.2109  0.2417  0.2251
Q8DH56           0.5972  0.5735  0.5735  0.5735  0.5711  0.5758  0.5687  0.5806  0.5853  0.5900  0.5806  0.5616  0.5782  0.5261  0.5237  0.5261  0.2867  0.3081  0.3863  0.3128  0.3104  0.3081  0.3199  0.3246  0.3152  0.3175  0.3270  0.4455  0.4336  0.3389  0.3318  0.2986  0.3270  0.4384  0.4360  0.3531  0.3389  0.3507  0.3341
A8G242           0.5735  0.5687  0.5995  0.5806  0.5829  0.5853  0.5853  0.5758  0.5711  0.5687  0.5735  0.5664  0.5924  0.5498  0.5498  0.5498  0.4455  0.4573  0.4479  0.4573  0.4218  0.4194  0.4194  0.4100  0.4123  0.4076  0.3957  0.1754  0.1754  0.4171  0.4147  0.3957  0.4289  0.1706  0.1682  0.4171  0.4171  0.4289  0.3934  0.4479
P74423           0.5735  0.5616  0.5806  0.5616  0.5664  0.5829  0.5782  0.5735  0.5877  0.5853  0.5616  0.5592  0.5735  0.5284  0.5284  0.5284  0.2844  0.3246  0.3839  0.3246  0.2749  0.2725  0.2180  0.2322  0.2014  0.2038  0.2464  0.3934  0.3839  0.2346  0.2536  0.2417  0.2583  0.3839  0.3839  0.2701  0.2725  0.2630  0.2417  0.3436  0.4005
B0CFX4           0.5687  0.5758  0.5782  0.5664  0.5735  0.5664  0.5806  0.5711  0.5853  0.5900  0.5687  0.5569  0.5877  0.5379  0.5379  0.5379  0.2773  0.3033  0.3697  0.2962  0.2891  0.2867  0.2630  0.2393  0.2275  0.2299  0.2796  0.4360  0.4336  0.2630  0.2464  0.2678  0.2417  0.4289  0.4265  0.2583  0.2749  0.2441  0.2370  0.3223  0.4455  0.2749
A0ZM23           0.5735  0.5664  0.5616  0.5616  0.5592  0.5592  0.5711  0.5664  0.5853  0.5877  0.5735  0.5521  0.5877  0.5284  0.5261  0.5284  0.2630  0.3104  0.3981  0.3199  0.2915  0.2891  0.2370  0.2370  0.2133  0.2133  0.2393  0.4147  0.4076  0.2536  0.2251  0.2512  0.2346  0.4052  0.4052  0.1209  0.2701  0.1564  0.2156  0.3483  0.4194  0.2536  0.2749
B2J876           0.5735  0.5569  0.5616  0.5687  0.5640  0.5640  0.5853  0.5711  0.5782  0.5806  0.5616  0.5569  0.6019  0.5284  0.5261  0.5284  0.2393  0.2891  0.3815  0.2962  0.2536  0.2512  0.2322  0.2275  0.2109  0.2133  0.2275  0.4076  0.4005  0.2417  0.2299  0.2251  0.2370  0.3957  0.4005  0.1280  0.2488  0.1280  0.2227  0.3412  0.4123  0.2536  0.2678  0.1398
A3YU59           0.5592  0.5521  0.5640  0.5450  0.5545  0.5735  0.5355  0.5592  0.5664  0.5711  0.5498  0.5498  0.5758  0.5142  0.5166  0.5142  0.3412  0.3412  0.3886  0.3223  0.2986  0.2962  0.3318  0.3507  0.3175  0.3175  0.3270  0.4123  0.4123  0.3578  0.3555  0.3104  0.3555  0.4076  0.4100  0.3555  0.3128  0.3626  0.3531  0.3555  0.4194  0.3436  0.3483  0.3412  0.3460
A2BTZ9           0.5924  0.5735  0.5995  0.5900  0.5995  0.5924  0.5995  0.5782  0.5829  0.5782  0.5711  0.5735  0.5972  0.5806  0.5806  0.5806  0.4289  0.4621  0.4692  0.4526  0.4265  0.4242  0.4336  0.4218  0.4265  0.4265  0.3934  0.2559  0.2559  0.4242  0.4384  0.4076  0.4336  0.2512  0.2583  0.4360  0.4289  0.4455  0.4218  0.4668  0.2417  0.4171  0.4621  0.4289  0.4218  0.4242
A9B9E5           0.5829  0.5782  0.5758  0.5592  0.5616  0.5758  0.5616  0.5616  0.5735  0.5782  0.5687  0.5498  0.5735  0.5427  0.5427  0.5427  0.4005  0.3815  0.4289  0.3768  0.3720  0.3697  0.3626  0.3839  0.3863  0.3863  0.3555  0.4005  0.3910  0.3886  0.4076  0.3460  0.3934  0.3886  0.3910  0.3863  0.3602  0.3981  0.3886  0.3863  0.3839  0.3649  0.4028  0.3768  0.3910  0.3152  0.3910
Q7V419           0.5782  0.5640  0.5782  0.5569  0.5758  0.5853  0.5640  0.5664  0.5829  0.5877  0.5735  0.5332  0.5711  0.5427  0.5450  0.5427  0.3483  0.3412  0.3886  0.3318  0.3057  0.3033  0.3294  0.3460  0.3318  0.3341  0.3057  0.4076  0.4005  0.3483  0.3578  0.3033  0.3483  0.4028  0.4005  0.3436  0.3033  0.3460  0.3626  0.3886  0.4147  0.3436  0.3555  0.3531  0.3483  0.2109  0.4123  0.3057
A2CDK7           0.5782  0.5664  0.5758  0.5569  0.5782  0.5877  0.5687  0.5687  0.5853  0.5900  0.5735  0.5379  0.5735  0.5379  0.5403  0.5379  0.3483  0.3436  0.3910  0.3318  0.3057  0.3033  0.3294  0.3460  0.3318  0.3341  0.3057  0.4076  0.4005  0.3483  0.3578  0.3033  0.3483  0.4028  0.4005  0.3436  0.3033  0.3460  0.3602  0.3910  0.4147  0.3436  0.3555  0.3531  0.3483  0.2133  0.4123  0.3057  0.0095
Q7VEG5           0.5782  0.5545  0.5900  0.5664  0.5569  0.5758  0.5640  0.5687  0.5829  0.5877  0.5592  0.5403  0.5829  0.5521  0.5498  0.5521  0.3957  0.3934  0.4242  0.3981  0.3673  0.3649  0.3649  0.3744  0.3626  0.3626  0.3673  0.4100  0.3981  0.3649  0.3910  0.3507  0.3768  0.3981  0.3957  0.3768  0.3649  0.3815  0.3910  0.4123  0.4052  0.3768  0.4028  0.3768  0.3768  0.3199  0.4289  0.2796  0.3104  0.3081
Q061R8           0.5758  0.5640  0.5853  0.5687  0.5782  0.5853  0.5711  0.5877  0.6019  0.6019  0.5806  0.5521  0.5758  0.5213  0.5237  0.5213  0.3341  0.3199  0.3839  0.3152  0.2962  0.2938  0.3152  0.3436  0.3223  0.3223  0.3081  0.4100  0.3981  0.3555  0.3270  0.2962  0.3436  0.3981  0.3981  0.3365  0.3009  0.3436  0.3246  0.3602  0.4076  0.3294  0.3341  0.3365  0.3294  0.2156  0.4218  0.3033  0.1967  0.1943  0.3152
Q3AVV3           0.5758  0.5616  0.5829  0.5664  0.5758  0.5853  0.5687  0.5829  0.5995  0.5995  0.5782  0.5498  0.5758  0.5190  0.5213  0.5190  0.3341  0.3175  0.3815  0.3128  0.3009  0.2986  0.3175  0.3460  0.3246  0.3246  0.3104  0.4076  0.3957  0.3578  0.3294  0.2986  0.3460  0.3957  0.3957  0.3389  0.3033  0.3460  0.3270  0.3578  0.4028  0.3270  0.3365  0.3341  0.3318  0.2133  0.4194  0.2986  0.1967  0.1943  0.3152  0.0071
Q0I6G6           0.5711  0.5640  0.5735  0.5545  0.5758  0.5924  0.5616  0.5758  0.5829  0.5877  0.5664  0.5545  0.5711  0.5142  0.5166  0.5142  0.3436  0.3175  0.3863  0.3081  0.3081  0.3057  0.3081  0.3507  0.3294  0.3294  0.3104  0.4005  0.3910  0.3602  0.3436  0.3057  0.3483  0.3957  0.3910  0.3507  0.3128  0.3555  0.3483  0.3578  0.4028  0.3223  0.3507  0.3460  0.3460  0.2299  0.4076  0.2844  0.2180  0.2180  0.3294  0.1209  0.1185
Q05VD2           0.5664  0.5664  0.5640  0.5545  0.5640  0.5782  0.5569  0.5735  0.5853  0.5900  0.5592  0.5332  0.5664  0.5047  0.5071  0.5047  0.3460  0.3270  0.3910  0.3175  0.2938  0.2915  0.3199  0.3412  0.3223  0.3223  0.3033  0.3957  0.3957  0.3531  0.3555  0.2962  0.3318  0.3957  0.3886  0.3436  0.3081  0.3436  0.3555  0.3602  0.4147  0.3152  0.3412  0.3460  0.3483  0.1848  0.4100  0.2844  0.1682  0.1682  0.3033  0.1493  0.1445  0.1209
A5GWM4           0.5640  0.5521  0.5640  0.5427  0.5521  0.5616  0.5521  0.5687  0.5735  0.5782  0.5592  0.5403  0.5569  0.5213  0.5237  0.5213  0.3294  0.3152  0.3626  0.2986  0.2962  0.2938  0.3318  0.3365  0.3152  0.3152  0.3152  0.4123  0.4028  0.3507  0.3483  0.3128  0.3246  0.4005  0.4005  0.3412  0.3033  0.3460  0.3412  0.3578  0.4171  0.3365  0.3270  0.3341  0.3389  0.1517  0.4100  0.2891  0.1682  0.1706  0.3033  0.1564  0.1517  0.1730  0.1303
A4CXB1           0.5640  0.5498  0.5758  0.5592  0.5711  0.5829  0.5592  0.5735  0.5758  0.5806  0.5664  0.5474  0.5664  0.5118  0.5142  0.5118  0.3436  0.3152  0.4005  0.3199  0.3033  0.3009  0.3152  0.3507  0.3341  0.3341  0.3128  0.3934  0.3815  0.3555  0.3389  0.3009  0.3436  0.3839  0.3839  0.3412  0.3128  0.3460  0.3294  0.3602  0.4005  0.3341  0.3531  0.3412  0.3318  0.2085  0.4123  0.2773  0.1943  0.1967  0.3081  0.1445  0.1398  0.1374  0.1114  0.1517
Q3AGN4           0.5664  0.5427  0.5758  0.5521  0.5592  0.5735  0.5545  0.5687  0.5735  0.5782  0.5521  0.5332  0.5664  0.5118  0.5142  0.5118  0.3246  0.3057  0.3839  0.3057  0.2915  0.2891  0.3033  0.3365  0.3033  0.3033  0.3057  0.4005  0.3957  0.3412  0.3294  0.2773  0.3294  0.3957  0.3957  0.3294  0.2915  0.3341  0.3270  0.3436  0.4052  0.3128  0.3294  0.3341  0.3246  0.1919  0.4147  0.2962  0.1872  0.1896  0.3081  0.1043  0.0995  0.1280  0.1232  0.1422  0.1351
A3Z3G5           0.5711  0.5664  0.5782  0.5545  0.5616  0.5877  0.5569  0.5806  0.5900  0.5948  0.5640  0.5427  0.5735  0.5142  0.5166  0.5142  0.3412  0.3246  0.3815  0.3175  0.2915  0.2891  0.3223  0.3412  0.3223  0.3223  0.3081  0.4052  0.4028  0.3531  0.3507  0.2891  0.3270  0.4028  0.3981  0.3412  0.3009  0.3412  0.3460  0.3649  0.4171  0.3223  0.3389  0.3460  0.3389  0.1682  0.4076  0.2796  0.1540  0.1564  0.2867  0.1469  0.1422  0.1469  0.0735  0.1185  0.1114  0.1280
A5GPF9           0.5664  0.5521  0.5735  0.5640  0.5711  0.5829  0.5569  0.5758  0.5806  0.5853  0.5664  0.5498  0.5687  0.5118  0.5142  0.5118  0.3365  0.3128  0.3957  0.3175  0.2986  0.2962  0.3152  0.3483  0.3341  0.3341  0.3081  0.3981  0.3839  0.3531  0.3389  0.2962  0.3365  0.3839  0.3863  0.3412  0.3104  0.3412  0.3318  0.3602  0.4052  0.3365  0.3507  0.3389  0.3318  0.2038  0.4123  0.2773  0.1919  0.1943  0.3057  0.1493  0.1445  0.1422  0.1066  0.1540  0.0213  0.1351  0.1043
Q46I13           0.5853  0.5545  0.5758  0.5948  0.5829  0.5806  0.5853  0.5829  0.5853  0.5829  0.5853  0.5640  0.5782  0.5521  0.5521  0.5521  0.4028  0.4171  0.4360  0.4171  0.3791  0.3768  0.3768  0.3863  0.3957  0.3957  0.3649  0.3673  0.3460  0.3981  0.3910  0.3649  0.4028  0.3460  0.3507  0.4100  0.3863  0.4194  0.3934  0.4194  0.3791  0.4005  0.4052  0.4052  0.4076  0.3626  0.3531  0.3744  0.3507  0.3531  0.3697  0.3673  0.3673  0.3602  0.3507  0.3555  0.3602  0.3602  0.3531  0.3555
Q7U3R9           0.5782  0.5592  0.5806  0.5616  0.5687  0.5924  0.5687  0.5853  0.5853  0.5900  0.5711  0.5474  0.5782  0.5047  0.5071  0.5047  0.3294  0.3175  0.3957  0.3175  0.2986  0.2962  0.3104  0.3365  0.3152  0.3152  0.2986  0.3934  0.3886  0.3507  0.3389  0.2773  0.3270  0.3886  0.3863  0.3318  0.2938  0.3341  0.3365  0.3483  0.3934  0.3199  0.3341  0.3389  0.3341  0.2156  0.4076  0.2867  0.1872  0.1825  0.3152  0.1137  0.1090  0.1351  0.1374  0.1540  0.1493  0.0735  0.1422  0.1493  0.3555
A2BZG2           0.5829  0.5569  0.5735  0.5877  0.5853  0.5806  0.5853  0.5806  0.5853  0.5853  0.5877  0.5616  0.5758  0.5521  0.5521  0.5521  0.3981  0.4123  0.4336  0.4123  0.3791  0.3768  0.3791  0.3863  0.3957  0.3957  0.3626  0.3697  0.3483  0.3981  0.3886  0.3649  0.4028  0.3483  0.3531  0.4123  0.3863  0.4218  0.3957  0.4218  0.3791  0.4028  0.4100  0.4052  0.4100  0.3602  0.3555  0.3720  0.3460  0.3483  0.3649  0.3649  0.3649  0.3602  0.3483  0.3531  0.3626  0.3578  0.3507  0.3555  0.0190  0.3531
Q4BVF9           0.5782  0.5972  0.6090  0.5924  0.5782  0.5948  0.6043  0.5995  0.6066  0.6114  0.5995  0.6019  0.6209  0.5782  0.5758  0.5782  0.3009  0.3436  0.4408  0.3507  0.3175  0.3152  0.2417  0.1398  0.2038  0.2038  0.2607  0.4455  0.4408  0.1280  0.2346  0.2725  0.2275  0.4408  0.4408  0.2749  0.3057  0.2749  0.2441  0.3744  0.4384  0.2654  0.2938  0.2796  0.2701  0.3886  0.4502  0.4147  0.3744  0.3744  0.4005  0.3768  0.3791  0.3863  0.3744  0.3673  0.3744  0.3649  0.3720  0.3744  0.4265  0.3673  0.4289
B9YS73           0.5735  0.5687  0.5877  0.5687  0.5711  0.5687  0.5877  0.5735  0.5829  0.5829  0.5782  0.5450  0.5900  0.5308  0.5284  0.5308  0.2749  0.3199  0.3934  0.3389  0.2844  0.2820  0.2464  0.2417  0.2275  0.2299  0.2583  0.4147  0.4147  0.2512  0.2417  0.2488  0.2488  0.4123  0.4100  0.1351  0.2796  0.1540  0.2322  0.3531  0.4265  0.2725  0.2938  0.1611  0.1706  0.3602  0.4360  0.4005  0.3483  0.3483  0.3839  0.3626  0.3649  0.3697  0.3531  0.3531  0.3578  0.3365  0.3460  0.3578  0.3910  0.3412  0.3934  0.2844


TREE #  1:  (9, 10, (8, (6, (11, (((4, 3), ((1, 5), (2, (12, ((15, (16, 14)), (19, ((18, 20), ((17, 40), (43, (((21, 22), (((49, 50), ((59, ((54, ((52, 53), (58, 62))), (55, (57, 60)))), (46, 56))), ((48, 51), ((61, 63), (47, (28, (41, (34, (35, 29))))))))), (((45, (44, (65, (36, 38)))), (37, (27, 32))), (42, (23, ((31, 39), (33, ((25, 26), (64, (30, 24)))))))))))))))))), (7, 13))))));   MP score: 3650
lnL(ntime: 63  np: 64): -20055.780847      +0.000000
  66..9    66..10   66..67   67..8    67..68   68..6    68..69   69..11   69..70   70..71   71..72   72..4    72..3    71..73   73..74   74..1    74..5    73..75   75..2    75..76   76..12   76..77   77..78   78..15   78..79   79..16   79..14   77..80   80..19   80..81   81..82   82..18   82..20   81..83   83..84   84..17   84..40   83..85   85..43   85..86   86..87   87..88   88..21   88..22   87..89   89..90   90..91   91..49   91..50   90..92   92..93   93..59   93..94   94..95   95..54   95..96   96..97   97..52   97..53   96..98   98..58   98..62   94..99   99..55   99..100 100..57  100..60   92..101 101..46  101..56   89..102 102..103 103..48  103..51  102..104 104..105 105..61  105..63  104..106 106..47  106..107 107..28  107..108 108..41  108..109 109..34  109..110 110..35  110..29   86..111 111..112 112..113 113..45  113..114 114..44  114..115 115..65  115..116 116..36  116..38  112..117 117..37  117..118 118..27  118..32  111..119 119..42  119..120 120..23  120..121 121..122 122..31  122..39  121..123 123..33  123..124 124..125 125..25  125..26  124..126 126..64  126..127 127..30  127..24   70..128 128..7   128..13 
 0.556390 0.556389 0.556389 0.550568 0.519880 0.506453 0.395866 0.504861 0.430413 0.504459 0.495908 0.442401 0.001198 0.000000 0.355982 0.337331 0.057437 0.326873 0.252339 0.325059 0.319659 0.315433 0.001380 0.282257 0.159831 0.005399 0.143688 0.103999 0.098928 0.077032 0.060656 0.003663 0.039110 0.087529 0.012495 0.111460 0.270361 0.198432 0.229231 0.008640 0.137080 0.087655 0.085124 0.013861 0.012558 0.240522 0.239137 0.119601 0.100751 0.087036 0.039347 0.182232 0.131384 0.210688 0.183065 0.164220 0.073848 0.150787 0.132990 0.004345 0.077541 0.041658 0.417518 0.591006

tree length =  14.25111

(9: 0.556390, 10: 0.556390, (8: 0.556389, (6: 0.556389, (11: 0.550568, (((4: 0.395866, 3: 0.395866): 0.110587, ((1: 0.430413, 5: 0.430413): 0.074448, (2: 0.504459, (12: 0.495908, ((15: 0.001198, (16: 0.000000, 14: 0.000000): 0.001198): 0.441203, (19: 0.355982, ((18: 0.057437, 20: 0.057437): 0.279894, ((17: 0.252339, 40: 0.252339): 0.074535, (43: 0.325059, (((21: 0.001380, 22: 0.001380): 0.314052, (((49: 0.005399, 50: 0.005399): 0.154432, ((59: 0.103999, ((54: 0.077032, ((52: 0.003663, 53: 0.003663): 0.056993, (58: 0.039110, 62: 0.039110): 0.021546): 0.016376): 0.021896, (55: 0.087529, (57: 0.012495, 60: 0.012495): 0.075034): 0.011399): 0.005071): 0.039688, (46: 0.111460, 56: 0.111460): 0.032228): 0.016143): 0.122426, ((48: 0.198432, 51: 0.198432): 0.071929, ((61: 0.008640, 63: 0.008640): 0.220591, (47: 0.137080, (28: 0.087655, (41: 0.085124, (34: 0.013861, (35: 0.012558, 29: 0.012558): 0.001303): 0.071264): 0.002530): 0.049426): 0.092151): 0.041130): 0.011896): 0.033176): 0.004226, (((45: 0.119601, (44: 0.100751, (65: 0.087036, (36: 0.039347, 38: 0.039347): 0.047689): 0.013715): 0.018850): 0.119536, (37: 0.182232, (27: 0.131384, 32: 0.131384): 0.050848): 0.056906): 0.001385, (42: 0.210688, (23: 0.183065, ((31: 0.073848, 39: 0.073848): 0.090372, (33: 0.150787, ((25: 0.004345, 26: 0.004345): 0.128645, (64: 0.077541, (30: 0.041658, 24: 0.041658): 0.035883): 0.055449): 0.017797): 0.013433): 0.018845): 0.027623): 0.029834): 0.079136): 0.005400): 0.001814): 0.010457): 0.018651): 0.086420): 0.053506): 0.008551): 0.000402): 0.001592): 0.013427, (7: 0.417518, 13: 0.417518): 0.102362): 0.030688): 0.005821): 0.000001): 0.000001);

(A8FKT2: 0.556390, A7H4N3: 0.556390, (Q4HD79: 0.556389, (B9KCV5: 0.556389, (Q4HNP9: 0.550568, (((Q30PA9: 0.395866, D1B3L2: 0.395866): 0.110587, ((A8EWI6: 0.430413, A6Q747: 0.430413): 0.074448, (A6Q576: 0.504459, (B9L7F6: 0.495908, ((B7LW32: 0.001198, (P00957: 0.000000, B7MYZ4: 0.000000): 0.001198): 0.441203, (Q7NI36: 0.355982, ((Q2JTG8: 0.057437, Q2JLC4: 0.057437): 0.279894, ((B8HUZ9: 0.252339, Q8DH56: 0.252339): 0.074535, (B0CFX4: 0.325059, (((Q5N4B5: 0.001380, Q31PW3: 0.001380): 0.314052, (((Q7V419: 0.005399, A2CDK7: 0.005399): 0.154432, ((A3Z3G5: 0.103999, ((Q0I6G6: 0.077032, ((Q061R8: 0.003663, Q3AVV3: 0.003663): 0.056993, (Q3AGN4: 0.039110, Q7U3R9: 0.039110): 0.021546): 0.016376): 0.021896, (Q05VD2: 0.087529, (A4CXB1: 0.012495, A5GPF9: 0.012495): 0.075034): 0.011399): 0.005071): 0.039688, (A3YU59: 0.111460, A5GWM4: 0.111460): 0.032228): 0.016143): 0.122426, ((A9B9E5: 0.198432, Q7VEG5: 0.198432): 0.071929, ((Q46I13: 0.008640, A2BZG2: 0.008640): 0.220591, (A2BTZ9: 0.137080, (Q7V3N0: 0.087655, (A8G242: 0.085124, (A3PA95: 0.013861, (Q31DD9: 0.012558, A2BNH2: 0.012558): 0.001303): 0.071264): 0.002530): 0.049426): 0.092151): 0.041130): 0.011896): 0.033176): 0.004226, (((B2J876: 0.119601, (A0ZM23: 0.100751, (B9YS73: 0.087036, (Q3MGN4: 0.039347, Q8YUD4: 0.039347): 0.047689): 0.013715): 0.018850): 0.119536, (Q10VG8: 0.182232, (A0YQ44: 0.131384, B5VWU3: 0.131384): 0.050848): 0.056906): 0.001385, (P74423: 0.210688, (B0JI84: 0.183065, ((B7KIE8: 0.073848, B4AYG0: 0.073848): 0.090372, (B1XP68: 0.150787, ((B7K4L5: 0.004345, C7QR61: 0.004345): 0.128645, (Q4BVF9: 0.077541, (A3IW40: 0.041658, B1WYQ5: 0.041658): 0.035883): 0.055449): 0.017797): 0.013433): 0.018845): 0.027623): 0.029834): 0.079136): 0.005400): 0.001814): 0.010457): 0.018651): 0.086420): 0.053506): 0.008551): 0.000402): 0.001592): 0.013427, (Q7MAD3: 0.417518, P56452: 0.417518): 0.102362): 0.030688): 0.005821): 0.000001): 0.000001);

(9_A8FKT2, 10_A7H4N3, (8_Q4HD79, (6_B9KCV5, (11_Q4HNP9, (((4_Q30PA9, 3_D1B3L2) 72 , ((1_A8EWI6, 5_A6Q747) 74 , (2_A6Q576, (12_B9L7F6, ((15_B7LW32, (16_P00957, 14_B7MYZ4) 79 ) 78 , (19_Q7NI36, ((18_Q2JTG8, 20_Q2JLC4) 82 , ((17_B8HUZ9, 40_Q8DH56) 84 , (43_B0CFX4, (((21_Q5N4B5, 22_Q31PW3) 88 , (((49_Q7V419, 50_A2CDK7) 91 , ((59_A3Z3G5, ((54_Q0I6G6, ((52_Q061R8, 53_Q3AVV3) 97 , (58_Q3AGN4, 62_Q7U3R9) 98 ) 96 ) 95 , (55_Q05VD2, (57_A4CXB1, 60_A5GPF9) 100 ) 99 ) 94 ) 93 , (46_A3YU59, 56_A5GWM4) 101 ) 92 ) 90 , ((48_A9B9E5, 51_Q7VEG5) 103 , ((61_Q46I13, 63_A2BZG2) 105 , (47_A2BTZ9, (28_Q7V3N0, (41_A8G242, (34_A3PA95, (35_Q31DD9, 29_A2BNH2) 110 ) 109 ) 108 ) 107 ) 106 ) 104 ) 102 ) 89 ) 87 , (((45_B2J876, (44_A0ZM23, (65_B9YS73, (36_Q3MGN4, 38_Q8YUD4) 116 ) 115 ) 114 ) 113 , (37_Q10VG8, (27_A0YQ44, 32_B5VWU3) 118 ) 117 ) 112 , (42_P74423, (23_B0JI84, ((31_B7KIE8, 39_B4AYG0) 122 , (33_B1XP68, ((25_B7K4L5, 26_C7QR61) 125 , (64_Q4BVF9, (30_A3IW40, 24_B1WYQ5) 127 ) 126 ) 124 ) 123 ) 121 ) 120 ) 119 ) 111 ) 86 ) 85 ) 83 ) 81 ) 80 ) 77 ) 76 ) 75 ) 73 ) 71 , (7_Q7MAD3, 13_P56452) 128 ) 70 ) 69 ) 68 ) 67 ) 66 ;

Detailed output identifying parameters

alpha (gamma, K = 4) =  0.59101
rate:   0.05126  0.30724  0.87666  2.76485
freq:   0.25000  0.25000  0.25000  0.25000

Time used: 11:00
