AAML (in paml version 4.6, August 2012)  253.aa
Model: Empirical for branches,  (../../../bin/LG.dat) dGamma (ncatG=4) ns =  65  ls = 373


Frequencies..
                                    A      R      N      D      C      Q      E      G      H      I      L      K      M      F      P      S      T      W      Y      V
A8ES65                         0.05630 0.02413 0.06702 0.05898 0.00804 0.02413 0.06434 0.05094 0.02145 0.10724 0.07775 0.09651 0.02413 0.05362 0.01609 0.07775 0.07507 0.00000 0.03217 0.06434
Q30TR8                         0.06434 0.04558 0.06166 0.06166 0.00536 0.04558 0.07775 0.05898 0.01609 0.08043 0.08043 0.06971 0.01609 0.05362 0.02145 0.05362 0.06971 0.00000 0.03485 0.08311
D1B4D3                         0.07507 0.03753 0.04558 0.06971 0.01340 0.03485 0.07239 0.06971 0.02949 0.07507 0.08043 0.06702 0.02413 0.05094 0.02413 0.05362 0.05630 0.00268 0.03217 0.08579
Q7M8F9                         0.07239 0.06166 0.02949 0.06166 0.01072 0.02949 0.09383 0.06971 0.02681 0.07239 0.09920 0.05898 0.01877 0.04826 0.03753 0.07507 0.04558 0.00000 0.02949 0.05898
A6QCL6                         0.07507 0.04826 0.04290 0.07239 0.00268 0.01877 0.08579 0.06166 0.03217 0.05362 0.09651 0.06166 0.04290 0.03753 0.03217 0.04558 0.07239 0.00000 0.03753 0.08043
A6Q1K8                         0.07239 0.02949 0.03753 0.07239 0.00536 0.05362 0.06702 0.05630 0.02413 0.09651 0.07507 0.06971 0.02681 0.04558 0.02949 0.05094 0.08579 0.00000 0.04290 0.05898
A7H5Y8                         0.06702 0.01877 0.04826 0.06434 0.02145 0.03485 0.08043 0.06434 0.01877 0.09383 0.09651 0.10456 0.01072 0.06434 0.02413 0.03485 0.07507 0.00000 0.02145 0.05630
A8FNV3                         0.06702 0.01877 0.04558 0.06434 0.02145 0.03485 0.07775 0.06702 0.01877 0.09383 0.09651 0.10188 0.01072 0.06434 0.02413 0.03753 0.07507 0.00000 0.02145 0.05898
B9KEJ3                         0.06166 0.02145 0.06702 0.05898 0.02413 0.02145 0.07775 0.06166 0.01609 0.09383 0.08579 0.10992 0.01609 0.06702 0.02413 0.05362 0.05630 0.00000 0.02949 0.05362
Q4HF92                         0.07239 0.01877 0.06434 0.07239 0.02145 0.02949 0.06434 0.06702 0.01877 0.09383 0.09920 0.10188 0.01340 0.06434 0.02681 0.04558 0.06166 0.00000 0.01877 0.04558
Q4HQ29                         0.07507 0.02145 0.05630 0.06166 0.02145 0.02413 0.07775 0.06971 0.01877 0.08043 0.09115 0.09651 0.01340 0.06971 0.01877 0.05898 0.05630 0.00000 0.03217 0.05630
O26027                         0.05898 0.03217 0.05898 0.06434 0.00268 0.02681 0.06971 0.05630 0.03217 0.08847 0.12332 0.09383 0.01340 0.05094 0.01877 0.05630 0.06166 0.00000 0.03485 0.05630
B9L6T3                         0.04826 0.02681 0.04558 0.06434 0.01072 0.02145 0.08311 0.06702 0.01609 0.09115 0.07507 0.12601 0.02145 0.05094 0.02681 0.05630 0.07239 0.00000 0.04290 0.05362
Q46LZ6                         0.08311 0.04558 0.05094 0.06702 0.01609 0.03217 0.05630 0.07775 0.02145 0.08847 0.10188 0.06971 0.01609 0.04290 0.02681 0.06971 0.04826 0.00804 0.02681 0.05094
A2C0L8                         0.08043 0.04290 0.04826 0.06971 0.01609 0.03485 0.05094 0.07775 0.01877 0.09383 0.09920 0.07239 0.01609 0.04558 0.02949 0.06971 0.05094 0.00804 0.02949 0.04558
Q31N55                         0.12601 0.05362 0.02413 0.07507 0.01877 0.04558 0.04021 0.08579 0.02413 0.04826 0.10456 0.02145 0.01609 0.04021 0.05094 0.02949 0.08847 0.00804 0.02145 0.07775
B1XLH6                         0.10724 0.04021 0.04021 0.06702 0.01340 0.05362 0.05362 0.08579 0.02681 0.04558 0.10456 0.04826 0.02413 0.04021 0.04021 0.03485 0.06702 0.01072 0.02681 0.06971
Q5MZ60                         0.12601 0.05362 0.02413 0.07507 0.01877 0.04558 0.04021 0.08579 0.02413 0.04826 0.10456 0.02145 0.01609 0.04021 0.05094 0.02949 0.08847 0.00804 0.02145 0.07775
A2BV72                         0.06166 0.02681 0.04826 0.07239 0.01072 0.02681 0.06166 0.06434 0.01877 0.09920 0.11796 0.09115 0.01609 0.06702 0.02949 0.06434 0.05094 0.00268 0.02681 0.04290
B8HUW1                         0.10188 0.04558 0.02949 0.05898 0.01340 0.06971 0.03753 0.08847 0.02413 0.04558 0.10456 0.02681 0.01609 0.04021 0.04290 0.05362 0.09115 0.01072 0.02413 0.07507
Q8DJI4                         0.11528 0.06166 0.03217 0.07239 0.01609 0.03753 0.05630 0.08847 0.02949 0.03753 0.10992 0.02681 0.02145 0.03485 0.04558 0.04290 0.06166 0.01340 0.02413 0.07239
Q7V2Q8                         0.05898 0.03485 0.05094 0.06702 0.00804 0.03485 0.06434 0.06434 0.02145 0.09383 0.10992 0.08579 0.01609 0.06971 0.02949 0.06434 0.05362 0.00268 0.02413 0.04558
A2BPP0                         0.05630 0.03485 0.05362 0.06434 0.00804 0.03485 0.06166 0.06166 0.01877 0.09920 0.11796 0.09115 0.01609 0.06971 0.03217 0.05630 0.05630 0.00268 0.02145 0.04290
Q31CC6                         0.05898 0.03485 0.04826 0.06434 0.00804 0.03217 0.06434 0.06166 0.01877 0.09383 0.12064 0.09651 0.01609 0.06702 0.02949 0.05898 0.05362 0.00268 0.02413 0.04558
A8G3C4                         0.05898 0.03485 0.04826 0.06434 0.00804 0.03217 0.06434 0.06166 0.01877 0.09651 0.11528 0.09651 0.01609 0.06971 0.02949 0.06434 0.05362 0.00268 0.02145 0.04290
B0C6L4                         0.11796 0.03485 0.02145 0.06702 0.01340 0.07775 0.04290 0.07775 0.02413 0.05898 0.10456 0.02949 0.01877 0.04021 0.04290 0.04558 0.07507 0.01072 0.02681 0.06971
B9YRI0                         0.10992 0.05362 0.02949 0.08311 0.01609 0.03753 0.04558 0.08311 0.02413 0.05898 0.10992 0.03485 0.01877 0.04290 0.04021 0.04290 0.06434 0.00804 0.02413 0.07239
Q55469                         0.11260 0.04021 0.03217 0.06702 0.01340 0.05898 0.04290 0.08579 0.02949 0.04826 0.11528 0.03217 0.01877 0.04290 0.04558 0.04290 0.07507 0.00804 0.02949 0.05898
B7K357                         0.09115 0.03485 0.02681 0.07239 0.01609 0.08579 0.03485 0.07775 0.02949 0.05630 0.10456 0.03217 0.02413 0.04290 0.04021 0.05630 0.07239 0.00804 0.02681 0.06702
C7QU02                         0.09115 0.03485 0.02681 0.06971 0.01609 0.08579 0.03485 0.07775 0.03217 0.05630 0.10188 0.03217 0.02413 0.04290 0.04021 0.05630 0.07239 0.00804 0.02681 0.06971
Q2JQV0                         0.13137 0.06702 0.02681 0.05898 0.01340 0.04826 0.05362 0.09115 0.03217 0.04558 0.12332 0.01877 0.01340 0.02681 0.05362 0.02949 0.05362 0.02413 0.01609 0.07239
Q7NFN2                         0.10724 0.06434 0.02145 0.07239 0.01340 0.05630 0.05362 0.09651 0.02145 0.05094 0.10456 0.02681 0.01340 0.03753 0.04826 0.04021 0.07239 0.00804 0.02413 0.06702
A0ZID3                         0.10992 0.04558 0.03217 0.06702 0.01609 0.04021 0.05630 0.08311 0.02949 0.04826 0.11796 0.04021 0.02145 0.03753 0.04021 0.04290 0.06434 0.01072 0.02145 0.07507
Q2JM37                         0.13137 0.06702 0.02681 0.05630 0.01072 0.05630 0.04290 0.09115 0.03217 0.05362 0.11260 0.01609 0.01340 0.02949 0.04558 0.04558 0.05094 0.02413 0.01877 0.07507
A3PBD0                         0.05630 0.03485 0.05094 0.06166 0.00804 0.02949 0.06434 0.06702 0.01877 0.09651 0.10992 0.09651 0.01609 0.07239 0.02949 0.06434 0.05362 0.00268 0.02145 0.04558
Q7VDG4                         0.09115 0.04558 0.03217 0.05898 0.01609 0.04826 0.04826 0.08847 0.03217 0.08311 0.12064 0.04021 0.02145 0.04826 0.03217 0.06702 0.05094 0.00804 0.01609 0.05094
Q3ME15                         0.10456 0.04290 0.02681 0.07507 0.01340 0.03753 0.04826 0.08847 0.02949 0.05630 0.10992 0.04021 0.02145 0.04290 0.04558 0.05094 0.06702 0.01072 0.02145 0.06702
Q8YWF0                         0.10456 0.04558 0.03217 0.06971 0.01340 0.03485 0.04826 0.08847 0.02949 0.05630 0.10992 0.04021 0.02145 0.04290 0.04558 0.04826 0.06702 0.01072 0.02145 0.06971
A0YNF7                         0.11260 0.04558 0.02681 0.07239 0.01877 0.04558 0.05362 0.08043 0.02681 0.05362 0.11796 0.04021 0.02145 0.03217 0.04021 0.04021 0.06702 0.01072 0.02949 0.06434
B2J9M0                         0.11796 0.05362 0.03217 0.07507 0.01340 0.04290 0.05094 0.08311 0.02949 0.05094 0.10992 0.02949 0.02145 0.03753 0.03485 0.04021 0.06434 0.01072 0.02145 0.08043
Q3ALH4                         0.13405 0.06971 0.02681 0.06166 0.01609 0.04290 0.05362 0.10456 0.02681 0.03753 0.12332 0.01340 0.01877 0.03485 0.03753 0.05362 0.05630 0.00804 0.01072 0.06971
B4B2B1                         0.11528 0.04290 0.02413 0.06166 0.01340 0.05362 0.05094 0.07239 0.02413 0.06166 0.09651 0.04826 0.02145 0.04021 0.03753 0.05094 0.06702 0.00804 0.03485 0.07507
Q3AWW8                         0.13405 0.07239 0.02413 0.06166 0.01340 0.05094 0.05362 0.09115 0.02681 0.02681 0.12869 0.01877 0.01877 0.03753 0.03217 0.05094 0.05898 0.00804 0.01340 0.07775
B7KLL9                         0.10188 0.04021 0.03753 0.06702 0.01072 0.04558 0.05094 0.07507 0.02681 0.06434 0.09383 0.04826 0.02413 0.04021 0.03753 0.05094 0.07239 0.00804 0.03217 0.07239
B1WRX5                         0.08579 0.03753 0.03485 0.06702 0.01609 0.05898 0.04826 0.07507 0.02949 0.05898 0.09651 0.04290 0.02145 0.04558 0.04558 0.05094 0.08311 0.00804 0.02413 0.06971
Q10X66                         0.09115 0.04826 0.02949 0.08043 0.01072 0.04021 0.04826 0.08311 0.02413 0.05094 0.10456 0.04558 0.03485 0.03485 0.02949 0.06971 0.07239 0.01340 0.02949 0.05898
B5VW05                         0.10456 0.04826 0.02949 0.09115 0.01340 0.03485 0.03217 0.09383 0.02949 0.05094 0.11528 0.02949 0.01877 0.04021 0.04826 0.05630 0.06702 0.01072 0.02145 0.06434
A3IRE8                         0.08579 0.03753 0.02949 0.06702 0.01340 0.05630 0.05362 0.06971 0.02949 0.05898 0.09115 0.04826 0.02413 0.04826 0.04021 0.07239 0.07507 0.00804 0.02413 0.06702
Q4C3S7                         0.08311 0.04558 0.04021 0.06434 0.01609 0.05362 0.05362 0.06971 0.02681 0.05630 0.09651 0.04558 0.02145 0.04558 0.04290 0.04558 0.07775 0.00804 0.02681 0.08043
A5GRL8                         0.13405 0.05630 0.02681 0.07507 0.02413 0.05094 0.03753 0.09651 0.02949 0.03485 0.10724 0.02413 0.01877 0.03753 0.04290 0.05898 0.05094 0.00804 0.01340 0.07239
A3Z0G2                         0.14209 0.07239 0.02145 0.05898 0.01877 0.04290 0.04290 0.09651 0.02949 0.03485 0.12869 0.01877 0.01609 0.03217 0.04021 0.05094 0.05898 0.00804 0.01072 0.07507
A9BE32                         0.08847 0.03485 0.03753 0.05630 0.01877 0.03217 0.05362 0.08311 0.02413 0.08043 0.10992 0.06434 0.02681 0.04558 0.02949 0.07775 0.05630 0.00536 0.02413 0.05094
Q05SC6                         0.13137 0.06166 0.02413 0.06971 0.02413 0.04826 0.04558 0.09115 0.02681 0.03753 0.10992 0.01877 0.02145 0.03485 0.03217 0.04558 0.06702 0.00804 0.01072 0.09115
P22188                         0.13137 0.04826 0.03217 0.06434 0.01609 0.03217 0.06434 0.09383 0.03217 0.03753 0.11260 0.03485 0.02949 0.02145 0.02681 0.03485 0.05630 0.01072 0.02145 0.09920
Q0ICH2                         0.11528 0.05630 0.02413 0.05898 0.02145 0.04290 0.04558 0.10188 0.03753 0.04290 0.11796 0.02413 0.01877 0.03217 0.03753 0.06166 0.06434 0.00804 0.01340 0.07507
A2CBI8                         0.13405 0.06434 0.02681 0.05362 0.01877 0.04826 0.05362 0.09115 0.02413 0.02949 0.12064 0.01877 0.01877 0.03485 0.03753 0.04826 0.06166 0.01072 0.01340 0.09115
B7LWE8                         0.13137 0.04826 0.03217 0.06702 0.01609 0.03217 0.06166 0.09383 0.03217 0.03485 0.11260 0.03485 0.02949 0.02145 0.02681 0.03485 0.05898 0.01072 0.02145 0.09920
Q060K4                         0.13673 0.07507 0.02145 0.06702 0.01340 0.04021 0.05094 0.09115 0.02681 0.03217 0.13137 0.02145 0.01877 0.03485 0.03217 0.04826 0.06166 0.00804 0.01340 0.07507
B7MNU4                         0.13405 0.05094 0.03217 0.06702 0.01609 0.03217 0.05898 0.09383 0.02949 0.03485 0.11260 0.03485 0.02949 0.02145 0.02681 0.03485 0.05898 0.01072 0.02145 0.09920
B0JYD6                         0.11528 0.04826 0.02681 0.06971 0.01609 0.04826 0.04558 0.08043 0.02413 0.07507 0.09651 0.03485 0.01340 0.04021 0.04021 0.04826 0.07775 0.00536 0.02681 0.06702
Q7U5L3                         0.13941 0.08043 0.02145 0.05630 0.01340 0.04290 0.05094 0.09920 0.02413 0.03217 0.11796 0.01340 0.02145 0.02949 0.03485 0.05362 0.06434 0.00804 0.01609 0.08043
Q7V8U6                         0.13405 0.06166 0.02681 0.05362 0.02413 0.05094 0.05362 0.08579 0.02413 0.02949 0.11260 0.02413 0.02145 0.03753 0.03753 0.04826 0.05898 0.01072 0.01340 0.09115
A5GJA5                         0.13673 0.06702 0.02145 0.06434 0.02413 0.05094 0.05094 0.09383 0.03485 0.03217 0.12332 0.01877 0.01877 0.03217 0.04290 0.03753 0.05630 0.00804 0.01340 0.07239
A3ZA17                         0.13137 0.07239 0.01877 0.05094 0.02413 0.04558 0.05630 0.09651 0.02681 0.02949 0.11528 0.02413 0.02413 0.03485 0.04290 0.04558 0.06166 0.00804 0.01072 0.08043
A4CWI0                         0.09920 0.06971 0.03217 0.06166 0.01877 0.03485 0.04826 0.09651 0.03753 0.04290 0.12601 0.02145 0.02145 0.03485 0.04290 0.06702 0.06166 0.00804 0.01340 0.06166

Homogeneity statistic: X2 = 5.17886 G = 5.17160 

Average                        0.09940 0.04669 0.03564 0.06628 0.01489 0.04273 0.05585 0.08006 0.02590 0.06141 0.10711 0.04966 0.02000 0.04401 0.03555 0.05152 0.06467 0.00714 0.02343 0.06806

# constant sites:     60 (16.09%)
ln Lmax (unconstrained) = -2113.832158

AA distances (raw proportions of different sites)

A8ES65         
Q30TR8           0.4531
D1B4D3           0.4558  0.3834
Q7M8F9           0.5013  0.4558  0.4397
A6QCL6           0.5040  0.4584  0.4343  0.4906
A6Q1K8           0.5013  0.5013  0.4638  0.4745  0.4745
A7H5Y8           0.4960  0.4477  0.4182  0.5147  0.5040  0.5040
A8FNV3           0.4960  0.4450  0.4182  0.5174  0.5094  0.5040  0.0188
B9KEJ3           0.5040  0.4182  0.4075  0.4906  0.5013  0.5228  0.2601  0.2654
Q4HF92           0.5013  0.4531  0.4263  0.5147  0.5255  0.4987  0.1072  0.1019  0.2761
Q4HQ29           0.5147  0.4558  0.4102  0.5067  0.5228  0.5040  0.1957  0.1930  0.2895  0.2011
O26027           0.5040  0.4745  0.4879  0.4692  0.4933  0.5094  0.4960  0.4933  0.4879  0.4960  0.5067
B9L6T3           0.5576  0.5442  0.5523  0.5845  0.5818  0.5576  0.5603  0.5550  0.5630  0.5576  0.5657  0.5684
Q46LZ6           0.6005  0.6059  0.5979  0.6113  0.6354  0.6193  0.6166  0.6166  0.6032  0.6193  0.6032  0.5925  0.6247
A2C0L8           0.5925  0.5979  0.5871  0.6086  0.6354  0.6166  0.6086  0.6086  0.5952  0.6139  0.5952  0.5925  0.6220  0.0268
Q31N55           0.6139  0.5737  0.5764  0.5979  0.5845  0.6059  0.6166  0.6166  0.5979  0.6193  0.6086  0.6220  0.6488  0.4477  0.4450
B1XLH6           0.5952  0.5845  0.6032  0.6247  0.6113  0.6193  0.6220  0.6247  0.6193  0.6273  0.6381  0.6354  0.6568  0.4397  0.4343  0.3190
Q5MZ60           0.6139  0.5737  0.5764  0.5979  0.5845  0.6059  0.6166  0.6166  0.5979  0.6193  0.6086  0.6220  0.6488  0.4477  0.4450  0.0000  0.3190
A2BV72           0.6113  0.6032  0.6113  0.6434  0.6300  0.6220  0.6113  0.6113  0.5845  0.5979  0.6032  0.6139  0.5979  0.4745  0.4692  0.4638  0.4933  0.4638
B8HUW1           0.6005  0.5710  0.5737  0.5952  0.6032  0.6354  0.6166  0.6166  0.6005  0.6139  0.6193  0.6059  0.6622  0.4424  0.4504  0.3190  0.3190  0.3190  0.4772
Q8DJI4           0.6166  0.5818  0.5952  0.6032  0.6113  0.6542  0.6032  0.6032  0.5898  0.5979  0.6032  0.6113  0.6676  0.4531  0.4584  0.3164  0.3458  0.3164  0.4718  0.2735
Q7V2Q8           0.6166  0.6113  0.6005  0.6434  0.6247  0.6193  0.6005  0.6005  0.5845  0.5952  0.6059  0.6139  0.6005  0.4799  0.4745  0.4611  0.4987  0.4611  0.0590  0.4772  0.4665
A2BPP0           0.6193  0.6059  0.6139  0.6461  0.6327  0.6327  0.6005  0.6005  0.5684  0.5979  0.6059  0.6193  0.6005  0.4799  0.4745  0.4558  0.4879  0.4558  0.0804  0.4745  0.4531  0.0697
Q31CC6           0.6220  0.6005  0.6032  0.6381  0.6300  0.6273  0.6005  0.6005  0.5737  0.5952  0.6059  0.6086  0.5952  0.4745  0.4692  0.4611  0.4960  0.4611  0.0590  0.4799  0.4638  0.0483  0.0375
A8G3C4           0.6193  0.6032  0.6113  0.6408  0.6273  0.6327  0.6032  0.6032  0.5737  0.5979  0.6086  0.6113  0.6005  0.4826  0.4772  0.4611  0.4987  0.4611  0.0590  0.4772  0.4584  0.0483  0.0322  0.0214
B0C6L4           0.5979  0.5737  0.5818  0.6220  0.6139  0.6273  0.6193  0.6193  0.6086  0.6193  0.6139  0.6113  0.6595  0.4397  0.4477  0.3244  0.3029  0.3244  0.4906  0.2466  0.3137  0.4906  0.4826  0.4879  0.4799
B9YRI0           0.6139  0.5737  0.5791  0.5925  0.5979  0.6300  0.5952  0.5979  0.5952  0.6032  0.6059  0.6113  0.6568  0.4424  0.4504  0.3217  0.3217  0.3217  0.4853  0.3029  0.3217  0.4853  0.4826  0.4853  0.4853  0.3029
Q55469           0.6381  0.5871  0.5952  0.6273  0.6032  0.6166  0.6032  0.6059  0.6139  0.6059  0.6059  0.6166  0.6702  0.4504  0.4477  0.2788  0.2735  0.2788  0.5040  0.2922  0.3324  0.5067  0.4987  0.5040  0.5040  0.3190  0.3029
B7K357           0.6086  0.5845  0.5952  0.6139  0.5925  0.6032  0.6059  0.6059  0.6032  0.6139  0.6139  0.6273  0.6488  0.4450  0.4531  0.2922  0.2976  0.2922  0.4826  0.2601  0.3164  0.4799  0.4772  0.4853  0.4826  0.2654  0.2520  0.2815
C7QU02           0.6113  0.5791  0.5979  0.6139  0.5979  0.6059  0.6032  0.6032  0.6005  0.6113  0.6113  0.6327  0.6461  0.4477  0.4558  0.2949  0.3003  0.2949  0.4799  0.2654  0.3190  0.4772  0.4745  0.4826  0.4799  0.2708  0.2466  0.2815  0.0080
Q2JQV0           0.6247  0.5871  0.5925  0.5952  0.6059  0.6247  0.6113  0.6139  0.5898  0.6166  0.6086  0.6059  0.6568  0.4343  0.4424  0.3298  0.3458  0.3298  0.4692  0.3351  0.3432  0.4745  0.4665  0.4718  0.4718  0.3458  0.3512  0.3646  0.3458  0.3512
Q7NFN2           0.6247  0.5657  0.5684  0.6086  0.6032  0.6354  0.6086  0.6059  0.5952  0.6139  0.6166  0.6005  0.6515  0.4397  0.4450  0.3324  0.3324  0.3324  0.4826  0.3217  0.3458  0.4853  0.4772  0.4772  0.4772  0.3217  0.3110  0.3324  0.3190  0.3244  0.3056
A0ZID3           0.6327  0.5925  0.5952  0.6166  0.6113  0.6300  0.6113  0.6166  0.6005  0.6139  0.6166  0.6059  0.6515  0.4343  0.4450  0.3003  0.2869  0.3003  0.4692  0.2681  0.3190  0.4718  0.4692  0.4718  0.4692  0.2574  0.1716  0.2922  0.2252  0.2252  0.3405  0.3137
Q2JM37           0.6273  0.6032  0.5898  0.5979  0.6086  0.6273  0.6059  0.6086  0.5871  0.6113  0.6113  0.6059  0.6542  0.4290  0.4316  0.3217  0.3592  0.3217  0.4826  0.3324  0.3458  0.4853  0.4772  0.4853  0.4826  0.3378  0.3646  0.3566  0.3539  0.3592  0.0965  0.3164  0.3432
A3PBD0           0.6247  0.6086  0.6139  0.6488  0.6327  0.6381  0.6032  0.6032  0.5764  0.5979  0.6139  0.6139  0.6032  0.4772  0.4718  0.4638  0.5013  0.4638  0.0697  0.4826  0.4638  0.0617  0.0509  0.0349  0.0241  0.4853  0.4906  0.5094  0.4853  0.4826  0.4665  0.4826  0.4745  0.4799
Q7VDG4           0.6354  0.6086  0.6300  0.6113  0.6434  0.6488  0.6300  0.6300  0.6139  0.6273  0.6327  0.6354  0.6649  0.3861  0.3887  0.4263  0.4450  0.4263  0.4477  0.4290  0.4236  0.4504  0.4450  0.4477  0.4504  0.4290  0.4424  0.4343  0.4263  0.4236  0.3968  0.4477  0.4424  0.4129  0.4477
Q3ME15           0.6247  0.5818  0.5925  0.6086  0.5952  0.6381  0.6139  0.6193  0.6032  0.6166  0.6193  0.6220  0.6542  0.4424  0.4477  0.2922  0.2869  0.2922  0.4692  0.2654  0.3190  0.4772  0.4718  0.4718  0.4692  0.2520  0.1635  0.2815  0.2172  0.2172  0.3351  0.3003  0.0858  0.3458  0.4745  0.4450
Q8YWF0           0.6273  0.5845  0.5871  0.6086  0.6005  0.6354  0.6086  0.6139  0.5952  0.6059  0.6086  0.6247  0.6515  0.4424  0.4477  0.2922  0.2895  0.2922  0.4718  0.2601  0.3190  0.4772  0.4745  0.4745  0.4718  0.2574  0.1716  0.2895  0.2225  0.2225  0.3324  0.3056  0.0831  0.3432  0.4772  0.4450  0.0214
A0YNF7           0.6220  0.5952  0.5871  0.6166  0.5952  0.6488  0.6193  0.6247  0.6166  0.6300  0.6300  0.6086  0.6649  0.4316  0.4343  0.3083  0.2869  0.3083  0.5040  0.2547  0.3217  0.5013  0.4960  0.4987  0.4987  0.2735  0.2413  0.2815  0.2574  0.2601  0.3566  0.3217  0.2198  0.3646  0.5013  0.4450  0.2332  0.2332
B2J9M0           0.6354  0.5845  0.6005  0.6273  0.6059  0.6300  0.6193  0.6220  0.6166  0.6273  0.6354  0.6139  0.6595  0.4558  0.4611  0.3083  0.2922  0.3083  0.4799  0.2708  0.3164  0.4799  0.4745  0.4799  0.4772  0.2627  0.1743  0.2922  0.2225  0.2225  0.3405  0.3137  0.0777  0.3485  0.4826  0.4450  0.1099  0.1180  0.2279
Q3ALH4           0.6273  0.6086  0.6059  0.6032  0.6220  0.6595  0.6059  0.6086  0.6113  0.6139  0.6166  0.6381  0.6515  0.3887  0.3861  0.3592  0.3834  0.3592  0.4906  0.3780  0.3834  0.4879  0.4799  0.4879  0.4853  0.3914  0.3887  0.3780  0.3941  0.3914  0.3566  0.3807  0.3673  0.3512  0.4853  0.3458  0.3700  0.3700  0.3861  0.3834
B4B2B1           0.6166  0.5818  0.5925  0.6086  0.6086  0.6273  0.6113  0.6139  0.5979  0.6086  0.6086  0.6139  0.6595  0.4397  0.4450  0.3190  0.3029  0.3190  0.4933  0.2547  0.3217  0.4933  0.4853  0.4933  0.4933  0.2976  0.2413  0.2708  0.1930  0.1930  0.3512  0.2976  0.2252  0.3646  0.4987  0.4397  0.2064  0.2091  0.2359  0.2332  0.3968
Q3AWW8           0.6408  0.6273  0.6381  0.6247  0.6354  0.6649  0.6300  0.6327  0.6327  0.6408  0.6434  0.6408  0.6702  0.4129  0.4209  0.3861  0.3995  0.3861  0.4960  0.3700  0.3753  0.4906  0.4826  0.4906  0.4879  0.3861  0.3941  0.3887  0.3914  0.3914  0.3646  0.3887  0.3780  0.3646  0.4879  0.3539  0.3995  0.3968  0.3941  0.3861  0.1903  0.4021
B7KLL9           0.6086  0.5898  0.5818  0.6032  0.5979  0.6247  0.6032  0.6059  0.6005  0.6032  0.6113  0.6086  0.6542  0.4504  0.4558  0.3164  0.3137  0.3164  0.4799  0.2547  0.3378  0.4772  0.4745  0.4745  0.4772  0.3029  0.2332  0.2761  0.1903  0.1903  0.3539  0.3056  0.2279  0.3646  0.4799  0.4316  0.1984  0.2091  0.2520  0.2252  0.4048  0.1126  0.4021
B1WRX5           0.6032  0.5764  0.5898  0.6166  0.6113  0.6113  0.6032  0.6032  0.5979  0.6113  0.6113  0.6220  0.6568  0.4584  0.4665  0.3298  0.3056  0.3298  0.4826  0.2520  0.3324  0.4853  0.4772  0.4826  0.4826  0.2922  0.2574  0.2735  0.1743  0.1743  0.3592  0.3271  0.2466  0.3646  0.4853  0.4450  0.2359  0.2386  0.2681  0.2466  0.4075  0.2091  0.3968  0.1984
Q10X66           0.6408  0.6005  0.6193  0.6408  0.6193  0.6542  0.6247  0.6273  0.6300  0.6300  0.6327  0.6354  0.6595  0.4424  0.4477  0.3566  0.3244  0.3566  0.4933  0.3190  0.3566  0.4960  0.4826  0.4933  0.4879  0.3083  0.2761  0.3271  0.2654  0.2654  0.3700  0.3432  0.2359  0.3887  0.4933  0.4584  0.2332  0.2413  0.2466  0.2466  0.4102  0.2574  0.4102  0.2574  0.3029
B5VW05           0.6139  0.5791  0.5845  0.5979  0.5898  0.6247  0.6086  0.6113  0.6005  0.6113  0.6032  0.6193  0.6568  0.4397  0.4477  0.2922  0.2788  0.2922  0.4933  0.2574  0.2949  0.4960  0.4826  0.4933  0.4906  0.2815  0.2601  0.2895  0.2574  0.2601  0.3485  0.3164  0.2064  0.3592  0.4960  0.4504  0.2064  0.2064  0.1823  0.2252  0.3834  0.2440  0.4021  0.2574  0.2815  0.2225
A3IRE8           0.6193  0.5710  0.5845  0.6113  0.5979  0.6086  0.6032  0.6032  0.5925  0.6059  0.6005  0.6220  0.6515  0.4558  0.4638  0.3405  0.3056  0.3405  0.4853  0.2681  0.3378  0.4879  0.4799  0.4853  0.4853  0.3029  0.2627  0.2842  0.1796  0.1769  0.3673  0.3405  0.2520  0.3780  0.4826  0.4343  0.2386  0.2413  0.2708  0.2466  0.4182  0.2145  0.4129  0.1984  0.0804  0.2842  0.2788
Q4C3S7           0.6193  0.5684  0.5871  0.6354  0.6139  0.6300  0.6113  0.6086  0.5979  0.6059  0.6086  0.6139  0.6568  0.4611  0.4692  0.3378  0.2949  0.3378  0.4853  0.2735  0.3351  0.4879  0.4826  0.4906  0.4853  0.3003  0.2788  0.2869  0.2011  0.1957  0.3753  0.3592  0.2520  0.3753  0.4853  0.4531  0.2574  0.2574  0.2788  0.2574  0.4209  0.2386  0.4155  0.2359  0.1099  0.2922  0.2922  0.1099
A5GRL8           0.6408  0.6032  0.6086  0.6059  0.6273  0.6515  0.6408  0.6408  0.6327  0.6488  0.6408  0.6300  0.6676  0.4075  0.4182  0.3485  0.3646  0.3485  0.4772  0.3727  0.3592  0.4826  0.4692  0.4772  0.4772  0.3780  0.3914  0.3861  0.3780  0.3780  0.3673  0.3753  0.3727  0.3700  0.4826  0.3351  0.3887  0.3914  0.3914  0.3861  0.2574  0.3834  0.2654  0.3968  0.3834  0.4236  0.3780  0.3887  0.3861
A3Z0G2           0.6434  0.6273  0.6086  0.6059  0.6300  0.6542  0.6300  0.6327  0.6139  0.6354  0.6300  0.6300  0.6702  0.4021  0.4048  0.3566  0.3861  0.3566  0.4718  0.3727  0.3727  0.4745  0.4638  0.4718  0.4665  0.3753  0.3914  0.3995  0.3834  0.3861  0.3351  0.3753  0.3673  0.3405  0.4665  0.3244  0.3861  0.3807  0.3727  0.3861  0.2252  0.3941  0.2332  0.4048  0.3968  0.4209  0.3834  0.4102  0.4129  0.2574
A9BE32           0.6113  0.6086  0.6273  0.6327  0.6408  0.6595  0.6113  0.6139  0.6086  0.6193  0.6220  0.6139  0.6568  0.3914  0.3780  0.4343  0.4504  0.4343  0.4692  0.4477  0.4504  0.4826  0.4718  0.4745  0.4718  0.4504  0.4504  0.4745  0.4692  0.4665  0.4263  0.4450  0.4558  0.4316  0.4745  0.3566  0.4558  0.4611  0.4531  0.4692  0.3646  0.4665  0.3700  0.4450  0.4611  0.4718  0.4558  0.4638  0.4772  0.3753  0.3592
Q05SC6           0.6515  0.6300  0.6381  0.6166  0.6434  0.6515  0.6434  0.6434  0.6300  0.6515  0.6461  0.6622  0.6729  0.4102  0.4155  0.3780  0.4102  0.3780  0.5067  0.4182  0.4155  0.4960  0.4933  0.5013  0.4987  0.4075  0.4129  0.4048  0.4075  0.4075  0.3727  0.3807  0.3968  0.3753  0.5040  0.3378  0.4182  0.4182  0.4075  0.4102  0.2466  0.4155  0.2466  0.4182  0.4316  0.4155  0.4075  0.4424  0.4397  0.2788  0.2306  0.3780
P22188           0.6408  0.6300  0.6408  0.6568  0.6515  0.6622  0.6247  0.6220  0.6300  0.6166  0.6381  0.6676  0.6595  0.5389  0.5389  0.5282  0.5603  0.5282  0.5871  0.5603  0.5442  0.5791  0.5845  0.5764  0.5871  0.5442  0.5308  0.5523  0.5362  0.5362  0.5469  0.5416  0.5255  0.5523  0.5871  0.5576  0.5255  0.5282  0.5282  0.5255  0.5308  0.5550  0.5308  0.5469  0.5442  0.5603  0.5362  0.5550  0.5523  0.5308  0.5201  0.5469  0.5308
Q0ICH2           0.6381  0.6113  0.6300  0.6139  0.6434  0.6622  0.6327  0.6327  0.6300  0.6354  0.6408  0.6488  0.6702  0.3995  0.4075  0.3887  0.4048  0.3887  0.4906  0.3968  0.3941  0.4853  0.4879  0.4879  0.4879  0.4048  0.4021  0.4129  0.4075  0.4048  0.3861  0.3941  0.3941  0.3834  0.4879  0.3324  0.4075  0.4075  0.4048  0.4075  0.2440  0.4048  0.2332  0.4129  0.4155  0.4155  0.4075  0.4236  0.4290  0.2627  0.2225  0.3619  0.2520  0.5282
A2CBI8           0.6488  0.6193  0.6086  0.6193  0.6354  0.6649  0.6300  0.6327  0.6113  0.6381  0.6327  0.6327  0.6702  0.3861  0.3887  0.3673  0.3807  0.3673  0.4826  0.3861  0.3807  0.4879  0.4826  0.4826  0.4799  0.3861  0.4021  0.4021  0.3995  0.3995  0.3432  0.3887  0.3807  0.3539  0.4799  0.3271  0.3861  0.3861  0.3968  0.3941  0.2064  0.4075  0.2172  0.4075  0.4182  0.4316  0.3995  0.4209  0.4290  0.2681  0.1957  0.3512  0.2440  0.5201  0.2252
B7LWE8           0.6408  0.6300  0.6408  0.6568  0.6515  0.6622  0.6247  0.6220  0.6300  0.6166  0.6381  0.6676  0.6622  0.5389  0.5389  0.5255  0.5603  0.5255  0.5845  0.5576  0.5442  0.5764  0.5818  0.5737  0.5845  0.5442  0.5282  0.5496  0.5335  0.5335  0.5442  0.5389  0.5228  0.5523  0.5845  0.5523  0.5228  0.5255  0.5282  0.5228  0.5282  0.5523  0.5282  0.5442  0.5416  0.5576  0.5362  0.5523  0.5523  0.5308  0.5174  0.5469  0.5282  0.0054  0.5255  0.5228
Q060K4           0.6408  0.6354  0.6327  0.6166  0.6327  0.6676  0.6300  0.6327  0.6381  0.6408  0.6461  0.6408  0.6702  0.4129  0.4209  0.3887  0.3968  0.3887  0.5040  0.3753  0.3780  0.4960  0.4933  0.5013  0.4987  0.4075  0.3995  0.3941  0.3968  0.3968  0.3727  0.3995  0.3807  0.3753  0.4987  0.3592  0.4021  0.3995  0.3941  0.3861  0.1930  0.4075  0.0483  0.4048  0.4048  0.4182  0.4102  0.4209  0.4236  0.2601  0.2359  0.3753  0.2520  0.5255  0.2359  0.2252  0.5228
B7MNU4           0.6408  0.6300  0.6408  0.6568  0.6515  0.6622  0.6247  0.6220  0.6300  0.6166  0.6381  0.6676  0.6622  0.5389  0.5389  0.5255  0.5630  0.5255  0.5845  0.5576  0.5416  0.5764  0.5818  0.5737  0.5845  0.5442  0.5282  0.5523  0.5335  0.5335  0.5442  0.5389  0.5228  0.5523  0.5845  0.5496  0.5228  0.5255  0.5282  0.5228  0.5282  0.5496  0.5308  0.5442  0.5416  0.5576  0.5362  0.5523  0.5523  0.5282  0.5174  0.5469  0.5308  0.0107  0.5255  0.5228  0.0054  0.5255
B0JYD6           0.6005  0.5737  0.5845  0.6086  0.5952  0.6166  0.6005  0.6032  0.5898  0.6005  0.5898  0.6193  0.6488  0.4424  0.4477  0.2895  0.3056  0.2895  0.4745  0.2466  0.3324  0.4718  0.4611  0.4692  0.4692  0.2949  0.2520  0.2681  0.2225  0.2198  0.3512  0.3190  0.2440  0.3566  0.4745  0.4290  0.2279  0.2332  0.2708  0.2440  0.3887  0.2279  0.3968  0.2118  0.2386  0.2895  0.2601  0.2520  0.2547  0.3861  0.3861  0.4611  0.3968  0.5523  0.4102  0.3941  0.5496  0.3941  0.5496
Q7U5L3           0.6461  0.6220  0.6059  0.6166  0.6247  0.6622  0.6166  0.6166  0.6166  0.6193  0.6193  0.6354  0.6649  0.3968  0.3995  0.3727  0.3834  0.3727  0.4933  0.3807  0.3780  0.4879  0.4799  0.4879  0.4853  0.4048  0.3968  0.3914  0.4075  0.4048  0.3619  0.3995  0.3941  0.3700  0.4853  0.3432  0.4075  0.4048  0.3887  0.3968  0.1850  0.3995  0.1877  0.4102  0.4102  0.4209  0.3887  0.4263  0.4290  0.2654  0.2118  0.3700  0.2332  0.5228  0.2225  0.2091  0.5201  0.1850  0.5174  0.3914
Q7V8U6           0.6434  0.6220  0.6113  0.6166  0.6354  0.6622  0.6327  0.6354  0.6113  0.6408  0.6327  0.6354  0.6729  0.3887  0.3914  0.3619  0.3780  0.3619  0.4879  0.3941  0.3780  0.4933  0.4853  0.4879  0.4853  0.3861  0.3995  0.3995  0.3968  0.3968  0.3405  0.3887  0.3861  0.3512  0.4853  0.3271  0.3887  0.3887  0.3968  0.3941  0.2145  0.4048  0.2225  0.4048  0.4129  0.4316  0.3995  0.4209  0.4236  0.2735  0.2064  0.3512  0.2547  0.5201  0.2386  0.0349  0.5228  0.2279  0.5228  0.3941  0.2145
A5GJA5           0.6515  0.6327  0.6381  0.6247  0.6247  0.6542  0.6408  0.6408  0.6247  0.6461  0.6381  0.6300  0.6836  0.3861  0.3995  0.3673  0.3673  0.3673  0.4987  0.3753  0.3780  0.4960  0.4772  0.4906  0.4879  0.3780  0.3914  0.3807  0.3834  0.3861  0.3566  0.3727  0.3727  0.3539  0.4879  0.3485  0.3887  0.3887  0.3727  0.3861  0.2332  0.3914  0.2440  0.4021  0.3968  0.4102  0.3753  0.4102  0.4129  0.2574  0.2118  0.3807  0.2064  0.5389  0.2145  0.2306  0.5362  0.2493  0.5362  0.3887  0.2279  0.2332
A3ZA17           0.6461  0.6193  0.6434  0.6220  0.6354  0.6595  0.6381  0.6408  0.6327  0.6434  0.6461  0.6488  0.6595  0.3995  0.4075  0.3727  0.3780  0.3727  0.4906  0.3887  0.3861  0.4853  0.4772  0.4826  0.4826  0.3968  0.3968  0.3807  0.3914  0.3887  0.3566  0.3887  0.3995  0.3673  0.4826  0.3244  0.4048  0.4048  0.3887  0.4075  0.2038  0.3968  0.2225  0.4021  0.3995  0.4182  0.3914  0.4075  0.4129  0.2547  0.2198  0.3753  0.1957  0.5335  0.2225  0.2172  0.5308  0.2225  0.5335  0.3941  0.2064  0.2198  0.1769
A4CWI0           0.6488  0.6166  0.6354  0.6086  0.6193  0.6434  0.6300  0.6300  0.6220  0.6408  0.6300  0.6300  0.6702  0.3995  0.4048  0.3700  0.3753  0.3700  0.4933  0.3914  0.4102  0.4826  0.4718  0.4853  0.4799  0.4075  0.3995  0.4021  0.3995  0.4021  0.3646  0.3861  0.3968  0.3807  0.4826  0.3646  0.4048  0.4048  0.3914  0.3941  0.2601  0.4129  0.2761  0.4182  0.4129  0.4263  0.3968  0.4236  0.4343  0.2949  0.2386  0.3941  0.2466  0.5523  0.2279  0.2601  0.5496  0.2681  0.5496  0.3941  0.2332  0.2681  0.1716  0.2225


TREE #  1:  (7, 8, (10, (11, (9, (3, ((6, 5), (((4, 12), 2), (1, (13, ((59, (54, 57)), ((23, (24, (25, (35, (19, 22))))), ((50, ((36, (52, (14, 15))), (51, (((63, 65), (64, 53)), (55, ((56, 62), (61, (41, (43, 58))))))))), ((32, (31, 34)), ((16, 18), (21, (20, (26, (((27, ((37, 38), (33, 40))), (46, (39, 47))), ((60, ((42, 44), ((29, 30), (49, (45, 48))))), (17, 28))))))))))))))))))));   MP score: 3934
lnL(ntime:127  np:128): -19907.301264      +0.000000
  66..7    66..8    66..67   67..10   67..68   68..11   68..69   69..9    69..70   70..3    70..71   71..72   72..6    72..5    71..73   73..74   74..75   75..4    75..12   74..2    73..76   76..1    76..77   77..13   77..78   78..79   79..59   79..80   80..54   80..57   78..81   81..82   82..23   82..83   83..24   83..84   84..25   84..85   85..35   85..86   86..19   86..22   81..87   87..88   88..50   88..89   89..90   90..36   90..91   91..52   91..92   92..14   92..15   89..93   93..51   93..94   94..95   95..96   96..63   96..65   95..97   97..64   97..53   94..98   98..55   98..99   99..100 100..56  100..62   99..101 101..61  101..102 102..41  102..103 103..43  103..58   87..104 104..105 105..32  105..106 106..31  106..34  104..107 107..108 108..16  108..18  107..109 109..21  109..110 110..20  110..111 111..26  111..112 112..113 113..114 114..27  114..115 115..116 116..37  116..38  115..117 117..33  117..40  113..118 118..46  118..119 119..39  119..47  112..120 120..121 121..60  121..122 122..123 123..42  123..44  122..124 124..125 125..29  125..30  124..126 126..49  126..127 127..45  127..48  120..128 128..17  128..28 
 0.013750 0.006488 0.043000 0.075494 0.073006 0.161453 0.116506 0.194779 0.364957 0.324968 0.078801 0.159807 0.627701 0.545107 0.064936 0.037674 0.208098 0.612394 0.686332 0.352549 0.095100 0.542945 0.307547 1.110857 1.043675 1.141650 0.005834 0.000004 0.005867 0.000004 0.308755 0.776461 0.006610 0.022490 0.011493 0.003359 0.007936 0.000004 0.022487 0.017640 0.039146 0.026196 0.138349 0.246148 0.213101 0.060336 0.156212 0.295119 0.126218 0.321761 0.530972 0.028933 0.000004 0.066932 0.169213 0.014079 0.039114 0.074121 0.091558 0.160679 0.030922 0.119883 0.187494 0.009767 0.200380 0.015872 0.177328 0.000004 0.039301 0.060428 0.138270 0.034799 0.160292 0.124636 0.024661 0.031727 0.090428 0.036765 0.298510 0.272214 0.051837 0.071200 0.060273 0.319710 0.000004 0.000004 0.047278 0.321949 0.074644 0.174036 0.033082 0.245665 0.084482 0.058601 0.061845 0.139490 0.029499 0.047604 0.006470 0.017479 0.026754 0.040299 0.055011 0.048534 0.214163 0.061061 0.156603 0.140758 0.015551 0.033140 0.213960 0.030039 0.079274 0.074445 0.072338 0.060080 0.092689 0.007043 0.001437 0.133251 0.086879 0.012265 0.046638 0.048010 0.101018 0.281552 0.226593 0.613663

tree length =  19.23493

(7: 0.013750, 8: 0.006488, (10: 0.075494, (11: 0.161453, (9: 0.194779, (3: 0.324968, ((6: 0.627701, 5: 0.545107): 0.159807, (((4: 0.612394, 12: 0.686332): 0.208098, 2: 0.352549): 0.037674, (1: 0.542945, (13: 1.110857, ((59: 0.005834, (54: 0.005867, 57: 0.000004): 0.000004): 1.141650, ((23: 0.006610, (24: 0.011493, (25: 0.007936, (35: 0.022487, (19: 0.039146, 22: 0.026196): 0.017640): 0.000004): 0.003359): 0.022490): 0.776461, ((50: 0.213101, ((36: 0.295119, (52: 0.321761, (14: 0.028933, 15: 0.000004): 0.530972): 0.126218): 0.156212, (51: 0.169213, (((63: 0.091558, 65: 0.160679): 0.074121, (64: 0.119883, 53: 0.187494): 0.030922): 0.039114, (55: 0.200380, ((56: 0.000004, 62: 0.039301): 0.177328, (61: 0.138270, (41: 0.160292, (43: 0.024661, 58: 0.031727): 0.124636): 0.034799): 0.060428): 0.015872): 0.009767): 0.014079): 0.066932): 0.060336): 0.246148, ((32: 0.298510, (31: 0.051837, 34: 0.071200): 0.272214): 0.036765, ((16: 0.000004, 18: 0.000004): 0.319710, (21: 0.321949, (20: 0.174036, (26: 0.245665, (((27: 0.139490, ((37: 0.006470, 38: 0.017479): 0.047604, (33: 0.040299, 40: 0.055011): 0.026754): 0.029499): 0.061845, (46: 0.214163, (39: 0.156603, 47: 0.140758): 0.061061): 0.048534): 0.058601, ((60: 0.213960, ((42: 0.074445, 44: 0.072338): 0.079274, ((29: 0.007043, 30: 0.001437): 0.092689, (49: 0.086879, (45: 0.046638, 48: 0.048010): 0.012265): 0.133251): 0.060080): 0.030039): 0.033140, (17: 0.281552, 28: 0.226593): 0.101018): 0.015551): 0.084482): 0.033082): 0.074644): 0.047278): 0.060273): 0.090428): 0.138349): 0.308755): 1.043675): 0.307547): 0.095100): 0.064936): 0.078801): 0.364957): 0.116506): 0.073006): 0.043000);

(A7H5Y8: 0.013750, A8FNV3: 0.006488, (Q4HF92: 0.075494, (Q4HQ29: 0.161453, (B9KEJ3: 0.194779, (D1B4D3: 0.324968, ((A6Q1K8: 0.627701, A6QCL6: 0.545107): 0.159807, (((Q7M8F9: 0.612394, O26027: 0.686332): 0.208098, Q30TR8: 0.352549): 0.037674, (A8ES65: 0.542945, (B9L6T3: 1.110857, ((B7MNU4: 0.005834, (P22188: 0.005867, B7LWE8: 0.000004): 0.000004): 1.141650, ((A2BPP0: 0.006610, (Q31CC6: 0.011493, (A8G3C4: 0.007936, (A3PBD0: 0.022487, (A2BV72: 0.039146, Q7V2Q8: 0.026196): 0.017640): 0.000004): 0.003359): 0.022490): 0.776461, ((A5GRL8: 0.213101, ((Q7VDG4: 0.295119, (A9BE32: 0.321761, (Q46LZ6: 0.028933, A2C0L8: 0.000004): 0.530972): 0.126218): 0.156212, (A3Z0G2: 0.169213, (((A5GJA5: 0.091558, A4CWI0: 0.160679): 0.074121, (A3ZA17: 0.119883, Q05SC6: 0.187494): 0.030922): 0.039114, (Q0ICH2: 0.200380, ((A2CBI8: 0.000004, Q7V8U6: 0.039301): 0.177328, (Q7U5L3: 0.138270, (Q3ALH4: 0.160292, (Q3AWW8: 0.024661, Q060K4: 0.031727): 0.124636): 0.034799): 0.060428): 0.015872): 0.009767): 0.014079): 0.066932): 0.060336): 0.246148, ((Q7NFN2: 0.298510, (Q2JQV0: 0.051837, Q2JM37: 0.071200): 0.272214): 0.036765, ((Q31N55: 0.000004, Q5MZ60: 0.000004): 0.319710, (Q8DJI4: 0.321949, (B8HUW1: 0.174036, (B0C6L4: 0.245665, (((B9YRI0: 0.139490, ((Q3ME15: 0.006470, Q8YWF0: 0.017479): 0.047604, (A0ZID3: 0.040299, B2J9M0: 0.055011): 0.026754): 0.029499): 0.061845, (Q10X66: 0.214163, (A0YNF7: 0.156603, B5VW05: 0.140758): 0.061061): 0.048534): 0.058601, ((B0JYD6: 0.213960, ((B4B2B1: 0.074445, B7KLL9: 0.072338): 0.079274, ((B7K357: 0.007043, C7QU02: 0.001437): 0.092689, (Q4C3S7: 0.086879, (B1WRX5: 0.046638, A3IRE8: 0.048010): 0.012265): 0.133251): 0.060080): 0.030039): 0.033140, (B1XLH6: 0.281552, Q55469: 0.226593): 0.101018): 0.015551): 0.084482): 0.033082): 0.074644): 0.047278): 0.060273): 0.090428): 0.138349): 0.308755): 1.043675): 0.307547): 0.095100): 0.064936): 0.078801): 0.364957): 0.116506): 0.073006): 0.043000);

Detailed output identifying parameters

alpha (gamma, K = 4) =  0.61366
rate:   0.05594  0.31978  0.88813  2.73615
freq:   0.25000  0.25000  0.25000  0.25000

Time used: 39:54
