AAML (in paml version 4.6, August 2012)  310.aa
Model: Empirical for branches,  Global clock  (../../../bin/LG.dat) dGamma (ncatG=4) ns =  65  ls = 382


Frequencies..
                                    A      R      N      D      C      Q      E      G      H      I      L      K      M      F      P      S      T      W      Y      V
A8EWH9                         0.03927 0.06806 0.06021 0.07592 0.00000 0.01047 0.08901 0.06283 0.01832 0.09162 0.10209 0.10209 0.01309 0.06545 0.00524 0.07592 0.04712 0.00000 0.03403 0.03927
A6Q521                         0.06021 0.07330 0.04450 0.05236 0.01047 0.03141 0.09424 0.06283 0.01832 0.10471 0.11257 0.09424 0.01309 0.05759 0.00785 0.06283 0.02356 0.00000 0.03403 0.04188
D1B3H8                         0.06806 0.06545 0.04974 0.05236 0.00524 0.01832 0.10209 0.06283 0.02094 0.09162 0.08901 0.09162 0.01832 0.05236 0.01047 0.07592 0.02880 0.00000 0.03927 0.05759
A6Q785                         0.07330 0.05497 0.03927 0.05497 0.00262 0.01832 0.10209 0.05759 0.02880 0.09424 0.11780 0.08901 0.01309 0.05497 0.01309 0.07592 0.03403 0.00000 0.03403 0.04188
Q30TG3                         0.05497 0.07330 0.05236 0.07068 0.00262 0.01047 0.08639 0.06545 0.01832 0.08115 0.10733 0.08639 0.01047 0.06545 0.01047 0.07592 0.03927 0.00000 0.03141 0.05759
Q7M9J2                         0.06283 0.06806 0.03665 0.03927 0.00524 0.01047 0.11518 0.06806 0.02094 0.05759 0.12565 0.07853 0.01571 0.07592 0.01309 0.08639 0.02618 0.00000 0.02618 0.06806
B9KCT9                         0.04712 0.05497 0.06021 0.04712 0.01047 0.01309 0.11780 0.04450 0.01571 0.09948 0.12565 0.10733 0.01309 0.05759 0.00785 0.08377 0.02618 0.00000 0.03927 0.02880
B9L8F6                         0.05236 0.07068 0.04974 0.04712 0.00000 0.00785 0.11257 0.05497 0.01571 0.08639 0.11518 0.11518 0.02356 0.04974 0.01309 0.06545 0.04188 0.00000 0.03403 0.04450
Q4HGP5                         0.05497 0.05759 0.04450 0.04712 0.01309 0.02094 0.10733 0.04450 0.01309 0.10733 0.12042 0.10995 0.01571 0.05497 0.01047 0.08115 0.02356 0.00000 0.03665 0.03665
A8FMF4                         0.05759 0.06021 0.07853 0.04450 0.01309 0.02356 0.10995 0.03927 0.01309 0.09424 0.11780 0.09424 0.01309 0.05759 0.01047 0.07330 0.02356 0.00000 0.03141 0.04450
Q4HSC8                         0.05236 0.06545 0.05236 0.05236 0.02356 0.02618 0.11518 0.05236 0.01571 0.08901 0.12304 0.09424 0.01571 0.05497 0.00785 0.06283 0.01571 0.00000 0.03141 0.04974
A7H2Q6                         0.05759 0.05759 0.07592 0.04450 0.01309 0.02356 0.10995 0.03927 0.01309 0.09686 0.11780 0.09686 0.01309 0.05759 0.01047 0.07592 0.02356 0.00000 0.03141 0.04188
O26013                         0.05759 0.05236 0.04974 0.02880 0.01832 0.03141 0.11780 0.04974 0.02880 0.06283 0.12827 0.09686 0.01047 0.05236 0.02094 0.07330 0.02618 0.00262 0.03141 0.06021
B4AYD2                         0.07592 0.06283 0.04712 0.04188 0.00524 0.06283 0.09424 0.06283 0.01309 0.07853 0.11780 0.05236 0.01571 0.04712 0.02880 0.06806 0.03927 0.00785 0.02618 0.05236
B7K5Z3                         0.06806 0.05759 0.04712 0.04974 0.00524 0.05497 0.08901 0.05497 0.01309 0.08901 0.11518 0.05497 0.01571 0.04450 0.03665 0.08115 0.03141 0.00785 0.02880 0.05497
B7K9J7                         0.07592 0.05497 0.04974 0.04974 0.00785 0.04450 0.08639 0.06283 0.01309 0.07853 0.11257 0.05759 0.01571 0.04188 0.02880 0.07592 0.04188 0.00785 0.03141 0.06283
C7QSV3                         0.06806 0.05759 0.04712 0.05236 0.00524 0.05497 0.08639 0.05497 0.01309 0.08901 0.11518 0.05497 0.01571 0.04450 0.03665 0.08115 0.03141 0.00785 0.02880 0.05497
B7MR33                         0.10209 0.09686 0.04188 0.03927 0.01047 0.05497 0.09686 0.07068 0.01571 0.04450 0.11257 0.03403 0.02618 0.03665 0.02094 0.04188 0.05236 0.01047 0.03403 0.05759
P03018                         0.10209 0.09686 0.04188 0.03927 0.01047 0.05497 0.09686 0.07068 0.01571 0.04450 0.11257 0.03403 0.02618 0.03665 0.02094 0.04188 0.05236 0.01047 0.03403 0.05759
B7LU43                         0.10209 0.09686 0.04188 0.03927 0.01047 0.05497 0.09686 0.07068 0.01571 0.04450 0.11257 0.03403 0.02618 0.03665 0.02094 0.04188 0.05236 0.01047 0.03403 0.05759
B0JUH2                         0.07068 0.05759 0.05497 0.04450 0.00262 0.05236 0.09686 0.06021 0.01047 0.08901 0.10471 0.06545 0.01571 0.04188 0.03403 0.05497 0.04712 0.00785 0.02880 0.06021
Q8DG65                         0.07592 0.08901 0.03403 0.03927 0.01047 0.04712 0.08377 0.06283 0.01309 0.05759 0.13613 0.03141 0.01832 0.03927 0.04974 0.05236 0.06283 0.00524 0.02880 0.06283
Q4BXQ8                         0.05497 0.06545 0.05236 0.04974 0.00524 0.04450 0.09948 0.06283 0.01571 0.08901 0.09948 0.05497 0.02094 0.04188 0.02880 0.07068 0.04450 0.00785 0.03665 0.05497
A3IZ93                         0.05236 0.06283 0.05236 0.05236 0.00524 0.04974 0.09424 0.05759 0.01571 0.08115 0.10995 0.05759 0.01309 0.03665 0.02880 0.07330 0.05497 0.00785 0.03665 0.05759
Q2JLR3                         0.09162 0.08377 0.04188 0.04712 0.00262 0.05497 0.08115 0.05759 0.02094 0.07853 0.11780 0.02880 0.00785 0.04450 0.04450 0.05759 0.03665 0.01047 0.02618 0.06545
B1WQ20                         0.05759 0.06283 0.05236 0.04712 0.00524 0.04712 0.09686 0.05759 0.01832 0.08115 0.11780 0.05759 0.01047 0.03665 0.02880 0.06806 0.05497 0.00785 0.03665 0.05497
P73465                         0.07068 0.06806 0.06283 0.07068 0.00524 0.03927 0.07592 0.06021 0.01832 0.07853 0.12304 0.04450 0.01309 0.04188 0.03141 0.06283 0.04712 0.00785 0.02356 0.05497
B1XPI1                         0.08639 0.06806 0.06021 0.05497 0.00785 0.04712 0.08639 0.06806 0.01571 0.06545 0.10995 0.05497 0.02094 0.04188 0.03141 0.04450 0.03403 0.00785 0.03403 0.06021
B0C7R5                         0.07592 0.07853 0.04188 0.06021 0.00785 0.04188 0.07853 0.06545 0.01832 0.07068 0.12042 0.03665 0.01832 0.03665 0.03927 0.04712 0.05759 0.01047 0.02880 0.06545
Q2JUV9                         0.08639 0.08377 0.03927 0.03927 0.01047 0.05236 0.08377 0.05759 0.02094 0.06545 0.13351 0.03141 0.00785 0.04188 0.05236 0.04974 0.03927 0.01309 0.02618 0.06545
B2IV62                         0.08639 0.07068 0.04974 0.04450 0.00785 0.06021 0.08115 0.06021 0.01309 0.05759 0.11518 0.04188 0.01832 0.03665 0.03141 0.05497 0.06283 0.00785 0.02880 0.07068
Q8YNR6                         0.07068 0.07068 0.04974 0.04712 0.00785 0.06283 0.08639 0.06021 0.01309 0.06806 0.10995 0.03927 0.01571 0.03927 0.03141 0.05497 0.05759 0.00785 0.03141 0.07592
Q3M7R8                         0.07592 0.07068 0.04712 0.04712 0.00785 0.06545 0.08639 0.06021 0.01571 0.06806 0.10995 0.03665 0.01571 0.03927 0.02880 0.05236 0.05759 0.00785 0.03141 0.07592
B8HPM2                         0.07853 0.07330 0.04450 0.05497 0.00785 0.04450 0.07592 0.06806 0.01571 0.06806 0.13089 0.03665 0.00785 0.03927 0.04974 0.05497 0.04712 0.00785 0.02618 0.06806
A0YZD8                         0.07592 0.06021 0.05236 0.04712 0.00785 0.05236 0.07330 0.05497 0.01047 0.07592 0.11518 0.04712 0.01832 0.04188 0.04450 0.07853 0.03927 0.00785 0.02880 0.06806
Q31L71                         0.08901 0.09948 0.04188 0.04450 0.00524 0.06283 0.08639 0.06545 0.01832 0.06021 0.11257 0.01832 0.00785 0.03927 0.04450 0.05759 0.03403 0.01047 0.02356 0.07853
A0ZET8                         0.07068 0.06806 0.06283 0.03403 0.01047 0.06021 0.09424 0.05497 0.01309 0.06806 0.11257 0.04712 0.01309 0.03665 0.03403 0.06545 0.04450 0.00524 0.03403 0.07068
A4CT78                         0.07853 0.09424 0.02618 0.04188 0.01309 0.02880 0.10209 0.07853 0.01309 0.04974 0.13089 0.02618 0.01832 0.02618 0.04974 0.07330 0.03665 0.01047 0.02094 0.08115
Q5N0Q3                         0.08901 0.09948 0.04188 0.04450 0.00524 0.06283 0.08639 0.06545 0.01832 0.06021 0.11257 0.01832 0.00785 0.03927 0.04450 0.05759 0.03403 0.01047 0.02356 0.07853
A2C0D7                         0.07068 0.08639 0.03927 0.04450 0.00785 0.02356 0.09424 0.06021 0.01571 0.06545 0.14136 0.04188 0.01309 0.02880 0.04450 0.09162 0.03403 0.01047 0.02094 0.06545
Q46H75                         0.07068 0.08639 0.03927 0.04450 0.00785 0.02356 0.09424 0.06021 0.01571 0.06545 0.14136 0.04188 0.01309 0.02880 0.04450 0.09162 0.03403 0.01047 0.02094 0.06545
Q3B0E6                         0.08901 0.08115 0.03141 0.04974 0.01047 0.03141 0.08639 0.07330 0.01309 0.04712 0.13089 0.03665 0.02094 0.02618 0.04188 0.07330 0.04450 0.01047 0.02094 0.08115
B5W1T5                         0.06021 0.08377 0.06283 0.05759 0.01309 0.04450 0.06806 0.06021 0.01571 0.07853 0.10995 0.03141 0.01047 0.03927 0.04712 0.07592 0.03665 0.01047 0.02356 0.07068
Q7NHZ0                         0.09162 0.08377 0.03141 0.04974 0.00262 0.04450 0.08639 0.06545 0.01571 0.04974 0.13874 0.04712 0.01047 0.03403 0.03665 0.05759 0.04188 0.00785 0.02880 0.07592
Q063C0                         0.08639 0.08115 0.03141 0.04974 0.01047 0.03141 0.08639 0.07330 0.01309 0.04712 0.13089 0.03665 0.02094 0.02618 0.04450 0.07068 0.04712 0.01047 0.02094 0.08115
Q3AN78                         0.09162 0.08639 0.02618 0.04974 0.01309 0.03141 0.08901 0.07330 0.01309 0.06021 0.12042 0.03403 0.01832 0.02618 0.04450 0.06283 0.04450 0.01047 0.02356 0.08115
A9BDV1                         0.07330 0.08115 0.02880 0.04974 0.00785 0.02618 0.09424 0.06545 0.01571 0.07853 0.13874 0.05236 0.00785 0.03141 0.03665 0.08115 0.03665 0.01047 0.02094 0.06283
Q10WZ1                         0.07853 0.05759 0.06283 0.04712 0.01047 0.03927 0.09162 0.06283 0.01309 0.08901 0.11518 0.05236 0.01571 0.03403 0.02880 0.06545 0.04712 0.00785 0.02880 0.05236
Q7U9S2                         0.09162 0.09162 0.02356 0.04974 0.01047 0.03141 0.08901 0.07330 0.01571 0.05236 0.13089 0.02880 0.01571 0.02618 0.04188 0.07068 0.04712 0.01047 0.02094 0.07853
Q0IDK9                         0.07592 0.08901 0.02618 0.04974 0.01047 0.02880 0.09424 0.07592 0.01309 0.05497 0.11780 0.03403 0.02618 0.02618 0.04712 0.07592 0.03927 0.01047 0.02094 0.08377
A3Z4E4                         0.09162 0.09162 0.02094 0.04712 0.01047 0.02880 0.09686 0.07330 0.01571 0.04974 0.12827 0.02880 0.01832 0.02618 0.04450 0.07330 0.03927 0.01047 0.02094 0.08377
Q05UA4                         0.08377 0.08901 0.02618 0.04712 0.01309 0.03403 0.09424 0.07592 0.01309 0.05759 0.12042 0.03141 0.01832 0.02618 0.04974 0.07068 0.03927 0.01047 0.02094 0.07853
A5GIA1                         0.07853 0.09424 0.02618 0.04450 0.01309 0.03141 0.09948 0.07853 0.01309 0.04974 0.12827 0.02880 0.01832 0.02618 0.04712 0.07068 0.03927 0.01047 0.02094 0.08115
A3YX34                         0.09948 0.09162 0.02356 0.04450 0.00785 0.03141 0.09424 0.07330 0.01571 0.04974 0.13874 0.02618 0.01832 0.02618 0.04974 0.07068 0.03403 0.01047 0.02094 0.07330
Q7V4N2                         0.09162 0.08639 0.02880 0.04450 0.01047 0.03665 0.09424 0.06806 0.01309 0.05236 0.12827 0.03141 0.02356 0.02880 0.03927 0.07068 0.03927 0.01047 0.02094 0.08115
A2BPA4                         0.05236 0.06806 0.06806 0.04712 0.00785 0.02618 0.08639 0.06021 0.01047 0.08639 0.13874 0.06806 0.00785 0.03403 0.02618 0.07853 0.05497 0.01047 0.02618 0.04188
A2CCT0                         0.09162 0.08901 0.02880 0.04450 0.00785 0.03403 0.09424 0.07068 0.01309 0.05236 0.12827 0.03141 0.02356 0.02880 0.04188 0.06806 0.03927 0.01047 0.02094 0.08115
Q7V2Z4                         0.04712 0.07330 0.06545 0.04450 0.00785 0.02618 0.09162 0.05759 0.01047 0.08639 0.13874 0.06283 0.00524 0.03665 0.02880 0.08115 0.05759 0.01047 0.02356 0.04450
A8G2W5                         0.04712 0.06806 0.06545 0.04450 0.00785 0.02618 0.08901 0.06021 0.01309 0.09162 0.13613 0.06545 0.01047 0.03403 0.02618 0.08377 0.05236 0.01047 0.02618 0.04188
Q31CM8                         0.04974 0.06806 0.06806 0.04712 0.00785 0.02618 0.08901 0.06021 0.01047 0.08639 0.13874 0.06806 0.00785 0.03403 0.02618 0.08115 0.05236 0.01047 0.02618 0.04188
Q7VDN4                         0.07853 0.08115 0.04188 0.04712 0.01047 0.02094 0.08901 0.06021 0.01571 0.09162 0.12042 0.05236 0.00785 0.02880 0.03665 0.08115 0.03665 0.01047 0.02094 0.06806
A5GQG6                         0.09424 0.09162 0.03141 0.04188 0.01047 0.03141 0.09948 0.07068 0.01309 0.06021 0.12827 0.03141 0.01571 0.02618 0.04188 0.07330 0.03141 0.01047 0.02094 0.07592
A3PB26                         0.04974 0.06806 0.06545 0.04712 0.00785 0.02618 0.08901 0.06021 0.01047 0.08901 0.13874 0.06806 0.00524 0.03403 0.02618 0.08377 0.05236 0.01047 0.02618 0.04188
A2BUT5                         0.04712 0.07068 0.07068 0.04450 0.00785 0.02618 0.08901 0.05759 0.01047 0.08639 0.13613 0.06545 0.00524 0.03665 0.03141 0.07853 0.05497 0.01047 0.02356 0.04712
B9YUE6                         0.07330 0.06021 0.05497 0.04188 0.01047 0.06283 0.09424 0.06283 0.02094 0.07330 0.11257 0.04974 0.01047 0.03665 0.02880 0.04712 0.05759 0.00785 0.03141 0.06283

Homogeneity statistic: X2 = 3.99539 G = 4.15073 

Average                        0.07269 0.07495 0.04627 0.04768 0.00854 0.03737 0.09291 0.06251 0.01534 0.07245 0.12155 0.05385 0.01490 0.03963 0.03178 0.06863 0.04164 0.00757 0.02783 0.06190

# constant sites:     60 (15.71%)
ln Lmax (unconstrained) = -2179.462598

AA distances (raw proportions of different sites)

A8EWH9         
A6Q521           0.4084
D1B3H8           0.4110  0.3822
A6Q785           0.4293  0.4031  0.3953
Q30TG3           0.4084  0.4188  0.3665  0.4110
Q7M9J2           0.4215  0.4031  0.3979  0.4058  0.4110
B9KCT9           0.4712  0.4555  0.4503  0.4555  0.4686  0.4948
B9L8F6           0.4712  0.4686  0.4738  0.4450  0.4764  0.4738  0.5236
Q4HGP5           0.4738  0.4503  0.4686  0.4764  0.5000  0.4764  0.3429  0.4974
A8FMF4           0.4895  0.4869  0.4869  0.5026  0.5079  0.5079  0.3848  0.5157  0.2827
Q4HSC8           0.5131  0.4921  0.4974  0.5000  0.5000  0.4948  0.3822  0.5131  0.3796  0.3848
A7H2Q6           0.4895  0.4843  0.4843  0.5052  0.5052  0.5079  0.3822  0.5131  0.2853  0.0079  0.3822
O26013           0.5471  0.5812  0.5628  0.5916  0.5812  0.5366  0.5916  0.5759  0.5733  0.6126  0.5890  0.6126
B4AYD2           0.5995  0.6178  0.6047  0.6230  0.6099  0.5942  0.6230  0.6178  0.6099  0.6126  0.6204  0.6152  0.6204
B7K5Z3           0.6021  0.6126  0.6099  0.6178  0.6099  0.6178  0.6257  0.6099  0.6099  0.6178  0.6335  0.6152  0.6414  0.2723
B7K9J7           0.5995  0.6283  0.6047  0.6309  0.6126  0.5995  0.6283  0.6178  0.6073  0.6126  0.6361  0.6152  0.6440  0.1414  0.2539
C7QSV3           0.6047  0.6152  0.6126  0.6204  0.6073  0.6152  0.6283  0.6099  0.6099  0.6178  0.6335  0.6152  0.6440  0.2749  0.0026  0.2513
B7MR33           0.6361  0.6492  0.6466  0.6309  0.6387  0.6204  0.6518  0.6257  0.6492  0.6361  0.6230  0.6335  0.6675  0.5681  0.5759  0.5707  0.5733
P03018           0.6361  0.6492  0.6466  0.6309  0.6387  0.6204  0.6518  0.6257  0.6492  0.6361  0.6230  0.6335  0.6675  0.5681  0.5759  0.5707  0.5733  0.0000
B7LU43           0.6361  0.6492  0.6466  0.6309  0.6387  0.6204  0.6518  0.6257  0.6492  0.6361  0.6230  0.6335  0.6675  0.5681  0.5759  0.5707  0.5733  0.0000  0.0000
B0JUH2           0.6230  0.6257  0.6099  0.6073  0.6152  0.6099  0.6571  0.6126  0.6257  0.6283  0.6361  0.6309  0.6492  0.3037  0.2618  0.2880  0.2592  0.5759  0.5759  0.5759
Q8DG65           0.6073  0.6335  0.6126  0.6414  0.6387  0.6204  0.6492  0.6257  0.6283  0.6178  0.6283  0.6178  0.6230  0.4188  0.4372  0.4241  0.4346  0.5602  0.5602  0.5602  0.4398
Q4BXQ8           0.6178  0.6309  0.6099  0.6204  0.6178  0.6047  0.6283  0.6152  0.6178  0.6047  0.6230  0.6021  0.6623  0.3194  0.2382  0.2906  0.2356  0.5890  0.5890  0.5890  0.2592  0.4503
A3IZ93           0.6204  0.6309  0.6126  0.6257  0.6152  0.6126  0.6335  0.6204  0.6152  0.6047  0.6152  0.6021  0.6440  0.2958  0.2251  0.2696  0.2225  0.5916  0.5916  0.5916  0.2644  0.4319  0.0838
Q2JLR3           0.6178  0.6152  0.6126  0.6414  0.6204  0.6073  0.6387  0.6047  0.6309  0.6257  0.6335  0.6230  0.6518  0.4215  0.4241  0.4267  0.4215  0.5759  0.5759  0.5759  0.4136  0.4215  0.4267  0.4084
B1WQ20           0.6230  0.6361  0.6099  0.6309  0.6099  0.6047  0.6335  0.6257  0.6204  0.6099  0.6230  0.6073  0.6545  0.2984  0.2330  0.2696  0.2304  0.5890  0.5890  0.5890  0.2592  0.4319  0.0812  0.0366  0.4136
P73465           0.6099  0.6230  0.6230  0.6257  0.6152  0.6204  0.6335  0.6283  0.6283  0.6283  0.6309  0.6309  0.6361  0.3298  0.3010  0.3037  0.3037  0.5838  0.5838  0.5838  0.3272  0.4424  0.3482  0.3272  0.4188  0.3403
B1XPI1           0.6230  0.6309  0.6178  0.6361  0.6126  0.5995  0.6623  0.6178  0.6309  0.6414  0.6387  0.6440  0.6466  0.3455  0.3141  0.3377  0.3115  0.5812  0.5812  0.5812  0.2958  0.4346  0.3168  0.3272  0.4031  0.3194  0.3639
B0C7R5           0.6283  0.6335  0.6099  0.6440  0.6257  0.6021  0.6309  0.6387  0.6361  0.6361  0.6230  0.6361  0.6335  0.3953  0.3691  0.3848  0.3665  0.5812  0.5812  0.5812  0.3770  0.4110  0.3717  0.3586  0.3534  0.3691  0.3665  0.3665
Q2JUV9           0.6073  0.6099  0.6204  0.6361  0.6152  0.5995  0.6361  0.6021  0.6309  0.6230  0.6283  0.6204  0.6440  0.4084  0.4188  0.4136  0.4162  0.5812  0.5812  0.5812  0.4162  0.3979  0.4267  0.4031  0.1126  0.4084  0.4084  0.4136  0.3325
B2IV62           0.6257  0.6335  0.6204  0.6414  0.6230  0.5942  0.6309  0.6047  0.6152  0.6126  0.6309  0.6099  0.6335  0.3691  0.3455  0.3508  0.3429  0.5707  0.5707  0.5707  0.3508  0.3927  0.3639  0.3665  0.3717  0.3717  0.3822  0.3482  0.3010  0.3717
Q8YNR6           0.6178  0.6283  0.6126  0.6230  0.6152  0.6021  0.6257  0.5995  0.6257  0.6204  0.6257  0.6178  0.6283  0.3770  0.3403  0.3508  0.3377  0.5785  0.5785  0.5785  0.3403  0.3796  0.3508  0.3508  0.3586  0.3613  0.3901  0.3272  0.2775  0.3613  0.1361
Q3M7R8           0.6204  0.6309  0.6126  0.6283  0.6230  0.6047  0.6309  0.6047  0.6257  0.6204  0.6283  0.6178  0.6283  0.3796  0.3377  0.3560  0.3351  0.5733  0.5733  0.5733  0.3377  0.3874  0.3586  0.3586  0.3534  0.3691  0.3874  0.3220  0.2749  0.3586  0.1440  0.0157
B8HPM2           0.6126  0.6335  0.6073  0.6440  0.6204  0.5942  0.6518  0.6073  0.6414  0.6361  0.6335  0.6335  0.6257  0.3874  0.3665  0.3848  0.3639  0.5864  0.5864  0.5864  0.3822  0.3717  0.3901  0.3717  0.3325  0.3796  0.3901  0.3586  0.2853  0.3325  0.3272  0.3141  0.3168
A0YZD8           0.5942  0.6178  0.6126  0.6152  0.6204  0.6126  0.6440  0.6073  0.6309  0.6257  0.6440  0.6283  0.6466  0.3874  0.3586  0.3743  0.3560  0.5916  0.5916  0.5916  0.3639  0.4450  0.3691  0.3796  0.3901  0.3796  0.3979  0.3639  0.3691  0.3927  0.3665  0.3482  0.3429  0.3743
Q31L71           0.6440  0.6335  0.6204  0.6440  0.6361  0.6230  0.6466  0.6126  0.6518  0.6440  0.6387  0.6414  0.6466  0.3979  0.4110  0.4110  0.4110  0.5969  0.5969  0.5969  0.4188  0.4215  0.4267  0.4162  0.3534  0.4162  0.4241  0.3979  0.3482  0.3377  0.3770  0.3665  0.3639  0.3586  0.3979
A0ZET8           0.6361  0.6230  0.6309  0.6361  0.6309  0.6073  0.6335  0.6099  0.6361  0.6204  0.6283  0.6178  0.6230  0.3665  0.3403  0.3534  0.3429  0.5785  0.5785  0.5785  0.3403  0.3953  0.3586  0.3560  0.3429  0.3639  0.3796  0.3429  0.3115  0.3586  0.1675  0.1387  0.1440  0.3089  0.3534  0.3534
A4CT78           0.6099  0.6335  0.6099  0.6204  0.6361  0.5995  0.6518  0.6126  0.6230  0.6335  0.6152  0.6361  0.6440  0.4398  0.4319  0.4346  0.4319  0.5681  0.5681  0.5681  0.4188  0.4058  0.4162  0.4110  0.3874  0.4110  0.4372  0.4241  0.3770  0.3953  0.3953  0.3874  0.3874  0.3613  0.3979  0.3246  0.3770
Q5N0Q3           0.6466  0.6361  0.6230  0.6466  0.6387  0.6257  0.6492  0.6152  0.6518  0.6492  0.6414  0.6466  0.6518  0.4031  0.4162  0.4136  0.4162  0.6021  0.6021  0.6021  0.4215  0.4267  0.4293  0.4162  0.3586  0.4188  0.4293  0.4005  0.3534  0.3429  0.3796  0.3691  0.3665  0.3639  0.4031  0.0052  0.3560  0.3298
A2C0D7           0.6230  0.6309  0.6204  0.6335  0.6178  0.5916  0.6466  0.5890  0.6126  0.6257  0.6126  0.6230  0.6387  0.4346  0.4215  0.4215  0.4215  0.5654  0.5654  0.5654  0.4424  0.4215  0.4241  0.4136  0.3953  0.4005  0.4346  0.4215  0.3927  0.3927  0.4031  0.3979  0.3979  0.3770  0.4293  0.3325  0.3953  0.1990  0.3351
Q46H75           0.6230  0.6309  0.6204  0.6335  0.6178  0.5916  0.6466  0.5890  0.6126  0.6257  0.6126  0.6230  0.6387  0.4346  0.4215  0.4215  0.4215  0.5654  0.5654  0.5654  0.4424  0.4215  0.4241  0.4136  0.3953  0.4005  0.4346  0.4215  0.3927  0.3927  0.4031  0.3979  0.3979  0.3770  0.4293  0.3325  0.3953  0.1990  0.3351  0.0000
Q3B0E6           0.6126  0.6335  0.6178  0.6230  0.6283  0.5969  0.6545  0.5969  0.6335  0.6335  0.6099  0.6309  0.6440  0.4450  0.4293  0.4319  0.4293  0.5785  0.5785  0.5785  0.4267  0.4188  0.4136  0.4110  0.3848  0.4136  0.4293  0.4372  0.3770  0.3874  0.3927  0.3901  0.3901  0.3665  0.4058  0.3141  0.3717  0.0890  0.3194  0.1859  0.1859
B5W1T5           0.6309  0.6387  0.6335  0.6414  0.6283  0.6309  0.6675  0.6126  0.6440  0.6335  0.6518  0.6309  0.6597  0.3927  0.3377  0.3691  0.3351  0.5681  0.5681  0.5681  0.3429  0.4424  0.3717  0.3717  0.3770  0.3770  0.3691  0.3874  0.3665  0.3665  0.3429  0.3377  0.3325  0.3613  0.2356  0.3927  0.3455  0.4031  0.3979  0.4241  0.4241  0.4058
Q7NHZ0           0.6387  0.6283  0.6257  0.6518  0.6257  0.6152  0.6492  0.6021  0.6597  0.6440  0.6309  0.6387  0.6518  0.4869  0.5000  0.4817  0.4974  0.5838  0.5838  0.5838  0.4764  0.4424  0.4869  0.4764  0.4110  0.4817  0.4843  0.4686  0.4241  0.4031  0.4424  0.4346  0.4319  0.4267  0.4607  0.4346  0.4503  0.4424  0.4398  0.4450  0.4450  0.4424  0.4738
Q063C0           0.6126  0.6335  0.6178  0.6230  0.6283  0.5969  0.6545  0.5969  0.6335  0.6335  0.6099  0.6309  0.6440  0.4476  0.4319  0.4346  0.4319  0.5785  0.5785  0.5785  0.4267  0.4188  0.4162  0.4136  0.3848  0.4162  0.4293  0.4372  0.3770  0.3874  0.3927  0.3901  0.3901  0.3665  0.4058  0.3141  0.3717  0.0890  0.3194  0.1859  0.1859  0.0052  0.4058  0.4424
Q3AN78           0.6152  0.6309  0.6230  0.6309  0.6283  0.6021  0.6545  0.6021  0.6335  0.6257  0.6204  0.6230  0.6518  0.4450  0.4319  0.4267  0.4319  0.5838  0.5838  0.5838  0.4372  0.4215  0.4110  0.4058  0.3796  0.4110  0.4372  0.4424  0.3743  0.3953  0.3927  0.3901  0.3901  0.3560  0.4110  0.3115  0.3691  0.0864  0.3168  0.1990  0.1990  0.0654  0.4031  0.4503  0.0628
A9BDV1           0.6099  0.6283  0.6099  0.6152  0.6152  0.5942  0.6414  0.5942  0.6152  0.6387  0.6073  0.6414  0.6492  0.4476  0.4607  0.4476  0.4607  0.5864  0.5864  0.5864  0.4503  0.4346  0.4634  0.4503  0.4346  0.4424  0.4581  0.4450  0.4188  0.4346  0.4398  0.4319  0.4319  0.4005  0.4476  0.3560  0.4293  0.1937  0.3560  0.1885  0.1885  0.1990  0.4607  0.4791  0.1963  0.2042
Q10WZ1           0.6283  0.6309  0.6230  0.5995  0.6152  0.6047  0.6518  0.6126  0.6283  0.6257  0.6309  0.6283  0.6361  0.4031  0.3613  0.3874  0.3586  0.5707  0.5707  0.5707  0.3534  0.4738  0.3691  0.3613  0.4450  0.3586  0.3901  0.4005  0.4058  0.4319  0.3953  0.3743  0.3743  0.3848  0.3351  0.4424  0.3796  0.4503  0.4476  0.4764  0.4764  0.4372  0.3534  0.4895  0.4372  0.4476  0.4738
Q7U9S2           0.6047  0.6309  0.6152  0.6230  0.6230  0.5969  0.6597  0.5995  0.6283  0.6335  0.6152  0.6309  0.6387  0.4398  0.4372  0.4293  0.4372  0.5707  0.5707  0.5707  0.4319  0.4110  0.4215  0.4188  0.3822  0.4215  0.4372  0.4319  0.3796  0.3927  0.3953  0.3979  0.3979  0.3665  0.4162  0.3141  0.3796  0.0812  0.3194  0.2016  0.2016  0.0524  0.4084  0.4476  0.0576  0.0550  0.2016  0.4450
Q0IDK9           0.6126  0.6309  0.6126  0.6257  0.6283  0.6073  0.6597  0.6047  0.6283  0.6257  0.6099  0.6230  0.6492  0.4581  0.4319  0.4503  0.4319  0.5812  0.5812  0.5812  0.4476  0.4215  0.4267  0.4241  0.3901  0.4241  0.4503  0.4398  0.3822  0.4031  0.4084  0.4005  0.4005  0.3639  0.4084  0.3325  0.3770  0.0628  0.3377  0.2068  0.2068  0.0890  0.4058  0.4529  0.0890  0.0785  0.2094  0.4529  0.0916
A3Z4E4           0.6126  0.6257  0.6152  0.6230  0.6309  0.6073  0.6545  0.6047  0.6257  0.6283  0.6152  0.6257  0.6387  0.4372  0.4241  0.4319  0.4241  0.5759  0.5759  0.5759  0.4188  0.3979  0.4136  0.4084  0.3822  0.4136  0.4293  0.4346  0.3770  0.3927  0.3953  0.3927  0.3927  0.3639  0.4031  0.3272  0.3770  0.0524  0.3325  0.1990  0.1990  0.0759  0.4058  0.4424  0.0759  0.0681  0.1990  0.4450  0.0733  0.0654
Q05UA4           0.6178  0.6283  0.6099  0.6283  0.6309  0.6073  0.6571  0.6099  0.6283  0.6309  0.6204  0.6283  0.6466  0.4555  0.4372  0.4450  0.4372  0.5707  0.5707  0.5707  0.4398  0.4162  0.4267  0.4215  0.3927  0.4215  0.4450  0.4372  0.3874  0.4031  0.4005  0.3953  0.3953  0.3665  0.4162  0.3298  0.3796  0.0393  0.3351  0.2016  0.2016  0.0785  0.4136  0.4450  0.0785  0.0707  0.1963  0.4581  0.0707  0.0524  0.0628
A5GIA1           0.6126  0.6309  0.6099  0.6178  0.6335  0.6021  0.6492  0.6152  0.6257  0.6387  0.6126  0.6414  0.6466  0.4372  0.4293  0.4319  0.4293  0.5707  0.5707  0.5707  0.4188  0.4110  0.4188  0.4084  0.3822  0.4136  0.4346  0.4241  0.3717  0.3901  0.3953  0.3874  0.3874  0.3586  0.3979  0.3220  0.3770  0.0157  0.3272  0.1963  0.1963  0.0890  0.4031  0.4450  0.0890  0.0916  0.1937  0.4503  0.0864  0.0707  0.0576  0.0524
A3YX34           0.6178  0.6335  0.6178  0.6230  0.6152  0.5995  0.6466  0.6099  0.6361  0.6440  0.6230  0.6414  0.6204  0.4372  0.4424  0.4372  0.4424  0.5654  0.5654  0.5654  0.4372  0.3953  0.4346  0.4241  0.3639  0.4267  0.4372  0.4215  0.3613  0.3639  0.3927  0.3901  0.3901  0.3560  0.4110  0.3115  0.3927  0.1309  0.3168  0.1806  0.1806  0.1283  0.4110  0.4424  0.1335  0.1387  0.2173  0.4634  0.1335  0.1492  0.1230  0.1204  0.1361
Q7V4N2           0.6152  0.6230  0.6021  0.6204  0.6204  0.5864  0.6440  0.6021  0.6230  0.6309  0.6073  0.6283  0.6466  0.4319  0.4450  0.4293  0.4450  0.5628  0.5628  0.5628  0.4267  0.4188  0.4293  0.4241  0.3979  0.4215  0.4424  0.4241  0.3717  0.4031  0.4031  0.4031  0.3979  0.3691  0.4058  0.3272  0.3874  0.1152  0.3325  0.1937  0.1937  0.1152  0.4188  0.4476  0.1178  0.1178  0.2016  0.4581  0.1126  0.1257  0.1099  0.1099  0.1152  0.1492
A2BPA4           0.6047  0.6492  0.6335  0.6335  0.6440  0.6257  0.6309  0.6021  0.6309  0.6387  0.6204  0.6361  0.6466  0.4974  0.4764  0.4791  0.4764  0.6099  0.6099  0.6099  0.4817  0.4738  0.4921  0.5026  0.4398  0.5026  0.4607  0.4869  0.4503  0.4319  0.4476  0.4607  0.4555  0.4529  0.4738  0.4267  0.4476  0.3743  0.4319  0.3586  0.3586  0.3508  0.4712  0.5026  0.3508  0.3586  0.3665  0.4712  0.3586  0.3770  0.3691  0.3717  0.3743  0.3665  0.3717
A2CCT0           0.6152  0.6230  0.6021  0.6204  0.6204  0.5864  0.6440  0.6021  0.6230  0.6309  0.6073  0.6283  0.6466  0.4293  0.4424  0.4267  0.4424  0.5628  0.5628  0.5628  0.4241  0.4162  0.4267  0.4215  0.3927  0.4188  0.4398  0.4241  0.3691  0.3979  0.4005  0.4005  0.3953  0.3639  0.4058  0.3246  0.3848  0.1099  0.3298  0.1911  0.1911  0.1099  0.4162  0.4476  0.1126  0.1126  0.1990  0.4555  0.1047  0.1204  0.1047  0.1047  0.1099  0.1440  0.0079  0.3691
Q7V2Z4           0.6178  0.6545  0.6257  0.6257  0.6414  0.6283  0.6387  0.6126  0.6361  0.6361  0.6257  0.6335  0.6623  0.4948  0.4791  0.4791  0.4791  0.6099  0.6099  0.6099  0.4738  0.4791  0.4895  0.5052  0.4346  0.5052  0.4712  0.4843  0.4581  0.4319  0.4555  0.4555  0.4529  0.4503  0.4712  0.4136  0.4503  0.3665  0.4188  0.3455  0.3455  0.3455  0.4686  0.5052  0.3455  0.3586  0.3508  0.4712  0.3586  0.3743  0.3613  0.3691  0.3665  0.3613  0.3613  0.0838  0.3613
A8G2W5           0.6099  0.6466  0.6335  0.6335  0.6414  0.6309  0.6361  0.5995  0.6309  0.6361  0.6204  0.6335  0.6492  0.4948  0.4791  0.4791  0.4791  0.6126  0.6126  0.6126  0.4791  0.4738  0.4921  0.5026  0.4372  0.5026  0.4634  0.4869  0.4450  0.4293  0.4503  0.4555  0.4503  0.4503  0.4791  0.4241  0.4476  0.3691  0.4293  0.3508  0.3508  0.3482  0.4764  0.4974  0.3482  0.3560  0.3613  0.4791  0.3534  0.3717  0.3613  0.3639  0.3691  0.3613  0.3613  0.0288  0.3586  0.0942
Q31CM8           0.6073  0.6492  0.6309  0.6309  0.6440  0.6283  0.6309  0.6021  0.6309  0.6387  0.6178  0.6361  0.6492  0.4948  0.4764  0.4764  0.4764  0.6073  0.6073  0.6073  0.4791  0.4738  0.4921  0.5026  0.4398  0.5026  0.4607  0.4869  0.4476  0.4319  0.4503  0.4607  0.4555  0.4529  0.4738  0.4267  0.4476  0.3691  0.4319  0.3534  0.3534  0.3455  0.4712  0.5026  0.3455  0.3586  0.3613  0.4686  0.3560  0.3743  0.3639  0.3691  0.3691  0.3639  0.3665  0.0052  0.3639  0.0785  0.0236
Q7VDN4           0.6204  0.6257  0.6283  0.6387  0.6518  0.5969  0.6597  0.6047  0.6466  0.6545  0.6387  0.6518  0.6440  0.4581  0.4686  0.4476  0.4686  0.5916  0.5916  0.5916  0.4660  0.4555  0.4738  0.4738  0.4188  0.4660  0.4686  0.4529  0.4372  0.4372  0.4398  0.4346  0.4346  0.4031  0.4581  0.3508  0.4424  0.2461  0.3508  0.2068  0.2068  0.2435  0.4398  0.4817  0.2435  0.2408  0.1780  0.4817  0.2435  0.2461  0.2408  0.2382  0.2461  0.2539  0.2408  0.3822  0.2356  0.3665  0.3717  0.3770
A5GQG6           0.6204  0.6257  0.6152  0.6204  0.6361  0.6073  0.6571  0.6073  0.6230  0.6335  0.6152  0.6361  0.6335  0.4424  0.4267  0.4372  0.4267  0.5707  0.5707  0.5707  0.4267  0.4110  0.4267  0.4162  0.3822  0.4215  0.4346  0.4346  0.3770  0.3848  0.3901  0.3901  0.3901  0.3508  0.4005  0.3298  0.3796  0.0838  0.3351  0.1963  0.1963  0.1178  0.4084  0.4424  0.1204  0.1178  0.2016  0.4450  0.1152  0.1099  0.0916  0.0916  0.0864  0.1414  0.1257  0.3508  0.1204  0.3482  0.3455  0.3482  0.2408
A3PB26           0.6047  0.6492  0.6335  0.6283  0.6440  0.6283  0.6283  0.5995  0.6309  0.6335  0.6178  0.6309  0.6492  0.4921  0.4738  0.4738  0.4738  0.6073  0.6073  0.6073  0.4791  0.4738  0.4895  0.5000  0.4372  0.5000  0.4607  0.4869  0.4476  0.4293  0.4503  0.4581  0.4529  0.4529  0.4712  0.4215  0.4476  0.3691  0.4267  0.3534  0.3534  0.3455  0.4712  0.5026  0.3455  0.3560  0.3586  0.4660  0.3560  0.3743  0.3639  0.3691  0.3691  0.3639  0.3665  0.0105  0.3639  0.0733  0.0236  0.0052  0.3743  0.3482
A2BUT5           0.6257  0.6571  0.6257  0.6283  0.6387  0.6204  0.6361  0.6152  0.6309  0.6361  0.6230  0.6335  0.6623  0.4895  0.4791  0.4738  0.4791  0.6126  0.6126  0.6126  0.4660  0.4634  0.4921  0.5079  0.4424  0.5026  0.4738  0.4869  0.4555  0.4372  0.4503  0.4503  0.4503  0.4450  0.4712  0.4084  0.4450  0.3665  0.4136  0.3377  0.3377  0.3455  0.4712  0.5026  0.3455  0.3560  0.3429  0.4712  0.3639  0.3770  0.3665  0.3691  0.3665  0.3534  0.3586  0.0916  0.3586  0.0393  0.1047  0.0890  0.3613  0.3482  0.0838
B9YUE6           0.6204  0.6204  0.6257  0.6335  0.6257  0.6047  0.6335  0.6152  0.6283  0.6257  0.6230  0.6230  0.6440  0.3796  0.3377  0.3508  0.3403  0.5812  0.5812  0.5812  0.3377  0.4136  0.3508  0.3482  0.3874  0.3613  0.3665  0.3351  0.3115  0.3665  0.1728  0.1597  0.1597  0.3325  0.3770  0.3770  0.1832  0.3979  0.3796  0.4031  0.4031  0.3927  0.3403  0.4529  0.3927  0.4005  0.4372  0.3901  0.4031  0.4031  0.4005  0.4058  0.3979  0.4058  0.4110  0.4634  0.4084  0.4581  0.4555  0.4634  0.4293  0.4058  0.4634  0.4555


TREE #  1:  (((((((((((((((((((((((53, 38), 52), 50), 51), ((49, 46), (45, 42))), (57, 55)), 62), (((61, 47), (41, 40)), ((64, 58), ((56, (60, 59)), 63)))), 54), (39, 36)), ((((((65, 37), 31), (33, 32)), ((48, (43, 35)), (28, (21, (((((26, 24), 23), (17, 15)), (16, 14)), 27))))), (34, 29)), (44, (30, 25)))), 22), ((20, 18), 19)), 13), 6), 1), 4), ((3, 5), 2)), 8), 7), 11), 9), 12, 10);   MP score: 3815
lnL(ntime: 63  np: 64): -19862.133631      +0.000000
  66..67   67..68   68..69   69..70   70..71   71..72   72..73   73..74   74..75   75..76   76..77   77..78   78..79   79..80   80..81   81..82   82..83   83..84   84..85   85..86   86..87   87..88   88..53   88..38   87..52   86..50   85..51   84..89   89..90   90..49   90..46   89..91   91..45   91..42   83..92   92..57   92..55   82..62   81..93   93..94   94..95   95..61   95..47   94..96   96..41   96..40   93..97   97..98   98..64   98..58   97..99   99..100 100..56  100..101 101..60  101..59   99..63   80..54   79..102 102..39  102..36   78..103 103..104 104..105 105..106 106..107 107..108 108..65  108..37  107..31  106..109 109..33  109..32  105..110 110..111 111..48  111..112 112..43  112..35  110..113 113..28  113..114 114..21  114..115 115..116 116..117 117..118 118..119 119..26  119..24  118..23  117..120 120..17  120..15  116..121 121..16  121..14  115..27  104..122 122..34  122..29  103..123 123..44  123..124 124..30  124..25   77..22   76..125 125..126 126..20  126..18  125..19   75..13   74..6    73..1    72..4    71..127 127..128 128..3   128..5   127..2    70..8    69..7    68..11   67..9    66..12   66..10 
 0.741091 0.741090 0.712271 0.695994 0.632447 0.620329 0.620329 0.620328 0.612023 0.570440 0.494500 0.400896 0.374132 0.300623 0.186140 0.184469 0.089777 0.077024 0.055283 0.042946 0.031724 0.026893 0.007839 0.035415 0.028256 0.002633 0.003816 0.174524 0.131315 0.091910 0.000000 0.031094 0.014451 0.007612 0.006497 0.006497 0.002633 0.360118 0.331846 0.306880 0.105471 0.105471 0.103340 0.008579 0.281386 0.245023 0.141296 0.239245 0.215063 0.212071 0.190965 0.145298 0.039006 0.017128 0.001265 0.072477 0.237010 0.297776 0.069065 0.000000 0.000000 0.434054 0.356939 0.753134

tree length =  15.37420

(((((((((((((((((((((((53: 0.007839, 38: 0.007839): 0.019054, 52: 0.026893): 0.004831, 50: 0.031724): 0.011222, 51: 0.042946): 0.012337, ((49: 0.028256, 46: 0.028256): 0.007159, (45: 0.002633, 42: 0.002633): 0.032782): 0.019869): 0.021740, (57: 0.003816, 55: 0.003816): 0.073207): 0.012754, 62: 0.089777): 0.094692, (((61: 0.091910, 47: 0.091910): 0.039405, (41: 0.000000, 40: 0.000000): 0.131315): 0.043210, ((64: 0.014451, 58: 0.014451): 0.016644, ((56: 0.006497, (60: 0.006497, 59: 0.006497): 0.000000): 0.001115, 63: 0.007612): 0.023482): 0.143430): 0.009945): 0.001671, 54: 0.186140): 0.114484, (39: 0.002633, 36: 0.002633): 0.297991): 0.073509, ((((((65: 0.103340, 37: 0.103340): 0.002130, 31: 0.105471): 0.000000, (33: 0.008579, 32: 0.008579): 0.096892): 0.201409, ((48: 0.245023, (43: 0.141296, 35: 0.141296): 0.103727): 0.036363, (28: 0.239245, (21: 0.215063, (((((26: 0.017128, 24: 0.017128): 0.021878, 23: 0.039006): 0.106292, (17: 0.001265, 15: 0.001265): 0.144033): 0.045667, (16: 0.072477, 14: 0.072477): 0.118488): 0.021106, 27: 0.212071): 0.002992): 0.024181): 0.042141): 0.025494): 0.024966, (34: 0.237010, 29: 0.237010): 0.094836): 0.028272, (44: 0.297776, (30: 0.069065, 25: 0.069065): 0.228711): 0.062341): 0.014014): 0.026764, 22: 0.400896): 0.093604, ((20: 0.000000, 18: 0.000000): 0.000000, 19: 0.000000): 0.494500): 0.075940, 13: 0.570440): 0.041583, 6: 0.612023): 0.008305, 1: 0.620328): 0.000001, 4: 0.620329): 0.000001, ((3: 0.356939, 5: 0.356939): 0.077114, 2: 0.434054): 0.186275): 0.012117, 8: 0.632447): 0.063547, 7: 0.695994): 0.016277, 11: 0.712271): 0.028819, 9: 0.741090): 0.000001, 12: 0.741091, 10: 0.741091);

(((((((((((((((((((((((A5GIA1: 0.007839, A4CT78: 0.007839): 0.019054, Q05UA4: 0.026893): 0.004831, Q0IDK9: 0.031724): 0.011222, A3Z4E4: 0.042946): 0.012337, ((Q7U9S2: 0.028256, Q3AN78: 0.028256): 0.007159, (Q063C0: 0.002633, Q3B0E6: 0.002633): 0.032782): 0.019869): 0.021740, (A2CCT0: 0.003816, Q7V4N2: 0.003816): 0.073207): 0.012754, A5GQG6: 0.089777): 0.094692, (((Q7VDN4: 0.091910, A9BDV1: 0.091910): 0.039405, (Q46H75: 0.000000, A2C0D7: 0.000000): 0.131315): 0.043210, ((A2BUT5: 0.014451, Q7V2Z4: 0.014451): 0.016644, ((A2BPA4: 0.006497, (Q31CM8: 0.006497, A8G2W5: 0.006497): 0.000000): 0.001115, A3PB26: 0.007612): 0.023482): 0.143430): 0.009945): 0.001671, A3YX34: 0.186140): 0.114484, (Q5N0Q3: 0.002633, Q31L71: 0.002633): 0.297991): 0.073509, ((((((B9YUE6: 0.103340, A0ZET8: 0.103340): 0.002130, B2IV62: 0.105471): 0.000000, (Q3M7R8: 0.008579, Q8YNR6: 0.008579): 0.096892): 0.201409, ((Q10WZ1: 0.245023, (B5W1T5: 0.141296, A0YZD8: 0.141296): 0.103727): 0.036363, (B1XPI1: 0.239245, (B0JUH2: 0.215063, (((((B1WQ20: 0.017128, A3IZ93: 0.017128): 0.021878, Q4BXQ8: 0.039006): 0.106292, (C7QSV3: 0.001265, B7K5Z3: 0.001265): 0.144033): 0.045667, (B7K9J7: 0.072477, B4AYD2: 0.072477): 0.118488): 0.021106, P73465: 0.212071): 0.002992): 0.024181): 0.042141): 0.025494): 0.024966, (B8HPM2: 0.237010, B0C7R5: 0.237010): 0.094836): 0.028272, (Q7NHZ0: 0.297776, (Q2JUV9: 0.069065, Q2JLR3: 0.069065): 0.228711): 0.062341): 0.014014): 0.026764, Q8DG65: 0.400896): 0.093604, ((B7LU43: 0.000000, B7MR33: 0.000000): 0.000000, P03018: 0.000000): 0.494500): 0.075940, O26013: 0.570440): 0.041583, Q7M9J2: 0.612023): 0.008305, A8EWH9: 0.620328): 0.000001, A6Q785: 0.620329): 0.000001, ((D1B3H8: 0.356939, Q30TG3: 0.356939): 0.077114, A6Q521: 0.434054): 0.186275): 0.012117, B9L8F6: 0.632447): 0.063547, B9KCT9: 0.695994): 0.016277, Q4HSC8: 0.712271): 0.028819, Q4HGP5: 0.741090): 0.000001, A7H2Q6: 0.741091, A8FMF4: 0.741091);

(((((((((((((((((((((((53_A5GIA1, 38_A4CT78) 88 , 52_Q05UA4) 87 , 50_Q0IDK9) 86 , 51_A3Z4E4) 85 , ((49_Q7U9S2, 46_Q3AN78) 90 , (45_Q063C0, 42_Q3B0E6) 91 ) 89 ) 84 , (57_A2CCT0, 55_Q7V4N2) 92 ) 83 , 62_A5GQG6) 82 , (((61_Q7VDN4, 47_A9BDV1) 95 , (41_Q46H75, 40_A2C0D7) 96 ) 94 , ((64_A2BUT5, 58_Q7V2Z4) 98 , ((56_A2BPA4, (60_Q31CM8, 59_A8G2W5) 101 ) 100 , 63_A3PB26) 99 ) 97 ) 93 ) 81 , 54_A3YX34) 80 , (39_Q5N0Q3, 36_Q31L71) 102 ) 79 , ((((((65_B9YUE6, 37_A0ZET8) 108 , 31_B2IV62) 107 , (33_Q3M7R8, 32_Q8YNR6) 109 ) 106 , ((48_Q10WZ1, (43_B5W1T5, 35_A0YZD8) 112 ) 111 , (28_B1XPI1, (21_B0JUH2, (((((26_B1WQ20, 24_A3IZ93) 119 , 23_Q4BXQ8) 118 , (17_C7QSV3, 15_B7K5Z3) 120 ) 117 , (16_B7K9J7, 14_B4AYD2) 121 ) 116 , 27_P73465) 115 ) 114 ) 113 ) 110 ) 105 , (34_B8HPM2, 29_B0C7R5) 122 ) 104 , (44_Q7NHZ0, (30_Q2JUV9, 25_Q2JLR3) 124 ) 123 ) 103 ) 78 , 22_Q8DG65) 77 , ((20_B7LU43, 18_B7MR33) 126 , 19_P03018) 125 ) 76 , 13_O26013) 75 , 6_Q7M9J2) 74 , 1_A8EWH9) 73 , 4_A6Q785) 72 , ((3_D1B3H8, 5_Q30TG3) 128 , 2_A6Q521) 127 ) 71 , 8_B9L8F6) 70 , 7_B9KCT9) 69 , 11_Q4HSC8) 68 , 9_Q4HGP5) 67 , 12_A7H2Q6, 10_A8FMF4) 66 ;

Detailed output identifying parameters

alpha (gamma, K = 4) =  0.75313
rate:   0.08555  0.38756  0.94307  2.58382
freq:   0.25000  0.25000  0.25000  0.25000

Time used: 11:51
