AAML (in paml version 4.6, August 2012)  288.aa
Model: Empirical for branches,  (../../../bin/LG.dat) dGamma (ncatG=5) ns =  65  ls = 1050


Frequencies..
                                    A      R      N      D      C      Q      E      G      H      I      L      K      M      F      P      S      T      W      Y      V
A8EUK3                         0.08190 0.03429 0.04381 0.06000 0.01238 0.01619 0.08286 0.07238 0.01143 0.08762 0.07524 0.07810 0.03524 0.04190 0.04190 0.06286 0.06571 0.00286 0.02476 0.06857
Q30QI7                         0.08476 0.04286 0.03810 0.06286 0.01333 0.02476 0.07810 0.07143 0.01524 0.08762 0.07714 0.05905 0.03238 0.04190 0.04286 0.06762 0.05619 0.00190 0.02857 0.07333
A6Q2F0                         0.08762 0.03810 0.03714 0.05524 0.00857 0.02857 0.08667 0.07238 0.01333 0.09143 0.08286 0.07238 0.02857 0.03619 0.04476 0.06000 0.05524 0.00190 0.03524 0.06381
B9L7I5                         0.09143 0.03619 0.04571 0.05429 0.01143 0.02381 0.09524 0.06857 0.00762 0.09048 0.07810 0.07238 0.02286 0.04000 0.04000 0.05429 0.05905 0.00286 0.03143 0.07429
D1AZ89                         0.09524 0.03810 0.04476 0.05810 0.01048 0.02857 0.07429 0.06667 0.01048 0.08952 0.06952 0.07238 0.03524 0.04476 0.04190 0.06095 0.05714 0.00190 0.03333 0.06667
Q7M7Q7                         0.09333 0.04095 0.03524 0.04857 0.01048 0.02762 0.08857 0.07048 0.01714 0.09429 0.08571 0.06667 0.03048 0.03714 0.04190 0.06762 0.05429 0.00286 0.02762 0.05905
A6Q9A3                         0.09238 0.03810 0.04476 0.06381 0.01143 0.02095 0.08476 0.07143 0.01333 0.08667 0.08095 0.06190 0.03524 0.04000 0.04286 0.06095 0.05619 0.00190 0.02762 0.06476
B9KDS2                         0.08381 0.03810 0.04571 0.05524 0.01048 0.03048 0.08000 0.06667 0.01333 0.09810 0.08095 0.07905 0.02762 0.04286 0.03810 0.06762 0.04762 0.00286 0.03238 0.05905
A8FK67                         0.08381 0.03810 0.04190 0.05810 0.01238 0.02476 0.07714 0.06762 0.01143 0.08952 0.08000 0.08476 0.03333 0.04476 0.04000 0.06190 0.04952 0.00381 0.03143 0.06571
A7H593                         0.08571 0.03810 0.04095 0.05810 0.01238 0.02476 0.07905 0.06571 0.01143 0.09143 0.07905 0.08476 0.03238 0.04571 0.04000 0.06286 0.04857 0.00381 0.03143 0.06381
Q4HG92                         0.07905 0.03714 0.04286 0.05619 0.01143 0.02762 0.07905 0.06762 0.01048 0.08857 0.08000 0.08286 0.03048 0.04286 0.03905 0.06762 0.05143 0.00286 0.03429 0.06857
Q4HQ69                         0.08571 0.04381 0.03905 0.05048 0.01429 0.02381 0.08476 0.06476 0.01238 0.08571 0.08857 0.08476 0.02571 0.04762 0.03905 0.06190 0.04857 0.00381 0.03333 0.06190
O25577                         0.08000 0.03333 0.03810 0.04762 0.01714 0.02952 0.08571 0.06190 0.01714 0.09429 0.10571 0.07429 0.02762 0.04286 0.04476 0.06857 0.04286 0.00286 0.02381 0.06190
P00968                         0.10476 0.06476 0.03238 0.05905 0.01333 0.03238 0.08286 0.07619 0.01429 0.06667 0.07714 0.05238 0.02952 0.03143 0.04095 0.04381 0.05619 0.00381 0.02857 0.08952
B7LWM4                         0.10381 0.06476 0.03238 0.05905 0.01333 0.03238 0.08286 0.07619 0.01429 0.06667 0.07714 0.05238 0.02952 0.03143 0.04095 0.04476 0.05619 0.00381 0.02857 0.08952
B7MNN9                         0.10381 0.06476 0.03238 0.05619 0.01333 0.03238 0.08571 0.07619 0.01524 0.06667 0.07714 0.05143 0.02952 0.03143 0.04095 0.04476 0.05619 0.00381 0.02857 0.08952
B9YR20                         0.09048 0.04762 0.03619 0.04667 0.01048 0.04190 0.08095 0.07238 0.01048 0.08952 0.08000 0.05333 0.02381 0.03238 0.05619 0.05333 0.06286 0.00476 0.03143 0.07524
Q5N3W1                         0.10286 0.06000 0.02381 0.05524 0.01048 0.05429 0.07905 0.07333 0.00762 0.08190 0.09143 0.03810 0.02095 0.03333 0.05714 0.05143 0.05905 0.00571 0.02571 0.06857
Q31QC6                         0.10286 0.06000 0.02381 0.05524 0.01048 0.05429 0.07905 0.07333 0.00762 0.08190 0.09143 0.03810 0.02095 0.03333 0.05714 0.05143 0.05905 0.00571 0.02571 0.06857
Q2JPR3                         0.10476 0.05905 0.02190 0.04857 0.01048 0.05429 0.08000 0.07524 0.01714 0.07714 0.08476 0.04000 0.02095 0.03333 0.05619 0.04667 0.05810 0.00381 0.02571 0.08190
A0ZM16                         0.09524 0.04667 0.02952 0.05429 0.01048 0.03524 0.07524 0.06762 0.01238 0.08286 0.08571 0.05333 0.02381 0.03619 0.05524 0.05429 0.07143 0.00476 0.02762 0.07810
B7KI91                         0.08381 0.04571 0.03143 0.05429 0.01048 0.04000 0.07905 0.07143 0.00952 0.08667 0.07905 0.05333 0.02476 0.03810 0.05429 0.05905 0.06571 0.00571 0.03143 0.07619
B2J980                         0.09524 0.05143 0.03048 0.05143 0.01048 0.03714 0.08286 0.07238 0.01048 0.08571 0.08762 0.05048 0.02476 0.03143 0.05238 0.04857 0.06952 0.00476 0.03048 0.07238
B4B675                         0.08952 0.04571 0.03238 0.05143 0.01048 0.04000 0.08000 0.06952 0.01048 0.08000 0.08286 0.05429 0.02571 0.03714 0.05429 0.05238 0.06857 0.00667 0.02952 0.07905
A3IR31                         0.08000 0.04476 0.02952 0.05714 0.01048 0.03619 0.08190 0.06952 0.01048 0.08286 0.07619 0.05714 0.02476 0.03429 0.04952 0.06381 0.06952 0.00476 0.03238 0.08476
Q55756                         0.08190 0.04857 0.02952 0.05143 0.01048 0.03524 0.08857 0.07143 0.01619 0.08190 0.08095 0.04857 0.02381 0.03429 0.05333 0.06286 0.06286 0.00476 0.03429 0.07905
B1XKJ1                         0.08571 0.04762 0.03048 0.05524 0.01143 0.03143 0.08762 0.07143 0.01429 0.08286 0.07810 0.05238 0.02762 0.03048 0.05333 0.05524 0.06667 0.00571 0.03333 0.07905
C7QWK8                         0.08190 0.04286 0.03333 0.05048 0.01143 0.04190 0.07714 0.06952 0.01238 0.08381 0.07810 0.05429 0.02667 0.03524 0.05333 0.06000 0.06667 0.00476 0.03238 0.08381
B7JXF9                         0.08095 0.04286 0.03333 0.05143 0.01143 0.04190 0.07619 0.06952 0.01238 0.08381 0.07810 0.05429 0.02667 0.03524 0.05333 0.06095 0.06667 0.00476 0.03238 0.08381
B1X1F9                         0.08190 0.04286 0.03048 0.05429 0.01048 0.03524 0.08286 0.06952 0.00952 0.08381 0.07619 0.06000 0.02476 0.03333 0.05048 0.06190 0.06952 0.00476 0.03429 0.08381
Q4C7W8                         0.08381 0.04571 0.03619 0.05238 0.01048 0.03619 0.08286 0.07143 0.01048 0.08381 0.07429 0.05619 0.02286 0.03429 0.05048 0.05810 0.07048 0.00476 0.03238 0.08286
Q3MBX1                         0.09429 0.05333 0.03238 0.05048 0.01048 0.03810 0.07905 0.07048 0.00952 0.08476 0.07905 0.05048 0.02667 0.03333 0.05524 0.05524 0.06571 0.00476 0.02952 0.07714
Q8YQL2                         0.09143 0.05333 0.03238 0.05048 0.01048 0.03714 0.08000 0.07048 0.00952 0.08476 0.07905 0.05143 0.02667 0.03333 0.05714 0.05333 0.06762 0.00476 0.02952 0.07714
A3Z1I9                         0.11333 0.07048 0.02476 0.05143 0.01238 0.03810 0.08476 0.07524 0.01238 0.06667 0.09810 0.02476 0.02095 0.03143 0.05524 0.06381 0.05524 0.00571 0.02000 0.07524
B0CBW9                         0.09714 0.04762 0.02857 0.05429 0.00952 0.05333 0.08381 0.06857 0.01333 0.08476 0.08667 0.04190 0.02095 0.03429 0.05524 0.05905 0.06095 0.00667 0.02857 0.06476
Q2JTS9                         0.10762 0.06095 0.02190 0.04571 0.00952 0.05048 0.07714 0.08000 0.01619 0.07048 0.09143 0.03810 0.02000 0.03238 0.05810 0.04381 0.06095 0.00476 0.02667 0.08381
Q7NJR3                         0.10857 0.06095 0.01905 0.05048 0.01143 0.04000 0.08476 0.07810 0.01429 0.07143 0.07905 0.04095 0.02190 0.03905 0.04952 0.04381 0.07143 0.00571 0.02190 0.08762
B8HR53                         0.10381 0.05524 0.02952 0.04857 0.00952 0.04286 0.07810 0.07048 0.01143 0.08286 0.09048 0.04571 0.02095 0.03524 0.05333 0.05333 0.06000 0.00667 0.02762 0.07429
Q8DGI5                         0.10857 0.05619 0.02857 0.04286 0.00952 0.04095 0.07810 0.07143 0.00952 0.08952 0.09048 0.04190 0.02476 0.02667 0.06000 0.05143 0.06762 0.00571 0.03143 0.06476
A4CV82                         0.10571 0.06762 0.02571 0.05619 0.01429 0.03429 0.07524 0.07714 0.01333 0.06571 0.09429 0.03143 0.02095 0.03048 0.05810 0.06571 0.06000 0.00667 0.02190 0.07524
A5GLP0                         0.10571 0.06667 0.02667 0.05429 0.01429 0.03619 0.07524 0.07619 0.01524 0.06571 0.09619 0.03143 0.02000 0.03048 0.05905 0.06381 0.05905 0.00667 0.02095 0.07619
B5W9P0                         0.09048 0.05048 0.03333 0.05619 0.01048 0.03429 0.07810 0.07429 0.00952 0.08095 0.08571 0.04952 0.02952 0.03238 0.05143 0.05524 0.06476 0.00571 0.03238 0.07524
B0JWX7                         0.08762 0.04667 0.03048 0.05333 0.01143 0.03714 0.07810 0.07333 0.01048 0.08286 0.08190 0.05619 0.02476 0.03619 0.05619 0.06095 0.06095 0.00571 0.03048 0.07524
A0YK43                         0.08952 0.05143 0.02762 0.05238 0.01143 0.03619 0.08381 0.07524 0.01048 0.08476 0.08667 0.05333 0.02952 0.03238 0.05333 0.05143 0.06000 0.00571 0.03048 0.07429
A5GSM4                         0.10762 0.06762 0.02952 0.05524 0.01810 0.04190 0.07714 0.08000 0.01238 0.06190 0.09714 0.03143 0.02095 0.02952 0.05429 0.05905 0.05429 0.00571 0.02190 0.07429
Q05Y85                         0.11429 0.06952 0.02190 0.05333 0.01524 0.04000 0.08381 0.07714 0.01238 0.06381 0.09524 0.02476 0.02000 0.02857 0.05619 0.05810 0.05810 0.00476 0.02190 0.08095
A3ZAP9                         0.11714 0.06857 0.02095 0.05905 0.01429 0.04095 0.07429 0.07714 0.01238 0.06476 0.09905 0.02667 0.01905 0.03048 0.05619 0.05905 0.05619 0.00381 0.02095 0.07905
Q7U7Z8                         0.10381 0.06667 0.02571 0.05429 0.01333 0.04286 0.07429 0.07905 0.01524 0.06762 0.09238 0.02571 0.02095 0.02952 0.05524 0.06571 0.06381 0.00571 0.02095 0.07714
Q0IAV9                         0.09905 0.06381 0.02476 0.05524 0.01333 0.03429 0.07619 0.07619 0.01524 0.06476 0.10286 0.03333 0.02095 0.03143 0.05524 0.06857 0.06190 0.00571 0.02095 0.07619
Q3AIL8                         0.10667 0.07048 0.02762 0.05524 0.01333 0.04190 0.08000 0.07619 0.01429 0.06952 0.08571 0.02857 0.02095 0.03143 0.05143 0.06571 0.06000 0.00571 0.02000 0.07524
Q065N4                         0.10476 0.06476 0.02476 0.05333 0.01333 0.03905 0.07810 0.07524 0.01429 0.06571 0.08857 0.03143 0.02381 0.03238 0.05143 0.06762 0.06571 0.00571 0.01905 0.08095
A2C1U1                         0.07143 0.04857 0.04571 0.05048 0.01429 0.02952 0.07714 0.06857 0.01143 0.09238 0.10000 0.05429 0.01810 0.03619 0.05143 0.07619 0.05524 0.00381 0.02762 0.06762
A2C9H1                         0.10762 0.06667 0.02667 0.05429 0.01524 0.04190 0.07810 0.07238 0.01429 0.07333 0.09429 0.02952 0.02190 0.03238 0.05429 0.06095 0.05429 0.00571 0.01905 0.07714
Q110M4                         0.09238 0.05048 0.02762 0.05333 0.01048 0.03429 0.08000 0.07714 0.01048 0.09238 0.08476 0.05429 0.02381 0.03143 0.05048 0.05524 0.06095 0.00667 0.03048 0.07333
Q7VC45                         0.07143 0.04952 0.04476 0.05143 0.01524 0.03143 0.07619 0.06952 0.01143 0.10381 0.08952 0.05143 0.02286 0.03619 0.05143 0.08571 0.04762 0.00476 0.02571 0.06000
Q7V7C7                         0.10476 0.06857 0.02857 0.05333 0.01524 0.04000 0.07619 0.07238 0.01524 0.07429 0.09429 0.02952 0.02190 0.03238 0.05333 0.06190 0.05714 0.00571 0.01905 0.07619
Q3AYM5                         0.10190 0.06476 0.02762 0.05714 0.01333 0.03905 0.07714 0.07429 0.01429 0.06667 0.08857 0.02762 0.02381 0.03238 0.05143 0.06762 0.06667 0.00571 0.01905 0.08095
A9BAL1                         0.07524 0.05143 0.03905 0.05333 0.01333 0.03429 0.07429 0.06952 0.01048 0.10190 0.09048 0.04952 0.01905 0.03143 0.05238 0.07714 0.05810 0.00476 0.02762 0.06667
Q46LB0                         0.07143 0.04857 0.04762 0.05048 0.01429 0.02952 0.07714 0.06762 0.01238 0.09429 0.10000 0.05333 0.01810 0.03619 0.05048 0.07714 0.05524 0.00381 0.02667 0.06571
A2BRB8                         0.07524 0.03524 0.05143 0.04571 0.01429 0.03048 0.08000 0.06476 0.01143 0.08952 0.10095 0.06857 0.01905 0.04000 0.04667 0.07810 0.05143 0.00381 0.02857 0.06476
A3PD43                         0.07143 0.03810 0.05619 0.04667 0.01524 0.03048 0.08190 0.06476 0.00952 0.09143 0.10095 0.06381 0.01714 0.04000 0.04667 0.08000 0.05238 0.00381 0.02762 0.06190
A2BWE6                         0.07048 0.03714 0.05905 0.05429 0.01429 0.03143 0.07619 0.06381 0.00857 0.09619 0.10476 0.06381 0.01810 0.03619 0.04667 0.07905 0.05048 0.00381 0.02952 0.05619
Q7V1N8                         0.07238 0.03810 0.06190 0.05333 0.01429 0.03048 0.07524 0.06476 0.01048 0.09048 0.10381 0.06571 0.01810 0.03810 0.04667 0.07524 0.04952 0.00381 0.02762 0.06000
Q31AR0                         0.07333 0.03524 0.05333 0.04952 0.01333 0.03048 0.07905 0.06571 0.00952 0.09714 0.09810 0.06857 0.01810 0.04000 0.04667 0.07619 0.05810 0.00381 0.02571 0.05810
A8G511                         0.07333 0.03619 0.05238 0.04952 0.01524 0.03048 0.08095 0.06476 0.01048 0.09810 0.10000 0.06381 0.01810 0.03905 0.04571 0.07810 0.05238 0.00381 0.03048 0.05714

Homogeneity statistic: X2 = 1.58436 G = 1.58751 

Average                        0.09181 0.05083 0.03455 0.05335 0.01231 0.03550 0.08016 0.07147 0.01218 0.08245 0.08724 0.05225 0.02432 0.03536 0.05020 0.06141 0.05925 0.00462 0.02772 0.07304

# constant sites:    321 (30.57%)
ln Lmax (unconstrained) = -6353.860003

AA distances (raw proportions of different sites)

A8EUK3         
Q30QI7           0.2476
A6Q2F0           0.2533  0.2590
B9L7I5           0.2390  0.2886  0.2286
D1AZ89           0.2448  0.2876  0.2295  0.2590
Q7M7Q7           0.2495  0.2590  0.2133  0.2590  0.2448
A6Q9A3           0.2543  0.2524  0.2295  0.2571  0.2352  0.2314
B9KDS2           0.3076  0.3343  0.2790  0.2905  0.2600  0.2895  0.3048
A8FK67           0.3114  0.3362  0.2838  0.3048  0.2562  0.2943  0.3000  0.1200
A7H593           0.3143  0.3390  0.2867  0.3057  0.2581  0.2971  0.3029  0.1219  0.0076
Q4HG92           0.3219  0.3419  0.2867  0.3048  0.2648  0.3067  0.3124  0.1133  0.0524  0.0562
Q4HQ69           0.3229  0.3514  0.2990  0.3181  0.2829  0.3067  0.3181  0.1562  0.1219  0.1248  0.1267
O25577           0.3571  0.3552  0.3333  0.3600  0.3352  0.3143  0.3343  0.3619  0.3657  0.3676  0.3714  0.3695
P00968           0.4181  0.4219  0.4219  0.4152  0.4286  0.4352  0.4286  0.4305  0.4305  0.4295  0.4324  0.4400  0.4438
B7LWM4           0.4181  0.4219  0.4219  0.4152  0.4295  0.4343  0.4276  0.4295  0.4305  0.4295  0.4324  0.4400  0.4429  0.0048
B7MNN9           0.4210  0.4210  0.4210  0.4181  0.4305  0.4333  0.4286  0.4305  0.4305  0.4295  0.4324  0.4390  0.4448  0.0067  0.0076
B9YR20           0.4286  0.4362  0.4162  0.4133  0.4190  0.4267  0.4305  0.4486  0.4581  0.4590  0.4562  0.4676  0.4619  0.4048  0.4038  0.4019
Q5N3W1           0.4324  0.4390  0.4238  0.4143  0.4200  0.4238  0.4324  0.4381  0.4410  0.4429  0.4467  0.4533  0.4762  0.3933  0.3943  0.3943  0.2210
Q31QC6           0.4324  0.4390  0.4238  0.4143  0.4200  0.4238  0.4324  0.4381  0.4410  0.4429  0.4467  0.4533  0.4762  0.3933  0.3943  0.3943  0.2210  0.0000
Q2JPR3           0.4295  0.4248  0.4248  0.3981  0.4267  0.4257  0.4305  0.4324  0.4381  0.4400  0.4410  0.4514  0.4486  0.3800  0.3800  0.3810  0.2610  0.2571  0.2571
A0ZM16           0.4248  0.4210  0.4143  0.4029  0.4143  0.4190  0.4305  0.4467  0.4533  0.4543  0.4524  0.4657  0.4610  0.3981  0.3990  0.3971  0.0962  0.2238  0.2238  0.2552
B7KI91           0.4229  0.4171  0.4095  0.4086  0.4181  0.4181  0.4210  0.4410  0.4457  0.4467  0.4467  0.4686  0.4562  0.4029  0.4010  0.4000  0.2086  0.2371  0.2371  0.2610  0.1924
B2J980           0.4314  0.4295  0.4152  0.4095  0.4171  0.4305  0.4219  0.4495  0.4533  0.4543  0.4524  0.4619  0.4610  0.3943  0.3952  0.3952  0.0981  0.2200  0.2200  0.2543  0.0876  0.2029
B4B675           0.4248  0.4248  0.4114  0.4114  0.4229  0.4229  0.4314  0.4429  0.4486  0.4495  0.4495  0.4638  0.4590  0.4000  0.3990  0.3990  0.2010  0.2267  0.2267  0.2543  0.1838  0.0638  0.1952
A3IR31           0.4229  0.4190  0.4181  0.4114  0.4190  0.4238  0.4238  0.4438  0.4505  0.4514  0.4486  0.4590  0.4590  0.3933  0.3933  0.3943  0.2067  0.2486  0.2486  0.2562  0.1981  0.1267  0.2019  0.1343
Q55756           0.4267  0.4219  0.4181  0.4143  0.4171  0.4171  0.4181  0.4476  0.4571  0.4571  0.4571  0.4686  0.4562  0.3943  0.3924  0.3914  0.2095  0.2467  0.2467  0.2610  0.2152  0.1476  0.1981  0.1552  0.1381
B1XKJ1           0.4200  0.4181  0.4162  0.4114  0.4267  0.4219  0.4181  0.4505  0.4514  0.4524  0.4571  0.4629  0.4543  0.3905  0.3905  0.3914  0.2190  0.2410  0.2410  0.2676  0.2171  0.1648  0.2105  0.1714  0.1657  0.1610
C7QWK8           0.4210  0.4171  0.4162  0.4048  0.4114  0.4229  0.4200  0.4429  0.4476  0.4486  0.4486  0.4571  0.4562  0.3943  0.3933  0.3943  0.1905  0.2267  0.2267  0.2533  0.1848  0.1333  0.1857  0.1314  0.0800  0.1419  0.1667
B7JXF9           0.4210  0.4171  0.4162  0.4048  0.4114  0.4229  0.4210  0.4429  0.4476  0.4486  0.4486  0.4571  0.4562  0.3943  0.3933  0.3943  0.1895  0.2267  0.2267  0.2533  0.1857  0.1324  0.1867  0.1314  0.0810  0.1429  0.1667  0.0019
B1X1F9           0.4257  0.4219  0.4229  0.4124  0.4200  0.4305  0.4276  0.4467  0.4524  0.4533  0.4505  0.4600  0.4629  0.3962  0.3962  0.3971  0.2029  0.2429  0.2429  0.2581  0.1924  0.1210  0.1952  0.1295  0.0190  0.1390  0.1648  0.0781  0.0790
Q4C7W8           0.4219  0.4210  0.4133  0.4048  0.4143  0.4190  0.4219  0.4400  0.4467  0.4476  0.4486  0.4562  0.4581  0.3981  0.3962  0.3971  0.2010  0.2419  0.2419  0.2581  0.1924  0.1314  0.1981  0.1352  0.0514  0.1400  0.1743  0.0762  0.0771  0.0476
Q3MBX1           0.4333  0.4267  0.4181  0.4133  0.4162  0.4257  0.4324  0.4467  0.4505  0.4514  0.4514  0.4676  0.4686  0.3981  0.3990  0.3971  0.0933  0.2190  0.2190  0.2486  0.0829  0.1895  0.0705  0.1810  0.2019  0.1990  0.2105  0.1867  0.1867  0.1933  0.1943
Q8YQL2           0.4324  0.4267  0.4162  0.4133  0.4162  0.4276  0.4324  0.4476  0.4514  0.4524  0.4514  0.4667  0.4676  0.3971  0.3981  0.3962  0.0943  0.2210  0.2210  0.2486  0.0819  0.1876  0.0724  0.1800  0.2000  0.1990  0.2095  0.1857  0.1857  0.1914  0.1924  0.0086
A3Z1I9           0.4410  0.4438  0.4371  0.4210  0.4324  0.4410  0.4476  0.4495  0.4562  0.4581  0.4581  0.4610  0.4752  0.4048  0.4048  0.4038  0.2981  0.2524  0.2524  0.3076  0.2857  0.2971  0.2933  0.2971  0.2971  0.2981  0.2971  0.2990  0.2990  0.2952  0.2886  0.2943  0.2952
B0CBW9           0.4371  0.4362  0.4257  0.4162  0.4314  0.4267  0.4295  0.4571  0.4552  0.4562  0.4571  0.4705  0.4590  0.3981  0.3962  0.3981  0.2295  0.2305  0.2305  0.2638  0.2200  0.2105  0.2248  0.2057  0.2238  0.2314  0.2381  0.2286  0.2295  0.2238  0.2229  0.2181  0.2152  0.3048
Q2JTS9           0.4371  0.4333  0.4343  0.4057  0.4305  0.4362  0.4448  0.4381  0.4390  0.4410  0.4429  0.4533  0.4562  0.3771  0.3771  0.3743  0.2743  0.2657  0.2657  0.0762  0.2610  0.2752  0.2705  0.2733  0.2781  0.2752  0.2819  0.2705  0.2705  0.2762  0.2762  0.2610  0.2610  0.3171  0.2781
Q7NJR3           0.4352  0.4238  0.4190  0.4095  0.4190  0.4248  0.4267  0.4324  0.4343  0.4362  0.4362  0.4419  0.4524  0.3705  0.3705  0.3714  0.2733  0.2686  0.2686  0.2467  0.2581  0.2838  0.2638  0.2752  0.2714  0.2752  0.2752  0.2743  0.2752  0.2733  0.2762  0.2543  0.2543  0.3086  0.2838  0.2495
B8HR53           0.4295  0.4286  0.4210  0.4095  0.4286  0.4171  0.4210  0.4448  0.4495  0.4495  0.4514  0.4629  0.4590  0.3952  0.3943  0.3933  0.1990  0.2200  0.2200  0.2562  0.1867  0.2048  0.1876  0.2019  0.2219  0.2171  0.2314  0.2238  0.2238  0.2200  0.2171  0.1819  0.1810  0.2800  0.1610  0.2648  0.2724
Q8DGI5           0.4324  0.4352  0.4248  0.4086  0.4200  0.4124  0.4286  0.4410  0.4467  0.4486  0.4495  0.4562  0.4419  0.3952  0.3933  0.3943  0.1990  0.2248  0.2248  0.2390  0.1886  0.2190  0.1895  0.2200  0.2276  0.2286  0.2333  0.2305  0.2295  0.2257  0.2276  0.1886  0.1886  0.2800  0.2029  0.2467  0.2676  0.1610
A4CV82           0.4352  0.4419  0.4352  0.4267  0.4248  0.4486  0.4390  0.4533  0.4571  0.4590  0.4571  0.4610  0.4676  0.4200  0.4190  0.4190  0.3152  0.2762  0.2762  0.3286  0.3190  0.3095  0.3152  0.3105  0.3124  0.3133  0.3086  0.3048  0.3057  0.3105  0.3057  0.3162  0.3143  0.1667  0.3133  0.3381  0.3324  0.3105  0.3095
A5GLP0           0.4352  0.4438  0.4381  0.4238  0.4276  0.4467  0.4429  0.4590  0.4600  0.4619  0.4629  0.4667  0.4676  0.4162  0.4152  0.4152  0.3210  0.2771  0.2771  0.3248  0.3210  0.3143  0.3162  0.3190  0.3152  0.3190  0.3067  0.3124  0.3124  0.3124  0.3095  0.3152  0.3133  0.1667  0.3152  0.3371  0.3362  0.3086  0.3086  0.0610
B5W9P0           0.4371  0.4314  0.4210  0.4171  0.4181  0.4229  0.4267  0.4495  0.4543  0.4552  0.4562  0.4724  0.4571  0.3905  0.3914  0.3914  0.2076  0.2181  0.2181  0.2686  0.2048  0.2229  0.2019  0.2200  0.2248  0.2143  0.2276  0.2171  0.2171  0.2181  0.2190  0.1943  0.1952  0.3010  0.2229  0.2781  0.2848  0.2076  0.2210  0.3257  0.3257
B0JWX7           0.4371  0.4295  0.4162  0.4133  0.4219  0.4143  0.4210  0.4381  0.4524  0.4533  0.4476  0.4543  0.4590  0.3952  0.3943  0.3933  0.2171  0.2467  0.2467  0.2648  0.2114  0.1514  0.2095  0.1505  0.1429  0.1543  0.1829  0.1476  0.1467  0.1400  0.1495  0.2114  0.2105  0.2895  0.2286  0.2800  0.2810  0.2114  0.2257  0.3095  0.3143  0.2143
A0YK43           0.4381  0.4343  0.4305  0.4286  0.4295  0.4200  0.4305  0.4543  0.4495  0.4505  0.4543  0.4686  0.4552  0.3943  0.3933  0.3943  0.2067  0.2286  0.2286  0.2629  0.2029  0.2133  0.2000  0.2152  0.2276  0.2229  0.2171  0.2248  0.2257  0.2229  0.2238  0.1990  0.2010  0.3000  0.2190  0.2838  0.2857  0.2171  0.2229  0.3152  0.3114  0.1514  0.2238
A5GSM4           0.4438  0.4362  0.4333  0.4267  0.4343  0.4390  0.4410  0.4505  0.4581  0.4600  0.4610  0.4733  0.4600  0.4171  0.4162  0.4152  0.3133  0.2857  0.2857  0.3200  0.3086  0.3095  0.3038  0.3124  0.3181  0.3152  0.3143  0.3105  0.3105  0.3210  0.3114  0.3067  0.3048  0.1714  0.3210  0.3371  0.3248  0.2990  0.3067  0.2010  0.1971  0.3210  0.3105  0.3229
Q05Y85           0.4419  0.4467  0.4276  0.4181  0.4295  0.4352  0.4410  0.4419  0.4543  0.4562  0.4524  0.4581  0.4619  0.4029  0.4038  0.4038  0.3114  0.2619  0.2619  0.3162  0.3105  0.3038  0.3010  0.3048  0.3048  0.2990  0.3029  0.3076  0.3067  0.3038  0.3029  0.3067  0.3057  0.1429  0.3086  0.3305  0.3238  0.2971  0.2962  0.1333  0.1333  0.3095  0.3029  0.3019  0.1819
A3ZAP9           0.4390  0.4419  0.4352  0.4295  0.4343  0.4400  0.4467  0.4514  0.4629  0.4648  0.4610  0.4667  0.4695  0.4143  0.4152  0.4133  0.3143  0.2667  0.2667  0.3276  0.3086  0.3086  0.3057  0.3105  0.3086  0.3133  0.3095  0.3114  0.3114  0.3076  0.3038  0.3048  0.3057  0.1543  0.3133  0.3419  0.3105  0.3029  0.3048  0.1429  0.1352  0.3105  0.3076  0.3057  0.1829  0.1133
Q7U7Z8           0.4486  0.4476  0.4362  0.4210  0.4410  0.4429  0.4486  0.4533  0.4629  0.4648  0.4610  0.4686  0.4676  0.4210  0.4200  0.4210  0.3257  0.2848  0.2848  0.3238  0.3190  0.3200  0.3152  0.3219  0.3229  0.3229  0.3190  0.3181  0.3181  0.3229  0.3143  0.3229  0.3238  0.1571  0.3257  0.3352  0.3333  0.3076  0.3124  0.1600  0.1543  0.3229  0.3219  0.3200  0.1829  0.1324  0.1438
Q0IAV9           0.4438  0.4429  0.4362  0.4257  0.4352  0.4476  0.4505  0.4571  0.4610  0.4629  0.4571  0.4629  0.4638  0.4190  0.4200  0.4219  0.3210  0.2838  0.2838  0.3324  0.3114  0.3162  0.3076  0.3181  0.3095  0.3152  0.3114  0.3114  0.3114  0.3095  0.3095  0.3114  0.3086  0.1733  0.3229  0.3390  0.3343  0.3143  0.3029  0.1314  0.1333  0.3190  0.3190  0.3200  0.1924  0.1343  0.1438  0.1590
Q3AIL8           0.4495  0.4448  0.4333  0.4219  0.4343  0.4314  0.4505  0.4438  0.4562  0.4581  0.4600  0.4571  0.4724  0.4229  0.4219  0.4219  0.3229  0.2762  0.2762  0.3314  0.3210  0.3267  0.3162  0.3219  0.3248  0.3219  0.3210  0.3200  0.3200  0.3248  0.3133  0.3200  0.3190  0.1667  0.3181  0.3400  0.3371  0.3076  0.3162  0.1571  0.1543  0.3219  0.3229  0.3152  0.1838  0.1324  0.1505  0.1124  0.1571
Q065N4           0.4390  0.4495  0.4305  0.4219  0.4429  0.4410  0.4524  0.4514  0.4619  0.4638  0.4648  0.4676  0.4686  0.4152  0.4133  0.4143  0.3219  0.2838  0.2838  0.3248  0.3181  0.3200  0.3210  0.3181  0.3124  0.3248  0.3152  0.3152  0.3162  0.3143  0.3076  0.3248  0.3238  0.1638  0.3133  0.3371  0.3276  0.3105  0.3181  0.1562  0.1619  0.3229  0.3229  0.3124  0.1876  0.1438  0.1524  0.1114  0.1648  0.1095
A2C1U1           0.4514  0.4610  0.4467  0.4333  0.4410  0.4571  0.4562  0.4448  0.4610  0.4619  0.4600  0.4657  0.4695  0.4276  0.4257  0.4248  0.3419  0.3181  0.3181  0.3543  0.3390  0.3305  0.3343  0.3371  0.3267  0.3371  0.3381  0.3267  0.3267  0.3257  0.3229  0.3343  0.3314  0.2571  0.3467  0.3590  0.3695  0.3343  0.3371  0.2438  0.2400  0.3410  0.3276  0.3343  0.2686  0.2524  0.2467  0.2524  0.2467  0.2524  0.2524
A2C9H1           0.4486  0.4476  0.4381  0.4286  0.4324  0.4495  0.4438  0.4571  0.4619  0.4638  0.4619  0.4610  0.4648  0.4190  0.4181  0.4162  0.3124  0.2667  0.2667  0.3257  0.3076  0.3143  0.3029  0.3143  0.3133  0.3162  0.3171  0.3095  0.3095  0.3076  0.3076  0.3095  0.3105  0.1629  0.3133  0.3324  0.3248  0.3019  0.3095  0.1533  0.1495  0.3171  0.3171  0.3171  0.1933  0.1381  0.1476  0.1581  0.1600  0.1600  0.1524  0.2467
Q110M4           0.4390  0.4400  0.4229  0.4248  0.4200  0.4229  0.4286  0.4410  0.4419  0.4429  0.4448  0.4543  0.4581  0.4010  0.4000  0.3990  0.2133  0.2381  0.2381  0.2590  0.2067  0.2067  0.2000  0.2057  0.2124  0.2133  0.2267  0.2095  0.2086  0.2086  0.2029  0.1943  0.1952  0.3000  0.2133  0.2752  0.2800  0.1971  0.2105  0.3210  0.3181  0.2019  0.2114  0.1933  0.3200  0.3114  0.3143  0.3267  0.3276  0.3238  0.3219  0.3400  0.3095
Q7VC45           0.4438  0.4562  0.4448  0.4371  0.4476  0.4505  0.4467  0.4543  0.4667  0.4667  0.4648  0.4657  0.4705  0.4352  0.4362  0.4362  0.3505  0.3229  0.3229  0.3543  0.3514  0.3495  0.3514  0.3524  0.3429  0.3524  0.3486  0.3438  0.3438  0.3448  0.3448  0.3514  0.3505  0.2629  0.3457  0.3695  0.3800  0.3419  0.3438  0.2505  0.2505  0.3581  0.3448  0.3571  0.2771  0.2543  0.2610  0.2543  0.2505  0.2590  0.2562  0.2438  0.2524  0.3524
Q7V7C7           0.4505  0.4505  0.4410  0.4295  0.4352  0.4505  0.4486  0.4581  0.4629  0.4648  0.4629  0.4629  0.4686  0.4190  0.4181  0.4171  0.3162  0.2676  0.2676  0.3276  0.3105  0.3152  0.3067  0.3162  0.3152  0.3190  0.3190  0.3105  0.3105  0.3105  0.3095  0.3133  0.3143  0.1629  0.3114  0.3343  0.3257  0.3019  0.3105  0.1514  0.1505  0.3200  0.3190  0.3181  0.1914  0.1390  0.1486  0.1562  0.1600  0.1562  0.1562  0.2438  0.0200  0.3133  0.2467
Q3AYM5           0.4429  0.4514  0.4333  0.4238  0.4438  0.4390  0.4552  0.4543  0.4638  0.4657  0.4667  0.4676  0.4686  0.4162  0.4143  0.4152  0.3229  0.2848  0.2848  0.3267  0.3181  0.3210  0.3200  0.3181  0.3133  0.3257  0.3200  0.3210  0.3219  0.3143  0.3095  0.3248  0.3238  0.1667  0.3171  0.3390  0.3286  0.3124  0.3162  0.1590  0.1610  0.3229  0.3219  0.3143  0.1905  0.1410  0.1495  0.1086  0.1638  0.1095  0.0200  0.2476  0.1543  0.3219  0.2533  0.1562
A9BAL1           0.4476  0.4543  0.4400  0.4362  0.4410  0.4562  0.4533  0.4571  0.4648  0.4638  0.4648  0.4705  0.4819  0.4276  0.4267  0.4276  0.3362  0.3029  0.3029  0.3467  0.3267  0.3333  0.3286  0.3390  0.3276  0.3295  0.3390  0.3248  0.3248  0.3248  0.3200  0.3343  0.3324  0.2457  0.3286  0.3610  0.3657  0.3267  0.3257  0.2476  0.2438  0.3343  0.3381  0.3362  0.2657  0.2352  0.2486  0.2410  0.2371  0.2448  0.2410  0.2200  0.2324  0.3305  0.2229  0.2305  0.2438
Q46LB0           0.4514  0.4610  0.4448  0.4333  0.4410  0.4562  0.4552  0.4448  0.4610  0.4619  0.4600  0.4657  0.4695  0.4257  0.4238  0.4229  0.3419  0.3171  0.3171  0.3562  0.3390  0.3324  0.3343  0.3390  0.3276  0.3381  0.3390  0.3276  0.3276  0.3267  0.3238  0.3343  0.3314  0.2562  0.3467  0.3610  0.3686  0.3333  0.3352  0.2457  0.2419  0.3410  0.3286  0.3343  0.2686  0.2524  0.2476  0.2514  0.2476  0.2524  0.2524  0.0105  0.2457  0.3390  0.2457  0.2429  0.2486  0.2210
A2BRB8           0.4486  0.4562  0.4514  0.4429  0.4448  0.4486  0.4562  0.4514  0.4476  0.4495  0.4495  0.4590  0.4762  0.4390  0.4381  0.4390  0.3400  0.3400  0.3400  0.3648  0.3438  0.3448  0.3457  0.3419  0.3429  0.3467  0.3495  0.3419  0.3419  0.3429  0.3410  0.3390  0.3390  0.3105  0.3410  0.3762  0.3810  0.3429  0.3486  0.2981  0.2981  0.3514  0.3419  0.3486  0.3181  0.3048  0.3181  0.3171  0.3038  0.3200  0.3162  0.2990  0.3057  0.3619  0.3038  0.3038  0.3095  0.3000  0.3000
A3PD43           0.4448  0.4581  0.4533  0.4410  0.4448  0.4476  0.4610  0.4438  0.4486  0.4505  0.4495  0.4552  0.4724  0.4362  0.4362  0.4362  0.3410  0.3371  0.3371  0.3610  0.3400  0.3457  0.3438  0.3410  0.3410  0.3486  0.3524  0.3381  0.3390  0.3410  0.3410  0.3362  0.3352  0.3095  0.3400  0.3714  0.3752  0.3419  0.3467  0.2971  0.2971  0.3495  0.3410  0.3438  0.3162  0.3067  0.3171  0.3181  0.3019  0.3162  0.3105  0.2990  0.3038  0.3629  0.3010  0.3019  0.3067  0.2990  0.3000  0.0467
A2BWE6           0.4571  0.4686  0.4543  0.4448  0.4486  0.4533  0.4600  0.4533  0.4495  0.4505  0.4533  0.4629  0.4762  0.4390  0.4371  0.4381  0.3486  0.3448  0.3448  0.3752  0.3552  0.3524  0.3495  0.3476  0.3448  0.3514  0.3600  0.3438  0.3448  0.3495  0.3390  0.3457  0.3457  0.3162  0.3390  0.3857  0.3790  0.3486  0.3524  0.3067  0.3048  0.3524  0.3438  0.3571  0.3190  0.3152  0.3162  0.3248  0.3162  0.3181  0.3219  0.2971  0.3152  0.3676  0.3048  0.3114  0.3171  0.3029  0.2971  0.1200  0.1276
Q7V1N8           0.4505  0.4667  0.4552  0.4419  0.4486  0.4543  0.4638  0.4600  0.4571  0.4590  0.4590  0.4686  0.4790  0.4410  0.4410  0.4419  0.3505  0.3467  0.3467  0.3724  0.3533  0.3543  0.3552  0.3438  0.3514  0.3505  0.3562  0.3467  0.3467  0.3543  0.3467  0.3495  0.3495  0.3152  0.3448  0.3848  0.3876  0.3533  0.3571  0.3057  0.3057  0.3533  0.3467  0.3524  0.3200  0.3181  0.3200  0.3305  0.3162  0.3190  0.3210  0.2962  0.3124  0.3705  0.3105  0.3086  0.3171  0.3048  0.2990  0.1181  0.1229  0.0771
Q31AR0           0.4505  0.4543  0.4543  0.4429  0.4467  0.4486  0.4571  0.4476  0.4476  0.4495  0.4505  0.4562  0.4714  0.4314  0.4314  0.4324  0.3400  0.3400  0.3400  0.3638  0.3419  0.3448  0.3419  0.3438  0.3448  0.3514  0.3552  0.3448  0.3448  0.3448  0.3438  0.3400  0.3390  0.3124  0.3410  0.3724  0.3762  0.3410  0.3457  0.2962  0.2990  0.3533  0.3419  0.3505  0.3181  0.3048  0.3162  0.3143  0.3019  0.3133  0.3143  0.2962  0.3057  0.3619  0.3000  0.3019  0.3095  0.2971  0.2962  0.0657  0.0667  0.1286  0.1257
A8G511           0.4486  0.4610  0.4552  0.4467  0.4505  0.4514  0.4610  0.4467  0.4467  0.4486  0.4486  0.4505  0.4743  0.4352  0.4343  0.4343  0.3400  0.3429  0.3429  0.3676  0.3467  0.3495  0.3476  0.3448  0.3429  0.3514  0.3533  0.3429  0.3429  0.3448  0.3429  0.3438  0.3438  0.3152  0.3429  0.3762  0.3771  0.3457  0.3467  0.2981  0.3057  0.3524  0.3390  0.3505  0.3210  0.3124  0.3190  0.3229  0.3095  0.3181  0.3152  0.3019  0.3086  0.3648  0.3057  0.3057  0.3105  0.3029  0.3019  0.0514  0.0467  0.1171  0.1200  0.0733
