AAML (in paml version 4.6, August 2012)  249.aa
Model: Empirical for branches,  (../../../bin/LG.dat) dGamma (ncatG=4) ns =  65  ls = 480


Frequencies..
                                    A      R      N      D      C      Q      E      G      H      I      L      K      M      F      P      S      T      W      Y      V
A8ERZ5                         0.07292 0.03333 0.03333 0.05417 0.01458 0.02083 0.07917 0.05208 0.02292 0.07500 0.11042 0.08125 0.02292 0.06042 0.02500 0.08125 0.05625 0.00417 0.03750 0.06250
Q30QH1                         0.07917 0.03125 0.02708 0.05208 0.01250 0.02083 0.08333 0.04792 0.03125 0.07292 0.09792 0.07500 0.02708 0.06042 0.02500 0.08750 0.06042 0.00208 0.03958 0.06667
A6Q2Q2                         0.08750 0.03750 0.03333 0.04583 0.00833 0.02917 0.09792 0.05625 0.03125 0.08333 0.10208 0.07917 0.02708 0.05208 0.02500 0.05833 0.05000 0.00625 0.03958 0.05000
A6Q7N7                         0.09583 0.03125 0.02917 0.05625 0.01250 0.02292 0.08958 0.05625 0.02708 0.07708 0.10000 0.06458 0.02917 0.05833 0.02917 0.06250 0.06458 0.00208 0.04167 0.05000
D1B3N4                         0.08750 0.03542 0.03125 0.05000 0.00833 0.01667 0.08333 0.05208 0.03125 0.08750 0.12292 0.07292 0.02708 0.05000 0.03125 0.06250 0.05417 0.00417 0.03750 0.05417
B9KFE8                         0.09583 0.03333 0.03750 0.04792 0.01667 0.03125 0.08542 0.04792 0.02083 0.06875 0.11667 0.07292 0.01875 0.04792 0.02292 0.06458 0.05000 0.00208 0.04792 0.07083
Q7MAU3                         0.08958 0.04792 0.02500 0.03958 0.01458 0.02292 0.09583 0.06250 0.03125 0.07083 0.10833 0.07292 0.03125 0.04583 0.02917 0.06458 0.04167 0.00208 0.04375 0.06042
Q4HS74                         0.08333 0.03958 0.03958 0.05000 0.01458 0.02708 0.08542 0.04792 0.02083 0.07917 0.12500 0.07917 0.02083 0.05625 0.02500 0.06458 0.04375 0.00208 0.03958 0.05625
Q4HHI5                         0.09583 0.03542 0.03750 0.05000 0.01667 0.02500 0.08750 0.04375 0.02083 0.07083 0.11042 0.07917 0.02500 0.05833 0.02292 0.06458 0.05208 0.00417 0.03958 0.06042
A8FN45                         0.09167 0.03542 0.03333 0.05208 0.01458 0.02708 0.08542 0.04583 0.02500 0.07292 0.10625 0.08542 0.03125 0.05417 0.02083 0.07083 0.04375 0.00625 0.04167 0.05625
A7H1X3                         0.08958 0.03542 0.03333 0.05208 0.01667 0.02708 0.08542 0.04583 0.02500 0.07292 0.10417 0.08542 0.02917 0.05833 0.02083 0.06667 0.04375 0.00625 0.04167 0.06042
B9L6I4                         0.08333 0.02917 0.04792 0.05000 0.00625 0.01667 0.09167 0.05625 0.02083 0.09167 0.08958 0.09375 0.02292 0.06250 0.02500 0.05417 0.05417 0.00208 0.03958 0.06250
O26060                         0.08750 0.03542 0.04375 0.03542 0.01250 0.02083 0.09583 0.03958 0.03125 0.05833 0.14375 0.08125 0.02292 0.04792 0.01875 0.10417 0.02708 0.00208 0.03958 0.05208
B7LK73                         0.09167 0.05833 0.03333 0.04792 0.00625 0.03333 0.08333 0.06458 0.03125 0.07708 0.12292 0.04167 0.02292 0.02708 0.03542 0.06458 0.05000 0.00417 0.03125 0.07292
P17169                         0.09167 0.05833 0.03542 0.04583 0.00625 0.03333 0.08542 0.06250 0.03125 0.07917 0.12292 0.04167 0.02292 0.02708 0.03542 0.06875 0.04583 0.00417 0.03125 0.07083
A3IP15                         0.10833 0.05000 0.02917 0.03958 0.01042 0.04792 0.08125 0.05833 0.02917 0.08542 0.11458 0.03958 0.01875 0.03542 0.04375 0.04167 0.05208 0.00417 0.02917 0.08125
B7N2G8                         0.09167 0.05833 0.03542 0.04583 0.00625 0.03333 0.08542 0.06250 0.03125 0.07917 0.12500 0.04167 0.02292 0.02708 0.03333 0.06875 0.04583 0.00417 0.03125 0.07083
Q8DJI6                         0.09792 0.05625 0.02708 0.03542 0.00833 0.06042 0.07917 0.05833 0.02708 0.07083 0.13333 0.02708 0.01458 0.03125 0.06667 0.03333 0.05625 0.00833 0.03125 0.07708
B1WVM9                         0.11042 0.05000 0.02917 0.03750 0.01042 0.04583 0.08750 0.05833 0.02917 0.08542 0.11458 0.03750 0.01875 0.03542 0.04375 0.04167 0.05000 0.00417 0.02917 0.08125
P72720                         0.11458 0.04167 0.02083 0.03542 0.00833 0.05833 0.07292 0.06042 0.03333 0.08125 0.12500 0.03750 0.01458 0.03750 0.04792 0.03333 0.06875 0.00417 0.02500 0.07917
A0YKZ0                         0.09583 0.05000 0.02708 0.04375 0.01042 0.03958 0.08333 0.05833 0.02083 0.07917 0.13125 0.04792 0.01042 0.03333 0.05208 0.05000 0.05208 0.00417 0.03125 0.07917
B2J394                         0.12083 0.05000 0.03125 0.03333 0.00417 0.04792 0.08542 0.05833 0.02917 0.08750 0.11667 0.03958 0.01042 0.03542 0.05208 0.03958 0.05000 0.00208 0.03125 0.07500
B5VXY5                         0.09792 0.05208 0.02917 0.04792 0.01042 0.04792 0.07500 0.06250 0.02083 0.08333 0.12708 0.03958 0.01667 0.03125 0.05625 0.05000 0.04583 0.00625 0.02708 0.07292
B1XKA4                         0.10833 0.04583 0.02917 0.04167 0.00625 0.05417 0.07917 0.06042 0.02500 0.09167 0.11250 0.03333 0.01875 0.03542 0.04583 0.03750 0.06875 0.00417 0.03125 0.07083
Q3M7E4                         0.11250 0.04792 0.02917 0.03125 0.00417 0.04792 0.08958 0.06042 0.03125 0.08542 0.12083 0.03958 0.01250 0.03333 0.05000 0.04583 0.04792 0.00208 0.03542 0.07292
B7K563                         0.10625 0.04792 0.02500 0.04167 0.01250 0.05208 0.08333 0.05833 0.02708 0.08333 0.12083 0.03542 0.02292 0.03542 0.04792 0.03958 0.05625 0.00417 0.02708 0.07292
B7KHQ4                         0.10000 0.04792 0.03333 0.04167 0.00833 0.04583 0.07917 0.06042 0.02708 0.08542 0.11875 0.03333 0.01875 0.03125 0.04792 0.04167 0.06667 0.00417 0.02917 0.07917
B0JIM9                         0.09167 0.05417 0.03125 0.04167 0.00625 0.04375 0.08125 0.06250 0.02083 0.08958 0.12083 0.03750 0.01250 0.03333 0.05417 0.04792 0.05417 0.00417 0.03542 0.07708
Q4CAG7                         0.10208 0.05000 0.03542 0.04167 0.01250 0.05000 0.07917 0.06042 0.02917 0.09167 0.11458 0.03542 0.02083 0.03333 0.04792 0.03958 0.05000 0.00417 0.02917 0.07292
C7QRQ5                         0.10833 0.04792 0.02500 0.04167 0.01250 0.05000 0.08333 0.05625 0.02708 0.08333 0.12083 0.03542 0.02292 0.03542 0.04792 0.03958 0.05833 0.00417 0.02708 0.07292
B4B287                         0.10000 0.04792 0.03750 0.03542 0.00833 0.04583 0.08542 0.06250 0.02500 0.08125 0.12917 0.03750 0.01875 0.03125 0.04375 0.04792 0.05625 0.00417 0.02708 0.07500
B9YU28                         0.10625 0.05000 0.02292 0.02917 0.01042 0.04375 0.09583 0.06875 0.02292 0.08750 0.11042 0.04167 0.01875 0.03542 0.05000 0.03958 0.05208 0.00417 0.03333 0.07708
A0ZCQ8                         0.11875 0.04792 0.03333 0.03125 0.00417 0.05000 0.07917 0.06458 0.02292 0.08333 0.12292 0.03750 0.01667 0.03542 0.05417 0.03542 0.05417 0.00208 0.03333 0.07292
A5GQ78                         0.12917 0.06042 0.01250 0.04583 0.01042 0.05208 0.06667 0.06875 0.02917 0.05417 0.16042 0.02292 0.01042 0.02292 0.06458 0.03958 0.05417 0.00417 0.02083 0.07083
A4CTH6                         0.13333 0.06042 0.01667 0.03958 0.00417 0.03958 0.08333 0.07083 0.03125 0.05208 0.13750 0.02292 0.01250 0.03333 0.06250 0.04583 0.04583 0.00625 0.02292 0.07917
Q05UF9                         0.12917 0.06458 0.01458 0.04792 0.00417 0.04792 0.07708 0.06875 0.02708 0.05833 0.12917 0.01875 0.01042 0.03333 0.06042 0.04583 0.05000 0.00625 0.02292 0.08333
B8HJN6                         0.10000 0.05625 0.02917 0.04375 0.00833 0.05000 0.07500 0.05833 0.02708 0.06458 0.13542 0.03125 0.01042 0.03542 0.05417 0.03125 0.07292 0.00417 0.03333 0.07917
Q119B0                         0.10208 0.04167 0.04792 0.04167 0.00833 0.05625 0.07500 0.05417 0.02292 0.08958 0.11250 0.03542 0.01458 0.03125 0.04375 0.05208 0.05000 0.00625 0.02917 0.08542
Q7NIG8                         0.11458 0.06667 0.02500 0.04375 0.00833 0.03333 0.07917 0.07083 0.02292 0.08125 0.12708 0.03125 0.00625 0.03125 0.05000 0.04167 0.05208 0.00417 0.02708 0.08333
A2C554                         0.08125 0.04375 0.02708 0.03542 0.00417 0.04167 0.07500 0.06875 0.02917 0.08333 0.12292 0.04792 0.01042 0.04583 0.05000 0.07083 0.05833 0.00625 0.02917 0.06875
Q2JMH6                         0.12708 0.06250 0.02708 0.03333 0.00625 0.04583 0.07708 0.06667 0.02917 0.06042 0.11458 0.03542 0.02292 0.02083 0.04167 0.04167 0.05000 0.00833 0.03333 0.09583
Q46IK5                         0.08333 0.04375 0.02708 0.03542 0.00417 0.03958 0.07708 0.06875 0.02917 0.08333 0.12292 0.04792 0.01250 0.04583 0.05000 0.07083 0.05625 0.00625 0.02708 0.06875
B0BZ99                         0.10625 0.05625 0.02917 0.03750 0.00625 0.05208 0.08958 0.05417 0.02500 0.06875 0.11875 0.03125 0.01667 0.03333 0.05625 0.03542 0.06667 0.00417 0.02917 0.08333
A9BD49                         0.09375 0.03958 0.01458 0.03958 0.00833 0.05208 0.07917 0.06667 0.02917 0.08333 0.13125 0.04375 0.01250 0.03750 0.05000 0.07083 0.05000 0.00625 0.02500 0.06667
Q0IDV1                         0.13333 0.05625 0.01458 0.03958 0.00417 0.04167 0.07917 0.06875 0.02917 0.05208 0.13333 0.02708 0.01458 0.03542 0.06458 0.04583 0.05208 0.00625 0.02500 0.07708
Q5N3E3                         0.10417 0.05625 0.02708 0.04375 0.00625 0.04792 0.07500 0.06875 0.02500 0.06667 0.13125 0.02708 0.01250 0.03125 0.05000 0.04583 0.05000 0.00625 0.03125 0.09375
Q31QV3                         0.10417 0.05625 0.02708 0.04375 0.00625 0.04792 0.07500 0.06875 0.02500 0.06667 0.13125 0.02708 0.01250 0.03125 0.05000 0.04583 0.05000 0.00625 0.03125 0.09375
Q2JUB1                         0.12500 0.06667 0.02292 0.03333 0.00625 0.04792 0.07708 0.06667 0.02708 0.06250 0.11458 0.03542 0.02292 0.01875 0.04167 0.03750 0.05417 0.00625 0.03333 0.10000
Q7U9V8                         0.13125 0.05417 0.01458 0.03750 0.00625 0.04583 0.07917 0.07083 0.03750 0.04583 0.13333 0.02083 0.01667 0.03333 0.06250 0.04583 0.05625 0.00625 0.02083 0.08125
A5GI60                         0.13958 0.05833 0.01667 0.04167 0.00417 0.04167 0.07500 0.06875 0.03125 0.05208 0.13333 0.02083 0.01458 0.03333 0.06250 0.04792 0.04375 0.00625 0.02292 0.08542
Q062X7                         0.13750 0.05208 0.01875 0.03958 0.00625 0.03542 0.07917 0.07083 0.03333 0.05417 0.13125 0.02500 0.01875 0.03333 0.05833 0.03958 0.05417 0.00625 0.02708 0.07917
Q3B0I1                         0.13958 0.05208 0.01875 0.03750 0.00625 0.03750 0.07500 0.06875 0.03125 0.05625 0.13542 0.02500 0.01875 0.03333 0.05833 0.03958 0.05417 0.00625 0.02708 0.07917
Q7V4J8                         0.12500 0.06250 0.01458 0.04167 0.00625 0.04167 0.07500 0.06667 0.02917 0.05417 0.14375 0.02708 0.01042 0.03333 0.06250 0.04583 0.04792 0.00625 0.02500 0.08125
A3Z492                         0.14167 0.05833 0.01250 0.03125 0.00417 0.04375 0.08333 0.06458 0.03542 0.05208 0.13333 0.01875 0.01458 0.03333 0.06042 0.04583 0.05000 0.00625 0.02292 0.08750
Q3ANC8                         0.13958 0.05625 0.01250 0.04167 0.00417 0.05417 0.07083 0.06875 0.03333 0.05208 0.12917 0.02292 0.01875 0.03125 0.06250 0.05000 0.04167 0.00625 0.02292 0.08125
A3YXS9                         0.12917 0.05833 0.01250 0.04167 0.00625 0.05000 0.07292 0.06875 0.03750 0.05000 0.15625 0.02083 0.01042 0.03125 0.06250 0.03542 0.05208 0.00417 0.01875 0.08125
Q7V9R2                         0.10625 0.03958 0.02708 0.04167 0.00833 0.03542 0.07917 0.06250 0.02292 0.07917 0.12708 0.04375 0.01458 0.04792 0.05000 0.06458 0.05833 0.00625 0.02708 0.05833
A2CCX4                         0.12500 0.06042 0.01458 0.03958 0.00625 0.04167 0.07500 0.06875 0.03333 0.05417 0.14167 0.02708 0.01042 0.03542 0.06250 0.04583 0.04583 0.00625 0.02500 0.08125
A8G7B2                         0.08750 0.03333 0.05625 0.04167 0.00625 0.03125 0.07292 0.05417 0.01875 0.11458 0.10417 0.05833 0.01667 0.04583 0.05417 0.06250 0.04583 0.00625 0.03125 0.05833
Q318D5                         0.08958 0.02917 0.05000 0.04583 0.00625 0.02708 0.07500 0.05833 0.01875 0.11667 0.10417 0.06250 0.01667 0.04375 0.05417 0.06250 0.04375 0.00625 0.03125 0.05833
A2BYZ0                         0.09583 0.03125 0.03333 0.03958 0.00417 0.03542 0.08125 0.06042 0.01875 0.12083 0.10417 0.06250 0.01042 0.04583 0.05417 0.06250 0.04167 0.00625 0.03333 0.05833
A3PF97                         0.08542 0.03125 0.05417 0.04375 0.00625 0.03125 0.07708 0.05625 0.02083 0.11667 0.11042 0.05625 0.01667 0.04375 0.05417 0.06667 0.04167 0.00417 0.03125 0.05208
Q7UZQ2                         0.08958 0.02708 0.04167 0.04792 0.00625 0.03542 0.07500 0.05833 0.01667 0.11250 0.11458 0.06042 0.01042 0.04167 0.05000 0.06458 0.04792 0.00625 0.03333 0.06042
A2BTI8                         0.08542 0.02917 0.05417 0.04375 0.00625 0.02917 0.07708 0.05625 0.01875 0.11458 0.10833 0.06250 0.01667 0.04375 0.05417 0.06667 0.04375 0.00625 0.03125 0.05208
Q8YRI3                         0.11250 0.04792 0.02708 0.03125 0.00417 0.04583 0.08958 0.06042 0.03125 0.08542 0.12083 0.04375 0.01250 0.03333 0.05000 0.04583 0.04792 0.00208 0.03542 0.07292

Homogeneity statistic: X2 = 3.15133 G = 3.13999 

Average                        0.10526 0.04747 0.02913 0.04179 0.00814 0.03997 0.08112 0.06071 0.02705 0.07708 0.12179 0.04503 0.01756 0.03853 0.04676 0.05269 0.05157 0.00484 0.03112 0.07237

# constant sites:     85 (17.71%)
ln Lmax (unconstrained) = -2815.929546

AA distances (raw proportions of different sites)

A8ERZ5         
Q30QH1           0.2833
A6Q2Q2           0.2833  0.3042
A6Q7N7           0.3042  0.2979  0.3021
D1B3N4           0.3104  0.3000  0.3146  0.2687
B9KFE8           0.3354  0.3063  0.3354  0.3438  0.2979
Q7MAU3           0.3396  0.3250  0.3167  0.3208  0.3354  0.3250
Q4HS74           0.3417  0.3458  0.3271  0.3312  0.2938  0.2125  0.3500
Q4HHI5           0.3646  0.3542  0.3542  0.3604  0.3187  0.2333  0.3708  0.1458
A8FN45           0.3667  0.3500  0.3500  0.3500  0.3063  0.2354  0.3771  0.1521  0.0917
A7H1X3           0.3708  0.3521  0.3500  0.3521  0.3104  0.2354  0.3792  0.1562  0.0958  0.0146
B9L6I4           0.3521  0.3521  0.3000  0.3312  0.3458  0.3500  0.3479  0.3604  0.3875  0.3833  0.3792
O26060           0.4646  0.4562  0.4542  0.4833  0.4646  0.4604  0.4458  0.4667  0.4667  0.4792  0.4833  0.4583
B7LK73           0.5958  0.5708  0.5625  0.5813  0.5938  0.5875  0.5896  0.5813  0.5875  0.6000  0.5979  0.5938  0.6062
P17169           0.5958  0.5750  0.5646  0.5833  0.5979  0.5896  0.5896  0.5813  0.5854  0.5979  0.5958  0.5938  0.6042  0.0104
A3IP15           0.5896  0.6000  0.5729  0.5958  0.6042  0.5813  0.5792  0.5896  0.6021  0.6083  0.6104  0.6083  0.6250  0.5292  0.5292
B7N2G8           0.5958  0.5750  0.5646  0.5833  0.5979  0.5896  0.5896  0.5813  0.5854  0.5979  0.5958  0.5938  0.6042  0.0125  0.0021  0.5312
Q8DJI6           0.5979  0.6104  0.5813  0.5979  0.6062  0.6042  0.5875  0.5979  0.6167  0.6146  0.6208  0.6000  0.6250  0.5250  0.5250  0.2354  0.5271
B1WVM9           0.5917  0.6021  0.5708  0.5958  0.6042  0.5813  0.5813  0.5854  0.6000  0.6021  0.6083  0.6104  0.6271  0.5229  0.5229  0.0125  0.5250  0.2292
P72720           0.5854  0.5896  0.5813  0.6042  0.6021  0.5917  0.5896  0.5854  0.6042  0.6104  0.6167  0.6000  0.6292  0.5375  0.5375  0.2083  0.5396  0.2271  0.2083
A0YKZ0           0.5896  0.6062  0.5667  0.5917  0.5958  0.5708  0.5792  0.5708  0.5917  0.5917  0.5979  0.6021  0.6292  0.5354  0.5333  0.2583  0.5354  0.2375  0.2521  0.2646
B2J394           0.5979  0.6042  0.5833  0.5938  0.6104  0.5958  0.5875  0.5979  0.6125  0.6250  0.6229  0.6000  0.6417  0.5250  0.5229  0.2604  0.5229  0.2125  0.2542  0.2604  0.2333
B5VXY5           0.6000  0.6083  0.5896  0.6000  0.6021  0.5958  0.5813  0.5917  0.6021  0.6042  0.6062  0.6042  0.6354  0.5396  0.5396  0.2521  0.5417  0.2208  0.2458  0.2687  0.1458  0.2146
B1XKA4           0.5896  0.6000  0.5771  0.5896  0.5938  0.5896  0.5875  0.5854  0.5979  0.6042  0.6062  0.5917  0.6271  0.5333  0.5312  0.2229  0.5312  0.2375  0.2188  0.2542  0.2687  0.2583  0.2646
Q3M7E4           0.5917  0.6062  0.5833  0.5938  0.5979  0.5854  0.5896  0.5875  0.6042  0.6146  0.6125  0.6021  0.6375  0.5312  0.5292  0.2417  0.5292  0.1979  0.2458  0.2417  0.2375  0.0875  0.2188  0.2562
B7K563           0.5979  0.5979  0.5771  0.5917  0.6000  0.5813  0.5813  0.5813  0.5854  0.6042  0.6021  0.6083  0.6208  0.5208  0.5208  0.0771  0.5229  0.2375  0.0771  0.2000  0.2479  0.2604  0.2417  0.2313  0.2458
B7KHQ4           0.6021  0.6083  0.5854  0.6000  0.6021  0.5896  0.6021  0.5938  0.6000  0.6104  0.6125  0.6021  0.6229  0.5229  0.5208  0.1854  0.5229  0.2604  0.1812  0.2125  0.2396  0.2458  0.2375  0.2208  0.2437  0.1729
B0JIM9           0.5875  0.6229  0.5813  0.6042  0.6104  0.5958  0.6000  0.6000  0.6125  0.6250  0.6292  0.6062  0.6292  0.5250  0.5250  0.2104  0.5271  0.2583  0.2083  0.2250  0.2646  0.2521  0.2500  0.2479  0.2417  0.1979  0.1833
Q4CAG7           0.6000  0.6042  0.5813  0.5958  0.6062  0.5854  0.5896  0.5833  0.5958  0.5979  0.6042  0.6083  0.6271  0.5188  0.5188  0.0583  0.5208  0.2292  0.0583  0.2083  0.2542  0.2625  0.2417  0.2271  0.2375  0.0813  0.1854  0.2000
C7QRQ5           0.6000  0.6021  0.5771  0.5917  0.5979  0.5833  0.5833  0.5813  0.5875  0.5979  0.6042  0.6104  0.6208  0.5271  0.5271  0.0792  0.5292  0.2354  0.0750  0.1979  0.2437  0.2667  0.2458  0.2333  0.2521  0.0083  0.1750  0.2000  0.0792
B4B287           0.6000  0.6000  0.5771  0.5917  0.6062  0.5875  0.5958  0.5833  0.5979  0.6083  0.6104  0.6000  0.6312  0.5208  0.5188  0.1792  0.5208  0.2479  0.1750  0.2146  0.2437  0.2417  0.2354  0.2146  0.2375  0.1688  0.0771  0.1875  0.1854  0.1708
B9YU28           0.6021  0.6104  0.5833  0.5979  0.6125  0.5979  0.5917  0.5958  0.6104  0.6125  0.6188  0.6083  0.6333  0.5354  0.5333  0.2417  0.5333  0.1938  0.2333  0.2479  0.2354  0.1562  0.2188  0.2500  0.1479  0.2437  0.2500  0.2479  0.2396  0.2417  0.2437
A0ZCQ8           0.6021  0.6167  0.5875  0.5958  0.6083  0.6042  0.5958  0.6000  0.6146  0.6229  0.6250  0.6062  0.6354  0.5375  0.5354  0.2521  0.5354  0.2208  0.2521  0.2542  0.2313  0.0958  0.2167  0.2479  0.0813  0.2479  0.2417  0.2333  0.2437  0.2479  0.2333  0.1625
A5GQ78           0.6125  0.6188  0.6042  0.6104  0.6146  0.6167  0.6125  0.6146  0.6167  0.6250  0.6292  0.6250  0.6417  0.5417  0.5417  0.3771  0.5437  0.3250  0.3708  0.3542  0.3521  0.3625  0.3354  0.3750  0.3604  0.3563  0.3792  0.3812  0.3625  0.3542  0.3729  0.3750  0.3625
A4CTH6           0.5979  0.6021  0.5854  0.6000  0.6083  0.5917  0.5958  0.5938  0.6042  0.6062  0.6104  0.6167  0.6500  0.5479  0.5458  0.3792  0.5479  0.3354  0.3750  0.3646  0.3521  0.3500  0.3417  0.3667  0.3396  0.3563  0.3750  0.3729  0.3750  0.3604  0.3646  0.3646  0.3563  0.2146
Q05UF9           0.5979  0.6042  0.5958  0.5979  0.6062  0.5979  0.6000  0.5979  0.6021  0.6104  0.6125  0.6188  0.6458  0.5417  0.5437  0.3708  0.5458  0.3229  0.3688  0.3521  0.3708  0.3583  0.3479  0.3771  0.3479  0.3542  0.3750  0.3667  0.3729  0.3583  0.3708  0.3604  0.3563  0.2083  0.1167
B8HJN6           0.6000  0.6104  0.5854  0.6062  0.6062  0.5979  0.5896  0.6000  0.6104  0.6167  0.6229  0.6125  0.6417  0.5333  0.5333  0.2521  0.5354  0.1396  0.2437  0.2375  0.2125  0.1917  0.1938  0.2458  0.1854  0.2500  0.2417  0.2542  0.2396  0.2458  0.2375  0.1896  0.2083  0.3375  0.3396  0.3563
Q119B0           0.6125  0.6125  0.5896  0.6250  0.6062  0.5979  0.5958  0.5979  0.6104  0.6125  0.6188  0.6104  0.6396  0.5542  0.5542  0.3063  0.5563  0.2625  0.3021  0.2979  0.2292  0.2771  0.2208  0.2958  0.2667  0.3000  0.2854  0.3042  0.3021  0.2979  0.2792  0.3000  0.2729  0.3688  0.3729  0.3771  0.2521
Q7NIG8           0.5979  0.5771  0.5667  0.5854  0.5833  0.5604  0.5771  0.5792  0.5938  0.6000  0.5979  0.5938  0.6396  0.5188  0.5188  0.3167  0.5208  0.2854  0.3146  0.3229  0.3042  0.2812  0.2979  0.3250  0.2792  0.3146  0.3104  0.3229  0.3271  0.3208  0.3021  0.2938  0.2833  0.3708  0.3917  0.3875  0.2812  0.3146
A2C554           0.5917  0.6250  0.6062  0.6167  0.6271  0.6229  0.6146  0.6271  0.6292  0.6375  0.6375  0.6042  0.6625  0.5729  0.5667  0.4250  0.5687  0.3896  0.4250  0.4000  0.4000  0.3958  0.4000  0.3979  0.3917  0.4125  0.4062  0.4167  0.4271  0.4167  0.4042  0.4125  0.4083  0.3312  0.3021  0.3042  0.3958  0.4167  0.4333
Q2JMH6           0.6250  0.6333  0.6021  0.6146  0.6042  0.6000  0.6271  0.6188  0.6062  0.6250  0.6292  0.6292  0.6438  0.5396  0.5396  0.5417  0.5417  0.5208  0.5375  0.5375  0.5312  0.5396  0.5271  0.5375  0.5188  0.5375  0.5312  0.5354  0.5458  0.5333  0.5292  0.5208  0.5271  0.5521  0.5521  0.5542  0.5229  0.5542  0.5021  0.5750
Q46IK5           0.5938  0.6292  0.6042  0.6167  0.6271  0.6229  0.6167  0.6271  0.6292  0.6354  0.6375  0.6125  0.6646  0.5771  0.5708  0.4271  0.5729  0.3958  0.4271  0.4021  0.3979  0.4000  0.4042  0.4062  0.3958  0.4188  0.4125  0.4229  0.4250  0.4208  0.4083  0.4146  0.4125  0.3312  0.3021  0.3021  0.3979  0.4146  0.4375  0.0187  0.5750
B0BZ99           0.6042  0.6062  0.5687  0.5979  0.6083  0.6000  0.5875  0.6021  0.6083  0.6208  0.6208  0.6146  0.6354  0.5250  0.5250  0.2542  0.5271  0.1875  0.2500  0.2542  0.2729  0.2354  0.2583  0.2521  0.2208  0.2562  0.2562  0.2750  0.2625  0.2604  0.2458  0.2313  0.2396  0.3333  0.3417  0.3417  0.1792  0.2646  0.2708  0.4042  0.5250  0.4000
A9BD49           0.5896  0.6062  0.5938  0.6042  0.6062  0.6062  0.6062  0.5917  0.6146  0.6104  0.6167  0.6000  0.6396  0.5729  0.5708  0.3917  0.5729  0.3708  0.3917  0.3771  0.3729  0.3708  0.3708  0.3792  0.3833  0.3792  0.4021  0.3896  0.3875  0.3792  0.3812  0.3917  0.3688  0.2771  0.2313  0.2229  0.3750  0.3979  0.4333  0.2875  0.5708  0.2854  0.3667
Q0IDV1           0.6042  0.6188  0.5979  0.6000  0.6167  0.6000  0.6000  0.6021  0.6042  0.6146  0.6146  0.6167  0.6417  0.5583  0.5583  0.3750  0.5604  0.3396  0.3708  0.3625  0.3500  0.3583  0.3417  0.3729  0.3583  0.3583  0.3750  0.3750  0.3729  0.3604  0.3667  0.3667  0.3667  0.2167  0.1167  0.1292  0.3417  0.3729  0.3917  0.3083  0.5625  0.3063  0.3542  0.2354
Q5N3E3           0.6208  0.6146  0.6042  0.6021  0.6104  0.5958  0.6062  0.5896  0.6000  0.6083  0.6062  0.6104  0.6500  0.5417  0.5396  0.3021  0.5417  0.2708  0.2979  0.3063  0.2854  0.2729  0.2729  0.2812  0.2687  0.2958  0.2979  0.3042  0.2958  0.3021  0.2812  0.2896  0.2771  0.3375  0.3229  0.3375  0.2729  0.2917  0.3458  0.3812  0.5375  0.3875  0.2833  0.3583  0.3292
Q31QV3           0.6208  0.6146  0.6042  0.6021  0.6104  0.5958  0.6062  0.5896  0.6000  0.6083  0.6062  0.6104  0.6500  0.5417  0.5396  0.3021  0.5417  0.2708  0.2979  0.3063  0.2854  0.2729  0.2729  0.2812  0.2687  0.2958  0.2979  0.3042  0.2958  0.3021  0.2812  0.2896  0.2771  0.3375  0.3229  0.3375  0.2729  0.2917  0.3458  0.3812  0.5375  0.3875  0.2833  0.3583  0.3292  0.0000
Q2JUB1           0.6208  0.6250  0.5917  0.6021  0.5917  0.5979  0.6167  0.6104  0.6062  0.6146  0.6167  0.6271  0.6438  0.5354  0.5354  0.5271  0.5375  0.5104  0.5229  0.5354  0.5188  0.5250  0.5125  0.5250  0.5125  0.5229  0.5208  0.5333  0.5333  0.5188  0.5125  0.5125  0.5125  0.5437  0.5437  0.5396  0.5083  0.5354  0.4979  0.5687  0.0813  0.5687  0.5188  0.5583  0.5437  0.5229  0.5229
Q7U9V8           0.6146  0.6229  0.6083  0.6042  0.6146  0.6083  0.6146  0.6042  0.6188  0.6271  0.6271  0.6250  0.6438  0.5563  0.5563  0.3792  0.5583  0.3500  0.3812  0.3667  0.3667  0.3646  0.3542  0.3896  0.3521  0.3688  0.3812  0.3792  0.3854  0.3729  0.3833  0.3750  0.3604  0.2062  0.1354  0.1250  0.3625  0.3854  0.4021  0.3104  0.5583  0.3104  0.3542  0.2354  0.1396  0.3354  0.3354  0.5542
A5GI60           0.6062  0.5979  0.5938  0.6042  0.6062  0.6000  0.6021  0.5979  0.6104  0.6146  0.6188  0.6250  0.6562  0.5458  0.5458  0.3792  0.5479  0.3479  0.3750  0.3667  0.3542  0.3542  0.3458  0.3688  0.3521  0.3563  0.3750  0.3750  0.3812  0.3604  0.3667  0.3750  0.3604  0.2188  0.0333  0.1187  0.3479  0.3750  0.4000  0.3104  0.5625  0.3083  0.3479  0.2271  0.1187  0.3271  0.3271  0.5500  0.1313
Q062X7           0.6125  0.6146  0.6042  0.6062  0.6167  0.6125  0.5958  0.6083  0.6146  0.6229  0.6271  0.6271  0.6521  0.5583  0.5583  0.3937  0.5604  0.3646  0.3875  0.3812  0.3833  0.3812  0.3688  0.3937  0.3792  0.3792  0.4042  0.3917  0.3917  0.3792  0.3958  0.3937  0.3750  0.2104  0.1437  0.1437  0.3729  0.3854  0.4146  0.3083  0.5646  0.3083  0.3792  0.2375  0.1417  0.3479  0.3479  0.5625  0.1167  0.1437
Q3B0I1           0.6125  0.6167  0.6083  0.6021  0.6083  0.6083  0.6000  0.6000  0.6104  0.6188  0.6229  0.6271  0.6521  0.5583  0.5583  0.3958  0.5604  0.3667  0.3896  0.3812  0.3812  0.3833  0.3688  0.3896  0.3812  0.3792  0.4062  0.3917  0.3917  0.3792  0.3937  0.3979  0.3812  0.2062  0.1417  0.1479  0.3729  0.3854  0.4146  0.3125  0.5646  0.3125  0.3771  0.2375  0.1479  0.3479  0.3479  0.5667  0.1208  0.1396  0.0250
Q7V4J8           0.5979  0.6042  0.5917  0.6062  0.6125  0.6062  0.6062  0.5979  0.6125  0.6125  0.6167  0.6167  0.6521  0.5437  0.5437  0.3833  0.5458  0.3333  0.3792  0.3542  0.3625  0.3500  0.3542  0.3771  0.3563  0.3583  0.3771  0.3750  0.3792  0.3625  0.3729  0.3625  0.3521  0.2042  0.1250  0.1229  0.3479  0.3750  0.3854  0.3083  0.5646  0.3063  0.3396  0.2062  0.1375  0.3271  0.3271  0.5521  0.1417  0.1146  0.1417  0.1458
A3Z492           0.6104  0.6062  0.6021  0.6083  0.6167  0.6000  0.6083  0.6104  0.6104  0.6125  0.6146  0.6250  0.6521  0.5479  0.5458  0.3771  0.5479  0.3208  0.3729  0.3458  0.3625  0.3479  0.3458  0.3708  0.3479  0.3583  0.3750  0.3729  0.3750  0.3604  0.3667  0.3583  0.3563  0.2125  0.1062  0.1021  0.3354  0.3750  0.3875  0.2979  0.5667  0.2979  0.3438  0.2292  0.1062  0.3292  0.3292  0.5500  0.1229  0.1042  0.1375  0.1417  0.1104
Q3ANC8           0.6125  0.6146  0.6042  0.6042  0.6188  0.6083  0.6125  0.6083  0.6104  0.6167  0.6188  0.6208  0.6438  0.5542  0.5542  0.3937  0.5563  0.3521  0.3958  0.3688  0.3646  0.3688  0.3625  0.3771  0.3625  0.3771  0.3917  0.3958  0.3917  0.3812  0.3875  0.3812  0.3625  0.2188  0.1208  0.1167  0.3646  0.3854  0.4062  0.3125  0.5604  0.3083  0.3667  0.2250  0.1292  0.3396  0.3396  0.5542  0.1021  0.1104  0.1187  0.1187  0.1354  0.1167
A3YXS9           0.6146  0.6083  0.6125  0.6042  0.6146  0.6146  0.6167  0.6167  0.6167  0.6167  0.6229  0.6292  0.6521  0.5437  0.5437  0.3625  0.5458  0.2979  0.3542  0.3354  0.3292  0.3250  0.3167  0.3542  0.3271  0.3438  0.3646  0.3625  0.3479  0.3438  0.3563  0.3479  0.3292  0.1604  0.1729  0.1812  0.3104  0.3625  0.3625  0.3042  0.5417  0.3083  0.3229  0.2646  0.1979  0.2875  0.2875  0.5333  0.1833  0.1792  0.1917  0.1938  0.1750  0.1708  0.1917
Q7V9R2           0.5979  0.6042  0.5958  0.6021  0.6167  0.6042  0.6000  0.5979  0.6021  0.6000  0.6062  0.6021  0.6375  0.5750  0.5750  0.4021  0.5771  0.3667  0.4000  0.3896  0.3896  0.3833  0.3812  0.3979  0.3854  0.3958  0.4042  0.3917  0.4000  0.3958  0.3958  0.3854  0.3854  0.3042  0.2500  0.2604  0.3854  0.4021  0.4333  0.3083  0.5667  0.3063  0.3750  0.2313  0.2687  0.3667  0.3667  0.5667  0.2583  0.2542  0.2646  0.2687  0.2521  0.2625  0.2604  0.2854
A2CCX4           0.5979  0.6062  0.5938  0.6083  0.6146  0.6062  0.6083  0.6000  0.6146  0.6146  0.6188  0.6167  0.6521  0.5458  0.5458  0.3875  0.5479  0.3375  0.3833  0.3583  0.3667  0.3563  0.3563  0.3771  0.3583  0.3625  0.3792  0.3729  0.3833  0.3667  0.3750  0.3667  0.3563  0.2062  0.1229  0.1229  0.3521  0.3771  0.3917  0.3083  0.5667  0.3063  0.3438  0.2062  0.1375  0.3312  0.3312  0.5542  0.1375  0.1125  0.1396  0.1437  0.0104  0.1083  0.1354  0.1792  0.2500
A8G7B2           0.6104  0.6229  0.6083  0.6146  0.6167  0.6229  0.6146  0.6167  0.6292  0.6417  0.6396  0.6208  0.6500  0.5667  0.5667  0.4167  0.5687  0.3896  0.4146  0.4062  0.4083  0.4062  0.3937  0.4083  0.3896  0.4000  0.4292  0.4042  0.4083  0.4042  0.4188  0.3937  0.4062  0.3521  0.3187  0.3208  0.4042  0.4229  0.4292  0.3563  0.5792  0.3604  0.3937  0.3271  0.3229  0.3917  0.3917  0.5750  0.3292  0.3229  0.3271  0.3250  0.3229  0.3292  0.3312  0.3292  0.3292  0.3229
Q318D5           0.6104  0.6229  0.6062  0.6083  0.6104  0.6188  0.6146  0.6083  0.6229  0.6333  0.6312  0.6146  0.6396  0.5646  0.5625  0.4125  0.5646  0.3833  0.4104  0.4042  0.4000  0.4042  0.3917  0.4000  0.3917  0.3937  0.4250  0.4021  0.4042  0.3979  0.4146  0.3937  0.4083  0.3438  0.3167  0.3167  0.4021  0.4167  0.4313  0.3542  0.5729  0.3583  0.3917  0.3125  0.3167  0.3875  0.3875  0.5667  0.3187  0.3208  0.3167  0.3146  0.3146  0.3229  0.3208  0.3292  0.3208  0.3125  0.0521
A2BYZ0           0.6104  0.6104  0.6000  0.5979  0.5979  0.6104  0.6083  0.6062  0.6146  0.6250  0.6229  0.6021  0.6479  0.5646  0.5625  0.3937  0.5646  0.3833  0.3917  0.3979  0.3937  0.3979  0.3917  0.3896  0.3833  0.3792  0.4083  0.3979  0.3896  0.3854  0.4000  0.3896  0.3979  0.3375  0.3083  0.3083  0.3958  0.4042  0.4229  0.3417  0.5729  0.3458  0.3875  0.3063  0.3271  0.3896  0.3896  0.5646  0.3104  0.3125  0.3125  0.3146  0.3104  0.3229  0.3167  0.3250  0.3063  0.3083  0.1396  0.1146
A3PF97           0.6083  0.6271  0.6083  0.6125  0.6083  0.6250  0.6208  0.6104  0.6250  0.6354  0.6354  0.6188  0.6396  0.5667  0.5646  0.4146  0.5667  0.3896  0.4104  0.4083  0.4042  0.4104  0.3979  0.4104  0.3937  0.3979  0.4271  0.4021  0.4042  0.4000  0.4188  0.3958  0.4062  0.3458  0.3229  0.3187  0.4021  0.4146  0.4396  0.3583  0.5729  0.3625  0.3937  0.3187  0.3229  0.3896  0.3896  0.5708  0.3250  0.3250  0.3208  0.3187  0.3229  0.3312  0.3271  0.3271  0.3208  0.3208  0.0500  0.0333  0.1167
Q7UZQ2           0.6167  0.6167  0.6083  0.6104  0.6188  0.6208  0.6250  0.6188  0.6292  0.6375  0.6354  0.6104  0.6500  0.5687  0.5667  0.4146  0.5687  0.3854  0.4167  0.4104  0.4083  0.4062  0.4021  0.4000  0.3958  0.4042  0.4188  0.4208  0.4042  0.4083  0.4062  0.4000  0.4083  0.3563  0.3312  0.3417  0.4000  0.4229  0.4417  0.3583  0.5729  0.3625  0.3937  0.3271  0.3375  0.3937  0.3937  0.5646  0.3375  0.3354  0.3333  0.3333  0.3292  0.3375  0.3292  0.3396  0.3271  0.3271  0.1479  0.1313  0.0938  0.1354
A2BTI8           0.6104  0.6250  0.6062  0.6125  0.6083  0.6229  0.6188  0.6104  0.6250  0.6354  0.6354  0.6188  0.6438  0.5708  0.5687  0.4167  0.5708  0.3917  0.4125  0.4062  0.4083  0.4104  0.4000  0.4104  0.3958  0.3979  0.4250  0.4062  0.4083  0.4000  0.4167  0.3958  0.4104  0.3500  0.3146  0.3187  0.4042  0.4167  0.4396  0.3542  0.5750  0.3583  0.3937  0.3167  0.3167  0.3937  0.3937  0.5729  0.3250  0.3187  0.3167  0.3146  0.3167  0.3292  0.3229  0.3292  0.3146  0.3146  0.0500  0.0333  0.1125  0.0187  0.1313
Q8YRI3           0.5917  0.6042  0.5833  0.5938  0.5979  0.5854  0.5875  0.5875  0.6042  0.6125  0.6104  0.6021  0.6375  0.5312  0.5292  0.2437  0.5292  0.2000  0.2479  0.2437  0.2375  0.0917  0.2188  0.2583  0.0042  0.2479  0.2458  0.2437  0.2396  0.2542  0.2417  0.1458  0.0833  0.3604  0.3417  0.3500  0.1896  0.2708  0.2792  0.3896  0.5188  0.3937  0.2250  0.3833  0.3604  0.2708  0.2708  0.5125  0.3542  0.3542  0.3812  0.3833  0.3583  0.3500  0.3646  0.3292  0.3833  0.3604  0.3875  0.3896  0.3812  0.3917  0.3937  0.3937


TREE #  1:  ((((((((((((((((20, ((30, 26), (29, (19, 16)))), ((31, 27), 28)), 24), (((((65, 25), 33), 22), 32), (23, (38, 21)))), ((56, ((((58, 53), (((36, ((50, 35), 45)), 54), ((49, (52, 51)), 55))), (44, ((57, (((59, 60), (64, 62)), (63, 61))), (42, 40)))), 34)), (47, 46))), (43, (37, 18))), 39), (48, 41)), ((17, 15), 14)), (12, 3)), ((1, 2), (5, 4))), (7, 13)), 6), 8), 9), 11, 10);   MP score: 3914
lnL(ntime:127  np:128): -20540.030319      +0.000000
  66..67   67..68   68..69   69..70   70..71   71..72   72..73   73..74   74..75   75..76   76..77   77..78   78..79   79..80   80..81   81..20   81..82   82..83   83..30   83..26   82..84   84..29   84..85   85..19   85..16   80..86   86..87   87..31   87..27   86..28   79..24   78..88   88..89   89..90   90..91   91..92   92..65   92..25   91..33   90..22   89..32   88..93   93..23   93..94   94..38   94..21   77..95   95..96   96..56   96..97   97..98   98..99   99..100 100..58  100..53   99..101 101..102 102..103 103..36  103..104 104..105 105..50  105..35  104..45  102..54  101..106 106..107 107..49  107..108 108..52  108..51  106..55   98..109 109..44  109..110 110..111 111..57  111..112 112..113 113..114 114..59  114..60  113..115 115..64  115..62  112..116 116..63  116..61  110..117 117..42  117..40   97..34   95..118 118..47  118..46   76..119 119..43  119..120 120..37  120..18   75..39   74..121 121..48  121..41   73..122 122..123 123..17  123..15  122..14   72..124 124..12  124..3    71..125 125..126 126..1   126..2   125..127 127..5   127..4    70..128 128..7   128..13   69..6    68..8    67..9    66..11   66..10 
 0.068409 0.092823 0.153935 0.267786 0.018962 0.073568 1.395155 0.245430 0.634710 0.198024 0.021679 0.010829 0.095196 0.039371 0.035869 0.231310 0.090734 0.044370 0.005073 0.005661 0.031035 0.038806 0.035268 0.006134 0.009469 0.037428 0.108480 0.050611 0.054272 0.179817 0.233707 0.015059 0.071457 0.068532 0.017039 0.043402 0.005282 0.000004 0.076271 0.075846 0.134822 0.140926 0.096547 0.035073 0.284352 0.139089 0.187988 0.379837 0.066408 0.047070 0.121904 0.035531 0.086153 0.006897 0.007196 0.038724 0.005002 0.008154 0.105378 0.034169 0.069980 0.019353 0.027861 0.103299 0.080931 0.053683 0.020803 0.088164 0.098613 0.025226 0.011633 0.066157 0.141743 0.175113 0.072066 0.024129 0.234929 0.465415 0.098652 0.000004 0.046288 0.023233 0.008612 0.013138 0.010747 0.026735 0.099010 0.045431 0.423780 0.012136 0.011714 0.184229 0.265111 0.000004 0.000004 0.046687 0.204519 0.022868 0.097672 0.126081 0.295242 0.947026 0.012669 0.100383 0.873414 0.000004 0.002588 0.000004 0.013038 0.062528 0.393233 0.211747 0.043852 0.067716 0.301127 0.287770 0.070094 0.278296 0.286897 0.166033 0.254837 1.027971 0.161786 0.086014 0.061396 0.014163 0.004072 0.615528

tree length =  16.41769

((((((((((((((((20: 0.231310, ((30: 0.005073, 26: 0.005661): 0.044370, (29: 0.038806, (19: 0.006134, 16: 0.009469): 0.035268): 0.031035): 0.090734): 0.035869, ((31: 0.050611, 27: 0.054272): 0.108480, 28: 0.179817): 0.037428): 0.039371, 24: 0.233707): 0.095196, (((((65: 0.005282, 25: 0.000004): 0.043402, 33: 0.076271): 0.017039, 22: 0.075846): 0.068532, 32: 0.134822): 0.071457, (23: 0.096547, (38: 0.284352, 21: 0.139089): 0.035073): 0.140926): 0.015059): 0.010829, ((56: 0.066408, ((((58: 0.006897, 53: 0.007196): 0.086153, (((36: 0.105378, ((50: 0.019353, 35: 0.027861): 0.069980, 45: 0.103299): 0.034169): 0.008154, 54: 0.080931): 0.005002, ((49: 0.088164, (52: 0.025226, 51: 0.011633): 0.098613): 0.020803, 55: 0.066157): 0.053683): 0.038724): 0.035531, (44: 0.175113, ((57: 0.234929, (((59: 0.046288, 60: 0.023233): 0.000004, (64: 0.013138, 62: 0.010747): 0.008612): 0.098652, (63: 0.099010, 61: 0.045431): 0.026735): 0.465415): 0.024129, (42: 0.012136, 40: 0.011714): 0.423780): 0.072066): 0.141743): 0.121904, 34: 0.184229): 0.047070): 0.379837, (47: 0.000004, 46: 0.000004): 0.265111): 0.187988): 0.021679, (43: 0.204519, (37: 0.097672, 18: 0.126081): 0.022868): 0.046687): 0.198024, 39: 0.295242): 0.634710, (48: 0.012669, 41: 0.100383): 0.947026): 0.245430, ((17: 0.002588, 15: 0.000004): 0.000004, 14: 0.013038): 0.873414): 1.395155, (12: 0.393233, 3: 0.211747): 0.062528): 0.073568, ((1: 0.301127, 2: 0.287770): 0.067716, (5: 0.278296, 4: 0.286897): 0.070094): 0.043852): 0.018962, (7: 0.254837, 13: 1.027971): 0.166033): 0.267786, 6: 0.161786): 0.153935, 8: 0.086014): 0.092823, 9: 0.061396): 0.068409, 11: 0.014163, 10: 0.004072);

((((((((((((((((P72720: 0.231310, ((C7QRQ5: 0.005073, B7K563: 0.005661): 0.044370, (Q4CAG7: 0.038806, (B1WVM9: 0.006134, A3IP15: 0.009469): 0.035268): 0.031035): 0.090734): 0.035869, ((B4B287: 0.050611, B7KHQ4: 0.054272): 0.108480, B0JIM9: 0.179817): 0.037428): 0.039371, B1XKA4: 0.233707): 0.095196, (((((Q8YRI3: 0.005282, Q3M7E4: 0.000004): 0.043402, A0ZCQ8: 0.076271): 0.017039, B2J394: 0.075846): 0.068532, B9YU28: 0.134822): 0.071457, (B5VXY5: 0.096547, (Q119B0: 0.284352, A0YKZ0: 0.139089): 0.035073): 0.140926): 0.015059): 0.010829, ((A3YXS9: 0.066408, ((((A2CCX4: 0.006897, Q7V4J8: 0.007196): 0.086153, (((Q05UF9: 0.105378, ((A5GI60: 0.019353, A4CTH6: 0.027861): 0.069980, Q0IDV1: 0.103299): 0.034169): 0.008154, A3Z492: 0.080931): 0.005002, ((Q7U9V8: 0.088164, (Q3B0I1: 0.025226, Q062X7: 0.011633): 0.098613): 0.020803, Q3ANC8: 0.066157): 0.053683): 0.038724): 0.035531, (A9BD49: 0.175113, ((Q7V9R2: 0.234929, (((A8G7B2: 0.046288, Q318D5: 0.023233): 0.000004, (A2BTI8: 0.013138, A3PF97: 0.010747): 0.008612): 0.098652, (Q7UZQ2: 0.099010, A2BYZ0: 0.045431): 0.026735): 0.465415): 0.024129, (Q46IK5: 0.012136, A2C554: 0.011714): 0.423780): 0.072066): 0.141743): 0.121904, A5GQ78: 0.184229): 0.047070): 0.379837, (Q31QV3: 0.000004, Q5N3E3: 0.000004): 0.265111): 0.187988): 0.021679, (B0BZ99: 0.204519, (B8HJN6: 0.097672, Q8DJI6: 0.126081): 0.022868): 0.046687): 0.198024, Q7NIG8: 0.295242): 0.634710, (Q2JUB1: 0.012669, Q2JMH6: 0.100383): 0.947026): 0.245430, ((B7N2G8: 0.002588, P17169: 0.000004): 0.000004, B7LK73: 0.013038): 0.873414): 1.395155, (B9L6I4: 0.393233, A6Q2Q2: 0.211747): 0.062528): 0.073568, ((A8ERZ5: 0.301127, Q30QH1: 0.287770): 0.067716, (D1B3N4: 0.278296, A6Q7N7: 0.286897): 0.070094): 0.043852): 0.018962, (Q7MAU3: 0.254837, O26060: 1.027971): 0.166033): 0.267786, B9KFE8: 0.161786): 0.153935, Q4HS74: 0.086014): 0.092823, Q4HHI5: 0.061396): 0.068409, A7H1X3: 0.014163, A8FN45: 0.004072);

Detailed output identifying parameters

alpha (gamma, K = 4) =  0.61553
rate:   0.05633  0.32079  0.88904  2.73384
freq:   0.25000  0.25000  0.25000  0.25000

Time used: 33:22
