AAML (in paml version 4.6, August 2012)  286.aa
Model: Empirical for branches,  (../../../bin/LG.dat) dGamma (ncatG=4) ns =  65  ls = 146


Frequencies..
                                    A      R      N      D      C      Q      E      G      H      I      L      K      M      F      P      S      T      W      Y      V
A8EUC6                         0.05479 0.02740 0.05479 0.08219 0.03425 0.04110 0.08219 0.04110 0.01370 0.13699 0.08219 0.07534 0.00685 0.06849 0.01370 0.08219 0.03425 0.00000 0.00685 0.06164
D1AZY5                         0.08219 0.05479 0.02055 0.06164 0.03425 0.01370 0.11644 0.03425 0.04110 0.07534 0.13699 0.06164 0.01370 0.04110 0.01370 0.06849 0.04795 0.00000 0.01370 0.06849
Q30R19                         0.07534 0.03425 0.05479 0.07534 0.04110 0.01370 0.10274 0.06164 0.00685 0.10274 0.13699 0.04110 0.00685 0.04795 0.01370 0.08219 0.02055 0.00000 0.01370 0.06849
A6Q485                         0.06849 0.04110 0.02740 0.05479 0.03425 0.04110 0.10959 0.04795 0.03425 0.08904 0.11644 0.03425 0.02740 0.04110 0.01370 0.08904 0.03425 0.00000 0.03425 0.06164
A6QBG5                         0.08904 0.02740 0.02055 0.06849 0.03425 0.02740 0.09589 0.04110 0.02740 0.11644 0.08219 0.04795 0.02740 0.03425 0.02740 0.08219 0.04795 0.00000 0.03425 0.06849
A7H2B7                         0.04795 0.02055 0.08219 0.04795 0.03425 0.02740 0.11644 0.03425 0.01370 0.10959 0.13699 0.08219 0.01370 0.05479 0.02055 0.08219 0.03425 0.00000 0.01370 0.02740
Q7M9T2                         0.05479 0.04795 0.02055 0.06849 0.04110 0.02055 0.09589 0.03425 0.02740 0.10274 0.13014 0.06164 0.00000 0.06164 0.02055 0.09589 0.04110 0.00000 0.01370 0.06164
A8FMW9                         0.04795 0.02055 0.08904 0.04110 0.03425 0.02740 0.10959 0.04795 0.01370 0.11644 0.13014 0.08219 0.01370 0.05479 0.02055 0.07534 0.03425 0.00000 0.01370 0.02740
Q4HHS4                         0.04795 0.03425 0.07534 0.06849 0.03425 0.05479 0.08219 0.04110 0.01370 0.09589 0.12329 0.07534 0.02055 0.05479 0.02055 0.06849 0.02055 0.00000 0.02055 0.04795
B9KFK9                         0.04110 0.03425 0.06164 0.06164 0.03425 0.03425 0.08904 0.04795 0.02740 0.10959 0.10274 0.06164 0.01370 0.05479 0.00685 0.10274 0.03425 0.00000 0.02055 0.06164
Q4HT09                         0.05479 0.02740 0.08904 0.03425 0.03425 0.02055 0.10274 0.04795 0.02740 0.09589 0.13699 0.08904 0.02055 0.05479 0.00685 0.07534 0.03425 0.00000 0.01370 0.03425
P56214                         0.06849 0.04110 0.07534 0.05479 0.03425 0.02055 0.09589 0.02055 0.02055 0.07534 0.13014 0.05479 0.01370 0.06164 0.02740 0.08904 0.04110 0.00000 0.02055 0.05479
B9L9M2                         0.06849 0.02740 0.05479 0.06164 0.02740 0.02055 0.12329 0.03425 0.02055 0.13699 0.07534 0.08219 0.00685 0.04795 0.02055 0.06164 0.02740 0.00000 0.02740 0.07534
B7MQI7                         0.09589 0.06849 0.02740 0.04110 0.04110 0.04795 0.10274 0.08904 0.03425 0.07534 0.07534 0.01370 0.02740 0.02055 0.02740 0.04795 0.06849 0.00000 0.02740 0.06849
P0A7H6                         0.09589 0.06849 0.02740 0.04110 0.04110 0.04795 0.10274 0.08904 0.03425 0.07534 0.07534 0.01370 0.02740 0.02055 0.02740 0.04795 0.06849 0.00000 0.02740 0.06849
B7LLP8                         0.09589 0.06849 0.02740 0.04110 0.04110 0.04795 0.10274 0.08904 0.03425 0.07534 0.07534 0.01370 0.02740 0.02055 0.02740 0.04795 0.06849 0.00000 0.02740 0.06849
Q4C5V8                         0.08219 0.07534 0.01370 0.04795 0.03425 0.04795 0.08219 0.07534 0.01370 0.07534 0.10959 0.06164 0.00685 0.02740 0.04110 0.02740 0.04795 0.00000 0.03425 0.09589
A3IM06                         0.08219 0.08219 0.01370 0.04795 0.03425 0.04110 0.08219 0.07534 0.01370 0.08219 0.10959 0.06164 0.00685 0.02740 0.03425 0.02740 0.05479 0.00000 0.03425 0.08904
B1WUB2                         0.07534 0.08219 0.01370 0.04795 0.03425 0.04110 0.08219 0.07534 0.01370 0.06849 0.10959 0.06164 0.00685 0.02740 0.04110 0.02740 0.05479 0.00000 0.03425 0.10274
B7K2B2                         0.08219 0.07534 0.02055 0.04795 0.03425 0.03425 0.08219 0.07534 0.01370 0.07534 0.10959 0.06164 0.00685 0.02740 0.04110 0.02740 0.05479 0.00000 0.03425 0.09589
C7QNB7                         0.08219 0.07534 0.02055 0.04795 0.03425 0.03425 0.08219 0.07534 0.01370 0.07534 0.10959 0.06164 0.00685 0.02740 0.04110 0.02055 0.06164 0.00000 0.03425 0.09589
Q8YMF7                         0.07534 0.06849 0.02740 0.02740 0.03425 0.04110 0.10274 0.06849 0.01370 0.06164 0.12329 0.05479 0.00000 0.02740 0.04795 0.04110 0.06164 0.00000 0.02055 0.10274
B2J7Q3                         0.09589 0.06849 0.03425 0.03425 0.03425 0.04795 0.09589 0.06849 0.01370 0.06849 0.12329 0.05479 0.00000 0.02055 0.04110 0.02740 0.04795 0.00000 0.02740 0.09589
B7KEM9                         0.07534 0.06849 0.03425 0.03425 0.03425 0.04795 0.08904 0.06849 0.02055 0.05479 0.11644 0.05479 0.00685 0.02055 0.03425 0.04110 0.06164 0.00000 0.02740 0.10959
Q7NFM5                         0.08219 0.08904 0.01370 0.04110 0.03425 0.04795 0.10959 0.07534 0.01370 0.06164 0.11644 0.03425 0.02055 0.02055 0.04110 0.02740 0.05479 0.00000 0.02740 0.08904
A0YKV2                         0.07534 0.08219 0.01370 0.04795 0.03425 0.04110 0.09589 0.06849 0.02055 0.08219 0.10959 0.04795 0.00685 0.02055 0.04110 0.03425 0.05479 0.00000 0.02740 0.09589
B0JUQ3                         0.08904 0.06164 0.02055 0.03425 0.03425 0.04110 0.08904 0.08219 0.01370 0.08219 0.10959 0.05479 0.00685 0.02055 0.03425 0.04110 0.06164 0.00000 0.02740 0.09589
B5VUA7                         0.07534 0.09589 0.01370 0.03425 0.03425 0.06164 0.09589 0.06849 0.01370 0.04110 0.13014 0.03425 0.00000 0.02055 0.04110 0.02740 0.05479 0.00000 0.02740 0.13014
Q3MAW5                         0.07534 0.06849 0.02740 0.02740 0.03425 0.04110 0.10274 0.06849 0.01370 0.06164 0.12329 0.05479 0.00000 0.02740 0.04795 0.04110 0.06164 0.00000 0.02055 0.10274
B9YKY0                         0.08219 0.06849 0.02055 0.04795 0.03425 0.05479 0.08904 0.06849 0.01370 0.05479 0.10959 0.04795 0.00685 0.01370 0.04110 0.03425 0.06164 0.00000 0.03425 0.11644
P74533                         0.06849 0.07534 0.01370 0.04795 0.03425 0.04795 0.08904 0.06849 0.02740 0.05479 0.13014 0.04795 0.00685 0.02740 0.05479 0.03425 0.05479 0.00000 0.02055 0.09589
A0ZF29                         0.08904 0.06849 0.00685 0.05479 0.03425 0.04795 0.08219 0.06849 0.02055 0.07534 0.11644 0.05479 0.00685 0.02055 0.03425 0.02740 0.07534 0.00000 0.02740 0.08904
A5GS45                         0.10274 0.10274 0.01370 0.05479 0.04110 0.04795 0.07534 0.07534 0.01370 0.05479 0.15068 0.00685 0.00000 0.02055 0.04110 0.05479 0.04110 0.00000 0.02740 0.07534
A5GLY6                         0.09589 0.09589 0.02740 0.04795 0.03425 0.01370 0.08219 0.06164 0.03425 0.04110 0.13699 0.01370 0.00000 0.02055 0.03425 0.07534 0.06849 0.00000 0.02740 0.08904
Q8DGV8                         0.10274 0.06164 0.01370 0.04110 0.03425 0.06164 0.08219 0.06849 0.04110 0.08219 0.11644 0.02740 0.00685 0.02055 0.04795 0.03425 0.04110 0.00000 0.02740 0.08904
Q46K36                         0.06164 0.07534 0.02740 0.02740 0.03425 0.03425 0.10274 0.06849 0.01370 0.06849 0.15068 0.05479 0.00685 0.02055 0.02055 0.06849 0.06164 0.00000 0.03425 0.06849
B8HXF0                         0.10274 0.06164 0.00000 0.03425 0.03425 0.05479 0.10274 0.06849 0.02740 0.05479 0.13699 0.03425 0.01370 0.01370 0.04110 0.04110 0.05479 0.00000 0.02740 0.09589
A2C8B2                         0.09589 0.09589 0.00000 0.06164 0.04110 0.04795 0.06849 0.06849 0.01370 0.04795 0.15068 0.01370 0.01370 0.02055 0.03425 0.06164 0.06164 0.00000 0.03425 0.06849
Q7V6R9                         0.09589 0.09589 0.00000 0.06849 0.04110 0.04795 0.06164 0.06849 0.01370 0.04795 0.15068 0.02055 0.01370 0.02055 0.03425 0.06164 0.05479 0.00000 0.03425 0.06849
Q5N5P2                         0.10274 0.08219 0.00685 0.05479 0.03425 0.06164 0.08219 0.06849 0.02055 0.04795 0.12329 0.03425 0.01370 0.02740 0.03425 0.02740 0.06164 0.00000 0.02740 0.08904
Q31NH0                         0.10274 0.08219 0.00685 0.05479 0.03425 0.06164 0.08219 0.06849 0.02055 0.04795 0.12329 0.03425 0.01370 0.02740 0.03425 0.02740 0.06164 0.00000 0.02740 0.08904
Q115W2                         0.07534 0.07534 0.01370 0.04110 0.04110 0.06164 0.10274 0.06849 0.01370 0.08219 0.12329 0.04795 0.00685 0.02055 0.04110 0.03425 0.04795 0.00000 0.02740 0.07534
B0C882                         0.08904 0.07534 0.02055 0.06164 0.03425 0.04795 0.06849 0.06849 0.01370 0.05479 0.11644 0.04110 0.00685 0.03425 0.04110 0.03425 0.06849 0.00000 0.02055 0.10274
B1XPL9                         0.09589 0.07534 0.02055 0.04110 0.03425 0.05479 0.08904 0.06164 0.01370 0.04795 0.11644 0.05479 0.00685 0.02740 0.03425 0.02740 0.06849 0.00000 0.02740 0.10274
A3Z7Z6                         0.09589 0.10959 0.00685 0.03425 0.03425 0.04110 0.09589 0.06849 0.01370 0.02740 0.14384 0.00000 0.00685 0.02055 0.03425 0.07534 0.06849 0.00000 0.03425 0.08904
Q05ZR4                         0.08219 0.08219 0.01370 0.04795 0.04110 0.03425 0.08219 0.06849 0.02055 0.06164 0.14384 0.02740 0.01370 0.02740 0.05479 0.06849 0.04110 0.00000 0.02740 0.06164
A2C3I0                         0.06164 0.07534 0.02740 0.02740 0.03425 0.03425 0.10274 0.06849 0.01370 0.06849 0.15068 0.05479 0.00685 0.02055 0.02055 0.06849 0.06164 0.00000 0.03425 0.06849
Q3AJ44                         0.07534 0.10274 0.01370 0.04110 0.04110 0.03425 0.10274 0.06849 0.02740 0.04795 0.14384 0.00685 0.00685 0.02740 0.04110 0.06164 0.05479 0.00000 0.02740 0.07534
A4CVI2                         0.08904 0.08219 0.02740 0.03425 0.03425 0.02055 0.08904 0.06164 0.03425 0.04795 0.13699 0.01370 0.00000 0.02055 0.03425 0.08904 0.06849 0.00000 0.02740 0.08904
Q3AX77                         0.08219 0.07534 0.01370 0.04795 0.04110 0.04110 0.08219 0.06849 0.02055 0.05479 0.14384 0.02740 0.02055 0.02740 0.05479 0.07534 0.03425 0.00000 0.02740 0.06164
Q7V0Z7                         0.05479 0.06849 0.03425 0.04110 0.03425 0.00685 0.12329 0.06164 0.02055 0.06849 0.13699 0.05479 0.00685 0.02740 0.02055 0.06164 0.08219 0.00000 0.02740 0.06849
A3PDK2                         0.06849 0.07534 0.02740 0.03425 0.03425 0.00685 0.13014 0.06164 0.01370 0.06849 0.13699 0.06164 0.00685 0.02740 0.02055 0.05479 0.06849 0.00000 0.02740 0.07534
A9BB08                         0.08904 0.07534 0.06164 0.02740 0.03425 0.04110 0.09589 0.06164 0.01370 0.04795 0.15753 0.03425 0.00000 0.02055 0.02055 0.03425 0.06849 0.00000 0.03425 0.08219
A2BRS6                         0.05479 0.07534 0.03425 0.04110 0.03425 0.00685 0.12329 0.06164 0.01370 0.06849 0.13699 0.06164 0.00685 0.02740 0.02055 0.06164 0.06849 0.00000 0.02740 0.07534
Q0IBC2                         0.09589 0.08904 0.02055 0.04795 0.03425 0.02740 0.08904 0.06164 0.02055 0.04795 0.14384 0.01370 0.00685 0.02055 0.03425 0.07534 0.05479 0.00000 0.03425 0.08219
Q2JH53                         0.10274 0.07534 0.00685 0.04795 0.03425 0.03425 0.10959 0.04110 0.02740 0.04795 0.11644 0.04795 0.02740 0.02740 0.04795 0.04795 0.03425 0.01370 0.02055 0.08904
Q7U7Q3                         0.08904 0.10274 0.01370 0.04795 0.04110 0.03425 0.08904 0.06164 0.02055 0.04795 0.15068 0.00685 0.00685 0.02740 0.05479 0.04795 0.06164 0.00000 0.02740 0.06849
A8G5G7                         0.06849 0.06849 0.03425 0.04110 0.03425 0.01370 0.12329 0.06164 0.01370 0.06849 0.13699 0.05479 0.00685 0.02740 0.02055 0.05479 0.06849 0.00000 0.02740 0.07534
Q31AC8                         0.06849 0.06849 0.02740 0.04110 0.03425 0.00685 0.12329 0.06164 0.01370 0.06849 0.13014 0.06849 0.00685 0.03425 0.02055 0.05479 0.06849 0.00000 0.02740 0.07534
A2BX84                         0.06849 0.06849 0.04110 0.04110 0.03425 0.00685 0.12329 0.06164 0.02055 0.07534 0.13014 0.04795 0.00685 0.02740 0.02055 0.05479 0.06849 0.00000 0.02740 0.07534
Q2JUS3                         0.10274 0.07534 0.00685 0.04110 0.03425 0.03425 0.11644 0.04110 0.02055 0.03425 0.11644 0.05479 0.02740 0.03425 0.04795 0.04795 0.03425 0.01370 0.02055 0.09589
Q05XX8                         0.08904 0.09589 0.00685 0.04110 0.03425 0.04110 0.08219 0.06849 0.01370 0.04110 0.13699 0.00685 0.00685 0.02055 0.03425 0.07534 0.07534 0.00000 0.03425 0.09589
Q7VBJ4                         0.08904 0.07534 0.02740 0.03425 0.03425 0.01370 0.09589 0.05479 0.01370 0.06164 0.14384 0.06164 0.00000 0.02055 0.02055 0.05479 0.06849 0.00000 0.03425 0.09589
B4AX04                         0.08219 0.06849 0.04795 0.02740 0.03425 0.04110 0.08904 0.07534 0.01370 0.06164 0.11644 0.04795 0.00685 0.02055 0.02740 0.04110 0.05479 0.00000 0.02740 0.11644
A3YYJ7                         0.09589 0.12329 0.02055 0.04795 0.04110 0.03425 0.08219 0.06164 0.01370 0.03425 0.15753 0.00685 0.02055 0.02055 0.03425 0.05479 0.04110 0.00000 0.03425 0.07534

Homogeneity statistic: X2 = 7.46925 G = 7.03810 

Average                        0.08008 0.07018 0.02740 0.04615 0.03562 0.03656 0.09589 0.06259 0.01949 0.06913 0.12476 0.04436 0.01022 0.02950 0.03214 0.05406 0.05416 0.00042 0.02677 0.08051

# constant sites:     19 (13.01%)
ln Lmax (unconstrained) = -713.220375

AA distances (raw proportions of different sites)

A8EUC6         
D1AZY5           0.4384
Q30R19           0.3904  0.4247
A6Q485           0.4384  0.3836  0.4247
A6QBG5           0.4315  0.4452  0.4041  0.4110
A7H2B7           0.5000  0.4315  0.4658  0.4452  0.5137
Q7M9T2           0.4863  0.4315  0.4178  0.4658  0.4521  0.4521
A8FMW9           0.5000  0.4315  0.4726  0.4384  0.5068  0.0274  0.4589
Q4HHS4           0.4863  0.4658  0.5000  0.4384  0.5000  0.2123  0.4589  0.2123
B9KFK9           0.5479  0.5342  0.5479  0.5274  0.5959  0.3836  0.4863  0.3767  0.3562
Q4HT09           0.5274  0.4521  0.4863  0.4589  0.5479  0.2466  0.5068  0.2397  0.2877  0.4110
P56214           0.5274  0.5068  0.4932  0.5068  0.5068  0.5411  0.4110  0.5479  0.5616  0.6164  0.5753
B9L9M2           0.5137  0.4932  0.5342  0.4658  0.5137  0.4932  0.4795  0.5000  0.4932  0.5274  0.5274  0.5616
B7MQI7           0.6849  0.6164  0.6438  0.6301  0.6301  0.6370  0.6438  0.6438  0.6644  0.7055  0.6438  0.6575  0.6438
P0A7H6           0.6849  0.6164  0.6438  0.6301  0.6301  0.6370  0.6438  0.6438  0.6644  0.7055  0.6438  0.6575  0.6438  0.0000
B7LLP8           0.6849  0.6164  0.6438  0.6301  0.6301  0.6370  0.6438  0.6438  0.6644  0.7055  0.6438  0.6575  0.6438  0.0000  0.0000
Q4C5V8           0.6712  0.6507  0.6644  0.6575  0.6370  0.7329  0.7055  0.7329  0.7123  0.7192  0.6781  0.6575  0.6233  0.5685  0.5685  0.5685
A3IM06           0.6781  0.6712  0.6712  0.6644  0.6438  0.7260  0.7055  0.7260  0.7123  0.7123  0.6918  0.6370  0.6233  0.5753  0.5753  0.5753  0.0479
B1WUB2           0.6781  0.6644  0.6644  0.6575  0.6370  0.7329  0.7123  0.7329  0.7123  0.7123  0.6918  0.6438  0.6370  0.5753  0.5753  0.5753  0.0411  0.0205
B7K2B2           0.6712  0.6781  0.6575  0.6712  0.6507  0.7260  0.6849  0.7260  0.7055  0.7055  0.6918  0.6575  0.6370  0.5822  0.5822  0.5822  0.0959  0.1027  0.0959
C7QNB7           0.6712  0.6781  0.6575  0.6712  0.6507  0.7260  0.6849  0.7260  0.7055  0.7055  0.6918  0.6575  0.6370  0.5822  0.5822  0.5822  0.0959  0.1027  0.0959  0.0068
Q8YMF7           0.6781  0.6644  0.6781  0.6918  0.6575  0.7123  0.6507  0.7123  0.6986  0.6781  0.6781  0.6507  0.6712  0.5753  0.5753  0.5753  0.2123  0.2123  0.1986  0.1781  0.1781
B2J7Q3           0.6712  0.6644  0.6644  0.6644  0.6575  0.6986  0.6575  0.6986  0.6918  0.6781  0.6644  0.6370  0.6644  0.5685  0.5685  0.5685  0.1986  0.1918  0.1918  0.1644  0.1644  0.0959
B7KEM9           0.6781  0.6575  0.6575  0.6712  0.6575  0.7055  0.6507  0.7055  0.6849  0.6849  0.6781  0.6575  0.6438  0.6164  0.6164  0.6164  0.1849  0.1712  0.1712  0.1575  0.1575  0.1438  0.1575
Q7NFM5           0.6986  0.6644  0.6918  0.6712  0.6370  0.7055  0.6644  0.7055  0.7055  0.7466  0.7055  0.6712  0.6712  0.5616  0.5616  0.5616  0.4110  0.4178  0.4110  0.3767  0.3767  0.3219  0.3425  0.3767
A0YKV2           0.6849  0.6712  0.6918  0.6644  0.6644  0.7260  0.7055  0.7260  0.7055  0.7192  0.6918  0.6918  0.6507  0.6096  0.6096  0.6096  0.1849  0.1918  0.1849  0.1918  0.1918  0.1644  0.1918  0.1781  0.3425
B0JUQ3           0.6781  0.6575  0.6781  0.6644  0.6507  0.7055  0.6644  0.7055  0.7055  0.6849  0.6781  0.6712  0.6233  0.5685  0.5685  0.5685  0.2055  0.1918  0.2055  0.1781  0.1781  0.1849  0.1644  0.1438  0.3767  0.2123
B5VUA7           0.7055  0.6712  0.6781  0.6644  0.6644  0.7192  0.6918  0.7192  0.6918  0.6986  0.6849  0.6644  0.6712  0.5959  0.5959  0.5959  0.2055  0.2123  0.1918  0.1712  0.1712  0.1644  0.1781  0.1712  0.3562  0.1233  0.2123
Q3MAW5           0.6781  0.6644  0.6781  0.6918  0.6575  0.7123  0.6507  0.7123  0.6986  0.6781  0.6781  0.6507  0.6712  0.5753  0.5753  0.5753  0.2123  0.2123  0.1986  0.1781  0.1781  0.0000  0.0959  0.1438  0.3219  0.1644  0.1849  0.1644
B9YKY0           0.6986  0.6644  0.6781  0.6644  0.6644  0.7260  0.6918  0.7260  0.7055  0.7123  0.6849  0.6575  0.6507  0.5822  0.5822  0.5822  0.1918  0.1781  0.1781  0.1849  0.1849  0.1301  0.1164  0.1781  0.3904  0.1712  0.1781  0.1644  0.1301
P74533           0.7123  0.6712  0.6781  0.6712  0.6575  0.7329  0.6644  0.7329  0.7192  0.7397  0.6986  0.6301  0.6575  0.5822  0.5822  0.5822  0.2055  0.2055  0.1986  0.2192  0.2192  0.1781  0.1918  0.1918  0.3493  0.1438  0.2055  0.1781  0.1781  0.1849
A0ZF29           0.6849  0.6712  0.6644  0.6575  0.6438  0.7123  0.6849  0.7123  0.7123  0.6986  0.6849  0.6507  0.6507  0.5822  0.5822  0.5822  0.1918  0.1781  0.1781  0.1575  0.1575  0.1438  0.1027  0.1986  0.3630  0.1849  0.1849  0.1849  0.1438  0.1096  0.2055
A5GS45           0.7123  0.6301  0.6233  0.6644  0.6438  0.6849  0.6781  0.6849  0.6849  0.6986  0.6849  0.6644  0.6781  0.5616  0.5616  0.5616  0.3562  0.3767  0.3699  0.3493  0.3493  0.3493  0.3767  0.3699  0.3904  0.3493  0.3425  0.3219  0.3493  0.3562  0.3425  0.3699
A5GLY6           0.7055  0.6507  0.6233  0.6781  0.6507  0.6849  0.6712  0.6849  0.6918  0.6781  0.6712  0.6575  0.7123  0.5548  0.5548  0.5548  0.3973  0.4041  0.4041  0.3767  0.3767  0.3630  0.3767  0.3493  0.4384  0.3836  0.3288  0.3562  0.3630  0.3699  0.3767  0.3836  0.1986
Q8DGV8           0.6986  0.6918  0.6781  0.6575  0.6507  0.7192  0.6849  0.7192  0.7055  0.7260  0.6986  0.6781  0.6781  0.5685  0.5685  0.5685  0.2808  0.2877  0.2671  0.2466  0.2466  0.2192  0.2329  0.2466  0.3493  0.2329  0.2740  0.2192  0.2192  0.2603  0.2534  0.2466  0.3493  0.3904
Q46K36           0.6849  0.6575  0.6507  0.6644  0.6644  0.6781  0.6781  0.6712  0.7055  0.6986  0.6438  0.6438  0.6986  0.6096  0.6096  0.6096  0.3904  0.3904  0.3973  0.3699  0.3699  0.3699  0.3699  0.3562  0.4452  0.3767  0.3699  0.3425  0.3699  0.3904  0.3699  0.3699  0.3151  0.2740  0.3767
B8HXF0           0.6918  0.6712  0.6438  0.6644  0.6370  0.6918  0.6644  0.6918  0.6918  0.6986  0.6849  0.6575  0.6644  0.5959  0.5959  0.5959  0.2329  0.2329  0.2123  0.1986  0.1986  0.2055  0.1918  0.1986  0.3562  0.2123  0.2123  0.1986  0.2055  0.2123  0.2260  0.1849  0.3356  0.3767  0.1712  0.3836
A2C8B2           0.7123  0.6370  0.6233  0.6507  0.6575  0.6575  0.6575  0.6575  0.6712  0.7123  0.6712  0.6712  0.6849  0.5890  0.5890  0.5890  0.3767  0.3699  0.3767  0.3493  0.3493  0.3767  0.3630  0.3562  0.4178  0.3767  0.3425  0.3562  0.3767  0.3630  0.3630  0.3699  0.2397  0.2123  0.3836  0.2534  0.3493
Q7V6R9           0.7123  0.6370  0.6233  0.6507  0.6575  0.6575  0.6644  0.6575  0.6712  0.7123  0.6712  0.6712  0.6849  0.5890  0.5890  0.5890  0.3767  0.3699  0.3767  0.3493  0.3493  0.3767  0.3630  0.3562  0.4178  0.3767  0.3425  0.3562  0.3767  0.3630  0.3630  0.3699  0.2329  0.2055  0.3836  0.2603  0.3493  0.0137
Q5N5P2           0.7192  0.6438  0.6712  0.6575  0.6644  0.7055  0.6644  0.7055  0.6849  0.7123  0.6918  0.6575  0.6918  0.6027  0.6027  0.6027  0.2466  0.2397  0.2466  0.2329  0.2329  0.2397  0.2329  0.2260  0.3767  0.2329  0.2466  0.2055  0.2397  0.1986  0.2534  0.2260  0.3288  0.3425  0.2877  0.3562  0.2466  0.3219  0.3219
Q31NH0           0.7192  0.6438  0.6712  0.6575  0.6644  0.7055  0.6644  0.7055  0.6849  0.7123  0.6918  0.6575  0.6918  0.6027  0.6027  0.6027  0.2466  0.2397  0.2466  0.2329  0.2329  0.2397  0.2329  0.2260  0.3767  0.2329  0.2466  0.2055  0.2397  0.1986  0.2534  0.2260  0.3288  0.3425  0.2877  0.3562  0.2466  0.3219  0.3219  0.0000
Q115W2           0.6918  0.6507  0.6781  0.6575  0.6507  0.7055  0.6575  0.7055  0.7123  0.7055  0.6849  0.6712  0.6438  0.5959  0.5959  0.5959  0.1986  0.2055  0.2123  0.1712  0.1712  0.2055  0.2123  0.1986  0.3836  0.1986  0.2055  0.1918  0.2055  0.2192  0.2260  0.1986  0.3630  0.3630  0.2671  0.3562  0.2534  0.3630  0.3699  0.2329  0.2329
B0C882           0.7123  0.6438  0.6507  0.6712  0.6575  0.7260  0.6781  0.7260  0.7192  0.6986  0.6986  0.6644  0.6507  0.5822  0.5822  0.5822  0.2466  0.2466  0.2329  0.1986  0.1986  0.1986  0.1849  0.2192  0.3562  0.2260  0.2260  0.1986  0.1986  0.2055  0.2260  0.1849  0.3288  0.3562  0.2466  0.3767  0.1918  0.3493  0.3493  0.1986  0.1986  0.2466
B1XPL9           0.7260  0.6849  0.6986  0.6986  0.6712  0.7329  0.7055  0.7329  0.7192  0.7123  0.6918  0.6507  0.6781  0.5685  0.5685  0.5685  0.2192  0.2055  0.2055  0.2192  0.2192  0.1986  0.1986  0.1986  0.3562  0.1849  0.1986  0.1781  0.1986  0.1918  0.1712  0.1918  0.3151  0.3562  0.2534  0.3562  0.2192  0.3356  0.3356  0.2192  0.2192  0.2260  0.2192
A3Z7Z6           0.7192  0.6644  0.6164  0.6712  0.6507  0.6712  0.6712  0.6712  0.6712  0.6986  0.6712  0.6575  0.7192  0.5753  0.5753  0.5753  0.3767  0.3767  0.3767  0.3562  0.3562  0.3767  0.3699  0.3356  0.4315  0.3767  0.3288  0.3151  0.3767  0.3630  0.3699  0.3699  0.2123  0.1507  0.3699  0.2740  0.3425  0.1781  0.1849  0.3219  0.3219  0.3356  0.3699  0.3082
Q05ZR4           0.7123  0.6507  0.6233  0.6438  0.6507  0.6712  0.6370  0.6575  0.6918  0.6781  0.6712  0.6438  0.7055  0.5616  0.5616  0.5616  0.3973  0.4041  0.4041  0.3493  0.3493  0.3699  0.3836  0.3630  0.4178  0.3699  0.3630  0.3630  0.3699  0.3904  0.3493  0.3836  0.2123  0.2329  0.3767  0.2945  0.3493  0.2055  0.1986  0.3699  0.3699  0.3767  0.3493  0.3562  0.2329
A2C3I0           0.6849  0.6575  0.6507  0.6644  0.6644  0.6781  0.6781  0.6712  0.7055  0.6986  0.6438  0.6438  0.6986  0.6096  0.6096  0.6096  0.3904  0.3904  0.3973  0.3699  0.3699  0.3699  0.3699  0.3562  0.4452  0.3767  0.3699  0.3425  0.3699  0.3904  0.3699  0.3699  0.3151  0.2740  0.3767  0.0000  0.3836  0.2534  0.2603  0.3562  0.3562  0.3562  0.3767  0.3562  0.2740  0.2945
Q3AJ44           0.7123  0.6507  0.6233  0.6644  0.6507  0.6712  0.6370  0.6644  0.6781  0.6918  0.6712  0.6438  0.7055  0.5685  0.5685  0.5685  0.3767  0.3767  0.3836  0.3493  0.3493  0.3630  0.3767  0.3493  0.4178  0.3767  0.3356  0.3425  0.3630  0.3699  0.3425  0.3767  0.1986  0.1918  0.3767  0.2945  0.3699  0.2260  0.2192  0.3356  0.3356  0.3562  0.3493  0.3356  0.1781  0.1507  0.2945
A4CVI2           0.7055  0.6507  0.6233  0.6849  0.6507  0.6712  0.6712  0.6781  0.6918  0.6849  0.6712  0.6507  0.6986  0.5616  0.5616  0.5616  0.3836  0.3904  0.3973  0.3630  0.3630  0.3562  0.3699  0.3493  0.4384  0.3836  0.3151  0.3562  0.3562  0.3630  0.3630  0.3767  0.2123  0.0548  0.3836  0.2671  0.3699  0.2055  0.2055  0.3493  0.3493  0.3493  0.3493  0.3493  0.1644  0.2260  0.2671  0.1781
Q3AX77           0.7192  0.6507  0.6301  0.6438  0.6507  0.6644  0.6507  0.6507  0.6918  0.6849  0.6712  0.6507  0.7055  0.5753  0.5753  0.5753  0.3973  0.4041  0.4041  0.3562  0.3562  0.3699  0.3836  0.3630  0.4178  0.3767  0.3630  0.3630  0.3699  0.3904  0.3493  0.3836  0.2123  0.2329  0.3767  0.2945  0.3493  0.2055  0.1986  0.3699  0.3699  0.3699  0.3425  0.3562  0.2397  0.0205  0.2945  0.1507  0.2260
Q7V0Z7           0.6849  0.6575  0.6438  0.6575  0.6301  0.6781  0.6644  0.6712  0.6986  0.6849  0.6370  0.6575  0.6712  0.6027  0.6027  0.6027  0.3973  0.3973  0.4041  0.3973  0.3973  0.4041  0.4041  0.3973  0.4658  0.4452  0.3973  0.4247  0.4041  0.4247  0.4041  0.4315  0.3630  0.3288  0.4589  0.2603  0.4315  0.3493  0.3493  0.3904  0.3904  0.3973  0.4247  0.4041  0.3562  0.3425  0.2603  0.3288  0.3288  0.3425
A3PDK2           0.6986  0.6575  0.6438  0.6575  0.6301  0.6849  0.6644  0.6781  0.7055  0.6986  0.6438  0.6575  0.6712  0.6027  0.6027  0.6027  0.3973  0.3973  0.4041  0.3973  0.3973  0.4041  0.4041  0.3973  0.4589  0.4452  0.3904  0.4247  0.4041  0.4247  0.3973  0.4315  0.3630  0.3356  0.4589  0.2671  0.4315  0.3493  0.3493  0.3904  0.3904  0.3973  0.4247  0.4041  0.3562  0.3425  0.2671  0.3219  0.3288  0.3425  0.0548
A9BB08           0.7123  0.6575  0.6438  0.6507  0.6712  0.6781  0.6781  0.6712  0.6712  0.6644  0.6438  0.6507  0.6781  0.5753  0.5753  0.5753  0.3699  0.3836  0.3767  0.3630  0.3630  0.3630  0.3562  0.3562  0.4384  0.4041  0.3699  0.3493  0.3630  0.3767  0.3767  0.3699  0.2603  0.2740  0.3767  0.2603  0.3904  0.2808  0.2808  0.3493  0.3493  0.3630  0.3767  0.3219  0.2534  0.2671  0.2603  0.2466  0.2534  0.2740  0.3288  0.3219
A2BRS6           0.6986  0.6575  0.6370  0.6644  0.6233  0.6849  0.6644  0.6781  0.7055  0.6986  0.6438  0.6575  0.6712  0.6164  0.6164  0.6164  0.4041  0.4041  0.4110  0.4041  0.4041  0.4110  0.4110  0.4041  0.4658  0.4384  0.4041  0.4178  0.4110  0.4315  0.3904  0.4384  0.3699  0.3425  0.4658  0.2671  0.4384  0.3630  0.3630  0.3973  0.3973  0.3973  0.4315  0.4110  0.3630  0.3562  0.2671  0.3288  0.3356  0.3562  0.0616  0.0274  0.3219
Q0IBC2           0.7260  0.6644  0.6164  0.6575  0.6644  0.6644  0.6644  0.6712  0.6781  0.6986  0.6712  0.6507  0.6849  0.5685  0.5685  0.5685  0.3836  0.3767  0.3836  0.3493  0.3493  0.3699  0.3630  0.3219  0.4315  0.3767  0.3288  0.3356  0.3699  0.3630  0.3562  0.3699  0.2055  0.1370  0.3904  0.2534  0.3493  0.1575  0.1507  0.3493  0.3493  0.3562  0.3836  0.3356  0.1027  0.1986  0.2534  0.1644  0.1370  0.2055  0.3425  0.3356  0.2466  0.3493
Q2JH53           0.7055  0.6438  0.6918  0.6849  0.6438  0.7123  0.6781  0.7123  0.7123  0.7192  0.6849  0.6918  0.6712  0.6370  0.6370  0.6370  0.3904  0.3973  0.3973  0.3836  0.3836  0.3836  0.3699  0.3836  0.4041  0.3904  0.3904  0.3904  0.3836  0.4041  0.3904  0.3836  0.4452  0.4247  0.4041  0.4658  0.3699  0.4452  0.4452  0.3425  0.3425  0.3699  0.3493  0.3904  0.4452  0.4589  0.4658  0.4384  0.4315  0.4589  0.4247  0.4247  0.4589  0.4315  0.4521
Q7U7Q3           0.7123  0.6507  0.6301  0.6712  0.6575  0.6849  0.6301  0.6781  0.6918  0.6849  0.6644  0.6438  0.7055  0.5616  0.5616  0.5616  0.3699  0.3767  0.3767  0.3425  0.3425  0.3562  0.3767  0.3356  0.4384  0.3699  0.3356  0.3356  0.3562  0.3699  0.3425  0.3767  0.1918  0.1849  0.3836  0.2877  0.3562  0.2260  0.2192  0.3356  0.3356  0.3493  0.3425  0.3288  0.1849  0.1164  0.2877  0.0685  0.1849  0.1301  0.3151  0.3219  0.2397  0.3288  0.1781  0.4247
A8G5G7           0.6986  0.6644  0.6507  0.6644  0.6370  0.6986  0.6712  0.6918  0.7192  0.7055  0.6438  0.6644  0.6781  0.6096  0.6096  0.6096  0.4110  0.4110  0.4178  0.4041  0.4041  0.4110  0.4110  0.4110  0.4658  0.4452  0.4041  0.4247  0.4110  0.4315  0.3973  0.4384  0.3767  0.3493  0.4521  0.2534  0.4384  0.3493  0.3562  0.3904  0.3904  0.3904  0.4315  0.4041  0.3630  0.3493  0.2534  0.3356  0.3425  0.3493  0.0616  0.0342  0.3219  0.0479  0.3493  0.4315  0.3356
Q31AC8           0.6986  0.6644  0.6438  0.6644  0.6301  0.6918  0.6712  0.6849  0.7123  0.7055  0.6507  0.6644  0.6644  0.5959  0.5959  0.5959  0.3973  0.3973  0.4041  0.3973  0.3973  0.4178  0.4178  0.4110  0.4726  0.4589  0.4110  0.4384  0.4178  0.4384  0.4110  0.4452  0.3767  0.3493  0.4658  0.2740  0.4452  0.3630  0.3630  0.4041  0.4041  0.4110  0.4384  0.4178  0.3699  0.3493  0.2740  0.3356  0.3425  0.3493  0.0616  0.0205  0.3288  0.0342  0.3493  0.4315  0.3356  0.0274
A2BX84           0.6986  0.6507  0.6438  0.6644  0.6301  0.6849  0.6781  0.6781  0.7055  0.6918  0.6507  0.6644  0.6644  0.6027  0.6027  0.6027  0.3904  0.3904  0.3973  0.4041  0.4041  0.4041  0.3973  0.4041  0.4589  0.4384  0.4041  0.4315  0.4041  0.4178  0.3904  0.4384  0.3562  0.3425  0.4658  0.2671  0.4384  0.3425  0.3425  0.3904  0.3904  0.4041  0.4178  0.3973  0.3630  0.3562  0.2671  0.3356  0.3425  0.3562  0.0479  0.0616  0.3288  0.0685  0.3425  0.4315  0.3356  0.0685  0.0685
Q2JUS3           0.7192  0.6507  0.6712  0.6849  0.6438  0.6986  0.6712  0.6986  0.7055  0.7192  0.6712  0.6781  0.6781  0.6438  0.6438  0.6438  0.4041  0.4110  0.4110  0.3973  0.3973  0.3836  0.3699  0.3836  0.3973  0.3904  0.4110  0.3836  0.3836  0.4041  0.3904  0.3836  0.4315  0.4315  0.4178  0.4658  0.3767  0.4521  0.4521  0.3562  0.3562  0.3836  0.3630  0.3904  0.4384  0.4452  0.4658  0.4247  0.4384  0.4452  0.4247  0.4247  0.4521  0.4315  0.4452  0.0411  0.4315  0.4315  0.4315  0.4315
Q05XX8           0.7055  0.6438  0.6301  0.6575  0.6507  0.6781  0.6712  0.6849  0.6849  0.6918  0.6712  0.6781  0.7055  0.5616  0.5616  0.5616  0.3493  0.3630  0.3562  0.3288  0.3288  0.3562  0.3493  0.3425  0.4315  0.3630  0.2945  0.3151  0.3562  0.3493  0.3699  0.3562  0.1986  0.1370  0.3767  0.2671  0.3493  0.1438  0.1507  0.3219  0.3219  0.3288  0.3562  0.3288  0.1027  0.2123  0.2671  0.1849  0.1370  0.2192  0.3425  0.3425  0.2603  0.3562  0.1027  0.4315  0.1849  0.3493  0.3562  0.3493  0.4384
Q7VBJ4           0.6986  0.6575  0.6438  0.6507  0.6644  0.6781  0.6849  0.6781  0.6712  0.7055  0.6507  0.6438  0.6712  0.5959  0.5959  0.5959  0.3630  0.3562  0.3630  0.3356  0.3356  0.3767  0.3425  0.3425  0.4384  0.3904  0.3630  0.3562  0.3767  0.3562  0.3836  0.3493  0.2877  0.2671  0.3699  0.2603  0.3493  0.2671  0.2603  0.3356  0.3356  0.3356  0.3699  0.3151  0.2260  0.3082  0.2603  0.2671  0.2466  0.3082  0.3219  0.3219  0.1849  0.3288  0.2534  0.4178  0.2740  0.3219  0.3288  0.3356  0.4110  0.2603
B4AX04           0.6986  0.6575  0.6644  0.6712  0.6644  0.7123  0.6575  0.7055  0.6986  0.6575  0.6781  0.6644  0.6712  0.6027  0.6027  0.6027  0.1986  0.1918  0.1849  0.1712  0.1712  0.1507  0.1164  0.0822  0.3767  0.1918  0.1438  0.1712  0.1507  0.1575  0.2123  0.1644  0.3630  0.3493  0.2534  0.3630  0.2123  0.3767  0.3767  0.2260  0.2260  0.2192  0.1986  0.1849  0.3493  0.3630  0.3630  0.3493  0.3425  0.3630  0.3973  0.3973  0.3562  0.4041  0.3425  0.3767  0.3493  0.4110  0.4110  0.3973  0.3767  0.3288  0.3562
A3YYJ7           0.7329  0.6438  0.6301  0.6644  0.6438  0.6781  0.6507  0.6781  0.6986  0.6918  0.6849  0.6507  0.6781  0.5959  0.5959  0.5959  0.3562  0.3630  0.3562  0.3425  0.3425  0.3630  0.3493  0.3562  0.4110  0.3767  0.3630  0.3493  0.3630  0.3562  0.3699  0.3493  0.1986  0.2534  0.3699  0.3288  0.3493  0.2192  0.2123  0.3425  0.3425  0.3493  0.3425  0.3151  0.2055  0.2055  0.3288  0.2192  0.2466  0.2123  0.3699  0.3699  0.2534  0.3767  0.2192  0.4521  0.1986  0.3836  0.3836  0.3699  0.4384  0.2260  0.2808  0.3562


TREE #  1:  (6, 8, (9, (11, (10, ((2, (1, ((7, 12), (5, 3)))), (4, (13, ((16, (15, 14)), (25, ((56, 61), ((40, 41), ((33, (65, (((46, 50), (48, 57)), (((38, 39), ((55, (34, 49)), (62, 45))), ((53, 63), (((54, (52, (58, 59))), (51, 60)), (36, 47))))))), ((43, (35, 37)), ((((22, 29), (23, (30, 32))), (((17, (18, 19)), (20, 21)), (27, (24, 64)))), (42, ((28, 44), (26, 31)))))))))))))))));   MP score: 1294
lnL(ntime:127  np:128):  -6505.998455      +0.000000
  66..6    66..8    66..67   67..9    67..68   68..11   68..69   69..10   69..70   70..71   71..2    71..72   72..1    72..73   73..74   74..7    74..12   73..75   75..5    75..3    70..76   76..4    76..77   77..13   77..78   78..79   79..16   79..80   80..15   80..14   78..81   81..25   81..82   82..83   83..56   83..61   82..84   84..85   85..40   85..41   84..86   86..87   87..33   87..88   88..65   88..89   89..90   90..91   91..46   91..50   90..92   92..48   92..57   89..93   93..94   94..95   95..38   95..39   94..96   96..97   97..55   97..98   98..34   98..49   96..99   99..62   99..45   93..100 100..101 101..53  101..63  100..102 102..103 103..104 104..54  104..105 105..52  105..106 106..58  106..59  103..107 107..51  107..60  102..108 108..36  108..47   86..109 109..110 110..43  110..111 111..35  111..37  109..112 112..113 113..114 114..115 115..22  115..29  114..116 116..23  116..117 117..30  117..32  113..118 118..119 119..120 120..17  120..121 121..18  121..19  119..122 122..20  122..21  118..123 123..27  123..124 124..24  124..64  112..125 125..42  125..126 126..127 127..28  127..44  126..128 128..26  128..31 
 0.013637 0.016063 0.106065 0.155382 0.032155 0.226797 0.036725 0.459254 0.420501 0.110069 0.364350 0.090832 0.356203 0.123151 0.231178 0.262299 0.551898 0.043906 0.506720 0.355953 0.000004 0.296770 0.103202 0.565728 1.223719 0.602293 0.000004 0.000004 0.000004 0.000004 0.930127 0.243024 0.202291 0.416080 0.017827 0.028405 0.113164 0.137205 0.000004 0.000004 0.046710 0.314756 0.147570 0.029303 0.150478 0.058330 0.070743 0.077554 0.000004 0.023009 0.067801 0.072506 0.011757 0.042057 0.004690 0.128308 0.014742 0.000004 0.063290 0.014640 0.058216 0.099938 0.021811 0.038194 0.021710 0.051199 0.077281 0.136739 0.117543 0.153394 0.113484 0.115106 0.319647 0.030461 0.020517 0.002095 0.007328 0.007303 0.022208 0.007366 0.000004 0.021319 0.030548 0.084076 0.000004 0.000004 0.046275 0.036119 0.150140 0.041156 0.133174 0.085569 0.022866 0.016550 0.045957 0.071311 0.000004 0.000004 0.012570 0.043215 0.024819 0.065948 0.060353 0.000004 0.104802 0.060127 0.023574 0.015096 0.015546 0.006977 0.041813 0.007481 0.000004 0.020085 0.146040 0.041249 0.053848 0.042290 0.027442 0.168460 0.039579 0.008588 0.075285 0.162302 0.017625 0.064681 0.121834 0.746122

tree length =  14.35951

(6: 0.013637, 8: 0.016063, (9: 0.155382, (11: 0.226797, (10: 0.459254, ((2: 0.364350, (1: 0.356203, ((7: 0.262299, 12: 0.551898): 0.231178, (5: 0.506720, 3: 0.355953): 0.043906): 0.123151): 0.090832): 0.110069, (4: 0.296770, (13: 0.565728, ((16: 0.000004, (15: 0.000004, 14: 0.000004): 0.000004): 0.602293, (25: 0.243024, ((56: 0.017827, 61: 0.028405): 0.416080, ((40: 0.000004, 41: 0.000004): 0.137205, ((33: 0.147570, (65: 0.150478, (((46: 0.000004, 50: 0.023009): 0.077554, (48: 0.072506, 57: 0.011757): 0.067801): 0.070743, (((38: 0.014742, 39: 0.000004): 0.128308, ((55: 0.058216, (34: 0.021811, 49: 0.038194): 0.099938): 0.014640, (62: 0.051199, 45: 0.077281): 0.021710): 0.063290): 0.004690, ((53: 0.153394, 63: 0.113484): 0.117543, (((54: 0.020517, (52: 0.007328, (58: 0.022208, 59: 0.007366): 0.007303): 0.002095): 0.030461, (51: 0.021319, 60: 0.030548): 0.000004): 0.319647, (36: 0.000004, 47: 0.000004): 0.084076): 0.115106): 0.136739): 0.042057): 0.058330): 0.029303): 0.314756, ((43: 0.150140, (35: 0.133174, 37: 0.085569): 0.041156): 0.036119, ((((22: 0.000004, 29: 0.000004): 0.071311, (23: 0.043215, (30: 0.065948, 32: 0.060353): 0.024819): 0.012570): 0.045957, (((17: 0.023574, (18: 0.015546, 19: 0.006977): 0.015096): 0.060127, (20: 0.007481, 21: 0.000004): 0.041813): 0.104802, (27: 0.146040, (24: 0.053848, 64: 0.042290): 0.041249): 0.020085): 0.000004): 0.016550, (42: 0.168460, ((28: 0.075285, 44: 0.162302): 0.008588, (26: 0.064681, 31: 0.121834): 0.017625): 0.039579): 0.027442): 0.022866): 0.046275): 0.046710): 0.113164): 0.202291): 0.930127): 1.223719): 0.103202): 0.000004): 0.420501): 0.036725): 0.032155): 0.106065);

(A7H2B7: 0.013637, A8FMW9: 0.016063, (Q4HHS4: 0.155382, (Q4HT09: 0.226797, (B9KFK9: 0.459254, ((D1AZY5: 0.364350, (A8EUC6: 0.356203, ((Q7M9T2: 0.262299, P56214: 0.551898): 0.231178, (A6QBG5: 0.506720, Q30R19: 0.355953): 0.043906): 0.123151): 0.090832): 0.110069, (A6Q485: 0.296770, (B9L9M2: 0.565728, ((B7LLP8: 0.000004, (P0A7H6: 0.000004, B7MQI7: 0.000004): 0.000004): 0.602293, (Q7NFM5: 0.243024, ((Q2JH53: 0.017827, Q2JUS3: 0.028405): 0.416080, ((Q5N5P2: 0.000004, Q31NH0: 0.000004): 0.137205, ((A5GS45: 0.147570, (A3YYJ7: 0.150478, (((Q05ZR4: 0.000004, Q3AX77: 0.023009): 0.077554, (Q3AJ44: 0.072506, Q7U7Q3: 0.011757): 0.067801): 0.070743, (((A2C8B2: 0.014742, Q7V6R9: 0.000004): 0.128308, ((Q0IBC2: 0.058216, (A5GLY6: 0.021811, A4CVI2: 0.038194): 0.099938): 0.014640, (Q05XX8: 0.051199, A3Z7Z6: 0.077281): 0.021710): 0.063290): 0.004690, ((A9BB08: 0.153394, Q7VBJ4: 0.113484): 0.117543, (((A2BRS6: 0.020517, (A3PDK2: 0.007328, (A8G5G7: 0.022208, Q31AC8: 0.007366): 0.007303): 0.002095): 0.030461, (Q7V0Z7: 0.021319, A2BX84: 0.030548): 0.000004): 0.319647, (Q46K36: 0.000004, A2C3I0: 0.000004): 0.084076): 0.115106): 0.136739): 0.042057): 0.058330): 0.029303): 0.314756, ((B0C882: 0.150140, (Q8DGV8: 0.133174, B8HXF0: 0.085569): 0.041156): 0.036119, ((((Q8YMF7: 0.000004, Q3MAW5: 0.000004): 0.071311, (B2J7Q3: 0.043215, (B9YKY0: 0.065948, A0ZF29: 0.060353): 0.024819): 0.012570): 0.045957, (((Q4C5V8: 0.023574, (A3IM06: 0.015546, B1WUB2: 0.006977): 0.015096): 0.060127, (B7K2B2: 0.007481, C7QNB7: 0.000004): 0.041813): 0.104802, (B0JUQ3: 0.146040, (B7KEM9: 0.053848, B4AX04: 0.042290): 0.041249): 0.020085): 0.000004): 0.016550, (Q115W2: 0.168460, ((B5VUA7: 0.075285, B1XPL9: 0.162302): 0.008588, (A0YKV2: 0.064681, P74533: 0.121834): 0.017625): 0.039579): 0.027442): 0.022866): 0.046275): 0.046710): 0.113164): 0.202291): 0.930127): 1.223719): 0.103202): 0.000004): 0.420501): 0.036725): 0.032155): 0.106065);

Detailed output identifying parameters

alpha (gamma, K = 4) =  0.74612
rate:   0.08405  0.38450  0.94083  2.59061
freq:   0.25000  0.25000  0.25000  0.25000

Time used: 16:14
