AAML (in paml version 4.6, August 2012)  257.aa
Model: Empirical for branches,  (../../../bin/LG.dat) dGamma (ncatG=4) ns =  65  ls = 501


Frequencies..
                                    A      R      N      D      C      Q      E      G      H      I      L      K      M      F      P      S      T      W      Y      V
A8ESG2                         0.05788 0.05988 0.04391 0.06387 0.00200 0.03393 0.10579 0.04391 0.01796 0.07984 0.09980 0.06587 0.01796 0.05988 0.03194 0.05589 0.03992 0.00000 0.04591 0.07385
A6Q1T5                         0.05788 0.06587 0.03792 0.05988 0.00200 0.03194 0.10778 0.05389 0.01996 0.06587 0.12176 0.06188 0.01996 0.05389 0.03792 0.05190 0.03992 0.00000 0.05389 0.05589
A6QC84                         0.05788 0.05988 0.04192 0.06786 0.00200 0.02595 0.10180 0.04790 0.01796 0.06188 0.10579 0.06387 0.02794 0.04591 0.03393 0.06587 0.04391 0.00000 0.05788 0.06986
D1B3E8                         0.05788 0.05988 0.03593 0.05988 0.00798 0.03393 0.09980 0.04990 0.01198 0.06188 0.11577 0.06986 0.02395 0.05389 0.03393 0.05988 0.03393 0.00000 0.05589 0.07385
Q30PW0                         0.06188 0.05988 0.04192 0.06387 0.00200 0.03992 0.09581 0.04591 0.01796 0.08383 0.10778 0.06188 0.02196 0.03792 0.03393 0.05788 0.04391 0.00000 0.05788 0.06387
Q7M806                         0.07385 0.07385 0.03194 0.05190 0.00200 0.03992 0.10379 0.05988 0.02395 0.06786 0.12176 0.04391 0.01796 0.04591 0.03593 0.04990 0.03992 0.00000 0.04790 0.06786
B9KD69                         0.06188 0.05190 0.05788 0.06387 0.00798 0.02794 0.08982 0.05190 0.01198 0.06387 0.12375 0.06786 0.02994 0.05589 0.02994 0.05988 0.03393 0.00000 0.05190 0.05788
B9LA74                         0.05589 0.05988 0.03792 0.05988 0.00399 0.03992 0.10379 0.05589 0.01397 0.07585 0.10778 0.06188 0.02595 0.04790 0.03593 0.04591 0.04790 0.00000 0.05589 0.06387
Q4HT66                         0.05589 0.06387 0.04790 0.06387 0.00998 0.03194 0.08982 0.04790 0.01796 0.06387 0.12575 0.05988 0.02794 0.05589 0.03393 0.05788 0.03792 0.00000 0.05389 0.05389
Q4HHZ1                         0.05190 0.05988 0.04391 0.07186 0.00998 0.03194 0.08583 0.04990 0.01796 0.06587 0.12375 0.06587 0.02994 0.05988 0.02994 0.05589 0.03992 0.00000 0.04990 0.05589
A8FL94                         0.04990 0.05988 0.04591 0.06786 0.00998 0.03194 0.08583 0.05190 0.01796 0.06587 0.12375 0.06587 0.02794 0.05988 0.02994 0.05589 0.04192 0.00000 0.04990 0.05788
A7H4E3                         0.05190 0.06188 0.04591 0.06786 0.00998 0.03194 0.08583 0.05190 0.01796 0.06786 0.12375 0.06387 0.02794 0.05988 0.02994 0.05589 0.03792 0.00000 0.04990 0.05788
P94846                         0.06986 0.06587 0.03992 0.06188 0.01198 0.02395 0.09381 0.04990 0.01796 0.06786 0.11377 0.07186 0.02395 0.06188 0.02994 0.06188 0.03194 0.00200 0.04192 0.05788
C7QNR3                         0.05389 0.07784 0.02994 0.06387 0.01198 0.05589 0.10180 0.05589 0.01397 0.08184 0.10778 0.04391 0.00998 0.02994 0.04192 0.05389 0.03393 0.00599 0.04391 0.08184
B7K2T0                         0.05389 0.07784 0.02994 0.06387 0.01198 0.05589 0.10180 0.05589 0.01397 0.08184 0.10778 0.04391 0.00998 0.02994 0.04192 0.05389 0.03393 0.00599 0.04391 0.08184
B8HQA9                         0.06387 0.09581 0.02994 0.07784 0.00998 0.03992 0.08782 0.05788 0.01597 0.07984 0.10978 0.02994 0.00798 0.03194 0.04391 0.03992 0.05389 0.00599 0.04192 0.07585
B1XJ68                         0.07186 0.07186 0.03393 0.06986 0.01198 0.05988 0.08982 0.04990 0.01397 0.07385 0.10978 0.03992 0.00998 0.03194 0.03992 0.04790 0.04192 0.00599 0.04192 0.08383
Q7NJH7                         0.07784 0.09581 0.02794 0.06587 0.00998 0.04591 0.09980 0.05389 0.02196 0.06587 0.09980 0.02994 0.01198 0.03194 0.04391 0.03792 0.03393 0.00798 0.03992 0.09780
Q2JN87                         0.06986 0.09581 0.02994 0.05988 0.00998 0.03992 0.10180 0.05589 0.01996 0.06587 0.11178 0.02595 0.01996 0.03194 0.03992 0.04591 0.03792 0.00599 0.04192 0.08982
Q5N3H1                         0.06786 0.09182 0.03593 0.06587 0.00998 0.04790 0.10180 0.05589 0.01597 0.07784 0.10579 0.02794 0.01198 0.02994 0.04391 0.04192 0.03792 0.00599 0.04192 0.08184
Q31QS4                         0.06786 0.09182 0.03593 0.06587 0.00998 0.04790 0.10180 0.05589 0.01597 0.07784 0.10579 0.02794 0.01198 0.02994 0.04391 0.04192 0.03792 0.00599 0.04192 0.08184
B0JR86                         0.05589 0.08782 0.03393 0.06587 0.01198 0.04990 0.09581 0.05589 0.01597 0.07984 0.12176 0.03593 0.00998 0.03194 0.03992 0.04990 0.03792 0.00599 0.04192 0.07186
A0ZA90                         0.07585 0.08583 0.03194 0.07186 0.01198 0.04990 0.08982 0.05788 0.02196 0.09381 0.09182 0.03194 0.01796 0.03194 0.04192 0.04391 0.03393 0.00599 0.03992 0.06986
Q8YXS9                         0.07186 0.08782 0.03792 0.06387 0.00998 0.04391 0.09980 0.05788 0.01996 0.09182 0.09381 0.03194 0.01597 0.02794 0.04192 0.03992 0.03792 0.00599 0.04391 0.07585
Q3M409                         0.07385 0.08782 0.03792 0.06387 0.00998 0.04391 0.09980 0.05788 0.01996 0.09182 0.09381 0.03194 0.01597 0.02794 0.04192 0.03992 0.03593 0.00599 0.04391 0.07585
Q8DHC6                         0.08583 0.09381 0.02994 0.05389 0.01397 0.05190 0.09980 0.05589 0.01597 0.06986 0.10978 0.02196 0.00798 0.03194 0.04391 0.03593 0.04591 0.00599 0.04391 0.08184
Q2JRR3                         0.06986 0.09381 0.02994 0.05389 0.00998 0.04790 0.10379 0.05788 0.01597 0.06387 0.10978 0.02395 0.01597 0.03393 0.04192 0.04591 0.03992 0.00599 0.04391 0.09182
Q4C810                         0.05589 0.07984 0.04192 0.06786 0.01397 0.04990 0.08982 0.05389 0.01597 0.08184 0.10778 0.04591 0.00798 0.03593 0.04192 0.04591 0.03593 0.00599 0.04192 0.07984
B2J738                         0.07385 0.08383 0.03393 0.07186 0.01198 0.04591 0.09182 0.05589 0.02196 0.08782 0.09581 0.03792 0.01796 0.02794 0.04192 0.03593 0.04192 0.00599 0.04192 0.07385
B0CE09                         0.07585 0.08982 0.03393 0.05988 0.00998 0.04391 0.09780 0.06387 0.01796 0.07186 0.10379 0.02794 0.00998 0.03393 0.04192 0.03593 0.04790 0.00599 0.03992 0.08782
A3YWN3                         0.08583 0.08782 0.03593 0.06387 0.00998 0.04391 0.08782 0.06387 0.02595 0.05788 0.11377 0.02196 0.00998 0.02794 0.03992 0.04391 0.04990 0.00599 0.04192 0.08184
Q7V9M1                         0.06188 0.07585 0.04192 0.06786 0.01198 0.03194 0.09381 0.05389 0.01796 0.07784 0.11178 0.05389 0.00998 0.03593 0.03792 0.05589 0.03792 0.00599 0.04391 0.07186
A9BD93                         0.05589 0.07385 0.03992 0.07585 0.01198 0.03992 0.08583 0.05190 0.01796 0.07585 0.10778 0.04990 0.00798 0.03194 0.03792 0.05988 0.03792 0.00599 0.04391 0.08782
B1X1G7                         0.06188 0.07585 0.04192 0.06986 0.01198 0.04591 0.09381 0.05389 0.01597 0.07585 0.10978 0.04990 0.00798 0.03194 0.04391 0.04591 0.03194 0.00599 0.04192 0.08383
A0YS90                         0.06587 0.08982 0.03792 0.06587 0.01198 0.05389 0.09381 0.05988 0.01397 0.07984 0.10379 0.02994 0.00998 0.03194 0.03992 0.03792 0.04591 0.00599 0.04192 0.07984
Q111F5                         0.05589 0.08583 0.03992 0.06587 0.01198 0.03593 0.10579 0.05788 0.01597 0.08782 0.10978 0.04192 0.00798 0.02794 0.03992 0.04591 0.03992 0.00599 0.04192 0.07585
Q062P3                         0.08383 0.08383 0.03792 0.06986 0.00998 0.03992 0.09182 0.06188 0.01796 0.05988 0.11377 0.03593 0.01198 0.02794 0.03792 0.03792 0.04990 0.00599 0.04391 0.07784
A5GQ18                         0.07784 0.08583 0.03992 0.06587 0.00998 0.04192 0.08583 0.06188 0.01996 0.06188 0.10778 0.02794 0.01397 0.02595 0.03992 0.05190 0.04391 0.00798 0.04391 0.08583
B9YK39                         0.06986 0.08184 0.03593 0.06587 0.01198 0.04790 0.09381 0.05389 0.01796 0.07585 0.10180 0.04391 0.01996 0.02794 0.04192 0.03792 0.03992 0.00599 0.04192 0.08383
B4B664                         0.05988 0.08782 0.03194 0.06387 0.01397 0.05589 0.10180 0.05988 0.01796 0.07784 0.11577 0.03194 0.00998 0.03194 0.03992 0.04391 0.03393 0.00599 0.04192 0.07385
P0A8F8                         0.06786 0.08583 0.02794 0.06786 0.00200 0.03792 0.10180 0.05589 0.01198 0.06188 0.11577 0.03194 0.02794 0.03593 0.04990 0.04192 0.05190 0.00000 0.04391 0.07984
B7LJY3                         0.06587 0.08583 0.02794 0.06786 0.00200 0.03792 0.10180 0.05589 0.01198 0.06188 0.11577 0.03194 0.02794 0.03593 0.04990 0.04192 0.05389 0.00000 0.04391 0.07984
B7MQN2                         0.06786 0.08583 0.02794 0.06786 0.00200 0.03792 0.10180 0.05589 0.01198 0.06188 0.11577 0.03194 0.02794 0.03593 0.04990 0.04192 0.05190 0.00000 0.04391 0.07984
A2BZ35                         0.07585 0.07784 0.02994 0.06986 0.01597 0.03992 0.09182 0.05190 0.01996 0.07385 0.11377 0.04591 0.00798 0.03593 0.03992 0.04790 0.04391 0.00599 0.03992 0.07186
Q05UL9                         0.07385 0.08383 0.03393 0.06986 0.00998 0.03792 0.08982 0.05988 0.01996 0.05988 0.10978 0.03593 0.01397 0.02794 0.03792 0.04790 0.05389 0.00599 0.04391 0.08383
A2BTN0                         0.06387 0.07585 0.02994 0.05788 0.01397 0.03593 0.10579 0.05190 0.01996 0.07186 0.10978 0.04990 0.00998 0.03393 0.03992 0.06188 0.04391 0.00599 0.04391 0.07385
B7KC96                         0.05788 0.08383 0.03393 0.06188 0.01198 0.05589 0.10379 0.06188 0.01397 0.07385 0.11976 0.03792 0.00798 0.03194 0.04192 0.04790 0.03194 0.00599 0.04391 0.07186
Q7UZL3                         0.07385 0.07984 0.02994 0.07186 0.01397 0.03792 0.08982 0.05190 0.01996 0.07385 0.11377 0.04790 0.00798 0.03593 0.03992 0.05190 0.04192 0.00599 0.04192 0.06986
Q3B0S6                         0.08184 0.08383 0.03792 0.06986 0.00998 0.03992 0.09182 0.06188 0.01796 0.06188 0.11377 0.03593 0.01397 0.02794 0.03792 0.03992 0.04790 0.00599 0.04391 0.07585
A3PFD7                         0.06387 0.07585 0.02994 0.05788 0.01397 0.03593 0.10579 0.05190 0.01996 0.07186 0.10978 0.04990 0.00998 0.03393 0.03992 0.05988 0.04391 0.00599 0.04591 0.07385
A2C5B3                         0.06188 0.07784 0.03593 0.07385 0.01198 0.03792 0.07984 0.04990 0.01996 0.07385 0.11976 0.05190 0.00998 0.02994 0.03992 0.06387 0.03992 0.00599 0.04391 0.07186
B5W787                         0.07585 0.08982 0.02994 0.07186 0.01198 0.05589 0.08583 0.05589 0.01597 0.07784 0.10778 0.02395 0.00998 0.02994 0.04591 0.04192 0.04591 0.00599 0.04192 0.07585
Q46IE1                         0.06188 0.07784 0.03593 0.07385 0.01198 0.03792 0.07984 0.04990 0.01996 0.07385 0.11976 0.05190 0.00998 0.02994 0.03992 0.06387 0.03992 0.00599 0.04391 0.07186
A3Z424                         0.08383 0.08383 0.02794 0.06587 0.00998 0.04391 0.09182 0.05589 0.02395 0.06387 0.11178 0.03593 0.00998 0.02595 0.03792 0.04591 0.04591 0.00599 0.04391 0.08583
Q317Z3                         0.06387 0.07385 0.02994 0.05788 0.01397 0.03593 0.10579 0.05190 0.01996 0.07186 0.10978 0.05190 0.00998 0.03393 0.03992 0.06188 0.04391 0.00599 0.04391 0.07385
A8G7F4                         0.06387 0.07585 0.02994 0.05589 0.01397 0.03593 0.10379 0.05190 0.01996 0.07385 0.10778 0.05389 0.00998 0.03593 0.03992 0.06188 0.04391 0.00599 0.04391 0.07186
Q55170                         0.06786 0.08383 0.02794 0.06387 0.01198 0.05988 0.09381 0.04990 0.01397 0.07585 0.10579 0.03194 0.01198 0.03593 0.04391 0.04391 0.04192 0.00599 0.04591 0.08383
Q3ANH3                         0.07984 0.08184 0.03792 0.06786 0.00998 0.03393 0.09980 0.06188 0.01796 0.05988 0.10778 0.03593 0.01597 0.02595 0.03792 0.04391 0.04591 0.00599 0.04391 0.08583
Q0IE10                         0.08184 0.07984 0.03393 0.06387 0.00998 0.03792 0.08982 0.05988 0.01996 0.05589 0.11577 0.04192 0.01198 0.02794 0.03992 0.05190 0.04591 0.00599 0.04391 0.08184
Q7UA24                         0.07385 0.08184 0.03593 0.06188 0.00998 0.04192 0.10379 0.06188 0.01996 0.06188 0.11178 0.03393 0.01198 0.02794 0.03792 0.04391 0.04790 0.00599 0.04391 0.08184
A5GHU1                         0.07784 0.07984 0.03792 0.06387 0.00998 0.04192 0.09780 0.05788 0.01996 0.05988 0.11178 0.03393 0.01198 0.02794 0.03792 0.04391 0.05190 0.00599 0.04391 0.08383
A4CYH6                         0.07784 0.08184 0.03992 0.06786 0.00998 0.04192 0.09381 0.05988 0.01996 0.05988 0.11377 0.03393 0.00998 0.02794 0.03792 0.04391 0.04790 0.00599 0.04391 0.08184
Q7TV80                         0.07585 0.08583 0.03593 0.06387 0.00998 0.03992 0.09581 0.05389 0.01996 0.06387 0.11776 0.03393 0.00998 0.02994 0.03792 0.04990 0.04591 0.00599 0.04391 0.07984
A2C5S6                         0.07784 0.08782 0.03593 0.06786 0.00998 0.04192 0.09182 0.05190 0.01796 0.05988 0.11976 0.03393 0.00998 0.02994 0.03792 0.04790 0.04591 0.00599 0.04391 0.08184
A3J033                         0.06387 0.07585 0.04192 0.06786 0.01198 0.04790 0.09581 0.05389 0.01597 0.07984 0.10978 0.04790 0.00798 0.03194 0.04192 0.04591 0.02994 0.00599 0.04192 0.08184

Homogeneity statistic: X2 = 1.68019 G = 1.73131 

Average                        0.06753 0.07932 0.03581 0.06547 0.01001 0.04176 0.09587 0.05512 0.01781 0.07146 0.11116 0.04256 0.01483 0.03565 0.03949 0.04876 0.04185 0.00461 0.04477 0.07616

# constant sites:    142 (28.34%)
ln Lmax (unconstrained) = -2799.233552

AA distances (raw proportions of different sites)

A8ESG2         
A6Q1T5           0.2295
A6QC84           0.2555  0.2495
D1B3E8           0.2415  0.1936  0.2455
Q30PW0           0.2774  0.2615  0.2934  0.2535
Q7M806           0.2675  0.2076  0.2635  0.2455  0.2874
B9KD69           0.2814  0.2854  0.3114  0.2515  0.3134  0.3114
B9LA74           0.2814  0.1936  0.2874  0.2395  0.2894  0.2595  0.3253
Q4HT66           0.2974  0.2874  0.3253  0.2675  0.3234  0.3134  0.1138  0.3234
Q4HHZ1           0.2974  0.2894  0.3273  0.2615  0.3293  0.3074  0.0958  0.3234  0.0838
A8FL94           0.2954  0.2894  0.3214  0.2615  0.3273  0.3034  0.0958  0.3194  0.0838  0.0100
A7H4E3           0.2954  0.2894  0.3253  0.2615  0.3293  0.3034  0.0978  0.3174  0.0818  0.0140  0.0080
P94846           0.3194  0.3054  0.3094  0.3034  0.3413  0.2894  0.3194  0.3253  0.3234  0.3293  0.3253  0.3253
C7QNR3           0.4271  0.4132  0.4571  0.4391  0.4451  0.4212  0.4591  0.4291  0.4830  0.4790  0.4770  0.4750  0.4631
B7K2T0           0.4271  0.4132  0.4571  0.4391  0.4451  0.4212  0.4591  0.4291  0.4830  0.4790  0.4770  0.4750  0.4631  0.0000
B8HQA9           0.4391  0.4172  0.4651  0.4531  0.4511  0.4291  0.4611  0.4232  0.4790  0.4711  0.4691  0.4691  0.4691  0.1697  0.1697
B1XJ68           0.4391  0.4271  0.4691  0.4531  0.4471  0.4391  0.4711  0.4351  0.4930  0.4830  0.4810  0.4810  0.4631  0.1517  0.1517  0.1677
Q7NJH7           0.4251  0.4032  0.4491  0.4351  0.4511  0.4271  0.4571  0.4271  0.4790  0.4711  0.4691  0.4671  0.4511  0.1956  0.1956  0.1956  0.2176
Q2JN87           0.4371  0.3992  0.4411  0.4411  0.4431  0.4251  0.4671  0.4092  0.4750  0.4711  0.4691  0.4651  0.4531  0.2156  0.2156  0.2315  0.2335  0.2236
Q5N3H1           0.4371  0.4212  0.4611  0.4331  0.4551  0.4291  0.4551  0.4331  0.4790  0.4711  0.4691  0.4671  0.4611  0.1717  0.1717  0.1717  0.1756  0.2096  0.2176
Q31QS4           0.4371  0.4212  0.4611  0.4331  0.4551  0.4291  0.4551  0.4331  0.4790  0.4711  0.4691  0.4671  0.4611  0.1717  0.1717  0.1717  0.1756  0.2096  0.2176  0.0000
B0JR86           0.4271  0.4112  0.4651  0.4451  0.4371  0.4251  0.4551  0.4232  0.4750  0.4631  0.4611  0.4571  0.4551  0.1577  0.1577  0.1796  0.1836  0.2156  0.2156  0.1896  0.1896
A0ZA90           0.4491  0.4291  0.4810  0.4551  0.4591  0.4451  0.4850  0.4311  0.5050  0.4930  0.4910  0.4910  0.4750  0.1796  0.1796  0.1697  0.1976  0.2056  0.2136  0.1737  0.1737  0.1776
Q8YXS9           0.4491  0.4311  0.4790  0.4611  0.4471  0.4411  0.4750  0.4291  0.5050  0.4890  0.4870  0.4850  0.4750  0.1916  0.1916  0.1577  0.1936  0.2056  0.2196  0.1697  0.1697  0.1657  0.0818
Q3M409           0.4491  0.4311  0.4790  0.4611  0.4471  0.4411  0.4750  0.4291  0.5050  0.4890  0.4870  0.4850  0.4750  0.1916  0.1916  0.1577  0.1936  0.2056  0.2196  0.1697  0.1697  0.1637  0.0798  0.0020
Q8DHC6           0.4491  0.4152  0.4750  0.4471  0.4651  0.4351  0.4691  0.4212  0.4770  0.4770  0.4750  0.4750  0.4611  0.1876  0.1876  0.1477  0.1876  0.1717  0.2216  0.1796  0.1796  0.1836  0.1836  0.1776  0.1776
Q2JRR3           0.4351  0.3972  0.4451  0.4391  0.4431  0.4232  0.4651  0.4092  0.4770  0.4651  0.4631  0.4591  0.4551  0.2216  0.2216  0.2315  0.2355  0.2275  0.0379  0.2255  0.2255  0.2275  0.2255  0.2295  0.2295  0.2255
Q4C810           0.4391  0.4232  0.4651  0.4551  0.4491  0.4311  0.4691  0.4251  0.4870  0.4770  0.4750  0.4711  0.4611  0.1158  0.1158  0.1617  0.1557  0.2036  0.2176  0.1876  0.1876  0.1597  0.1776  0.1796  0.1776  0.1856  0.2255
B2J738           0.4571  0.4371  0.4790  0.4651  0.4531  0.4491  0.4830  0.4391  0.5090  0.4930  0.4910  0.4910  0.4770  0.1836  0.1836  0.1637  0.1876  0.2136  0.2196  0.1776  0.1776  0.1856  0.0958  0.0878  0.0858  0.1796  0.2295  0.1617
B0CE09           0.4511  0.4251  0.4551  0.4531  0.4571  0.4331  0.4691  0.4251  0.4830  0.4810  0.4790  0.4790  0.4611  0.1896  0.1896  0.1457  0.1776  0.2036  0.2295  0.1737  0.1737  0.1776  0.1856  0.1697  0.1677  0.1417  0.2335  0.1557  0.1657
A3YWN3           0.4591  0.4271  0.4651  0.4491  0.4711  0.4431  0.4850  0.4351  0.4930  0.4990  0.4970  0.4950  0.4531  0.2355  0.2355  0.2335  0.2415  0.2655  0.2515  0.1996  0.1996  0.2435  0.2355  0.2335  0.2335  0.2275  0.2535  0.2395  0.2315  0.2355
Q7V9M1           0.4471  0.4072  0.4611  0.4351  0.4611  0.4391  0.4810  0.4271  0.4990  0.4890  0.4910  0.4890  0.4571  0.2455  0.2455  0.2375  0.2435  0.2914  0.2575  0.2136  0.2136  0.2455  0.2395  0.2395  0.2395  0.2635  0.2575  0.2515  0.2495  0.2515  0.1697
A9BD93           0.4551  0.4232  0.4750  0.4571  0.4790  0.4511  0.4770  0.4351  0.4950  0.4850  0.4870  0.4850  0.4671  0.2495  0.2495  0.2535  0.2515  0.2834  0.2735  0.2236  0.2236  0.2535  0.2515  0.2595  0.2595  0.2675  0.2715  0.2695  0.2695  0.2675  0.1717  0.1277
B1X1G7           0.4431  0.4212  0.4671  0.4531  0.4531  0.4271  0.4651  0.4192  0.4850  0.4770  0.4750  0.4711  0.4651  0.1178  0.1178  0.1517  0.1497  0.1876  0.2156  0.1816  0.1816  0.1517  0.1836  0.1737  0.1717  0.1756  0.2216  0.0499  0.1557  0.1557  0.2435  0.2435  0.2575
A0YS90           0.4451  0.4232  0.4691  0.4491  0.4611  0.4331  0.4790  0.4212  0.5090  0.4930  0.4910  0.4910  0.4711  0.1936  0.1936  0.1697  0.2016  0.2096  0.2196  0.1776  0.1776  0.1597  0.1537  0.1497  0.1477  0.1717  0.2315  0.1836  0.1557  0.1557  0.2295  0.2555  0.2615  0.1856
Q111F5           0.4451  0.4172  0.4770  0.4491  0.4491  0.4291  0.4750  0.4172  0.5030  0.4910  0.4890  0.4870  0.4651  0.1776  0.1776  0.1657  0.1717  0.2196  0.2176  0.1617  0.1617  0.1677  0.1497  0.1457  0.1437  0.1816  0.2216  0.1756  0.1517  0.1657  0.2375  0.2355  0.2495  0.1697  0.1437
Q062P3           0.4431  0.4192  0.4511  0.4391  0.4651  0.4371  0.4850  0.4371  0.4810  0.4850  0.4830  0.4830  0.4471  0.2515  0.2515  0.2495  0.2415  0.2754  0.2555  0.2116  0.2116  0.2515  0.2435  0.2475  0.2475  0.2335  0.2615  0.2555  0.2455  0.2495  0.1158  0.1517  0.1637  0.2575  0.2555  0.2535
A5GQ18           0.4491  0.4232  0.4571  0.4411  0.4750  0.4411  0.4790  0.4391  0.4850  0.4890  0.4870  0.4850  0.4611  0.2315  0.2315  0.2395  0.2455  0.2675  0.2575  0.2116  0.2116  0.2435  0.2435  0.2515  0.2515  0.2275  0.2695  0.2455  0.2495  0.2575  0.1078  0.1756  0.1617  0.2435  0.2435  0.2495  0.1018
B9YK39           0.4671  0.4371  0.4770  0.4651  0.4571  0.4471  0.4810  0.4351  0.5070  0.4970  0.4950  0.4950  0.4810  0.2036  0.2036  0.1876  0.2036  0.2236  0.2315  0.1896  0.1896  0.1996  0.1297  0.1038  0.1038  0.2116  0.2375  0.1956  0.1118  0.1816  0.2535  0.2595  0.2774  0.1856  0.1796  0.1776  0.2754  0.2774
B4B664           0.4331  0.4132  0.4711  0.4451  0.4531  0.4232  0.4770  0.4172  0.4950  0.4850  0.4830  0.4810  0.4591  0.1357  0.1357  0.1717  0.1697  0.1936  0.2096  0.1856  0.1856  0.1377  0.1557  0.1577  0.1577  0.1776  0.2156  0.1257  0.1537  0.1737  0.2295  0.2475  0.2595  0.1257  0.1477  0.1417  0.2475  0.2355  0.1896
P0A8F8           0.4291  0.4132  0.4531  0.4411  0.4331  0.4251  0.4651  0.4092  0.4511  0.4571  0.4551  0.4531  0.4431  0.3892  0.3892  0.3852  0.3812  0.3713  0.3772  0.3852  0.3852  0.3812  0.3872  0.3713  0.3713  0.3693  0.3752  0.3872  0.3872  0.3832  0.3772  0.3892  0.3992  0.3892  0.3932  0.3812  0.3653  0.3832  0.3912  0.3852
B7LJY3           0.4291  0.4132  0.4531  0.4411  0.4331  0.4251  0.4651  0.4072  0.4511  0.4571  0.4551  0.4531  0.4431  0.3892  0.3892  0.3852  0.3812  0.3713  0.3772  0.3852  0.3852  0.3812  0.3872  0.3713  0.3713  0.3673  0.3752  0.3872  0.3872  0.3812  0.3772  0.3892  0.3992  0.3892  0.3912  0.3792  0.3653  0.3832  0.3912  0.3852  0.0020
B7MQN2           0.4291  0.4132  0.4531  0.4411  0.4331  0.4251  0.4651  0.4092  0.4511  0.4571  0.4551  0.4531  0.4431  0.3892  0.3892  0.3852  0.3812  0.3713  0.3772  0.3852  0.3852  0.3812  0.3872  0.3713  0.3713  0.3693  0.3752  0.3872  0.3872  0.3832  0.3772  0.3892  0.3992  0.3892  0.3932  0.3812  0.3653  0.3832  0.3912  0.3852  0.0000  0.0020
A2BZ35           0.4591  0.4271  0.4711  0.4491  0.4691  0.4531  0.4890  0.4471  0.4930  0.4870  0.4890  0.4870  0.4571  0.2455  0.2455  0.2475  0.2275  0.2894  0.2575  0.2196  0.2196  0.2515  0.2475  0.2575  0.2575  0.2395  0.2635  0.2515  0.2555  0.2515  0.1776  0.1577  0.1737  0.2515  0.2615  0.2475  0.1537  0.1617  0.2794  0.2455  0.3892  0.3872  0.3892
Q05UL9           0.4531  0.4152  0.4531  0.4331  0.4631  0.4331  0.4930  0.4311  0.4930  0.4930  0.4910  0.4910  0.4531  0.2475  0.2475  0.2335  0.2375  0.2595  0.2575  0.2176  0.2176  0.2535  0.2375  0.2415  0.2415  0.2335  0.2615  0.2435  0.2375  0.2455  0.1198  0.1397  0.1537  0.2375  0.2515  0.2475  0.0858  0.1098  0.2635  0.2455  0.3733  0.3733  0.3733  0.1477
A2BTN0           0.4571  0.4271  0.4750  0.4451  0.4731  0.4551  0.4850  0.4491  0.4930  0.4890  0.4910  0.4890  0.4671  0.2455  0.2455  0.2495  0.2455  0.2874  0.2575  0.2156  0.2156  0.2535  0.2435  0.2555  0.2555  0.2475  0.2595  0.2555  0.2535  0.2595  0.1677  0.1417  0.1597  0.2555  0.2495  0.2515  0.1477  0.1557  0.2814  0.2535  0.3892  0.3872  0.3892  0.0619  0.1497
B7KC96           0.4331  0.4132  0.4711  0.4371  0.4531  0.4291  0.4770  0.4092  0.4910  0.4850  0.4830  0.4810  0.4591  0.1377  0.1377  0.1717  0.1617  0.1976  0.2196  0.1856  0.1856  0.1617  0.1816  0.1737  0.1737  0.1836  0.2216  0.1357  0.1677  0.1856  0.2355  0.2415  0.2595  0.1178  0.1697  0.1617  0.2355  0.2435  0.2036  0.0739  0.3812  0.3812  0.3812  0.2515  0.2335  0.2515
Q7UZL3           0.4591  0.4271  0.4711  0.4451  0.4671  0.4531  0.4890  0.4451  0.4930  0.4870  0.4890  0.4870  0.4591  0.2475  0.2475  0.2475  0.2255  0.2894  0.2595  0.2196  0.2196  0.2535  0.2475  0.2595  0.2595  0.2475  0.2635  0.2535  0.2555  0.2535  0.1776  0.1557  0.1776  0.2535  0.2595  0.2475  0.1497  0.1637  0.2814  0.2475  0.3892  0.3872  0.3892  0.0160  0.1437  0.0579  0.2555
Q3B0S6           0.4491  0.4192  0.4551  0.4411  0.4651  0.4371  0.4850  0.4371  0.4810  0.4850  0.4830  0.4830  0.4491  0.2515  0.2515  0.2495  0.2435  0.2754  0.2555  0.2116  0.2116  0.2515  0.2455  0.2495  0.2495  0.2335  0.2615  0.2535  0.2475  0.2475  0.1178  0.1517  0.1637  0.2555  0.2555  0.2535  0.0100  0.1018  0.2774  0.2435  0.3653  0.3653  0.3653  0.1577  0.0858  0.1517  0.2355  0.1537
A3PFD7           0.4571  0.4271  0.4750  0.4451  0.4731  0.4551  0.4850  0.4491  0.4930  0.4890  0.4910  0.4890  0.4671  0.2455  0.2455  0.2495  0.2455  0.2874  0.2575  0.2156  0.2156  0.2535  0.2435  0.2555  0.2555  0.2475  0.2595  0.2555  0.2535  0.2595  0.1697  0.1437  0.1617  0.2555  0.2495  0.2515  0.1477  0.1577  0.2814  0.2535  0.3892  0.3872  0.3892  0.0639  0.1517  0.0020  0.2515  0.0599  0.1517
A2C5B3           0.4571  0.4172  0.4711  0.4451  0.4711  0.4491  0.4830  0.4291  0.4790  0.4810  0.4830  0.4830  0.4591  0.2615  0.2615  0.2575  0.2635  0.2814  0.2715  0.2255  0.2255  0.2535  0.2535  0.2615  0.2615  0.2615  0.2754  0.2675  0.2675  0.2695  0.1816  0.1437  0.1477  0.2675  0.2754  0.2695  0.1457  0.1737  0.2814  0.2535  0.3752  0.3733  0.3752  0.1637  0.1357  0.1477  0.2615  0.1597  0.1417  0.1477
B5W787           0.4571  0.4311  0.4770  0.4551  0.4571  0.4471  0.4870  0.4251  0.4990  0.4930  0.4910  0.4910  0.4790  0.1996  0.1996  0.1657  0.1896  0.2156  0.2156  0.1737  0.1737  0.1717  0.1697  0.1657  0.1637  0.1597  0.2255  0.1756  0.1597  0.1597  0.2315  0.2555  0.2615  0.1796  0.1417  0.1737  0.2295  0.2275  0.2056  0.1637  0.3792  0.3772  0.3792  0.2335  0.2255  0.2435  0.1796  0.2355  0.2295  0.2435  0.2375
Q46IE1           0.4571  0.4172  0.4711  0.4451  0.4711  0.4491  0.4830  0.4291  0.4790  0.4810  0.4830  0.4830  0.4591  0.2615  0.2615  0.2575  0.2635  0.2814  0.2715  0.2255  0.2255  0.2535  0.2535  0.2615  0.2615  0.2615  0.2754  0.2675  0.2675  0.2695  0.1816  0.1437  0.1477  0.2675  0.2754  0.2695  0.1457  0.1737  0.2814  0.2535  0.3752  0.3733  0.3752  0.1637  0.1357  0.1477  0.2615  0.1597  0.1417  0.1477  0.0000  0.2375
A3Z424           0.4531  0.4172  0.4611  0.4351  0.4671  0.4391  0.4950  0.4311  0.4890  0.4990  0.4970  0.4970  0.4511  0.2435  0.2435  0.2435  0.2335  0.2735  0.2475  0.2056  0.2056  0.2495  0.2315  0.2355  0.2355  0.2236  0.2575  0.2495  0.2335  0.2475  0.1257  0.1577  0.1717  0.2495  0.2455  0.2515  0.0699  0.1138  0.2655  0.2375  0.3693  0.3693  0.3693  0.1537  0.0778  0.1477  0.2355  0.1497  0.0699  0.1477  0.1457  0.2176  0.1457
Q317Z3           0.4591  0.4251  0.4770  0.4471  0.4731  0.4551  0.4830  0.4471  0.4910  0.4870  0.4890  0.4870  0.4691  0.2475  0.2475  0.2515  0.2475  0.2874  0.2595  0.2116  0.2116  0.2475  0.2455  0.2555  0.2555  0.2455  0.2615  0.2555  0.2575  0.2575  0.1677  0.1417  0.1557  0.2555  0.2475  0.2495  0.1517  0.1557  0.2854  0.2515  0.3852  0.3832  0.3852  0.0679  0.1497  0.0060  0.2555  0.0639  0.1517  0.0080  0.1417  0.2415  0.1417  0.1517
A8G7F4           0.4571  0.4271  0.4750  0.4431  0.4711  0.4531  0.4850  0.4471  0.4910  0.4870  0.4890  0.4870  0.4651  0.2395  0.2395  0.2515  0.2415  0.2854  0.2555  0.2116  0.2116  0.2515  0.2395  0.2515  0.2515  0.2475  0.2575  0.2515  0.2495  0.2575  0.1737  0.1477  0.1657  0.2515  0.2495  0.2455  0.1537  0.1637  0.2794  0.2475  0.3912  0.3892  0.3912  0.0659  0.1537  0.0100  0.2455  0.0599  0.1537  0.0120  0.1497  0.2395  0.1497  0.1497  0.0160
Q55170           0.4551  0.4431  0.4850  0.4691  0.4611  0.4511  0.4850  0.4531  0.5010  0.4970  0.4950  0.4930  0.4770  0.1756  0.1756  0.2096  0.1617  0.2236  0.2295  0.1936  0.1936  0.1776  0.2016  0.1836  0.1836  0.1936  0.2335  0.1756  0.1996  0.1896  0.2435  0.2535  0.2595  0.1776  0.1956  0.2016  0.2455  0.2495  0.2116  0.1577  0.3952  0.3952  0.3952  0.2475  0.2475  0.2595  0.1677  0.2535  0.2455  0.2595  0.2715  0.1936  0.2715  0.2515  0.2595  0.2535
Q3ANH3           0.4531  0.4152  0.4611  0.4371  0.4691  0.4351  0.4950  0.4331  0.4930  0.4970  0.4950  0.4930  0.4571  0.2455  0.2455  0.2455  0.2355  0.2655  0.2555  0.2156  0.2156  0.2555  0.2435  0.2395  0.2395  0.2355  0.2595  0.2495  0.2375  0.2515  0.1118  0.1477  0.1577  0.2455  0.2455  0.2495  0.0539  0.0958  0.2675  0.2355  0.3693  0.3693  0.3693  0.1437  0.0659  0.1337  0.2335  0.1377  0.0579  0.1337  0.1497  0.2216  0.1497  0.0659  0.1377  0.1417  0.2475
Q0IE10           0.4551  0.4232  0.4531  0.4351  0.4731  0.4391  0.4930  0.4411  0.4910  0.4950  0.4930  0.4930  0.4511  0.2515  0.2515  0.2395  0.2335  0.2655  0.2555  0.2076  0.2076  0.2595  0.2435  0.2455  0.2455  0.2355  0.2635  0.2475  0.2435  0.2455  0.1297  0.1437  0.1737  0.2415  0.2575  0.2515  0.0878  0.1158  0.2655  0.2475  0.3752  0.3752  0.3752  0.1597  0.0778  0.1577  0.2475  0.1617  0.0838  0.1597  0.1357  0.2216  0.1357  0.0858  0.1577  0.1597  0.2475  0.0858
Q7UA24           0.4511  0.4172  0.4671  0.4351  0.4691  0.4371  0.4950  0.4311  0.4930  0.4970  0.4950  0.4930  0.4531  0.2475  0.2475  0.2435  0.2375  0.2735  0.2535  0.2076  0.2076  0.2555  0.2355  0.2395  0.2395  0.2335  0.2535  0.2535  0.2375  0.2475  0.1158  0.1477  0.1557  0.2515  0.2475  0.2455  0.0479  0.0998  0.2695  0.2435  0.3693  0.3693  0.3693  0.1437  0.0778  0.1337  0.2275  0.1357  0.0519  0.1337  0.1437  0.2275  0.1437  0.0659  0.1377  0.1417  0.2495  0.0379  0.0978
A5GHU1           0.4511  0.4152  0.4611  0.4371  0.4731  0.4311  0.4910  0.4251  0.4930  0.4970  0.4950  0.4930  0.4591  0.2415  0.2415  0.2375  0.2375  0.2655  0.2595  0.2056  0.2056  0.2535  0.2395  0.2415  0.2415  0.2315  0.2615  0.2455  0.2375  0.2395  0.1238  0.1497  0.1537  0.2375  0.2475  0.2415  0.0599  0.1078  0.2655  0.2395  0.3752  0.3752  0.3752  0.1517  0.0659  0.1437  0.2335  0.1457  0.0599  0.1437  0.1397  0.2275  0.1397  0.0739  0.1437  0.1517  0.2495  0.0519  0.0818  0.0339
A4CYH6           0.4551  0.4152  0.4651  0.4411  0.4810  0.4351  0.4910  0.4291  0.4890  0.4930  0.4910  0.4890  0.4591  0.2395  0.2395  0.2415  0.2335  0.2655  0.2615  0.2076  0.2076  0.2515  0.2435  0.2495  0.2495  0.2295  0.2635  0.2395  0.2455  0.2475  0.1218  0.1497  0.1577  0.2335  0.2515  0.2475  0.0639  0.1078  0.2675  0.2375  0.3713  0.3713  0.3713  0.1597  0.0719  0.1497  0.2375  0.1537  0.0639  0.1497  0.1457  0.2295  0.1457  0.0758  0.1497  0.1577  0.2535  0.0579  0.0798  0.0499  0.0259
Q7TV80           0.4491  0.4251  0.4691  0.4471  0.4671  0.4311  0.4950  0.4291  0.5030  0.5030  0.5010  0.4990  0.4411  0.2335  0.2335  0.2355  0.2335  0.2615  0.2615  0.2176  0.2176  0.2375  0.2315  0.2395  0.2395  0.2335  0.2615  0.2395  0.2435  0.2395  0.1218  0.1437  0.1517  0.2455  0.2415  0.2395  0.1238  0.1337  0.2655  0.2315  0.3752  0.3752  0.3752  0.1677  0.1178  0.1577  0.2355  0.1657  0.1218  0.1577  0.1517  0.2295  0.1517  0.1158  0.1577  0.1617  0.2515  0.1178  0.1257  0.1118  0.1158  0.1138
A2C5S6           0.4571  0.4271  0.4671  0.4451  0.4711  0.4331  0.4950  0.4311  0.5030  0.5010  0.4990  0.4970  0.4471  0.2335  0.2335  0.2355  0.2295  0.2635  0.2615  0.2116  0.2116  0.2415  0.2375  0.2375  0.2375  0.2295  0.2655  0.2355  0.2455  0.2375  0.1178  0.1397  0.1577  0.2395  0.2415  0.2335  0.1218  0.1257  0.2655  0.2255  0.3733  0.3733  0.3733  0.1537  0.1078  0.1577  0.2295  0.1537  0.1198  0.1597  0.1557  0.2236  0.1557  0.1118  0.1577  0.1577  0.2515  0.1118  0.1198  0.1138  0.1158  0.1118  0.0259
A3J033           0.4411  0.4251  0.4591  0.4411  0.4531  0.4251  0.4711  0.4112  0.4850  0.4750  0.4731  0.4691  0.4591  0.1198  0.1198  0.1597  0.1617  0.1956  0.2196  0.1856  0.1856  0.1557  0.1876  0.1796  0.1776  0.1836  0.2255  0.0659  0.1597  0.1657  0.2395  0.2395  0.2615  0.0259  0.1896  0.1697  0.2535  0.2435  0.1976  0.1257  0.3992  0.3992  0.3992  0.2555  0.2355  0.2555  0.1198  0.2575  0.2515  0.2555  0.2695  0.1856  0.2695  0.2495  0.2555  0.2515  0.1856  0.2415  0.2435  0.2495  0.2335  0.2295  0.2415  0.2355


TREE #  1:  ((36, (((23, 29), (24, 25)), 39)), (((((((5, 3), 1), (((((12, 11), 10), 9), 7), 4)), (6, 13)), 2), 8), ((43, 41), 42)), (((((((57, 17), ((((65, 34), 28), (15, 14)), ((40, 47), 22))), (35, 52)), ((26, 16), 30)), ((20, 21), (((((((60, 58), (49, 37)), (62, 61)), (59, (54, 45))), (((((44, 48), (((50, 46), 56), 55)), (51, 53)), (33, 32)), (63, 64))), 31), 38))), (27, 19)), 18));   MP score: 2727
lnL(ntime:127  np:128): -14960.082891      +0.000000
  66..67   67..36   67..68   68..69   69..70   70..23   70..29   69..71   71..24   71..25   68..39   66..72   72..73   73..74   74..75   75..76   76..77   77..78   78..5    78..3    77..1    76..79   79..80   80..81   81..82   82..83   83..12   83..11   82..10   81..9    80..7    79..4    75..84   84..6    84..13   74..2    73..8    72..85   85..86   86..43   86..41   85..42   66..87   87..88   88..89   89..90   90..91   91..92   92..93   93..57   93..17   92..94   94..95   95..96   96..97   97..65   97..34   96..28   95..98   98..15   98..14   94..99   99..100 100..40  100..47   99..22   91..101 101..35  101..52   90..102 102..103 103..26  103..16  102..30   89..104 104..105 105..20  105..21  104..106 106..107 107..108 108..109 109..110 110..111 111..112 112..60  112..58  111..113 113..49  113..37  110..114 114..62  114..61  109..115 115..59  115..116 116..54  116..45  108..117 117..118 118..119 119..120 120..121 121..44  121..48  120..122 122..123 123..124 124..50  124..46  123..56  122..55  119..125 125..51  125..53  118..126 126..33  126..32  117..127 127..63  127..64  107..31  106..38   88..128 128..27  128..19   87..18 
 0.030415 0.132582 0.094552 0.009966 0.009736 0.082144 0.082512 0.052839 0.002812 0.000004 0.140655 0.649214 0.773070 0.097664 0.057448 0.046284 0.053769 0.026589 0.385298 0.319449 0.304366 0.083096 0.382480 0.055963 0.043357 0.004935 0.009160 0.002883 0.007006 0.094438 0.054337 0.149411 0.136375 0.213695 0.571715 0.136323 0.177075 0.614009 0.002883 0.000004 0.000004 0.000004 0.000004 0.000004 0.000004 0.006899 0.006304 0.056604 0.071096 0.171497 0.155836 0.030980 0.049196 0.069176 0.024543 0.030815 0.007913 0.046650 0.112028 0.000004 0.000004 0.018659 0.062148 0.032156 0.086163 0.173044 0.054502 0.118064 0.138523 0.053046 0.022331 0.173669 0.138160 0.149169 0.123271 0.101311 0.000004 0.000004 0.287309 0.006863 0.037277 0.039607 0.034290 0.016787 0.006919 0.022684 0.039700 0.058412 0.014782 0.000004 0.018984 0.024878 0.015329 0.007755 0.090635 0.000442 0.074375 0.053367 0.039827 0.080855 0.013471 0.146763 0.049834 0.013209 0.010140 0.032678 0.000004 0.000004 0.002810 0.000004 0.014055 0.008382 0.140207 0.000004 0.000004 0.066753 0.126100 0.124122 0.092722 0.021568 0.016914 0.106604 0.098898 0.354948 0.037086 0.020602 0.354162 0.475967

tree length =  11.19743

((36: 0.132582, (((23: 0.082144, 29: 0.082512): 0.009736, (24: 0.002812, 25: 0.000004): 0.052839): 0.009966, 39: 0.140655): 0.094552): 0.030415, (((((((5: 0.385298, 3: 0.319449): 0.026589, 1: 0.304366): 0.053769, (((((12: 0.009160, 11: 0.002883): 0.004935, 10: 0.007006): 0.043357, 9: 0.094438): 0.055963, 7: 0.054337): 0.382480, 4: 0.149411): 0.083096): 0.046284, (6: 0.213695, 13: 0.571715): 0.136375): 0.057448, 2: 0.136323): 0.097664, 8: 0.177075): 0.773070, ((43: 0.000004, 41: 0.000004): 0.002883, 42: 0.000004): 0.614009): 0.649214, (((((((57: 0.171497, 17: 0.155836): 0.071096, ((((65: 0.030815, 34: 0.007913): 0.024543, 28: 0.046650): 0.069176, (15: 0.000004, 14: 0.000004): 0.112028): 0.049196, ((40: 0.032156, 47: 0.086163): 0.062148, 22: 0.173044): 0.018659): 0.030980): 0.056604, (35: 0.118064, 52: 0.138523): 0.054502): 0.006304, ((26: 0.173669, 16: 0.138160): 0.022331, 30: 0.149169): 0.053046): 0.006899, ((20: 0.000004, 21: 0.000004): 0.101311, (((((((60: 0.022684, 58: 0.039700): 0.006919, (49: 0.014782, 37: 0.000004): 0.058412): 0.016787, (62: 0.024878, 61: 0.015329): 0.018984): 0.034290, (59: 0.090635, (54: 0.074375, 45: 0.053367): 0.000442): 0.007755): 0.039607, (((((44: 0.013209, 48: 0.010140): 0.049834, (((50: 0.002810, 46: 0.000004): 0.000004, 56: 0.014055): 0.000004, 55: 0.008382): 0.032678): 0.146763, (51: 0.000004, 53: 0.000004): 0.140207): 0.013471, (33: 0.126100, 32: 0.124122): 0.066753): 0.080855, (63: 0.021568, 64: 0.016914): 0.092722): 0.039827): 0.037277, 31: 0.106604): 0.006863, 38: 0.098898): 0.287309): 0.123271): 0.000004, (27: 0.037086, 19: 0.020602): 0.354948): 0.000004, 18: 0.354162): 0.000004);

((Q111F5: 0.132582, (((A0ZA90: 0.082144, B2J738: 0.082512): 0.009736, (Q8YXS9: 0.002812, Q3M409: 0.000004): 0.052839): 0.009966, B9YK39: 0.140655): 0.094552): 0.030415, (((((((Q30PW0: 0.385298, A6QC84: 0.319449): 0.026589, A8ESG2: 0.304366): 0.053769, (((((A7H4E3: 0.009160, A8FL94: 0.002883): 0.004935, Q4HHZ1: 0.007006): 0.043357, Q4HT66: 0.094438): 0.055963, B9KD69: 0.054337): 0.382480, D1B3E8: 0.149411): 0.083096): 0.046284, (Q7M806: 0.213695, P94846: 0.571715): 0.136375): 0.057448, A6Q1T5: 0.136323): 0.097664, B9LA74: 0.177075): 0.773070, ((B7MQN2: 0.000004, P0A8F8: 0.000004): 0.002883, B7LJY3: 0.000004): 0.614009): 0.649214, (((((((Q55170: 0.171497, B1XJ68: 0.155836): 0.071096, ((((A3J033: 0.030815, B1X1G7: 0.007913): 0.024543, Q4C810: 0.046650): 0.069176, (B7K2T0: 0.000004, C7QNR3: 0.000004): 0.112028): 0.049196, ((B4B664: 0.032156, B7KC96: 0.086163): 0.062148, B0JR86: 0.173044): 0.018659): 0.030980): 0.056604, (A0YS90: 0.118064, B5W787: 0.138523): 0.054502): 0.006304, ((Q8DHC6: 0.173669, B8HQA9: 0.138160): 0.022331, B0CE09: 0.149169): 0.053046): 0.006899, ((Q5N3H1: 0.000004, Q31QS4: 0.000004): 0.101311, (((((((Q7UA24: 0.022684, Q3ANH3: 0.039700): 0.006919, (Q3B0S6: 0.014782, Q062P3: 0.000004): 0.058412): 0.016787, (A4CYH6: 0.024878, A5GHU1: 0.015329): 0.018984): 0.034290, (Q0IE10: 0.090635, (A3Z424: 0.074375, Q05UL9: 0.053367): 0.000442): 0.007755): 0.039607, (((((A2BZ35: 0.013209, Q7UZL3: 0.010140): 0.049834, (((A3PFD7: 0.002810, A2BTN0: 0.000004): 0.000004, A8G7F4: 0.014055): 0.000004, Q317Z3: 0.008382): 0.032678): 0.146763, (A2C5B3: 0.000004, Q46IE1: 0.000004): 0.140207): 0.013471, (A9BD93: 0.126100, Q7V9M1: 0.124122): 0.066753): 0.080855, (Q7TV80: 0.021568, A2C5S6: 0.016914): 0.092722): 0.039827): 0.037277, A3YWN3: 0.106604): 0.006863, A5GQ18: 0.098898): 0.287309): 0.123271): 0.000004, (Q2JRR3: 0.037086, Q2JN87: 0.020602): 0.354948): 0.000004, Q7NJH7: 0.354162): 0.000004);

Detailed output identifying parameters

alpha (gamma, K = 4) =  0.47597
rate:   0.02902  0.23594  0.80196  2.93308
freq:   0.25000  0.25000  0.25000  0.25000

Time used: 46:55
