AAML (in paml version 4.6, August 2012)  299.aa
Model: Empirical for branches,  (../../../bin/LG.dat) dGamma (ncatG=5) ns =  65  ls = 306


Frequencies..
                                    A      R      N      D      C      Q      E      G      H      I      L      K      M      F      P      S      T      W      Y      V
A8EW14                         0.07516 0.02941 0.05882 0.06863 0.01961 0.02941 0.04902 0.05882 0.01307 0.09150 0.07516 0.11438 0.01307 0.08497 0.01961 0.06536 0.03922 0.00654 0.02288 0.06536
A8FM88                         0.09150 0.02288 0.07190 0.02941 0.02288 0.06209 0.05229 0.05882 0.02614 0.07843 0.11111 0.09150 0.01307 0.07843 0.02941 0.07190 0.03268 0.00327 0.02614 0.02614
A7H2Z9                         0.09804 0.02288 0.06863 0.03268 0.02288 0.05882 0.05229 0.06536 0.02614 0.07190 0.11111 0.09150 0.00980 0.07516 0.02941 0.07516 0.03268 0.00327 0.02614 0.02614
D1B3M1                         0.11438 0.01634 0.04575 0.03595 0.00654 0.05229 0.04902 0.07190 0.03922 0.11111 0.11111 0.08824 0.00654 0.05882 0.03268 0.05882 0.04575 0.00654 0.02614 0.02288
B9L6V0                         0.10458 0.02941 0.05882 0.04575 0.00000 0.02614 0.05556 0.07190 0.02614 0.10458 0.09477 0.10458 0.00000 0.08170 0.03922 0.05556 0.03268 0.00327 0.02941 0.03595
Q4HEZ4                         0.10131 0.02288 0.05882 0.03922 0.01961 0.05556 0.05229 0.06209 0.02614 0.07190 0.11111 0.10458 0.00654 0.07190 0.03268 0.06863 0.02941 0.00327 0.02941 0.03268
Q30PK0                         0.12418 0.04575 0.03595 0.04248 0.01961 0.03595 0.05882 0.07190 0.02941 0.06536 0.10131 0.06863 0.01961 0.05882 0.02288 0.08170 0.03268 0.00980 0.02288 0.05229
Q7MAD4                         0.11111 0.06209 0.03595 0.03922 0.00654 0.06209 0.05556 0.08497 0.02288 0.06536 0.12092 0.05556 0.02614 0.05229 0.02941 0.07516 0.00980 0.01307 0.02614 0.04575
Q4HT39                         0.08824 0.02941 0.05882 0.02614 0.02614 0.04575 0.06209 0.06536 0.02288 0.08170 0.10784 0.09804 0.01634 0.07843 0.02941 0.07190 0.03595 0.00327 0.02288 0.02941
A6Q722                         0.11438 0.03922 0.02941 0.04575 0.00000 0.03595 0.08497 0.07516 0.01307 0.06863 0.10458 0.08497 0.02614 0.04902 0.02288 0.05556 0.04575 0.01307 0.03595 0.05556
B9KG91                         0.09150 0.01961 0.05556 0.03595 0.03268 0.04575 0.06209 0.06209 0.02288 0.09477 0.11438 0.09477 0.00980 0.06536 0.02941 0.08497 0.01307 0.00327 0.02941 0.03268
O25770                         0.09477 0.01961 0.06863 0.01307 0.01307 0.04902 0.05882 0.07190 0.02941 0.09150 0.09477 0.08170 0.00327 0.07190 0.03595 0.06863 0.05229 0.00654 0.03595 0.03922
A6Q579                         0.10458 0.04248 0.04902 0.05229 0.00327 0.04902 0.04248 0.06209 0.02288 0.07843 0.09477 0.06863 0.00980 0.06209 0.03922 0.07516 0.03922 0.00980 0.03268 0.06209
A9BDG0                         0.10784 0.04575 0.03922 0.02941 0.01961 0.03595 0.03595 0.08170 0.02941 0.08170 0.12745 0.05882 0.01634 0.02288 0.05229 0.06863 0.03595 0.01307 0.01634 0.08170
B0JFZ1                         0.11438 0.05556 0.02941 0.03268 0.00654 0.06536 0.05229 0.06209 0.02288 0.07516 0.13072 0.02614 0.00654 0.03595 0.05882 0.06209 0.05556 0.01634 0.03595 0.05556
B7K5Z6                         0.13399 0.05556 0.02941 0.03268 0.00654 0.05229 0.04248 0.07843 0.03595 0.06863 0.12745 0.02288 0.00654 0.04575 0.05882 0.03922 0.05882 0.00654 0.03268 0.06536
A4CY31                         0.13072 0.07516 0.01961 0.04575 0.00980 0.04902 0.02614 0.09477 0.02614 0.03595 0.14052 0.01307 0.01307 0.01634 0.06863 0.06209 0.06209 0.01307 0.00654 0.09150
Q0I6M0                         0.12418 0.07516 0.01634 0.03595 0.01634 0.04902 0.04575 0.09477 0.02614 0.04575 0.13072 0.00980 0.00980 0.02288 0.06863 0.05882 0.05556 0.01307 0.00654 0.09477
Q05VI5                         0.14052 0.07843 0.01307 0.02614 0.01307 0.05556 0.03922 0.09804 0.03268 0.03922 0.13072 0.00980 0.00980 0.01961 0.06536 0.04248 0.06536 0.01307 0.00654 0.10131
B4B357                         0.11765 0.05229 0.03268 0.03268 0.00654 0.06209 0.04248 0.07190 0.02614 0.05229 0.13399 0.02614 0.00980 0.03595 0.06209 0.03922 0.05882 0.00980 0.03595 0.09150
C7QSV6                         0.13399 0.05556 0.02941 0.03268 0.00654 0.05229 0.04248 0.07843 0.03595 0.06863 0.12745 0.02288 0.00654 0.04575 0.05882 0.03922 0.05882 0.00654 0.03268 0.06536
Q061M7                         0.13399 0.07516 0.02288 0.03922 0.01961 0.04575 0.04575 0.10131 0.03268 0.04902 0.14052 0.00654 0.01307 0.02288 0.05882 0.04248 0.04902 0.01307 0.00327 0.08497
A3Z3B3                         0.14052 0.08497 0.01961 0.03268 0.01634 0.05229 0.04575 0.09150 0.02941 0.02941 0.14052 0.00327 0.01307 0.01961 0.06209 0.04575 0.04248 0.01307 0.00654 0.11111
Q5N140                         0.16013 0.06536 0.02288 0.02288 0.00327 0.05882 0.03922 0.09150 0.02614 0.05556 0.13399 0.02288 0.00654 0.04248 0.06863 0.05229 0.03595 0.01307 0.01634 0.06209
Q31KS7                         0.16013 0.06536 0.02288 0.02288 0.00327 0.05882 0.03922 0.09150 0.02614 0.05556 0.13399 0.02288 0.00654 0.04248 0.06863 0.05229 0.03595 0.01307 0.01634 0.06209
Q3AVX2                         0.13399 0.07190 0.02288 0.04248 0.02288 0.05229 0.03922 0.10131 0.03268 0.05229 0.13399 0.00654 0.01307 0.02288 0.06209 0.04902 0.04248 0.00980 0.00327 0.08497
B1XL74                         0.13725 0.05556 0.03268 0.02614 0.00654 0.05882 0.05882 0.08497 0.01961 0.07190 0.12745 0.03268 0.01634 0.02941 0.05229 0.03268 0.06209 0.00654 0.02614 0.06209
B1WVP7                         0.08170 0.03268 0.03268 0.04248 0.00980 0.05882 0.04902 0.07516 0.01634 0.07190 0.11765 0.05229 0.01307 0.03922 0.04575 0.08170 0.05882 0.00654 0.03922 0.07516
A5GW69                         0.15033 0.09477 0.00980 0.03595 0.01961 0.05229 0.03595 0.08497 0.02614 0.03595 0.13725 0.00980 0.01634 0.02614 0.07190 0.04902 0.03268 0.01634 0.00980 0.08497
A3IVS1                         0.08497 0.03268 0.03268 0.03268 0.00980 0.04902 0.05556 0.07516 0.01961 0.07516 0.11111 0.05882 0.00980 0.04575 0.05556 0.07516 0.05882 0.00654 0.03268 0.07843
A3YUB1                         0.14379 0.09150 0.01961 0.02288 0.01307 0.04575 0.05229 0.10131 0.02614 0.04575 0.14052 0.00980 0.00980 0.01634 0.06863 0.04902 0.03268 0.01634 0.00980 0.08497
Q4C8C2                         0.08497 0.03268 0.03268 0.03595 0.00980 0.04575 0.05882 0.07516 0.01961 0.07843 0.11438 0.06863 0.00654 0.04248 0.05229 0.06863 0.04902 0.00654 0.03595 0.08170
Q7VDZ2                         0.09150 0.04902 0.03595 0.02941 0.00980 0.03595 0.04248 0.07843 0.02614 0.09150 0.12745 0.06536 0.01961 0.03268 0.05229 0.06209 0.03268 0.01307 0.03268 0.07190
Q7U3U6                         0.13399 0.07190 0.01634 0.02941 0.01961 0.06863 0.04902 0.09804 0.02614 0.03922 0.14052 0.00327 0.01307 0.02288 0.06863 0.04902 0.03595 0.00980 0.00654 0.09804
A5GPC2                         0.14379 0.06863 0.02614 0.03922 0.00980 0.05229 0.02288 0.10131 0.02941 0.03595 0.13725 0.00980 0.01634 0.01961 0.06863 0.05556 0.05882 0.01307 0.00654 0.08497
Q46HH6                         0.06863 0.04575 0.05882 0.02614 0.01634 0.02614 0.05229 0.07843 0.02941 0.08170 0.12418 0.06209 0.02614 0.03268 0.05882 0.06863 0.03595 0.00980 0.01961 0.07843
B5W541                         0.15359 0.05229 0.02941 0.02941 0.00327 0.04575 0.03268 0.08824 0.03595 0.06209 0.11111 0.02941 0.00654 0.03595 0.06209 0.03595 0.06863 0.01307 0.02288 0.08170
B0C0D0                         0.13725 0.04575 0.02288 0.01634 0.00980 0.05556 0.05556 0.08170 0.01961 0.04575 0.12745 0.03268 0.01307 0.03268 0.07190 0.04902 0.05882 0.01961 0.02614 0.07843
B7KGH1                         0.11111 0.04902 0.02288 0.03595 0.00654 0.05229 0.05229 0.07843 0.02288 0.05229 0.13072 0.04902 0.00654 0.04248 0.05229 0.04902 0.05556 0.00980 0.03922 0.08170
A0YS03                         0.13399 0.03922 0.03268 0.03268 0.00654 0.07190 0.04575 0.07516 0.02288 0.04902 0.13725 0.01961 0.00980 0.03595 0.05229 0.06863 0.06209 0.01307 0.01961 0.07190
A2CDG1                         0.13072 0.06209 0.02288 0.01634 0.02288 0.05556 0.03922 0.09804 0.03595 0.03595 0.14706 0.01961 0.01634 0.01961 0.06863 0.04575 0.04902 0.01307 0.00654 0.09477
P74657                         0.13725 0.04248 0.03595 0.03268 0.00980 0.05882 0.03268 0.07516 0.01961 0.07190 0.10458 0.03595 0.01307 0.04575 0.05882 0.04575 0.07190 0.01634 0.01961 0.07190
Q2JW21                         0.16013 0.06863 0.01307 0.01634 0.00980 0.05882 0.04248 0.08824 0.02288 0.03922 0.12092 0.01634 0.01634 0.02941 0.07190 0.04575 0.04575 0.02614 0.01961 0.08824
Q7V466                         0.13399 0.06863 0.02288 0.01634 0.02288 0.05882 0.03922 0.10131 0.03268 0.03595 0.14706 0.01961 0.01307 0.01961 0.06536 0.04248 0.04575 0.01307 0.00654 0.09477
Q2JJR4                         0.13725 0.08824 0.01634 0.02288 0.00654 0.05229 0.04575 0.08824 0.02288 0.04248 0.11438 0.00980 0.02941 0.03268 0.07190 0.04248 0.04575 0.02288 0.01961 0.08824
Q3AGT7                         0.14379 0.07516 0.01961 0.02941 0.02614 0.06209 0.04248 0.08170 0.02941 0.03922 0.13072 0.00654 0.01307 0.02288 0.06536 0.05229 0.04248 0.01307 0.00327 0.10131
Q8YZI3                         0.12418 0.03595 0.03595 0.03268 0.00654 0.05229 0.04575 0.09477 0.01634 0.05556 0.12092 0.04248 0.00654 0.04248 0.05882 0.05556 0.05229 0.00980 0.02614 0.08497
Q3M935                         0.13072 0.03595 0.03595 0.02941 0.00654 0.05229 0.04575 0.09477 0.01634 0.05229 0.12418 0.04248 0.00654 0.04248 0.06209 0.06209 0.03595 0.00980 0.02614 0.08824
B9YPX8                         0.13725 0.03922 0.03922 0.02614 0.00654 0.05882 0.04575 0.08824 0.01961 0.06536 0.11765 0.03268 0.00654 0.04902 0.05229 0.05556 0.04248 0.00980 0.02614 0.08170
Q119X8                         0.09150 0.03268 0.03922 0.01634 0.00654 0.04248 0.06863 0.08170 0.03922 0.08170 0.12092 0.05229 0.00654 0.04575 0.05556 0.05882 0.04902 0.01307 0.02941 0.06863
A0ZN36                         0.13399 0.04248 0.03595 0.03268 0.00654 0.04902 0.04575 0.08824 0.01961 0.04902 0.12092 0.02941 0.00980 0.04248 0.05882 0.05882 0.05556 0.00980 0.02614 0.08497
P17443                         0.14379 0.05556 0.02614 0.03595 0.00327 0.05882 0.03922 0.09804 0.02614 0.05556 0.09804 0.04575 0.02941 0.02288 0.05229 0.03268 0.04248 0.02614 0.01634 0.09150
B7MNU9                         0.14379 0.05556 0.02614 0.03595 0.00327 0.05882 0.03922 0.09804 0.02614 0.05556 0.09804 0.04575 0.02941 0.02288 0.04902 0.03595 0.04248 0.02614 0.01634 0.09150
B8HMM5                         0.14379 0.05556 0.02288 0.03595 0.00327 0.04902 0.03922 0.08497 0.03268 0.05556 0.12745 0.01961 0.00980 0.02941 0.06209 0.05882 0.05229 0.01961 0.02614 0.07190
B2J8J9                         0.13072 0.03922 0.03595 0.03268 0.00654 0.04575 0.05229 0.09477 0.01961 0.05556 0.11438 0.03595 0.00654 0.04575 0.05882 0.06536 0.04248 0.00980 0.02614 0.08170
B7LWF6                         0.14379 0.05556 0.02288 0.03595 0.00327 0.05229 0.04248 0.09804 0.02614 0.04902 0.09804 0.04575 0.02941 0.03268 0.05229 0.03268 0.04575 0.02614 0.01307 0.09477
A2BNZ2                         0.05229 0.01961 0.08497 0.01634 0.00654 0.04248 0.06209 0.05882 0.01961 0.11765 0.10458 0.10458 0.02614 0.04575 0.03922 0.05229 0.04575 0.00980 0.03922 0.05229
A3PAR5                         0.04575 0.02941 0.09477 0.01961 0.00980 0.03595 0.05556 0.05882 0.01961 0.12418 0.11111 0.09477 0.01961 0.04902 0.03922 0.05229 0.05229 0.01307 0.02941 0.04575
Q7V388                         0.03922 0.01961 0.08497 0.02614 0.00654 0.03595 0.05229 0.06209 0.01634 0.12092 0.11438 0.10131 0.01961 0.05229 0.04248 0.05556 0.05882 0.01307 0.02941 0.04902
Q31CY4                         0.04902 0.02941 0.08824 0.01634 0.00654 0.03595 0.06536 0.05882 0.01961 0.13072 0.10458 0.10131 0.01307 0.05229 0.03922 0.05229 0.04575 0.00980 0.03268 0.04902
A2BUH4                         0.03922 0.02614 0.08497 0.01961 0.00654 0.03268 0.05229 0.05882 0.01961 0.11765 0.12092 0.10131 0.01634 0.04575 0.04575 0.05882 0.06209 0.00980 0.03268 0.04902
Q8DHY4                         0.12745 0.05229 0.02941 0.01961 0.00327 0.05882 0.04248 0.07843 0.04248 0.05882 0.12418 0.02288 0.01634 0.02941 0.08170 0.03595 0.05882 0.02941 0.01961 0.06863
Q7MBC4                         0.16340 0.08170 0.02614 0.02288 0.00327 0.02941 0.04902 0.08824 0.01961 0.04248 0.11765 0.01307 0.01634 0.03268 0.07516 0.05229 0.04575 0.02288 0.02614 0.07190
A2C027                         0.06863 0.04575 0.05556 0.02941 0.01961 0.02614 0.05229 0.07843 0.02614 0.07843 0.12092 0.06209 0.02941 0.03595 0.05882 0.06863 0.03595 0.00980 0.01961 0.07843
A8G2K3                         0.04575 0.02941 0.09150 0.01634 0.00654 0.03595 0.05882 0.05882 0.01634 0.13072 0.10131 0.10131 0.01961 0.04575 0.04248 0.05882 0.04902 0.00980 0.03268 0.04902

Homogeneity statistic: X2 = 7.51191 G = 7.68678 

Average                        0.11538 0.04932 0.03866 0.03082 0.01096 0.04947 0.04816 0.08079 0.02534 0.06742 0.11991 0.04776 0.01373 0.04113 0.05334 0.05591 0.04641 0.01217 0.02278 0.07054

# constant sites:     29 (9.48%)
ln Lmax (unconstrained) = -1710.324356

AA distances (raw proportions of different sites)

A8EW14         
A8FM88           0.4804
A7H2Z9           0.4837  0.0588
D1B3M1           0.4902  0.4869  0.4902
B9L6V0           0.4771  0.4020  0.3987  0.3856
Q4HEZ4           0.4967  0.1699  0.1699  0.4706  0.4183
Q30PK0           0.5098  0.5163  0.5261  0.5359  0.5098  0.5131
Q7MAD4           0.5294  0.4869  0.4902  0.5065  0.4771  0.4641  0.4771
Q4HT39           0.5131  0.2941  0.3039  0.4706  0.4444  0.2974  0.5131  0.4902
A6Q722           0.5490  0.4935  0.4935  0.5229  0.4641  0.5131  0.4706  0.4706  0.5261
B9KG91           0.5327  0.3824  0.3824  0.4739  0.4314  0.3758  0.5261  0.4935  0.3791  0.5425
O25770           0.5229  0.4804  0.4869  0.4935  0.4837  0.5196  0.5131  0.4804  0.5131  0.5229  0.5098
A6Q579           0.5229  0.5131  0.5131  0.4869  0.4150  0.5033  0.5196  0.5229  0.5229  0.5294  0.5294  0.5392
A9BDG0           0.7124  0.7418  0.7353  0.7255  0.7353  0.7418  0.7386  0.7124  0.7614  0.7549  0.7484  0.7353  0.7222
B0JFZ1           0.7288  0.7190  0.7255  0.6895  0.6863  0.7092  0.6961  0.6830  0.7059  0.6863  0.7157  0.6830  0.7026  0.4967
B7K5Z6           0.7157  0.7288  0.7288  0.6928  0.7059  0.7157  0.6961  0.6961  0.7157  0.7288  0.7386  0.6928  0.6928  0.5033  0.2745
A4CY31           0.7484  0.7451  0.7451  0.7320  0.7451  0.7386  0.7320  0.7190  0.7582  0.7353  0.7712  0.7582  0.7320  0.3922  0.5000  0.4706
Q0I6M0           0.7451  0.7320  0.7386  0.7255  0.7255  0.7353  0.7190  0.7026  0.7386  0.7386  0.7582  0.7484  0.7190  0.4118  0.5033  0.4902  0.1993
Q05VI5           0.7516  0.7386  0.7418  0.7255  0.7484  0.7320  0.7222  0.7092  0.7582  0.7320  0.7680  0.7451  0.7353  0.3922  0.4967  0.4673  0.2124  0.2190
B4B357           0.7320  0.7288  0.7288  0.7026  0.6895  0.7255  0.7222  0.7059  0.7288  0.7255  0.7386  0.7124  0.7059  0.5163  0.3039  0.2876  0.4967  0.5229  0.4967
C7QSV6           0.7190  0.7288  0.7288  0.6961  0.7092  0.7157  0.6993  0.6961  0.7124  0.7320  0.7386  0.6961  0.6928  0.5065  0.2778  0.0065  0.4739  0.4935  0.4706  0.2941
Q061M7           0.7484  0.7386  0.7451  0.7124  0.7320  0.7353  0.7157  0.6961  0.7320  0.7124  0.7484  0.7386  0.7386  0.3954  0.4967  0.4739  0.2288  0.2745  0.2255  0.5000  0.4739
A3Z3B3           0.7516  0.7582  0.7582  0.7288  0.7516  0.7418  0.7288  0.7026  0.7614  0.7353  0.7614  0.7451  0.7386  0.3725  0.5098  0.5000  0.2255  0.2516  0.1601  0.4935  0.5033  0.2418
Q5N140           0.7418  0.7418  0.7484  0.6895  0.7059  0.7320  0.7026  0.6830  0.7386  0.7157  0.7353  0.6961  0.6928  0.5359  0.4281  0.3889  0.4673  0.4739  0.4542  0.4020  0.3889  0.4739  0.4739
Q31KS7           0.7418  0.7418  0.7484  0.6895  0.7059  0.7320  0.7026  0.6830  0.7386  0.7157  0.7353  0.6961  0.6928  0.5359  0.4281  0.3889  0.4673  0.4739  0.4542  0.4020  0.3889  0.4739  0.4739  0.0000
Q3AVX2           0.7484  0.7320  0.7386  0.7092  0.7353  0.7320  0.7190  0.6961  0.7320  0.7222  0.7484  0.7353  0.7353  0.3856  0.4967  0.4673  0.2353  0.2810  0.2320  0.5000  0.4673  0.0523  0.2418  0.4739  0.4739
B1XL74           0.7190  0.7092  0.7124  0.6601  0.6895  0.7124  0.7092  0.6961  0.7157  0.7026  0.7124  0.6993  0.6961  0.5556  0.4281  0.4412  0.5458  0.5327  0.5392  0.4314  0.4412  0.5425  0.5392  0.4542  0.4542  0.5327
B1WVP7           0.7222  0.7092  0.7059  0.6961  0.7026  0.6928  0.7190  0.7157  0.7190  0.7190  0.7222  0.7157  0.6895  0.5229  0.3333  0.2908  0.5000  0.5098  0.5065  0.3137  0.2908  0.5098  0.5229  0.4314  0.4314  0.5000  0.4444
A5GW69           0.7386  0.7549  0.7549  0.7157  0.7288  0.7418  0.7222  0.7026  0.7484  0.7320  0.7516  0.7516  0.7484  0.4216  0.4935  0.5033  0.3007  0.2908  0.2647  0.4967  0.5033  0.3105  0.2614  0.4641  0.4641  0.3137  0.5327  0.5131
A3IVS1           0.7386  0.7222  0.7222  0.6928  0.7026  0.7059  0.7288  0.7190  0.7222  0.7288  0.7255  0.7124  0.6863  0.5098  0.3333  0.2712  0.5131  0.5131  0.5131  0.3072  0.2712  0.5196  0.5294  0.4281  0.4281  0.5098  0.4510  0.1111  0.5261
A3YUB1           0.7320  0.7288  0.7255  0.7222  0.7320  0.7124  0.7222  0.6993  0.7484  0.7255  0.7516  0.7418  0.7190  0.4216  0.5000  0.4575  0.2745  0.2876  0.2516  0.4641  0.4608  0.2843  0.2484  0.4379  0.4379  0.2843  0.5098  0.4935  0.2778  0.5000
Q4C8C2           0.7157  0.7026  0.7026  0.6699  0.6895  0.6732  0.7026  0.7059  0.6961  0.7157  0.6993  0.6961  0.6732  0.5229  0.3366  0.2974  0.5196  0.5163  0.4967  0.3268  0.2974  0.5163  0.5261  0.4346  0.4346  0.5163  0.4673  0.1471  0.5196  0.1307  0.5065
Q7VDZ2           0.7059  0.7484  0.7418  0.7157  0.7353  0.7288  0.7418  0.7157  0.7484  0.7320  0.7451  0.7288  0.7320  0.3562  0.5196  0.5098  0.4052  0.4314  0.3987  0.5229  0.5131  0.4183  0.3954  0.5131  0.5131  0.4150  0.5458  0.5261  0.4281  0.5359  0.4085  0.5261
Q7U3U6           0.7222  0.7320  0.7353  0.7092  0.7418  0.7353  0.7255  0.6961  0.7451  0.7288  0.7484  0.7222  0.7190  0.3693  0.5065  0.4967  0.2712  0.2680  0.2353  0.5098  0.5033  0.2255  0.2255  0.4771  0.4771  0.2288  0.5392  0.5131  0.2974  0.5196  0.2647  0.5163  0.3889
A5GPC2           0.7549  0.7418  0.7418  0.7288  0.7386  0.7418  0.7386  0.7124  0.7516  0.7320  0.7712  0.7451  0.7320  0.4118  0.5000  0.4771  0.0556  0.2124  0.2092  0.4935  0.4804  0.2451  0.2386  0.4706  0.4706  0.2516  0.5458  0.5033  0.3007  0.5098  0.2712  0.5163  0.4052  0.2745
Q46HH6           0.7516  0.7386  0.7255  0.7157  0.7386  0.7418  0.7418  0.7288  0.7353  0.7386  0.7320  0.7418  0.7418  0.4608  0.5294  0.5327  0.4216  0.4314  0.4248  0.5458  0.5327  0.4118  0.4346  0.5556  0.5556  0.4118  0.5490  0.5327  0.4706  0.5327  0.4542  0.5458  0.4510  0.4477  0.4314
B5W541           0.7320  0.7222  0.7190  0.7026  0.7059  0.7222  0.6993  0.6895  0.7255  0.7222  0.7288  0.7222  0.6928  0.5490  0.4118  0.3922  0.5000  0.5065  0.5000  0.3791  0.3922  0.5033  0.4967  0.3824  0.3824  0.5033  0.4542  0.4281  0.5033  0.4444  0.4869  0.4542  0.5327  0.4967  0.4967  0.5490
B0C0D0           0.7288  0.7255  0.7222  0.6993  0.7026  0.7222  0.7222  0.6732  0.7255  0.7059  0.7418  0.7157  0.6993  0.5065  0.3987  0.3987  0.4935  0.5033  0.4837  0.3889  0.3987  0.5033  0.4902  0.4281  0.4281  0.5033  0.4771  0.4118  0.4967  0.4085  0.4837  0.4346  0.5261  0.4935  0.4935  0.5556  0.3889
B7KGH1           0.7288  0.7288  0.7288  0.6895  0.6863  0.7190  0.7255  0.6993  0.7059  0.7255  0.7386  0.7190  0.7026  0.5196  0.2908  0.2876  0.5000  0.5196  0.5163  0.1699  0.2876  0.5229  0.5131  0.4216  0.4216  0.5261  0.4150  0.3007  0.5098  0.2843  0.4739  0.3137  0.5229  0.5131  0.4935  0.5458  0.3725  0.3758
A0YS03           0.7451  0.7190  0.7255  0.6928  0.6993  0.7157  0.6993  0.6797  0.7451  0.7222  0.7320  0.7222  0.6961  0.5359  0.3693  0.3595  0.4837  0.5000  0.4804  0.3170  0.3562  0.4869  0.4869  0.3987  0.3987  0.4935  0.4575  0.4085  0.5065  0.4052  0.4771  0.4052  0.5425  0.5000  0.4869  0.5359  0.2974  0.3889  0.3333
A2CDG1           0.7353  0.7320  0.7320  0.7157  0.7222  0.7353  0.7124  0.6895  0.7320  0.7124  0.7484  0.7451  0.7516  0.3693  0.4739  0.4706  0.2614  0.2451  0.2026  0.4804  0.4739  0.2516  0.2222  0.4542  0.4542  0.2516  0.5098  0.4935  0.2745  0.4869  0.2778  0.5000  0.3856  0.2451  0.2614  0.4118  0.4869  0.4869  0.4804  0.4771
P74657           0.7353  0.7190  0.7190  0.6961  0.7124  0.7124  0.7026  0.7124  0.7092  0.7288  0.7222  0.7059  0.6928  0.5065  0.3203  0.3105  0.4771  0.5098  0.4935  0.3660  0.3072  0.5065  0.5229  0.4379  0.4379  0.5065  0.4641  0.3758  0.5163  0.3660  0.5033  0.3725  0.5196  0.5261  0.4771  0.5327  0.4281  0.4248  0.3464  0.3987  0.4967
Q2JW21           0.7288  0.7582  0.7549  0.7222  0.7255  0.7451  0.7026  0.6732  0.7549  0.6993  0.7320  0.7353  0.7157  0.5654  0.4575  0.4412  0.4935  0.5131  0.4935  0.4542  0.4444  0.4902  0.4935  0.4216  0.4216  0.4869  0.4673  0.4869  0.5033  0.4902  0.4837  0.4935  0.5588  0.4935  0.5000  0.5458  0.4510  0.4216  0.4575  0.4542  0.4902  0.4837
Q7V466           0.7386  0.7386  0.7320  0.7124  0.7190  0.7386  0.7124  0.6928  0.7386  0.7190  0.7516  0.7484  0.7451  0.3627  0.4739  0.4706  0.2549  0.2418  0.2059  0.4739  0.4739  0.2451  0.2222  0.4510  0.4510  0.2451  0.5065  0.4902  0.2712  0.4837  0.2778  0.4967  0.3856  0.2451  0.2647  0.4150  0.4869  0.4837  0.4771  0.4739  0.0196  0.4967  0.4869
Q2JJR4           0.7353  0.7582  0.7549  0.7190  0.7353  0.7549  0.7157  0.6863  0.7484  0.7157  0.7320  0.7386  0.7157  0.5458  0.4510  0.4281  0.4804  0.4967  0.4837  0.4379  0.4314  0.4869  0.4804  0.4412  0.4412  0.4837  0.4804  0.4837  0.4967  0.4706  0.4706  0.4869  0.5556  0.4804  0.4869  0.5458  0.4444  0.4183  0.4444  0.4477  0.4739  0.4706  0.1405  0.4706
Q3AGT7           0.7516  0.7386  0.7353  0.7190  0.7386  0.7353  0.7190  0.6928  0.7516  0.7353  0.7614  0.7418  0.7353  0.3856  0.4902  0.4837  0.2320  0.2778  0.2288  0.4902  0.4869  0.2255  0.2255  0.4608  0.4608  0.2190  0.5163  0.4935  0.2908  0.5065  0.2908  0.5098  0.3954  0.2418  0.2386  0.4248  0.5033  0.4935  0.5033  0.4902  0.2516  0.4967  0.5000  0.2451  0.4771
Q8YZI3           0.7484  0.7320  0.7320  0.7092  0.7222  0.7320  0.7026  0.6797  0.7386  0.7386  0.7320  0.7222  0.6961  0.5098  0.3595  0.3660  0.5163  0.5229  0.5000  0.3105  0.3660  0.5098  0.5033  0.3856  0.3856  0.5065  0.4641  0.3856  0.4967  0.3824  0.4739  0.4183  0.5392  0.5196  0.5163  0.5425  0.3431  0.3922  0.3301  0.3105  0.4771  0.3889  0.4510  0.4739  0.4477  0.5000
Q3M935           0.7451  0.7320  0.7320  0.7059  0.7190  0.7288  0.7026  0.6830  0.7320  0.7386  0.7288  0.7222  0.6961  0.5065  0.3562  0.3627  0.5098  0.5229  0.4935  0.3105  0.3627  0.5065  0.4967  0.3791  0.3791  0.5033  0.4641  0.3856  0.4902  0.3824  0.4641  0.4118  0.5327  0.5131  0.5098  0.5425  0.3464  0.3922  0.3301  0.3105  0.4706  0.3824  0.4510  0.4673  0.4477  0.4935  0.0261
B9YPX8           0.7451  0.7386  0.7386  0.6928  0.7222  0.7320  0.7157  0.6961  0.7451  0.7353  0.7288  0.7157  0.7124  0.5261  0.3824  0.3889  0.5065  0.5294  0.5000  0.3399  0.3922  0.5098  0.5000  0.4085  0.4085  0.5098  0.4804  0.4216  0.5098  0.4412  0.4837  0.4379  0.5523  0.5098  0.5065  0.5523  0.3758  0.4052  0.3660  0.3301  0.4935  0.4150  0.4641  0.4902  0.4739  0.4869  0.1536  0.1536
Q119X8           0.7288  0.7092  0.7059  0.7059  0.7059  0.7124  0.7092  0.7026  0.7059  0.7026  0.7157  0.7124  0.7124  0.5229  0.3987  0.3856  0.5392  0.5392  0.5196  0.3627  0.3889  0.5294  0.5196  0.4477  0.4477  0.5261  0.4673  0.4281  0.5327  0.4281  0.4967  0.4248  0.5556  0.5425  0.5392  0.5621  0.3889  0.4314  0.3693  0.3333  0.5065  0.4118  0.4641  0.5065  0.4608  0.5392  0.3268  0.3333  0.3660
A0ZN36           0.7451  0.7288  0.7288  0.7288  0.7288  0.7288  0.7059  0.6797  0.7451  0.7288  0.7418  0.7157  0.7059  0.5229  0.3627  0.3824  0.5065  0.5261  0.5131  0.3203  0.3791  0.5163  0.5065  0.3856  0.3856  0.5163  0.4804  0.4052  0.5131  0.4183  0.4837  0.4281  0.5425  0.5229  0.5131  0.5490  0.3333  0.3889  0.3562  0.3072  0.4935  0.3824  0.4379  0.4902  0.4444  0.5000  0.1209  0.1307  0.1601  0.3464
P17443           0.7386  0.7516  0.7451  0.7320  0.7451  0.7451  0.7222  0.7157  0.7516  0.7320  0.7451  0.7320  0.7255  0.6634  0.6569  0.6732  0.6373  0.6601  0.6405  0.6732  0.6667  0.6569  0.6471  0.6307  0.6307  0.6634  0.6732  0.6830  0.6667  0.6699  0.6503  0.6863  0.6863  0.6536  0.6471  0.6961  0.6503  0.6340  0.6667  0.6732  0.6667  0.6699  0.6601  0.6601  0.6634  0.6601  0.6732  0.6667  0.6765  0.7026  0.6667
B7MNU9           0.7386  0.7516  0.7451  0.7320  0.7451  0.7451  0.7222  0.7157  0.7516  0.7320  0.7451  0.7320  0.7255  0.6634  0.6569  0.6732  0.6373  0.6601  0.6405  0.6732  0.6667  0.6569  0.6471  0.6275  0.6275  0.6634  0.6732  0.6830  0.6667  0.6699  0.6503  0.6863  0.6863  0.6536  0.6471  0.6961  0.6503  0.6340  0.6667  0.6732  0.6667  0.6699  0.6569  0.6601  0.6601  0.6601  0.6699  0.6634  0.6732  0.7026  0.6634  0.0033
B8HMM5           0.7451  0.7386  0.7418  0.7092  0.7255  0.7255  0.7255  0.7092  0.7484  0.7222  0.7353  0.7255  0.7124  0.5458  0.3725  0.3529  0.5098  0.5163  0.5033  0.3595  0.3497  0.5098  0.4967  0.3954  0.3954  0.5098  0.4346  0.4020  0.5098  0.4281  0.4804  0.4346  0.5425  0.5196  0.5131  0.5654  0.3431  0.3627  0.3562  0.3235  0.4935  0.4216  0.4575  0.4935  0.4542  0.5033  0.3268  0.3203  0.3399  0.3627  0.3268  0.6601  0.6569
B2J8J9           0.7451  0.7288  0.7320  0.7092  0.7190  0.7288  0.6993  0.6830  0.7451  0.7386  0.7255  0.7190  0.6993  0.5163  0.3824  0.3791  0.5196  0.5261  0.5065  0.3268  0.3791  0.5131  0.5098  0.4052  0.4052  0.5131  0.4706  0.4020  0.4967  0.4085  0.4771  0.4150  0.5359  0.5131  0.5163  0.5621  0.3595  0.3824  0.3399  0.3072  0.4902  0.4020  0.4412  0.4869  0.4477  0.4902  0.1242  0.1209  0.1601  0.3627  0.1373  0.6699  0.6667  0.3529
B7LWF6           0.7451  0.7484  0.7418  0.7353  0.7516  0.7418  0.7124  0.7255  0.7451  0.7320  0.7418  0.7288  0.7288  0.6634  0.6569  0.6765  0.6373  0.6536  0.6340  0.6699  0.6699  0.6569  0.6405  0.6307  0.6307  0.6634  0.6699  0.6765  0.6601  0.6667  0.6438  0.6765  0.6895  0.6569  0.6471  0.6895  0.6471  0.6405  0.6667  0.6667  0.6569  0.6667  0.6569  0.6503  0.6601  0.6536  0.6634  0.6601  0.6732  0.6928  0.6536  0.0327  0.0359  0.6569  0.6699
A2BNZ2           0.7516  0.7549  0.7582  0.7418  0.7386  0.7451  0.7386  0.7222  0.7386  0.7418  0.7516  0.7386  0.7484  0.5850  0.5980  0.6405  0.6176  0.6176  0.6209  0.6144  0.6405  0.6209  0.6307  0.6144  0.6144  0.6209  0.6078  0.6373  0.6046  0.6405  0.6242  0.6176  0.5686  0.6307  0.6209  0.5490  0.6275  0.6438  0.6176  0.6242  0.6111  0.6013  0.6209  0.6111  0.6438  0.6209  0.6307  0.6340  0.6275  0.6046  0.6405  0.7124  0.7124  0.6242  0.6209  0.7124
A3PAR5           0.7549  0.7647  0.7680  0.7353  0.7386  0.7549  0.7451  0.7288  0.7484  0.7451  0.7549  0.7386  0.7549  0.5654  0.5719  0.6275  0.6013  0.6144  0.6176  0.6046  0.6275  0.6144  0.6209  0.6176  0.6176  0.6111  0.6046  0.6275  0.5980  0.6340  0.6209  0.6078  0.5719  0.6176  0.6046  0.5490  0.6405  0.6405  0.6144  0.6144  0.6046  0.5948  0.6275  0.6046  0.6471  0.6111  0.6275  0.6307  0.6275  0.6013  0.6340  0.6993  0.6993  0.6209  0.6176  0.6993  0.1471
Q7V388           0.7451  0.7386  0.7451  0.7418  0.7484  0.7353  0.7516  0.7157  0.7386  0.7255  0.7582  0.7255  0.7353  0.5588  0.5719  0.5915  0.6046  0.6111  0.6144  0.5784  0.5882  0.6013  0.6111  0.6078  0.6078  0.5948  0.5850  0.5980  0.6078  0.5915  0.5980  0.5915  0.5686  0.6046  0.5980  0.5327  0.6275  0.6209  0.5817  0.6078  0.5850  0.5784  0.6176  0.5850  0.6307  0.5882  0.6013  0.6046  0.6046  0.5784  0.6144  0.7059  0.7059  0.6078  0.5882  0.7026  0.2647  0.2418
Q31CY4           0.7516  0.7582  0.7614  0.7320  0.7353  0.7516  0.7484  0.7288  0.7386  0.7418  0.7516  0.7320  0.7516  0.5817  0.5817  0.6340  0.6176  0.6176  0.6176  0.6144  0.6340  0.6144  0.6275  0.6176  0.6176  0.6144  0.6013  0.6340  0.5980  0.6373  0.6275  0.6111  0.5686  0.6242  0.6209  0.5523  0.6307  0.6373  0.6209  0.6209  0.6111  0.5948  0.6209  0.6111  0.6405  0.6176  0.6307  0.6340  0.6242  0.6111  0.6405  0.7026  0.7026  0.6242  0.6209  0.7026  0.0719  0.1144  0.2549
A2BUH4           0.7484  0.7484  0.7484  0.7353  0.7386  0.7549  0.7386  0.7222  0.7386  0.7288  0.7451  0.7386  0.7386  0.5490  0.5915  0.6144  0.5980  0.6046  0.6111  0.5948  0.6144  0.6013  0.6013  0.6176  0.6176  0.5948  0.5948  0.6144  0.6013  0.6111  0.6078  0.6078  0.5588  0.6013  0.5915  0.5392  0.6307  0.6209  0.6046  0.6275  0.5784  0.5817  0.6176  0.5784  0.6340  0.5817  0.6209  0.6242  0.6307  0.5915  0.6340  0.7092  0.7092  0.6242  0.6111  0.7059  0.2680  0.2484  0.1373  0.2516
Q8DHY4           0.7484  0.7418  0.7353  0.6863  0.6928  0.7418  0.7157  0.6895  0.7484  0.6993  0.7353  0.7288  0.7059  0.5621  0.4542  0.4641  0.5098  0.5392  0.5065  0.4346  0.4673  0.5196  0.5131  0.4412  0.4412  0.5196  0.4444  0.4771  0.5196  0.4804  0.5131  0.5033  0.5458  0.5196  0.5065  0.5490  0.3987  0.3922  0.4379  0.4085  0.5000  0.4608  0.4281  0.4935  0.4510  0.5196  0.4183  0.4183  0.4412  0.4673  0.4216  0.6569  0.6536  0.3791  0.4444  0.6601  0.6242  0.6340  0.6275  0.6242  0.6176
Q7MBC4           0.7549  0.7451  0.7516  0.7124  0.7222  0.7386  0.7157  0.6699  0.7418  0.6993  0.7484  0.7353  0.7092  0.5686  0.4542  0.4477  0.5229  0.5196  0.5163  0.4444  0.4477  0.5163  0.5131  0.4608  0.4608  0.5163  0.4902  0.5000  0.5065  0.5000  0.5000  0.5163  0.5556  0.5359  0.5261  0.5621  0.4412  0.4281  0.4444  0.4412  0.5065  0.4706  0.4346  0.5033  0.4314  0.5359  0.4412  0.4379  0.4608  0.4673  0.4379  0.6373  0.6373  0.4575  0.4575  0.6307  0.6176  0.6307  0.6111  0.6242  0.6046  0.4020
A2C027           0.7516  0.7353  0.7222  0.7190  0.7386  0.7386  0.7386  0.7320  0.7320  0.7386  0.7320  0.7451  0.7418  0.4641  0.5261  0.5294  0.4248  0.4346  0.4248  0.5392  0.5294  0.4150  0.4412  0.5556  0.5556  0.4150  0.5556  0.5261  0.4739  0.5294  0.4510  0.5425  0.4608  0.4510  0.4346  0.0196  0.5523  0.5490  0.5392  0.5327  0.4085  0.5261  0.5425  0.4118  0.5425  0.4281  0.5359  0.5359  0.5458  0.5556  0.5458  0.6928  0.6928  0.5588  0.5556  0.6863  0.5556  0.5523  0.5359  0.5588  0.5425  0.5458  0.5588
A8G2K3           0.7647  0.7582  0.7614  0.7386  0.7418  0.7451  0.7484  0.7255  0.7386  0.7418  0.7582  0.7484  0.7582  0.5817  0.5784  0.6340  0.6176  0.6144  0.6111  0.6111  0.6340  0.6144  0.6275  0.6111  0.6111  0.6144  0.6046  0.6242  0.6013  0.6307  0.6209  0.6013  0.5654  0.6209  0.6209  0.5490  0.6307  0.6340  0.6144  0.6078  0.6013  0.5980  0.6111  0.6013  0.6275  0.6144  0.6209  0.6242  0.6242  0.6046  0.6307  0.7059  0.7059  0.6176  0.6078  0.7059  0.1078  0.1176  0.2582  0.0784  0.2647  0.6340  0.6275  0.5523


TREE #  1:  (2, 3, (6, (9, (11, (5, (4, ((8, (7, 10)), ((1, 12), (13, ((53, (52, 56)), ((24, 25), ((((34, (46, (22, 26))), (((19, 23), ((41, 44), (18, (17, 35)))), (29, 31))), ((14, 33), ((59, (61, (58, (65, (57, 60))))), (36, 64)))), (27, ((43, 45), ((63, 62), (37, (38, (54, (((20, 39), (((16, 21), (32, (28, 30))), (15, 42))), (40, (50, (49, (55, (51, (47, 48)))))))))))))))))))))))));   MP score: 3959
lnL(ntime:127  np:128): -19416.295234      +0.000000
  66..2    66..3    66..67   67..6    67..68   68..9    68..69   69..11   69..70   70..5    70..71   71..4    71..72   72..73   73..8    73..74   74..7    74..10   72..75   75..76   76..1    76..12   75..77   77..13   77..78   78..79   79..53   79..80   80..52   80..56   78..81   81..82   82..24   82..25   81..83   83..84   84..85   85..86   86..34   86..87   87..46   87..88   88..22   88..26   85..89   89..90   90..91   91..19   91..23   90..92   92..93   93..41   93..44   92..94   94..18   94..95   95..17   95..35   89..96   96..29   96..31   84..97   97..98   98..14   98..33   97..99   99..100 100..59  100..101 101..61  101..102 102..58  102..103 103..65  103..104 104..57  104..60   99..105 105..36  105..64   83..106 106..27  106..107 107..108 108..43  108..45  107..109 109..110 110..63  110..62  109..111 111..37  111..112 112..38  112..113 113..54  113..114 114..115 115..116 116..20  116..39  115..117 117..118 118..119 119..16  119..21  118..120 120..32  120..121 121..28  121..30  117..122 122..15  122..42  114..123 123..40  123..124 124..50  124..125 125..49  125..126 126..55  126..127 127..51  127..128 128..47  128..48 
 0.028654 0.025573 0.079121 0.078877 0.108001 0.230620 0.093916 0.336018 0.246053 0.226453 0.090721 0.415772 0.044236 0.179799 0.423003 0.090368 0.492012 0.348717 0.029589 0.045357 0.504214 0.564092 0.070048 0.549347 1.356772 1.133430 0.000004 0.002992 0.000004 0.030887 0.561654 0.209241 0.000004 0.000004 0.092389 0.422441 0.059083 0.000004 0.156952 0.042200 0.133949 0.141990 0.034592 0.022537 0.038213 0.027576 0.030868 0.082506 0.121214 0.013987 0.167409 0.010493 0.008397 0.068951 0.140003 0.100041 0.012035 0.045856 0.073446 0.243615 0.165975 0.123288 0.081326 0.268585 0.292546 0.229270 0.923541 0.064643 0.012992 0.070207 0.202192 0.056301 0.025956 0.038809 0.020837 0.051823 0.014025 0.295605 0.000004 0.017523 0.004522 0.482926 0.033260 0.409628 0.055532 0.098940 0.086370 0.114942 0.467959 0.281613 0.054215 0.282995 0.039245 0.374777 0.034711 0.242595 0.031989 0.163635 0.076393 0.115275 0.084576 0.044782 0.059713 0.139083 0.003044 0.003092 0.178226 0.085353 0.017918 0.063537 0.051039 0.050994 0.184660 0.289638 0.016423 0.190895 0.039347 0.295314 0.190065 0.111902 0.014474 0.074051 0.012496 0.078693 0.046940 0.006948 0.018737 0.860773

tree length =  19.64521

(2: 0.028654, 3: 0.025573, (6: 0.078877, (9: 0.230620, (11: 0.336018, (5: 0.226453, (4: 0.415772, ((8: 0.423003, (7: 0.492012, 10: 0.348717): 0.090368): 0.179799, ((1: 0.504214, 12: 0.564092): 0.045357, (13: 0.549347, ((53: 0.000004, (52: 0.000004, 56: 0.030887): 0.002992): 1.133430, ((24: 0.000004, 25: 0.000004): 0.209241, ((((34: 0.156952, (46: 0.133949, (22: 0.034592, 26: 0.022537): 0.141990): 0.042200): 0.000004, (((19: 0.082506, 23: 0.121214): 0.030868, ((41: 0.010493, 44: 0.008397): 0.167409, (18: 0.140003, (17: 0.012035, 35: 0.045856): 0.100041): 0.068951): 0.013987): 0.027576, (29: 0.243615, 31: 0.165975): 0.073446): 0.038213): 0.059083, ((14: 0.268585, 33: 0.292546): 0.081326, ((59: 0.064643, (61: 0.070207, (58: 0.056301, (65: 0.038809, (57: 0.051823, 60: 0.014025): 0.020837): 0.025956): 0.202192): 0.012992): 0.923541, (36: 0.000004, 64: 0.017523): 0.295605): 0.229270): 0.123288): 0.422441, (27: 0.482926, ((43: 0.055532, 45: 0.098940): 0.409628, ((63: 0.467959, 62: 0.281613): 0.114942, (37: 0.282995, (38: 0.374777, (54: 0.242595, (((20: 0.115275, 39: 0.084576): 0.076393, (((16: 0.003044, 21: 0.003092): 0.139083, (32: 0.085353, (28: 0.063537, 30: 0.051039): 0.017918): 0.178226): 0.059713, (15: 0.184660, 42: 0.289638): 0.050994): 0.044782): 0.163635, (40: 0.190895, (50: 0.295314, (49: 0.111902, (55: 0.074051, (51: 0.078693, (47: 0.006948, 48: 0.018737): 0.046940): 0.012496): 0.014474): 0.190065): 0.039347): 0.016423): 0.031989): 0.034711): 0.039245): 0.054215): 0.086370): 0.033260): 0.004522): 0.092389): 0.561654): 1.356772): 0.070048): 0.029589): 0.044236): 0.090721): 0.246053): 0.093916): 0.108001): 0.079121);

(A8FM88: 0.028654, A7H2Z9: 0.025573, (Q4HEZ4: 0.078877, (Q4HT39: 0.230620, (B9KG91: 0.336018, (B9L6V0: 0.226453, (D1B3M1: 0.415772, ((Q7MAD4: 0.423003, (Q30PK0: 0.492012, A6Q722: 0.348717): 0.090368): 0.179799, ((A8EW14: 0.504214, O25770: 0.564092): 0.045357, (A6Q579: 0.549347, ((B7MNU9: 0.000004, (P17443: 0.000004, B7LWF6: 0.030887): 0.002992): 1.133430, ((Q5N140: 0.000004, Q31KS7: 0.000004): 0.209241, ((((Q7U3U6: 0.156952, (Q3AGT7: 0.133949, (Q061M7: 0.034592, Q3AVX2: 0.022537): 0.141990): 0.042200): 0.000004, (((Q05VI5: 0.082506, A3Z3B3: 0.121214): 0.030868, ((A2CDG1: 0.010493, Q7V466: 0.008397): 0.167409, (Q0I6M0: 0.140003, (A4CY31: 0.012035, A5GPC2: 0.045856): 0.100041): 0.068951): 0.013987): 0.027576, (A5GW69: 0.243615, A3YUB1: 0.165975): 0.073446): 0.038213): 0.059083, ((A9BDG0: 0.268585, Q7VDZ2: 0.292546): 0.081326, ((Q7V388: 0.064643, (A2BUH4: 0.070207, (A3PAR5: 0.056301, (A8G2K3: 0.038809, (A2BNZ2: 0.051823, Q31CY4: 0.014025): 0.020837): 0.025956): 0.202192): 0.012992): 0.923541, (Q46HH6: 0.000004, A2C027: 0.017523): 0.295605): 0.229270): 0.123288): 0.422441, (B1XL74: 0.482926, ((Q2JW21: 0.055532, Q2JJR4: 0.098940): 0.409628, ((Q7MBC4: 0.467959, Q8DHY4: 0.281613): 0.114942, (B5W541: 0.282995, (B0C0D0: 0.374777, (B8HMM5: 0.242595, (((B4B357: 0.115275, B7KGH1: 0.084576): 0.076393, (((B7K5Z6: 0.003044, C7QSV6: 0.003092): 0.139083, (Q4C8C2: 0.085353, (B1WVP7: 0.063537, A3IVS1: 0.051039): 0.017918): 0.178226): 0.059713, (B0JFZ1: 0.184660, P74657: 0.289638): 0.050994): 0.044782): 0.163635, (A0YS03: 0.190895, (Q119X8: 0.295314, (B9YPX8: 0.111902, (B2J8J9: 0.074051, (A0ZN36: 0.078693, (Q8YZI3: 0.006948, Q3M935: 0.018737): 0.046940): 0.012496): 0.014474): 0.190065): 0.039347): 0.016423): 0.031989): 0.034711): 0.039245): 0.054215): 0.086370): 0.033260): 0.004522): 0.092389): 0.561654): 1.356772): 0.070048): 0.029589): 0.044236): 0.090721): 0.246053): 0.093916): 0.108001): 0.079121);

Detailed output identifying parameters

alpha (gamma, K = 5) =  0.86077
rate:   0.08224  0.31473  0.65737  1.21023  2.73543
freq:   0.20000  0.20000  0.20000  0.20000  0.20000

Time used: 42:49
