AAML (in paml version 4.6, August 2012)  177.aa
Model: Empirical for branches,  Global clock  (../../../bin/LG.dat) dGamma (ncatG=5) ns =  65  ls = 418


Frequencies..
                                    A      R      N      D      C      Q      E      G      H      I      L      K      M      F      P      S      T      W      Y      V
A8ETJ2                         0.08852 0.02392 0.03828 0.05502 0.03110 0.01196 0.05742 0.09569 0.01675 0.06699 0.07656 0.10526 0.02392 0.06220 0.04067 0.06459 0.04785 0.00239 0.02871 0.06220
A6Q9P9                         0.10766 0.03110 0.02153 0.05981 0.01196 0.01914 0.06459 0.10766 0.01435 0.05981 0.07895 0.05502 0.03110 0.05742 0.04545 0.06699 0.06459 0.00239 0.02392 0.07656
A6Q2X6                         0.09091 0.04545 0.02392 0.05742 0.01675 0.02632 0.07416 0.10766 0.01675 0.06459 0.07895 0.05742 0.02153 0.07177 0.04785 0.06220 0.03349 0.00239 0.02632 0.07416
D1B1A8                         0.10287 0.02871 0.03110 0.05742 0.02153 0.02392 0.06459 0.10287 0.01675 0.05981 0.07177 0.07656 0.02632 0.06938 0.04067 0.06699 0.03589 0.00239 0.01914 0.08134
Q30RJ4                         0.11244 0.03110 0.03589 0.05024 0.01675 0.02153 0.06220 0.10048 0.01675 0.06938 0.07177 0.05742 0.02871 0.06459 0.03828 0.08134 0.04785 0.00239 0.02153 0.06938
B9LA83                         0.07895 0.02153 0.04306 0.05263 0.01675 0.00957 0.07416 0.10766 0.01435 0.07177 0.06699 0.08612 0.02632 0.06220 0.04545 0.07177 0.04306 0.00239 0.03589 0.06938
Q7M847                         0.10526 0.04306 0.02392 0.04306 0.01914 0.04067 0.07177 0.10766 0.01675 0.06459 0.08373 0.04785 0.02632 0.06699 0.04067 0.07177 0.04306 0.00239 0.02153 0.05981
P56115                         0.08852 0.02392 0.04306 0.05263 0.02392 0.02632 0.06699 0.09330 0.01675 0.05981 0.10287 0.06699 0.02392 0.06220 0.03349 0.07416 0.04785 0.00239 0.03349 0.05742
B9KFS8                         0.10526 0.01914 0.03589 0.05024 0.02392 0.03349 0.06220 0.08852 0.01914 0.07177 0.09330 0.08852 0.02153 0.05742 0.03349 0.07416 0.03589 0.00478 0.03349 0.04785
A8FLR2                         0.10048 0.01914 0.03589 0.05502 0.01914 0.02871 0.04785 0.08852 0.02392 0.06938 0.10048 0.09809 0.02153 0.05981 0.03349 0.07895 0.04067 0.00239 0.03110 0.04545
A7H3N1                         0.10048 0.01914 0.03828 0.05263 0.01914 0.02871 0.04785 0.08852 0.02392 0.06938 0.10048 0.09569 0.02153 0.05981 0.03349 0.07895 0.04067 0.00239 0.03110 0.04785
Q4HIF2                         0.09809 0.02153 0.03828 0.05024 0.01914 0.02632 0.05263 0.09091 0.02153 0.06459 0.10766 0.09091 0.02153 0.05742 0.03110 0.07656 0.04306 0.00239 0.03589 0.05024
Q4HQR7                         0.11005 0.03349 0.03110 0.03589 0.01675 0.02392 0.06699 0.09569 0.01435 0.06220 0.10048 0.09809 0.02392 0.07177 0.02871 0.06938 0.03589 0.00239 0.02392 0.05502
B7MP16                         0.12440 0.04545 0.03349 0.05502 0.02392 0.01675 0.06459 0.10766 0.02153 0.04785 0.08373 0.02392 0.04306 0.05024 0.05502 0.03349 0.05263 0.00239 0.03110 0.08373
B7LWB5                         0.12440 0.04306 0.03349 0.05502 0.02392 0.01675 0.06220 0.10766 0.02153 0.05024 0.08612 0.02392 0.04306 0.05024 0.05502 0.03349 0.05024 0.00239 0.03110 0.08612
P23893                         0.12440 0.04306 0.03349 0.05263 0.02392 0.01675 0.06220 0.11005 0.01914 0.04785 0.08612 0.02392 0.04306 0.05024 0.05502 0.03349 0.05263 0.00239 0.03349 0.08612
Q7NPI4                         0.13397 0.06459 0.02392 0.03589 0.00718 0.02632 0.06699 0.11244 0.02153 0.04545 0.10048 0.02392 0.03110 0.04306 0.05263 0.04306 0.06220 0.00478 0.03349 0.06699
A2C7I7                         0.12201 0.05263 0.02632 0.03589 0.01196 0.01675 0.08134 0.11722 0.01675 0.05024 0.08612 0.03110 0.03349 0.05742 0.05263 0.05502 0.05742 0.00478 0.02153 0.06938
Q05WU1                         0.12440 0.04306 0.02392 0.04067 0.01196 0.01914 0.06699 0.11962 0.01914 0.05742 0.07656 0.03589 0.03349 0.05263 0.05742 0.05742 0.05742 0.00478 0.02632 0.07177
A4CRW2                         0.12201 0.04306 0.02153 0.03589 0.01196 0.02632 0.07177 0.12201 0.01914 0.05024 0.08134 0.03349 0.03589 0.05502 0.05742 0.05263 0.06220 0.00478 0.02392 0.06938
A3Z5V6                         0.12679 0.04545 0.02153 0.03589 0.01196 0.02153 0.06938 0.12201 0.01914 0.05981 0.07895 0.03349 0.02871 0.05502 0.05502 0.05502 0.06220 0.00478 0.02392 0.06938
A5GMT2                         0.12440 0.04306 0.02153 0.03589 0.01196 0.02392 0.07177 0.12201 0.01914 0.04785 0.08612 0.03589 0.03349 0.05502 0.05742 0.05263 0.05981 0.00478 0.02392 0.06938
Q0I8G1                         0.11722 0.04067 0.02632 0.03589 0.01196 0.02153 0.06938 0.12440 0.01675 0.05742 0.08373 0.03828 0.03349 0.05502 0.05742 0.05502 0.05742 0.00478 0.02392 0.06938
A5GUJ2                         0.12440 0.04785 0.03349 0.03828 0.01435 0.02153 0.06938 0.11483 0.01196 0.04785 0.08612 0.03349 0.03349 0.05502 0.05502 0.05263 0.05742 0.00478 0.02871 0.06938
Q7V677                         0.11722 0.05024 0.02392 0.03589 0.01196 0.01675 0.08134 0.11722 0.01675 0.05024 0.08852 0.03349 0.03349 0.05742 0.05263 0.05502 0.05981 0.00478 0.02153 0.07177
B1X023                         0.10287 0.02871 0.02871 0.05024 0.01196 0.03589 0.05263 0.12679 0.02153 0.04545 0.09809 0.04785 0.03110 0.05024 0.05024 0.04545 0.05742 0.00478 0.03110 0.07895
Q2JS70                         0.11244 0.05981 0.01675 0.03110 0.00957 0.03349 0.07656 0.12201 0.01914 0.04306 0.09091 0.02871 0.03110 0.05024 0.05742 0.03828 0.05502 0.00478 0.03828 0.08134
Q7U598                         0.13158 0.03589 0.02392 0.03589 0.01196 0.01675 0.06938 0.12679 0.01914 0.04785 0.07895 0.04067 0.03349 0.05742 0.05742 0.05024 0.05981 0.00478 0.02392 0.07416
A3IRH5                         0.09569 0.02632 0.02632 0.05502 0.01196 0.02632 0.05263 0.12919 0.02392 0.04545 0.09809 0.05742 0.03110 0.05024 0.05024 0.05263 0.05742 0.00478 0.02632 0.07895
Q4C0Y5                         0.10526 0.02392 0.02632 0.05263 0.01196 0.03589 0.04785 0.12919 0.02153 0.05024 0.08612 0.05263 0.03110 0.05263 0.05024 0.05263 0.05981 0.00478 0.02871 0.07656
Q2JMP7                         0.11005 0.05502 0.01675 0.03349 0.00957 0.02871 0.07177 0.12201 0.01914 0.04067 0.09091 0.03349 0.03110 0.05024 0.05742 0.04545 0.05742 0.00478 0.03589 0.08612
A3Z1I1                         0.12440 0.05742 0.02153 0.04545 0.01675 0.01435 0.06459 0.12201 0.01675 0.05024 0.09330 0.02632 0.03110 0.05502 0.05502 0.05024 0.06459 0.00478 0.02392 0.06220
Q110Z9                         0.08852 0.02871 0.04067 0.05024 0.00957 0.02392 0.05263 0.11722 0.02392 0.05981 0.08852 0.06699 0.03589 0.05024 0.05024 0.04545 0.06220 0.00718 0.02632 0.07177
Q3AWP4                         0.12440 0.04067 0.02632 0.03589 0.01196 0.01914 0.06699 0.12679 0.01675 0.05502 0.07656 0.03589 0.03349 0.05502 0.05742 0.05502 0.05981 0.00478 0.02632 0.07177
Q55665                         0.11962 0.03589 0.02392 0.04545 0.01196 0.03349 0.05981 0.11962 0.01914 0.05742 0.08373 0.04067 0.03110 0.05024 0.05502 0.04545 0.05263 0.00478 0.03110 0.07895
Q05YM1                         0.12919 0.04067 0.02632 0.03589 0.01196 0.01914 0.06699 0.12679 0.01675 0.05502 0.07656 0.03828 0.03349 0.05502 0.05742 0.05263 0.05742 0.00478 0.02632 0.06938
B7KA18                         0.09809 0.02871 0.03110 0.04545 0.00957 0.02153 0.06699 0.11962 0.02392 0.05263 0.09330 0.05502 0.03110 0.05024 0.05024 0.04785 0.06459 0.00478 0.03589 0.06938
Q7VDA1                         0.10048 0.03828 0.04067 0.03589 0.01675 0.02153 0.07416 0.11962 0.01675 0.05263 0.08612 0.04067 0.03349 0.05502 0.05263 0.06459 0.05263 0.00478 0.02632 0.06699
C7QMQ3                         0.11244 0.03110 0.02153 0.05024 0.00957 0.02871 0.05742 0.12201 0.02632 0.04545 0.09809 0.04785 0.03589 0.05263 0.05024 0.04306 0.05502 0.00478 0.03110 0.07656
B7K2I1                         0.11244 0.03110 0.02153 0.05024 0.00957 0.02871 0.05742 0.12201 0.02632 0.04545 0.09809 0.04785 0.03589 0.05263 0.05024 0.04306 0.05502 0.00478 0.03110 0.07656
B4AYI2                         0.10048 0.02871 0.02632 0.04545 0.00718 0.02392 0.06459 0.11962 0.02632 0.04785 0.09091 0.05742 0.02871 0.05502 0.05024 0.05024 0.06459 0.00478 0.03110 0.07656
B5VZW8                         0.10526 0.03110 0.03110 0.04067 0.01196 0.02871 0.06699 0.12440 0.02392 0.05742 0.08612 0.04785 0.03349 0.05502 0.05024 0.04545 0.05263 0.00478 0.02871 0.07416
B2J7M9                         0.11005 0.03589 0.02392 0.04785 0.00957 0.02392 0.06459 0.12201 0.02392 0.05024 0.08612 0.04306 0.02871 0.05263 0.05024 0.04785 0.06699 0.00478 0.03110 0.07656
Q7V2J3                         0.08373 0.03589 0.03589 0.03349 0.01196 0.01675 0.08373 0.11962 0.01435 0.05742 0.08612 0.04545 0.02871 0.05502 0.05502 0.06938 0.06220 0.00478 0.02392 0.07656
B8HYK1                         0.11483 0.03589 0.02871 0.04306 0.01196 0.03110 0.05742 0.12679 0.02632 0.05981 0.09569 0.03828 0.02871 0.05024 0.05024 0.03828 0.05263 0.00478 0.02871 0.07656
Q31QJ2                         0.11483 0.03589 0.02153 0.04785 0.01196 0.02871 0.06699 0.11722 0.02153 0.05502 0.08852 0.04306 0.03349 0.05024 0.05024 0.04306 0.05981 0.00478 0.03110 0.07416
P24630                         0.11722 0.03589 0.02153 0.04785 0.01196 0.02871 0.06699 0.11483 0.02153 0.05502 0.08852 0.04306 0.03349 0.05024 0.05024 0.04306 0.05981 0.00478 0.03110 0.07416
A9BEA5                         0.10048 0.03828 0.03589 0.03349 0.01435 0.01914 0.07656 0.11962 0.01435 0.05502 0.08852 0.04545 0.03349 0.05742 0.05742 0.06459 0.05263 0.00478 0.02392 0.06459
A3PBK8                         0.09091 0.03589 0.03828 0.04306 0.01196 0.01435 0.07895 0.11962 0.01675 0.06459 0.08373 0.04545 0.02871 0.05742 0.05502 0.05981 0.05981 0.00478 0.02153 0.06938
A2C0U2                         0.09569 0.03349 0.03110 0.03828 0.01196 0.02153 0.08134 0.11244 0.01435 0.05502 0.08612 0.04785 0.03349 0.05263 0.05502 0.06220 0.05742 0.00478 0.02871 0.07656
Q3ALU9                         0.14115 0.03349 0.02392 0.03589 0.01196 0.02153 0.06459 0.11962 0.02153 0.05263 0.07656 0.04067 0.03349 0.05263 0.05502 0.05024 0.05981 0.00478 0.02632 0.07416
A8G3J9                         0.08612 0.03349 0.03828 0.04545 0.01196 0.02392 0.07177 0.12201 0.01435 0.06459 0.08134 0.04306 0.02871 0.05742 0.05502 0.06459 0.06459 0.00478 0.02153 0.06699
A2BPW6                         0.09091 0.03349 0.03828 0.04545 0.01196 0.01914 0.07177 0.11962 0.01435 0.06459 0.08373 0.04785 0.02871 0.05742 0.05502 0.05981 0.06220 0.00478 0.02153 0.06938
Q46GT9                         0.09569 0.03349 0.03110 0.03828 0.01196 0.01914 0.08134 0.11244 0.01435 0.05502 0.08373 0.05024 0.03589 0.05263 0.05502 0.06220 0.05742 0.00478 0.02871 0.07656
Q3M3B9                         0.11722 0.03349 0.02632 0.04306 0.00957 0.02632 0.06220 0.12201 0.03110 0.05502 0.08612 0.03828 0.02871 0.05263 0.05024 0.05024 0.05742 0.00478 0.02871 0.07656
A0ZMC1                         0.11483 0.03589 0.02392 0.04306 0.00957 0.03110 0.06938 0.11483 0.02632 0.05502 0.09091 0.03589 0.03110 0.05024 0.05263 0.05024 0.05742 0.00478 0.02871 0.07416
Q31C50                         0.08852 0.03589 0.03589 0.04306 0.01435 0.01914 0.07416 0.11962 0.01435 0.06220 0.08134 0.04785 0.02871 0.05742 0.05502 0.05502 0.06459 0.00478 0.02392 0.07416
B1XIT5                         0.09330 0.03828 0.03349 0.04306 0.00957 0.02153 0.07177 0.12201 0.01914 0.05263 0.09091 0.05263 0.03589 0.04785 0.04785 0.05024 0.06220 0.00478 0.02632 0.07656
Q8YS26                         0.11483 0.03349 0.02632 0.04545 0.00957 0.02392 0.06220 0.12201 0.03110 0.05502 0.08852 0.03828 0.02871 0.05263 0.05024 0.05024 0.05742 0.00478 0.02871 0.07656
B9YRK4                         0.11244 0.03349 0.02392 0.05263 0.01435 0.02392 0.05981 0.11962 0.02871 0.05742 0.09091 0.04545 0.03110 0.05024 0.04785 0.04306 0.06699 0.00478 0.02871 0.06459
B0JPW6                         0.11483 0.03589 0.02392 0.04545 0.00957 0.01914 0.05981 0.12201 0.02153 0.05024 0.08612 0.04785 0.03589 0.05024 0.05024 0.04785 0.06220 0.00239 0.03349 0.08134
A2BVE5                         0.08612 0.03828 0.03589 0.03349 0.01196 0.01914 0.07895 0.12201 0.01435 0.05742 0.07895 0.04545 0.03349 0.05742 0.05502 0.06699 0.05981 0.00478 0.02153 0.07895
A0YJX4                         0.09091 0.03110 0.03828 0.05024 0.01196 0.02392 0.05981 0.11722 0.02632 0.05981 0.09330 0.04306 0.03349 0.05024 0.05024 0.05742 0.05502 0.00478 0.02632 0.07656
B0CC57                         0.11005 0.03589 0.02392 0.05024 0.01196 0.03349 0.05024 0.12679 0.02632 0.04785 0.08852 0.04306 0.03110 0.05024 0.05263 0.04785 0.05263 0.00478 0.02392 0.08852
Q8DLK8                         0.12201 0.03589 0.01675 0.03828 0.00957 0.03349 0.06220 0.12201 0.02871 0.05263 0.09091 0.04067 0.02871 0.05024 0.05263 0.04306 0.05502 0.00478 0.03110 0.08134

Homogeneity statistic: X2 = 1.99961 G = 1.95421 

Average                        0.10854 0.03622 0.02908 0.04450 0.01373 0.02381 0.06610 0.11575 0.02002 0.05558 0.08719 0.04880 0.03106 0.05495 0.05024 0.05495 0.05547 0.00423 0.02786 0.07192

# constant sites:    101 (24.16%)
ln Lmax (unconstrained) = -2329.085477

AA distances (raw proportions of different sites)

A8ETJ2         
A6Q9P9           0.3014
A6Q2X6           0.3182  0.2727
D1B1A8           0.3110  0.3014  0.3062
Q30RJ4           0.3230  0.2847  0.3062  0.2943
B9LA83           0.3565  0.3732  0.3469  0.3589  0.3589
Q7M847           0.3923  0.3469  0.3158  0.3373  0.3469  0.3995
P56115           0.4067  0.3971  0.3804  0.3589  0.3923  0.4019  0.3373
B9KFS8           0.3900  0.4091  0.3947  0.3589  0.3995  0.3756  0.4115  0.3756
A8FLR2           0.4187  0.3995  0.3876  0.3876  0.4019  0.3852  0.4019  0.3995  0.2344
A7H3N1           0.4234  0.4019  0.3900  0.3900  0.4043  0.3876  0.4043  0.4019  0.2416  0.0096
Q4HIF2           0.4163  0.3995  0.3804  0.3923  0.3947  0.3828  0.4139  0.4019  0.2392  0.1292  0.1340
Q4HQR7           0.4306  0.4139  0.3876  0.3852  0.3947  0.3780  0.4115  0.4067  0.2751  0.2129  0.2105  0.2153
B7MP16           0.4809  0.4617  0.4713  0.4234  0.4569  0.4785  0.4641  0.4880  0.4761  0.5048  0.5072  0.4928  0.4952
B7LWB5           0.4785  0.4593  0.4665  0.4211  0.4569  0.4809  0.4641  0.4833  0.4737  0.5024  0.5048  0.4904  0.4928  0.0120
P23893           0.4809  0.4617  0.4689  0.4234  0.4569  0.4809  0.4641  0.4856  0.4737  0.5048  0.5072  0.4928  0.4928  0.0096  0.0072
Q7NPI4           0.5263  0.4880  0.4880  0.4880  0.4904  0.5024  0.4785  0.4976  0.5120  0.5048  0.5072  0.5048  0.4928  0.4115  0.4115  0.4091
A2C7I7           0.5335  0.4904  0.4713  0.4976  0.4952  0.5096  0.4856  0.5096  0.5120  0.5120  0.5167  0.5144  0.4976  0.4522  0.4498  0.4474  0.2967
Q05WU1           0.5359  0.5048  0.4833  0.5000  0.5000  0.5120  0.4833  0.5167  0.5335  0.5096  0.5120  0.5191  0.5335  0.4498  0.4498  0.4474  0.3062  0.1220
A4CRW2           0.5407  0.5096  0.4880  0.5072  0.5072  0.5167  0.4976  0.5311  0.5215  0.5191  0.5191  0.5239  0.5263  0.4498  0.4498  0.4474  0.3110  0.1077  0.0694
A3Z5V6           0.5359  0.5048  0.4809  0.4976  0.5048  0.5120  0.4880  0.5191  0.5311  0.5167  0.5191  0.5215  0.5287  0.4450  0.4450  0.4426  0.3062  0.1196  0.0598  0.0742
A5GMT2           0.5431  0.5072  0.4880  0.5024  0.5048  0.5144  0.4928  0.5287  0.5215  0.5167  0.5191  0.5263  0.5287  0.4450  0.4450  0.4426  0.3134  0.1100  0.0622  0.0191  0.0694
Q0I8G1           0.5311  0.5024  0.4809  0.4880  0.4856  0.5024  0.4856  0.5144  0.5239  0.5048  0.5072  0.5120  0.5144  0.4426  0.4402  0.4378  0.3038  0.1316  0.0670  0.0885  0.0885  0.0861
A5GUJ2           0.5407  0.4928  0.4785  0.4928  0.5024  0.5072  0.4880  0.5096  0.5359  0.5096  0.5120  0.5239  0.5096  0.4569  0.4569  0.4545  0.2990  0.1364  0.1292  0.1340  0.1388  0.1268  0.1579
Q7V677           0.5383  0.4904  0.4713  0.4976  0.4928  0.5072  0.4809  0.5072  0.5072  0.5096  0.5144  0.5096  0.4952  0.4545  0.4522  0.4498  0.2967  0.0096  0.1268  0.1124  0.1196  0.1148  0.1340  0.1388
B1X023           0.5191  0.4880  0.4809  0.4833  0.4880  0.5144  0.4928  0.5144  0.5167  0.5024  0.5048  0.5024  0.5000  0.4426  0.4402  0.4378  0.2703  0.2201  0.2368  0.2344  0.2440  0.2368  0.2344  0.2297  0.2225
Q2JS70           0.5383  0.5048  0.4761  0.5000  0.5072  0.5144  0.4952  0.5096  0.5263  0.5191  0.5215  0.5239  0.5024  0.4474  0.4450  0.4426  0.2560  0.2344  0.2344  0.2273  0.2297  0.2344  0.2488  0.2153  0.2344  0.2081
Q7U598           0.5359  0.4976  0.4761  0.5024  0.5000  0.5120  0.4904  0.5191  0.5215  0.5120  0.5144  0.5215  0.5191  0.4474  0.4474  0.4450  0.3038  0.1053  0.0598  0.0670  0.0742  0.0526  0.0861  0.1316  0.1077  0.2249  0.2321
A3IRH5           0.5167  0.4928  0.4785  0.4809  0.4928  0.5048  0.4928  0.5072  0.5072  0.4904  0.4928  0.4952  0.4952  0.4354  0.4330  0.4306  0.2751  0.2249  0.2344  0.2321  0.2416  0.2344  0.2321  0.2321  0.2249  0.0455  0.2129  0.2249
Q4C0Y5           0.5144  0.4856  0.4833  0.4809  0.4928  0.5000  0.4976  0.5072  0.5120  0.4952  0.4976  0.4952  0.5024  0.4450  0.4450  0.4426  0.2847  0.2201  0.2273  0.2225  0.2273  0.2273  0.2273  0.2297  0.2201  0.0766  0.2201  0.2177  0.0718
Q2JMP7           0.5431  0.5048  0.4809  0.5072  0.5096  0.5191  0.5000  0.5144  0.5239  0.5215  0.5239  0.5215  0.5072  0.4522  0.4498  0.4474  0.2584  0.2368  0.2321  0.2297  0.2297  0.2321  0.2512  0.2201  0.2368  0.2057  0.0311  0.2321  0.2105  0.2201
A3Z1I1           0.5383  0.4976  0.4785  0.4928  0.4952  0.5167  0.4928  0.5263  0.5311  0.5167  0.5191  0.5239  0.5167  0.4450  0.4426  0.4402  0.2799  0.1172  0.1220  0.1244  0.1364  0.1244  0.1196  0.1364  0.1220  0.2057  0.2225  0.1316  0.2057  0.2129  0.2201
Q110Z9           0.5359  0.5072  0.4856  0.4904  0.5072  0.5096  0.5167  0.5167  0.5263  0.4928  0.4976  0.4952  0.5000  0.4593  0.4545  0.4545  0.3158  0.2440  0.2368  0.2464  0.2464  0.2464  0.2584  0.2416  0.2440  0.1722  0.2368  0.2416  0.1651  0.1675  0.2344  0.2488
Q3AWP4           0.5383  0.5096  0.4856  0.5048  0.4928  0.5072  0.4904  0.5215  0.5287  0.5144  0.5167  0.5239  0.5215  0.4498  0.4498  0.4474  0.3086  0.1172  0.0646  0.0694  0.0789  0.0646  0.0813  0.1316  0.1196  0.2273  0.2321  0.0478  0.2273  0.2201  0.2344  0.1244  0.2392
Q55665           0.5239  0.4880  0.4880  0.4713  0.4904  0.5191  0.5024  0.5215  0.5096  0.5144  0.5191  0.5048  0.5048  0.4498  0.4474  0.4450  0.2679  0.2273  0.2249  0.2321  0.2249  0.2368  0.2273  0.2081  0.2249  0.1770  0.2105  0.2201  0.1699  0.1627  0.2129  0.2081  0.1938  0.2201
Q05YM1           0.5383  0.5096  0.4856  0.5048  0.4904  0.5048  0.4904  0.5215  0.5287  0.5144  0.5167  0.5239  0.5167  0.4498  0.4498  0.4474  0.3086  0.1124  0.0646  0.0670  0.0813  0.0646  0.0789  0.1340  0.1172  0.2273  0.2321  0.0478  0.2297  0.2201  0.2344  0.1268  0.2392  0.0144  0.2177
B7KA18           0.5311  0.5024  0.5048  0.4785  0.5000  0.5072  0.5167  0.5191  0.5120  0.4952  0.4976  0.5024  0.4928  0.4450  0.4426  0.4402  0.3062  0.2297  0.2321  0.2344  0.2416  0.2368  0.2440  0.2297  0.2297  0.1483  0.2057  0.2321  0.1435  0.1507  0.2033  0.2249  0.1938  0.2321  0.1507  0.2344
Q7VDA1           0.5311  0.5072  0.4952  0.5048  0.5048  0.5335  0.4928  0.5215  0.5263  0.5311  0.5287  0.5215  0.5215  0.4617  0.4617  0.4593  0.3278  0.1364  0.1579  0.1579  0.1579  0.1555  0.1675  0.1866  0.1411  0.2368  0.2536  0.1507  0.2392  0.2368  0.2512  0.1651  0.2536  0.1531  0.2488  0.1555  0.2464
C7QMQ3           0.5215  0.4976  0.4904  0.4904  0.5000  0.5191  0.4952  0.5144  0.5263  0.4928  0.4952  0.4952  0.5024  0.4402  0.4378  0.4354  0.2823  0.2225  0.2273  0.2321  0.2321  0.2297  0.2321  0.2249  0.2249  0.1292  0.1986  0.2201  0.1268  0.1316  0.1986  0.2153  0.1675  0.2273  0.1507  0.2297  0.1388  0.2368
B7K2I1           0.5215  0.4976  0.4904  0.4904  0.5000  0.5191  0.4952  0.5144  0.5263  0.4928  0.4952  0.4952  0.5024  0.4402  0.4378  0.4354  0.2823  0.2225  0.2273  0.2321  0.2321  0.2297  0.2321  0.2249  0.2249  0.1292  0.1986  0.2201  0.1268  0.1316  0.1986  0.2153  0.1675  0.2273  0.1507  0.2297  0.1388  0.2368  0.0000
B4AYI2           0.5311  0.4976  0.4952  0.4809  0.4952  0.5072  0.5072  0.5120  0.5120  0.4785  0.4809  0.4880  0.4952  0.4354  0.4330  0.4306  0.3038  0.2321  0.2249  0.2344  0.2321  0.2321  0.2392  0.2225  0.2344  0.1483  0.2201  0.2249  0.1435  0.1555  0.2177  0.2249  0.1746  0.2297  0.1722  0.2297  0.0837  0.2368  0.1220  0.1220
B5VZW8           0.5287  0.4928  0.4761  0.4904  0.5000  0.5120  0.5048  0.5144  0.5239  0.5024  0.5048  0.5048  0.5024  0.4450  0.4426  0.4402  0.2847  0.2225  0.2321  0.2321  0.2368  0.2297  0.2392  0.2344  0.2273  0.1388  0.2081  0.2249  0.1388  0.1388  0.2010  0.2153  0.1411  0.2297  0.1722  0.2297  0.1555  0.2368  0.1435  0.1435  0.1364
B2J7M9           0.5359  0.4976  0.4856  0.4761  0.4976  0.5096  0.4952  0.5120  0.5287  0.5000  0.5024  0.5024  0.5024  0.4354  0.4330  0.4306  0.2799  0.2321  0.2344  0.2368  0.2368  0.2344  0.2416  0.2344  0.2321  0.1340  0.1890  0.2273  0.1364  0.1507  0.1794  0.2153  0.1483  0.2344  0.1699  0.2344  0.1411  0.2368  0.1244  0.1244  0.1268  0.1172
Q7V2J3           0.5455  0.5048  0.4809  0.5000  0.4880  0.5120  0.4880  0.5167  0.5311  0.5239  0.5215  0.5191  0.5144  0.4737  0.4737  0.4713  0.3373  0.1675  0.1555  0.1459  0.1507  0.1483  0.1603  0.1842  0.1651  0.2416  0.2536  0.1555  0.2368  0.2440  0.2512  0.1842  0.2464  0.1459  0.2632  0.1531  0.2560  0.1603  0.2464  0.2464  0.2416  0.2392  0.2344
B8HYK1           0.5335  0.5048  0.4880  0.4880  0.5072  0.5287  0.5024  0.5191  0.5311  0.4976  0.5000  0.5144  0.5048  0.4426  0.4402  0.4378  0.2847  0.2440  0.2344  0.2440  0.2416  0.2464  0.2560  0.2249  0.2464  0.1627  0.1842  0.2368  0.1675  0.1746  0.1866  0.2321  0.1890  0.2440  0.2057  0.2488  0.1603  0.2512  0.1770  0.1770  0.1699  0.1555  0.1699  0.2608
Q31QJ2           0.5287  0.5000  0.4833  0.4880  0.5024  0.5239  0.5120  0.5096  0.5239  0.5096  0.5120  0.5048  0.5072  0.4474  0.4450  0.4426  0.2656  0.2225  0.2033  0.2105  0.2105  0.2153  0.2225  0.2225  0.2225  0.1555  0.1890  0.2081  0.1603  0.1627  0.1890  0.2033  0.1531  0.2105  0.1794  0.2105  0.1722  0.2368  0.1675  0.1675  0.1579  0.1268  0.1411  0.2249  0.1388
P24630           0.5287  0.4976  0.4833  0.4880  0.5024  0.5239  0.5096  0.5096  0.5263  0.5096  0.5120  0.5048  0.5072  0.4498  0.4474  0.4450  0.2679  0.2249  0.2057  0.2129  0.2129  0.2177  0.2249  0.2249  0.2249  0.1579  0.1914  0.2105  0.1627  0.1651  0.1914  0.2057  0.1555  0.2129  0.1818  0.2129  0.1746  0.2392  0.1699  0.1699  0.1603  0.1292  0.1435  0.2273  0.1411  0.0024
A9BEA5           0.5407  0.5120  0.4904  0.5072  0.4928  0.5359  0.4833  0.5120  0.5167  0.5167  0.5167  0.5239  0.5120  0.4641  0.4641  0.4617  0.3325  0.1244  0.1603  0.1531  0.1675  0.1555  0.1699  0.1866  0.1292  0.2416  0.2656  0.1555  0.2464  0.2488  0.2608  0.1722  0.2584  0.1483  0.2656  0.1459  0.2536  0.0813  0.2512  0.2512  0.2512  0.2512  0.2536  0.1555  0.2632  0.2440  0.2464
A3PBK8           0.5478  0.4952  0.4856  0.4952  0.4856  0.5144  0.4856  0.5096  0.5263  0.5191  0.5215  0.5120  0.5191  0.4665  0.4665  0.4641  0.3397  0.1675  0.1483  0.1483  0.1483  0.1507  0.1675  0.1914  0.1675  0.2392  0.2584  0.1579  0.2321  0.2321  0.2584  0.1914  0.2392  0.1507  0.2464  0.1507  0.2416  0.1699  0.2464  0.2464  0.2344  0.2297  0.2368  0.0478  0.2560  0.2225  0.2249  0.1555
A2C0U2           0.5407  0.5000  0.4880  0.5000  0.5000  0.5167  0.4856  0.5024  0.5215  0.5144  0.5167  0.5191  0.5191  0.4737  0.4713  0.4689  0.3301  0.1459  0.1531  0.1507  0.1531  0.1483  0.1675  0.1746  0.1435  0.2321  0.2512  0.1507  0.2321  0.2344  0.2488  0.1651  0.2273  0.1388  0.2464  0.1411  0.2392  0.1555  0.2368  0.2368  0.2297  0.2344  0.2273  0.1531  0.2392  0.2225  0.2249  0.1364  0.1579
Q3ALU9           0.5407  0.5024  0.4761  0.5120  0.5024  0.5167  0.4880  0.5167  0.5287  0.5191  0.5215  0.5287  0.5263  0.4545  0.4545  0.4522  0.3134  0.1196  0.0718  0.0813  0.0957  0.0742  0.0933  0.1411  0.1244  0.2297  0.2344  0.0455  0.2344  0.2201  0.2368  0.1364  0.2464  0.0622  0.2321  0.0646  0.2440  0.1579  0.2249  0.2249  0.2344  0.2344  0.2368  0.1627  0.2440  0.2081  0.2105  0.1579  0.1651  0.1507
A8G3J9           0.5526  0.5024  0.4880  0.5000  0.4928  0.5191  0.4904  0.5167  0.5407  0.5239  0.5215  0.5239  0.5215  0.4761  0.4761  0.4737  0.3517  0.1699  0.1555  0.1555  0.1531  0.1579  0.1699  0.1866  0.1675  0.2536  0.2584  0.1627  0.2464  0.2512  0.2632  0.1938  0.2464  0.1531  0.2512  0.1555  0.2440  0.1699  0.2488  0.2488  0.2368  0.2392  0.2440  0.0478  0.2584  0.2273  0.2297  0.1579  0.0359  0.1579  0.1651
A2BPW6           0.5502  0.4952  0.4856  0.5000  0.4904  0.5167  0.4928  0.5120  0.5335  0.5167  0.5191  0.5144  0.5191  0.4713  0.4713  0.4689  0.3445  0.1746  0.1555  0.1531  0.1555  0.1579  0.1699  0.1938  0.1746  0.2464  0.2608  0.1651  0.2392  0.2392  0.2632  0.1962  0.2416  0.1555  0.2512  0.1531  0.2440  0.1818  0.2488  0.2488  0.2392  0.2368  0.2440  0.0550  0.2632  0.2249  0.2273  0.1699  0.0215  0.1651  0.1675  0.0263
Q46GT9           0.5407  0.5024  0.4904  0.4976  0.5024  0.5144  0.4904  0.5072  0.5263  0.5191  0.5215  0.5215  0.5215  0.4761  0.4737  0.4713  0.3325  0.1459  0.1555  0.1531  0.1555  0.1507  0.1699  0.1770  0.1435  0.2273  0.2488  0.1507  0.2273  0.2297  0.2464  0.1651  0.2225  0.1411  0.2416  0.1435  0.2344  0.1531  0.2321  0.2321  0.2273  0.2321  0.2249  0.1555  0.2368  0.2201  0.2225  0.1411  0.1627  0.0072  0.1507  0.1603  0.1651
Q3M3B9           0.5407  0.4952  0.4928  0.4785  0.4952  0.5239  0.4880  0.5144  0.5311  0.5024  0.5048  0.5096  0.5191  0.4426  0.4402  0.4378  0.2775  0.2321  0.2153  0.2249  0.2225  0.2225  0.2368  0.2225  0.2297  0.1531  0.1890  0.2153  0.1435  0.1555  0.1866  0.2129  0.1675  0.2177  0.1603  0.2177  0.1483  0.2440  0.1244  0.1244  0.1268  0.1316  0.0742  0.2344  0.1675  0.1507  0.1531  0.2512  0.2297  0.2177  0.2249  0.2368  0.2368  0.2177
A0ZMC1           0.5431  0.5096  0.4904  0.4952  0.5120  0.5311  0.5096  0.5263  0.5335  0.5096  0.5120  0.5144  0.5144  0.4426  0.4402  0.4378  0.2799  0.2273  0.2201  0.2297  0.2201  0.2273  0.2488  0.2297  0.2297  0.1411  0.1818  0.2081  0.1483  0.1627  0.1770  0.2153  0.1651  0.2249  0.1699  0.2225  0.1555  0.2464  0.1292  0.1292  0.1316  0.1220  0.0694  0.2440  0.1507  0.1340  0.1364  0.2584  0.2392  0.2273  0.2249  0.2440  0.2464  0.2249  0.0718
Q31C50           0.5526  0.5024  0.4856  0.4928  0.4904  0.5144  0.4928  0.5144  0.5311  0.5311  0.5335  0.5167  0.5287  0.4713  0.4713  0.4689  0.3445  0.1842  0.1627  0.1579  0.1555  0.1603  0.1699  0.1986  0.1842  0.2416  0.2584  0.1675  0.2368  0.2416  0.2584  0.1914  0.2416  0.1579  0.2464  0.1579  0.2488  0.1746  0.2488  0.2488  0.2392  0.2368  0.2416  0.0526  0.2584  0.2273  0.2297  0.1746  0.0359  0.1603  0.1722  0.0502  0.0335  0.1603  0.2321  0.2392
B1XIT5           0.5287  0.4928  0.4904  0.4833  0.5072  0.5287  0.5144  0.5383  0.5311  0.5072  0.5072  0.5024  0.5072  0.4641  0.4617  0.4593  0.2919  0.2392  0.2321  0.2368  0.2392  0.2368  0.2416  0.2368  0.2416  0.1364  0.2249  0.2321  0.1435  0.1651  0.2177  0.2249  0.1818  0.2392  0.1866  0.2392  0.1579  0.2464  0.1603  0.1603  0.1435  0.1651  0.1746  0.2584  0.1818  0.1627  0.1651  0.2560  0.2464  0.2368  0.2440  0.2488  0.2488  0.2321  0.1770  0.1627  0.2512
Q8YS26           0.5431  0.4952  0.4952  0.4785  0.4976  0.5215  0.4928  0.5167  0.5287  0.5000  0.5024  0.5096  0.5167  0.4426  0.4402  0.4378  0.2799  0.2321  0.2201  0.2297  0.2273  0.2273  0.2416  0.2249  0.2297  0.1531  0.1890  0.2201  0.1435  0.1579  0.1842  0.2177  0.1675  0.2225  0.1627  0.2225  0.1459  0.2488  0.1316  0.1316  0.1268  0.1340  0.0742  0.2368  0.1699  0.1555  0.1579  0.2560  0.2321  0.2225  0.2321  0.2392  0.2392  0.2225  0.0072  0.0718  0.2344  0.1818
B9YRK4           0.5407  0.5048  0.4952  0.4809  0.5167  0.5215  0.5144  0.5263  0.5263  0.5072  0.5096  0.5048  0.5167  0.4522  0.4498  0.4474  0.2799  0.2416  0.2368  0.2440  0.2416  0.2416  0.2488  0.2392  0.2392  0.1459  0.1986  0.2321  0.1459  0.1555  0.1938  0.2201  0.1507  0.2416  0.1603  0.2392  0.1555  0.2584  0.1388  0.1388  0.1435  0.1340  0.0885  0.2464  0.1699  0.1388  0.1411  0.2679  0.2416  0.2440  0.2464  0.2536  0.2488  0.2392  0.0861  0.0981  0.2464  0.1675  0.0861
B0JPW6           0.5335  0.4904  0.4952  0.4904  0.5048  0.5167  0.5000  0.5144  0.5191  0.5024  0.5072  0.5072  0.5120  0.4426  0.4402  0.4378  0.2847  0.2177  0.2297  0.2297  0.2297  0.2297  0.2440  0.2201  0.2201  0.1316  0.2105  0.2129  0.1316  0.1388  0.2105  0.2033  0.1818  0.2201  0.1483  0.2225  0.1316  0.2464  0.1268  0.1268  0.1148  0.1507  0.1459  0.2464  0.1770  0.1722  0.1746  0.2608  0.2392  0.2440  0.2201  0.2464  0.2488  0.2416  0.1579  0.1411  0.2488  0.1579  0.1555  0.1555
A2BVE5           0.5574  0.5096  0.4856  0.5024  0.4952  0.5287  0.4952  0.5191  0.5407  0.5311  0.5287  0.5263  0.5215  0.4761  0.4761  0.4737  0.3445  0.1818  0.1555  0.1507  0.1627  0.1579  0.1651  0.1962  0.1794  0.2488  0.2632  0.1627  0.2440  0.2536  0.2608  0.1938  0.2512  0.1507  0.2584  0.1579  0.2560  0.1746  0.2464  0.2464  0.2416  0.2440  0.2440  0.0287  0.2656  0.2344  0.2368  0.1651  0.0622  0.1579  0.1675  0.0622  0.0622  0.1603  0.2392  0.2512  0.0646  0.2608  0.2416  0.2560  0.2464
A0YJX4           0.5359  0.5000  0.4904  0.4976  0.5072  0.5239  0.5096  0.5287  0.5191  0.5024  0.5048  0.4928  0.5048  0.4522  0.4498  0.4474  0.2967  0.2512  0.2416  0.2464  0.2440  0.2464  0.2488  0.2488  0.2512  0.1531  0.2129  0.2416  0.1531  0.1579  0.2081  0.2273  0.1603  0.2368  0.1722  0.2392  0.1675  0.2560  0.1627  0.1627  0.1699  0.1268  0.1531  0.2584  0.1746  0.1268  0.1292  0.2656  0.2488  0.2488  0.2488  0.2560  0.2536  0.2440  0.1627  0.1603  0.2560  0.1555  0.1675  0.1531  0.1651  0.2656
B0CC57           0.5383  0.5072  0.4928  0.4928  0.5120  0.5263  0.5144  0.5191  0.5335  0.4976  0.5000  0.5120  0.5144  0.4522  0.4498  0.4474  0.2943  0.2392  0.2225  0.2321  0.2368  0.2297  0.2416  0.2201  0.2416  0.1722  0.2057  0.2297  0.1651  0.1770  0.2033  0.2273  0.1770  0.2297  0.1818  0.2321  0.1794  0.2560  0.1866  0.1866  0.1651  0.1699  0.1722  0.2512  0.1459  0.1890  0.1914  0.2560  0.2368  0.2488  0.2416  0.2368  0.2416  0.2488  0.1675  0.1675  0.2392  0.1675  0.1699  0.1818  0.1651  0.2536  0.1794
Q8DLK8           0.5407  0.5000  0.4856  0.4928  0.4952  0.5359  0.5120  0.5096  0.5167  0.5024  0.5048  0.5096  0.4952  0.4450  0.4426  0.4402  0.2799  0.2440  0.2344  0.2440  0.2440  0.2464  0.2464  0.2344  0.2440  0.1818  0.1603  0.2273  0.1842  0.2010  0.1579  0.2344  0.2010  0.2368  0.1818  0.2344  0.1675  0.2584  0.1699  0.1699  0.1794  0.1794  0.1699  0.2584  0.1531  0.1746  0.1770  0.2584  0.2464  0.2440  0.2273  0.2488  0.2536  0.2416  0.1555  0.1507  0.2512  0.1794  0.1531  0.1699  0.1746  0.2560  0.1962  0.1699


TREE #  1:  (10, 11, (12, (13, (9, (6, (((7, 8), (4, (3, (1, (2, 5))))), ((14, (16, 15)), (17, ((24, (((((20, 22), ((34, 36), (28, 51))), (21, (19, 23))), (((44, 62), (52, (57, (49, 53)))), ((50, 54), (38, 48)))), (32, (18, 25)))), ((27, 31), (65, ((45, 64), (((60, (43, (56, (55, 59)))), ((46, 47), (33, (42, 63)))), (((37, 41), (35, (61, (39, 40)))), (58, (26, (30, 29)))))))))))))))));   MP score: 2550
lnL(ntime: 63  np: 64): -14753.889495      +0.000000
  66..10   66..11   66..67   67..12   67..68   68..13   68..69   69..9    69..70   70..6    70..71   71..72   72..73   73..7    73..8    72..74   74..4    74..75   75..3    75..76   76..1    76..77   77..2    77..5    71..78   78..79   79..14   79..80   80..16   80..15   78..81   81..17   81..82   82..83   83..24   83..84   84..85   85..86   86..87   87..88   88..20   88..22   87..89   89..90   90..34   90..36   89..91   91..28   91..51   86..92   92..21   92..93   93..19   93..23   85..94   94..95   95..96   96..44   96..62   95..97   97..52   97..98   98..57   98..99   99..49   99..53   94..100 100..101 101..50  101..54  100..102 102..38  102..48   84..103 103..32  103..104 104..18  104..25   82..105 105..106 106..27  106..31  105..107 107..65  107..108 108..109 109..45  109..64  108..110 110..111 111..112 112..60  112..113 113..43  113..114 114..56  114..115 115..55  115..59  111..116 116..117 117..46  117..47  116..118 118..33  118..119 119..42  119..63  110..120 120..121 121..122 122..37  122..41  121..123 123..35  123..124 124..61  124..125 125..39  125..40  120..126 126..58  126..127 127..26  127..128 128..30  128..29 
 0.525105 0.525104 0.511739 0.500932 0.454572 0.442524 0.375389 0.285409 0.326373 0.294294 0.273651 0.239441 0.356503 0.005750 0.003798 0.254596 0.215524 0.136575 0.125721 0.119862 0.065526 0.052766 0.012803 0.039415 0.009501 0.025100 0.050383 0.050383 0.102313 0.034129 0.016451 0.023237 0.016009 0.012568 0.088539 0.003824 0.044077 0.096611 0.006226 0.187288 0.020125 0.165520 0.157281 0.115578 0.139569 0.128268 0.066648 0.051849 0.044599 0.004127 0.107905 0.001403 0.097479 0.080451 0.129367 0.116541 0.054696 0.103192 0.090631 0.000000 0.107723 0.045130 0.037742 0.564874

tree length =   9.82604

(10: 0.525105, 11: 0.525105, (12: 0.525104, (13: 0.511739, (9: 0.500932, (6: 0.454572, (((7: 0.285409, 8: 0.285409): 0.089980, (4: 0.326373, (3: 0.294294, (1: 0.273651, (2: 0.239441, 5: 0.239441): 0.034211): 0.020643): 0.032079): 0.049015): 0.067136, ((14: 0.005750, (16: 0.003798, 15: 0.003798): 0.001952): 0.350753, (17: 0.254596, ((24: 0.136575, (((((20: 0.012803, 22: 0.012803): 0.039962, ((34: 0.009501, 36: 0.009501): 0.029913, (28: 0.025100, 51: 0.025100): 0.014314): 0.013351): 0.012760, (21: 0.050383, (19: 0.050383, 23: 0.050383): 0.000000): 0.015143): 0.054336, (((44: 0.016451, 62: 0.016451): 0.017677, (52: 0.023237, (57: 0.016009, (49: 0.012568, 53: 0.012568): 0.003441): 0.007227): 0.010892): 0.068185, ((50: 0.003824, 54: 0.003824): 0.084715, (38: 0.044077, 48: 0.044077): 0.044462): 0.013774): 0.017548): 0.005859, (32: 0.096611, (18: 0.006226, 25: 0.006226): 0.090385): 0.029110): 0.010854): 0.078950, ((27: 0.020125, 31: 0.020125): 0.167163, (65: 0.165520, ((45: 0.115578, 64: 0.115578): 0.041703, (((60: 0.066648, (43: 0.051849, (56: 0.044599, (55: 0.004127, 59: 0.004127): 0.040472): 0.007251): 0.014798): 0.061620, ((46: 0.001403, 47: 0.001403): 0.106502, (33: 0.097479, (42: 0.080451, 63: 0.080451): 0.017028): 0.010426): 0.020363): 0.011301, (((37: 0.054696, 41: 0.054696): 0.061844, (35: 0.103192, (61: 0.090631, (39: 0.000000, 40: 0.000000): 0.090630): 0.012561): 0.013349): 0.012826, (58: 0.107723, (26: 0.045130, (30: 0.037742, 29: 0.037742): 0.007389): 0.062593): 0.021644): 0.010202): 0.017712): 0.008238): 0.021769): 0.028236): 0.039071): 0.101907): 0.086021): 0.012048): 0.046359): 0.010807): 0.013365): 0.000001);

(A8FLR2: 0.525105, A7H3N1: 0.525105, (Q4HIF2: 0.525104, (Q4HQR7: 0.511739, (B9KFS8: 0.500932, (B9LA83: 0.454572, (((Q7M847: 0.285409, P56115: 0.285409): 0.089980, (D1B1A8: 0.326373, (A6Q2X6: 0.294294, (A8ETJ2: 0.273651, (A6Q9P9: 0.239441, Q30RJ4: 0.239441): 0.034211): 0.020643): 0.032079): 0.049015): 0.067136, ((B7MP16: 0.005750, (P23893: 0.003798, B7LWB5: 0.003798): 0.001952): 0.350753, (Q7NPI4: 0.254596, ((A5GUJ2: 0.136575, (((((A4CRW2: 0.012803, A5GMT2: 0.012803): 0.039962, ((Q3AWP4: 0.009501, Q05YM1: 0.009501): 0.029913, (Q7U598: 0.025100, Q3ALU9: 0.025100): 0.014314): 0.013351): 0.012760, (A3Z5V6: 0.050383, (Q05WU1: 0.050383, Q0I8G1: 0.050383): 0.000000): 0.015143): 0.054336, (((Q7V2J3: 0.016451, A2BVE5: 0.016451): 0.017677, (A8G3J9: 0.023237, (Q31C50: 0.016009, (A3PBK8: 0.012568, A2BPW6: 0.012568): 0.003441): 0.007227): 0.010892): 0.068185, ((A2C0U2: 0.003824, Q46GT9: 0.003824): 0.084715, (Q7VDA1: 0.044077, A9BEA5: 0.044077): 0.044462): 0.013774): 0.017548): 0.005859, (A3Z1I1: 0.096611, (A2C7I7: 0.006226, Q7V677: 0.006226): 0.090385): 0.029110): 0.010854): 0.078950, ((Q2JS70: 0.020125, Q2JMP7: 0.020125): 0.167163, (Q8DLK8: 0.165520, ((B8HYK1: 0.115578, B0CC57: 0.115578): 0.041703, (((B9YRK4: 0.066648, (B2J7M9: 0.051849, (A0ZMC1: 0.044599, (Q3M3B9: 0.004127, Q8YS26: 0.004127): 0.040472): 0.007251): 0.014798): 0.061620, ((Q31QJ2: 0.001403, P24630: 0.001403): 0.106502, (Q110Z9: 0.097479, (B5VZW8: 0.080451, A0YJX4: 0.080451): 0.017028): 0.010426): 0.020363): 0.011301, (((B7KA18: 0.054696, B4AYI2: 0.054696): 0.061844, (Q55665: 0.103192, (B0JPW6: 0.090631, (C7QMQ3: 0.000000, B7K2I1: 0.000000): 0.090630): 0.012561): 0.013349): 0.012826, (B1XIT5: 0.107723, (B1X023: 0.045130, (Q4C0Y5: 0.037742, A3IRH5: 0.037742): 0.007389): 0.062593): 0.021644): 0.010202): 0.017712): 0.008238): 0.021769): 0.028236): 0.039071): 0.101907): 0.086021): 0.012048): 0.046359): 0.010807): 0.013365): 0.000001);

(10_A8FLR2, 11_A7H3N1, (12_Q4HIF2, (13_Q4HQR7, (9_B9KFS8, (6_B9LA83, (((7_Q7M847, 8_P56115) 73 , (4_D1B1A8, (3_A6Q2X6, (1_A8ETJ2, (2_A6Q9P9, 5_Q30RJ4) 77 ) 76 ) 75 ) 74 ) 72 , ((14_B7MP16, (16_P23893, 15_B7LWB5) 80 ) 79 , (17_Q7NPI4, ((24_A5GUJ2, (((((20_A4CRW2, 22_A5GMT2) 88 , ((34_Q3AWP4, 36_Q05YM1) 90 , (28_Q7U598, 51_Q3ALU9) 91 ) 89 ) 87 , (21_A3Z5V6, (19_Q05WU1, 23_Q0I8G1) 93 ) 92 ) 86 , (((44_Q7V2J3, 62_A2BVE5) 96 , (52_A8G3J9, (57_Q31C50, (49_A3PBK8, 53_A2BPW6) 99 ) 98 ) 97 ) 95 , ((50_A2C0U2, 54_Q46GT9) 101 , (38_Q7VDA1, 48_A9BEA5) 102 ) 100 ) 94 ) 85 , (32_A3Z1I1, (18_A2C7I7, 25_Q7V677) 104 ) 103 ) 84 ) 83 , ((27_Q2JS70, 31_Q2JMP7) 106 , (65_Q8DLK8, ((45_B8HYK1, 64_B0CC57) 109 , (((60_B9YRK4, (43_B2J7M9, (56_A0ZMC1, (55_Q3M3B9, 59_Q8YS26) 115 ) 114 ) 113 ) 112 , ((46_Q31QJ2, 47_P24630) 117 , (33_Q110Z9, (42_B5VZW8, 63_A0YJX4) 119 ) 118 ) 116 ) 111 , (((37_B7KA18, 41_B4AYI2) 122 , (35_Q55665, (61_B0JPW6, (39_C7QMQ3, 40_B7K2I1) 125 ) 124 ) 123 ) 121 , (58_B1XIT5, (26_B1X023, (30_Q4C0Y5, 29_A3IRH5) 128 ) 127 ) 126 ) 120 ) 110 ) 108 ) 107 ) 105 ) 82 ) 81 ) 78 ) 71 ) 70 ) 69 ) 68 ) 67 ) 66 ;

Detailed output identifying parameters

alpha (gamma, K = 5) =  0.56487
rate:   0.03067  0.18896  0.51424  1.13935  3.12677
freq:   0.20000  0.20000  0.20000  0.20000  0.20000

Time used: 14:23
