AAML (in paml version 4.6, August 2012)  181.aa
Model: Empirical for branches,  Global clock  (../../../bin/LG.dat) dGamma (ncatG=4) ns =  65  ls =  64


Frequencies..
                                    A      R      N      D      C      Q      E      G      H      I      L      K      M      F      P      S      T      W      Y      V
A8ESW4                         0.03125 0.06250 0.04688 0.06250 0.01562 0.00000 0.04688 0.06250 0.06250 0.09375 0.07812 0.09375 0.04688 0.01562 0.04688 0.03125 0.04688 0.00000 0.04688 0.10938
A6QCR9                         0.04688 0.06250 0.03125 0.06250 0.01562 0.00000 0.04688 0.07812 0.04688 0.09375 0.09375 0.10938 0.03125 0.03125 0.04688 0.01562 0.04688 0.00000 0.04688 0.09375
Q30TU3                         0.04688 0.06250 0.03125 0.04688 0.01562 0.00000 0.06250 0.07812 0.04688 0.12500 0.10938 0.10938 0.03125 0.01562 0.04688 0.01562 0.04688 0.00000 0.06250 0.04688
A6Q1J9                         0.04688 0.06250 0.03125 0.04688 0.01562 0.00000 0.06250 0.07812 0.04688 0.07812 0.09375 0.10938 0.04688 0.03125 0.04688 0.01562 0.03125 0.00000 0.04688 0.10938
Q7M8F3                         0.04688 0.09375 0.03125 0.06250 0.01562 0.00000 0.04688 0.06250 0.04688 0.10938 0.09375 0.09375 0.03125 0.03125 0.04688 0.01562 0.04688 0.00000 0.04688 0.07812
D1B4E2                         0.04688 0.04688 0.03125 0.04688 0.01562 0.01562 0.04688 0.06250 0.04688 0.10938 0.06250 0.10938 0.04688 0.01562 0.04688 0.03125 0.06250 0.00000 0.06250 0.09375
B9KEH1                         0.04688 0.07812 0.04688 0.06250 0.01562 0.00000 0.04688 0.06250 0.04688 0.10938 0.07812 0.09375 0.04688 0.03125 0.04688 0.01562 0.04688 0.00000 0.04688 0.07812
Q4HQ89                         0.04688 0.07812 0.06250 0.06250 0.01562 0.00000 0.04688 0.06250 0.04688 0.12500 0.07812 0.09375 0.04688 0.03125 0.04688 0.01562 0.03125 0.00000 0.04688 0.06250
A8FNQ2                         0.04688 0.06250 0.04688 0.06250 0.01562 0.00000 0.04688 0.06250 0.04688 0.09375 0.09375 0.10938 0.04688 0.03125 0.04688 0.01562 0.04688 0.00000 0.04688 0.07812
A7H5U1                         0.04688 0.06250 0.04688 0.06250 0.01562 0.00000 0.04688 0.06250 0.04688 0.09375 0.09375 0.10938 0.04688 0.03125 0.04688 0.01562 0.04688 0.00000 0.04688 0.07812
P65108                         0.04688 0.09375 0.03125 0.06250 0.01562 0.00000 0.04688 0.06250 0.03125 0.07812 0.10938 0.10938 0.03125 0.03125 0.03125 0.03125 0.04688 0.00000 0.04688 0.09375
Q4HDV2                         0.04688 0.06250 0.04688 0.06250 0.01562 0.00000 0.04688 0.06250 0.04688 0.09375 0.09375 0.10938 0.04688 0.03125 0.04688 0.01562 0.04688 0.00000 0.04688 0.07812
C7QS42                         0.03125 0.09375 0.06250 0.06250 0.00000 0.00000 0.04688 0.07812 0.03125 0.07812 0.10938 0.07812 0.03125 0.01562 0.04688 0.04688 0.06250 0.00000 0.04688 0.07812
B7K228                         0.03125 0.09375 0.06250 0.06250 0.00000 0.00000 0.04688 0.07812 0.03125 0.07812 0.10938 0.07812 0.03125 0.01562 0.04688 0.04688 0.06250 0.00000 0.04688 0.07812
Q7NNJ8                         0.03125 0.10938 0.06250 0.04688 0.00000 0.00000 0.06250 0.06250 0.01562 0.09375 0.10938 0.06250 0.03125 0.03125 0.04688 0.04688 0.06250 0.00000 0.04688 0.07812
P73301                         0.03125 0.09375 0.06250 0.06250 0.00000 0.00000 0.04688 0.07812 0.01562 0.07812 0.10938 0.07812 0.04688 0.03125 0.04688 0.03125 0.06250 0.00000 0.04688 0.07812
Q2JV98                         0.03125 0.09375 0.07812 0.06250 0.00000 0.00000 0.04688 0.07812 0.01562 0.07812 0.10938 0.07812 0.01562 0.03125 0.04688 0.04688 0.03125 0.00000 0.04688 0.10938
A3IQ24                         0.03125 0.09375 0.06250 0.06250 0.00000 0.00000 0.04688 0.07812 0.01562 0.07812 0.10938 0.07812 0.03125 0.03125 0.04688 0.03125 0.07812 0.00000 0.04688 0.07812
Q4C151                         0.03125 0.09375 0.06250 0.06250 0.00000 0.00000 0.04688 0.07812 0.01562 0.07812 0.10938 0.07812 0.03125 0.03125 0.04688 0.03125 0.07812 0.00000 0.04688 0.07812
B0C1F3                         0.03125 0.10938 0.06250 0.06250 0.00000 0.00000 0.04688 0.07812 0.01562 0.07812 0.10938 0.06250 0.03125 0.03125 0.04688 0.03125 0.07812 0.00000 0.04688 0.07812
B4B3P4                         0.03125 0.09375 0.06250 0.06250 0.00000 0.00000 0.04688 0.07812 0.01562 0.07812 0.10938 0.07812 0.03125 0.03125 0.04688 0.03125 0.07812 0.00000 0.04688 0.07812
A0YJS3                         0.03125 0.09375 0.06250 0.06250 0.00000 0.00000 0.04688 0.07812 0.01562 0.07812 0.10938 0.07812 0.03125 0.03125 0.04688 0.03125 0.07812 0.00000 0.04688 0.07812
A0ZG55                         0.03125 0.10938 0.06250 0.06250 0.00000 0.00000 0.04688 0.07812 0.01562 0.07812 0.10938 0.06250 0.03125 0.03125 0.04688 0.04688 0.06250 0.00000 0.04688 0.07812
Q8DML3                         0.03125 0.10938 0.06250 0.06250 0.00000 0.00000 0.04688 0.07812 0.01562 0.09375 0.10938 0.06250 0.01562 0.03125 0.04688 0.03125 0.07812 0.00000 0.04688 0.07812
B8HMS4                         0.03125 0.10938 0.06250 0.06250 0.00000 0.00000 0.04688 0.07812 0.01562 0.09375 0.10938 0.06250 0.01562 0.03125 0.04688 0.03125 0.07812 0.00000 0.04688 0.07812
Q110C7                         0.03125 0.10938 0.06250 0.06250 0.00000 0.00000 0.04688 0.07812 0.01562 0.07812 0.10938 0.06250 0.03125 0.03125 0.04688 0.03125 0.07812 0.00000 0.04688 0.07812
B1XJI7                         0.03125 0.10938 0.06250 0.06250 0.00000 0.00000 0.04688 0.07812 0.01562 0.07812 0.10938 0.06250 0.03125 0.03125 0.04688 0.03125 0.07812 0.00000 0.04688 0.07812
B2ITN5                         0.03125 0.10938 0.06250 0.06250 0.00000 0.00000 0.04688 0.07812 0.01562 0.07812 0.10938 0.06250 0.03125 0.03125 0.04688 0.03125 0.07812 0.00000 0.04688 0.07812
B9YIU1                         0.03125 0.10938 0.06250 0.06250 0.00000 0.00000 0.04688 0.07812 0.01562 0.07812 0.10938 0.06250 0.03125 0.03125 0.04688 0.03125 0.07812 0.00000 0.04688 0.07812
Q3MFA1                         0.03125 0.10938 0.06250 0.06250 0.00000 0.00000 0.04688 0.07812 0.01562 0.07812 0.10938 0.06250 0.03125 0.03125 0.04688 0.03125 0.07812 0.00000 0.04688 0.07812
Q8YPJ9                         0.03125 0.10938 0.06250 0.06250 0.00000 0.00000 0.04688 0.07812 0.01562 0.07812 0.10938 0.06250 0.03125 0.03125 0.04688 0.03125 0.07812 0.00000 0.04688 0.07812
Q2JIK6                         0.03125 0.09375 0.07812 0.06250 0.00000 0.00000 0.04688 0.07812 0.01562 0.07812 0.10938 0.07812 0.03125 0.03125 0.04688 0.04688 0.03125 0.00000 0.04688 0.09375
B1WQT1                         0.03125 0.09375 0.06250 0.06250 0.00000 0.00000 0.04688 0.07812 0.01562 0.07812 0.10938 0.07812 0.03125 0.03125 0.04688 0.03125 0.07812 0.00000 0.04688 0.07812
B9L6L2                         0.03125 0.04688 0.04688 0.06250 0.01562 0.00000 0.06250 0.07812 0.01562 0.10938 0.06250 0.14062 0.03125 0.01562 0.04688 0.03125 0.03125 0.00000 0.06250 0.10938
B7MRU7                         0.01562 0.09375 0.04688 0.03125 0.00000 0.01562 0.06250 0.07812 0.03125 0.06250 0.09375 0.06250 0.04688 0.03125 0.03125 0.04688 0.10938 0.00000 0.03125 0.10938
P69222                         0.01562 0.09375 0.04688 0.03125 0.00000 0.01562 0.06250 0.07812 0.03125 0.06250 0.09375 0.06250 0.04688 0.03125 0.03125 0.04688 0.10938 0.00000 0.03125 0.10938
B7LN52                         0.01562 0.09375 0.04688 0.03125 0.00000 0.01562 0.06250 0.07812 0.03125 0.06250 0.09375 0.06250 0.04688 0.03125 0.03125 0.04688 0.10938 0.00000 0.03125 0.10938
B5W6R1                         0.03125 0.09375 0.06250 0.06250 0.00000 0.00000 0.04688 0.07812 0.01562 0.07812 0.10938 0.07812 0.03125 0.03125 0.04688 0.04688 0.06250 0.00000 0.04688 0.07812
B3DFA9                         0.03125 0.09375 0.06250 0.06250 0.00000 0.00000 0.04688 0.07812 0.01562 0.07812 0.10938 0.07812 0.03125 0.03125 0.04688 0.03125 0.07812 0.00000 0.04688 0.07812
B7KI07                         0.03125 0.09375 0.06250 0.06250 0.00000 0.00000 0.04688 0.07812 0.01562 0.07812 0.10938 0.07812 0.03125 0.03125 0.04688 0.03125 0.07812 0.00000 0.04688 0.07812
Q5N1N4                         0.04688 0.09375 0.03125 0.04688 0.03125 0.04688 0.04688 0.12500 0.03125 0.03125 0.09375 0.07812 0.00000 0.03125 0.01562 0.03125 0.06250 0.00000 0.03125 0.12500
Q935Y0                         0.04688 0.09375 0.03125 0.04688 0.03125 0.04688 0.04688 0.12500 0.03125 0.03125 0.09375 0.07812 0.00000 0.03125 0.01562 0.03125 0.06250 0.00000 0.03125 0.12500
A3YV47                         0.04688 0.09375 0.01562 0.04688 0.03125 0.04688 0.06250 0.10938 0.01562 0.06250 0.12500 0.07812 0.00000 0.03125 0.01562 0.03125 0.07812 0.00000 0.04688 0.06250
Q319Y8                         0.04688 0.09375 0.01562 0.03125 0.03125 0.04688 0.07812 0.10938 0.01562 0.06250 0.12500 0.07812 0.00000 0.03125 0.01562 0.04688 0.06250 0.00000 0.04688 0.06250
A8G5U0                         0.04688 0.09375 0.01562 0.03125 0.03125 0.04688 0.07812 0.10938 0.01562 0.06250 0.12500 0.07812 0.00000 0.03125 0.01562 0.04688 0.06250 0.00000 0.04688 0.06250
A2BS49                         0.04688 0.09375 0.01562 0.03125 0.03125 0.04688 0.07812 0.10938 0.01562 0.06250 0.12500 0.07812 0.00000 0.03125 0.01562 0.04688 0.06250 0.00000 0.04688 0.06250
A3PDY9                         0.04688 0.09375 0.01562 0.03125 0.03125 0.04688 0.07812 0.10938 0.01562 0.06250 0.12500 0.07812 0.00000 0.03125 0.01562 0.04688 0.06250 0.00000 0.04688 0.06250
A5GUM8                         0.04688 0.09375 0.01562 0.03125 0.03125 0.04688 0.07812 0.10938 0.01562 0.06250 0.12500 0.07812 0.00000 0.03125 0.01562 0.04688 0.06250 0.00000 0.04688 0.06250
Q7U8D5                         0.04688 0.09375 0.01562 0.03125 0.03125 0.04688 0.07812 0.10938 0.01562 0.06250 0.12500 0.07812 0.00000 0.03125 0.01562 0.03125 0.07812 0.00000 0.04688 0.06250
A4CVU7                         0.04688 0.09375 0.01562 0.03125 0.03125 0.04688 0.07812 0.10938 0.01562 0.06250 0.12500 0.07812 0.00000 0.03125 0.01562 0.03125 0.07812 0.00000 0.04688 0.06250
A5GM96                         0.04688 0.09375 0.01562 0.03125 0.03125 0.04688 0.07812 0.10938 0.01562 0.06250 0.12500 0.07812 0.00000 0.03125 0.01562 0.03125 0.07812 0.00000 0.04688 0.06250
A3Z7L7                         0.04688 0.09375 0.01562 0.03125 0.03125 0.04688 0.07812 0.10938 0.01562 0.06250 0.12500 0.07812 0.00000 0.03125 0.01562 0.03125 0.07812 0.00000 0.04688 0.06250
Q05XK8                         0.04688 0.09375 0.01562 0.03125 0.03125 0.04688 0.07812 0.10938 0.01562 0.06250 0.12500 0.07812 0.00000 0.03125 0.01562 0.03125 0.07812 0.00000 0.04688 0.06250
Q3AZ30                         0.04688 0.09375 0.01562 0.03125 0.03125 0.04688 0.07812 0.10938 0.01562 0.06250 0.12500 0.07812 0.00000 0.03125 0.01562 0.03125 0.07812 0.00000 0.04688 0.06250
Q3AI59                         0.04688 0.09375 0.01562 0.03125 0.03125 0.04688 0.07812 0.10938 0.01562 0.06250 0.12500 0.07812 0.00000 0.03125 0.01562 0.03125 0.07812 0.00000 0.04688 0.06250
Q0IBQ0                         0.04688 0.09375 0.01562 0.03125 0.03125 0.04688 0.07812 0.10938 0.01562 0.06250 0.12500 0.07812 0.00000 0.03125 0.01562 0.03125 0.07812 0.00000 0.04688 0.06250
Q063W3                         0.04688 0.09375 0.01562 0.03125 0.03125 0.04688 0.07812 0.10938 0.01562 0.06250 0.12500 0.07812 0.00000 0.03125 0.01562 0.03125 0.07812 0.00000 0.04688 0.06250
Q7V6J0                         0.04688 0.09375 0.01562 0.03125 0.03125 0.04688 0.07812 0.10938 0.01562 0.06250 0.12500 0.07812 0.00000 0.03125 0.01562 0.03125 0.07812 0.00000 0.04688 0.06250
Q7V0V1                         0.04688 0.09375 0.01562 0.03125 0.03125 0.04688 0.07812 0.10938 0.01562 0.06250 0.12500 0.07812 0.00000 0.03125 0.01562 0.03125 0.07812 0.00000 0.04688 0.06250
Q46JS8                         0.04688 0.09375 0.01562 0.03125 0.03125 0.04688 0.07812 0.10938 0.01562 0.06250 0.12500 0.07812 0.00000 0.03125 0.01562 0.03125 0.07812 0.00000 0.04688 0.06250
A2C3U6                         0.04688 0.09375 0.01562 0.03125 0.03125 0.04688 0.07812 0.10938 0.01562 0.06250 0.12500 0.07812 0.00000 0.03125 0.01562 0.03125 0.07812 0.00000 0.04688 0.06250
A2C7Z6                         0.04688 0.09375 0.01562 0.03125 0.03125 0.03125 0.07812 0.10938 0.01562 0.06250 0.12500 0.09375 0.00000 0.03125 0.01562 0.03125 0.07812 0.00000 0.04688 0.06250
Q7VB52                         0.04688 0.09375 0.01562 0.03125 0.03125 0.04688 0.07812 0.10938 0.01562 0.06250 0.12500 0.07812 0.00000 0.03125 0.01562 0.03125 0.07812 0.00000 0.04688 0.06250
A9BBE4                         0.04688 0.09375 0.01562 0.03125 0.03125 0.04688 0.07812 0.10938 0.01562 0.06250 0.12500 0.07812 0.00000 0.03125 0.01562 0.03125 0.07812 0.00000 0.04688 0.06250
A2BXL2                         0.04688 0.09375 0.01562 0.03125 0.03125 0.04688 0.07812 0.10938 0.01562 0.06250 0.14062 0.07812 0.00000 0.03125 0.00000 0.03125 0.07812 0.00000 0.04688 0.06250

Homogeneity statistic: X2 = 7.64906 G = 8.86863 

Average                        0.03918 0.09111 0.04038 0.04880 0.01514 0.01875 0.05938 0.08822 0.02308 0.07572 0.10962 0.08077 0.02139 0.02981 0.03365 0.03269 0.06827 0.00000 0.04639 0.07764

# constant sites:     14 (21.88%)
ln Lmax (unconstrained) = -258.713797

AA distances (raw proportions of different sites)

A8ESW4         
A6QCR9           0.1406
Q30TU3           0.1719  0.1094
A6Q1J9           0.1250  0.0938  0.1250
Q7M8F3           0.1562  0.1250  0.1250  0.1406
D1B4E2           0.1875  0.1562  0.1562  0.1875  0.1562
B9KEH1           0.2031  0.1406  0.1875  0.1719  0.1094  0.1094
Q4HQ89           0.2188  0.1406  0.1875  0.1875  0.1406  0.1406  0.0312
A8FNQ2           0.2188  0.1406  0.2031  0.1562  0.1562  0.1406  0.0625  0.0625
A7H5U1           0.2188  0.1406  0.2031  0.1562  0.1562  0.1406  0.0625  0.0625  0.0000
P65108           0.1875  0.1875  0.2031  0.2031  0.1406  0.2031  0.1250  0.1562  0.1719  0.1719
Q4HDV2           0.2188  0.1406  0.2031  0.1562  0.1562  0.1406  0.0625  0.0625  0.0000  0.0000  0.1719
C7QS42           0.2812  0.2812  0.3281  0.2812  0.3281  0.3594  0.3438  0.3438  0.3438  0.3438  0.3594  0.3438
B7K228           0.2812  0.2812  0.3281  0.2812  0.3281  0.3594  0.3438  0.3438  0.3438  0.3438  0.3594  0.3438  0.0000
Q7NNJ8           0.3281  0.3125  0.3438  0.3281  0.3281  0.3438  0.3438  0.3438  0.3438  0.3438  0.3906  0.3438  0.1094  0.1094
P73301           0.2969  0.2969  0.3438  0.2969  0.3438  0.3750  0.3594  0.3594  0.3594  0.3594  0.3750  0.3594  0.0469  0.0469  0.0781
Q2JV98           0.2969  0.3125  0.3438  0.2969  0.3438  0.3906  0.3750  0.3750  0.3906  0.3906  0.3750  0.3906  0.0781  0.0781  0.1406  0.0781
A3IQ24           0.2969  0.2969  0.3438  0.2969  0.3438  0.3750  0.3594  0.3594  0.3594  0.3594  0.3750  0.3594  0.0312  0.0312  0.0781  0.0156  0.0625
Q4C151           0.2969  0.2969  0.3438  0.2969  0.3438  0.3750  0.3594  0.3594  0.3594  0.3594  0.3750  0.3594  0.0312  0.0312  0.0781  0.0156  0.0625  0.0000
B0C1F3           0.3125  0.3125  0.3594  0.3125  0.3594  0.3906  0.3750  0.3750  0.3750  0.3750  0.3906  0.3750  0.0469  0.0469  0.0625  0.0312  0.0781  0.0156  0.0156
B4B3P4           0.2969  0.2969  0.3438  0.2969  0.3438  0.3750  0.3594  0.3594  0.3594  0.3594  0.3750  0.3594  0.0312  0.0312  0.0781  0.0156  0.0625  0.0000  0.0000  0.0156
A0YJS3           0.2969  0.2969  0.3438  0.2969  0.3438  0.3750  0.3594  0.3594  0.3594  0.3594  0.3750  0.3594  0.0312  0.0312  0.0781  0.0156  0.0625  0.0000  0.0000  0.0156  0.0000
A0ZG55           0.3125  0.3125  0.3594  0.3125  0.3594  0.3906  0.3750  0.3750  0.3750  0.3750  0.3906  0.3750  0.0312  0.0312  0.0781  0.0469  0.0781  0.0312  0.0312  0.0156  0.0312  0.0312
Q8DML3           0.3125  0.2969  0.3594  0.3125  0.3594  0.3750  0.3594  0.3594  0.3594  0.3594  0.3906  0.3594  0.0625  0.0625  0.0781  0.0469  0.0781  0.0312  0.0312  0.0156  0.0312  0.0312  0.0312
B8HMS4           0.3125  0.2969  0.3594  0.3125  0.3594  0.3750  0.3594  0.3594  0.3594  0.3594  0.3906  0.3594  0.0625  0.0625  0.0781  0.0469  0.0781  0.0312  0.0312  0.0156  0.0312  0.0312  0.0312  0.0000
Q110C7           0.3125  0.3125  0.3594  0.3125  0.3594  0.3906  0.3750  0.3750  0.3750  0.3750  0.3906  0.3750  0.0469  0.0469  0.0625  0.0312  0.0781  0.0156  0.0156  0.0000  0.0156  0.0156  0.0156  0.0156  0.0156
B1XJI7           0.3125  0.3125  0.3594  0.3125  0.3594  0.3906  0.3750  0.3750  0.3750  0.3750  0.3906  0.3750  0.0469  0.0469  0.0625  0.0312  0.0781  0.0156  0.0156  0.0000  0.0156  0.0156  0.0156  0.0156  0.0156  0.0000
B2ITN5           0.3125  0.3125  0.3594  0.3125  0.3594  0.3906  0.3750  0.3750  0.3750  0.3750  0.3906  0.3750  0.0469  0.0469  0.0625  0.0312  0.0781  0.0156  0.0156  0.0000  0.0156  0.0156  0.0156  0.0156  0.0156  0.0000  0.0000
B9YIU1           0.3125  0.3125  0.3594  0.3125  0.3594  0.3906  0.3750  0.3750  0.3750  0.3750  0.3906  0.3750  0.0469  0.0469  0.0625  0.0312  0.0781  0.0156  0.0156  0.0000  0.0156  0.0156  0.0156  0.0156  0.0156  0.0000  0.0000  0.0000
Q3MFA1           0.3125  0.3125  0.3594  0.3125  0.3594  0.3906  0.3750  0.3750  0.3750  0.3750  0.3906  0.3750  0.0469  0.0469  0.0625  0.0312  0.0781  0.0156  0.0156  0.0000  0.0156  0.0156  0.0156  0.0156  0.0156  0.0000  0.0000  0.0000  0.0000
Q8YPJ9           0.3125  0.3125  0.3594  0.3125  0.3594  0.3906  0.3750  0.3750  0.3750  0.3750  0.3906  0.3750  0.0469  0.0469  0.0625  0.0312  0.0781  0.0156  0.0156  0.0000  0.0156  0.0156  0.0156  0.0156  0.0156  0.0000  0.0000  0.0000  0.0000  0.0000
Q2JIK6           0.3125  0.3125  0.3594  0.3125  0.3594  0.3906  0.3750  0.3750  0.3906  0.3906  0.3906  0.3906  0.0625  0.0625  0.1250  0.0625  0.0156  0.0469  0.0469  0.0625  0.0469  0.0469  0.0625  0.0781  0.0781  0.0625  0.0625  0.0625  0.0625  0.0625  0.0625
B1WQT1           0.2969  0.2969  0.3438  0.2969  0.3438  0.3750  0.3594  0.3594  0.3594  0.3594  0.3750  0.3594  0.0312  0.0312  0.0781  0.0156  0.0625  0.0000  0.0000  0.0156  0.0000  0.0000  0.0312  0.0312  0.0312  0.0156  0.0156  0.0156  0.0156  0.0156  0.0156  0.0469
B9L6L2           0.2500  0.2812  0.2812  0.2188  0.3125  0.2969  0.2969  0.2969  0.2812  0.2812  0.2969  0.2812  0.3281  0.3281  0.3594  0.3438  0.3125  0.3281  0.3281  0.3438  0.3281  0.3281  0.3438  0.3438  0.3438  0.3438  0.3438  0.3438  0.3438  0.3438  0.3438  0.3281  0.3281
B7MRU7           0.3594  0.3438  0.3906  0.2969  0.4062  0.4375  0.3906  0.4062  0.3438  0.3438  0.3906  0.3438  0.2812  0.2812  0.3125  0.3125  0.3594  0.3125  0.3125  0.2969  0.3125  0.3125  0.2812  0.3125  0.3125  0.2969  0.2969  0.2969  0.2969  0.2969  0.2969  0.3438  0.3125  0.4375
P69222           0.3594  0.3438  0.3906  0.2969  0.4062  0.4375  0.3906  0.4062  0.3438  0.3438  0.3906  0.3438  0.2812  0.2812  0.3125  0.3125  0.3594  0.3125  0.3125  0.2969  0.3125  0.3125  0.2812  0.3125  0.3125  0.2969  0.2969  0.2969  0.2969  0.2969  0.2969  0.3438  0.3125  0.4375  0.0000
B7LN52           0.3594  0.3438  0.3906  0.2969  0.4062  0.4375  0.3906  0.4062  0.3438  0.3438  0.3906  0.3438  0.2812  0.2812  0.3125  0.3125  0.3594  0.3125  0.3125  0.2969  0.3125  0.3125  0.2812  0.3125  0.3125  0.2969  0.2969  0.2969  0.2969  0.2969  0.2969  0.3438  0.3125  0.4375  0.0000  0.0000
B5W6R1           0.2969  0.2969  0.3438  0.2969  0.3438  0.3750  0.3594  0.3594  0.3594  0.3594  0.3750  0.3594  0.0156  0.0156  0.0938  0.0312  0.0625  0.0156  0.0156  0.0312  0.0156  0.0156  0.0156  0.0469  0.0469  0.0312  0.0312  0.0312  0.0312  0.0312  0.0312  0.0469  0.0156  0.3281  0.2969  0.2969  0.2969
B3DFA9           0.2969  0.2969  0.3438  0.2969  0.3438  0.3750  0.3594  0.3594  0.3594  0.3594  0.3750  0.3594  0.0312  0.0312  0.0781  0.0156  0.0625  0.0000  0.0000  0.0156  0.0000  0.0000  0.0312  0.0312  0.0312  0.0156  0.0156  0.0156  0.0156  0.0156  0.0156  0.0469  0.0000  0.3281  0.3125  0.3125  0.3125  0.0156
B7KI07           0.2969  0.2969  0.3438  0.2969  0.3438  0.3750  0.3594  0.3594  0.3594  0.3594  0.3750  0.3594  0.0312  0.0312  0.0781  0.0156  0.0625  0.0000  0.0000  0.0156  0.0000  0.0000  0.0312  0.0312  0.0312  0.0156  0.0156  0.0156  0.0156  0.0156  0.0156  0.0469  0.0000  0.3281  0.3125  0.3125  0.3125  0.0156  0.0000
Q5N1N4           0.5781  0.5156  0.5781  0.5312  0.5781  0.6094  0.5781  0.5781  0.5625  0.5625  0.5938  0.5625  0.5469  0.5469  0.5625  0.5625  0.5312  0.5625  0.5625  0.5469  0.5625  0.5625  0.5469  0.5469  0.5469  0.5469  0.5469  0.5469  0.5469  0.5469  0.5469  0.5312  0.5625  0.5938  0.5312  0.5312  0.5312  0.5625  0.5625  0.5625
Q935Y0           0.5781  0.5156  0.5781  0.5312  0.5781  0.6094  0.5781  0.5781  0.5625  0.5625  0.5938  0.5625  0.5469  0.5469  0.5625  0.5625  0.5312  0.5625  0.5625  0.5469  0.5625  0.5625  0.5469  0.5469  0.5469  0.5469  0.5469  0.5469  0.5469  0.5469  0.5469  0.5312  0.5625  0.5938  0.5312  0.5312  0.5312  0.5625  0.5625  0.5625  0.0000
A3YV47           0.5781  0.5469  0.5469  0.5625  0.6094  0.6094  0.6094  0.6094  0.5938  0.5938  0.6250  0.5938  0.5625  0.5625  0.5625  0.5625  0.5469  0.5625  0.5625  0.5469  0.5625  0.5625  0.5625  0.5469  0.5469  0.5469  0.5469  0.5469  0.5469  0.5469  0.5469  0.5469  0.5625  0.5938  0.5938  0.5938  0.5938  0.5781  0.5625  0.5625  0.1719  0.1719
Q319Y8           0.5938  0.5625  0.5312  0.5469  0.6250  0.6094  0.6250  0.6250  0.6094  0.6094  0.6406  0.6094  0.5625  0.5625  0.5938  0.5938  0.5625  0.5938  0.5938  0.5781  0.5938  0.5938  0.5625  0.5781  0.5781  0.5781  0.5781  0.5781  0.5781  0.5781  0.5781  0.5625  0.5938  0.5781  0.5625  0.5625  0.5625  0.5781  0.5938  0.5938  0.1875  0.1875  0.0312
A8G5U0           0.5938  0.5625  0.5312  0.5469  0.6250  0.6094  0.6250  0.6250  0.6094  0.6094  0.6406  0.6094  0.5625  0.5625  0.5938  0.5938  0.5625  0.5938  0.5938  0.5781  0.5938  0.5938  0.5625  0.5781  0.5781  0.5781  0.5781  0.5781  0.5781  0.5781  0.5781  0.5625  0.5938  0.5781  0.5625  0.5625  0.5625  0.5781  0.5938  0.5938  0.1875  0.1875  0.0312  0.0000
A2BS49           0.5938  0.5625  0.5312  0.5469  0.6250  0.6094  0.6250  0.6250  0.6094  0.6094  0.6406  0.6094  0.5625  0.5625  0.5938  0.5938  0.5625  0.5938  0.5938  0.5781  0.5938  0.5938  0.5625  0.5781  0.5781  0.5781  0.5781  0.5781  0.5781  0.5781  0.5781  0.5625  0.5938  0.5781  0.5625  0.5625  0.5625  0.5781  0.5938  0.5938  0.1875  0.1875  0.0312  0.0000  0.0000
A3PDY9           0.5938  0.5625  0.5312  0.5469  0.6250  0.6094  0.6250  0.6250  0.6094  0.6094  0.6406  0.6094  0.5625  0.5625  0.5938  0.5938  0.5625  0.5938  0.5938  0.5781  0.5938  0.5938  0.5625  0.5781  0.5781  0.5781  0.5781  0.5781  0.5781  0.5781  0.5781  0.5625  0.5938  0.5781  0.5625  0.5625  0.5625  0.5781  0.5938  0.5938  0.1875  0.1875  0.0312  0.0000  0.0000  0.0000
A5GUM8           0.5938  0.5625  0.5312  0.5469  0.6250  0.6094  0.6250  0.6250  0.6094  0.6094  0.6406  0.6094  0.5625  0.5625  0.5938  0.5938  0.5625  0.5938  0.5938  0.5781  0.5938  0.5938  0.5625  0.5781  0.5781  0.5781  0.5781  0.5781  0.5781  0.5781  0.5781  0.5625  0.5938  0.5781  0.5625  0.5625  0.5625  0.5781  0.5938  0.5938  0.1875  0.1875  0.0312  0.0000  0.0000  0.0000  0.0000
Q7U8D5           0.5938  0.5625  0.5312  0.5469  0.6250  0.6094  0.6250  0.6250  0.6094  0.6094  0.6406  0.6094  0.5781  0.5781  0.5781  0.5781  0.5625  0.5781  0.5781  0.5625  0.5781  0.5781  0.5781  0.5625  0.5625  0.5625  0.5625  0.5625  0.5625  0.5625  0.5625  0.5625  0.5781  0.5781  0.5781  0.5781  0.5781  0.5938  0.5781  0.5781  0.1875  0.1875  0.0156  0.0156  0.0156  0.0156  0.0156  0.0156
A4CVU7           0.5938  0.5625  0.5312  0.5469  0.6250  0.6094  0.6250  0.6250  0.6094  0.6094  0.6406  0.6094  0.5781  0.5781  0.5781  0.5781  0.5625  0.5781  0.5781  0.5625  0.5781  0.5781  0.5781  0.5625  0.5625  0.5625  0.5625  0.5625  0.5625  0.5625  0.5625  0.5625  0.5781  0.5781  0.5781  0.5781  0.5781  0.5938  0.5781  0.5781  0.1875  0.1875  0.0156  0.0156  0.0156  0.0156  0.0156  0.0156  0.0000
A5GM96           0.5938  0.5625  0.5312  0.5469  0.6250  0.6094  0.6250  0.6250  0.6094  0.6094  0.6406  0.6094  0.5781  0.5781  0.5781  0.5781  0.5625  0.5781  0.5781  0.5625  0.5781  0.5781  0.5781  0.5625  0.5625  0.5625  0.5625  0.5625  0.5625  0.5625  0.5625  0.5625  0.5781  0.5781  0.5781  0.5781  0.5781  0.5938  0.5781  0.5781  0.1875  0.1875  0.0156  0.0156  0.0156  0.0156  0.0156  0.0156  0.0000  0.0000
A3Z7L7           0.5938  0.5625  0.5312  0.5469  0.6250  0.6094  0.6250  0.6250  0.6094  0.6094  0.6406  0.6094  0.5781  0.5781  0.5781  0.5781  0.5625  0.5781  0.5781  0.5625  0.5781  0.5781  0.5781  0.5625  0.5625  0.5625  0.5625  0.5625  0.5625  0.5625  0.5625  0.5625  0.5781  0.5781  0.5781  0.5781  0.5781  0.5938  0.5781  0.5781  0.1875  0.1875  0.0156  0.0156  0.0156  0.0156  0.0156  0.0156  0.0000  0.0000  0.0000
Q05XK8           0.5938  0.5625  0.5312  0.5469  0.6250  0.6094  0.6250  0.6250  0.6094  0.6094  0.6406  0.6094  0.5781  0.5781  0.5781  0.5781  0.5625  0.5781  0.5781  0.5625  0.5781  0.5781  0.5781  0.5625  0.5625  0.5625  0.5625  0.5625  0.5625  0.5625  0.5625  0.5625  0.5781  0.5781  0.5781  0.5781  0.5781  0.5938  0.5781  0.5781  0.1875  0.1875  0.0156  0.0156  0.0156  0.0156  0.0156  0.0156  0.0000  0.0000  0.0000  0.0000
Q3AZ30           0.5938  0.5625  0.5312  0.5469  0.6250  0.6094  0.6250  0.6250  0.6094  0.6094  0.6406  0.6094  0.5781  0.5781  0.5781  0.5781  0.5625  0.5781  0.5781  0.5625  0.5781  0.5781  0.5781  0.5625  0.5625  0.5625  0.5625  0.5625  0.5625  0.5625  0.5625  0.5625  0.5781  0.5781  0.5781  0.5781  0.5781  0.5938  0.5781  0.5781  0.1875  0.1875  0.0156  0.0156  0.0156  0.0156  0.0156  0.0156  0.0000  0.0000  0.0000  0.0000  0.0000
Q3AI59           0.5938  0.5625  0.5312  0.5469  0.6250  0.6094  0.6250  0.6250  0.6094  0.6094  0.6406  0.6094  0.5781  0.5781  0.5781  0.5781  0.5625  0.5781  0.5781  0.5625  0.5781  0.5781  0.5781  0.5625  0.5625  0.5625  0.5625  0.5625  0.5625  0.5625  0.5625  0.5625  0.5781  0.5781  0.5781  0.5781  0.5781  0.5938  0.5781  0.5781  0.1875  0.1875  0.0156  0.0156  0.0156  0.0156  0.0156  0.0156  0.0000  0.0000  0.0000  0.0000  0.0000  0.0000
Q0IBQ0           0.5938  0.5625  0.5312  0.5469  0.6250  0.6094  0.6250  0.6250  0.6094  0.6094  0.6406  0.6094  0.5781  0.5781  0.5781  0.5781  0.5625  0.5781  0.5781  0.5625  0.5781  0.5781  0.5781  0.5625  0.5625  0.5625  0.5625  0.5625  0.5625  0.5625  0.5625  0.5625  0.5781  0.5781  0.5781  0.5781  0.5781  0.5938  0.5781  0.5781  0.1875  0.1875  0.0156  0.0156  0.0156  0.0156  0.0156  0.0156  0.0000  0.0000  0.0000  0.0000  0.0000  0.0000  0.0000
Q063W3           0.5938  0.5625  0.5312  0.5469  0.6250  0.6094  0.6250  0.6250  0.6094  0.6094  0.6406  0.6094  0.5781  0.5781  0.5781  0.5781  0.5625  0.5781  0.5781  0.5625  0.5781  0.5781  0.5781  0.5625  0.5625  0.5625  0.5625  0.5625  0.5625  0.5625  0.5625  0.5625  0.5781  0.5781  0.5781  0.5781  0.5781  0.5938  0.5781  0.5781  0.1875  0.1875  0.0156  0.0156  0.0156  0.0156  0.0156  0.0156  0.0000  0.0000  0.0000  0.0000  0.0000  0.0000  0.0000  0.0000
Q7V6J0           0.5938  0.5625  0.5312  0.5469  0.6250  0.6094  0.6250  0.6250  0.6094  0.6094  0.6406  0.6094  0.5781  0.5781  0.5781  0.5781  0.5625  0.5781  0.5781  0.5625  0.5781  0.5781  0.5781  0.5625  0.5625  0.5625  0.5625  0.5625  0.5625  0.5625  0.5625  0.5625  0.5781  0.5781  0.5781  0.5781  0.5781  0.5938  0.5781  0.5781  0.1875  0.1875  0.0156  0.0156  0.0156  0.0156  0.0156  0.0156  0.0000  0.0000  0.0000  0.0000  0.0000  0.0000  0.0000  0.0000  0.0000
Q7V0V1           0.5938  0.5625  0.5312  0.5469  0.6250  0.6094  0.6250  0.6250  0.6094  0.6094  0.6406  0.6094  0.5781  0.5781  0.5781  0.5781  0.5625  0.5781  0.5781  0.5625  0.5781  0.5781  0.5781  0.5625  0.5625  0.5625  0.5625  0.5625  0.5625  0.5625  0.5625  0.5625  0.5781  0.5781  0.5781  0.5781  0.5781  0.5938  0.5781  0.5781  0.1875  0.1875  0.0156  0.0156  0.0156  0.0156  0.0156  0.0156  0.0000  0.0000  0.0000  0.0000  0.0000  0.0000  0.0000  0.0000  0.0000  0.0000
Q46JS8           0.5938  0.5625  0.5312  0.5469  0.6250  0.6094  0.6250  0.6250  0.6094  0.6094  0.6406  0.6094  0.5781  0.5781  0.5781  0.5781  0.5625  0.5781  0.5781  0.5625  0.5781  0.5781  0.5781  0.5625  0.5625  0.5625  0.5625  0.5625  0.5625  0.5625  0.5625  0.5625  0.5781  0.5781  0.5781  0.5781  0.5781  0.5938  0.5781  0.5781  0.1875  0.1875  0.0156  0.0156  0.0156  0.0156  0.0156  0.0156  0.0000  0.0000  0.0000  0.0000  0.0000  0.0000  0.0000  0.0000  0.0000  0.0000  0.0000
A2C3U6           0.5938  0.5625  0.5312  0.5469  0.6250  0.6094  0.6250  0.6250  0.6094  0.6094  0.6406  0.6094  0.5781  0.5781  0.5781  0.5781  0.5625  0.5781  0.5781  0.5625  0.5781  0.5781  0.5781  0.5625  0.5625  0.5625  0.5625  0.5625  0.5625  0.5625  0.5625  0.5625  0.5781  0.5781  0.5781  0.5781  0.5781  0.5938  0.5781  0.5781  0.1875  0.1875  0.0156  0.0156  0.0156  0.0156  0.0156  0.0156  0.0000  0.0000  0.0000  0.0000  0.0000  0.0000  0.0000  0.0000  0.0000  0.0000  0.0000  0.0000
A2C7Z6           0.5938  0.5625  0.5312  0.5469  0.6250  0.6094  0.6250  0.6250  0.6094  0.6094  0.6406  0.6094  0.5781  0.5781  0.5781  0.5781  0.5625  0.5781  0.5781  0.5625  0.5781  0.5781  0.5781  0.5625  0.5625  0.5625  0.5625  0.5625  0.5625  0.5625  0.5625  0.5625  0.5781  0.5781  0.5781  0.5781  0.5781  0.5938  0.5781  0.5781  0.2031  0.2031  0.0312  0.0312  0.0312  0.0312  0.0312  0.0312  0.0156  0.0156  0.0156  0.0156  0.0156  0.0156  0.0156  0.0156  0.0156  0.0156  0.0156  0.0156  0.0156
Q7VB52           0.5938  0.5625  0.5312  0.5469  0.6250  0.6094  0.6250  0.6250  0.6094  0.6094  0.6406  0.6094  0.5781  0.5781  0.5781  0.5781  0.5625  0.5781  0.5781  0.5625  0.5781  0.5781  0.5781  0.5625  0.5625  0.5625  0.5625  0.5625  0.5625  0.5625  0.5625  0.5625  0.5781  0.5781  0.5781  0.5781  0.5781  0.5938  0.5781  0.5781  0.1875  0.1875  0.0156  0.0156  0.0156  0.0156  0.0156  0.0156  0.0000  0.0000  0.0000  0.0000  0.0000  0.0000  0.0000  0.0000  0.0000  0.0000  0.0000  0.0000  0.0000  0.0156
A9BBE4           0.5938  0.5625  0.5312  0.5469  0.6250  0.6094  0.6250  0.6250  0.6094  0.6094  0.6406  0.6094  0.5781  0.5781  0.5781  0.5781  0.5625  0.5781  0.5781  0.5625  0.5781  0.5781  0.5781  0.5625  0.5625  0.5625  0.5625  0.5625  0.5625  0.5625  0.5625  0.5625  0.5781  0.5781  0.5781  0.5781  0.5781  0.5938  0.5781  0.5781  0.1875  0.1875  0.0156  0.0156  0.0156  0.0156  0.0156  0.0156  0.0000  0.0000  0.0000  0.0000  0.0000  0.0000  0.0000  0.0000  0.0000  0.0000  0.0000  0.0000  0.0000  0.0156  0.0000
A2BXL2           0.6094  0.5781  0.5469  0.5625  0.6406  0.6250  0.6406  0.6406  0.6250  0.6250  0.6562  0.6250  0.5938  0.5938  0.5938  0.5938  0.5781  0.5938  0.5938  0.5781  0.5938  0.5938  0.5938  0.5781  0.5781  0.5781  0.5781  0.5781  0.5781  0.5781  0.5781  0.5781  0.5938  0.5938  0.5938  0.5938  0.5938  0.6094  0.5938  0.5938  0.2031  0.2031  0.0312  0.0312  0.0312  0.0312  0.0312  0.0312  0.0156  0.0156  0.0156  0.0156  0.0156  0.0156  0.0156  0.0156  0.0156  0.0156  0.0156  0.0156  0.0156  0.0312  0.0156  0.0156


TREE #  1:  (50, (49, 62), (51, (48, ((56, (54, (55, ((53, 52), ((60, 61), (64, (63, (((46, 47), (44, 45)), (59, 65))))))))), (58, (57, (43, (42, (41, ((1, ((2, (3, (5, (6, (11, (7, (8, (12, (9, 10))))))))), (4, 34))), ((36, (37, 35)), (15, (20, ((24, 25), ((17, 32), (31, ((38, (22, (16, (39, ((21, 40), ((13, 14), (33, (18, 19)))))))), (30, (29, (28, (27, (26, 23))))))))))))))))))))));   MP score: 150
lnL(ntime: 63  np: 64):  -1154.730233      +0.000000
  66..50   66..67   67..49   67..62   66..68   68..51   68..69   69..48   69..70   70..71   71..56   71..72   72..54   72..73   73..55   73..74   74..75   75..53   75..52   74..76   76..77   77..60   77..61   76..78   78..64   78..79   79..63   79..80   80..81   81..82   82..46   82..47   81..83   83..44   83..45   80..84   84..59   84..65   70..85   85..58   85..86   86..57   86..87   87..43   87..88   88..42   88..89   89..41   89..90   90..91   91..1    91..92   92..93   93..2    93..94   94..3    94..95   95..5    95..96   96..6    96..97   97..11   97..98   98..7    98..99   99..8    99..100 100..12  100..101 101..9   101..10   92..102 102..4   102..34   90..103 103..104 104..36  104..105 105..37  105..35  103..106 106..15  106..107 107..20  107..108 108..109 109..24  109..25  108..110 110..111 111..17  111..32  110..112 112..31  112..113 113..114 114..38  114..115 115..22  115..116 116..16  116..117 117..39  117..118 118..119 119..21  119..40  118..120 120..121 121..13  121..14  120..122 122..33  122..123 123..18  123..19  113..124 124..30  124..125 125..29  125..126 126..28  126..127 127..27  127..128 128..26  128..23 
 0.164834 0.016145 0.164834 0.164834 0.164834 0.003669 0.003669 0.003669 0.003669 0.000000 0.003669 0.000000 0.003669 0.003669 0.003669 0.000000 0.000000 0.000000 0.003669 0.164834 0.164834 0.163995 0.146995 0.146994 0.097301 0.074556 0.074556 0.067983 0.064596 0.055161 0.046419 0.040847 0.024001 0.017796 0.000000 0.000000 0.061444 0.084014 0.000000 0.000000 0.028874 0.017194 0.017194 0.000000 0.017194 0.002919 0.016034 0.016034 0.008014 0.008014 0.008014 0.008014 0.008014 0.000000 0.008014 0.000000 0.000000 0.000000 0.003192 0.003192 0.003192 0.003192 0.003192 1.665683

tree length =   2.71399

(50: 0.164834, (49: 0.016145, 62: 0.016145): 0.148690, (51: 0.164834, (48: 0.164834, ((56: 0.003669, (54: 0.003669, (55: 0.003669, ((53: 0.000000, 52: 0.000000): 0.003669, ((60: 0.000000, 61: 0.000000): 0.003669, (64: 0.003669, (63: 0.003669, (((46: 0.000000, 47: 0.000000): 0.000000, (44: 0.000000, 45: 0.000000): 0.000000): 0.003669, (59: 0.003669, 65: 0.003669): 0.000000): 0.000000): 0.000000): 0.000000): 0.000000): 0.000000): 0.000000): 0.000000): 0.161164, (58: 0.164834, (57: 0.164834, (43: 0.163995, (42: 0.146995, (41: 0.146994, ((1: 0.074556, ((2: 0.067983, (3: 0.064596, (5: 0.055161, (6: 0.046419, (11: 0.040847, (7: 0.024001, (8: 0.017796, (12: 0.000000, (9: 0.000000, 10: 0.000000): 0.000000): 0.017796): 0.006204): 0.016846): 0.005572): 0.008741): 0.009436): 0.003387): 0.006573, (4: 0.061444, 34: 0.061444): 0.013113): 0.000000): 0.022745, ((36: 0.000000, (37: 0.000000, 35: 0.000000): 0.000000): 0.084013, (15: 0.028874, (20: 0.017194, ((24: 0.000000, 25: 0.000000): 0.017194, ((17: 0.002919, 32: 0.002919): 0.014274, (31: 0.016034, ((38: 0.008014, (22: 0.008014, (16: 0.008014, (39: 0.008014, ((21: 0.000000, 40: 0.000000): 0.008014, ((13: 0.000000, 14: 0.000000): 0.008014, (33: 0.000000, (18: 0.000000, 19: 0.000000): 0.000000): 0.008014): 0.000000): 0.000000): 0.000000): 0.000000): 0.000000): 0.008020, (30: 0.003192, (29: 0.003192, (28: 0.003192, (27: 0.003192, (26: 0.003192, 23: 0.003192): 0.000000): 0.000000): 0.000000): 0.000000): 0.012842): 0.000000): 0.001159): 0.000000): 0.000000): 0.011680): 0.055140): 0.013288): 0.049693): 0.000000): 0.017000): 0.000839): 0.000000): 0.000000): 0.000000): 0.000000): 0.000000);

(A4CVU7: 0.164834, (Q7U8D5: 0.016145, A2C7Z6: 0.016145): 0.148690, (A5GM96: 0.164834, (A5GUM8: 0.164834, ((Q0IBQ0: 0.003669, (Q3AZ30: 0.003669, (Q3AI59: 0.003669, ((Q05XK8: 0.000000, A3Z7L7: 0.000000): 0.003669, ((Q46JS8: 0.000000, A2C3U6: 0.000000): 0.003669, (A9BBE4: 0.003669, (Q7VB52: 0.003669, (((A2BS49: 0.000000, A3PDY9: 0.000000): 0.000000, (Q319Y8: 0.000000, A8G5U0: 0.000000): 0.000000): 0.003669, (Q7V0V1: 0.003669, A2BXL2: 0.003669): 0.000000): 0.000000): 0.000000): 0.000000): 0.000000): 0.000000): 0.000000): 0.000000): 0.161164, (Q7V6J0: 0.164834, (Q063W3: 0.164834, (A3YV47: 0.163995, (Q935Y0: 0.146995, (Q5N1N4: 0.146994, ((A8ESW4: 0.074556, ((A6QCR9: 0.067983, (Q30TU3: 0.064596, (Q7M8F3: 0.055161, (D1B4E2: 0.046419, (P65108: 0.040847, (B9KEH1: 0.024001, (Q4HQ89: 0.017796, (Q4HDV2: 0.000000, (A8FNQ2: 0.000000, A7H5U1: 0.000000): 0.000000): 0.017796): 0.006204): 0.016846): 0.005572): 0.008741): 0.009436): 0.003387): 0.006573, (A6Q1J9: 0.061444, B9L6L2: 0.061444): 0.013113): 0.000000): 0.022745, ((P69222: 0.000000, (B7LN52: 0.000000, B7MRU7: 0.000000): 0.000000): 0.084013, (Q7NNJ8: 0.028874, (B0C1F3: 0.017194, ((Q8DML3: 0.000000, B8HMS4: 0.000000): 0.017194, ((Q2JV98: 0.002919, Q2JIK6: 0.002919): 0.014274, (Q8YPJ9: 0.016034, ((B5W6R1: 0.008014, (A0YJS3: 0.008014, (P73301: 0.008014, (B3DFA9: 0.008014, ((B4B3P4: 0.000000, B7KI07: 0.000000): 0.008014, ((C7QS42: 0.000000, B7K228: 0.000000): 0.008014, (B1WQT1: 0.000000, (A3IQ24: 0.000000, Q4C151: 0.000000): 0.000000): 0.008014): 0.000000): 0.000000): 0.000000): 0.000000): 0.000000): 0.008020, (Q3MFA1: 0.003192, (B9YIU1: 0.003192, (B2ITN5: 0.003192, (B1XJI7: 0.003192, (Q110C7: 0.003192, A0ZG55: 0.003192): 0.000000): 0.000000): 0.000000): 0.000000): 0.012842): 0.000000): 0.001159): 0.000000): 0.000000): 0.011680): 0.055140): 0.013288): 0.049693): 0.000000): 0.017000): 0.000839): 0.000000): 0.000000): 0.000000): 0.000000): 0.000000);

(50_A4CVU7, (49_Q7U8D5, 62_A2C7Z6) 67 , (51_A5GM96, (48_A5GUM8, ((56_Q0IBQ0, (54_Q3AZ30, (55_Q3AI59, ((53_Q05XK8, 52_A3Z7L7) 75 , ((60_Q46JS8, 61_A2C3U6) 77 , (64_A9BBE4, (63_Q7VB52, (((46_A2BS49, 47_A3PDY9) 82 , (44_Q319Y8, 45_A8G5U0) 83 ) 81 , (59_Q7V0V1, 65_A2BXL2) 84 ) 80 ) 79 ) 78 ) 76 ) 74 ) 73 ) 72 ) 71 , (58_Q7V6J0, (57_Q063W3, (43_A3YV47, (42_Q935Y0, (41_Q5N1N4, ((1_A8ESW4, ((2_A6QCR9, (3_Q30TU3, (5_Q7M8F3, (6_D1B4E2, (11_P65108, (7_B9KEH1, (8_Q4HQ89, (12_Q4HDV2, (9_A8FNQ2, 10_A7H5U1) 101 ) 100 ) 99 ) 98 ) 97 ) 96 ) 95 ) 94 ) 93 , (4_A6Q1J9, 34_B9L6L2) 102 ) 92 ) 91 , ((36_P69222, (37_B7LN52, 35_B7MRU7) 105 ) 104 , (15_Q7NNJ8, (20_B0C1F3, ((24_Q8DML3, 25_B8HMS4) 109 , ((17_Q2JV98, 32_Q2JIK6) 111 , (31_Q8YPJ9, ((38_B5W6R1, (22_A0YJS3, (16_P73301, (39_B3DFA9, ((21_B4B3P4, 40_B7KI07) 119 , ((13_C7QS42, 14_B7K228) 121 , (33_B1WQT1, (18_A3IQ24, 19_Q4C151) 123 ) 122 ) 120 ) 118 ) 117 ) 116 ) 115 ) 114 , (30_Q3MFA1, (29_B9YIU1, (28_B2ITN5, (27_B1XJI7, (26_Q110C7, 23_A0ZG55) 128 ) 127 ) 126 ) 125 ) 124 ) 113 ) 112 ) 110 ) 108 ) 107 ) 106 ) 103 ) 90 ) 89 ) 88 ) 87 ) 86 ) 85 ) 70 ) 69 ) 68 ) 66 ;

Detailed output identifying parameters

alpha (gamma, K = 4) =  1.66568
rate:   0.24982  0.61400  1.05883  2.07735
freq:   0.25000  0.25000  0.25000  0.25000

Time used:  1:37
