AAML (in paml version 4.6, August 2012)  197.aa
Model: Empirical for branches,  Global clock  (../../../bin/LG.dat) dGamma (ncatG=4) ns =  65  ls = 168


Frequencies..
                                    A      R      N      D      C      Q      E      G      H      I      L      K      M      F      P      S      T      W      Y      V
A8ESI0                         0.02976 0.01786 0.08333 0.07143 0.00000 0.01786 0.05357 0.09524 0.04167 0.10119 0.08929 0.10119 0.01190 0.04762 0.01786 0.05952 0.04762 0.00000 0.04167 0.07143
A6Q1Z0                         0.04762 0.06548 0.04167 0.04762 0.00595 0.02381 0.07143 0.10119 0.01786 0.08333 0.11310 0.08929 0.01190 0.04167 0.03571 0.07143 0.01786 0.00000 0.04167 0.07143
B9LA46                         0.03571 0.03571 0.07143 0.05952 0.00595 0.01786 0.05357 0.08929 0.02976 0.08333 0.09524 0.11310 0.02381 0.04762 0.02976 0.07738 0.01786 0.00000 0.05952 0.05357
Q30TD4                         0.03571 0.04167 0.04762 0.06548 0.00595 0.02381 0.05952 0.09524 0.04167 0.07143 0.08929 0.08929 0.01786 0.06548 0.02381 0.07143 0.05952 0.00000 0.02976 0.06548
B9KDP1                         0.04762 0.02976 0.05357 0.05952 0.00595 0.04167 0.05952 0.09524 0.02381 0.07143 0.12500 0.10714 0.01190 0.05357 0.00595 0.07738 0.02381 0.00000 0.02976 0.07738
Q4HG51                         0.02976 0.04167 0.06548 0.05357 0.00595 0.00000 0.06548 0.11310 0.03571 0.06548 0.14286 0.10119 0.01190 0.04167 0.00595 0.09524 0.02381 0.00000 0.02976 0.07143
A6QBZ2                         0.04167 0.05952 0.05357 0.06548 0.00595 0.01786 0.06548 0.10119 0.04167 0.07143 0.08929 0.08929 0.00595 0.05952 0.02381 0.06548 0.02976 0.00000 0.03571 0.07738
A7H563                         0.02976 0.02976 0.07143 0.05357 0.00595 0.00000 0.06548 0.10119 0.02976 0.06548 0.13690 0.10714 0.01786 0.04167 0.01190 0.09524 0.03571 0.00000 0.02976 0.07143
A8FKA1                         0.02976 0.02976 0.07143 0.04762 0.00595 0.00000 0.06548 0.10714 0.02976 0.06548 0.13690 0.10714 0.01786 0.04167 0.00595 0.10119 0.03571 0.00000 0.02976 0.07143
D1B0D1                         0.06548 0.04762 0.04167 0.07143 0.00595 0.01786 0.04167 0.08929 0.04762 0.07143 0.12500 0.07143 0.02381 0.04762 0.04167 0.06548 0.01786 0.00000 0.03571 0.07143
Q2JNF7                         0.06548 0.09524 0.04167 0.04167 0.00595 0.04167 0.04762 0.13095 0.02381 0.01786 0.12500 0.03571 0.02976 0.02976 0.05357 0.04167 0.01786 0.01190 0.02976 0.11310
Q7NN75                         0.10119 0.07143 0.04167 0.02381 0.01190 0.05357 0.07143 0.10119 0.02381 0.04762 0.13095 0.04167 0.01190 0.03571 0.04167 0.04167 0.02976 0.01190 0.04167 0.06548
Q7M7U8                         0.05357 0.06548 0.04762 0.04762 0.00000 0.01190 0.08929 0.10119 0.02976 0.04762 0.14286 0.07738 0.01190 0.04167 0.03571 0.05952 0.04167 0.00595 0.04167 0.04762
Q4HT93                         0.02381 0.05357 0.05952 0.04762 0.01190 0.01190 0.06548 0.10714 0.04167 0.07738 0.13095 0.08333 0.01786 0.04167 0.00595 0.09524 0.02976 0.00000 0.03571 0.05952
Q4BX22                         0.03571 0.07143 0.04762 0.05357 0.00000 0.04167 0.05952 0.08929 0.02381 0.09524 0.08333 0.06548 0.03571 0.02976 0.04762 0.07143 0.03571 0.01786 0.03571 0.05952
Q2JV16                         0.08929 0.10119 0.04167 0.04167 0.00595 0.02976 0.05357 0.12500 0.02381 0.01786 0.12500 0.03571 0.02976 0.02976 0.05357 0.04167 0.01786 0.01190 0.02976 0.09524
Q59989                         0.06548 0.06548 0.03571 0.05952 0.01190 0.04762 0.02976 0.09524 0.02381 0.05357 0.11310 0.06548 0.02381 0.03571 0.04167 0.06548 0.04762 0.02381 0.02976 0.06548
B8HR17                         0.08333 0.06548 0.05357 0.04762 0.00000 0.02976 0.04762 0.10119 0.02976 0.04762 0.12500 0.05357 0.02976 0.02976 0.05357 0.04762 0.02976 0.01190 0.03571 0.07738
B4B1G9                         0.04167 0.07143 0.03571 0.04167 0.00000 0.04762 0.06548 0.08929 0.02381 0.09524 0.11310 0.08333 0.01786 0.02976 0.02381 0.07738 0.03571 0.01786 0.02976 0.05952
B7KA80                         0.04167 0.07143 0.04762 0.03571 0.00000 0.04762 0.07738 0.08929 0.02381 0.08929 0.10714 0.07143 0.02976 0.03571 0.02381 0.07738 0.02976 0.01786 0.02976 0.05357
B9YFQ2                         0.04167 0.05357 0.04167 0.02976 0.01786 0.03571 0.05952 0.10119 0.02976 0.06548 0.10714 0.06548 0.02976 0.03571 0.04762 0.07738 0.05357 0.01786 0.02381 0.06548
B1WYT7                         0.04167 0.07143 0.04167 0.05952 0.00000 0.02976 0.05357 0.09524 0.02381 0.08929 0.09524 0.06548 0.03571 0.03571 0.04167 0.06548 0.04167 0.01786 0.02976 0.06548
C7QNP8                         0.06548 0.05952 0.04167 0.04762 0.00000 0.04167 0.05952 0.08929 0.02976 0.07143 0.10714 0.07143 0.04167 0.02976 0.02976 0.07143 0.02381 0.01190 0.03571 0.07143
B7K2R5                         0.06548 0.05952 0.04167 0.04762 0.00000 0.04167 0.05952 0.08929 0.02976 0.07143 0.10714 0.07143 0.04167 0.02976 0.02976 0.07143 0.02381 0.01190 0.03571 0.07143
B5W769                         0.05357 0.08333 0.04167 0.05952 0.00000 0.03571 0.05357 0.10119 0.02381 0.04762 0.12500 0.05952 0.02976 0.03571 0.04167 0.06548 0.02976 0.01190 0.03571 0.06548
A3IRR0                         0.04167 0.07738 0.04167 0.05952 0.00000 0.02381 0.05357 0.09524 0.02381 0.08929 0.09524 0.06548 0.04167 0.03571 0.03571 0.07143 0.04167 0.01786 0.02976 0.05952
Q3M4P0                         0.07738 0.05952 0.04762 0.02976 0.01190 0.04762 0.05357 0.08929 0.02381 0.05357 0.11310 0.05952 0.02381 0.02976 0.03571 0.07738 0.04167 0.01190 0.03571 0.07738
Q8YYK4                         0.07738 0.05952 0.04762 0.02976 0.01786 0.04762 0.05357 0.08929 0.02381 0.05357 0.11310 0.05952 0.02381 0.02976 0.03571 0.07738 0.04167 0.01190 0.02976 0.07738
B0JQ51                         0.05357 0.08333 0.04762 0.04762 0.00000 0.04167 0.05357 0.10119 0.02381 0.08929 0.11310 0.06548 0.02381 0.02976 0.02976 0.07738 0.02381 0.01786 0.02976 0.04762
B0CDZ4                         0.04762 0.09524 0.04167 0.04167 0.00000 0.03571 0.04167 0.11310 0.02976 0.07738 0.11905 0.03571 0.02381 0.04167 0.04762 0.07143 0.03571 0.01190 0.02381 0.06548
B2JA15                         0.05952 0.07143 0.05357 0.02381 0.01190 0.04762 0.05952 0.09524 0.02381 0.06548 0.10119 0.05357 0.02976 0.02976 0.02976 0.10714 0.02976 0.01190 0.02976 0.06548
A0Z9P1                         0.04762 0.07143 0.04762 0.02976 0.01190 0.04167 0.05952 0.09524 0.02976 0.07143 0.10714 0.05952 0.02381 0.02976 0.04167 0.09524 0.03571 0.01190 0.02976 0.05952
Q46HC4                         0.02381 0.06548 0.07143 0.02976 0.01786 0.01190 0.08333 0.08929 0.02381 0.08929 0.10119 0.08929 0.02381 0.04762 0.02381 0.08333 0.04167 0.01190 0.01786 0.05357
Q110N1                         0.05357 0.05357 0.05357 0.03571 0.00595 0.02381 0.06548 0.10119 0.02381 0.08333 0.10714 0.07738 0.03571 0.02976 0.04167 0.06548 0.03571 0.01190 0.03571 0.05952
Q5N2J4                         0.05952 0.07738 0.03571 0.05357 0.00000 0.05952 0.04762 0.09524 0.02381 0.04762 0.14286 0.05952 0.02976 0.02976 0.02976 0.07143 0.04167 0.01190 0.02976 0.05357
Q31RR0                         0.05952 0.07738 0.03571 0.05357 0.00000 0.05952 0.04762 0.09524 0.02381 0.04762 0.14286 0.05952 0.02976 0.02976 0.02976 0.07143 0.04167 0.01190 0.02976 0.05357
A0YJK0                         0.04762 0.07143 0.04762 0.04762 0.00000 0.04167 0.05952 0.09524 0.02381 0.07143 0.11310 0.05952 0.02976 0.02976 0.03571 0.08929 0.02976 0.01190 0.02976 0.06548
Q31CT2                         0.01190 0.04762 0.08929 0.04167 0.00000 0.01190 0.05952 0.07738 0.02381 0.10119 0.12500 0.10119 0.00595 0.05952 0.02381 0.10714 0.01786 0.00595 0.04762 0.04167
A2C082                         0.02381 0.06548 0.07738 0.02381 0.01786 0.01190 0.08333 0.08929 0.02381 0.09524 0.10119 0.08929 0.02381 0.04762 0.02381 0.07738 0.04167 0.01190 0.01786 0.05357
A3Z8K0                         0.10714 0.10714 0.04762 0.04167 0.00000 0.05952 0.04167 0.13095 0.03571 0.02976 0.14286 0.01190 0.02381 0.03571 0.02976 0.04167 0.02381 0.00595 0.00595 0.07738
A4CSZ0                         0.09524 0.10714 0.04762 0.04762 0.00000 0.03571 0.05952 0.11905 0.03571 0.03571 0.14881 0.02381 0.02381 0.03571 0.02976 0.04762 0.02976 0.00595 0.00595 0.06548
A5GIH6                         0.10714 0.10714 0.04762 0.05357 0.00000 0.02976 0.05952 0.11905 0.03571 0.03571 0.15476 0.01786 0.02381 0.02976 0.02976 0.04167 0.02976 0.00595 0.01190 0.05952
A8G2Q9                         0.01190 0.05952 0.07738 0.04167 0.00000 0.02381 0.05952 0.07738 0.01786 0.10714 0.11310 0.09524 0.00595 0.07738 0.02381 0.10714 0.01190 0.00595 0.04762 0.03571
A3PAX1                         0.01190 0.05357 0.08333 0.04762 0.00595 0.02381 0.05357 0.07738 0.02381 0.10714 0.12500 0.10119 0.00595 0.06548 0.02381 0.08929 0.01786 0.00595 0.04167 0.03571
A2CCI1                         0.07738 0.09524 0.03571 0.05952 0.00595 0.04762 0.03571 0.12500 0.02976 0.04167 0.15476 0.02381 0.02976 0.04167 0.02976 0.05357 0.02381 0.00595 0.01190 0.07143
Q0IDC6                         0.07143 0.10119 0.04762 0.06548 0.00000 0.03571 0.03571 0.13690 0.03571 0.02381 0.17857 0.02381 0.02381 0.03571 0.03571 0.05357 0.02381 0.00595 0.00595 0.05952
Q3AUQ0                         0.08333 0.10714 0.02976 0.06548 0.00595 0.04167 0.03571 0.13095 0.02976 0.03571 0.13690 0.01190 0.02976 0.04167 0.04167 0.05357 0.02976 0.01190 0.01190 0.06548
Q05QQ7                         0.10119 0.09524 0.04167 0.05357 0.00000 0.04762 0.05357 0.12500 0.02976 0.02381 0.16667 0.02976 0.02381 0.03571 0.02381 0.05357 0.02381 0.00595 0.00595 0.05952
Q7U9I5                         0.07143 0.09524 0.03571 0.04762 0.00000 0.05357 0.04762 0.13690 0.02976 0.04762 0.13095 0.01190 0.02976 0.04167 0.03571 0.06548 0.02976 0.01190 0.01190 0.06548
A2BP49                         0.01190 0.04762 0.08333 0.05357 0.00595 0.02381 0.05357 0.07738 0.01786 0.10714 0.11905 0.09524 0.00595 0.06548 0.02381 0.11310 0.01786 0.00595 0.03571 0.03571
Q7V4V4                         0.08333 0.09524 0.03571 0.05952 0.00595 0.04762 0.03571 0.11905 0.02976 0.03571 0.15476 0.02381 0.03571 0.04167 0.02381 0.05952 0.02381 0.00595 0.01190 0.07143
B1XJ62                         0.07738 0.07143 0.03571 0.05357 0.00000 0.03571 0.04762 0.10714 0.02976 0.05952 0.13095 0.06548 0.01786 0.02976 0.04762 0.04762 0.03571 0.01786 0.02976 0.05952
Q061F4                         0.08333 0.10119 0.02976 0.07143 0.00595 0.04167 0.02976 0.13095 0.02976 0.03571 0.14286 0.01190 0.02976 0.04167 0.04167 0.04762 0.02976 0.01190 0.01190 0.07143
A2BUN1                         0.01786 0.02976 0.08333 0.05357 0.00000 0.02976 0.05357 0.07738 0.02381 0.11905 0.09524 0.10714 0.01190 0.05357 0.02381 0.08929 0.03571 0.00595 0.04762 0.04167
Q8DJ45                         0.07738 0.08333 0.04762 0.03571 0.00595 0.04762 0.04167 0.09524 0.04167 0.04762 0.13095 0.03571 0.01190 0.04167 0.03571 0.04167 0.05357 0.00000 0.02976 0.09524
A3YXH2                         0.07738 0.10714 0.02976 0.06548 0.00000 0.04762 0.04167 0.12500 0.02381 0.04167 0.15476 0.01786 0.02381 0.03571 0.02976 0.06548 0.04762 0.00595 0.01786 0.04167
A9BDM0                         0.05952 0.05357 0.07738 0.02381 0.00595 0.03571 0.04167 0.11310 0.03571 0.04167 0.14286 0.07143 0.03571 0.03571 0.02381 0.07143 0.02976 0.00595 0.01786 0.07738
Q3AMZ1                         0.09524 0.08929 0.02976 0.04762 0.00595 0.05357 0.02381 0.13690 0.03571 0.04167 0.14286 0.01786 0.02381 0.04762 0.04167 0.04762 0.02976 0.01190 0.01190 0.06548
P56077                         0.05357 0.03571 0.08333 0.05357 0.01190 0.01190 0.04167 0.08333 0.04762 0.04167 0.14881 0.08929 0.01190 0.07143 0.02976 0.06548 0.02976 0.00000 0.02976 0.05952
Q7V342                         0.01190 0.04762 0.10119 0.05357 0.00000 0.01190 0.05357 0.07738 0.01786 0.12500 0.10714 0.08929 0.01190 0.06548 0.02381 0.08929 0.02976 0.01190 0.04167 0.02976
A5GWI4                         0.08929 0.10119 0.04762 0.05952 0.00000 0.01786 0.04762 0.15476 0.04167 0.04167 0.14881 0.01786 0.01786 0.04167 0.03571 0.04167 0.02976 0.00595 0.01190 0.04762
B7MTY8                         0.11905 0.06548 0.04762 0.04762 0.00595 0.00595 0.05952 0.10714 0.04167 0.04762 0.11905 0.05952 0.01190 0.05952 0.04762 0.02976 0.04167 0.00595 0.01190 0.06548
P0A7D1                         0.11905 0.06548 0.04762 0.04762 0.00595 0.00595 0.05952 0.10714 0.04167 0.04762 0.11905 0.05952 0.01190 0.05952 0.04762 0.02976 0.04167 0.00595 0.01190 0.06548
B7LSI6                         0.11310 0.06548 0.04167 0.04762 0.00595 0.00595 0.05952 0.10714 0.04167 0.04762 0.11310 0.05952 0.01190 0.05357 0.05357 0.02976 0.04762 0.00595 0.02381 0.06548
Q7VDT7                         0.04762 0.04762 0.05357 0.04762 0.00595 0.02976 0.03571 0.11905 0.02976 0.07738 0.11310 0.10714 0.02976 0.05357 0.03571 0.06548 0.03571 0.00595 0.01190 0.04762

Homogeneity statistic: X2 = 7.23876 G = 7.78937 

Average                        0.05879 0.06877 0.05183 0.04881 0.00467 0.03178 0.05421 0.10357 0.02958 0.06410 0.12326 0.06364 0.02253 0.04203 0.03242 0.06822 0.03233 0.00861 0.02766 0.06319

# constant sites:     23 (13.69%)
ln Lmax (unconstrained) = -837.500517

AA distances (raw proportions of different sites)

A8ESI0         
A6Q1Z0           0.4940
B9LA46           0.4643  0.4226
Q30TD4           0.4405  0.4405  0.4405
B9KDP1           0.5000  0.4643  0.4524  0.4821
Q4HG51           0.5000  0.4405  0.4702  0.5119  0.2917
A6QBZ2           0.4226  0.4464  0.4226  0.4226  0.5119  0.4762
A7H563           0.4940  0.4286  0.4702  0.4940  0.2857  0.0893  0.4821
A8FKA1           0.5000  0.4286  0.4702  0.5000  0.2738  0.0833  0.4881  0.0238
D1B0D1           0.4583  0.4226  0.4583  0.4405  0.4345  0.4583  0.3988  0.4583  0.4643
Q2JNF7           0.6071  0.5119  0.6131  0.5952  0.5238  0.5476  0.6071  0.5476  0.5417  0.5655
Q7NN75           0.5952  0.5774  0.5893  0.6131  0.5595  0.5833  0.6190  0.5774  0.5774  0.5714  0.4226
Q7M7U8           0.4464  0.4345  0.4167  0.4762  0.4762  0.4345  0.3929  0.4405  0.4345  0.4524  0.5536  0.5476
Q4HT93           0.5476  0.4464  0.4881  0.5119  0.3036  0.2679  0.5238  0.2619  0.2440  0.4762  0.5536  0.5536  0.4881
Q4BX22           0.5714  0.5536  0.5833  0.5952  0.5774  0.5714  0.5833  0.5655  0.5655  0.5833  0.3929  0.4524  0.5595  0.5655
Q2JV16           0.6190  0.5417  0.6071  0.5774  0.5536  0.5774  0.6310  0.5774  0.5714  0.5774  0.1071  0.4524  0.5714  0.5714  0.3988
Q59989           0.5655  0.5655  0.6190  0.6071  0.5714  0.5774  0.6131  0.5893  0.5833  0.6071  0.3452  0.4345  0.5655  0.5595  0.2917  0.3631
B8HR17           0.5893  0.5357  0.5893  0.5714  0.5536  0.5536  0.5833  0.5595  0.5595  0.5714  0.3333  0.4286  0.5476  0.5536  0.3631  0.3393  0.2679
B4B1G9           0.5893  0.5357  0.5774  0.5952  0.5476  0.5536  0.5833  0.5655  0.5595  0.5595  0.4048  0.4405  0.5595  0.5476  0.2857  0.4167  0.3095  0.3631
B7KA80           0.5952  0.5357  0.5714  0.5833  0.5417  0.5357  0.5833  0.5536  0.5476  0.5714  0.4107  0.4464  0.5417  0.5238  0.2679  0.4226  0.3036  0.3452  0.1071
B9YFQ2           0.6071  0.5595  0.6012  0.5952  0.5833  0.5774  0.6012  0.5833  0.5774  0.5774  0.3810  0.4881  0.5595  0.5714  0.3274  0.3929  0.3810  0.3750  0.3274  0.3095
B1WYT7           0.5893  0.5655  0.5714  0.5893  0.5833  0.5833  0.5893  0.5833  0.5833  0.6012  0.3810  0.4524  0.5655  0.5714  0.0774  0.3929  0.2976  0.3810  0.2857  0.2798  0.3333
C7QNP8           0.6071  0.5357  0.6012  0.5893  0.5536  0.5655  0.6131  0.5536  0.5476  0.5774  0.3750  0.4405  0.5655  0.5595  0.2262  0.3988  0.2798  0.3274  0.2381  0.2560  0.3512  0.2143
B7K2R5           0.6071  0.5357  0.6012  0.5893  0.5536  0.5655  0.6131  0.5536  0.5476  0.5774  0.3750  0.4405  0.5655  0.5595  0.2262  0.3988  0.2798  0.3274  0.2381  0.2560  0.3512  0.2143  0.0000
B5W769           0.6131  0.5595  0.5774  0.5357  0.5833  0.5893  0.5714  0.5714  0.5774  0.5893  0.3810  0.4702  0.5536  0.5655  0.2857  0.3810  0.3155  0.3155  0.3274  0.2976  0.3393  0.2857  0.2976  0.2976
A3IRR0           0.5833  0.5536  0.5655  0.5952  0.5714  0.5655  0.5893  0.5655  0.5655  0.6012  0.3869  0.4524  0.5536  0.5774  0.1190  0.4048  0.3095  0.3869  0.2738  0.2798  0.3571  0.0714  0.2321  0.2321  0.3095
Q3M4P0           0.6190  0.5476  0.6012  0.5714  0.6071  0.5952  0.6071  0.5952  0.5952  0.5833  0.3750  0.4702  0.5595  0.5952  0.3274  0.3750  0.3631  0.3690  0.3393  0.3095  0.1607  0.3274  0.3512  0.3512  0.2738  0.3452
Q8YYK4           0.6190  0.5476  0.6012  0.5714  0.6071  0.5952  0.6071  0.5952  0.5952  0.5833  0.3750  0.4702  0.5595  0.5952  0.3274  0.3750  0.3631  0.3690  0.3393  0.3095  0.1607  0.3274  0.3512  0.3512  0.2738  0.3452  0.0060
B0JQ51           0.6012  0.5060  0.5714  0.5833  0.5595  0.5476  0.5714  0.5476  0.5536  0.5774  0.3631  0.4345  0.5774  0.5476  0.2679  0.3869  0.3274  0.3631  0.2321  0.2321  0.3810  0.2738  0.2619  0.2619  0.3095  0.2857  0.3631  0.3631
B0CDZ4           0.6012  0.5774  0.6190  0.5774  0.5714  0.5952  0.5893  0.5952  0.5952  0.5595  0.3750  0.4286  0.5893  0.5655  0.3750  0.4107  0.3750  0.3393  0.3988  0.3810  0.3929  0.3631  0.3571  0.3571  0.3631  0.3690  0.3750  0.3750  0.3988
B2JA15           0.6369  0.5655  0.6071  0.6012  0.6071  0.6012  0.5952  0.5952  0.5893  0.6012  0.3869  0.4762  0.5595  0.5893  0.3214  0.3988  0.3810  0.3571  0.3512  0.3095  0.1845  0.3214  0.3750  0.3750  0.2857  0.3333  0.1131  0.1131  0.3512  0.3631
A0Z9P1           0.6310  0.5595  0.5952  0.5833  0.5833  0.5833  0.5833  0.5893  0.5833  0.5714  0.3750  0.4762  0.5476  0.5774  0.3214  0.3929  0.3690  0.3571  0.3214  0.3155  0.1786  0.3393  0.3393  0.3393  0.2917  0.3452  0.1190  0.1190  0.3750  0.3512  0.1369
Q46HC4           0.6012  0.6012  0.6488  0.6012  0.6012  0.5774  0.6190  0.5893  0.5833  0.6071  0.5298  0.5298  0.6131  0.5417  0.5060  0.5417  0.5357  0.5298  0.5060  0.5060  0.4940  0.5000  0.5417  0.5417  0.5357  0.5000  0.4940  0.5000  0.5238  0.5357  0.4940  0.5179
Q110N1           0.6071  0.5595  0.5714  0.5774  0.5417  0.5774  0.5893  0.5655  0.5714  0.5774  0.4226  0.4762  0.5714  0.5595  0.3095  0.4107  0.3274  0.3571  0.3333  0.3214  0.2917  0.3095  0.3036  0.3036  0.2738  0.3214  0.2798  0.2798  0.3571  0.3452  0.2917  0.2976  0.5357
Q5N2J4           0.6190  0.5417  0.5952  0.5774  0.5298  0.5595  0.6012  0.5655  0.5536  0.5952  0.3155  0.4583  0.5595  0.5595  0.4048  0.3571  0.3929  0.3512  0.3988  0.3869  0.3631  0.3929  0.3690  0.3690  0.3631  0.3929  0.3631  0.3631  0.3929  0.3750  0.3690  0.3571  0.5238  0.3631
Q31RR0           0.6190  0.5417  0.5952  0.5774  0.5298  0.5595  0.6012  0.5655  0.5536  0.5952  0.3155  0.4583  0.5595  0.5595  0.4048  0.3571  0.3929  0.3512  0.3988  0.3869  0.3631  0.3929  0.3690  0.3690  0.3631  0.3929  0.3631  0.3631  0.3929  0.3750  0.3690  0.3571  0.5238  0.3631  0.0000
A0YJK0           0.5833  0.5417  0.5833  0.5476  0.5655  0.5714  0.5833  0.5655  0.5655  0.5893  0.3929  0.4643  0.5536  0.5476  0.2738  0.3869  0.2976  0.3333  0.2976  0.2738  0.2619  0.2917  0.2798  0.2798  0.1905  0.3214  0.2143  0.2143  0.3274  0.3095  0.2440  0.2143  0.5417  0.2202  0.3452  0.3452
Q31CT2           0.6190  0.6250  0.6190  0.6131  0.5774  0.5536  0.6786  0.5595  0.5536  0.6369  0.5774  0.6012  0.6190  0.5655  0.5417  0.5655  0.5833  0.5536  0.5298  0.5238  0.5417  0.5536  0.5714  0.5714  0.5714  0.5595  0.5298  0.5298  0.5655  0.5714  0.5298  0.5476  0.4702  0.5714  0.5179  0.5179  0.5417
A2C082           0.6071  0.6012  0.6429  0.6012  0.6012  0.5774  0.6190  0.5893  0.5833  0.6071  0.5298  0.5298  0.6131  0.5417  0.5060  0.5417  0.5357  0.5298  0.5060  0.5060  0.4940  0.5000  0.5417  0.5417  0.5417  0.5000  0.4940  0.5000  0.5298  0.5357  0.4940  0.5179  0.0179  0.5357  0.5238  0.5238  0.5417  0.4762
A3Z8K0           0.6667  0.6250  0.6667  0.5893  0.6012  0.6131  0.6190  0.6250  0.6190  0.5833  0.4286  0.5060  0.6071  0.6190  0.5060  0.4286  0.5298  0.4702  0.5000  0.5119  0.4702  0.5060  0.5298  0.5298  0.5119  0.5179  0.4702  0.4702  0.4881  0.4702  0.4643  0.4762  0.4167  0.4940  0.4464  0.4464  0.4821  0.5119  0.4226
A4CSZ0           0.6429  0.6369  0.6310  0.6071  0.5893  0.5833  0.6012  0.5893  0.5833  0.5952  0.4643  0.5179  0.5833  0.5774  0.5119  0.4762  0.5238  0.4762  0.5119  0.5119  0.5060  0.5119  0.5357  0.5357  0.4940  0.5060  0.4940  0.4940  0.5179  0.5119  0.4940  0.4940  0.4286  0.5060  0.4524  0.4524  0.4821  0.5119  0.4345  0.2619
A5GIH6           0.6488  0.6131  0.6250  0.6012  0.5774  0.5714  0.6071  0.5774  0.5714  0.5714  0.4464  0.4940  0.5833  0.5655  0.5000  0.4524  0.5238  0.4643  0.5000  0.4940  0.4881  0.5000  0.5357  0.5357  0.4762  0.5060  0.4762  0.4762  0.5000  0.4940  0.4762  0.4762  0.4167  0.4881  0.4464  0.4464  0.4702  0.5179  0.4226  0.2440  0.0714
A8G2Q9           0.6488  0.6429  0.6369  0.6310  0.6012  0.5714  0.6905  0.5893  0.5833  0.6488  0.5952  0.6190  0.6429  0.5774  0.5595  0.5833  0.5952  0.5833  0.5595  0.5476  0.5536  0.5595  0.5952  0.5952  0.5714  0.5714  0.5476  0.5476  0.5952  0.5893  0.5357  0.5595  0.4821  0.5714  0.5417  0.5417  0.5536  0.1310  0.4881  0.5357  0.5357  0.5357
A3PAX1           0.6310  0.6310  0.6429  0.6310  0.6012  0.5595  0.6726  0.5833  0.5774  0.6429  0.5833  0.6131  0.6250  0.5714  0.5476  0.5774  0.5833  0.5655  0.5536  0.5357  0.5417  0.5476  0.5833  0.5833  0.5595  0.5655  0.5417  0.5417  0.5774  0.5893  0.5298  0.5536  0.4821  0.5714  0.5476  0.5476  0.5357  0.1429  0.4881  0.5298  0.5238  0.5298  0.0833
A2CCI1           0.6607  0.6131  0.6369  0.6071  0.6012  0.6012  0.6250  0.6131  0.6071  0.6012  0.4762  0.5000  0.6131  0.6071  0.4881  0.4762  0.4821  0.4464  0.4702  0.4702  0.4821  0.4762  0.5000  0.5000  0.4583  0.4940  0.4405  0.4405  0.4762  0.4583  0.4643  0.4762  0.4345  0.4405  0.4226  0.4226  0.4464  0.5060  0.4345  0.2857  0.2976  0.2857  0.5238  0.5060
Q0IDC6           0.6548  0.6131  0.6369  0.6071  0.5893  0.5774  0.6190  0.5774  0.5714  0.5833  0.4286  0.5000  0.6012  0.5595  0.4940  0.4405  0.5179  0.4881  0.4821  0.5000  0.4940  0.4881  0.5119  0.5119  0.4881  0.4940  0.4762  0.4762  0.4821  0.4821  0.4821  0.4881  0.4405  0.4940  0.4345  0.4345  0.4702  0.5000  0.4464  0.2202  0.1964  0.1845  0.5238  0.5060  0.2798
Q3AUQ0           0.6726  0.6012  0.6310  0.6131  0.6071  0.6012  0.6310  0.6131  0.6071  0.6190  0.4643  0.5357  0.6190  0.6071  0.4762  0.4821  0.4940  0.4643  0.4643  0.4643  0.4940  0.4643  0.5060  0.5060  0.4762  0.4881  0.4821  0.4821  0.4702  0.4762  0.4583  0.4881  0.4702  0.4881  0.4524  0.4524  0.4643  0.5119  0.4762  0.2738  0.2976  0.2798  0.5298  0.5238  0.2560  0.2500
Q05QQ7           0.6726  0.6071  0.6369  0.5952  0.5833  0.6012  0.6190  0.6071  0.6012  0.5774  0.4286  0.4881  0.6012  0.5893  0.5060  0.4405  0.5179  0.4821  0.4881  0.5000  0.4821  0.5000  0.5119  0.5119  0.4821  0.5060  0.4643  0.4643  0.4881  0.4643  0.4643  0.4583  0.4167  0.4821  0.3988  0.3988  0.4762  0.5179  0.4286  0.1845  0.2143  0.1964  0.5238  0.5238  0.2560  0.2083  0.2798
Q7U9I5           0.6548  0.6012  0.6310  0.6071  0.6190  0.5893  0.6190  0.5952  0.5893  0.6190  0.4345  0.4940  0.5893  0.5774  0.4881  0.4464  0.4881  0.4524  0.4702  0.4643  0.4881  0.4762  0.5119  0.5119  0.4643  0.5000  0.4762  0.4762  0.4702  0.4881  0.4583  0.4762  0.4464  0.4881  0.4524  0.4524  0.4583  0.5238  0.4524  0.2738  0.3036  0.2798  0.5417  0.5357  0.2440  0.2381  0.1786  0.2679
A2BP49           0.6488  0.6429  0.6548  0.6190  0.6012  0.5774  0.6845  0.5952  0.5893  0.6488  0.5893  0.6131  0.6429  0.5774  0.5417  0.5833  0.5833  0.5655  0.5476  0.5298  0.5357  0.5536  0.5774  0.5774  0.5536  0.5714  0.5417  0.5417  0.5774  0.5893  0.5298  0.5536  0.4881  0.5595  0.5417  0.5417  0.5417  0.1369  0.4940  0.5298  0.5417  0.5417  0.0833  0.0774  0.5179  0.5119  0.5298  0.5179  0.5357
Q7V4V4           0.6667  0.6131  0.6369  0.6131  0.6012  0.6012  0.6310  0.6131  0.6071  0.6071  0.4821  0.5060  0.6190  0.6071  0.4940  0.4821  0.4881  0.4524  0.4762  0.4762  0.4881  0.4821  0.5060  0.5060  0.4643  0.4881  0.4464  0.4464  0.4821  0.4643  0.4702  0.4821  0.4405  0.4464  0.4286  0.4286  0.4524  0.5119  0.4405  0.2917  0.2976  0.2857  0.5298  0.5119  0.0179  0.2857  0.2619  0.2619  0.2500  0.5238
B1XJ62           0.6190  0.5476  0.6012  0.5952  0.5298  0.5298  0.5952  0.5417  0.5357  0.5893  0.3512  0.4345  0.5655  0.5179  0.2976  0.3869  0.2857  0.3155  0.3155  0.2738  0.3512  0.2976  0.2976  0.2976  0.2738  0.2976  0.3452  0.3452  0.3095  0.3571  0.3512  0.3333  0.5357  0.3333  0.3274  0.3274  0.2976  0.5655  0.5357  0.4762  0.4524  0.4464  0.5655  0.5655  0.4524  0.4643  0.4345  0.4524  0.4464  0.5595  0.4524
Q061F4           0.6726  0.6012  0.6250  0.6190  0.6071  0.6012  0.6250  0.6131  0.6071  0.6190  0.4643  0.5357  0.6190  0.6071  0.4762  0.4821  0.4940  0.4643  0.4643  0.4643  0.5000  0.4583  0.5060  0.5060  0.4762  0.4821  0.4881  0.4881  0.4762  0.4762  0.4643  0.4940  0.4762  0.4881  0.4524  0.4524  0.4643  0.5119  0.4821  0.2738  0.2976  0.2798  0.5298  0.5238  0.2560  0.2500  0.0179  0.2798  0.1726  0.5298  0.2619  0.4345
A2BUN1           0.6429  0.6310  0.6488  0.6369  0.5893  0.5833  0.6964  0.5893  0.5774  0.6667  0.5952  0.6369  0.6429  0.5774  0.5655  0.6012  0.5952  0.6071  0.5655  0.5476  0.5476  0.5774  0.5952  0.5952  0.5595  0.5893  0.5595  0.5595  0.5833  0.5833  0.5298  0.5655  0.4940  0.5595  0.6012  0.6012  0.5536  0.2619  0.5000  0.5774  0.5714  0.5655  0.2679  0.2798  0.5655  0.5655  0.5774  0.5595  0.5714  0.2500  0.5714  0.5833  0.5774
Q8DJ45           0.6190  0.5595  0.6071  0.6071  0.5833  0.5536  0.6429  0.5774  0.5655  0.6012  0.4167  0.5060  0.5655  0.5774  0.4345  0.4405  0.4762  0.4107  0.4702  0.4464  0.4643  0.4583  0.4583  0.4583  0.4702  0.4583  0.4524  0.4524  0.4762  0.4524  0.4583  0.4643  0.5536  0.4643  0.4107  0.4107  0.4583  0.6071  0.5536  0.5179  0.5119  0.5119  0.6250  0.6190  0.5119  0.5000  0.5060  0.5000  0.5000  0.6190  0.5179  0.4107  0.5000  0.6190
A3YXH2           0.6369  0.6250  0.6190  0.6012  0.5774  0.5893  0.6190  0.5952  0.5893  0.5893  0.4524  0.4940  0.5952  0.5952  0.4643  0.4583  0.4821  0.4583  0.4286  0.4286  0.4583  0.4702  0.4821  0.4821  0.4464  0.4762  0.4464  0.4464  0.4524  0.4464  0.4702  0.4405  0.4405  0.4643  0.4107  0.4107  0.4345  0.5119  0.4464  0.2917  0.2738  0.2381  0.5238  0.5179  0.2798  0.2738  0.3155  0.2619  0.3036  0.5119  0.2857  0.4345  0.3155  0.5655  0.5060
A9BDM0           0.6488  0.6012  0.6429  0.6190  0.5774  0.5774  0.6250  0.5952  0.5833  0.5952  0.4821  0.5476  0.6131  0.5774  0.5000  0.4881  0.5179  0.5060  0.5000  0.4821  0.4762  0.4940  0.5119  0.5119  0.4821  0.5119  0.4524  0.4524  0.5060  0.5357  0.4464  0.5000  0.4286  0.4762  0.4881  0.4881  0.4702  0.5000  0.4345  0.3869  0.3869  0.3750  0.5179  0.4940  0.3631  0.3810  0.3988  0.3750  0.4167  0.5060  0.3690  0.4881  0.3988  0.5179  0.5357  0.4107
Q3AMZ1           0.6726  0.6131  0.6429  0.6071  0.6071  0.6190  0.6429  0.6190  0.6131  0.6190  0.4762  0.5238  0.6190  0.6190  0.4940  0.4762  0.4940  0.4762  0.4881  0.4821  0.5119  0.4762  0.5179  0.5179  0.4821  0.4881  0.4881  0.4881  0.5000  0.4821  0.4821  0.5060  0.4524  0.4940  0.4702  0.4702  0.4702  0.5357  0.4583  0.2917  0.3155  0.2798  0.5536  0.5476  0.2560  0.2619  0.1488  0.2917  0.1726  0.5476  0.2619  0.4702  0.1488  0.5833  0.5060  0.2976  0.4107
P56077           0.5536  0.5655  0.5833  0.5774  0.5298  0.5238  0.5536  0.5238  0.5179  0.5833  0.6131  0.6429  0.5119  0.5655  0.6250  0.6310  0.6190  0.6131  0.6250  0.6190  0.6310  0.6250  0.6310  0.6310  0.6488  0.6250  0.6250  0.6250  0.6190  0.6607  0.6429  0.6310  0.6190  0.6250  0.6131  0.6131  0.6369  0.6488  0.6250  0.6250  0.6369  0.6310  0.6667  0.6548  0.6250  0.5952  0.6369  0.6131  0.6429  0.6548  0.6310  0.6012  0.6429  0.6786  0.5893  0.6310  0.6071  0.6310
Q7V342           0.6667  0.6250  0.6726  0.6607  0.6190  0.6012  0.7024  0.6071  0.5952  0.6786  0.6071  0.6369  0.6726  0.5833  0.5833  0.5952  0.6012  0.6131  0.5893  0.5714  0.5655  0.5952  0.6131  0.6131  0.5893  0.6131  0.5774  0.5774  0.5952  0.6012  0.5536  0.5833  0.5000  0.5833  0.5893  0.5893  0.5655  0.2619  0.5060  0.5655  0.5774  0.5833  0.2738  0.2560  0.5536  0.5595  0.5655  0.5714  0.5714  0.2679  0.5595  0.5893  0.5655  0.1607  0.6190  0.5714  0.5298  0.5774  0.6845
A5GWI4           0.6310  0.6012  0.6310  0.5833  0.6012  0.6012  0.6131  0.5952  0.6012  0.5655  0.4583  0.5119  0.5893  0.5952  0.4702  0.4524  0.5060  0.4524  0.4821  0.4762  0.4940  0.4762  0.5238  0.5238  0.4345  0.4940  0.4345  0.4345  0.4583  0.4583  0.4524  0.4583  0.4583  0.4762  0.4524  0.4524  0.4405  0.5238  0.4643  0.2976  0.3214  0.2917  0.5476  0.5417  0.2798  0.2976  0.3036  0.2976  0.2917  0.5417  0.2798  0.4405  0.3036  0.5833  0.5238  0.2798  0.4048  0.2857  0.5952  0.5833
B7MTY8           0.6131  0.5714  0.6310  0.5833  0.6012  0.6369  0.5952  0.6429  0.6310  0.6190  0.5536  0.5536  0.5833  0.6310  0.5774  0.5476  0.6131  0.5774  0.6131  0.5952  0.5655  0.5774  0.5952  0.5952  0.5893  0.5893  0.5476  0.5476  0.6012  0.5893  0.5893  0.5595  0.5655  0.5893  0.5357  0.5357  0.5774  0.6310  0.5655  0.5655  0.5714  0.5655  0.6488  0.6310  0.5357  0.5655  0.5893  0.5476  0.6012  0.6369  0.5417  0.5774  0.5952  0.6548  0.5714  0.5774  0.5595  0.5833  0.5952  0.6369  0.5595
P0A7D1           0.6131  0.5714  0.6310  0.5833  0.6012  0.6369  0.5952  0.6429  0.6310  0.6190  0.5536  0.5536  0.5833  0.6310  0.5774  0.5476  0.6131  0.5774  0.6131  0.5952  0.5655  0.5774  0.5952  0.5952  0.5893  0.5893  0.5476  0.5476  0.6012  0.5893  0.5893  0.5595  0.5655  0.5893  0.5357  0.5357  0.5774  0.6310  0.5655  0.5655  0.5714  0.5655  0.6488  0.6310  0.5357  0.5655  0.5893  0.5476  0.6012  0.6369  0.5417  0.5774  0.5952  0.6548  0.5714  0.5774  0.5595  0.5833  0.5952  0.6369  0.5595  0.0000
B7LSI6           0.6012  0.5595  0.6190  0.5714  0.5952  0.6310  0.5952  0.6369  0.6250  0.6250  0.5536  0.5595  0.5714  0.6190  0.5655  0.5476  0.6012  0.5833  0.6012  0.5893  0.5595  0.5655  0.5774  0.5774  0.5714  0.5833  0.5417  0.5417  0.5893  0.6012  0.5893  0.5595  0.5714  0.5774  0.5476  0.5476  0.5714  0.6310  0.5714  0.5833  0.5952  0.5893  0.6488  0.6310  0.5536  0.5714  0.5893  0.5655  0.6131  0.6369  0.5595  0.5774  0.5952  0.6429  0.5655  0.5833  0.5714  0.6012  0.5893  0.6250  0.5714  0.0476  0.0476
Q7VDT7           0.6488  0.5893  0.6369  0.6310  0.5714  0.5714  0.6190  0.5833  0.5774  0.6131  0.5179  0.5536  0.6071  0.5952  0.5060  0.5357  0.5357  0.5179  0.5060  0.5179  0.5119  0.5298  0.5238  0.5238  0.5179  0.5357  0.5238  0.5238  0.4940  0.5417  0.5000  0.5179  0.4405  0.4940  0.5119  0.5119  0.5060  0.5060  0.4405  0.4345  0.4464  0.4345  0.5179  0.5060  0.3988  0.4167  0.4524  0.3988  0.4583  0.5000  0.4048  0.5000  0.4524  0.5119  0.5714  0.4345  0.3631  0.4762  0.6250  0.5476  0.4464  0.5595  0.5595  0.5595


TREE #  1:  (64, (63, 62), (((13, (10, ((7, (1, 4)), (2, 3)))), (59, (5, (14, (6, (8, 9)))))), (12, (((38, ((54, 60), (50, (44, 43)))), (((((46, (41, 42)), (40, 48)), ((45, 51), (49, (58, (47, 53))))), (56, 61)), ((33, 39), (57, 65)))), ((11, 16), ((55, (35, 36)), (18, (30, ((((25, (37, (34, ((27, 28), (32, (21, 31)))))), (((23, 24), (15, (22, 26))), (29, (19, 20)))), 52), 17)))))))));   MP score: 1940
lnL(ntime: 63  np: 64):  -9795.610669      +0.000000
  66..64   66..67   67..63   67..62   66..68   68..69   69..70   70..13   70..71   71..10   71..72   72..73   73..7    73..74   74..1    74..4    72..75   75..2    75..3    69..76   76..59   76..77   77..5    77..78   78..14   78..79   79..6    79..80   80..8    80..9    68..81   81..12   81..82   82..83   83..84   84..38   84..85   85..86   86..54   86..60   85..87   87..50   87..88   88..44   88..43   83..89   89..90   90..91   91..92   92..93   93..46   93..94   94..41   94..42   92..95   95..40   95..48   91..96   96..97   97..45   97..51   96..98   98..49   98..99   99..58   99..100 100..47  100..53   90..101 101..56  101..61   89..102 102..103 103..33  103..39  102..104 104..57  104..65   82..105 105..106 106..11  106..16  105..107 107..108 108..55  108..109 109..35  109..36  107..110 110..18  110..111 111..30  111..112 112..113 113..114 114..115 115..25  115..116 116..37  116..117 117..34  117..118 118..119 119..27  119..28  118..120 120..32  120..121 121..21  121..31  114..122 122..123 123..124 124..23  124..24  123..125 125..15  125..126 126..22  126..26  122..127 127..29  127..128 128..19  128..20  113..52  112..17 
 1.321055 0.000001 1.062755 0.824586 0.692508 0.622399 0.593622 0.504028 0.444504 0.443402 0.755421 0.309388 0.212600 0.062524 0.015141 0.866336 0.839054 0.706692 0.177387 0.169214 0.073717 0.066608 0.053710 0.550385 0.339798 0.318974 0.229354 0.164667 0.044602 0.162414 0.272243 0.010927 0.137311 0.109630 0.012258 0.275587 0.511765 0.009911 0.394528 0.548027 0.080684 0.538750 0.482404 0.000000 0.455594 0.435092 0.381809 0.381809 0.340593 0.270818 0.216488 0.216488 0.100615 0.004088 0.092137 0.086581 0.261793 0.185735 0.000000 0.063841 0.036970 0.191386 0.070888 0.688001

tree length =  22.44571

(64: 1.321055, (63: 0.000001, 62: 0.000001): 1.321054, (((13: 0.692508, (10: 0.622399, ((7: 0.504028, (1: 0.444504, 4: 0.444504): 0.059524): 0.089594, (2: 0.443402, 3: 0.443402): 0.150220): 0.028776): 0.070109): 0.132079, (59: 0.755421, (5: 0.309388, (14: 0.212600, (6: 0.062524, (8: 0.015141, 9: 0.015141): 0.047383): 0.150076): 0.096788): 0.446033): 0.069165): 0.238169, (12: 0.866336, (((38: 0.177387, ((54: 0.073717, 60: 0.073717): 0.095497, (50: 0.066608, (44: 0.053710, 43: 0.053710): 0.012898): 0.102606): 0.008174): 0.529304, (((((46: 0.164667, (41: 0.044602, 42: 0.044602): 0.120065): 0.064687, (40: 0.162414, 48: 0.162414): 0.066940): 0.089620, ((45: 0.010927, 51: 0.010927): 0.261317, (49: 0.137311, (58: 0.109630, (47: 0.012258, 53: 0.012258): 0.097372): 0.027681): 0.134933): 0.046731): 0.020823, (56: 0.275587, 61: 0.275587): 0.064211): 0.210587, ((33: 0.009911, 39: 0.009911): 0.501854, (57: 0.394528, 65: 0.394528): 0.117237): 0.038619): 0.156307): 0.132363, ((11: 0.080684, 16: 0.080684): 0.467342, ((55: 0.482404, (35: 0.000000, 36: 0.000000): 0.482404): 0.056345, (18: 0.455594, (30: 0.435092, ((((25: 0.270818, (37: 0.216488, (34: 0.216488, ((27: 0.004088, 28: 0.004088): 0.096527, (32: 0.092137, (21: 0.086581, 31: 0.086581): 0.005557): 0.008478): 0.115873): 0.000000): 0.054330): 0.069775, (((23: 0.000000, 24: 0.000000): 0.185735, (15: 0.063841, (22: 0.036970, 26: 0.036970): 0.026871): 0.121894): 0.076058, (29: 0.191386, (19: 0.070888, 20: 0.070888): 0.120498): 0.070407): 0.078799): 0.041216, 52: 0.381809): 0.000000, 17: 0.381809): 0.053282): 0.020502): 0.083156): 0.009277): 0.291028): 0.027281): 0.196419): 0.258300);

(B7LSI6: 1.321055, (P0A7D1: 0.000001, B7MTY8: 0.000001): 1.321054, (((Q7M7U8: 0.692508, (D1B0D1: 0.622399, ((A6QBZ2: 0.504028, (A8ESI0: 0.444504, Q30TD4: 0.444504): 0.059524): 0.089594, (A6Q1Z0: 0.443402, B9LA46: 0.443402): 0.150220): 0.028776): 0.070109): 0.132079, (P56077: 0.755421, (B9KDP1: 0.309388, (Q4HT93: 0.212600, (Q4HG51: 0.062524, (A7H563: 0.015141, A8FKA1: 0.015141): 0.047383): 0.150076): 0.096788): 0.446033): 0.069165): 0.238169, (Q7NN75: 0.866336, (((Q31CT2: 0.177387, ((A2BUN1: 0.073717, Q7V342: 0.073717): 0.095497, (A2BP49: 0.066608, (A3PAX1: 0.053710, A8G2Q9: 0.053710): 0.012898): 0.102606): 0.008174): 0.529304, (((((Q0IDC6: 0.164667, (A4CSZ0: 0.044602, A5GIH6: 0.044602): 0.120065): 0.064687, (A3Z8K0: 0.162414, Q05QQ7: 0.162414): 0.066940): 0.089620, ((A2CCI1: 0.010927, Q7V4V4: 0.010927): 0.261317, (Q7U9I5: 0.137311, (Q3AMZ1: 0.109630, (Q3AUQ0: 0.012258, Q061F4: 0.012258): 0.097372): 0.027681): 0.134933): 0.046731): 0.020823, (A3YXH2: 0.275587, A5GWI4: 0.275587): 0.064211): 0.210587, ((Q46HC4: 0.009911, A2C082: 0.009911): 0.501854, (A9BDM0: 0.394528, Q7VDT7: 0.394528): 0.117237): 0.038619): 0.156307): 0.132363, ((Q2JNF7: 0.080684, Q2JV16: 0.080684): 0.467342, ((Q8DJ45: 0.482404, (Q5N2J4: 0.000000, Q31RR0: 0.000000): 0.482404): 0.056345, (B8HR17: 0.455594, (B0CDZ4: 0.435092, ((((B5W769: 0.270818, (A0YJK0: 0.216488, (Q110N1: 0.216488, ((Q3M4P0: 0.004088, Q8YYK4: 0.004088): 0.096527, (A0Z9P1: 0.092137, (B9YFQ2: 0.086581, B2JA15: 0.086581): 0.005557): 0.008478): 0.115873): 0.000000): 0.054330): 0.069775, (((C7QNP8: 0.000000, B7K2R5: 0.000000): 0.185735, (Q4BX22: 0.063841, (B1WYT7: 0.036970, A3IRR0: 0.036970): 0.026871): 0.121894): 0.076058, (B0JQ51: 0.191386, (B4B1G9: 0.070888, B7KA80: 0.070888): 0.120498): 0.070407): 0.078799): 0.041216, B1XJ62: 0.381809): 0.000000, Q59989: 0.381809): 0.053282): 0.020502): 0.083156): 0.009277): 0.291028): 0.027281): 0.196419): 0.258300);

(64_B7LSI6, (63_P0A7D1, 62_B7MTY8) 67 , (((13_Q7M7U8, (10_D1B0D1, ((7_A6QBZ2, (1_A8ESI0, 4_Q30TD4) 74 ) 73 , (2_A6Q1Z0, 3_B9LA46) 75 ) 72 ) 71 ) 70 , (59_P56077, (5_B9KDP1, (14_Q4HT93, (6_Q4HG51, (8_A7H563, 9_A8FKA1) 80 ) 79 ) 78 ) 77 ) 76 ) 69 , (12_Q7NN75, (((38_Q31CT2, ((54_A2BUN1, 60_Q7V342) 86 , (50_A2BP49, (44_A3PAX1, 43_A8G2Q9) 88 ) 87 ) 85 ) 84 , (((((46_Q0IDC6, (41_A4CSZ0, 42_A5GIH6) 94 ) 93 , (40_A3Z8K0, 48_Q05QQ7) 95 ) 92 , ((45_A2CCI1, 51_Q7V4V4) 97 , (49_Q7U9I5, (58_Q3AMZ1, (47_Q3AUQ0, 53_Q061F4) 100 ) 99 ) 98 ) 96 ) 91 , (56_A3YXH2, 61_A5GWI4) 101 ) 90 , ((33_Q46HC4, 39_A2C082) 103 , (57_A9BDM0, 65_Q7VDT7) 104 ) 102 ) 89 ) 83 , ((11_Q2JNF7, 16_Q2JV16) 106 , ((55_Q8DJ45, (35_Q5N2J4, 36_Q31RR0) 109 ) 108 , (18_B8HR17, (30_B0CDZ4, ((((25_B5W769, (37_A0YJK0, (34_Q110N1, ((27_Q3M4P0, 28_Q8YYK4) 119 , (32_A0Z9P1, (21_B9YFQ2, 31_B2JA15) 121 ) 120 ) 118 ) 117 ) 116 ) 115 , (((23_C7QNP8, 24_B7K2R5) 124 , (15_Q4BX22, (22_B1WYT7, 26_A3IRR0) 126 ) 125 ) 123 , (29_B0JQ51, (19_B4B1G9, 20_B7KA80) 128 ) 127 ) 122 ) 114 , 52_B1XJ62) 113 , 17_Q59989) 112 ) 111 ) 110 ) 107 ) 105 ) 82 ) 81 ) 68 ) 66 ;

Detailed output identifying parameters

alpha (gamma, K = 4) =  0.68800
rate:   0.07163  0.35781  0.92034  2.65022
freq:   0.25000  0.25000  0.25000  0.25000

Time used:  4:14
