AAML (in paml version 4.6, August 2012)  230.aa
Model: Empirical for branches,  (../../../bin/LG.dat) dGamma (ncatG=4) ns =  65  ls = 541


Frequencies..
                                    A      R      N      D      C      Q      E      G      H      I      L      K      M      F      P      S      T      W      Y      V
A8ESX8                         0.05730 0.04436 0.05730 0.06839 0.00739 0.04067 0.08503 0.02403 0.01848 0.10351 0.10351 0.12200 0.01848 0.04991 0.02588 0.05545 0.03327 0.00555 0.04621 0.03327
A6Q4P2                         0.06654 0.05545 0.03697 0.05545 0.00555 0.05176 0.07948 0.03882 0.02588 0.07394 0.11091 0.11275 0.01479 0.04991 0.03512 0.06100 0.02773 0.00185 0.04436 0.05176
B9L9T8                         0.05915 0.04067 0.03882 0.06654 0.00370 0.04067 0.08503 0.03882 0.01294 0.09242 0.09612 0.12200 0.01664 0.04621 0.03142 0.07024 0.03697 0.00555 0.04436 0.05176
Q30TI2                         0.06285 0.05360 0.03697 0.06839 0.00924 0.03142 0.07394 0.03512 0.02218 0.09057 0.11645 0.10166 0.01848 0.04067 0.02403 0.09242 0.02773 0.00185 0.04806 0.04436
Q7M8K0                         0.06285 0.08133 0.01479 0.04436 0.00924 0.03327 0.11460 0.05360 0.02403 0.07209 0.14972 0.09057 0.01479 0.03697 0.03882 0.06470 0.02403 0.00185 0.03882 0.02957
A6QBI9                         0.08872 0.05545 0.03512 0.06839 0.00739 0.03882 0.07024 0.04251 0.02033 0.08872 0.09982 0.10166 0.01848 0.02773 0.03142 0.05915 0.04251 0.00924 0.04991 0.04436
D1B010                         0.09797 0.04067 0.02588 0.03882 0.00370 0.04251 0.07948 0.03882 0.04251 0.06285 0.13494 0.10351 0.02218 0.04806 0.02773 0.06470 0.04067 0.00370 0.03697 0.04436
P56428                         0.06654 0.04436 0.04991 0.04806 0.01294 0.04436 0.07763 0.03327 0.01848 0.08688 0.12200 0.11460 0.02773 0.04251 0.03327 0.07394 0.02773 0.00370 0.04067 0.03142
B9KFL1                         0.05360 0.03327 0.07024 0.06654 0.00555 0.05360 0.06654 0.03142 0.02218 0.08688 0.12200 0.12015 0.01109 0.05360 0.02588 0.06285 0.03512 0.00185 0.05545 0.02218
Q4HH51                         0.07579 0.03882 0.06100 0.05730 0.01294 0.04251 0.08133 0.03142 0.01479 0.08318 0.12015 0.11275 0.01294 0.05360 0.02588 0.05915 0.02403 0.00370 0.04621 0.04251
A8FMV1                         0.06285 0.04067 0.06285 0.06285 0.00555 0.03882 0.07763 0.02957 0.01848 0.08503 0.12569 0.11275 0.01848 0.05176 0.02773 0.05915 0.02033 0.00555 0.04436 0.04991
A7H2D5                         0.06470 0.03512 0.05915 0.06285 0.00555 0.03882 0.07209 0.03142 0.01848 0.08133 0.12939 0.12569 0.01664 0.05176 0.02773 0.05915 0.02218 0.00555 0.04436 0.04806
Q4HSA4                         0.06470 0.03142 0.06285 0.04806 0.01109 0.03512 0.08872 0.03512 0.02588 0.08318 0.13124 0.13124 0.01294 0.04436 0.02218 0.06100 0.02403 0.00370 0.04991 0.03327
Q4C1G9                         0.06285 0.07948 0.03327 0.05545 0.00739 0.07948 0.06285 0.05545 0.02773 0.07948 0.11645 0.06285 0.00924 0.03327 0.04991 0.04991 0.03327 0.00185 0.03882 0.06100
A3INH9                         0.06100 0.07948 0.02403 0.05915 0.00555 0.08133 0.06654 0.05176 0.02773 0.07763 0.10906 0.05730 0.01109 0.03512 0.05360 0.06285 0.02957 0.00185 0.03882 0.06654
Q2JM21                         0.08503 0.09797 0.01848 0.06654 0.00924 0.07579 0.07209 0.04436 0.02218 0.05730 0.12015 0.05176 0.01479 0.02588 0.05545 0.05360 0.02957 0.00185 0.03882 0.05915
B1XMR2                         0.07579 0.08872 0.02218 0.06100 0.00739 0.07948 0.06654 0.05176 0.03512 0.06470 0.10906 0.06285 0.02033 0.03327 0.04251 0.04991 0.02773 0.00185 0.04067 0.05915
B4B583                         0.07209 0.08503 0.02218 0.05915 0.00739 0.07394 0.07579 0.04806 0.02403 0.07209 0.10906 0.06285 0.01479 0.03882 0.04067 0.05730 0.02773 0.00370 0.03697 0.06839
B7K9M5                         0.07209 0.08872 0.02588 0.06654 0.00739 0.06654 0.07394 0.04806 0.02403 0.07209 0.10721 0.05545 0.02033 0.03512 0.04621 0.05730 0.03327 0.00370 0.03512 0.06100
B1WWR0                         0.06654 0.07948 0.02588 0.06100 0.00555 0.08318 0.06100 0.05360 0.02957 0.07579 0.11645 0.05915 0.00924 0.03327 0.04991 0.05730 0.02403 0.00185 0.04067 0.06654
P73580                         0.07394 0.09057 0.02033 0.04991 0.00555 0.09612 0.07394 0.04806 0.02218 0.06470 0.11645 0.05730 0.01109 0.03697 0.04436 0.05360 0.03327 0.00370 0.03142 0.06654
B0C2T9                         0.07579 0.09612 0.01664 0.06654 0.00924 0.07579 0.07209 0.04436 0.02773 0.07024 0.12384 0.05176 0.01479 0.03142 0.05360 0.04806 0.02773 0.00185 0.03327 0.05915
Q46L08                         0.03697 0.08688 0.04621 0.06100 0.00924 0.05730 0.07024 0.04251 0.01479 0.08688 0.10906 0.07394 0.02033 0.03697 0.03327 0.08688 0.02773 0.00555 0.03142 0.06285
C7QMK2                         0.07024 0.08872 0.02218 0.05730 0.00739 0.07579 0.07763 0.04991 0.02403 0.07579 0.11091 0.05915 0.01294 0.03327 0.04621 0.05176 0.03327 0.00370 0.03882 0.06100
B7K124                         0.07024 0.08872 0.02218 0.05730 0.00739 0.07579 0.07763 0.04991 0.02403 0.07579 0.11091 0.05915 0.01294 0.03327 0.04621 0.05176 0.03327 0.00370 0.03882 0.06100
Q2JXP8                         0.08872 0.09982 0.01664 0.05545 0.00924 0.08318 0.07948 0.04621 0.01479 0.05360 0.12015 0.05360 0.01479 0.02588 0.05915 0.04991 0.02403 0.00185 0.04251 0.06100
Q7V1I9                         0.02957 0.07579 0.05730 0.05915 0.00739 0.04806 0.07763 0.04067 0.01294 0.10166 0.10536 0.08503 0.01664 0.04067 0.03512 0.08688 0.03697 0.00555 0.03882 0.03882
A2C249                         0.03697 0.08688 0.04806 0.06100 0.00924 0.05545 0.07209 0.04067 0.01479 0.08688 0.10906 0.07394 0.02033 0.03697 0.03327 0.08688 0.02773 0.00555 0.03142 0.06285
Q10Z79                         0.06100 0.09057 0.03512 0.05915 0.00555 0.05730 0.08872 0.04991 0.02957 0.07948 0.10166 0.06654 0.02033 0.03512 0.04067 0.04436 0.03142 0.00185 0.03327 0.06839
B8HSX6                         0.08688 0.09612 0.02033 0.06285 0.00555 0.06654 0.08503 0.05176 0.01848 0.06654 0.11275 0.04991 0.01479 0.03512 0.05545 0.04436 0.03512 0.00185 0.03512 0.05545
B9YP50                         0.07394 0.07763 0.01848 0.06285 0.01109 0.07948 0.08133 0.04251 0.02403 0.07763 0.10536 0.06470 0.01479 0.02957 0.04067 0.05545 0.04436 0.00185 0.03512 0.05915
B0JFQ0                         0.06470 0.09057 0.02218 0.05915 0.00924 0.07209 0.08503 0.05176 0.02403 0.06100 0.12569 0.05730 0.01109 0.03697 0.04436 0.05730 0.03142 0.00185 0.03327 0.06100
Q7NFD4                         0.09427 0.09797 0.01664 0.06100 0.00555 0.04991 0.07763 0.06100 0.03142 0.06100 0.11645 0.04806 0.01848 0.02957 0.04991 0.05176 0.04067 0.00185 0.02957 0.05730
A0ZE84                         0.08503 0.08872 0.02218 0.06470 0.00555 0.07763 0.07579 0.04621 0.02957 0.07579 0.10351 0.05360 0.01109 0.03327 0.04436 0.05176 0.03697 0.00185 0.03142 0.06100
B2J6D3                         0.08318 0.08872 0.02403 0.06839 0.00739 0.07209 0.07209 0.04251 0.02773 0.07763 0.09982 0.05915 0.01294 0.03327 0.04806 0.05176 0.03882 0.00185 0.03327 0.05730
A0YHZ1                         0.06839 0.08688 0.02957 0.06654 0.00555 0.07209 0.07394 0.04621 0.02218 0.07948 0.10351 0.05545 0.01479 0.03697 0.04621 0.05730 0.03697 0.00185 0.04067 0.05545
B5W9W2                         0.05915 0.08318 0.03327 0.06654 0.00370 0.07948 0.05730 0.05360 0.03697 0.07209 0.11091 0.05730 0.02033 0.03327 0.04806 0.05176 0.03512 0.00185 0.03327 0.06285
Q8DI39                         0.09242 0.10536 0.01294 0.06285 0.00370 0.09057 0.06100 0.04806 0.02588 0.05730 0.12939 0.03512 0.00924 0.03327 0.05915 0.04067 0.03142 0.00185 0.03512 0.06470
Q3M542                         0.09242 0.08872 0.01664 0.06285 0.00555 0.07579 0.07948 0.04251 0.02773 0.07948 0.09612 0.05730 0.01109 0.03327 0.04806 0.05176 0.03327 0.00185 0.03512 0.06100
A2BR52                         0.03142 0.07579 0.04991 0.06839 0.00739 0.04436 0.07394 0.03882 0.01294 0.10351 0.10721 0.09797 0.01664 0.03512 0.03512 0.09057 0.02773 0.00555 0.03882 0.03882
Q31AW7                         0.03327 0.07579 0.04991 0.06839 0.00739 0.04621 0.07209 0.03882 0.01479 0.10351 0.10351 0.09612 0.01664 0.03512 0.03327 0.09057 0.02773 0.00555 0.04067 0.04067
A3PCX5                         0.03142 0.07579 0.04806 0.06839 0.00739 0.04621 0.07209 0.03882 0.01294 0.10351 0.10536 0.09982 0.01664 0.03512 0.03512 0.09057 0.02773 0.00555 0.03882 0.04067
Q0IAF4                         0.07579 0.11460 0.01294 0.07394 0.00924 0.08318 0.06839 0.04067 0.02588 0.05360 0.12015 0.04067 0.02403 0.03697 0.04436 0.05730 0.02033 0.00555 0.02588 0.06654
B7LPF5                         0.08503 0.07209 0.02957 0.04806 0.00924 0.05360 0.06654 0.07948 0.02403 0.04806 0.10536 0.06100 0.01848 0.04067 0.03327 0.05730 0.05545 0.00185 0.03512 0.07579
B7MWA0                         0.08133 0.07024 0.03142 0.04991 0.00924 0.05360 0.06654 0.07763 0.02403 0.04806 0.10536 0.06100 0.01848 0.04067 0.03512 0.06100 0.05360 0.00185 0.03512 0.07579
P0A8G0                         0.08133 0.07024 0.03142 0.04991 0.00924 0.05360 0.06654 0.07763 0.02403 0.04806 0.10536 0.06100 0.01848 0.04067 0.03512 0.06100 0.05360 0.00185 0.03512 0.07579
Q8YTI9                         0.08688 0.08688 0.01848 0.06100 0.00555 0.07579 0.07948 0.04436 0.02773 0.07948 0.09612 0.05730 0.01294 0.03327 0.04806 0.05360 0.03512 0.00185 0.03512 0.06100
A8G4U4                         0.03327 0.07024 0.05176 0.06100 0.00555 0.04251 0.06839 0.04251 0.01109 0.09797 0.10536 0.10351 0.01848 0.03327 0.02957 0.09982 0.02957 0.00555 0.04621 0.04436
A3YZM0                         0.08503 0.11645 0.00739 0.05730 0.01109 0.07579 0.07948 0.04436 0.02218 0.04806 0.12200 0.03697 0.02218 0.03512 0.05730 0.06100 0.01664 0.00555 0.02773 0.06839
A5GT91                         0.07948 0.11645 0.01479 0.06839 0.00924 0.07394 0.07394 0.04621 0.01848 0.04991 0.12015 0.04067 0.02033 0.03327 0.05176 0.05545 0.02033 0.00555 0.02588 0.07579
A2BWL0                         0.03142 0.07209 0.05730 0.05730 0.00739 0.04251 0.07024 0.04251 0.01479 0.10536 0.10906 0.09797 0.02033 0.02957 0.02957 0.09242 0.02957 0.00555 0.04621 0.03882
Q05SX5                         0.06654 0.12384 0.01479 0.06654 0.01294 0.06654 0.07763 0.04436 0.02218 0.04806 0.11830 0.04067 0.02403 0.03512 0.05360 0.06100 0.01848 0.00555 0.02588 0.07394
A9BAF1                         0.04621 0.08503 0.02588 0.05545 0.01109 0.05360 0.07394 0.04251 0.01664 0.08133 0.12939 0.08318 0.01664 0.03327 0.03882 0.07209 0.03327 0.00555 0.03882 0.05730
Q5N031                         0.08872 0.11091 0.01664 0.07024 0.00924 0.05730 0.08133 0.04436 0.02588 0.06285 0.12569 0.04621 0.01479 0.03512 0.04436 0.04991 0.02218 0.00185 0.02957 0.06285
Q31LU4                         0.08872 0.11091 0.01664 0.07024 0.00924 0.05730 0.08133 0.04436 0.02588 0.06285 0.12569 0.04621 0.01479 0.03512 0.04436 0.04991 0.02218 0.00185 0.02957 0.06285
A4CUH8                         0.06470 0.11091 0.01109 0.06839 0.01109 0.07579 0.07394 0.04436 0.02403 0.05360 0.12015 0.04621 0.02957 0.02957 0.04991 0.06470 0.02033 0.00555 0.03142 0.06470
A3Z6S6                         0.07024 0.13124 0.00924 0.06654 0.01294 0.07024 0.07394 0.04621 0.02218 0.05360 0.12939 0.03697 0.02033 0.03512 0.05360 0.05545 0.02033 0.00555 0.02773 0.05915
A5GL80                         0.07209 0.11091 0.01109 0.07763 0.01109 0.07394 0.06470 0.04436 0.02403 0.05360 0.12015 0.04806 0.02403 0.03142 0.04621 0.06100 0.02773 0.00555 0.02957 0.06285
Q7U6U0                         0.07394 0.11830 0.01109 0.07024 0.01294 0.06654 0.07394 0.04251 0.02403 0.04436 0.12200 0.04436 0.02588 0.03327 0.04991 0.05915 0.02588 0.00555 0.02773 0.06839
Q3AXU8                         0.06839 0.11460 0.01109 0.07579 0.01294 0.07209 0.06470 0.04436 0.02588 0.04436 0.12754 0.04251 0.02218 0.03142 0.04806 0.06654 0.02588 0.00555 0.02957 0.06654
A2C9T0                         0.05730 0.11460 0.02218 0.06654 0.01109 0.07948 0.06839 0.04436 0.01848 0.05545 0.11091 0.04436 0.02218 0.03142 0.04436 0.06654 0.02403 0.00555 0.03142 0.08133
Q7VBY8                         0.04991 0.06654 0.06285 0.06100 0.00924 0.03327 0.07209 0.03882 0.01848 0.09982 0.11460 0.10721 0.01848 0.02957 0.03697 0.06285 0.03697 0.00370 0.03327 0.04436
Q7V7L7                         0.06100 0.11275 0.02218 0.06654 0.01109 0.08133 0.06654 0.04436 0.02033 0.05176 0.11091 0.04436 0.02403 0.02957 0.04436 0.06654 0.02403 0.00555 0.03142 0.08133
Q067A9                         0.07024 0.11645 0.00924 0.07579 0.01294 0.07024 0.06470 0.04436 0.02773 0.04436 0.12939 0.04067 0.02403 0.03142 0.04806 0.06285 0.02588 0.00555 0.02957 0.06654
Q3AJW5                         0.06654 0.11830 0.00924 0.06654 0.01294 0.06654 0.07763 0.04251 0.02588 0.04621 0.12015 0.04436 0.02588 0.03327 0.04991 0.06285 0.02403 0.00555 0.02957 0.07209

Homogeneity statistic: X2 = 4.06572 G = 4.07337 

Average                        0.06774 0.08406 0.02986 0.06214 0.00833 0.06228 0.07448 0.04522 0.02281 0.07206 0.11492 0.07033 0.01749 0.03631 0.04172 0.06211 0.03046 0.00373 0.03657 0.05742

# constant sites:     51 (9.43%)
ln Lmax (unconstrained) = -3332.136081

AA distances (raw proportions of different sites)

A8ESX8         
A6Q4P2           0.4418
B9L9T8           0.4325  0.4159
Q30TI2           0.4251  0.4492  0.4436
Q7M8K0           0.4418  0.4713  0.4677  0.4750
A6QBI9           0.4843  0.4566  0.4806  0.4732  0.4898
D1B010           0.4843  0.4750  0.4843  0.5065  0.5083  0.4880
P56428           0.4658  0.5028  0.4935  0.4880  0.4455  0.5028  0.5379
B9KFL1           0.4898  0.5102  0.4732  0.5139  0.5323  0.5176  0.5305  0.5213
Q4HH51           0.5287  0.5102  0.5009  0.5287  0.5305  0.5323  0.5397  0.5527  0.3475
A8FMV1           0.5305  0.5194  0.5176  0.5305  0.5379  0.5416  0.5342  0.5416  0.3383  0.1386
A7H2D5           0.5323  0.5157  0.5120  0.5360  0.5360  0.5379  0.5342  0.5453  0.3364  0.1460  0.0444
Q4HSA4           0.5323  0.5323  0.5231  0.5231  0.5342  0.5379  0.5360  0.5527  0.3752  0.3050  0.2939  0.3068
Q4C1G9           0.6673  0.6710  0.6599  0.6784  0.6506  0.6784  0.6488  0.6913  0.6784  0.6987  0.7006  0.6969  0.6765
A3INH9           0.6691  0.6728  0.6636  0.6858  0.6396  0.6802  0.6433  0.6969  0.6839  0.6950  0.7024  0.6950  0.6784  0.1035
Q2JM21           0.6728  0.6654  0.6691  0.6876  0.6470  0.6654  0.6580  0.6821  0.6747  0.6895  0.6895  0.6876  0.6784  0.3808  0.3863
B1XMR2           0.6802  0.6821  0.6747  0.6987  0.6636  0.6913  0.6673  0.7024  0.6895  0.6969  0.7043  0.6987  0.6858  0.2939  0.2847  0.3863
B4B583           0.6765  0.6710  0.6673  0.7079  0.6654  0.6950  0.6580  0.7006  0.6673  0.6987  0.6969  0.6913  0.6821  0.2569  0.2680  0.3457  0.2699
B7K9M5           0.6765  0.6765  0.6728  0.7135  0.6562  0.7006  0.6636  0.6987  0.6765  0.7024  0.6987  0.6950  0.6821  0.2440  0.2495  0.3309  0.2625  0.0832
B1WWR0           0.6765  0.6673  0.6673  0.6839  0.6433  0.6858  0.6543  0.6913  0.6821  0.7006  0.7098  0.7024  0.6821  0.1017  0.0721  0.3808  0.2921  0.2662  0.2514
P73580           0.6950  0.6876  0.6858  0.7172  0.6654  0.7190  0.6710  0.7061  0.6932  0.7024  0.7135  0.7061  0.6876  0.2847  0.2884  0.3826  0.2810  0.2588  0.2495  0.2865
B0C2T9           0.6784  0.6821  0.6802  0.6932  0.6673  0.6839  0.6636  0.6821  0.6802  0.6839  0.6895  0.6895  0.6821  0.2902  0.2902  0.3364  0.3161  0.2884  0.2717  0.2921  0.2847
Q46L08           0.6765  0.6673  0.6821  0.6710  0.6673  0.6950  0.6839  0.6765  0.6969  0.6728  0.6839  0.6839  0.6765  0.4140  0.4251  0.4251  0.4381  0.3974  0.3993  0.4177  0.4159  0.3974
C7QMK2           0.6876  0.6728  0.6654  0.6876  0.6506  0.6895  0.6506  0.7024  0.6839  0.6932  0.6932  0.6858  0.6728  0.2015  0.2070  0.3457  0.2699  0.2163  0.1978  0.1978  0.2514  0.2643  0.4011
B7K124           0.6876  0.6728  0.6654  0.6876  0.6506  0.6895  0.6506  0.7024  0.6839  0.6932  0.6932  0.6858  0.6728  0.2015  0.2070  0.3457  0.2699  0.2163  0.1978  0.1978  0.2514  0.2643  0.4011  0.0000
Q2JXP8           0.6858  0.6728  0.6765  0.6987  0.6488  0.6691  0.6525  0.6876  0.6839  0.6895  0.6895  0.6876  0.6802  0.3845  0.3863  0.0832  0.3900  0.3512  0.3346  0.3826  0.3900  0.3401  0.4381  0.3530  0.3530
Q7V1I9           0.6470  0.6802  0.6802  0.6580  0.6636  0.6802  0.6673  0.6747  0.6765  0.6821  0.6858  0.6858  0.6784  0.4455  0.4492  0.4436  0.4603  0.3993  0.3993  0.4436  0.4288  0.4436  0.3678  0.4196  0.4196  0.4547
A2C249           0.6765  0.6673  0.6821  0.6710  0.6673  0.6950  0.6821  0.6765  0.6969  0.6728  0.6839  0.6839  0.6765  0.4159  0.4270  0.4251  0.4362  0.3956  0.3974  0.4196  0.4177  0.3993  0.0055  0.4011  0.4011  0.4362  0.3660
Q10Z79           0.6913  0.6765  0.6673  0.7024  0.6691  0.7024  0.6562  0.7006  0.6710  0.6969  0.6950  0.6932  0.6784  0.3068  0.3142  0.3475  0.3216  0.2532  0.2532  0.3087  0.2773  0.2754  0.3956  0.2569  0.2569  0.3512  0.4085  0.3937
B8HSX6           0.6895  0.6950  0.6821  0.7079  0.6543  0.7006  0.6636  0.7024  0.6802  0.6987  0.7043  0.7024  0.6895  0.2773  0.2791  0.3068  0.2902  0.2366  0.2292  0.2828  0.2680  0.2163  0.4067  0.2384  0.2384  0.3105  0.4067  0.4104  0.2514
B9YP50           0.6895  0.6876  0.6784  0.7116  0.6821  0.6969  0.6580  0.7098  0.6876  0.6932  0.6913  0.6932  0.6802  0.3142  0.3272  0.3641  0.3383  0.2847  0.2773  0.3272  0.2939  0.3105  0.4307  0.2865  0.2865  0.3734  0.4344  0.4288  0.2717  0.2680
B0JFQ0           0.6969  0.6802  0.6784  0.7135  0.6617  0.7043  0.6691  0.7153  0.6932  0.7043  0.7043  0.6969  0.6876  0.2791  0.2773  0.3604  0.2921  0.2329  0.2274  0.2810  0.2477  0.2773  0.4104  0.2181  0.2181  0.3678  0.4122  0.4085  0.2754  0.2477  0.2939
Q7NFD4           0.6728  0.6636  0.6784  0.6913  0.6525  0.6710  0.6636  0.6950  0.6784  0.6839  0.6950  0.6913  0.6821  0.4288  0.4270  0.4048  0.4307  0.4288  0.4214  0.4214  0.4455  0.4140  0.4787  0.4159  0.4159  0.4140  0.4769  0.4769  0.4122  0.4067  0.4307  0.4270
A0ZE84           0.6950  0.6913  0.6876  0.7153  0.6821  0.7006  0.6728  0.7190  0.6839  0.7006  0.7024  0.6987  0.6913  0.3031  0.3031  0.3383  0.2902  0.2421  0.2329  0.3050  0.2625  0.2865  0.4140  0.2458  0.2458  0.3494  0.4344  0.4122  0.2329  0.2200  0.1848  0.2699  0.4085
B2J6D3           0.6969  0.6765  0.6802  0.7209  0.6932  0.7043  0.6710  0.7135  0.6858  0.7043  0.7043  0.7024  0.6913  0.3087  0.3068  0.3457  0.3105  0.2477  0.2477  0.3179  0.2865  0.2902  0.4325  0.2699  0.2699  0.3586  0.4473  0.4307  0.2348  0.2366  0.1664  0.2828  0.4251  0.1201
A0YHZ1           0.7006  0.6821  0.6747  0.7116  0.6821  0.6913  0.6599  0.7190  0.6895  0.7024  0.7006  0.6969  0.6858  0.2754  0.2884  0.3364  0.2994  0.2532  0.2366  0.2754  0.2717  0.2699  0.3974  0.2329  0.2329  0.3420  0.4104  0.3956  0.2163  0.2292  0.2625  0.2569  0.4067  0.2200  0.2384
B5W9W2           0.6987  0.6691  0.6747  0.7079  0.6710  0.6913  0.6636  0.6932  0.6821  0.7006  0.6969  0.6950  0.6839  0.3068  0.3161  0.3623  0.3179  0.2754  0.2514  0.3124  0.2865  0.2754  0.4104  0.2699  0.2699  0.3660  0.4270  0.4122  0.2495  0.2754  0.2884  0.2847  0.4325  0.2495  0.2717  0.2255
Q8DI39           0.6932  0.6747  0.6895  0.7116  0.6691  0.6969  0.6710  0.7190  0.7006  0.7172  0.7209  0.7172  0.6987  0.3179  0.3216  0.3420  0.3253  0.2939  0.2902  0.3050  0.3087  0.2754  0.4307  0.3087  0.3087  0.3457  0.4362  0.4325  0.3031  0.2532  0.3401  0.2828  0.4233  0.3087  0.3235  0.2939  0.3068
Q3M542           0.6950  0.6858  0.6821  0.7153  0.6821  0.6969  0.6599  0.7116  0.6839  0.7006  0.7061  0.7024  0.6950  0.2994  0.3031  0.3401  0.2847  0.2366  0.2292  0.3031  0.2588  0.2662  0.4177  0.2551  0.2551  0.3512  0.4399  0.4159  0.2292  0.2163  0.1590  0.2699  0.4122  0.0998  0.0943  0.2274  0.2551  0.3050
A2BR52           0.6654  0.6876  0.6932  0.6691  0.6765  0.6802  0.6802  0.6895  0.6913  0.6913  0.6969  0.6950  0.6858  0.4492  0.4529  0.4418  0.4621  0.4048  0.3993  0.4455  0.4399  0.4418  0.3752  0.4251  0.4251  0.4492  0.1257  0.3734  0.4122  0.4085  0.4307  0.4177  0.4861  0.4325  0.4418  0.4196  0.4381  0.4436  0.4418
Q31AW7           0.6654  0.6913  0.6950  0.6728  0.6821  0.6839  0.6802  0.6932  0.6913  0.6913  0.6932  0.6913  0.6876  0.4510  0.4529  0.4436  0.4658  0.4030  0.3993  0.4436  0.4399  0.4399  0.3808  0.4196  0.4196  0.4510  0.1294  0.3789  0.4085  0.4085  0.4288  0.4159  0.4880  0.4288  0.4381  0.4177  0.4344  0.4399  0.4418  0.0166
A3PCX5           0.6654  0.6895  0.6950  0.6691  0.6784  0.6802  0.6821  0.6895  0.6913  0.6913  0.6932  0.6913  0.6839  0.4473  0.4510  0.4399  0.4658  0.4011  0.3974  0.4436  0.4399  0.4418  0.3752  0.4214  0.4214  0.4473  0.1257  0.3734  0.4085  0.4048  0.4270  0.4159  0.4898  0.4288  0.4362  0.4196  0.4362  0.4418  0.4399  0.0092  0.0111
Q0IAF4           0.6987  0.6765  0.6802  0.6876  0.6599  0.6858  0.6821  0.7006  0.7006  0.6969  0.7079  0.7079  0.6950  0.3678  0.3697  0.3771  0.3752  0.3715  0.3623  0.3623  0.3641  0.3641  0.3752  0.3475  0.3475  0.3863  0.4085  0.3734  0.3604  0.3401  0.3900  0.3715  0.4603  0.3604  0.3771  0.3475  0.3678  0.3678  0.3771  0.3993  0.3993  0.3974
B7LPF5           0.7135  0.6913  0.6802  0.7043  0.6710  0.6987  0.6950  0.7079  0.7079  0.7190  0.7116  0.7116  0.7172  0.6488  0.6377  0.6377  0.6322  0.6377  0.6359  0.6562  0.6285  0.6303  0.6636  0.6303  0.6303  0.6340  0.6747  0.6617  0.6451  0.6377  0.6506  0.6377  0.6285  0.6377  0.6396  0.6322  0.6506  0.6433  0.6322  0.6728  0.6728  0.6747  0.6525
B7MWA0           0.7079  0.6821  0.6802  0.6987  0.6673  0.6913  0.6858  0.6987  0.7024  0.7153  0.7061  0.7061  0.7116  0.6451  0.6359  0.6396  0.6340  0.6359  0.6322  0.6543  0.6322  0.6266  0.6617  0.6322  0.6322  0.6303  0.6710  0.6599  0.6488  0.6377  0.6543  0.6414  0.6266  0.6433  0.6451  0.6303  0.6488  0.6451  0.6396  0.6728  0.6728  0.6747  0.6488  0.0240
P0A8G0           0.7079  0.6821  0.6802  0.6987  0.6673  0.6913  0.6858  0.6987  0.7024  0.7153  0.7061  0.7061  0.7116  0.6451  0.6359  0.6396  0.6340  0.6359  0.6322  0.6543  0.6322  0.6266  0.6617  0.6322  0.6322  0.6303  0.6710  0.6599  0.6488  0.6377  0.6543  0.6414  0.6266  0.6433  0.6451  0.6303  0.6488  0.6451  0.6396  0.6728  0.6728  0.6747  0.6488  0.0240  0.0000
Q8YTI9           0.7006  0.6876  0.6821  0.7153  0.6821  0.7006  0.6617  0.7116  0.6839  0.7024  0.7079  0.7043  0.6969  0.3031  0.3068  0.3457  0.2902  0.2403  0.2329  0.3068  0.2606  0.2717  0.4177  0.2625  0.2625  0.3549  0.4381  0.4159  0.2311  0.2200  0.1627  0.2736  0.4177  0.1091  0.1035  0.2329  0.2606  0.3068  0.0111  0.4418  0.4418  0.4399  0.3789  0.6340  0.6396  0.6396
A8G4U4           0.6562  0.6691  0.6673  0.6525  0.6673  0.6728  0.6580  0.6710  0.6728  0.6728  0.6784  0.6784  0.6636  0.4603  0.4677  0.4473  0.4621  0.4122  0.4140  0.4603  0.4529  0.4473  0.3993  0.4325  0.4325  0.4603  0.2052  0.3993  0.4196  0.4251  0.4288  0.4492  0.5028  0.4325  0.4344  0.4325  0.4399  0.4677  0.4307  0.1959  0.1959  0.1959  0.4214  0.6802  0.6747  0.6747  0.4344
A3YZM0           0.7043  0.6765  0.6895  0.6969  0.6728  0.6858  0.6802  0.7024  0.7043  0.7006  0.7098  0.7116  0.6932  0.3604  0.3660  0.3623  0.3660  0.3567  0.3530  0.3530  0.3623  0.3438  0.3845  0.3346  0.3346  0.3660  0.4067  0.3826  0.3512  0.3235  0.3697  0.3604  0.4288  0.3438  0.3697  0.3457  0.3530  0.3475  0.3475  0.4011  0.4048  0.4011  0.1830  0.6691  0.6673  0.6673  0.3512  0.4362
A5GT91           0.6969  0.6913  0.6895  0.7079  0.6765  0.6969  0.6858  0.7043  0.7043  0.7043  0.7098  0.7116  0.6969  0.3549  0.3586  0.3771  0.3457  0.3364  0.3309  0.3438  0.3494  0.3327  0.3937  0.3179  0.3179  0.3826  0.4085  0.3919  0.3438  0.3235  0.3641  0.3438  0.4270  0.3420  0.3549  0.3346  0.3438  0.3475  0.3420  0.4067  0.4067  0.4030  0.2070  0.6654  0.6654  0.6654  0.3475  0.4362  0.1627
A2BWL0           0.6710  0.6765  0.6710  0.6580  0.6728  0.6784  0.6636  0.6784  0.6858  0.6784  0.6895  0.6913  0.6710  0.4658  0.4732  0.4603  0.4713  0.4270  0.4344  0.4658  0.4677  0.4603  0.3974  0.4436  0.4436  0.4677  0.1922  0.3956  0.4251  0.4362  0.4325  0.4529  0.4972  0.4529  0.4547  0.4325  0.4455  0.4769  0.4529  0.1996  0.2033  0.2015  0.4214  0.6802  0.6747  0.6747  0.4547  0.1054  0.4307  0.4473
Q05SX5           0.7043  0.6932  0.6932  0.6876  0.6710  0.7006  0.6802  0.7135  0.7079  0.7024  0.7061  0.7098  0.6969  0.3660  0.3623  0.3697  0.3771  0.3660  0.3586  0.3549  0.3641  0.3512  0.3715  0.3401  0.3401  0.3826  0.3993  0.3697  0.3475  0.3253  0.3863  0.3678  0.4362  0.3530  0.3734  0.3420  0.3586  0.3697  0.3604  0.4030  0.3993  0.3993  0.1312  0.6673  0.6691  0.6691  0.3623  0.4233  0.1738  0.1867  0.4270
A9BAF1           0.6839  0.6913  0.6765  0.6858  0.6802  0.6950  0.6673  0.6858  0.6802  0.6895  0.6913  0.6895  0.7006  0.4233  0.4251  0.4399  0.4381  0.3937  0.3974  0.4251  0.4399  0.4362  0.3826  0.4048  0.4048  0.4455  0.3752  0.3808  0.4233  0.4196  0.4473  0.4214  0.4806  0.4270  0.4473  0.4048  0.4270  0.4473  0.4381  0.3900  0.3937  0.3882  0.3752  0.6543  0.6525  0.6525  0.4381  0.4307  0.3604  0.3752  0.4251  0.3604
Q5N031           0.7061  0.6802  0.6802  0.7061  0.6691  0.6895  0.6543  0.7079  0.6987  0.6895  0.7043  0.7024  0.6839  0.3068  0.3050  0.3327  0.2865  0.2791  0.2662  0.3050  0.3013  0.2384  0.4048  0.2699  0.2699  0.3364  0.4122  0.4048  0.2754  0.2163  0.3068  0.2495  0.4030  0.2680  0.2791  0.2514  0.2791  0.2662  0.2569  0.4104  0.4085  0.4104  0.3124  0.6433  0.6433  0.6433  0.2606  0.4288  0.2957  0.2865  0.4399  0.3124  0.3808
Q31LU4           0.7061  0.6802  0.6802  0.7061  0.6691  0.6895  0.6543  0.7079  0.6987  0.6895  0.7043  0.7024  0.6839  0.3068  0.3050  0.3327  0.2865  0.2791  0.2662  0.3050  0.3013  0.2384  0.4048  0.2699  0.2699  0.3364  0.4122  0.4048  0.2754  0.2163  0.3068  0.2495  0.4030  0.2680  0.2791  0.2514  0.2791  0.2662  0.2569  0.4104  0.4085  0.4104  0.3124  0.6433  0.6433  0.6433  0.2606  0.4288  0.2957  0.2865  0.4399  0.3124  0.3808  0.0000
A4CUH8           0.7043  0.6987  0.6969  0.6932  0.6747  0.7043  0.6858  0.7079  0.7006  0.6987  0.7061  0.7061  0.6987  0.3826  0.3808  0.3900  0.3863  0.3752  0.3752  0.3752  0.3789  0.3604  0.3641  0.3494  0.3494  0.3956  0.3937  0.3623  0.3567  0.3420  0.3919  0.3678  0.4473  0.3715  0.3845  0.3494  0.3734  0.3826  0.3752  0.3808  0.3845  0.3808  0.1405  0.6580  0.6562  0.6562  0.3752  0.4140  0.1830  0.2015  0.4085  0.1257  0.3623  0.3179  0.3179
A3Z6S6           0.7079  0.6895  0.6839  0.6895  0.6636  0.6987  0.6765  0.7098  0.7079  0.6987  0.7079  0.7061  0.6987  0.3586  0.3530  0.3530  0.3660  0.3586  0.3494  0.3512  0.3641  0.3494  0.3771  0.3327  0.3327  0.3641  0.4085  0.3752  0.3383  0.3253  0.3752  0.3641  0.4270  0.3401  0.3586  0.3364  0.3420  0.3697  0.3530  0.3937  0.3919  0.3900  0.1479  0.6506  0.6525  0.6525  0.3549  0.4104  0.1738  0.1922  0.4140  0.0906  0.3623  0.3105  0.3105  0.1368
A5GL80           0.7079  0.6895  0.6895  0.6858  0.6728  0.6987  0.6821  0.7024  0.7006  0.6987  0.7079  0.7079  0.7043  0.3734  0.3734  0.3882  0.3752  0.3641  0.3623  0.3678  0.3734  0.3494  0.3660  0.3420  0.3420  0.3937  0.3826  0.3641  0.3457  0.3309  0.3900  0.3660  0.4362  0.3660  0.3789  0.3494  0.3586  0.3771  0.3678  0.3734  0.3771  0.3734  0.1423  0.6580  0.6580  0.6580  0.3678  0.4104  0.1885  0.1996  0.4104  0.1238  0.3475  0.3013  0.3013  0.0462  0.1294
Q7U6U0           0.7043  0.6932  0.6895  0.6932  0.6654  0.6969  0.6858  0.7098  0.7043  0.7024  0.7098  0.7116  0.7006  0.3641  0.3641  0.3715  0.3789  0.3715  0.3604  0.3604  0.3604  0.3512  0.3678  0.3475  0.3475  0.3845  0.4048  0.3660  0.3494  0.3309  0.3752  0.3697  0.4344  0.3475  0.3715  0.3475  0.3567  0.3734  0.3586  0.3974  0.3993  0.3974  0.1386  0.6673  0.6673  0.6673  0.3604  0.4177  0.1664  0.1848  0.4288  0.0758  0.3623  0.3161  0.3161  0.0943  0.0961  0.0906
Q3AXU8           0.7079  0.6932  0.6932  0.6895  0.6691  0.6987  0.6802  0.7153  0.7024  0.7006  0.7079  0.7116  0.6913  0.3715  0.3697  0.3623  0.3715  0.3660  0.3586  0.3660  0.3660  0.3604  0.3752  0.3457  0.3457  0.3789  0.4085  0.3734  0.3530  0.3364  0.3882  0.3678  0.4344  0.3567  0.3752  0.3512  0.3604  0.3771  0.3641  0.3919  0.3937  0.3919  0.1423  0.6710  0.6747  0.6747  0.3660  0.4177  0.1645  0.1811  0.4214  0.0887  0.3660  0.3068  0.3068  0.1238  0.1035  0.1238  0.0758
A2C9T0           0.7098  0.6987  0.6895  0.7043  0.6876  0.7043  0.6710  0.7006  0.6950  0.6932  0.7116  0.7098  0.7043  0.3752  0.3623  0.3937  0.3808  0.3734  0.3660  0.3660  0.3623  0.3604  0.3919  0.3512  0.3512  0.4030  0.3919  0.3900  0.3604  0.3420  0.3956  0.3752  0.4603  0.3752  0.3900  0.3604  0.3715  0.3826  0.3715  0.3863  0.3826  0.3826  0.1941  0.6599  0.6599  0.6599  0.3734  0.4030  0.2163  0.2366  0.4122  0.1811  0.3623  0.3290  0.3290  0.1959  0.2033  0.1922  0.1885  0.1978
Q7VBY8           0.6784  0.7024  0.6858  0.6765  0.6784  0.6913  0.6802  0.6876  0.6876  0.6858  0.6913  0.6876  0.6876  0.4806  0.4806  0.4769  0.5009  0.4695  0.4713  0.4732  0.4861  0.4861  0.4233  0.4677  0.4677  0.4695  0.4159  0.4233  0.4584  0.4547  0.4824  0.4640  0.5046  0.4824  0.4861  0.4566  0.4750  0.4787  0.4824  0.4251  0.4307  0.4251  0.4399  0.6784  0.6747  0.6747  0.4843  0.4325  0.4288  0.4344  0.4288  0.4270  0.4122  0.4436  0.4436  0.4177  0.4251  0.4214  0.4288  0.4325  0.4362
Q7V7L7           0.7116  0.6987  0.6913  0.7061  0.6895  0.7061  0.6747  0.7024  0.6932  0.6950  0.7135  0.7116  0.7024  0.3789  0.3678  0.3937  0.3826  0.3734  0.3697  0.3697  0.3678  0.3623  0.3956  0.3549  0.3549  0.4030  0.3919  0.3937  0.3660  0.3457  0.4011  0.3808  0.4529  0.3826  0.3919  0.3604  0.3771  0.3845  0.3808  0.3826  0.3789  0.3789  0.1996  0.6617  0.6617  0.6617  0.3826  0.4030  0.2181  0.2403  0.4104  0.1867  0.3623  0.3364  0.3364  0.1996  0.2089  0.1996  0.1959  0.2033  0.0222  0.4325
Q067A9           0.7098  0.6950  0.6932  0.6895  0.6728  0.6950  0.6802  0.7172  0.7043  0.7024  0.7061  0.7098  0.6913  0.3715  0.3678  0.3604  0.3715  0.3641  0.3604  0.3641  0.3660  0.3641  0.3752  0.3457  0.3457  0.3771  0.4104  0.3734  0.3512  0.3327  0.3845  0.3678  0.4288  0.3512  0.3752  0.3586  0.3586  0.3771  0.3604  0.3937  0.3956  0.3937  0.1479  0.6728  0.6765  0.6765  0.3623  0.4177  0.1664  0.1867  0.4233  0.0906  0.3660  0.3050  0.3050  0.1238  0.1035  0.1201  0.0758  0.0166  0.2033  0.4325  0.2089
Q3AJW5           0.7116  0.6913  0.6969  0.6932  0.6710  0.6932  0.6821  0.7153  0.7079  0.7079  0.7116  0.7135  0.6969  0.3678  0.3604  0.3678  0.3715  0.3678  0.3604  0.3623  0.3623  0.3549  0.3734  0.3438  0.3438  0.3789  0.4067  0.3715  0.3494  0.3272  0.3845  0.3660  0.4214  0.3549  0.3715  0.3494  0.3623  0.3697  0.3567  0.3900  0.3937  0.3900  0.1479  0.6599  0.6636  0.6636  0.3586  0.4196  0.1664  0.1774  0.4214  0.0776  0.3623  0.3087  0.3087  0.1035  0.0943  0.1072  0.0591  0.0739  0.1811  0.4270  0.1830  0.0721


TREE #  1:  (((((((((((38, ((((((31, 35), (47, 39)), 34), (((19, 18), (32, ((25, 24), ((20, 15), 14)))), (21, 17))), (36, (29, 37))), (30, 22))), (55, 54)), (((((((65, ((58, 56), 59)), (64, 60)), (57, 52)), 43), (63, 61)), (50, 49)), (((62, ((51, 48), ((41, (42, 40)), 27))), (28, 23)), 53))), (26, 16)), 33), ((46, 44), 45)), (7, (6, (2, (((8, 5), 3), (4, 1)))))), 9), 13), 10), 12, 11);   MP score: 5562
lnL(ntime:127  np:128): -27964.343701      +0.000000
  66..67   67..68   68..69   69..70   70..71   71..72   72..73   73..74   74..75   75..76   76..38   76..77   77..78   78..79   79..80   80..81   81..82   82..31   82..35   81..83   83..47   83..39   80..34   79..84   84..85   85..86   86..19   86..18   85..87   87..32   87..88   88..89   89..25   89..24   88..90   90..91   91..20   91..15   90..14   84..92   92..21   92..17   78..93   93..36   93..94   94..29   94..37   77..95   95..30   95..22   75..96   96..55   96..54   74..97   97..98   98..99   99..100 100..101 101..102 102..103 103..65  103..104 104..105 105..58  105..56  104..59  102..106 106..64  106..60  101..107 107..57  107..52  100..43   99..108 108..63  108..61   98..109 109..50  109..49   97..110 110..111 111..112 112..62  112..113 113..114 114..51  114..48  113..115 115..116 116..41  116..117 117..42  117..40  115..27  111..118 118..28  118..23  110..53   73..119 119..26  119..16   72..33   71..120 120..121 121..46  121..44  120..45   70..122 122..7   122..123 123..6   123..124 124..2   124..125 125..126 126..127 127..8   127..5   126..3   125..128 128..4   128..1    69..9    68..13   67..10   66..12   66..11 
 0.073138 0.144246 0.165122 0.418277 1.288297 0.579346 0.186585 0.138231 0.063041 0.035682 0.287800 0.025390 0.064439 0.015876 0.111155 0.029009 0.023057 0.164647 0.058169 0.038686 0.011912 0.000004 0.061668 0.068809 0.014803 0.134940 0.025274 0.078454 0.020637 0.201584 0.080070 0.091544 0.000004 0.000004 0.163109 0.025376 0.045379 0.040244 0.065537 0.059322 0.221734 0.265460 0.042501 0.148295 0.028982 0.192876 0.188405 0.028840 0.132221 0.210674 0.172773 0.000004 0.000004 0.144056 0.131087 0.039141 0.025190 0.033518 0.015637 0.007626 0.038051 0.009848 0.080936 0.021372 0.031936 0.023605 0.046518 0.008034 0.011120 0.014084 0.068022 0.047399 0.106900 0.180236 0.016964 0.007821 0.024686 0.129087 0.103024 0.162925 0.057018 0.104166 0.523943 0.275110 0.121823 0.053808 0.067719 0.033088 0.075729 0.006106 0.003498 0.001910 0.007593 0.072233 0.363949 0.000004 0.005629 0.387743 0.231398 0.062661 0.038243 0.415830 1.316739 0.000004 0.000004 0.026431 0.000004 0.102244 0.651022 0.061053 0.623455 0.051464 0.438608 0.069995 0.044050 0.163316 0.572081 0.470050 0.457410 0.079136 0.502099 0.379513 0.229979 0.263900 0.087051 0.031193 0.017358 0.765390

tree length =  17.80782

(((((((((((38: 0.287800, ((((((31: 0.164647, 35: 0.058169): 0.023057, (47: 0.011912, 39: 0.000004): 0.038686): 0.029009, 34: 0.061668): 0.111155, (((19: 0.025274, 18: 0.078454): 0.134940, (32: 0.201584, ((25: 0.000004, 24: 0.000004): 0.091544, ((20: 0.045379, 15: 0.040244): 0.025376, 14: 0.065537): 0.163109): 0.080070): 0.020637): 0.014803, (21: 0.221734, 17: 0.265460): 0.059322): 0.068809): 0.015876, (36: 0.148295, (29: 0.192876, 37: 0.188405): 0.028982): 0.042501): 0.064439, (30: 0.132221, 22: 0.210674): 0.028840): 0.025390): 0.035682, (55: 0.000004, 54: 0.000004): 0.172773): 0.063041, (((((((65: 0.038051, ((58: 0.021372, 56: 0.031936): 0.080936, 59: 0.023605): 0.009848): 0.007626, (64: 0.008034, 60: 0.011120): 0.046518): 0.015637, (57: 0.068022, 52: 0.047399): 0.014084): 0.033518, 43: 0.106900): 0.025190, (63: 0.016964, 61: 0.007821): 0.180236): 0.039141, (50: 0.129087, 49: 0.103024): 0.024686): 0.131087, (((62: 0.523943, ((51: 0.053808, 48: 0.067719): 0.121823, ((41: 0.006106, (42: 0.001910, 40: 0.007593): 0.003498): 0.075729, 27: 0.072233): 0.033088): 0.275110): 0.104166, (28: 0.000004, 23: 0.005629): 0.363949): 0.057018, 53: 0.387743): 0.162925): 0.144056): 0.138231, (26: 0.062661, 16: 0.038243): 0.231398): 0.186585, 33: 0.415830): 0.579346, ((46: 0.000004, 44: 0.026431): 0.000004, 45: 0.000004): 1.316739): 1.288297, (7: 0.651022, (6: 0.623455, (2: 0.438608, (((8: 0.572081, 5: 0.470050): 0.163316, 3: 0.457410): 0.044050, (4: 0.502099, 1: 0.379513): 0.079136): 0.069995): 0.051464): 0.061053): 0.102244): 0.418277, 9: 0.229979): 0.165122, 13: 0.263900): 0.144246, 10: 0.087051): 0.073138, 12: 0.031193, 11: 0.017358);

(((((((((((Q8DI39: 0.287800, ((((((B9YP50: 0.164647, B2J6D3: 0.058169): 0.023057, (Q8YTI9: 0.011912, Q3M542: 0.000004): 0.038686): 0.029009, A0ZE84: 0.061668): 0.111155, (((B7K9M5: 0.025274, B4B583: 0.078454): 0.134940, (B0JFQ0: 0.201584, ((B7K124: 0.000004, C7QMK2: 0.000004): 0.091544, ((B1WWR0: 0.045379, A3INH9: 0.040244): 0.025376, Q4C1G9: 0.065537): 0.163109): 0.080070): 0.020637): 0.014803, (P73580: 0.221734, B1XMR2: 0.265460): 0.059322): 0.068809): 0.015876, (A0YHZ1: 0.148295, (Q10Z79: 0.192876, B5W9W2: 0.188405): 0.028982): 0.042501): 0.064439, (B8HSX6: 0.132221, B0C2T9: 0.210674): 0.028840): 0.025390): 0.035682, (Q31LU4: 0.000004, Q5N031: 0.000004): 0.172773): 0.063041, (((((((Q3AJW5: 0.038051, ((A5GL80: 0.021372, A4CUH8: 0.031936): 0.080936, Q7U6U0: 0.023605): 0.009848): 0.007626, (Q067A9: 0.008034, Q3AXU8: 0.011120): 0.046518): 0.015637, (A3Z6S6: 0.068022, Q05SX5: 0.047399): 0.014084): 0.033518, Q0IAF4: 0.106900): 0.025190, (Q7V7L7: 0.016964, A2C9T0: 0.007821): 0.180236): 0.039141, (A5GT91: 0.129087, A3YZM0: 0.103024): 0.024686): 0.131087, (((Q7VBY8: 0.523943, ((A2BWL0: 0.053808, A8G4U4: 0.067719): 0.121823, ((Q31AW7: 0.006106, (A3PCX5: 0.001910, A2BR52: 0.007593): 0.003498): 0.075729, Q7V1I9: 0.072233): 0.033088): 0.275110): 0.104166, (A2C249: 0.000004, Q46L08: 0.005629): 0.363949): 0.057018, A9BAF1: 0.387743): 0.162925): 0.144056): 0.138231, (Q2JXP8: 0.062661, Q2JM21: 0.038243): 0.231398): 0.186585, Q7NFD4: 0.415830): 0.579346, ((P0A8G0: 0.000004, B7LPF5: 0.026431): 0.000004, B7MWA0: 0.000004): 1.316739): 1.288297, (D1B010: 0.651022, (A6QBI9: 0.623455, (A6Q4P2: 0.438608, (((P56428: 0.572081, Q7M8K0: 0.470050): 0.163316, B9L9T8: 0.457410): 0.044050, (Q30TI2: 0.502099, A8ESX8: 0.379513): 0.079136): 0.069995): 0.051464): 0.061053): 0.102244): 0.418277, B9KFL1: 0.229979): 0.165122, Q4HSA4: 0.263900): 0.144246, Q4HH51: 0.087051): 0.073138, A7H2D5: 0.031193, A8FMV1: 0.017358);

Detailed output identifying parameters

alpha (gamma, K = 4) =  0.76539
rate:   0.08818  0.39282  0.94688  2.57212
freq:   0.25000  0.25000  0.25000  0.25000

Time used: 48:51
