AAML (in paml version 4.6, August 2012)  196.aa
Model: Empirical for branches,  Global clock  (../../../bin/LG.dat) dGamma (ncatG=4) ns =  65  ls = 383


Frequencies..
                                    A      R      N      D      C      Q      E      G      H      I      L      K      M      F      P      S      T      W      Y      V
A8EU19                         0.08355 0.04178 0.06005 0.04700 0.00522 0.01828 0.09399 0.05222 0.00783 0.06527 0.09138 0.08355 0.02872 0.03655 0.03655 0.06266 0.06527 0.00000 0.02872 0.09138
Q7M9I4                         0.10183 0.06266 0.02611 0.03916 0.00783 0.02089 0.10444 0.06266 0.01828 0.06266 0.10444 0.07311 0.02872 0.03394 0.04178 0.06527 0.05483 0.00261 0.03133 0.05744
A6Q4N2                         0.09138 0.04439 0.02350 0.04700 0.00783 0.02611 0.10966 0.05744 0.01044 0.06789 0.10444 0.08616 0.03394 0.02872 0.04700 0.04700 0.04439 0.00522 0.03916 0.07833
D1B019                         0.10705 0.04961 0.03916 0.06527 0.00522 0.02872 0.06789 0.05222 0.00522 0.06789 0.10183 0.07050 0.01828 0.03133 0.03916 0.05744 0.06527 0.00261 0.04439 0.08094
A7H2C7                         0.09138 0.04961 0.07311 0.03916 0.00522 0.03916 0.09661 0.05483 0.01044 0.07311 0.10966 0.07833 0.02611 0.02611 0.04439 0.06005 0.03394 0.00261 0.02611 0.06005
A8FMV9                         0.08877 0.04961 0.07311 0.03916 0.00522 0.03916 0.09922 0.05483 0.01044 0.07050 0.10966 0.07572 0.02611 0.02611 0.04439 0.06005 0.03655 0.00261 0.02611 0.06266
Q4HH62                         0.09922 0.04961 0.07311 0.04439 0.00522 0.03394 0.09399 0.04700 0.01305 0.06789 0.10966 0.07311 0.02611 0.03133 0.04439 0.05744 0.03394 0.00261 0.02611 0.06789
B9KFM1                         0.09138 0.05222 0.06527 0.05483 0.01044 0.03133 0.08616 0.04961 0.00783 0.07572 0.09922 0.07833 0.02872 0.02872 0.03916 0.06266 0.03655 0.00261 0.03394 0.06527
Q30TH2                         0.07572 0.04961 0.04961 0.05483 0.00522 0.02872 0.09138 0.04961 0.01305 0.07572 0.10444 0.07311 0.03394 0.03916 0.03655 0.07050 0.05744 0.00522 0.02089 0.06527
A6QBH4                         0.10705 0.05483 0.02611 0.06266 0.00261 0.02872 0.09661 0.05222 0.01305 0.06527 0.08877 0.06266 0.03394 0.03133 0.03916 0.06266 0.04439 0.00000 0.03394 0.09399
Q4HSE9                         0.08877 0.06005 0.05483 0.04961 0.00522 0.03394 0.10444 0.05222 0.00783 0.05744 0.10966 0.08094 0.02611 0.03394 0.03655 0.05483 0.03394 0.00000 0.03133 0.07833
O25812                         0.07311 0.06266 0.03916 0.03916 0.01044 0.03133 0.10966 0.03916 0.02350 0.07833 0.12794 0.06005 0.02350 0.05222 0.03916 0.08877 0.03916 0.00000 0.01828 0.04439
B7LR33                         0.09399 0.07311 0.03655 0.05222 0.00000 0.04700 0.08877 0.08355 0.01305 0.05222 0.08616 0.03133 0.02611 0.03394 0.05222 0.04178 0.05483 0.00522 0.02089 0.10705
B7N0U9                         0.09399 0.07311 0.03655 0.05222 0.00000 0.04700 0.08877 0.08355 0.01305 0.05222 0.08616 0.03133 0.02611 0.03394 0.05222 0.04178 0.05483 0.00522 0.02089 0.10705
P05055                         0.09399 0.07311 0.03655 0.05222 0.00000 0.04961 0.08616 0.08355 0.01305 0.05222 0.08616 0.03133 0.02611 0.03394 0.05222 0.04178 0.05483 0.00522 0.02089 0.10705
A0YTG1                         0.06789 0.08355 0.01828 0.07833 0.00522 0.04439 0.08355 0.07833 0.01567 0.07050 0.09661 0.02350 0.02089 0.03133 0.07572 0.04178 0.05483 0.00261 0.02089 0.08616
Q115K2                         0.06789 0.06527 0.02089 0.07050 0.00522 0.03916 0.09138 0.07833 0.01305 0.06527 0.11488 0.04700 0.02350 0.02611 0.07050 0.04700 0.04439 0.00261 0.02089 0.08616
Q2JQF4                         0.08877 0.07833 0.02350 0.06005 0.00783 0.04700 0.09138 0.07311 0.01828 0.04961 0.12010 0.03655 0.01044 0.03133 0.07311 0.03655 0.03655 0.00522 0.01567 0.09661
Q31KE9                         0.09661 0.07833 0.02089 0.06527 0.00000 0.04439 0.07050 0.07833 0.01567 0.04961 0.12010 0.02872 0.02089 0.02611 0.07050 0.04700 0.06005 0.00261 0.02089 0.08355
Q5N1G4                         0.09922 0.07833 0.02089 0.06527 0.00000 0.04439 0.07050 0.07833 0.01567 0.04961 0.12010 0.02872 0.02089 0.02611 0.07050 0.04700 0.06005 0.00261 0.02089 0.08094
B7KIQ3                         0.08355 0.06789 0.01828 0.08094 0.00522 0.03394 0.08094 0.07572 0.01567 0.06527 0.11749 0.03655 0.01828 0.02872 0.07050 0.03916 0.05222 0.00261 0.01828 0.08877
B4B552                         0.07572 0.07050 0.01828 0.07572 0.00522 0.03133 0.08094 0.07572 0.01567 0.06789 0.12010 0.03916 0.01567 0.02872 0.07311 0.04439 0.04961 0.00261 0.01828 0.09138
Q8DGW9                         0.10966 0.08094 0.02611 0.06789 0.00261 0.02872 0.08355 0.07311 0.01305 0.06266 0.11488 0.03655 0.01567 0.02611 0.07833 0.02872 0.03133 0.00522 0.02089 0.09399
B5W2I2                         0.06266 0.07833 0.02089 0.07572 0.00261 0.03394 0.08355 0.08616 0.01567 0.06789 0.10966 0.03133 0.02611 0.02350 0.08355 0.03394 0.04700 0.00261 0.02089 0.09399
B0JYC3                         0.08094 0.08094 0.02611 0.06266 0.00261 0.03655 0.09922 0.08094 0.01567 0.07050 0.11488 0.03655 0.01828 0.02872 0.06789 0.02872 0.04961 0.00261 0.01567 0.08094
Q7NGM0                         0.10705 0.06527 0.02089 0.06527 0.00522 0.01828 0.08355 0.07572 0.01305 0.06527 0.10444 0.04700 0.02872 0.03655 0.06527 0.04178 0.04700 0.00000 0.01828 0.09138
Q8YP11                         0.08877 0.07572 0.02872 0.08094 0.00261 0.03916 0.06527 0.07572 0.01305 0.06789 0.11227 0.03655 0.01828 0.02611 0.07050 0.03916 0.05222 0.00261 0.02089 0.08355
Q3M7Z9                         0.09138 0.07572 0.02872 0.08094 0.00261 0.03916 0.06527 0.07572 0.01305 0.07050 0.11227 0.03655 0.01828 0.02611 0.06789 0.03916 0.05222 0.00261 0.02089 0.08094
B1XJU0                         0.09138 0.07311 0.01828 0.08094 0.00261 0.02872 0.08094 0.07833 0.01305 0.06005 0.11749 0.03916 0.03133 0.02350 0.07311 0.03655 0.05483 0.00261 0.02350 0.07050
B9L9F3                         0.08877 0.06005 0.03655 0.05744 0.00522 0.02611 0.11227 0.05744 0.01044 0.06266 0.10966 0.07833 0.02872 0.04439 0.03916 0.04178 0.04700 0.00261 0.03394 0.05744
A5GRD7                         0.09922 0.07572 0.01828 0.06266 0.01044 0.03394 0.08094 0.07311 0.01567 0.04961 0.11227 0.03916 0.02872 0.02350 0.06789 0.05483 0.05483 0.00261 0.02350 0.07311
A0ZD23                         0.07572 0.07311 0.02872 0.08094 0.00522 0.04700 0.06789 0.07572 0.01567 0.06266 0.10444 0.03394 0.02611 0.03133 0.06789 0.04439 0.05744 0.00261 0.02089 0.07833
P72659                         0.09138 0.07311 0.02350 0.07572 0.00261 0.03133 0.06789 0.08877 0.01828 0.06527 0.11488 0.03916 0.01828 0.02611 0.07311 0.03133 0.05222 0.00261 0.02089 0.08355
C7QTY4                         0.08355 0.07833 0.01828 0.08355 0.00261 0.03394 0.08094 0.07050 0.01305 0.08616 0.10966 0.03394 0.02089 0.02872 0.07050 0.04439 0.04700 0.00261 0.01828 0.07311
B7K339                         0.08355 0.07833 0.01828 0.08355 0.00261 0.03394 0.08094 0.07050 0.01305 0.08616 0.10966 0.03394 0.02089 0.02872 0.07050 0.04439 0.04700 0.00261 0.01828 0.07311
Q2JLJ5                         0.07833 0.07833 0.02350 0.06005 0.00783 0.04700 0.09399 0.07833 0.01567 0.05483 0.12533 0.03655 0.01305 0.02872 0.07833 0.03394 0.03916 0.00522 0.01567 0.08616
B8HXN3                         0.09922 0.08616 0.02350 0.07050 0.00261 0.03394 0.08094 0.07311 0.01305 0.05222 0.11749 0.02872 0.01828 0.02872 0.07572 0.03394 0.04700 0.00261 0.01567 0.09661
B0C1M5                         0.07833 0.07311 0.02350 0.07311 0.00783 0.02611 0.08877 0.07572 0.01305 0.05222 0.10183 0.04700 0.02611 0.02611 0.07050 0.04178 0.05222 0.00261 0.01828 0.10183
B9YN68                         0.09138 0.07311 0.02872 0.08355 0.01044 0.04700 0.06266 0.07572 0.01567 0.07311 0.11488 0.03133 0.01828 0.02611 0.06527 0.03394 0.04700 0.00261 0.02089 0.07833
A3PE40                         0.06005 0.06266 0.01828 0.07311 0.01044 0.02872 0.09661 0.07050 0.01044 0.07572 0.11227 0.06789 0.02611 0.02611 0.06266 0.06527 0.05744 0.00261 0.02089 0.05222
Q319U4                         0.06527 0.06266 0.02089 0.07833 0.01044 0.03133 0.08616 0.07050 0.01305 0.07311 0.10966 0.06266 0.02611 0.02611 0.06005 0.06527 0.06005 0.00261 0.01828 0.05744
A3IXQ9                         0.08094 0.07311 0.01305 0.07833 0.00261 0.02872 0.08877 0.08877 0.01305 0.07572 0.10444 0.04178 0.01828 0.02872 0.07050 0.03916 0.04700 0.00522 0.02350 0.07833
A2BXQ9                         0.07572 0.06266 0.02611 0.07311 0.01044 0.02872 0.09138 0.06789 0.01567 0.07572 0.11227 0.06527 0.02611 0.02350 0.06266 0.04700 0.05483 0.00261 0.02350 0.05483
Q7V0R5                         0.07572 0.06266 0.02089 0.07050 0.01044 0.03394 0.09661 0.06789 0.01305 0.07572 0.11227 0.06266 0.02611 0.02350 0.06266 0.04961 0.06005 0.00261 0.02350 0.04961
A9BBJ7                         0.07311 0.07311 0.02350 0.07050 0.00783 0.02872 0.08877 0.07572 0.01305 0.05744 0.11749 0.05483 0.02350 0.02611 0.06789 0.05483 0.05744 0.00261 0.02089 0.06266
Q7VAZ5                         0.07572 0.07050 0.02350 0.07833 0.01305 0.03133 0.08094 0.07833 0.01044 0.06005 0.11488 0.04700 0.02350 0.02611 0.06789 0.05222 0.05744 0.00261 0.02089 0.06527
A3Z0V4                         0.09661 0.07311 0.01567 0.06527 0.01044 0.04178 0.07572 0.08877 0.01044 0.04439 0.12010 0.03655 0.01828 0.02872 0.07311 0.03916 0.05222 0.00261 0.02089 0.08616
A8G5Y9                         0.06527 0.06266 0.01828 0.07572 0.01044 0.03133 0.09399 0.06789 0.01305 0.07833 0.10705 0.06527 0.02611 0.02350 0.06266 0.06005 0.06527 0.00261 0.02350 0.04700
A5GN19                         0.08877 0.07311 0.01305 0.06789 0.01305 0.03655 0.07572 0.07572 0.01044 0.05483 0.10444 0.04178 0.03133 0.02350 0.07050 0.07311 0.05222 0.00261 0.02350 0.06789
Q46JM7                         0.08094 0.07050 0.03394 0.07572 0.01044 0.02872 0.08355 0.07311 0.01044 0.06527 0.09922 0.04700 0.03655 0.02089 0.06005 0.05222 0.05744 0.00261 0.02350 0.06789
A2C412                         0.08094 0.07050 0.03394 0.07311 0.01044 0.02872 0.08616 0.07311 0.01044 0.06527 0.09922 0.04700 0.03655 0.02089 0.06005 0.05222 0.05744 0.00261 0.02350 0.06789
A2BSA7                         0.06527 0.06005 0.01828 0.07311 0.01044 0.03133 0.09399 0.07311 0.01305 0.07572 0.10966 0.06266 0.02611 0.02611 0.06789 0.05744 0.06266 0.00261 0.02089 0.04961
A4CRM4                         0.08877 0.07311 0.01828 0.07050 0.01305 0.03133 0.07311 0.07833 0.01044 0.05744 0.10444 0.04178 0.03133 0.02350 0.07050 0.06527 0.05744 0.00261 0.02350 0.06527
A3Z644                         0.09922 0.07311 0.01567 0.06266 0.01305 0.03916 0.07572 0.07833 0.01567 0.05483 0.10705 0.04178 0.03133 0.02350 0.07572 0.05483 0.04961 0.00261 0.02089 0.06527
Q05WJ4                         0.09138 0.07572 0.02350 0.06789 0.01305 0.03655 0.07572 0.08094 0.01044 0.05744 0.10183 0.03916 0.03133 0.02350 0.06789 0.04439 0.06527 0.00261 0.02089 0.07050
B1WQ52                         0.08355 0.07311 0.02089 0.08094 0.00261 0.02872 0.08355 0.08355 0.01305 0.07833 0.10705 0.03916 0.01828 0.02872 0.07050 0.04178 0.04439 0.00522 0.02350 0.07311
Q3AM38                         0.08355 0.07311 0.01567 0.07050 0.01305 0.03655 0.08094 0.08094 0.01305 0.04439 0.12272 0.04439 0.02350 0.02089 0.06789 0.05744 0.04961 0.00261 0.02350 0.07572
B2J2V3                         0.08094 0.07833 0.02872 0.07572 0.00522 0.03916 0.07311 0.07311 0.01567 0.07572 0.10966 0.03394 0.02350 0.02872 0.06527 0.04178 0.05222 0.00261 0.02089 0.07572
Q7V606                         0.08616 0.07311 0.02089 0.06527 0.01305 0.04178 0.07311 0.07833 0.01044 0.05222 0.10444 0.04961 0.03133 0.02350 0.07050 0.05483 0.05744 0.00261 0.02089 0.07050
Q0I8D2                         0.09399 0.07572 0.02089 0.06527 0.01305 0.03916 0.07311 0.07833 0.01044 0.05483 0.10444 0.04178 0.03133 0.02350 0.06789 0.05744 0.05222 0.00261 0.02350 0.07050
Q05YW2                         0.09399 0.07311 0.01828 0.06789 0.01305 0.03655 0.07833 0.07833 0.01305 0.04439 0.12010 0.04439 0.02611 0.02089 0.06266 0.05483 0.05222 0.00261 0.02350 0.07572
Q7U515                         0.09661 0.07311 0.01567 0.07050 0.01305 0.03916 0.07833 0.08094 0.01305 0.04961 0.12533 0.04439 0.01828 0.02089 0.06527 0.04178 0.06005 0.00261 0.02350 0.06789
Q4C5C3                         0.08094 0.07050 0.02089 0.07572 0.00261 0.02872 0.08355 0.08355 0.01305 0.08094 0.10444 0.04439 0.02350 0.02872 0.07050 0.03916 0.05222 0.00522 0.02350 0.06789
Q3AV44                         0.09399 0.07311 0.01828 0.07311 0.01305 0.03394 0.07572 0.08094 0.01305 0.04439 0.12010 0.04700 0.02611 0.02089 0.06266 0.05222 0.05222 0.00261 0.02350 0.07311
A2C794                         0.08355 0.07311 0.02089 0.06527 0.01305 0.03916 0.07572 0.08094 0.01044 0.05222 0.10444 0.04961 0.03133 0.02350 0.06789 0.05483 0.06005 0.00261 0.02089 0.07050

Homogeneity statistic: X2 = 2.73518 G = 2.70300 

Average                        0.08620 0.06897 0.02776 0.06684 0.00699 0.03467 0.08468 0.07238 0.01305 0.06363 0.10914 0.04860 0.02478 0.02796 0.06258 0.04921 0.05138 0.00285 0.02286 0.07548

# constant sites:     48 (12.53%)
ln Lmax (unconstrained) = -2204.268847

AA distances (raw proportions of different sites)

A8EU19         
Q7M9I4           0.4073
A6Q4N2           0.3916  0.3655
D1B019           0.4308  0.4021  0.4047
A7H2C7           0.4178  0.3629  0.3916  0.3551
A8FMV9           0.4178  0.3603  0.3916  0.3551  0.0078
Q4HH62           0.4230  0.3890  0.4151  0.3655  0.1123  0.1175
B9KFM1           0.4047  0.3969  0.3916  0.3708  0.2272  0.2324  0.2350
Q30TH2           0.4256  0.4334  0.3890  0.4282  0.4151  0.4151  0.4282  0.4413
A6QBH4           0.4386  0.4230  0.4334  0.4230  0.4360  0.4360  0.4334  0.4465  0.4491
Q4HSE9           0.4334  0.3838  0.4230  0.3603  0.1906  0.1906  0.2010  0.2324  0.4465  0.4282
O25812           0.5300  0.4726  0.4856  0.5117  0.4700  0.4752  0.4621  0.4961  0.4830  0.5274  0.4830
B7LR33           0.6580  0.6319  0.6397  0.6319  0.6319  0.6319  0.6136  0.6240  0.6240  0.6266  0.6266  0.6841
B7N0U9           0.6580  0.6319  0.6397  0.6319  0.6319  0.6319  0.6136  0.6240  0.6240  0.6266  0.6266  0.6841  0.0000
P05055           0.6580  0.6319  0.6397  0.6319  0.6319  0.6319  0.6136  0.6240  0.6240  0.6266  0.6266  0.6841  0.0026  0.0026
A0YTG1           0.6319  0.6371  0.6292  0.6162  0.5849  0.5875  0.5901  0.6136  0.6292  0.6240  0.6110  0.6371  0.5744  0.5744  0.5744
Q115K2           0.6345  0.6475  0.6214  0.6162  0.6005  0.5979  0.6110  0.6214  0.6423  0.6136  0.6031  0.6449  0.5640  0.5640  0.5640  0.2324
Q2JQF4           0.6475  0.6527  0.6292  0.6057  0.5901  0.5901  0.6005  0.6214  0.6214  0.6240  0.5927  0.6475  0.5535  0.5535  0.5535  0.3133  0.3055
Q31KE9           0.6397  0.6527  0.6292  0.6266  0.6110  0.6110  0.6214  0.6371  0.6266  0.6136  0.6292  0.6501  0.5457  0.5457  0.5457  0.2480  0.2663  0.2977
Q5N1G4           0.6397  0.6527  0.6292  0.6266  0.6110  0.6110  0.6214  0.6371  0.6266  0.6136  0.6292  0.6501  0.5457  0.5457  0.5457  0.2507  0.2689  0.2977  0.0026
B7KIQ3           0.6423  0.6449  0.6371  0.6136  0.6057  0.6057  0.6162  0.6188  0.6397  0.6240  0.6214  0.6319  0.5509  0.5509  0.5509  0.2533  0.2402  0.2846  0.2559  0.2585
B4B552           0.6475  0.6423  0.6397  0.6136  0.6005  0.6005  0.6162  0.6266  0.6371  0.6214  0.6214  0.6345  0.5587  0.5587  0.5587  0.2480  0.2324  0.2872  0.2480  0.2507  0.0914
Q8DGW9           0.6475  0.6397  0.6397  0.6240  0.6084  0.6084  0.6240  0.6292  0.6449  0.6319  0.6214  0.6554  0.5535  0.5535  0.5535  0.2977  0.2715  0.3290  0.2663  0.2689  0.2611  0.2611
B5W2I2           0.6449  0.6292  0.6345  0.6057  0.5718  0.5718  0.5953  0.6057  0.6475  0.6214  0.5979  0.6527  0.5509  0.5509  0.5509  0.1410  0.2298  0.2846  0.2350  0.2376  0.2324  0.2350  0.2663
B0JYC3           0.6292  0.6397  0.6240  0.6110  0.5901  0.5927  0.6031  0.6110  0.6266  0.6292  0.6057  0.6188  0.5614  0.5614  0.5614  0.2559  0.2298  0.3029  0.2611  0.2637  0.1932  0.1906  0.2507  0.2454
Q7NGM0           0.6527  0.6475  0.6214  0.6214  0.5901  0.5875  0.6136  0.6292  0.6345  0.6240  0.6057  0.6527  0.5640  0.5640  0.5640  0.3943  0.3551  0.3473  0.3603  0.3603  0.3681  0.3603  0.3577  0.3577  0.3290
Q8YP11           0.6423  0.6527  0.6527  0.6188  0.6136  0.6162  0.6266  0.6371  0.6423  0.6292  0.6266  0.6580  0.5535  0.5535  0.5535  0.2742  0.2350  0.3316  0.2141  0.2167  0.2637  0.2376  0.2637  0.2559  0.2611  0.3734
Q3M7Z9           0.6397  0.6501  0.6501  0.6162  0.6110  0.6136  0.6240  0.6345  0.6397  0.6266  0.6240  0.6554  0.5561  0.5561  0.5561  0.2715  0.2324  0.3264  0.2167  0.2193  0.2637  0.2428  0.2637  0.2533  0.2637  0.3708  0.0052
B1XJU0           0.6397  0.6475  0.6345  0.6084  0.5822  0.5875  0.5979  0.6136  0.6292  0.6240  0.6136  0.6423  0.5483  0.5483  0.5483  0.2428  0.2376  0.2977  0.2298  0.2324  0.2193  0.2376  0.2585  0.2324  0.2480  0.3890  0.2715  0.2715
B9L9F3           0.4491  0.4621  0.4517  0.4804  0.4621  0.4621  0.4726  0.4648  0.4700  0.5144  0.4830  0.5405  0.6789  0.6789  0.6789  0.6371  0.6319  0.6345  0.6423  0.6423  0.6449  0.6371  0.6423  0.6371  0.6319  0.6266  0.6501  0.6501  0.6475
A5GRD7           0.6580  0.6554  0.6345  0.6292  0.6031  0.6031  0.6188  0.6188  0.6371  0.6371  0.6084  0.6475  0.5405  0.5405  0.5379  0.3003  0.3003  0.3525  0.2611  0.2637  0.3081  0.2924  0.3394  0.2950  0.2846  0.3760  0.2977  0.2950  0.2663  0.6762
A0ZD23           0.6397  0.6554  0.6501  0.6266  0.6084  0.6110  0.6240  0.6371  0.6423  0.6240  0.6240  0.6580  0.5666  0.5666  0.5666  0.2689  0.2298  0.3316  0.2402  0.2428  0.2715  0.2533  0.2794  0.2611  0.2742  0.3916  0.1070  0.1044  0.2820  0.6580  0.3107
P72659           0.6527  0.6527  0.6397  0.6057  0.5875  0.5849  0.5953  0.6084  0.6449  0.6319  0.6057  0.6449  0.5405  0.5405  0.5405  0.2350  0.2454  0.3029  0.2402  0.2428  0.1880  0.1828  0.2742  0.2324  0.2193  0.3603  0.2715  0.2689  0.2193  0.6449  0.2898  0.2768
C7QTY4           0.6371  0.6423  0.6397  0.6162  0.5927  0.5927  0.6031  0.6136  0.6292  0.6240  0.6136  0.6345  0.5561  0.5561  0.5561  0.2533  0.2350  0.2872  0.2533  0.2559  0.1723  0.1671  0.2480  0.2402  0.2063  0.3473  0.2454  0.2428  0.2324  0.6371  0.3211  0.2533  0.1984
B7K339           0.6371  0.6423  0.6397  0.6162  0.5927  0.5927  0.6031  0.6136  0.6292  0.6240  0.6136  0.6345  0.5561  0.5561  0.5561  0.2533  0.2350  0.2872  0.2533  0.2559  0.1723  0.1671  0.2480  0.2402  0.2063  0.3473  0.2454  0.2428  0.2324  0.6371  0.3211  0.2533  0.1984  0.0000
Q2JLJ5           0.6580  0.6632  0.6345  0.6110  0.6005  0.6005  0.6084  0.6292  0.6240  0.6292  0.6057  0.6580  0.5483  0.5483  0.5483  0.3316  0.3185  0.0548  0.3003  0.3003  0.3003  0.3003  0.3342  0.3003  0.3159  0.3734  0.3394  0.3446  0.2977  0.6319  0.3629  0.3420  0.3264  0.3055  0.3055
B8HXN3           0.6554  0.6449  0.6475  0.6188  0.6031  0.6005  0.6188  0.6319  0.6397  0.6266  0.6240  0.6475  0.5248  0.5248  0.5248  0.2402  0.2193  0.2898  0.2115  0.2141  0.2219  0.2245  0.1958  0.2272  0.2350  0.3525  0.2141  0.2141  0.2480  0.6475  0.3107  0.2245  0.2324  0.2350  0.2350  0.2950
B0C1M5           0.6527  0.6527  0.6449  0.6292  0.6162  0.6188  0.6188  0.6397  0.6554  0.6397  0.6214  0.6606  0.5587  0.5587  0.5587  0.2559  0.2507  0.3238  0.2245  0.2272  0.2768  0.2611  0.2533  0.2245  0.2611  0.3655  0.2402  0.2376  0.2428  0.6658  0.2898  0.2428  0.2637  0.2846  0.2846  0.3394  0.2063
B9YN68           0.6397  0.6475  0.6423  0.6188  0.6057  0.6084  0.6214  0.6319  0.6371  0.6266  0.6214  0.6554  0.5431  0.5431  0.5431  0.2846  0.2559  0.3264  0.2219  0.2245  0.2533  0.2402  0.2689  0.2559  0.2533  0.3838  0.0757  0.0783  0.2715  0.6475  0.3159  0.1279  0.2768  0.2454  0.2454  0.3368  0.2167  0.2559
A3PE40           0.6580  0.6632  0.6475  0.6371  0.5927  0.5927  0.6084  0.6136  0.6475  0.6240  0.6031  0.6606  0.5770  0.5770  0.5770  0.3446  0.3551  0.3812  0.3211  0.3238  0.3368  0.3238  0.3655  0.3342  0.3290  0.4099  0.3603  0.3577  0.3185  0.6475  0.2663  0.3577  0.3446  0.3290  0.3290  0.3864  0.3316  0.3473  0.3629
Q319U4           0.6658  0.6580  0.6475  0.6371  0.5979  0.5979  0.6110  0.6136  0.6475  0.6266  0.6031  0.6606  0.5796  0.5796  0.5796  0.3551  0.3525  0.3786  0.3211  0.3238  0.3394  0.3316  0.3655  0.3446  0.3290  0.4204  0.3551  0.3525  0.3238  0.6527  0.2768  0.3499  0.3446  0.3264  0.3264  0.3812  0.3316  0.3446  0.3525  0.0496
A3IXQ9           0.6345  0.6371  0.6240  0.6110  0.5979  0.5979  0.6084  0.6136  0.6292  0.6110  0.6214  0.6319  0.5405  0.5405  0.5405  0.2350  0.2272  0.3107  0.2559  0.2585  0.1880  0.1932  0.2585  0.2324  0.2245  0.3655  0.2454  0.2428  0.2272  0.6319  0.3133  0.2454  0.1906  0.1384  0.1384  0.3316  0.2428  0.2794  0.2402  0.3264  0.3264
A2BXQ9           0.6632  0.6658  0.6423  0.6292  0.5927  0.5953  0.6084  0.6110  0.6606  0.6266  0.6057  0.6658  0.5822  0.5822  0.5822  0.3473  0.3577  0.3890  0.3316  0.3342  0.3368  0.3290  0.3734  0.3420  0.3238  0.4256  0.3681  0.3655  0.3185  0.6501  0.2742  0.3551  0.3446  0.3499  0.3499  0.3943  0.3420  0.3420  0.3655  0.0783  0.0888  0.3368
Q7V0R5           0.6580  0.6632  0.6371  0.6319  0.5822  0.5849  0.6005  0.6031  0.6527  0.6292  0.5953  0.6632  0.5796  0.5796  0.5796  0.3473  0.3551  0.3890  0.3290  0.3316  0.3394  0.3264  0.3629  0.3368  0.3290  0.4151  0.3629  0.3603  0.3185  0.6423  0.2794  0.3577  0.3446  0.3420  0.3420  0.3890  0.3368  0.3473  0.3681  0.0731  0.0940  0.3264  0.0627
A9BBJ7           0.6527  0.6658  0.6371  0.6292  0.6110  0.6084  0.6214  0.6188  0.6554  0.6345  0.6005  0.6423  0.5718  0.5718  0.5718  0.3316  0.3185  0.3786  0.2898  0.2924  0.3238  0.3264  0.3420  0.3238  0.3211  0.4047  0.3394  0.3446  0.3029  0.6606  0.2376  0.3499  0.3473  0.3420  0.3420  0.3786  0.3159  0.3316  0.3473  0.2167  0.2193  0.3290  0.2193  0.2298
Q7VAZ5           0.6632  0.6736  0.6501  0.6423  0.6188  0.6188  0.6345  0.6345  0.6658  0.6501  0.6188  0.6527  0.5666  0.5666  0.5666  0.3394  0.3290  0.3890  0.3003  0.3029  0.3211  0.3185  0.3446  0.3290  0.3107  0.3943  0.3420  0.3446  0.2977  0.6475  0.2298  0.3525  0.3264  0.3368  0.3368  0.3890  0.3316  0.3394  0.3446  0.2115  0.2245  0.3238  0.2193  0.2272  0.1305
A3Z0V4           0.6580  0.6501  0.6319  0.6292  0.5927  0.5901  0.6084  0.6240  0.6580  0.6371  0.6136  0.6580  0.5300  0.5300  0.5300  0.3133  0.3081  0.3368  0.2350  0.2376  0.2977  0.2794  0.3055  0.2742  0.2846  0.3446  0.2794  0.2820  0.2898  0.6554  0.1984  0.2846  0.2872  0.2950  0.2950  0.3420  0.2768  0.2898  0.2846  0.2663  0.2689  0.2794  0.2742  0.2663  0.2298  0.2298
A8G5Y9           0.6606  0.6580  0.6449  0.6345  0.5901  0.5927  0.6031  0.6031  0.6501  0.6136  0.6005  0.6606  0.5770  0.5770  0.5770  0.3525  0.3629  0.3890  0.3211  0.3238  0.3368  0.3342  0.3681  0.3394  0.3342  0.4204  0.3629  0.3603  0.3211  0.6475  0.2794  0.3499  0.3446  0.3316  0.3316  0.3943  0.3420  0.3499  0.3629  0.0522  0.0574  0.3290  0.0679  0.0731  0.2141  0.2141  0.2768
A5GN19           0.6684  0.6684  0.6501  0.6371  0.6136  0.6110  0.6266  0.6292  0.6606  0.6319  0.6110  0.6632  0.5614  0.5614  0.5614  0.2950  0.2950  0.3577  0.2637  0.2663  0.3211  0.3107  0.3264  0.3003  0.3133  0.3681  0.3029  0.3003  0.2742  0.6658  0.1775  0.3003  0.3081  0.3159  0.3159  0.3681  0.3133  0.3003  0.3185  0.2063  0.2115  0.3055  0.2141  0.2089  0.1984  0.1775  0.1958  0.2089
Q46JM7           0.6632  0.6554  0.6292  0.6345  0.6057  0.6031  0.6240  0.6162  0.6658  0.6423  0.5979  0.6580  0.5561  0.5561  0.5561  0.3473  0.3342  0.3734  0.3107  0.3133  0.3420  0.3368  0.3499  0.3342  0.3316  0.4125  0.3629  0.3603  0.3029  0.6658  0.2507  0.3446  0.3420  0.3394  0.3394  0.3760  0.3211  0.3264  0.3577  0.2350  0.2219  0.3368  0.2245  0.2376  0.1802  0.1854  0.2480  0.2219  0.2010
A2C412           0.6632  0.6580  0.6319  0.6345  0.6057  0.6031  0.6240  0.6188  0.6658  0.6423  0.5953  0.6580  0.5587  0.5587  0.5587  0.3473  0.3342  0.3734  0.3107  0.3133  0.3420  0.3368  0.3499  0.3342  0.3316  0.4125  0.3629  0.3603  0.3029  0.6658  0.2507  0.3446  0.3420  0.3394  0.3394  0.3760  0.3211  0.3264  0.3577  0.2350  0.2219  0.3368  0.2245  0.2376  0.1775  0.1854  0.2480  0.2219  0.2010  0.0026
A2BSA7           0.6658  0.6632  0.6475  0.6423  0.5953  0.5953  0.6110  0.6110  0.6527  0.6266  0.6031  0.6762  0.5822  0.5822  0.5822  0.3603  0.3629  0.3890  0.3290  0.3316  0.3394  0.3368  0.3708  0.3394  0.3394  0.4204  0.3655  0.3603  0.3290  0.6475  0.2794  0.3551  0.3525  0.3420  0.3420  0.3969  0.3446  0.3525  0.3655  0.0496  0.0705  0.3290  0.0731  0.0836  0.2193  0.2141  0.2794  0.0418  0.2219  0.2324  0.2324
A4CRM4           0.6658  0.6710  0.6501  0.6371  0.6162  0.6136  0.6240  0.6292  0.6580  0.6371  0.6162  0.6606  0.5614  0.5614  0.5614  0.3029  0.2977  0.3551  0.2663  0.2689  0.3290  0.3081  0.3238  0.3081  0.3107  0.3681  0.3081  0.3055  0.2872  0.6580  0.1880  0.3055  0.2977  0.3081  0.3081  0.3655  0.3081  0.3029  0.3238  0.2115  0.2141  0.3003  0.2167  0.2167  0.1932  0.1723  0.1958  0.2115  0.0392  0.1958  0.1958  0.2272
A3Z644           0.6684  0.6580  0.6475  0.6371  0.6188  0.6162  0.6319  0.6423  0.6554  0.6240  0.6240  0.6606  0.5431  0.5431  0.5431  0.2950  0.3003  0.3473  0.2480  0.2507  0.3159  0.3029  0.3133  0.2950  0.3003  0.3499  0.2924  0.2898  0.2742  0.6527  0.1932  0.2898  0.3081  0.3029  0.3029  0.3551  0.2924  0.2846  0.3029  0.2167  0.2115  0.3003  0.2193  0.2245  0.1958  0.1828  0.1828  0.2141  0.0757  0.1854  0.1854  0.2272  0.0783
Q05WJ4           0.6710  0.6658  0.6501  0.6371  0.6188  0.6162  0.6292  0.6397  0.6527  0.6292  0.6110  0.6632  0.5561  0.5561  0.5561  0.2950  0.2977  0.3473  0.2663  0.2689  0.3211  0.3055  0.3238  0.2977  0.3029  0.3838  0.3029  0.3003  0.2742  0.6710  0.1828  0.2977  0.3107  0.3081  0.3081  0.3577  0.3003  0.2924  0.3185  0.2115  0.2115  0.3029  0.2089  0.2167  0.1802  0.1723  0.1854  0.2089  0.0836  0.1671  0.1671  0.2193  0.0914  0.0757
B1WQ52           0.6397  0.6345  0.6319  0.6110  0.5875  0.5875  0.6005  0.6162  0.6371  0.6214  0.6136  0.6397  0.5379  0.5379  0.5379  0.2272  0.2219  0.3107  0.2585  0.2611  0.1906  0.1958  0.2585  0.2272  0.2245  0.3629  0.2480  0.2454  0.2245  0.6371  0.3107  0.2507  0.1828  0.1462  0.1462  0.3316  0.2480  0.2820  0.2454  0.3368  0.3368  0.0418  0.3446  0.3368  0.3290  0.3211  0.2846  0.3368  0.3107  0.3342  0.3342  0.3394  0.3081  0.3029  0.3081
Q3AM38           0.6658  0.6606  0.6423  0.6266  0.5927  0.5927  0.6110  0.6188  0.6554  0.6292  0.6031  0.6632  0.5483  0.5483  0.5483  0.3081  0.3185  0.3420  0.2376  0.2402  0.3029  0.2924  0.3055  0.2924  0.2872  0.3734  0.3003  0.3029  0.2637  0.6501  0.1880  0.3029  0.2924  0.3159  0.3159  0.3342  0.3003  0.3003  0.2977  0.2272  0.2245  0.3055  0.2245  0.2298  0.2089  0.1854  0.1854  0.2193  0.1514  0.2089  0.2089  0.2324  0.1514  0.1540  0.1645  0.3107
B2J2V3           0.6501  0.6580  0.6606  0.6319  0.6188  0.6214  0.6371  0.6397  0.6475  0.6345  0.6371  0.6658  0.5587  0.5587  0.5587  0.2742  0.2533  0.3368  0.2298  0.2324  0.2794  0.2611  0.2663  0.2611  0.2637  0.3916  0.0862  0.0836  0.2820  0.6684  0.3133  0.1070  0.2846  0.2611  0.2611  0.3473  0.2141  0.2507  0.1070  0.3473  0.3420  0.2559  0.3525  0.3499  0.3446  0.3525  0.2924  0.3473  0.3133  0.3473  0.3473  0.3525  0.3133  0.2977  0.2977  0.2637  0.3003
Q7V606           0.6736  0.6710  0.6423  0.6345  0.5979  0.5953  0.6136  0.6240  0.6580  0.6319  0.6110  0.6632  0.5535  0.5535  0.5535  0.3159  0.3055  0.3368  0.2611  0.2637  0.3159  0.2950  0.3264  0.3055  0.3107  0.3629  0.3055  0.3029  0.2794  0.6449  0.1932  0.3029  0.3003  0.3003  0.3003  0.3499  0.2924  0.3133  0.3107  0.2298  0.2245  0.3003  0.2324  0.2272  0.1880  0.1854  0.1697  0.2272  0.1332  0.1828  0.1828  0.2402  0.1227  0.1201  0.1227  0.3029  0.1671  0.3029
Q0I8D2           0.6789  0.6684  0.6475  0.6475  0.6188  0.6162  0.6266  0.6345  0.6580  0.6292  0.6162  0.6684  0.5561  0.5561  0.5561  0.3055  0.3081  0.3499  0.2480  0.2507  0.3342  0.3185  0.3342  0.2898  0.3107  0.3786  0.3029  0.3003  0.2820  0.6606  0.1723  0.3003  0.3081  0.3133  0.3133  0.3629  0.3055  0.3055  0.3159  0.2324  0.2350  0.3107  0.2402  0.2324  0.2010  0.2037  0.1749  0.2324  0.0836  0.2063  0.2063  0.2454  0.0888  0.0940  0.0914  0.3185  0.1723  0.3081  0.1253
Q05YW2           0.6710  0.6658  0.6449  0.6266  0.5979  0.5979  0.6162  0.6240  0.6606  0.6345  0.6057  0.6632  0.5509  0.5509  0.5509  0.3159  0.3185  0.3420  0.2480  0.2507  0.3185  0.3055  0.3185  0.3029  0.2872  0.3786  0.3081  0.3107  0.2689  0.6475  0.1775  0.3133  0.3029  0.3290  0.3290  0.3368  0.3107  0.3055  0.3081  0.2219  0.2219  0.3185  0.2298  0.2324  0.2141  0.1854  0.1932  0.2245  0.1488  0.1984  0.1984  0.2350  0.1514  0.1514  0.1619  0.3211  0.0548  0.3133  0.1645  0.1697
Q7U515           0.6710  0.6632  0.6475  0.6266  0.6005  0.5979  0.6188  0.6214  0.6554  0.6397  0.5979  0.6580  0.5457  0.5457  0.5457  0.3081  0.3133  0.3394  0.2428  0.2454  0.3081  0.2950  0.3107  0.2898  0.2977  0.3681  0.3003  0.3029  0.2611  0.6449  0.1854  0.3029  0.2950  0.3211  0.3211  0.3394  0.2924  0.2950  0.2950  0.2324  0.2298  0.3107  0.2219  0.2324  0.2063  0.1802  0.1749  0.2272  0.1488  0.2063  0.2063  0.2350  0.1514  0.1436  0.1410  0.3133  0.0705  0.3029  0.1462  0.1619  0.0809
Q4C5C3           0.6527  0.6475  0.6423  0.6292  0.6057  0.6057  0.6084  0.6188  0.6449  0.6345  0.6240  0.6423  0.5509  0.5509  0.5509  0.2585  0.2428  0.3185  0.2794  0.2820  0.1932  0.2037  0.2742  0.2480  0.2298  0.3681  0.2715  0.2689  0.2480  0.6475  0.3316  0.2742  0.2167  0.1567  0.1567  0.3342  0.2689  0.3003  0.2663  0.3446  0.3446  0.0757  0.3577  0.3499  0.3420  0.3238  0.3029  0.3420  0.3185  0.3473  0.3473  0.3473  0.3159  0.3133  0.3264  0.0548  0.3159  0.2846  0.3185  0.3316  0.3290  0.3238
Q3AV44           0.6736  0.6684  0.6449  0.6292  0.6005  0.6005  0.6188  0.6266  0.6632  0.6345  0.6084  0.6658  0.5509  0.5509  0.5509  0.3211  0.3211  0.3394  0.2507  0.2533  0.3185  0.3055  0.3185  0.3055  0.2872  0.3760  0.3107  0.3133  0.2663  0.6501  0.1775  0.3133  0.3003  0.3316  0.3316  0.3342  0.3107  0.3133  0.3107  0.2324  0.2298  0.3211  0.2376  0.2402  0.2167  0.1880  0.1906  0.2324  0.1567  0.2115  0.2115  0.2428  0.1567  0.1619  0.1749  0.3238  0.0627  0.3159  0.1645  0.1697  0.0157  0.0862  0.3264
A2C794           0.6762  0.6710  0.6423  0.6371  0.6005  0.5979  0.6136  0.6214  0.6606  0.6319  0.6057  0.6632  0.5509  0.5509  0.5509  0.3159  0.3107  0.3368  0.2637  0.2663  0.3211  0.3003  0.3290  0.3055  0.3133  0.3655  0.3107  0.3081  0.2820  0.6475  0.1984  0.3029  0.3055  0.3055  0.3055  0.3499  0.2977  0.3133  0.3159  0.2272  0.2219  0.3055  0.2298  0.2245  0.1854  0.1828  0.1749  0.2193  0.1279  0.1749  0.1749  0.2376  0.1175  0.1175  0.1149  0.3081  0.1671  0.3003  0.0157  0.1227  0.1671  0.1462  0.3185  0.1671


TREE #  1:  (5, 6, (7, (11, (8, ((4, ((2, 12), ((10, 1), (9, (3, 30))))), ((15, (13, 14)), (26, ((18, 36), (((((32, 58), (39, (27, 28))), (38, (37, 23))), ((17, (16, 24)), (29, (33, (25, ((21, 22), ((34, 35), (42, (63, 56))))))))), ((19, 20), (47, (31, ((62, (57, (61, 64))), (((59, 65), ((50, 51), (((41, 40), ((48, 52), (43, 44))), (45, 46)))), ((49, 53), (54, (55, 60)))))))))))))))));   MP score: 3152
lnL(ntime: 63  np: 64): -17192.089850      +0.000000
  66..5    66..6    66..67   67..7    67..68   68..11   68..69   69..8    69..70   70..71   71..4    71..72   72..73   73..2    73..12   72..74   74..75   75..10   75..1    74..76   76..9    76..77   77..3    77..30   70..78   78..79   79..15   79..80   80..13   80..14   78..81   81..26   81..82   82..83   83..18   83..36   82..84   84..85   85..86   86..87   87..88   88..32   88..58   87..89   89..39   89..90   90..27   90..28   86..91   91..38   91..92   92..37   92..23   85..93   93..94   94..17   94..95   95..16   95..24   93..96   96..29   96..97   97..33   97..98   98..25   98..99   99..100 100..21  100..22   99..101 101..102 102..34  102..35  101..103 103..42  103..104 104..63  104..56   84..105 105..106 106..19  106..20  105..107 107..47  107..108 108..31  108..109 109..110 110..62  110..111 111..57  111..112 112..61  112..64  109..113 113..114 114..115 115..59  115..65  114..116 116..117 117..50  117..51  116..118 118..119 119..120 120..41  120..40  119..121 121..122 122..48  122..52  121..123 123..43  123..44  118..124 124..45  124..46  113..125 125..126 126..49  126..53  125..127 127..54  127..128 128..55  128..60 
 0.666463 0.666462 0.665313 0.665312 0.647579 0.583014 0.554314 0.499166 0.509721 0.431133 0.455339 0.429987 0.494993 0.001241 0.000000 0.364016 0.335517 0.034225 0.304193 0.271656 0.259471 0.076717 0.063217 0.052369 0.003811 0.221429 0.167620 0.244218 0.208200 0.104967 0.216301 0.180844 0.175010 0.153677 0.060489 0.105647 0.000000 0.038229 0.028181 0.274917 0.001735 0.196226 0.180474 0.163748 0.061543 0.036172 0.008441 0.145536 0.144238 0.011106 0.128001 0.001310 0.119052 0.039965 0.030185 0.036830 0.025923 0.025393 0.077587 0.084782 0.027506 0.073330 0.063317 0.692062

tree length =  14.23029

(5: 0.666463, 6: 0.666463, (7: 0.666462, (11: 0.665313, (8: 0.665312, ((4: 0.583014, ((2: 0.499166, 12: 0.499166): 0.055148, ((10: 0.431133, 1: 0.431133): 0.078588, (9: 0.455339, (3: 0.429987, 30: 0.429987): 0.025353): 0.054382): 0.044593): 0.028700): 0.064565, ((15: 0.001241, (13: 0.000000, 14: 0.000000): 0.001241): 0.493752, (26: 0.364016, ((18: 0.034225, 36: 0.034225): 0.301292, (((((32: 0.063217, 58: 0.063217): 0.013500, (39: 0.052369, (27: 0.003811, 28: 0.003811): 0.048557): 0.024349): 0.182754, (38: 0.221429, (37: 0.167620, 23: 0.167620): 0.053809): 0.038042): 0.012185, ((17: 0.208200, (16: 0.104967, 24: 0.104967): 0.103234): 0.036017, (29: 0.216301, (33: 0.180844, (25: 0.175010, ((21: 0.060489, 22: 0.060489): 0.093188, ((34: 0.000000, 35: 0.000000): 0.105647, (42: 0.038229, (63: 0.028181, 56: 0.028181): 0.010047): 0.067418): 0.048030): 0.021334): 0.005834): 0.035457): 0.027916): 0.027438): 0.032537, ((19: 0.001735, 20: 0.001735): 0.273182, (47: 0.196226, (31: 0.180474, ((62: 0.061543, (57: 0.036172, (61: 0.008441, 64: 0.008441): 0.027731): 0.025371): 0.102205, (((59: 0.011106, 65: 0.011106): 0.133131, ((50: 0.001310, 51: 0.001310): 0.126691, (((41: 0.030185, 40: 0.030185): 0.009781, ((48: 0.025923, 52: 0.025923): 0.010907, (43: 0.025393, 44: 0.025393): 0.011437): 0.003136): 0.079086, (45: 0.077587, 46: 0.077587): 0.041464): 0.008950): 0.016236): 0.001298, ((49: 0.027506, 53: 0.027506): 0.057276, (54: 0.073330, (55: 0.063317, 60: 0.063317): 0.010013): 0.011451): 0.060755): 0.018212): 0.016726): 0.015753): 0.078690): 0.029277): 0.031324): 0.028499): 0.130976): 0.152586): 0.017734): 0.000001): 0.001149): 0.000001);

(A7H2C7: 0.666463, A8FMV9: 0.666463, (Q4HH62: 0.666462, (Q4HSE9: 0.665313, (B9KFM1: 0.665312, ((D1B019: 0.583014, ((Q7M9I4: 0.499166, O25812: 0.499166): 0.055148, ((A6QBH4: 0.431133, A8EU19: 0.431133): 0.078588, (Q30TH2: 0.455339, (A6Q4N2: 0.429987, B9L9F3: 0.429987): 0.025353): 0.054382): 0.044593): 0.028700): 0.064565, ((P05055: 0.001241, (B7LR33: 0.000000, B7N0U9: 0.000000): 0.001241): 0.493752, (Q7NGM0: 0.364016, ((Q2JQF4: 0.034225, Q2JLJ5: 0.034225): 0.301292, (((((A0ZD23: 0.063217, B2J2V3: 0.063217): 0.013500, (B9YN68: 0.052369, (Q8YP11: 0.003811, Q3M7Z9: 0.003811): 0.048557): 0.024349): 0.182754, (B0C1M5: 0.221429, (B8HXN3: 0.167620, Q8DGW9: 0.167620): 0.053809): 0.038042): 0.012185, ((Q115K2: 0.208200, (A0YTG1: 0.104967, B5W2I2: 0.104967): 0.103234): 0.036017, (B1XJU0: 0.216301, (P72659: 0.180844, (B0JYC3: 0.175010, ((B7KIQ3: 0.060489, B4B552: 0.060489): 0.093188, ((C7QTY4: 0.000000, B7K339: 0.000000): 0.105647, (A3IXQ9: 0.038229, (Q4C5C3: 0.028181, B1WQ52: 0.028181): 0.010047): 0.067418): 0.048030): 0.021334): 0.005834): 0.035457): 0.027916): 0.027438): 0.032537, ((Q31KE9: 0.001735, Q5N1G4: 0.001735): 0.273182, (A3Z0V4: 0.196226, (A5GRD7: 0.180474, ((Q7U515: 0.061543, (Q3AM38: 0.036172, (Q05YW2: 0.008441, Q3AV44: 0.008441): 0.027731): 0.025371): 0.102205, (((Q7V606: 0.011106, A2C794: 0.011106): 0.133131, ((Q46JM7: 0.001310, A2C412: 0.001310): 0.126691, (((Q319U4: 0.030185, A3PE40: 0.030185): 0.009781, ((A8G5Y9: 0.025923, A2BSA7: 0.025923): 0.010907, (A2BXQ9: 0.025393, Q7V0R5: 0.025393): 0.011437): 0.003136): 0.079086, (A9BBJ7: 0.077587, Q7VAZ5: 0.077587): 0.041464): 0.008950): 0.016236): 0.001298, ((A5GN19: 0.027506, A4CRM4: 0.027506): 0.057276, (A3Z644: 0.073330, (Q05WJ4: 0.063317, Q0I8D2: 0.063317): 0.010013): 0.011451): 0.060755): 0.018212): 0.016726): 0.015753): 0.078690): 0.029277): 0.031324): 0.028499): 0.130976): 0.152586): 0.017734): 0.000001): 0.001149): 0.000001);

(5_A7H2C7, 6_A8FMV9, (7_Q4HH62, (11_Q4HSE9, (8_B9KFM1, ((4_D1B019, ((2_Q7M9I4, 12_O25812) 73 , ((10_A6QBH4, 1_A8EU19) 75 , (9_Q30TH2, (3_A6Q4N2, 30_B9L9F3) 77 ) 76 ) 74 ) 72 ) 71 , ((15_P05055, (13_B7LR33, 14_B7N0U9) 80 ) 79 , (26_Q7NGM0, ((18_Q2JQF4, 36_Q2JLJ5) 83 , (((((32_A0ZD23, 58_B2J2V3) 88 , (39_B9YN68, (27_Q8YP11, 28_Q3M7Z9) 90 ) 89 ) 87 , (38_B0C1M5, (37_B8HXN3, 23_Q8DGW9) 92 ) 91 ) 86 , ((17_Q115K2, (16_A0YTG1, 24_B5W2I2) 95 ) 94 , (29_B1XJU0, (33_P72659, (25_B0JYC3, ((21_B7KIQ3, 22_B4B552) 100 , ((34_C7QTY4, 35_B7K339) 102 , (42_A3IXQ9, (63_Q4C5C3, 56_B1WQ52) 104 ) 103 ) 101 ) 99 ) 98 ) 97 ) 96 ) 93 ) 85 , ((19_Q31KE9, 20_Q5N1G4) 106 , (47_A3Z0V4, (31_A5GRD7, ((62_Q7U515, (57_Q3AM38, (61_Q05YW2, 64_Q3AV44) 112 ) 111 ) 110 , (((59_Q7V606, 65_A2C794) 115 , ((50_Q46JM7, 51_A2C412) 117 , (((41_Q319U4, 40_A3PE40) 120 , ((48_A8G5Y9, 52_A2BSA7) 122 , (43_A2BXQ9, 44_Q7V0R5) 123 ) 121 ) 119 , (45_A9BBJ7, 46_Q7VAZ5) 124 ) 118 ) 116 ) 114 , ((49_A5GN19, 53_A4CRM4) 126 , (54_A3Z644, (55_Q05WJ4, 60_Q0I8D2) 128 ) 127 ) 125 ) 113 ) 109 ) 108 ) 107 ) 105 ) 84 ) 82 ) 81 ) 78 ) 70 ) 69 ) 68 ) 67 ) 66 ;

Detailed output identifying parameters

alpha (gamma, K = 4) =  0.69206
rate:   0.07249  0.35976  0.92189  2.64586
freq:   0.25000  0.25000  0.25000  0.25000

Time used: 14:08
