AAML (in paml version 4.6, August 2012)  276.aa
Model: Empirical for branches,  (../../../bin/LG.dat) dGamma (ncatG=4) ns =  65  ls = 213


Frequencies..
                                    A      R      N      D      C      Q      E      G      H      I      L      K      M      F      P      S      T      W      Y      V
A8ETW1                         0.06573 0.01878 0.06103 0.06103 0.00939 0.01408 0.07981 0.07512 0.02347 0.07981 0.07981 0.11737 0.02817 0.05634 0.02347 0.02817 0.06103 0.00469 0.03286 0.07981
A6Q908                         0.08920 0.02817 0.04695 0.06103 0.00000 0.01408 0.07981 0.07981 0.02817 0.06573 0.08920 0.08451 0.01878 0.05164 0.02347 0.04695 0.04695 0.00469 0.04225 0.09859
Q30RT3                         0.10329 0.02347 0.04225 0.05634 0.00469 0.03286 0.07042 0.07042 0.02347 0.05634 0.07981 0.08920 0.03756 0.06573 0.02817 0.02347 0.06573 0.00000 0.03756 0.08920
D1B2G6                         0.11268 0.03286 0.04225 0.03756 0.00469 0.02817 0.08920 0.06103 0.03286 0.07981 0.09390 0.07042 0.01878 0.06103 0.01878 0.03756 0.05164 0.00939 0.03756 0.07981
A6Q3Y3                         0.07981 0.04225 0.04225 0.07512 0.00469 0.03286 0.07512 0.06573 0.02817 0.07042 0.08451 0.09390 0.01878 0.06573 0.02347 0.02347 0.04695 0.00469 0.03286 0.08920
B9L8D9                         0.06103 0.01878 0.05164 0.03756 0.00000 0.00939 0.12676 0.06573 0.02347 0.09390 0.07981 0.11737 0.02817 0.04695 0.02347 0.04695 0.04225 0.00469 0.05164 0.07042
Q7M8N9                         0.07981 0.05634 0.02817 0.04695 0.00939 0.01878 0.09859 0.10329 0.02817 0.05634 0.10798 0.07042 0.03286 0.06103 0.02817 0.03756 0.02347 0.00000 0.03286 0.07981
B9KG40                         0.07981 0.02347 0.06573 0.03286 0.02347 0.04225 0.07512 0.06573 0.02347 0.07042 0.11737 0.09390 0.02347 0.06103 0.01408 0.05634 0.04225 0.00000 0.03286 0.05634
A7H333                         0.07981 0.02347 0.05164 0.06103 0.00939 0.02817 0.06573 0.07042 0.01408 0.08451 0.10798 0.09859 0.03756 0.06573 0.01408 0.06573 0.03756 0.00000 0.03286 0.05164
Q4HEV9                         0.08920 0.03756 0.06103 0.03756 0.01878 0.02347 0.10798 0.07042 0.01878 0.07042 0.11737 0.08920 0.03756 0.06573 0.00939 0.03286 0.03756 0.00000 0.03286 0.04225
A8FM57                         0.07981 0.02347 0.05634 0.06103 0.00939 0.02817 0.06573 0.07512 0.01408 0.08451 0.10329 0.09859 0.03756 0.07042 0.01408 0.06103 0.03286 0.00000 0.03286 0.05164
P56081                         0.07042 0.03286 0.04225 0.04695 0.00469 0.03756 0.09859 0.06573 0.02817 0.08451 0.11268 0.10798 0.02347 0.06103 0.01878 0.02817 0.03756 0.00000 0.03286 0.06573
Q4HTC1                         0.09859 0.02817 0.04695 0.03286 0.01408 0.03286 0.08451 0.07042 0.04225 0.08920 0.11268 0.09390 0.01878 0.05634 0.01878 0.04225 0.03286 0.00000 0.03756 0.04695
A0YMX6                         0.07042 0.05164 0.01878 0.04695 0.00939 0.04225 0.07042 0.08451 0.02817 0.08920 0.11737 0.07981 0.01408 0.01878 0.03756 0.04225 0.06573 0.00939 0.01408 0.08920
B0JID6                         0.10798 0.03756 0.03756 0.05634 0.00469 0.04695 0.06103 0.08451 0.01878 0.07042 0.09859 0.06573 0.02817 0.01878 0.03756 0.03286 0.07042 0.00939 0.01878 0.09390
B2J913                         0.08920 0.04695 0.02347 0.06103 0.00469 0.05164 0.06573 0.09859 0.02817 0.08451 0.09859 0.06573 0.02347 0.01878 0.03756 0.02347 0.05164 0.00939 0.01408 0.10329
B7KJH2                         0.09859 0.03756 0.03286 0.04225 0.00469 0.06103 0.06103 0.08920 0.02347 0.10798 0.08920 0.07981 0.01408 0.01878 0.03756 0.03286 0.06103 0.00939 0.01408 0.08451
B1XKA0                         0.09859 0.04225 0.02347 0.05164 0.00939 0.03756 0.07512 0.07981 0.02347 0.07042 0.11268 0.06573 0.01878 0.02817 0.03286 0.03756 0.07512 0.00939 0.01878 0.08920
Q3M4V2                         0.08920 0.04695 0.03286 0.06103 0.00469 0.05634 0.05634 0.10329 0.03286 0.07042 0.10798 0.07042 0.01878 0.02347 0.03286 0.01878 0.04695 0.00939 0.01408 0.10329
C7QTF3                         0.06103 0.03286 0.01878 0.05164 0.00469 0.05634 0.06103 0.07981 0.01878 0.12676 0.08451 0.07981 0.02347 0.02347 0.02817 0.07512 0.06103 0.00939 0.01878 0.08451
B7K660                         0.06103 0.03286 0.01878 0.05164 0.00469 0.05634 0.06103 0.07981 0.01878 0.12676 0.08451 0.07981 0.02347 0.02347 0.02817 0.07512 0.06103 0.00939 0.01878 0.08451
Q8YVQ0                         0.08920 0.04695 0.03286 0.06103 0.00469 0.05634 0.06103 0.09859 0.03286 0.07042 0.10798 0.07042 0.01408 0.02347 0.03286 0.01878 0.04695 0.00939 0.01408 0.10798
A2BW03                         0.03756 0.03286 0.04225 0.06103 0.00469 0.01878 0.07512 0.08920 0.02347 0.11737 0.07981 0.13146 0.02347 0.04225 0.03286 0.05164 0.03756 0.00469 0.04225 0.05164
A2BQG2                         0.04225 0.03286 0.05164 0.05634 0.00469 0.01408 0.08920 0.08920 0.02347 0.10329 0.08920 0.11268 0.02347 0.04695 0.03286 0.06573 0.02347 0.00469 0.02817 0.06573
A3PC83                         0.04225 0.02817 0.04695 0.05634 0.00469 0.01408 0.08451 0.08920 0.02817 0.10798 0.08920 0.12207 0.02347 0.04695 0.03286 0.06573 0.02347 0.00469 0.02817 0.06103
Q31BK2                         0.04225 0.02817 0.05634 0.05634 0.00469 0.01408 0.08451 0.08920 0.02347 0.10329 0.08920 0.11737 0.02347 0.04695 0.03286 0.06103 0.02347 0.00469 0.03286 0.06573
A8G451                         0.04225 0.03286 0.04695 0.05634 0.00469 0.01408 0.08920 0.08920 0.02817 0.09859 0.08920 0.11268 0.02347 0.04695 0.03286 0.06573 0.02347 0.00469 0.02817 0.07042
B4AX99                         0.10329 0.04695 0.02347 0.04695 0.00469 0.05164 0.06103 0.08920 0.02817 0.08920 0.09390 0.07042 0.02347 0.02347 0.03286 0.03286 0.06573 0.00939 0.01408 0.08920
B9YQ09                         0.08451 0.03286 0.03286 0.04695 0.00939 0.05164 0.06103 0.08920 0.03756 0.08451 0.10329 0.08451 0.01408 0.02817 0.03756 0.03756 0.05634 0.00939 0.01878 0.07981
Q5N3D4                         0.10329 0.06103 0.02347 0.04695 0.00939 0.05164 0.07042 0.08920 0.02817 0.07042 0.11737 0.05164 0.01408 0.02347 0.04225 0.02347 0.05634 0.00939 0.01408 0.09390
Q31QW2                         0.10329 0.06103 0.02347 0.04695 0.00939 0.05164 0.07042 0.08920 0.02817 0.07042 0.11737 0.05164 0.01408 0.02347 0.04225 0.02347 0.05634 0.00939 0.01408 0.09390
B1WUD4                         0.07981 0.04225 0.03286 0.03286 0.00469 0.06573 0.07042 0.08920 0.01878 0.09859 0.09859 0.08451 0.02347 0.01878 0.03756 0.03756 0.03756 0.00939 0.01878 0.09859
A3IU93                         0.07512 0.02817 0.04695 0.04695 0.00469 0.05634 0.07042 0.07981 0.01878 0.10329 0.08451 0.10329 0.02817 0.02347 0.03286 0.04695 0.03756 0.00939 0.01878 0.08451
Q4C1E1                         0.07512 0.03286 0.02347 0.05634 0.00469 0.05634 0.06573 0.08451 0.01878 0.09390 0.08920 0.09859 0.03286 0.02817 0.03286 0.05164 0.04695 0.00939 0.01878 0.07981
Q46LM0                         0.06103 0.03756 0.05164 0.03286 0.00939 0.03286 0.08451 0.09390 0.02347 0.09390 0.10798 0.10798 0.02347 0.03286 0.02817 0.06103 0.01878 0.01408 0.01408 0.07042
A0ZI93                         0.08920 0.05164 0.01878 0.04695 0.00469 0.04225 0.07981 0.09859 0.03286 0.07512 0.09859 0.07042 0.03286 0.01878 0.03756 0.02347 0.05634 0.00939 0.01878 0.09390
A2C1E0                         0.06103 0.03756 0.05634 0.04225 0.00939 0.02817 0.07512 0.09390 0.02347 0.08920 0.11268 0.10798 0.02347 0.03286 0.02817 0.06573 0.01408 0.01408 0.01408 0.07042
Q10V03                         0.07512 0.04225 0.01408 0.05634 0.00469 0.04225 0.06573 0.09390 0.02817 0.06573 0.12676 0.07042 0.02347 0.02347 0.03286 0.05634 0.05164 0.00939 0.01408 0.10329
Q7VBT3                         0.04225 0.03756 0.05634 0.05164 0.00469 0.01878 0.07981 0.09390 0.02817 0.09390 0.14554 0.09859 0.02347 0.01878 0.02817 0.04225 0.03286 0.01408 0.01408 0.07512
Q7V209                         0.04695 0.02817 0.06103 0.04695 0.00939 0.01878 0.07981 0.08451 0.02817 0.11737 0.07981 0.11737 0.02817 0.04225 0.03286 0.05164 0.03286 0.00469 0.03756 0.05164
B7N1G6                         0.11737 0.05634 0.03756 0.02817 0.01878 0.02347 0.07981 0.09390 0.02817 0.05164 0.12676 0.03756 0.03756 0.02347 0.03756 0.05164 0.03756 0.00939 0.02347 0.07981
B8HRK7                         0.08451 0.03756 0.03286 0.06573 0.00939 0.05634 0.04695 0.08920 0.04225 0.07512 0.12207 0.06103 0.00939 0.03286 0.04225 0.02347 0.05634 0.00939 0.01408 0.08920
Q0IA87                         0.11268 0.05634 0.02347 0.06103 0.00469 0.04225 0.05634 0.09859 0.02817 0.05164 0.10798 0.04225 0.02347 0.02817 0.03756 0.04695 0.05164 0.00939 0.01408 0.10329
Q2JHG6                         0.14085 0.07981 0.01408 0.03286 0.00939 0.05634 0.07981 0.08920 0.02347 0.06103 0.10798 0.04695 0.01408 0.02347 0.04695 0.01408 0.03286 0.02817 0.02817 0.07042
Q067H7                         0.08920 0.06573 0.03756 0.06103 0.00939 0.03286 0.07512 0.11268 0.02817 0.07042 0.11268 0.03756 0.01408 0.02347 0.04225 0.03286 0.05164 0.01408 0.01408 0.07512
B0CBS9                         0.10329 0.04225 0.01878 0.07512 0.00000 0.05164 0.06103 0.07981 0.02347 0.07512 0.11268 0.06573 0.01408 0.02817 0.03286 0.02817 0.06573 0.01408 0.01878 0.08920
Q05T41                         0.09859 0.05634 0.03756 0.07042 0.00939 0.04695 0.05164 0.11737 0.02817 0.05164 0.09859 0.04225 0.01408 0.02347 0.04695 0.02347 0.05164 0.01408 0.01408 0.10329
A9BA66                         0.06573 0.04695 0.03756 0.03756 0.01408 0.03756 0.08451 0.08920 0.02817 0.10798 0.09859 0.08920 0.01878 0.02817 0.03756 0.02817 0.04225 0.01408 0.01408 0.07981
A5GTW3                         0.11737 0.07042 0.02347 0.04225 0.00469 0.04695 0.05634 0.11268 0.03756 0.06573 0.11737 0.03756 0.02347 0.01408 0.03756 0.02347 0.05164 0.00939 0.01878 0.08920
Q7NHM2                         0.10329 0.08920 0.01408 0.04225 0.00939 0.02347 0.07512 0.09390 0.02817 0.04695 0.13146 0.04695 0.01878 0.01408 0.04695 0.02817 0.04695 0.01408 0.01878 0.10798
A5GL15                         0.08920 0.06573 0.02347 0.07042 0.00939 0.05164 0.05164 0.09859 0.02817 0.06103 0.11737 0.04225 0.01878 0.02347 0.03756 0.03756 0.06573 0.01408 0.01408 0.07981
Q3AJM8                         0.09859 0.07981 0.02347 0.06103 0.00939 0.01878 0.07981 0.10329 0.02347 0.05634 0.11268 0.03286 0.01878 0.02347 0.04225 0.06573 0.04225 0.01408 0.01408 0.07981
P73997                         0.09390 0.03756 0.02347 0.05164 0.00939 0.04225 0.06573 0.09390 0.02817 0.07042 0.11737 0.07042 0.01878 0.01878 0.03286 0.03756 0.06103 0.00469 0.02817 0.09390
Q2JTI2                         0.13146 0.09390 0.01408 0.02817 0.00939 0.06103 0.07512 0.09390 0.02817 0.05634 0.12207 0.03286 0.00939 0.02347 0.04225 0.01408 0.03756 0.02817 0.02817 0.07042
Q8DKS3                         0.13146 0.05634 0.02817 0.04225 0.00939 0.04695 0.05634 0.08451 0.04695 0.07981 0.12207 0.04225 0.01408 0.02817 0.04695 0.02347 0.03286 0.00939 0.01878 0.07981
Q7U6M8                         0.10329 0.07042 0.02347 0.06573 0.01878 0.03286 0.07042 0.11268 0.02817 0.05634 0.11268 0.03286 0.01878 0.02347 0.05164 0.01878 0.05164 0.01408 0.01408 0.07981
Q3AY13                         0.09390 0.05164 0.02817 0.05634 0.00939 0.03756 0.07981 0.11268 0.03756 0.06573 0.11737 0.04225 0.01408 0.02347 0.03756 0.03286 0.05634 0.01408 0.01408 0.07512
P07639                         0.12207 0.05634 0.03756 0.02817 0.01878 0.02347 0.07981 0.09390 0.02817 0.05164 0.12676 0.04225 0.03756 0.02347 0.03756 0.05164 0.03286 0.00939 0.02347 0.07512
A4CUP3                         0.09390 0.07512 0.01878 0.07512 0.00939 0.04695 0.05164 0.09390 0.02817 0.06573 0.11737 0.03756 0.01878 0.02347 0.03286 0.03756 0.06103 0.01408 0.01408 0.08451
Q7V7S1                         0.07981 0.06103 0.03286 0.04695 0.00939 0.02817 0.07981 0.10798 0.02347 0.06573 0.11737 0.07042 0.01408 0.02347 0.03756 0.05164 0.03286 0.01408 0.01878 0.08451
A3YZT3                         0.11737 0.05634 0.02347 0.04225 0.00939 0.04225 0.07512 0.10798 0.02347 0.04695 0.15023 0.03286 0.01878 0.01878 0.05164 0.03756 0.03286 0.00469 0.01878 0.08920
A3Z6Z3                         0.14085 0.07042 0.02347 0.04695 0.01408 0.02817 0.08920 0.11268 0.02347 0.04695 0.11737 0.03286 0.01408 0.02347 0.03286 0.03286 0.02817 0.00939 0.01878 0.09390
B7LS90                         0.12676 0.05634 0.02817 0.03756 0.01878 0.02347 0.08920 0.09390 0.02817 0.04225 0.12676 0.03286 0.03756 0.02347 0.03756 0.04695 0.03286 0.00939 0.02347 0.08451
A2C9Z1                         0.08451 0.06103 0.03756 0.04695 0.00939 0.02347 0.07981 0.10798 0.02347 0.06573 0.11737 0.06573 0.01408 0.02347 0.04225 0.04225 0.03756 0.01408 0.01878 0.08451
B5W999                         0.07512 0.05164 0.02347 0.06573 0.00469 0.05164 0.06103 0.08920 0.02817 0.09859 0.10329 0.06573 0.01878 0.01878 0.03756 0.04225 0.04695 0.00939 0.01408 0.09390

Homogeneity statistic: X2 = 5.70260 G = 5.76406 

Average                        0.08732 0.04623 0.03467 0.05078 0.00823 0.03734 0.07382 0.08978 0.02687 0.07793 0.10668 0.07353 0.02210 0.03286 0.03359 0.04038 0.04514 0.00903 0.02254 0.08118

# constant sites:     41 (19.25%)
ln Lmax (unconstrained) = -1089.248944

AA distances (raw proportions of different sites)

A8ETW1         
A6Q908           0.3333
Q30RT3           0.3099  0.3192
D1B2G6           0.3474  0.3333  0.3709
A6Q3Y3           0.3615  0.3333  0.3474  0.3850
B9L8D9           0.3380  0.2723  0.3709  0.3897  0.3662
Q7M8N9           0.3568  0.3380  0.3756  0.3662  0.3803  0.4085
B9KG40           0.4319  0.4038  0.4648  0.4085  0.4460  0.3897  0.4413
A7H333           0.4648  0.4178  0.4883  0.4366  0.4554  0.4131  0.4836  0.2488
Q4HEV9           0.4460  0.4178  0.4883  0.4131  0.4460  0.4038  0.4413  0.2676  0.2113
A8FM57           0.4695  0.4225  0.5023  0.4413  0.4554  0.4131  0.4930  0.2582  0.0423  0.2207
P56081           0.4272  0.3709  0.4178  0.3850  0.3991  0.4085  0.4131  0.4507  0.4601  0.4507  0.4695
Q4HTC1           0.4883  0.4319  0.4930  0.4319  0.4507  0.4507  0.4789  0.3239  0.3286  0.2629  0.3286  0.4554
A0YMX6           0.5070  0.4742  0.4930  0.5352  0.5352  0.5023  0.5211  0.5305  0.5540  0.5587  0.5681  0.5399  0.5869
B0JID6           0.5070  0.4836  0.5211  0.5211  0.5540  0.5164  0.5399  0.5211  0.5540  0.5540  0.5681  0.5493  0.5634  0.2958
B2J913           0.5446  0.5211  0.5164  0.5728  0.5258  0.5023  0.5446  0.5775  0.5681  0.5822  0.5775  0.5540  0.5915  0.2441  0.3005
B7KJH2           0.5117  0.4930  0.4883  0.5352  0.5305  0.5070  0.5305  0.5305  0.5728  0.5446  0.5822  0.5587  0.5869  0.2629  0.2629  0.2347
B1XKA0           0.5493  0.4977  0.5070  0.5681  0.5352  0.5211  0.5493  0.5446  0.5587  0.5728  0.5728  0.5446  0.6056  0.3286  0.3427  0.3192  0.2864
Q3M4V2           0.5258  0.5070  0.5164  0.5822  0.5352  0.5023  0.5446  0.5775  0.5634  0.5915  0.5775  0.5634  0.6009  0.2582  0.3099  0.1268  0.2347  0.3005
C7QTF3           0.5399  0.5023  0.5117  0.5587  0.5587  0.5023  0.5446  0.5399  0.5540  0.5587  0.5634  0.5305  0.6009  0.3099  0.2864  0.3005  0.2676  0.3005  0.3146
B7K660           0.5399  0.5023  0.5117  0.5587  0.5587  0.5023  0.5446  0.5399  0.5540  0.5587  0.5634  0.5305  0.6009  0.3099  0.2864  0.3005  0.2676  0.3005  0.3146  0.0000
Q8YVQ0           0.5305  0.5117  0.5164  0.5822  0.5399  0.5070  0.5493  0.5822  0.5681  0.5962  0.5822  0.5681  0.6056  0.2629  0.3146  0.1315  0.2347  0.3005  0.0094  0.3146  0.3146
A2BW03           0.5070  0.4977  0.5352  0.5493  0.5399  0.4930  0.5211  0.5352  0.5775  0.5634  0.5915  0.5634  0.5681  0.4554  0.4507  0.4507  0.4507  0.4507  0.4601  0.4366  0.4366  0.4601
A2BQG2           0.5023  0.4977  0.5258  0.5258  0.5164  0.4883  0.4930  0.5258  0.5822  0.5493  0.5869  0.5305  0.5634  0.4507  0.4319  0.4460  0.4366  0.4366  0.4601  0.4225  0.4225  0.4648  0.2066
A3PC83           0.5070  0.5023  0.5305  0.5352  0.5117  0.4930  0.5023  0.5305  0.5822  0.5587  0.5869  0.5399  0.5587  0.4554  0.4366  0.4507  0.4413  0.4413  0.4648  0.4319  0.4319  0.4695  0.2066  0.0188
Q31BK2           0.5117  0.5070  0.5258  0.5352  0.4930  0.4977  0.4977  0.5258  0.5775  0.5493  0.5822  0.5258  0.5493  0.4507  0.4460  0.4507  0.4366  0.4366  0.4695  0.4319  0.4319  0.4742  0.2160  0.0469  0.0423
A8G451           0.5023  0.4977  0.5258  0.5258  0.5164  0.4883  0.4930  0.5258  0.5822  0.5493  0.5869  0.5305  0.5634  0.4507  0.4319  0.4460  0.4366  0.4366  0.4601  0.4225  0.4225  0.4648  0.2066  0.0094  0.0188  0.0469
B4AX99           0.5258  0.5164  0.4977  0.5493  0.5399  0.5117  0.5399  0.5540  0.5869  0.5728  0.5962  0.5634  0.6197  0.2582  0.2817  0.2347  0.1315  0.2817  0.2535  0.2676  0.2676  0.2535  0.4554  0.4460  0.4507  0.4460  0.4460
B9YQ09           0.5352  0.5540  0.5258  0.6009  0.5587  0.5352  0.5681  0.5915  0.5915  0.5915  0.6103  0.5634  0.6103  0.2864  0.3427  0.1596  0.2817  0.3052  0.1690  0.3286  0.3286  0.1737  0.4648  0.4695  0.4695  0.4601  0.4695  0.2958
Q5N3D4           0.5305  0.4742  0.4977  0.5446  0.5164  0.5117  0.5070  0.5305  0.5587  0.5211  0.5728  0.5258  0.5540  0.2770  0.3146  0.2582  0.2864  0.3052  0.2723  0.3239  0.3239  0.2770  0.4601  0.4554  0.4648  0.4601  0.4554  0.2817  0.3099
Q31QW2           0.5305  0.4742  0.4977  0.5446  0.5164  0.5117  0.5070  0.5305  0.5587  0.5211  0.5728  0.5258  0.5540  0.2770  0.3146  0.2582  0.2864  0.3052  0.2723  0.3239  0.3239  0.2770  0.4601  0.4554  0.4648  0.4601  0.4554  0.2817  0.3099  0.0000
B1WUD4           0.5399  0.5070  0.5164  0.5681  0.5540  0.5164  0.5634  0.5352  0.5634  0.5728  0.5728  0.5305  0.5915  0.3052  0.2723  0.2817  0.2676  0.3474  0.3146  0.2582  0.2582  0.3192  0.4742  0.4695  0.4695  0.4695  0.4695  0.2817  0.3286  0.3239  0.3239
A3IU93           0.5258  0.4883  0.5117  0.5493  0.5446  0.4930  0.5681  0.5164  0.5305  0.5446  0.5493  0.5070  0.5728  0.3146  0.2817  0.2958  0.2723  0.3380  0.3192  0.2441  0.2441  0.3239  0.4272  0.4413  0.4460  0.4460  0.4413  0.2723  0.3427  0.3333  0.3333  0.1643
Q4C1E1           0.5399  0.4930  0.5211  0.5493  0.5540  0.5070  0.5399  0.5164  0.5634  0.5540  0.5822  0.5164  0.5728  0.3239  0.3005  0.3005  0.2864  0.3333  0.3333  0.2676  0.2676  0.3427  0.4366  0.4460  0.4507  0.4460  0.4460  0.3052  0.3427  0.3615  0.3615  0.1690  0.1784
Q46LM0           0.5258  0.4883  0.5211  0.5399  0.4930  0.4789  0.5164  0.5446  0.5587  0.5822  0.5728  0.5587  0.6103  0.3897  0.4272  0.4085  0.3944  0.4225  0.3991  0.4131  0.4131  0.4038  0.4272  0.4366  0.4319  0.4272  0.4366  0.3850  0.4319  0.4038  0.4038  0.4319  0.4272  0.4366
A0ZI93           0.5587  0.5305  0.5211  0.5775  0.5399  0.5023  0.5446  0.5728  0.5681  0.5775  0.5775  0.5493  0.5822  0.2723  0.3239  0.0939  0.2582  0.3427  0.1455  0.3239  0.3239  0.1502  0.4601  0.4554  0.4601  0.4648  0.4554  0.2676  0.1878  0.2535  0.2535  0.2958  0.3239  0.3333  0.4085
A2C1E0           0.5352  0.4930  0.5258  0.5446  0.4977  0.4836  0.5117  0.5493  0.5587  0.5915  0.5728  0.5634  0.6103  0.3944  0.4319  0.4085  0.3991  0.4272  0.3991  0.4178  0.4178  0.4038  0.4366  0.4366  0.4272  0.4272  0.4366  0.3850  0.4319  0.4038  0.4038  0.4413  0.4319  0.4366  0.0282  0.4131
Q10V03           0.5540  0.4930  0.5258  0.5681  0.5634  0.5305  0.5446  0.5540  0.5681  0.5869  0.5869  0.5493  0.6009  0.2254  0.3146  0.2535  0.2958  0.3474  0.2676  0.3474  0.3474  0.2723  0.4742  0.4695  0.4695  0.4836  0.4601  0.2958  0.3005  0.3005  0.3005  0.3333  0.3427  0.3427  0.3991  0.2629  0.3991
Q7VBT3           0.5211  0.4977  0.5258  0.5352  0.5211  0.5164  0.4836  0.5211  0.5493  0.5634  0.5634  0.5352  0.6056  0.4366  0.4460  0.4554  0.4272  0.4272  0.4460  0.4413  0.4413  0.4460  0.3897  0.4178  0.4131  0.4131  0.4178  0.3991  0.4836  0.4225  0.4225  0.4601  0.4460  0.4648  0.3427  0.4601  0.3333  0.4319
Q7V209           0.5258  0.5023  0.5399  0.5587  0.5446  0.5117  0.5305  0.5258  0.5540  0.5446  0.5775  0.5634  0.5681  0.4648  0.4695  0.4695  0.4601  0.4601  0.4883  0.4460  0.4460  0.4883  0.0986  0.2254  0.2254  0.2300  0.2254  0.4601  0.4836  0.4601  0.4601  0.4789  0.4366  0.4460  0.4178  0.4836  0.4272  0.4930  0.4085
B7N1G6           0.5822  0.5352  0.5915  0.5587  0.5634  0.5446  0.5399  0.5587  0.5822  0.5915  0.5962  0.5822  0.6009  0.5258  0.5117  0.5258  0.5258  0.5023  0.5352  0.5117  0.5117  0.5446  0.5493  0.5352  0.5399  0.5399  0.5352  0.5023  0.5540  0.5258  0.5258  0.5070  0.5258  0.5258  0.5493  0.5352  0.5540  0.5446  0.5023  0.5540
B8HRK7           0.5493  0.5211  0.5352  0.5634  0.5540  0.5305  0.5634  0.5775  0.6103  0.5915  0.6150  0.5446  0.6009  0.3427  0.3239  0.3052  0.3146  0.3944  0.3192  0.3427  0.3427  0.3239  0.5023  0.4789  0.4836  0.4836  0.4789  0.3099  0.3427  0.3146  0.3146  0.3380  0.3380  0.3615  0.4272  0.3239  0.4272  0.3474  0.4413  0.5117  0.5446
Q0IA87           0.5446  0.4883  0.5211  0.5587  0.5070  0.5258  0.5305  0.5728  0.5728  0.5681  0.5775  0.5587  0.5962  0.3897  0.3991  0.3662  0.3756  0.4038  0.3709  0.3944  0.3944  0.3756  0.4695  0.4554  0.4648  0.4460  0.4554  0.3756  0.4178  0.3803  0.3803  0.4272  0.4131  0.4178  0.3521  0.3709  0.3615  0.3944  0.4131  0.4601  0.5164  0.3850
Q2JHG6           0.5587  0.4977  0.5258  0.5634  0.5446  0.5164  0.5493  0.5540  0.5775  0.5869  0.5822  0.5681  0.5869  0.4085  0.4085  0.3756  0.3756  0.3850  0.3803  0.4085  0.4085  0.3850  0.5117  0.4742  0.4883  0.4789  0.4742  0.3803  0.4131  0.3850  0.3850  0.4038  0.4225  0.4131  0.4413  0.3803  0.4507  0.4085  0.4554  0.5070  0.4742  0.4225  0.3897
Q067H7           0.5540  0.4977  0.5305  0.5493  0.4977  0.4977  0.5164  0.5540  0.5822  0.5728  0.5822  0.5634  0.5915  0.4272  0.4178  0.3897  0.4085  0.3850  0.3944  0.4272  0.4272  0.3991  0.4507  0.4554  0.4460  0.4460  0.4554  0.3850  0.4319  0.3897  0.3897  0.4131  0.4225  0.4178  0.3286  0.3897  0.3333  0.4085  0.3521  0.4648  0.5117  0.4038  0.2911  0.3991
B0CBS9           0.5493  0.4977  0.5070  0.5305  0.5399  0.4883  0.5446  0.5399  0.5493  0.5587  0.5587  0.5446  0.5915  0.3052  0.3239  0.2723  0.2911  0.3474  0.3146  0.3099  0.3099  0.3146  0.4460  0.4319  0.4413  0.4413  0.4319  0.3005  0.3427  0.3146  0.3146  0.3192  0.3286  0.3662  0.3991  0.2864  0.4085  0.3615  0.4272  0.4507  0.5211  0.3099  0.3850  0.3803  0.3897
Q05T41           0.5446  0.4836  0.5023  0.5540  0.4883  0.5070  0.5258  0.5728  0.5634  0.5822  0.5681  0.5587  0.5915  0.3803  0.3756  0.3568  0.3568  0.3756  0.3662  0.3991  0.3991  0.3709  0.4648  0.4319  0.4460  0.4507  0.4366  0.3521  0.3991  0.3474  0.3474  0.3897  0.4131  0.4319  0.3474  0.3709  0.3427  0.3850  0.3944  0.4601  0.5117  0.3662  0.2441  0.4038  0.2488  0.3756
A9BA66           0.5258  0.4977  0.5352  0.5352  0.5258  0.4883  0.5117  0.5634  0.5775  0.5681  0.5869  0.5399  0.6197  0.4272  0.4413  0.4085  0.4225  0.4319  0.4178  0.4225  0.4225  0.4178  0.4085  0.4131  0.4085  0.4225  0.4085  0.3944  0.4648  0.4225  0.4225  0.4507  0.4460  0.4601  0.3803  0.4225  0.3756  0.4460  0.3099  0.4272  0.5258  0.4460  0.4225  0.4695  0.3709  0.4178  0.3850
A5GTW3           0.5446  0.5164  0.5493  0.5211  0.5352  0.5211  0.5258  0.5399  0.5540  0.5493  0.5587  0.5775  0.5775  0.3850  0.4225  0.3944  0.3991  0.4085  0.3944  0.4319  0.4319  0.4038  0.4836  0.4648  0.4742  0.4601  0.4648  0.4178  0.4225  0.3850  0.3850  0.4366  0.4460  0.4413  0.4554  0.4038  0.4648  0.4225  0.4554  0.4883  0.4789  0.4225  0.3568  0.3991  0.3756  0.4131  0.3333  0.4648
Q7NHM2           0.5728  0.5399  0.5634  0.5915  0.5634  0.5634  0.5493  0.5728  0.5962  0.5775  0.6103  0.5634  0.5962  0.3709  0.4038  0.3521  0.3427  0.3709  0.3662  0.4085  0.4085  0.3662  0.5305  0.5070  0.5070  0.5117  0.5070  0.3521  0.3944  0.3286  0.3286  0.3615  0.3944  0.4038  0.4648  0.3568  0.4695  0.3803  0.4836  0.5258  0.5117  0.3709  0.4178  0.3756  0.4319  0.3897  0.3944  0.4789  0.4225
A5GL15           0.5540  0.4977  0.5352  0.5399  0.5117  0.5258  0.5164  0.5540  0.5634  0.5728  0.5728  0.5587  0.5962  0.3568  0.3662  0.3615  0.3803  0.3521  0.3662  0.3850  0.3850  0.3709  0.4460  0.4319  0.4413  0.4366  0.4319  0.3850  0.3991  0.3662  0.3662  0.4225  0.3991  0.4178  0.3662  0.3756  0.3756  0.3803  0.3944  0.4554  0.5211  0.3897  0.2676  0.4366  0.2864  0.3850  0.2629  0.3991  0.3427  0.4038
Q3AJM8           0.5540  0.5070  0.5258  0.5305  0.5258  0.5117  0.5117  0.5493  0.5728  0.5681  0.5822  0.5634  0.6056  0.3756  0.4038  0.3756  0.3991  0.4038  0.3803  0.3803  0.3803  0.3850  0.4413  0.4225  0.4366  0.4366  0.4225  0.3850  0.4272  0.3615  0.3615  0.4038  0.4225  0.4131  0.3333  0.3709  0.3427  0.3803  0.3662  0.4507  0.5023  0.4038  0.2488  0.3850  0.1831  0.3756  0.2535  0.3756  0.3474  0.4319  0.2911
P73997           0.5399  0.4836  0.5211  0.5446  0.5634  0.5070  0.5258  0.5164  0.5446  0.5587  0.5493  0.5540  0.5869  0.2817  0.3052  0.3333  0.3099  0.3427  0.3333  0.2864  0.2864  0.3380  0.4648  0.4131  0.4225  0.4272  0.4131  0.3333  0.3803  0.3521  0.3521  0.3005  0.3146  0.3005  0.4366  0.3568  0.4413  0.3474  0.4413  0.4789  0.5117  0.3474  0.3850  0.4178  0.4366  0.3146  0.3991  0.4272  0.3991  0.3991  0.3803  0.3944
Q2JTI2           0.5681  0.5023  0.5446  0.5587  0.5258  0.5305  0.5540  0.5822  0.6009  0.5915  0.6056  0.5822  0.5915  0.4225  0.4272  0.3850  0.3991  0.3944  0.3897  0.4319  0.4319  0.3944  0.5211  0.4789  0.4930  0.4836  0.4789  0.3897  0.4319  0.3897  0.3897  0.4319  0.4507  0.4413  0.4460  0.3944  0.4554  0.4225  0.4648  0.5117  0.4789  0.4319  0.3709  0.0751  0.3991  0.3944  0.3803  0.4601  0.3803  0.3944  0.4225  0.3803  0.4413
Q8DKS3           0.5587  0.5305  0.5399  0.5775  0.5493  0.5305  0.5587  0.5775  0.5869  0.5728  0.5869  0.5822  0.6291  0.3333  0.3521  0.3099  0.3286  0.3850  0.3239  0.3662  0.3662  0.3286  0.5211  0.4789  0.4883  0.4836  0.4789  0.3192  0.3568  0.3333  0.3333  0.3521  0.3662  0.3662  0.4554  0.3333  0.4601  0.3709  0.4836  0.5305  0.5305  0.3146  0.4131  0.3944  0.4272  0.3521  0.3850  0.4695  0.4225  0.3615  0.4178  0.4131  0.3239  0.3991
Q7U6M8           0.5775  0.5070  0.5352  0.5305  0.5164  0.5164  0.5117  0.5587  0.5587  0.5681  0.5634  0.5681  0.5915  0.3944  0.3991  0.3756  0.3944  0.3850  0.3803  0.3944  0.3944  0.3850  0.4601  0.4507  0.4554  0.4601  0.4507  0.3850  0.4178  0.3709  0.3709  0.4272  0.4319  0.4366  0.3568  0.3756  0.3568  0.3897  0.3944  0.4695  0.5070  0.3897  0.2676  0.4131  0.2113  0.3991  0.2207  0.3897  0.3380  0.4131  0.2582  0.1784  0.4225  0.3897  0.4225
Q3AY13           0.5634  0.5117  0.5399  0.5587  0.5023  0.4977  0.5305  0.5493  0.5915  0.5822  0.5915  0.5728  0.5915  0.4178  0.4178  0.3803  0.4038  0.3850  0.3944  0.4178  0.4178  0.3991  0.4507  0.4460  0.4366  0.4366  0.4460  0.3897  0.4272  0.3897  0.3897  0.4131  0.4225  0.4085  0.3333  0.3850  0.3380  0.4131  0.3709  0.4554  0.5211  0.4038  0.2958  0.4131  0.0516  0.3897  0.2629  0.3615  0.3850  0.4319  0.2911  0.1831  0.4272  0.4131  0.4319  0.2113
P07639           0.5822  0.5352  0.5915  0.5587  0.5634  0.5446  0.5399  0.5587  0.5822  0.5915  0.5962  0.5775  0.6009  0.5258  0.5117  0.5258  0.5211  0.4977  0.5352  0.5117  0.5117  0.5446  0.5493  0.5352  0.5399  0.5352  0.5352  0.4977  0.5493  0.5258  0.5258  0.5070  0.5211  0.5211  0.5493  0.5352  0.5540  0.5446  0.5070  0.5540  0.0094  0.5446  0.5117  0.4742  0.5117  0.5211  0.5117  0.5258  0.4742  0.5117  0.5211  0.5023  0.5117  0.4789  0.5305  0.5070  0.5211
A4CUP3           0.5634  0.4977  0.5399  0.5493  0.5258  0.5258  0.5070  0.5587  0.5634  0.5681  0.5775  0.5634  0.5962  0.3662  0.3756  0.3709  0.3897  0.3521  0.3756  0.3991  0.3991  0.3803  0.4554  0.4554  0.4601  0.4601  0.4554  0.3897  0.3991  0.3756  0.3756  0.4272  0.4085  0.4178  0.3662  0.3897  0.3662  0.3756  0.3991  0.4601  0.5352  0.3944  0.3005  0.4460  0.2770  0.3850  0.2629  0.4038  0.3615  0.4085  0.0939  0.2911  0.3944  0.4366  0.4225  0.2817  0.2864  0.5352
Q7V7S1           0.5540  0.5211  0.5352  0.5587  0.5258  0.5023  0.5258  0.5305  0.5446  0.5822  0.5446  0.5681  0.6056  0.3662  0.3944  0.3568  0.3568  0.3756  0.3521  0.3803  0.3803  0.3521  0.4272  0.4178  0.4178  0.4178  0.4178  0.3474  0.4038  0.3709  0.3709  0.3897  0.3944  0.3850  0.3239  0.3474  0.3192  0.3662  0.3427  0.4413  0.5258  0.3850  0.2723  0.3991  0.2207  0.3803  0.2394  0.3803  0.3662  0.4038  0.3099  0.2066  0.3803  0.3897  0.3803  0.2113  0.2300  0.5258  0.3099
A3YZT3           0.5493  0.5023  0.5211  0.5493  0.5117  0.5117  0.4977  0.5399  0.5728  0.5775  0.5869  0.5775  0.6150  0.3568  0.3709  0.3474  0.3521  0.3239  0.3521  0.3756  0.3756  0.3568  0.4413  0.4319  0.4366  0.4319  0.4319  0.3521  0.3709  0.3286  0.3286  0.3803  0.3991  0.4225  0.3709  0.3568  0.3709  0.3803  0.3756  0.4366  0.4977  0.3850  0.3146  0.3850  0.2629  0.3709  0.2582  0.4178  0.3005  0.3521  0.2770  0.2676  0.3850  0.3756  0.3662  0.2629  0.2676  0.4977  0.2723  0.2582
A3Z6Z3           0.5728  0.4977  0.5493  0.5446  0.5305  0.5164  0.5070  0.5587  0.5540  0.5634  0.5634  0.5681  0.6103  0.3756  0.3897  0.3427  0.3803  0.3615  0.3521  0.3897  0.3897  0.3568  0.4460  0.4413  0.4507  0.4554  0.4413  0.3803  0.3991  0.3239  0.3239  0.3944  0.4178  0.4225  0.3944  0.3380  0.3897  0.3615  0.3897  0.4507  0.4883  0.4038  0.3146  0.3803  0.2911  0.3756  0.2629  0.3709  0.3099  0.3897  0.3146  0.2676  0.3897  0.3521  0.3662  0.2817  0.2911  0.4883  0.3192  0.2770  0.2300
B7LS90           0.5962  0.5540  0.6056  0.5728  0.5493  0.5493  0.5587  0.5822  0.5869  0.6009  0.6009  0.6103  0.6056  0.5258  0.5305  0.5070  0.5305  0.5023  0.5211  0.5399  0.5399  0.5211  0.5493  0.5493  0.5540  0.5587  0.5493  0.5164  0.5399  0.5211  0.5211  0.5305  0.5493  0.5493  0.5446  0.5211  0.5493  0.5399  0.5117  0.5493  0.0798  0.5634  0.5117  0.4836  0.5117  0.4977  0.5164  0.5305  0.4930  0.5070  0.5117  0.5070  0.5164  0.4742  0.5399  0.5211  0.5164  0.0751  0.5352  0.5352  0.4883  0.4883
A2C9Z1           0.5587  0.5211  0.5352  0.5540  0.5305  0.5023  0.5305  0.5399  0.5493  0.5869  0.5493  0.5728  0.6056  0.3662  0.3944  0.3568  0.3615  0.3709  0.3521  0.3803  0.3803  0.3521  0.4319  0.4272  0.4272  0.4272  0.4272  0.3568  0.4038  0.3615  0.3615  0.3944  0.3991  0.3897  0.3239  0.3474  0.3146  0.3709  0.3427  0.4460  0.5399  0.3944  0.2723  0.3991  0.2207  0.3897  0.2347  0.3709  0.3662  0.4038  0.3052  0.1972  0.3897  0.3850  0.3756  0.1972  0.2300  0.5399  0.3052  0.0235  0.2582  0.2629  0.5446
B5W999           0.5399  0.4883  0.4789  0.5399  0.5305  0.5164  0.5493  0.5540  0.5634  0.5634  0.5775  0.5211  0.5962  0.2347  0.2958  0.2864  0.2629  0.3286  0.2911  0.2911  0.2911  0.2911  0.4413  0.4507  0.4601  0.4554  0.4507  0.2723  0.3192  0.2817  0.2817  0.3192  0.3005  0.3239  0.3897  0.2911  0.3991  0.2958  0.4225  0.4413  0.5352  0.3427  0.3756  0.4178  0.4178  0.3192  0.3850  0.4225  0.4225  0.3850  0.3615  0.3897  0.3333  0.4225  0.3709  0.4038  0.4178  0.5305  0.3803  0.3709  0.3756  0.3991  0.5352  0.3709


TREE #  1:  ((8, (13, (10, (11, 9)))), (((41, 58), 63), ((((((((((20, 21), ((33, 32), 34)), 53), ((17, 28), 15)), 18), (((14, 65), 38), (((36, 16), (22, 19)), 29))), ((55, 42), 46)), ((31, 30), ((((((56, 52), (45, 57)), (((59, 51), 43), (62, 47))), (((((40, 23), (((24, 27), 25), 26)), (37, 35)), (39, 48)), (60, 64))), 61), 49))), (44, 54)), 50)), ((((((3, 2), 1), 4), (7, 12)), 5), 6));   MP score: 2338
lnL(ntime:127  np:128): -11628.354833      +0.000000
  66..67   67..8    67..68   68..13   68..69   69..10   69..70   70..11   70..9    66..71   71..72   72..73   73..41   73..58   72..63   71..74   74..75   75..76   76..77   77..78   78..79   79..80   80..81   81..82   82..83   83..20   83..21   82..84   84..85   85..33   85..32   84..34   81..53   80..86   86..87   87..17   87..28   86..15   79..18   78..88   88..89   89..90   90..14   90..65   89..38   88..91   91..92   92..93   93..36   93..16   92..94   94..22   94..19   91..29   77..95   95..96   96..55   96..42   95..46   76..97   97..98   98..31   98..30   97..99   99..100 100..101 101..102 102..103 103..104 104..56  104..52  103..105 105..45  105..57  102..106 106..107 107..108 108..59  108..51  107..43  106..109 109..62  109..47  101..110 110..111 111..112 112..113 113..114 114..40  114..23  113..115 115..116 116..117 117..24  117..27  116..25  115..26  112..118 118..37  118..35  111..119 119..39  119..48  110..120 120..60  120..64  100..61   99..49   75..121 121..44  121..54   74..50   66..122 122..123 123..124 124..125 125..126 126..127 127..3   127..2   126..1   125..4   124..128 128..7   128..12  123..5   122..6  
 0.368944 0.174819 0.088219 0.244178 0.062152 0.097268 0.167202 0.027574 0.010902 0.484397 0.784999 0.019669 0.008867 0.000004 0.058157 0.323615 0.000004 0.115869 0.035228 0.030892 0.061071 0.020974 0.054086 0.009125 0.151598 0.000004 0.000004 0.134698 0.014685 0.080583 0.096750 0.098909 0.311071 0.000004 0.091364 0.053452 0.088840 0.248114 0.271168 0.000004 0.103752 0.015995 0.103379 0.252312 0.209839 0.127554 0.021998 0.025919 0.061030 0.032378 0.087106 0.007099 0.001779 0.111551 0.026707 0.042417 0.328242 0.247120 0.279001 0.006994 0.222160 0.000004 0.000004 0.240453 0.050661 0.110880 0.000004 0.067703 0.006181 0.144825 0.093603 0.142599 0.024529 0.035752 0.041789 0.069624 0.217339 0.078084 0.022662 0.204625 0.027951 0.285870 0.148502 0.047464 0.209626 0.038509 0.494977 0.082886 0.070494 0.035505 0.139749 0.013514 0.008715 0.004415 0.004248 0.004380 0.022776 0.256034 0.008054 0.017851 0.118301 0.239212 0.295474 0.142425 0.022999 0.000004 0.153793 0.378008 0.453081 0.010164 0.069690 0.433636 0.025597 0.082366 0.027702 0.000004 0.000004 0.042359 0.335088 0.215118 0.306175 0.383012 0.000004 0.436559 0.469900 0.286871 0.220460 0.533485

tree length =  15.82464

((8: 0.174819, (13: 0.244178, (10: 0.097268, (11: 0.027574, 9: 0.010902): 0.167202): 0.062152): 0.088219): 0.368944, (((41: 0.008867, 58: 0.000004): 0.019669, 63: 0.058157): 0.784999, ((((((((((20: 0.000004, 21: 0.000004): 0.151598, ((33: 0.080583, 32: 0.096750): 0.014685, 34: 0.098909): 0.134698): 0.009125, 53: 0.311071): 0.054086, ((17: 0.053452, 28: 0.088840): 0.091364, 15: 0.248114): 0.000004): 0.020974, 18: 0.271168): 0.061071, (((14: 0.103379, 65: 0.252312): 0.015995, 38: 0.209839): 0.103752, (((36: 0.061030, 16: 0.032378): 0.025919, (22: 0.007099, 19: 0.001779): 0.087106): 0.021998, 29: 0.111551): 0.127554): 0.000004): 0.030892, ((55: 0.328242, 42: 0.247120): 0.042417, 46: 0.279001): 0.026707): 0.035228, ((31: 0.000004, 30: 0.000004): 0.222160, ((((((56: 0.144825, 52: 0.093603): 0.006181, (45: 0.024529, 57: 0.035752): 0.142599): 0.067703, (((59: 0.078084, 51: 0.022662): 0.217339, 43: 0.204625): 0.069624, (62: 0.285870, 47: 0.148502): 0.027951): 0.041789): 0.000004, (((((40: 0.070494, 23: 0.035505): 0.082886, (((24: 0.004415, 27: 0.004248): 0.008715, 25: 0.004380): 0.013514, 26: 0.022776): 0.139749): 0.494977, (37: 0.008054, 35: 0.017851): 0.256034): 0.038509, (39: 0.239212, 48: 0.295474): 0.118301): 0.209626, (60: 0.022999, 64: 0.000004): 0.142425): 0.047464): 0.110880, 61: 0.153793): 0.050661, 49: 0.378008): 0.240453): 0.006994): 0.115869, (44: 0.010164, 54: 0.069690): 0.453081): 0.000004, 50: 0.433636): 0.323615): 0.484397, ((((((3: 0.335088, 2: 0.215118): 0.042359, 1: 0.306175): 0.000004, 4: 0.383012): 0.000004, (7: 0.436559, 12: 0.469900): 0.000004): 0.027702, 5: 0.286871): 0.082366, 6: 0.220460): 0.025597);

((B9KG40: 0.174819, (Q4HTC1: 0.244178, (Q4HEV9: 0.097268, (A8FM57: 0.027574, A7H333: 0.010902): 0.167202): 0.062152): 0.088219): 0.368944, (((B7N1G6: 0.008867, P07639: 0.000004): 0.019669, B7LS90: 0.058157): 0.784999, ((((((((((C7QTF3: 0.000004, B7K660: 0.000004): 0.151598, ((A3IU93: 0.080583, B1WUD4: 0.096750): 0.014685, Q4C1E1: 0.098909): 0.134698): 0.009125, P73997: 0.311071): 0.054086, ((B7KJH2: 0.053452, B4AX99: 0.088840): 0.091364, B0JID6: 0.248114): 0.000004): 0.020974, B1XKA0: 0.271168): 0.061071, (((A0YMX6: 0.103379, B5W999: 0.252312): 0.015995, Q10V03: 0.209839): 0.103752, (((A0ZI93: 0.061030, B2J913: 0.032378): 0.025919, (Q8YVQ0: 0.007099, Q3M4V2: 0.001779): 0.087106): 0.021998, B9YQ09: 0.111551): 0.127554): 0.000004): 0.030892, ((Q8DKS3: 0.328242, B8HRK7: 0.247120): 0.042417, B0CBS9: 0.279001): 0.026707): 0.035228, ((Q31QW2: 0.000004, Q5N3D4: 0.000004): 0.222160, ((((((Q7U6M8: 0.144825, Q3AJM8: 0.093603): 0.006181, (Q067H7: 0.024529, Q3AY13: 0.035752): 0.142599): 0.067703, (((A4CUP3: 0.078084, A5GL15: 0.022662): 0.217339, Q0IA87: 0.204625): 0.069624, (A3Z6Z3: 0.285870, Q05T41: 0.148502): 0.027951): 0.041789): 0.000004, (((((Q7V209: 0.070494, A2BW03: 0.035505): 0.082886, (((A2BQG2: 0.004415, A8G451: 0.004248): 0.008715, A3PC83: 0.004380): 0.013514, Q31BK2: 0.022776): 0.139749): 0.494977, (A2C1E0: 0.008054, Q46LM0: 0.017851): 0.256034): 0.038509, (Q7VBT3: 0.239212, A9BA66: 0.295474): 0.118301): 0.209626, (Q7V7S1: 0.022999, A2C9Z1: 0.000004): 0.142425): 0.047464): 0.110880, A3YZT3: 0.153793): 0.050661, A5GTW3: 0.378008): 0.240453): 0.006994): 0.115869, (Q2JHG6: 0.010164, Q2JTI2: 0.069690): 0.453081): 0.000004, Q7NHM2: 0.433636): 0.323615): 0.484397, ((((((Q30RT3: 0.335088, A6Q908: 0.215118): 0.042359, A8ETW1: 0.306175): 0.000004, D1B2G6: 0.383012): 0.000004, (Q7M8N9: 0.436559, P56081: 0.469900): 0.000004): 0.027702, A6Q3Y3: 0.286871): 0.082366, B9L8D9: 0.220460): 0.025597);

Detailed output identifying parameters

alpha (gamma, K = 4) =  0.53348
rate:   0.03975  0.27321  0.84318  2.84385
freq:   0.25000  0.25000  0.25000  0.25000

Time used: 21:06
