AAML (in paml version 4.6, August 2012)  286.aa
Model: Empirical for branches,  Global clock  (../../../bin/LG.dat) dGamma (ncatG=4) ns =  65  ls = 146


Frequencies..
                                    A      R      N      D      C      Q      E      G      H      I      L      K      M      F      P      S      T      W      Y      V
A8EUC6                         0.05479 0.02740 0.05479 0.08219 0.03425 0.04110 0.08219 0.04110 0.01370 0.13699 0.08219 0.07534 0.00685 0.06849 0.01370 0.08219 0.03425 0.00000 0.00685 0.06164
D1AZY5                         0.08219 0.05479 0.02055 0.06164 0.03425 0.01370 0.11644 0.03425 0.04110 0.07534 0.13699 0.06164 0.01370 0.04110 0.01370 0.06849 0.04795 0.00000 0.01370 0.06849
Q30R19                         0.07534 0.03425 0.05479 0.07534 0.04110 0.01370 0.10274 0.06164 0.00685 0.10274 0.13699 0.04110 0.00685 0.04795 0.01370 0.08219 0.02055 0.00000 0.01370 0.06849
A6Q485                         0.06849 0.04110 0.02740 0.05479 0.03425 0.04110 0.10959 0.04795 0.03425 0.08904 0.11644 0.03425 0.02740 0.04110 0.01370 0.08904 0.03425 0.00000 0.03425 0.06164
A6QBG5                         0.08904 0.02740 0.02055 0.06849 0.03425 0.02740 0.09589 0.04110 0.02740 0.11644 0.08219 0.04795 0.02740 0.03425 0.02740 0.08219 0.04795 0.00000 0.03425 0.06849
A7H2B7                         0.04795 0.02055 0.08219 0.04795 0.03425 0.02740 0.11644 0.03425 0.01370 0.10959 0.13699 0.08219 0.01370 0.05479 0.02055 0.08219 0.03425 0.00000 0.01370 0.02740
Q7M9T2                         0.05479 0.04795 0.02055 0.06849 0.04110 0.02055 0.09589 0.03425 0.02740 0.10274 0.13014 0.06164 0.00000 0.06164 0.02055 0.09589 0.04110 0.00000 0.01370 0.06164
A8FMW9                         0.04795 0.02055 0.08904 0.04110 0.03425 0.02740 0.10959 0.04795 0.01370 0.11644 0.13014 0.08219 0.01370 0.05479 0.02055 0.07534 0.03425 0.00000 0.01370 0.02740
Q4HHS4                         0.04795 0.03425 0.07534 0.06849 0.03425 0.05479 0.08219 0.04110 0.01370 0.09589 0.12329 0.07534 0.02055 0.05479 0.02055 0.06849 0.02055 0.00000 0.02055 0.04795
B9KFK9                         0.04110 0.03425 0.06164 0.06164 0.03425 0.03425 0.08904 0.04795 0.02740 0.10959 0.10274 0.06164 0.01370 0.05479 0.00685 0.10274 0.03425 0.00000 0.02055 0.06164
Q4HT09                         0.05479 0.02740 0.08904 0.03425 0.03425 0.02055 0.10274 0.04795 0.02740 0.09589 0.13699 0.08904 0.02055 0.05479 0.00685 0.07534 0.03425 0.00000 0.01370 0.03425
P56214                         0.06849 0.04110 0.07534 0.05479 0.03425 0.02055 0.09589 0.02055 0.02055 0.07534 0.13014 0.05479 0.01370 0.06164 0.02740 0.08904 0.04110 0.00000 0.02055 0.05479
B9L9M2                         0.06849 0.02740 0.05479 0.06164 0.02740 0.02055 0.12329 0.03425 0.02055 0.13699 0.07534 0.08219 0.00685 0.04795 0.02055 0.06164 0.02740 0.00000 0.02740 0.07534
B7MQI7                         0.09589 0.06849 0.02740 0.04110 0.04110 0.04795 0.10274 0.08904 0.03425 0.07534 0.07534 0.01370 0.02740 0.02055 0.02740 0.04795 0.06849 0.00000 0.02740 0.06849
P0A7H6                         0.09589 0.06849 0.02740 0.04110 0.04110 0.04795 0.10274 0.08904 0.03425 0.07534 0.07534 0.01370 0.02740 0.02055 0.02740 0.04795 0.06849 0.00000 0.02740 0.06849
B7LLP8                         0.09589 0.06849 0.02740 0.04110 0.04110 0.04795 0.10274 0.08904 0.03425 0.07534 0.07534 0.01370 0.02740 0.02055 0.02740 0.04795 0.06849 0.00000 0.02740 0.06849
Q4C5V8                         0.08219 0.07534 0.01370 0.04795 0.03425 0.04795 0.08219 0.07534 0.01370 0.07534 0.10959 0.06164 0.00685 0.02740 0.04110 0.02740 0.04795 0.00000 0.03425 0.09589
A3IM06                         0.08219 0.08219 0.01370 0.04795 0.03425 0.04110 0.08219 0.07534 0.01370 0.08219 0.10959 0.06164 0.00685 0.02740 0.03425 0.02740 0.05479 0.00000 0.03425 0.08904
B1WUB2                         0.07534 0.08219 0.01370 0.04795 0.03425 0.04110 0.08219 0.07534 0.01370 0.06849 0.10959 0.06164 0.00685 0.02740 0.04110 0.02740 0.05479 0.00000 0.03425 0.10274
B7K2B2                         0.08219 0.07534 0.02055 0.04795 0.03425 0.03425 0.08219 0.07534 0.01370 0.07534 0.10959 0.06164 0.00685 0.02740 0.04110 0.02740 0.05479 0.00000 0.03425 0.09589
C7QNB7                         0.08219 0.07534 0.02055 0.04795 0.03425 0.03425 0.08219 0.07534 0.01370 0.07534 0.10959 0.06164 0.00685 0.02740 0.04110 0.02055 0.06164 0.00000 0.03425 0.09589
Q8YMF7                         0.07534 0.06849 0.02740 0.02740 0.03425 0.04110 0.10274 0.06849 0.01370 0.06164 0.12329 0.05479 0.00000 0.02740 0.04795 0.04110 0.06164 0.00000 0.02055 0.10274
B2J7Q3                         0.09589 0.06849 0.03425 0.03425 0.03425 0.04795 0.09589 0.06849 0.01370 0.06849 0.12329 0.05479 0.00000 0.02055 0.04110 0.02740 0.04795 0.00000 0.02740 0.09589
B7KEM9                         0.07534 0.06849 0.03425 0.03425 0.03425 0.04795 0.08904 0.06849 0.02055 0.05479 0.11644 0.05479 0.00685 0.02055 0.03425 0.04110 0.06164 0.00000 0.02740 0.10959
Q7NFM5                         0.08219 0.08904 0.01370 0.04110 0.03425 0.04795 0.10959 0.07534 0.01370 0.06164 0.11644 0.03425 0.02055 0.02055 0.04110 0.02740 0.05479 0.00000 0.02740 0.08904
A0YKV2                         0.07534 0.08219 0.01370 0.04795 0.03425 0.04110 0.09589 0.06849 0.02055 0.08219 0.10959 0.04795 0.00685 0.02055 0.04110 0.03425 0.05479 0.00000 0.02740 0.09589
B0JUQ3                         0.08904 0.06164 0.02055 0.03425 0.03425 0.04110 0.08904 0.08219 0.01370 0.08219 0.10959 0.05479 0.00685 0.02055 0.03425 0.04110 0.06164 0.00000 0.02740 0.09589
B5VUA7                         0.07534 0.09589 0.01370 0.03425 0.03425 0.06164 0.09589 0.06849 0.01370 0.04110 0.13014 0.03425 0.00000 0.02055 0.04110 0.02740 0.05479 0.00000 0.02740 0.13014
Q3MAW5                         0.07534 0.06849 0.02740 0.02740 0.03425 0.04110 0.10274 0.06849 0.01370 0.06164 0.12329 0.05479 0.00000 0.02740 0.04795 0.04110 0.06164 0.00000 0.02055 0.10274
B9YKY0                         0.08219 0.06849 0.02055 0.04795 0.03425 0.05479 0.08904 0.06849 0.01370 0.05479 0.10959 0.04795 0.00685 0.01370 0.04110 0.03425 0.06164 0.00000 0.03425 0.11644
P74533                         0.06849 0.07534 0.01370 0.04795 0.03425 0.04795 0.08904 0.06849 0.02740 0.05479 0.13014 0.04795 0.00685 0.02740 0.05479 0.03425 0.05479 0.00000 0.02055 0.09589
A0ZF29                         0.08904 0.06849 0.00685 0.05479 0.03425 0.04795 0.08219 0.06849 0.02055 0.07534 0.11644 0.05479 0.00685 0.02055 0.03425 0.02740 0.07534 0.00000 0.02740 0.08904
A5GS45                         0.10274 0.10274 0.01370 0.05479 0.04110 0.04795 0.07534 0.07534 0.01370 0.05479 0.15068 0.00685 0.00000 0.02055 0.04110 0.05479 0.04110 0.00000 0.02740 0.07534
A5GLY6                         0.09589 0.09589 0.02740 0.04795 0.03425 0.01370 0.08219 0.06164 0.03425 0.04110 0.13699 0.01370 0.00000 0.02055 0.03425 0.07534 0.06849 0.00000 0.02740 0.08904
Q8DGV8                         0.10274 0.06164 0.01370 0.04110 0.03425 0.06164 0.08219 0.06849 0.04110 0.08219 0.11644 0.02740 0.00685 0.02055 0.04795 0.03425 0.04110 0.00000 0.02740 0.08904
Q46K36                         0.06164 0.07534 0.02740 0.02740 0.03425 0.03425 0.10274 0.06849 0.01370 0.06849 0.15068 0.05479 0.00685 0.02055 0.02055 0.06849 0.06164 0.00000 0.03425 0.06849
B8HXF0                         0.10274 0.06164 0.00000 0.03425 0.03425 0.05479 0.10274 0.06849 0.02740 0.05479 0.13699 0.03425 0.01370 0.01370 0.04110 0.04110 0.05479 0.00000 0.02740 0.09589
A2C8B2                         0.09589 0.09589 0.00000 0.06164 0.04110 0.04795 0.06849 0.06849 0.01370 0.04795 0.15068 0.01370 0.01370 0.02055 0.03425 0.06164 0.06164 0.00000 0.03425 0.06849
Q7V6R9                         0.09589 0.09589 0.00000 0.06849 0.04110 0.04795 0.06164 0.06849 0.01370 0.04795 0.15068 0.02055 0.01370 0.02055 0.03425 0.06164 0.05479 0.00000 0.03425 0.06849
Q5N5P2                         0.10274 0.08219 0.00685 0.05479 0.03425 0.06164 0.08219 0.06849 0.02055 0.04795 0.12329 0.03425 0.01370 0.02740 0.03425 0.02740 0.06164 0.00000 0.02740 0.08904
Q31NH0                         0.10274 0.08219 0.00685 0.05479 0.03425 0.06164 0.08219 0.06849 0.02055 0.04795 0.12329 0.03425 0.01370 0.02740 0.03425 0.02740 0.06164 0.00000 0.02740 0.08904
Q115W2                         0.07534 0.07534 0.01370 0.04110 0.04110 0.06164 0.10274 0.06849 0.01370 0.08219 0.12329 0.04795 0.00685 0.02055 0.04110 0.03425 0.04795 0.00000 0.02740 0.07534
B0C882                         0.08904 0.07534 0.02055 0.06164 0.03425 0.04795 0.06849 0.06849 0.01370 0.05479 0.11644 0.04110 0.00685 0.03425 0.04110 0.03425 0.06849 0.00000 0.02055 0.10274
B1XPL9                         0.09589 0.07534 0.02055 0.04110 0.03425 0.05479 0.08904 0.06164 0.01370 0.04795 0.11644 0.05479 0.00685 0.02740 0.03425 0.02740 0.06849 0.00000 0.02740 0.10274
A3Z7Z6                         0.09589 0.10959 0.00685 0.03425 0.03425 0.04110 0.09589 0.06849 0.01370 0.02740 0.14384 0.00000 0.00685 0.02055 0.03425 0.07534 0.06849 0.00000 0.03425 0.08904
Q05ZR4                         0.08219 0.08219 0.01370 0.04795 0.04110 0.03425 0.08219 0.06849 0.02055 0.06164 0.14384 0.02740 0.01370 0.02740 0.05479 0.06849 0.04110 0.00000 0.02740 0.06164
A2C3I0                         0.06164 0.07534 0.02740 0.02740 0.03425 0.03425 0.10274 0.06849 0.01370 0.06849 0.15068 0.05479 0.00685 0.02055 0.02055 0.06849 0.06164 0.00000 0.03425 0.06849
Q3AJ44                         0.07534 0.10274 0.01370 0.04110 0.04110 0.03425 0.10274 0.06849 0.02740 0.04795 0.14384 0.00685 0.00685 0.02740 0.04110 0.06164 0.05479 0.00000 0.02740 0.07534
A4CVI2                         0.08904 0.08219 0.02740 0.03425 0.03425 0.02055 0.08904 0.06164 0.03425 0.04795 0.13699 0.01370 0.00000 0.02055 0.03425 0.08904 0.06849 0.00000 0.02740 0.08904
Q3AX77                         0.08219 0.07534 0.01370 0.04795 0.04110 0.04110 0.08219 0.06849 0.02055 0.05479 0.14384 0.02740 0.02055 0.02740 0.05479 0.07534 0.03425 0.00000 0.02740 0.06164
Q7V0Z7                         0.05479 0.06849 0.03425 0.04110 0.03425 0.00685 0.12329 0.06164 0.02055 0.06849 0.13699 0.05479 0.00685 0.02740 0.02055 0.06164 0.08219 0.00000 0.02740 0.06849
A3PDK2                         0.06849 0.07534 0.02740 0.03425 0.03425 0.00685 0.13014 0.06164 0.01370 0.06849 0.13699 0.06164 0.00685 0.02740 0.02055 0.05479 0.06849 0.00000 0.02740 0.07534
A9BB08                         0.08904 0.07534 0.06164 0.02740 0.03425 0.04110 0.09589 0.06164 0.01370 0.04795 0.15753 0.03425 0.00000 0.02055 0.02055 0.03425 0.06849 0.00000 0.03425 0.08219
A2BRS6                         0.05479 0.07534 0.03425 0.04110 0.03425 0.00685 0.12329 0.06164 0.01370 0.06849 0.13699 0.06164 0.00685 0.02740 0.02055 0.06164 0.06849 0.00000 0.02740 0.07534
Q0IBC2                         0.09589 0.08904 0.02055 0.04795 0.03425 0.02740 0.08904 0.06164 0.02055 0.04795 0.14384 0.01370 0.00685 0.02055 0.03425 0.07534 0.05479 0.00000 0.03425 0.08219
Q2JH53                         0.10274 0.07534 0.00685 0.04795 0.03425 0.03425 0.10959 0.04110 0.02740 0.04795 0.11644 0.04795 0.02740 0.02740 0.04795 0.04795 0.03425 0.01370 0.02055 0.08904
Q7U7Q3                         0.08904 0.10274 0.01370 0.04795 0.04110 0.03425 0.08904 0.06164 0.02055 0.04795 0.15068 0.00685 0.00685 0.02740 0.05479 0.04795 0.06164 0.00000 0.02740 0.06849
A8G5G7                         0.06849 0.06849 0.03425 0.04110 0.03425 0.01370 0.12329 0.06164 0.01370 0.06849 0.13699 0.05479 0.00685 0.02740 0.02055 0.05479 0.06849 0.00000 0.02740 0.07534
Q31AC8                         0.06849 0.06849 0.02740 0.04110 0.03425 0.00685 0.12329 0.06164 0.01370 0.06849 0.13014 0.06849 0.00685 0.03425 0.02055 0.05479 0.06849 0.00000 0.02740 0.07534
A2BX84                         0.06849 0.06849 0.04110 0.04110 0.03425 0.00685 0.12329 0.06164 0.02055 0.07534 0.13014 0.04795 0.00685 0.02740 0.02055 0.05479 0.06849 0.00000 0.02740 0.07534
Q2JUS3                         0.10274 0.07534 0.00685 0.04110 0.03425 0.03425 0.11644 0.04110 0.02055 0.03425 0.11644 0.05479 0.02740 0.03425 0.04795 0.04795 0.03425 0.01370 0.02055 0.09589
Q05XX8                         0.08904 0.09589 0.00685 0.04110 0.03425 0.04110 0.08219 0.06849 0.01370 0.04110 0.13699 0.00685 0.00685 0.02055 0.03425 0.07534 0.07534 0.00000 0.03425 0.09589
Q7VBJ4                         0.08904 0.07534 0.02740 0.03425 0.03425 0.01370 0.09589 0.05479 0.01370 0.06164 0.14384 0.06164 0.00000 0.02055 0.02055 0.05479 0.06849 0.00000 0.03425 0.09589
B4AX04                         0.08219 0.06849 0.04795 0.02740 0.03425 0.04110 0.08904 0.07534 0.01370 0.06164 0.11644 0.04795 0.00685 0.02055 0.02740 0.04110 0.05479 0.00000 0.02740 0.11644
A3YYJ7                         0.09589 0.12329 0.02055 0.04795 0.04110 0.03425 0.08219 0.06164 0.01370 0.03425 0.15753 0.00685 0.02055 0.02055 0.03425 0.05479 0.04110 0.00000 0.03425 0.07534

Homogeneity statistic: X2 = 7.46925 G = 7.03810 

Average                        0.08008 0.07018 0.02740 0.04615 0.03562 0.03656 0.09589 0.06259 0.01949 0.06913 0.12476 0.04436 0.01022 0.02950 0.03214 0.05406 0.05416 0.00042 0.02677 0.08051

# constant sites:     19 (13.01%)
ln Lmax (unconstrained) = -713.220375

AA distances (raw proportions of different sites)

A8EUC6         
D1AZY5           0.4384
Q30R19           0.3904  0.4247
A6Q485           0.4384  0.3836  0.4247
A6QBG5           0.4315  0.4452  0.4041  0.4110
A7H2B7           0.5000  0.4315  0.4658  0.4452  0.5137
Q7M9T2           0.4863  0.4315  0.4178  0.4658  0.4521  0.4521
A8FMW9           0.5000  0.4315  0.4726  0.4384  0.5068  0.0274  0.4589
Q4HHS4           0.4863  0.4658  0.5000  0.4384  0.5000  0.2123  0.4589  0.2123
B9KFK9           0.5479  0.5342  0.5479  0.5274  0.5959  0.3836  0.4863  0.3767  0.3562
Q4HT09           0.5274  0.4521  0.4863  0.4589  0.5479  0.2466  0.5068  0.2397  0.2877  0.4110
P56214           0.5274  0.5068  0.4932  0.5068  0.5068  0.5411  0.4110  0.5479  0.5616  0.6164  0.5753
B9L9M2           0.5137  0.4932  0.5342  0.4658  0.5137  0.4932  0.4795  0.5000  0.4932  0.5274  0.5274  0.5616
B7MQI7           0.6849  0.6164  0.6438  0.6301  0.6301  0.6370  0.6438  0.6438  0.6644  0.7055  0.6438  0.6575  0.6438
P0A7H6           0.6849  0.6164  0.6438  0.6301  0.6301  0.6370  0.6438  0.6438  0.6644  0.7055  0.6438  0.6575  0.6438  0.0000
B7LLP8           0.6849  0.6164  0.6438  0.6301  0.6301  0.6370  0.6438  0.6438  0.6644  0.7055  0.6438  0.6575  0.6438  0.0000  0.0000
Q4C5V8           0.6712  0.6507  0.6644  0.6575  0.6370  0.7329  0.7055  0.7329  0.7123  0.7192  0.6781  0.6575  0.6233  0.5685  0.5685  0.5685
A3IM06           0.6781  0.6712  0.6712  0.6644  0.6438  0.7260  0.7055  0.7260  0.7123  0.7123  0.6918  0.6370  0.6233  0.5753  0.5753  0.5753  0.0479
B1WUB2           0.6781  0.6644  0.6644  0.6575  0.6370  0.7329  0.7123  0.7329  0.7123  0.7123  0.6918  0.6438  0.6370  0.5753  0.5753  0.5753  0.0411  0.0205
B7K2B2           0.6712  0.6781  0.6575  0.6712  0.6507  0.7260  0.6849  0.7260  0.7055  0.7055  0.6918  0.6575  0.6370  0.5822  0.5822  0.5822  0.0959  0.1027  0.0959
C7QNB7           0.6712  0.6781  0.6575  0.6712  0.6507  0.7260  0.6849  0.7260  0.7055  0.7055  0.6918  0.6575  0.6370  0.5822  0.5822  0.5822  0.0959  0.1027  0.0959  0.0068
Q8YMF7           0.6781  0.6644  0.6781  0.6918  0.6575  0.7123  0.6507  0.7123  0.6986  0.6781  0.6781  0.6507  0.6712  0.5753  0.5753  0.5753  0.2123  0.2123  0.1986  0.1781  0.1781
B2J7Q3           0.6712  0.6644  0.6644  0.6644  0.6575  0.6986  0.6575  0.6986  0.6918  0.6781  0.6644  0.6370  0.6644  0.5685  0.5685  0.5685  0.1986  0.1918  0.1918  0.1644  0.1644  0.0959
B7KEM9           0.6781  0.6575  0.6575  0.6712  0.6575  0.7055  0.6507  0.7055  0.6849  0.6849  0.6781  0.6575  0.6438  0.6164  0.6164  0.6164  0.1849  0.1712  0.1712  0.1575  0.1575  0.1438  0.1575
Q7NFM5           0.6986  0.6644  0.6918  0.6712  0.6370  0.7055  0.6644  0.7055  0.7055  0.7466  0.7055  0.6712  0.6712  0.5616  0.5616  0.5616  0.4110  0.4178  0.4110  0.3767  0.3767  0.3219  0.3425  0.3767
A0YKV2           0.6849  0.6712  0.6918  0.6644  0.6644  0.7260  0.7055  0.7260  0.7055  0.7192  0.6918  0.6918  0.6507  0.6096  0.6096  0.6096  0.1849  0.1918  0.1849  0.1918  0.1918  0.1644  0.1918  0.1781  0.3425
B0JUQ3           0.6781  0.6575  0.6781  0.6644  0.6507  0.7055  0.6644  0.7055  0.7055  0.6849  0.6781  0.6712  0.6233  0.5685  0.5685  0.5685  0.2055  0.1918  0.2055  0.1781  0.1781  0.1849  0.1644  0.1438  0.3767  0.2123
B5VUA7           0.7055  0.6712  0.6781  0.6644  0.6644  0.7192  0.6918  0.7192  0.6918  0.6986  0.6849  0.6644  0.6712  0.5959  0.5959  0.5959  0.2055  0.2123  0.1918  0.1712  0.1712  0.1644  0.1781  0.1712  0.3562  0.1233  0.2123
Q3MAW5           0.6781  0.6644  0.6781  0.6918  0.6575  0.7123  0.6507  0.7123  0.6986  0.6781  0.6781  0.6507  0.6712  0.5753  0.5753  0.5753  0.2123  0.2123  0.1986  0.1781  0.1781  0.0000  0.0959  0.1438  0.3219  0.1644  0.1849  0.1644
B9YKY0           0.6986  0.6644  0.6781  0.6644  0.6644  0.7260  0.6918  0.7260  0.7055  0.7123  0.6849  0.6575  0.6507  0.5822  0.5822  0.5822  0.1918  0.1781  0.1781  0.1849  0.1849  0.1301  0.1164  0.1781  0.3904  0.1712  0.1781  0.1644  0.1301
P74533           0.7123  0.6712  0.6781  0.6712  0.6575  0.7329  0.6644  0.7329  0.7192  0.7397  0.6986  0.6301  0.6575  0.5822  0.5822  0.5822  0.2055  0.2055  0.1986  0.2192  0.2192  0.1781  0.1918  0.1918  0.3493  0.1438  0.2055  0.1781  0.1781  0.1849
A0ZF29           0.6849  0.6712  0.6644  0.6575  0.6438  0.7123  0.6849  0.7123  0.7123  0.6986  0.6849  0.6507  0.6507  0.5822  0.5822  0.5822  0.1918  0.1781  0.1781  0.1575  0.1575  0.1438  0.1027  0.1986  0.3630  0.1849  0.1849  0.1849  0.1438  0.1096  0.2055
A5GS45           0.7123  0.6301  0.6233  0.6644  0.6438  0.6849  0.6781  0.6849  0.6849  0.6986  0.6849  0.6644  0.6781  0.5616  0.5616  0.5616  0.3562  0.3767  0.3699  0.3493  0.3493  0.3493  0.3767  0.3699  0.3904  0.3493  0.3425  0.3219  0.3493  0.3562  0.3425  0.3699
A5GLY6           0.7055  0.6507  0.6233  0.6781  0.6507  0.6849  0.6712  0.6849  0.6918  0.6781  0.6712  0.6575  0.7123  0.5548  0.5548  0.5548  0.3973  0.4041  0.4041  0.3767  0.3767  0.3630  0.3767  0.3493  0.4384  0.3836  0.3288  0.3562  0.3630  0.3699  0.3767  0.3836  0.1986
Q8DGV8           0.6986  0.6918  0.6781  0.6575  0.6507  0.7192  0.6849  0.7192  0.7055  0.7260  0.6986  0.6781  0.6781  0.5685  0.5685  0.5685  0.2808  0.2877  0.2671  0.2466  0.2466  0.2192  0.2329  0.2466  0.3493  0.2329  0.2740  0.2192  0.2192  0.2603  0.2534  0.2466  0.3493  0.3904
Q46K36           0.6849  0.6575  0.6507  0.6644  0.6644  0.6781  0.6781  0.6712  0.7055  0.6986  0.6438  0.6438  0.6986  0.6096  0.6096  0.6096  0.3904  0.3904  0.3973  0.3699  0.3699  0.3699  0.3699  0.3562  0.4452  0.3767  0.3699  0.3425  0.3699  0.3904  0.3699  0.3699  0.3151  0.2740  0.3767
B8HXF0           0.6918  0.6712  0.6438  0.6644  0.6370  0.6918  0.6644  0.6918  0.6918  0.6986  0.6849  0.6575  0.6644  0.5959  0.5959  0.5959  0.2329  0.2329  0.2123  0.1986  0.1986  0.2055  0.1918  0.1986  0.3562  0.2123  0.2123  0.1986  0.2055  0.2123  0.2260  0.1849  0.3356  0.3767  0.1712  0.3836
A2C8B2           0.7123  0.6370  0.6233  0.6507  0.6575  0.6575  0.6575  0.6575  0.6712  0.7123  0.6712  0.6712  0.6849  0.5890  0.5890  0.5890  0.3767  0.3699  0.3767  0.3493  0.3493  0.3767  0.3630  0.3562  0.4178  0.3767  0.3425  0.3562  0.3767  0.3630  0.3630  0.3699  0.2397  0.2123  0.3836  0.2534  0.3493
Q7V6R9           0.7123  0.6370  0.6233  0.6507  0.6575  0.6575  0.6644  0.6575  0.6712  0.7123  0.6712  0.6712  0.6849  0.5890  0.5890  0.5890  0.3767  0.3699  0.3767  0.3493  0.3493  0.3767  0.3630  0.3562  0.4178  0.3767  0.3425  0.3562  0.3767  0.3630  0.3630  0.3699  0.2329  0.2055  0.3836  0.2603  0.3493  0.0137
Q5N5P2           0.7192  0.6438  0.6712  0.6575  0.6644  0.7055  0.6644  0.7055  0.6849  0.7123  0.6918  0.6575  0.6918  0.6027  0.6027  0.6027  0.2466  0.2397  0.2466  0.2329  0.2329  0.2397  0.2329  0.2260  0.3767  0.2329  0.2466  0.2055  0.2397  0.1986  0.2534  0.2260  0.3288  0.3425  0.2877  0.3562  0.2466  0.3219  0.3219
Q31NH0           0.7192  0.6438  0.6712  0.6575  0.6644  0.7055  0.6644  0.7055  0.6849  0.7123  0.6918  0.6575  0.6918  0.6027  0.6027  0.6027  0.2466  0.2397  0.2466  0.2329  0.2329  0.2397  0.2329  0.2260  0.3767  0.2329  0.2466  0.2055  0.2397  0.1986  0.2534  0.2260  0.3288  0.3425  0.2877  0.3562  0.2466  0.3219  0.3219  0.0000
Q115W2           0.6918  0.6507  0.6781  0.6575  0.6507  0.7055  0.6575  0.7055  0.7123  0.7055  0.6849  0.6712  0.6438  0.5959  0.5959  0.5959  0.1986  0.2055  0.2123  0.1712  0.1712  0.2055  0.2123  0.1986  0.3836  0.1986  0.2055  0.1918  0.2055  0.2192  0.2260  0.1986  0.3630  0.3630  0.2671  0.3562  0.2534  0.3630  0.3699  0.2329  0.2329
B0C882           0.7123  0.6438  0.6507  0.6712  0.6575  0.7260  0.6781  0.7260  0.7192  0.6986  0.6986  0.6644  0.6507  0.5822  0.5822  0.5822  0.2466  0.2466  0.2329  0.1986  0.1986  0.1986  0.1849  0.2192  0.3562  0.2260  0.2260  0.1986  0.1986  0.2055  0.2260  0.1849  0.3288  0.3562  0.2466  0.3767  0.1918  0.3493  0.3493  0.1986  0.1986  0.2466
B1XPL9           0.7260  0.6849  0.6986  0.6986  0.6712  0.7329  0.7055  0.7329  0.7192  0.7123  0.6918  0.6507  0.6781  0.5685  0.5685  0.5685  0.2192  0.2055  0.2055  0.2192  0.2192  0.1986  0.1986  0.1986  0.3562  0.1849  0.1986  0.1781  0.1986  0.1918  0.1712  0.1918  0.3151  0.3562  0.2534  0.3562  0.2192  0.3356  0.3356  0.2192  0.2192  0.2260  0.2192
A3Z7Z6           0.7192  0.6644  0.6164  0.6712  0.6507  0.6712  0.6712  0.6712  0.6712  0.6986  0.6712  0.6575  0.7192  0.5753  0.5753  0.5753  0.3767  0.3767  0.3767  0.3562  0.3562  0.3767  0.3699  0.3356  0.4315  0.3767  0.3288  0.3151  0.3767  0.3630  0.3699  0.3699  0.2123  0.1507  0.3699  0.2740  0.3425  0.1781  0.1849  0.3219  0.3219  0.3356  0.3699  0.3082
Q05ZR4           0.7123  0.6507  0.6233  0.6438  0.6507  0.6712  0.6370  0.6575  0.6918  0.6781  0.6712  0.6438  0.7055  0.5616  0.5616  0.5616  0.3973  0.4041  0.4041  0.3493  0.3493  0.3699  0.3836  0.3630  0.4178  0.3699  0.3630  0.3630  0.3699  0.3904  0.3493  0.3836  0.2123  0.2329  0.3767  0.2945  0.3493  0.2055  0.1986  0.3699  0.3699  0.3767  0.3493  0.3562  0.2329
A2C3I0           0.6849  0.6575  0.6507  0.6644  0.6644  0.6781  0.6781  0.6712  0.7055  0.6986  0.6438  0.6438  0.6986  0.6096  0.6096  0.6096  0.3904  0.3904  0.3973  0.3699  0.3699  0.3699  0.3699  0.3562  0.4452  0.3767  0.3699  0.3425  0.3699  0.3904  0.3699  0.3699  0.3151  0.2740  0.3767  0.0000  0.3836  0.2534  0.2603  0.3562  0.3562  0.3562  0.3767  0.3562  0.2740  0.2945
Q3AJ44           0.7123  0.6507  0.6233  0.6644  0.6507  0.6712  0.6370  0.6644  0.6781  0.6918  0.6712  0.6438  0.7055  0.5685  0.5685  0.5685  0.3767  0.3767  0.3836  0.3493  0.3493  0.3630  0.3767  0.3493  0.4178  0.3767  0.3356  0.3425  0.3630  0.3699  0.3425  0.3767  0.1986  0.1918  0.3767  0.2945  0.3699  0.2260  0.2192  0.3356  0.3356  0.3562  0.3493  0.3356  0.1781  0.1507  0.2945
A4CVI2           0.7055  0.6507  0.6233  0.6849  0.6507  0.6712  0.6712  0.6781  0.6918  0.6849  0.6712  0.6507  0.6986  0.5616  0.5616  0.5616  0.3836  0.3904  0.3973  0.3630  0.3630  0.3562  0.3699  0.3493  0.4384  0.3836  0.3151  0.3562  0.3562  0.3630  0.3630  0.3767  0.2123  0.0548  0.3836  0.2671  0.3699  0.2055  0.2055  0.3493  0.3493  0.3493  0.3493  0.3493  0.1644  0.2260  0.2671  0.1781
Q3AX77           0.7192  0.6507  0.6301  0.6438  0.6507  0.6644  0.6507  0.6507  0.6918  0.6849  0.6712  0.6507  0.7055  0.5753  0.5753  0.5753  0.3973  0.4041  0.4041  0.3562  0.3562  0.3699  0.3836  0.3630  0.4178  0.3767  0.3630  0.3630  0.3699  0.3904  0.3493  0.3836  0.2123  0.2329  0.3767  0.2945  0.3493  0.2055  0.1986  0.3699  0.3699  0.3699  0.3425  0.3562  0.2397  0.0205  0.2945  0.1507  0.2260
Q7V0Z7           0.6849  0.6575  0.6438  0.6575  0.6301  0.6781  0.6644  0.6712  0.6986  0.6849  0.6370  0.6575  0.6712  0.6027  0.6027  0.6027  0.3973  0.3973  0.4041  0.3973  0.3973  0.4041  0.4041  0.3973  0.4658  0.4452  0.3973  0.4247  0.4041  0.4247  0.4041  0.4315  0.3630  0.3288  0.4589  0.2603  0.4315  0.3493  0.3493  0.3904  0.3904  0.3973  0.4247  0.4041  0.3562  0.3425  0.2603  0.3288  0.3288  0.3425
A3PDK2           0.6986  0.6575  0.6438  0.6575  0.6301  0.6849  0.6644  0.6781  0.7055  0.6986  0.6438  0.6575  0.6712  0.6027  0.6027  0.6027  0.3973  0.3973  0.4041  0.3973  0.3973  0.4041  0.4041  0.3973  0.4589  0.4452  0.3904  0.4247  0.4041  0.4247  0.3973  0.4315  0.3630  0.3356  0.4589  0.2671  0.4315  0.3493  0.3493  0.3904  0.3904  0.3973  0.4247  0.4041  0.3562  0.3425  0.2671  0.3219  0.3288  0.3425  0.0548
A9BB08           0.7123  0.6575  0.6438  0.6507  0.6712  0.6781  0.6781  0.6712  0.6712  0.6644  0.6438  0.6507  0.6781  0.5753  0.5753  0.5753  0.3699  0.3836  0.3767  0.3630  0.3630  0.3630  0.3562  0.3562  0.4384  0.4041  0.3699  0.3493  0.3630  0.3767  0.3767  0.3699  0.2603  0.2740  0.3767  0.2603  0.3904  0.2808  0.2808  0.3493  0.3493  0.3630  0.3767  0.3219  0.2534  0.2671  0.2603  0.2466  0.2534  0.2740  0.3288  0.3219
A2BRS6           0.6986  0.6575  0.6370  0.6644  0.6233  0.6849  0.6644  0.6781  0.7055  0.6986  0.6438  0.6575  0.6712  0.6164  0.6164  0.6164  0.4041  0.4041  0.4110  0.4041  0.4041  0.4110  0.4110  0.4041  0.4658  0.4384  0.4041  0.4178  0.4110  0.4315  0.3904  0.4384  0.3699  0.3425  0.4658  0.2671  0.4384  0.3630  0.3630  0.3973  0.3973  0.3973  0.4315  0.4110  0.3630  0.3562  0.2671  0.3288  0.3356  0.3562  0.0616  0.0274  0.3219
Q0IBC2           0.7260  0.6644  0.6164  0.6575  0.6644  0.6644  0.6644  0.6712  0.6781  0.6986  0.6712  0.6507  0.6849  0.5685  0.5685  0.5685  0.3836  0.3767  0.3836  0.3493  0.3493  0.3699  0.3630  0.3219  0.4315  0.3767  0.3288  0.3356  0.3699  0.3630  0.3562  0.3699  0.2055  0.1370  0.3904  0.2534  0.3493  0.1575  0.1507  0.3493  0.3493  0.3562  0.3836  0.3356  0.1027  0.1986  0.2534  0.1644  0.1370  0.2055  0.3425  0.3356  0.2466  0.3493
Q2JH53           0.7055  0.6438  0.6918  0.6849  0.6438  0.7123  0.6781  0.7123  0.7123  0.7192  0.6849  0.6918  0.6712  0.6370  0.6370  0.6370  0.3904  0.3973  0.3973  0.3836  0.3836  0.3836  0.3699  0.3836  0.4041  0.3904  0.3904  0.3904  0.3836  0.4041  0.3904  0.3836  0.4452  0.4247  0.4041  0.4658  0.3699  0.4452  0.4452  0.3425  0.3425  0.3699  0.3493  0.3904  0.4452  0.4589  0.4658  0.4384  0.4315  0.4589  0.4247  0.4247  0.4589  0.4315  0.4521
Q7U7Q3           0.7123  0.6507  0.6301  0.6712  0.6575  0.6849  0.6301  0.6781  0.6918  0.6849  0.6644  0.6438  0.7055  0.5616  0.5616  0.5616  0.3699  0.3767  0.3767  0.3425  0.3425  0.3562  0.3767  0.3356  0.4384  0.3699  0.3356  0.3356  0.3562  0.3699  0.3425  0.3767  0.1918  0.1849  0.3836  0.2877  0.3562  0.2260  0.2192  0.3356  0.3356  0.3493  0.3425  0.3288  0.1849  0.1164  0.2877  0.0685  0.1849  0.1301  0.3151  0.3219  0.2397  0.3288  0.1781  0.4247
A8G5G7           0.6986  0.6644  0.6507  0.6644  0.6370  0.6986  0.6712  0.6918  0.7192  0.7055  0.6438  0.6644  0.6781  0.6096  0.6096  0.6096  0.4110  0.4110  0.4178  0.4041  0.4041  0.4110  0.4110  0.4110  0.4658  0.4452  0.4041  0.4247  0.4110  0.4315  0.3973  0.4384  0.3767  0.3493  0.4521  0.2534  0.4384  0.3493  0.3562  0.3904  0.3904  0.3904  0.4315  0.4041  0.3630  0.3493  0.2534  0.3356  0.3425  0.3493  0.0616  0.0342  0.3219  0.0479  0.3493  0.4315  0.3356
Q31AC8           0.6986  0.6644  0.6438  0.6644  0.6301  0.6918  0.6712  0.6849  0.7123  0.7055  0.6507  0.6644  0.6644  0.5959  0.5959  0.5959  0.3973  0.3973  0.4041  0.3973  0.3973  0.4178  0.4178  0.4110  0.4726  0.4589  0.4110  0.4384  0.4178  0.4384  0.4110  0.4452  0.3767  0.3493  0.4658  0.2740  0.4452  0.3630  0.3630  0.4041  0.4041  0.4110  0.4384  0.4178  0.3699  0.3493  0.2740  0.3356  0.3425  0.3493  0.0616  0.0205  0.3288  0.0342  0.3493  0.4315  0.3356  0.0274
A2BX84           0.6986  0.6507  0.6438  0.6644  0.6301  0.6849  0.6781  0.6781  0.7055  0.6918  0.6507  0.6644  0.6644  0.6027  0.6027  0.6027  0.3904  0.3904  0.3973  0.4041  0.4041  0.4041  0.3973  0.4041  0.4589  0.4384  0.4041  0.4315  0.4041  0.4178  0.3904  0.4384  0.3562  0.3425  0.4658  0.2671  0.4384  0.3425  0.3425  0.3904  0.3904  0.4041  0.4178  0.3973  0.3630  0.3562  0.2671  0.3356  0.3425  0.3562  0.0479  0.0616  0.3288  0.0685  0.3425  0.4315  0.3356  0.0685  0.0685
Q2JUS3           0.7192  0.6507  0.6712  0.6849  0.6438  0.6986  0.6712  0.6986  0.7055  0.7192  0.6712  0.6781  0.6781  0.6438  0.6438  0.6438  0.4041  0.4110  0.4110  0.3973  0.3973  0.3836  0.3699  0.3836  0.3973  0.3904  0.4110  0.3836  0.3836  0.4041  0.3904  0.3836  0.4315  0.4315  0.4178  0.4658  0.3767  0.4521  0.4521  0.3562  0.3562  0.3836  0.3630  0.3904  0.4384  0.4452  0.4658  0.4247  0.4384  0.4452  0.4247  0.4247  0.4521  0.4315  0.4452  0.0411  0.4315  0.4315  0.4315  0.4315
Q05XX8           0.7055  0.6438  0.6301  0.6575  0.6507  0.6781  0.6712  0.6849  0.6849  0.6918  0.6712  0.6781  0.7055  0.5616  0.5616  0.5616  0.3493  0.3630  0.3562  0.3288  0.3288  0.3562  0.3493  0.3425  0.4315  0.3630  0.2945  0.3151  0.3562  0.3493  0.3699  0.3562  0.1986  0.1370  0.3767  0.2671  0.3493  0.1438  0.1507  0.3219  0.3219  0.3288  0.3562  0.3288  0.1027  0.2123  0.2671  0.1849  0.1370  0.2192  0.3425  0.3425  0.2603  0.3562  0.1027  0.4315  0.1849  0.3493  0.3562  0.3493  0.4384
Q7VBJ4           0.6986  0.6575  0.6438  0.6507  0.6644  0.6781  0.6849  0.6781  0.6712  0.7055  0.6507  0.6438  0.6712  0.5959  0.5959  0.5959  0.3630  0.3562  0.3630  0.3356  0.3356  0.3767  0.3425  0.3425  0.4384  0.3904  0.3630  0.3562  0.3767  0.3562  0.3836  0.3493  0.2877  0.2671  0.3699  0.2603  0.3493  0.2671  0.2603  0.3356  0.3356  0.3356  0.3699  0.3151  0.2260  0.3082  0.2603  0.2671  0.2466  0.3082  0.3219  0.3219  0.1849  0.3288  0.2534  0.4178  0.2740  0.3219  0.3288  0.3356  0.4110  0.2603
B4AX04           0.6986  0.6575  0.6644  0.6712  0.6644  0.7123  0.6575  0.7055  0.6986  0.6575  0.6781  0.6644  0.6712  0.6027  0.6027  0.6027  0.1986  0.1918  0.1849  0.1712  0.1712  0.1507  0.1164  0.0822  0.3767  0.1918  0.1438  0.1712  0.1507  0.1575  0.2123  0.1644  0.3630  0.3493  0.2534  0.3630  0.2123  0.3767  0.3767  0.2260  0.2260  0.2192  0.1986  0.1849  0.3493  0.3630  0.3630  0.3493  0.3425  0.3630  0.3973  0.3973  0.3562  0.4041  0.3425  0.3767  0.3493  0.4110  0.4110  0.3973  0.3767  0.3288  0.3562
A3YYJ7           0.7329  0.6438  0.6301  0.6644  0.6438  0.6781  0.6507  0.6781  0.6986  0.6918  0.6849  0.6507  0.6781  0.5959  0.5959  0.5959  0.3562  0.3630  0.3562  0.3425  0.3425  0.3630  0.3493  0.3562  0.4110  0.3767  0.3630  0.3493  0.3630  0.3562  0.3699  0.3493  0.1986  0.2534  0.3699  0.3288  0.3493  0.2192  0.2123  0.3425  0.3425  0.3493  0.3425  0.3151  0.2055  0.2055  0.3288  0.2192  0.2466  0.2123  0.3699  0.3699  0.2534  0.3767  0.2192  0.4521  0.1986  0.3836  0.3836  0.3699  0.4384  0.2260  0.2808  0.3562


TREE #  1:  ((((9, 11), 10), (8, 6)), (((((((((((20, 21), ((18, 19), 17)), ((24, 64), 27)), 31), 44), (((26, 28), 42), (((32, 23), (22, 29)), 30))), ((35, 37), 43)), ((41, 40), ((((((46, 50), (48, 57)), (((49, 34), 55), (45, 62))), (((((51, 60), (((52, 54), 58), 59)), (36, 47)), (63, 53)), (38, 39))), 65), 33))), (56, 61)), 25), ((14, 15), 16)), ((((((3, 5), 1), 2), (12, 7)), 4), 13));   MP score: 1317
lnL(ntime: 63  np: 64):  -6686.564031      +0.000000
  66..67   67..68   68..69   69..9    69..11   68..10   67..70   70..8    70..6    66..71   71..72   72..73   73..74   74..75   75..76   76..77   77..78   78..79   79..80   80..81   81..20   81..21   80..82   82..83   83..18   83..19   82..17   79..84   84..85   85..24   85..64   84..27   78..31   77..44   76..86   86..87   87..88   88..26   88..28   87..42   86..89   89..90   90..91   91..32   91..23   90..92   92..22   92..29   89..30   75..93   93..94   94..35   94..37   93..43   74..95   95..96   96..41   96..40   95..97   97..98   98..99   99..100 100..101 101..102 102..46  102..50  101..103 103..48  103..57  100..104 104..105 105..106 106..49  106..34  105..55  104..107 107..45  107..62   99..108 108..109 109..110 110..111 111..112 112..51  112..60  111..113 113..114 114..115 115..52  115..54  114..58  113..59  110..116 116..36  116..47  109..117 117..63  117..53  108..118 118..38  118..39   98..65   97..33   73..119 119..56  119..61   72..25   71..120 120..121 121..14  121..15  120..16   66..122 122..123 123..124 124..125 125..126 126..127 127..3   127..5   126..1   125..2   124..128 128..12  128..7   123..4   122..13 
 1.193462 0.269354 0.269354 0.256306 0.018105 0.814840 0.460518 0.427104 0.368320 0.219246 0.170195 0.170195 0.170195 0.148283 0.062909 0.003764 0.024698 0.010933 0.116987 0.054412 0.170195 0.142475 0.095376 0.092634 0.075057 0.065147 0.000000 0.167949 0.126565 0.356089 0.000000 0.246695 0.246695 0.227573 0.201952 0.101457 0.011796 0.044961 0.106221 0.098175 0.026445 0.072460 0.227572 0.191826 0.144970 0.029330 0.027207 0.015183 0.015183 0.014451 0.000000 0.111760 0.008388 0.022803 0.000001 0.000000 0.746854 0.671824 0.573638 0.573637 0.523220 0.421735 0.365014 0.760175

tree length =  14.97662

((((9: 0.256306, 11: 0.256306): 0.013049, 10: 0.269354): 0.000000, (8: 0.018105, 6: 0.018105): 0.251249): 0.924107, (((((((((((20: 0.003764, 21: 0.003764): 0.059145, ((18: 0.010933, 19: 0.010933): 0.013764, 17: 0.024698): 0.038211): 0.085374, ((24: 0.054412, 64: 0.054412): 0.062575, 27: 0.116987): 0.031296): 0.021912, 31: 0.170195): 0.000000, 44: 0.170195): 0.000000, (((26: 0.095376, 28: 0.095376): 0.047099, 42: 0.142475): 0.027720, (((32: 0.065147, 23: 0.065147): 0.009910, (22: 0.000000, 29: 0.000000): 0.075057): 0.017577, 30: 0.092634): 0.077561): 0.000000): 0.049051, ((35: 0.126565, 37: 0.126565): 0.041385, 43: 0.167949): 0.051297): 0.149074, ((41: 0.000000, 40: 0.000000): 0.356089, ((((((46: 0.011796, 50: 0.011796): 0.089661, (48: 0.044961, 57: 0.044961): 0.056496): 0.100495, (((49: 0.026445, 34: 0.026445): 0.071730, 55: 0.098175): 0.008046, (45: 0.072460, 62: 0.072460): 0.033761): 0.095731): 0.025621, (((((51: 0.027207, 60: 0.027207): 0.002123, (((52: 0.014451, 54: 0.014451): 0.000732, 58: 0.015183): 0.000000, 59: 0.015183): 0.014147): 0.115640, (36: 0.000000, 47: 0.000000): 0.144970): 0.046856, (63: 0.111760, 53: 0.111760): 0.080066): 0.035746, (38: 0.008388, 39: 0.008388): 0.219184): 0.000000): 0.019122, 65: 0.246695): 0.000000, 33: 0.246695): 0.109394): 0.012231): 0.058783, (56: 0.022803, 61: 0.022803): 0.404300): 0.033414, 25: 0.460518): 0.354322, ((14: 0.000000, 15: 0.000000): 0.000001, 16: 0.000001): 0.814839): 0.378622, ((((((3: 0.421735, 5: 0.421735): 0.101485, 1: 0.523220): 0.050418, 2: 0.573637): 0.000001, (12: 0.365014, 7: 0.365014): 0.208624): 0.098186, 4: 0.671824): 0.075030, 13: 0.746854): 0.446608);

((((Q4HHS4: 0.256306, Q4HT09: 0.256306): 0.013049, B9KFK9: 0.269354): 0.000000, (A8FMW9: 0.018105, A7H2B7: 0.018105): 0.251249): 0.924107, (((((((((((B7K2B2: 0.003764, C7QNB7: 0.003764): 0.059145, ((A3IM06: 0.010933, B1WUB2: 0.010933): 0.013764, Q4C5V8: 0.024698): 0.038211): 0.085374, ((B7KEM9: 0.054412, B4AX04: 0.054412): 0.062575, B0JUQ3: 0.116987): 0.031296): 0.021912, P74533: 0.170195): 0.000000, B1XPL9: 0.170195): 0.000000, (((A0YKV2: 0.095376, B5VUA7: 0.095376): 0.047099, Q115W2: 0.142475): 0.027720, (((A0ZF29: 0.065147, B2J7Q3: 0.065147): 0.009910, (Q8YMF7: 0.000000, Q3MAW5: 0.000000): 0.075057): 0.017577, B9YKY0: 0.092634): 0.077561): 0.000000): 0.049051, ((Q8DGV8: 0.126565, B8HXF0: 0.126565): 0.041385, B0C882: 0.167949): 0.051297): 0.149074, ((Q31NH0: 0.000000, Q5N5P2: 0.000000): 0.356089, ((((((Q05ZR4: 0.011796, Q3AX77: 0.011796): 0.089661, (Q3AJ44: 0.044961, Q7U7Q3: 0.044961): 0.056496): 0.100495, (((A4CVI2: 0.026445, A5GLY6: 0.026445): 0.071730, Q0IBC2: 0.098175): 0.008046, (A3Z7Z6: 0.072460, Q05XX8: 0.072460): 0.033761): 0.095731): 0.025621, (((((Q7V0Z7: 0.027207, A2BX84: 0.027207): 0.002123, (((A3PDK2: 0.014451, A2BRS6: 0.014451): 0.000732, A8G5G7: 0.015183): 0.000000, Q31AC8: 0.015183): 0.014147): 0.115640, (Q46K36: 0.000000, A2C3I0: 0.000000): 0.144970): 0.046856, (Q7VBJ4: 0.111760, A9BB08: 0.111760): 0.080066): 0.035746, (A2C8B2: 0.008388, Q7V6R9: 0.008388): 0.219184): 0.000000): 0.019122, A3YYJ7: 0.246695): 0.000000, A5GS45: 0.246695): 0.109394): 0.012231): 0.058783, (Q2JH53: 0.022803, Q2JUS3: 0.022803): 0.404300): 0.033414, Q7NFM5: 0.460518): 0.354322, ((B7MQI7: 0.000000, P0A7H6: 0.000000): 0.000001, B7LLP8: 0.000001): 0.814839): 0.378622, ((((((Q30R19: 0.421735, A6QBG5: 0.421735): 0.101485, A8EUC6: 0.523220): 0.050418, D1AZY5: 0.573637): 0.000001, (P56214: 0.365014, Q7M9T2: 0.365014): 0.208624): 0.098186, A6Q485: 0.671824): 0.075030, B9L9M2: 0.746854): 0.446608);

((((9_Q4HHS4, 11_Q4HT09) 69 , 10_B9KFK9) 68 , (8_A8FMW9, 6_A7H2B7) 70 ) 67 , (((((((((((20_B7K2B2, 21_C7QNB7) 81 , ((18_A3IM06, 19_B1WUB2) 83 , 17_Q4C5V8) 82 ) 80 , ((24_B7KEM9, 64_B4AX04) 85 , 27_B0JUQ3) 84 ) 79 , 31_P74533) 78 , 44_B1XPL9) 77 , (((26_A0YKV2, 28_B5VUA7) 88 , 42_Q115W2) 87 , (((32_A0ZF29, 23_B2J7Q3) 91 , (22_Q8YMF7, 29_Q3MAW5) 92 ) 90 , 30_B9YKY0) 89 ) 86 ) 76 , ((35_Q8DGV8, 37_B8HXF0) 94 , 43_B0C882) 93 ) 75 , ((41_Q31NH0, 40_Q5N5P2) 96 , ((((((46_Q05ZR4, 50_Q3AX77) 102 , (48_Q3AJ44, 57_Q7U7Q3) 103 ) 101 , (((49_A4CVI2, 34_A5GLY6) 106 , 55_Q0IBC2) 105 , (45_A3Z7Z6, 62_Q05XX8) 107 ) 104 ) 100 , (((((51_Q7V0Z7, 60_A2BX84) 112 , (((52_A3PDK2, 54_A2BRS6) 115 , 58_A8G5G7) 114 , 59_Q31AC8) 113 ) 111 , (36_Q46K36, 47_A2C3I0) 116 ) 110 , (63_Q7VBJ4, 53_A9BB08) 117 ) 109 , (38_A2C8B2, 39_Q7V6R9) 118 ) 108 ) 99 , 65_A3YYJ7) 98 , 33_A5GS45) 97 ) 95 ) 74 , (56_Q2JH53, 61_Q2JUS3) 119 ) 73 , 25_Q7NFM5) 72 , ((14_B7MQI7, 15_P0A7H6) 121 , 16_B7LLP8) 120 ) 71 , ((((((3_Q30R19, 5_A6QBG5) 127 , 1_A8EUC6) 126 , 2_D1AZY5) 125 , (12_P56214, 7_Q7M9T2) 128 ) 124 , 4_A6Q485) 123 , 13_B9L9M2) 122 ) 66 ;

Detailed output identifying parameters

alpha (gamma, K = 4) =  0.76018
rate:   0.08706  0.39059  0.94528  2.57707
freq:   0.25000  0.25000  0.25000  0.25000

Time used:  4:22
