AAML (in paml version 4.6, August 2012)  273.aa
Model: Empirical for branches,  Global clock  (../../../bin/LG.dat) dGamma (ncatG=4) ns =  65  ls = 152


Frequencies..
                                    A      R      N      D      C      Q      E      G      H      I      L      K      M      F      P      S      T      W      Y      V
A8ETF3                         0.07895 0.04605 0.04605 0.03947 0.00658 0.01974 0.08553 0.04605 0.02632 0.08553 0.09868 0.05921 0.03289 0.06579 0.02632 0.06579 0.05921 0.00000 0.01974 0.09211
B9L9C2                         0.05921 0.03947 0.05263 0.07237 0.01316 0.00658 0.07237 0.03289 0.01974 0.10526 0.09211 0.10526 0.03947 0.04605 0.03289 0.07895 0.03289 0.00000 0.03289 0.06579
Q4HI62                         0.07237 0.03289 0.05921 0.04605 0.01316 0.01316 0.07237 0.03947 0.03289 0.10526 0.12500 0.07237 0.01316 0.04605 0.03947 0.06579 0.05263 0.00658 0.02632 0.06579
A6Q9Z7                         0.09868 0.05263 0.02632 0.07895 0.00658 0.03289 0.05263 0.03947 0.01974 0.07895 0.09868 0.05263 0.04605 0.04605 0.03289 0.07237 0.04605 0.00000 0.03947 0.07895
A6Q373                         0.05921 0.04605 0.03947 0.06579 0.00658 0.03289 0.03947 0.03289 0.02632 0.11184 0.07895 0.06579 0.03947 0.05263 0.04605 0.07237 0.06579 0.00000 0.03947 0.07895
A8FLI0                         0.07895 0.03289 0.03947 0.05921 0.01316 0.01316 0.06579 0.03947 0.03289 0.09868 0.13158 0.08553 0.01974 0.03947 0.03947 0.05921 0.03947 0.00658 0.03289 0.07237
A7H475                         0.07895 0.03289 0.03947 0.05921 0.01316 0.01316 0.06579 0.03947 0.03289 0.09868 0.13158 0.08553 0.01974 0.03947 0.03947 0.05921 0.03947 0.00658 0.03289 0.07237
B9KG86                         0.06579 0.03947 0.06579 0.05263 0.01316 0.01974 0.05921 0.03289 0.02632 0.10526 0.11842 0.07895 0.03947 0.03947 0.03947 0.06579 0.03289 0.00658 0.02632 0.07237
D1B2I6                         0.07895 0.05263 0.02632 0.06579 0.00658 0.01974 0.06579 0.05263 0.01974 0.08553 0.08553 0.05921 0.03947 0.05263 0.04605 0.07895 0.02632 0.00658 0.02632 0.10526
Q7M9X2                         0.09211 0.06579 0.02632 0.03947 0.01974 0.01974 0.07237 0.03947 0.01974 0.07895 0.11184 0.02632 0.04605 0.04605 0.05921 0.08553 0.05263 0.00000 0.03289 0.06579
Q30RH8                         0.07895 0.03289 0.06579 0.05263 0.00000 0.01974 0.07237 0.03947 0.01974 0.07895 0.13158 0.06579 0.03947 0.04605 0.03289 0.04605 0.04605 0.00000 0.03289 0.09868
Q4HNQ4                         0.07895 0.03289 0.05921 0.04605 0.01316 0.01974 0.06579 0.03947 0.01974 0.08553 0.13158 0.07237 0.01316 0.04605 0.03947 0.07895 0.04605 0.00658 0.02632 0.07895
B7N1T5                         0.10526 0.05263 0.03947 0.03947 0.00000 0.04605 0.07237 0.03947 0.05921 0.05263 0.09211 0.02632 0.05263 0.05921 0.04605 0.05921 0.05263 0.00658 0.01316 0.08553
P0A6I6                         0.11184 0.05263 0.03947 0.03947 0.00000 0.04605 0.06579 0.03947 0.05921 0.05263 0.09211 0.02632 0.05263 0.05921 0.04605 0.05921 0.05263 0.00658 0.01316 0.08553
B7LVJ5                         0.11184 0.05263 0.03947 0.03947 0.00000 0.03947 0.06579 0.03947 0.06579 0.05263 0.09211 0.02632 0.05263 0.05921 0.04605 0.05921 0.05263 0.00658 0.01316 0.08553
Q3AJW3                         0.09211 0.07237 0.02632 0.06579 0.01316 0.01316 0.06579 0.05263 0.03947 0.04605 0.09868 0.01974 0.03289 0.05263 0.03947 0.09211 0.05921 0.00000 0.01316 0.10526
O26010                         0.07237 0.03289 0.04605 0.03289 0.01316 0.01974 0.07237 0.04605 0.04605 0.08553 0.11184 0.06579 0.03289 0.05263 0.03947 0.08553 0.03289 0.00000 0.03947 0.07237
Q05SX7                         0.08553 0.05921 0.01974 0.03289 0.01316 0.06579 0.07895 0.06579 0.03947 0.03947 0.11842 0.01974 0.01974 0.05921 0.04605 0.07237 0.05263 0.00000 0.01316 0.09868
A3Z6S5                         0.09211 0.07237 0.01316 0.03947 0.01316 0.03947 0.07895 0.07237 0.03947 0.03947 0.12500 0.01316 0.01974 0.05263 0.03947 0.08553 0.05263 0.00000 0.01316 0.09868
Q3AXV0                         0.09211 0.05921 0.02632 0.06579 0.00658 0.02632 0.06579 0.05921 0.03947 0.03947 0.11184 0.03289 0.03289 0.05263 0.03289 0.09211 0.05263 0.00000 0.01316 0.09868
Q067B1                         0.07895 0.06579 0.02632 0.07895 0.00658 0.01974 0.05263 0.05921 0.03947 0.04605 0.11842 0.03947 0.03947 0.05263 0.03289 0.09211 0.05263 0.00000 0.01316 0.08553
Q8DJQ7                         0.07895 0.07237 0.03947 0.03947 0.00000 0.03947 0.05921 0.05263 0.03289 0.05263 0.11842 0.04605 0.01316 0.05263 0.03289 0.08553 0.05263 0.00658 0.02632 0.09868
A5GT90                         0.07895 0.05921 0.01974 0.05263 0.00000 0.05921 0.06579 0.04605 0.03947 0.02632 0.13816 0.01316 0.01316 0.07237 0.04605 0.09868 0.05263 0.00000 0.00658 0.11184
Q7U6T8                         0.09211 0.05921 0.03289 0.06579 0.01316 0.03947 0.04605 0.05921 0.04605 0.03947 0.10526 0.03289 0.02632 0.05263 0.03947 0.07237 0.05921 0.00000 0.01316 0.10526
Q0IAF3                         0.08553 0.05921 0.02632 0.03947 0.01316 0.04605 0.07237 0.06579 0.04605 0.03289 0.12500 0.01316 0.01974 0.05921 0.03289 0.09211 0.05921 0.00000 0.01974 0.09211
B2J6C6                         0.05921 0.07237 0.03947 0.04605 0.00000 0.05921 0.05263 0.04605 0.03947 0.07237 0.12500 0.01316 0.01974 0.05263 0.04605 0.08553 0.05921 0.00000 0.01974 0.09211
B9YP58                         0.07237 0.05263 0.04605 0.04605 0.00000 0.05921 0.04605 0.05263 0.03289 0.07895 0.11184 0.03947 0.01974 0.05263 0.04605 0.07237 0.05921 0.00000 0.01974 0.09211
Q8YN70                         0.06579 0.06579 0.03289 0.05263 0.00000 0.05921 0.05263 0.05263 0.03289 0.07895 0.11842 0.02632 0.01316 0.05263 0.04605 0.07895 0.05921 0.00000 0.01974 0.09211
A0ZCW4                         0.05921 0.06579 0.03289 0.05921 0.00000 0.05921 0.06579 0.05263 0.03289 0.09211 0.11184 0.01974 0.01316 0.05263 0.03289 0.07237 0.06579 0.00000 0.01974 0.09211
Q3MBP8                         0.06579 0.06579 0.03947 0.05263 0.00000 0.05921 0.05263 0.05263 0.03289 0.07237 0.11842 0.02632 0.00658 0.05263 0.04605 0.07237 0.05921 0.00000 0.01974 0.10526
B0CAI3                         0.07895 0.03947 0.04605 0.03289 0.01316 0.06579 0.05921 0.04605 0.03947 0.06579 0.12500 0.02632 0.01316 0.05263 0.03947 0.07895 0.07237 0.00000 0.02632 0.07895
Q7VBZ0                         0.06579 0.04605 0.01974 0.05263 0.00658 0.01316 0.07895 0.03947 0.03289 0.09211 0.11184 0.07237 0.02632 0.04605 0.02632 0.11184 0.05263 0.00000 0.02632 0.07895
Q7V1I7                         0.05263 0.03289 0.08553 0.04605 0.00658 0.01974 0.07237 0.04605 0.02632 0.06579 0.12500 0.06579 0.01974 0.04605 0.02632 0.08553 0.06579 0.00000 0.02632 0.08553
A3YZL5                         0.10526 0.07895 0.01316 0.05263 0.00658 0.03947 0.06579 0.06579 0.03947 0.02632 0.12500 0.01974 0.01974 0.06579 0.03289 0.09211 0.03947 0.00000 0.00658 0.10526
A2C9T2                         0.10526 0.05921 0.03289 0.05263 0.01974 0.03947 0.04605 0.05921 0.05263 0.04605 0.11184 0.01974 0.02632 0.06579 0.03947 0.06579 0.05263 0.00000 0.01316 0.09211
A4CUH9                         0.11184 0.05921 0.02632 0.05921 0.00658 0.02632 0.05921 0.05921 0.03289 0.03289 0.13158 0.03289 0.01974 0.05263 0.03947 0.08553 0.05921 0.00000 0.01974 0.08553
A3PCX3                         0.04605 0.03289 0.08553 0.04605 0.00658 0.01316 0.07237 0.04605 0.02632 0.08553 0.13158 0.06579 0.01974 0.04605 0.03947 0.08553 0.06579 0.00000 0.02632 0.05921
Q5N092                         0.09868 0.05921 0.05263 0.03947 0.00658 0.05263 0.06579 0.05263 0.02632 0.04605 0.11184 0.02632 0.01974 0.06579 0.03947 0.07237 0.05263 0.00000 0.02632 0.08553
Q55235                         0.09868 0.05921 0.05263 0.03947 0.00658 0.05263 0.06579 0.05263 0.02632 0.04605 0.11184 0.02632 0.01974 0.06579 0.03947 0.07237 0.05263 0.00000 0.02632 0.08553
A2BR50                         0.04605 0.03289 0.09211 0.04605 0.00658 0.01316 0.07237 0.04605 0.02632 0.08553 0.13158 0.05921 0.01974 0.04605 0.04605 0.07895 0.06579 0.00000 0.02632 0.05921
B8HPS4                         0.08553 0.04605 0.03947 0.03289 0.01316 0.05263 0.05921 0.04605 0.03289 0.06579 0.10526 0.03947 0.01974 0.05263 0.03947 0.06579 0.06579 0.00000 0.03289 0.10526
Q31AW9                         0.04605 0.03289 0.08553 0.04605 0.00658 0.01316 0.07237 0.04605 0.02632 0.09211 0.13158 0.05921 0.01974 0.04605 0.03947 0.08553 0.06579 0.00000 0.03289 0.05263
Q46L10                         0.07895 0.05921 0.04605 0.05263 0.01974 0.02632 0.07895 0.05921 0.03947 0.06579 0.10526 0.05263 0.01974 0.06579 0.03289 0.06579 0.05921 0.00000 0.01974 0.05263
A2C247                         0.07895 0.06579 0.04605 0.05263 0.01974 0.02632 0.07895 0.05921 0.03289 0.06579 0.10526 0.05263 0.01974 0.06579 0.03289 0.06579 0.05921 0.00000 0.01974 0.05263
A2BWL2                         0.05921 0.03947 0.07895 0.03947 0.00658 0.02632 0.07895 0.04605 0.02632 0.07895 0.12500 0.05263 0.01974 0.05263 0.02632 0.09211 0.05921 0.00000 0.01974 0.07237
A5GL79                         0.09211 0.05921 0.01974 0.04605 0.00658 0.03289 0.07237 0.06579 0.03289 0.03289 0.13158 0.02632 0.01974 0.05263 0.03947 0.09211 0.05921 0.00000 0.01974 0.09868
A8G4U2                         0.04605 0.03947 0.09211 0.03947 0.00658 0.01974 0.07237 0.04605 0.02632 0.09211 0.12500 0.05263 0.01974 0.04605 0.03947 0.08553 0.06579 0.00000 0.02632 0.05921
A9BAE9                         0.08553 0.05263 0.03947 0.03289 0.01316 0.01974 0.09211 0.05921 0.02632 0.05263 0.11184 0.05921 0.01974 0.06579 0.03289 0.07237 0.06579 0.00000 0.01974 0.07895
A0YU81                         0.05921 0.03947 0.04605 0.03947 0.00658 0.03947 0.07895 0.03947 0.03947 0.07895 0.11842 0.05921 0.01974 0.05263 0.03289 0.07895 0.05921 0.00000 0.01974 0.09211
Q55435                         0.05921 0.03289 0.02632 0.05263 0.01316 0.05263 0.05921 0.05921 0.03289 0.07895 0.11842 0.05263 0.01316 0.05263 0.03947 0.07895 0.06579 0.00658 0.01974 0.08553
Q7V7L9                         0.09868 0.05263 0.03289 0.04605 0.02632 0.03947 0.05263 0.05921 0.05263 0.04605 0.11184 0.01974 0.02632 0.06579 0.03289 0.07237 0.05921 0.00000 0.01316 0.09211
Q2JJM6                         0.09211 0.05263 0.02632 0.04605 0.00000 0.03289 0.05263 0.04605 0.03289 0.05263 0.13816 0.05263 0.01316 0.04605 0.05921 0.08553 0.05263 0.00000 0.01316 0.10526
B5W5M5                         0.05921 0.04605 0.03289 0.05263 0.00000 0.03289 0.06579 0.04605 0.03947 0.08553 0.10526 0.03947 0.01974 0.05921 0.03289 0.09211 0.05921 0.00658 0.01974 0.10526
B7KEW8                         0.05263 0.04605 0.03947 0.04605 0.00658 0.03947 0.07237 0.05921 0.02632 0.07895 0.11842 0.05921 0.01316 0.05263 0.03289 0.07237 0.05921 0.00658 0.01974 0.09868
Q115H2                         0.06579 0.03289 0.04605 0.03947 0.01316 0.04605 0.06579 0.04605 0.03947 0.09868 0.10526 0.05263 0.01974 0.05263 0.02632 0.08553 0.05263 0.00000 0.01974 0.09211
C7QVS4                         0.05921 0.04605 0.02632 0.03289 0.01316 0.02632 0.09868 0.05921 0.03289 0.06579 0.11842 0.05263 0.01316 0.05263 0.02632 0.07237 0.07895 0.00000 0.01974 0.10526
B7JWQ3                         0.05921 0.04605 0.02632 0.03289 0.01316 0.02632 0.09868 0.05921 0.03289 0.06579 0.11842 0.05263 0.01316 0.05263 0.02632 0.07237 0.07895 0.00000 0.01974 0.10526
Q7NMB9                         0.10526 0.07895 0.02632 0.03947 0.00000 0.02632 0.08553 0.03947 0.03947 0.04605 0.13158 0.02632 0.01974 0.04605 0.03947 0.06579 0.06579 0.00000 0.01316 0.10526
Q2JRG2                         0.09211 0.05263 0.02632 0.04605 0.00000 0.03947 0.05263 0.04605 0.03289 0.05263 0.13816 0.04605 0.01316 0.05263 0.06579 0.07237 0.05263 0.00000 0.01316 0.10526
B1XNE8                         0.06579 0.05921 0.04605 0.05921 0.01316 0.02632 0.06579 0.05263 0.02632 0.06579 0.11184 0.04605 0.01316 0.05263 0.03947 0.07895 0.05921 0.00658 0.01974 0.09211
A3ISY6                         0.04605 0.04605 0.03947 0.04605 0.00658 0.04605 0.07895 0.05263 0.02632 0.07237 0.11184 0.05263 0.02632 0.04605 0.03947 0.06579 0.05921 0.00000 0.03289 0.10526
Q4C455                         0.04605 0.03289 0.02632 0.03947 0.00658 0.05263 0.07895 0.04605 0.02632 0.07895 0.11184 0.05921 0.01974 0.04605 0.03947 0.07895 0.07895 0.00000 0.03947 0.09211
B4B042                         0.05263 0.05263 0.04605 0.03947 0.01316 0.03289 0.07237 0.05921 0.02632 0.07237 0.10526 0.05263 0.01316 0.05263 0.03947 0.06579 0.07237 0.00658 0.01974 0.10526
B1WS35                         0.04605 0.04605 0.03289 0.04605 0.00658 0.03947 0.07237 0.05263 0.02632 0.06579 0.11184 0.07237 0.02632 0.04605 0.04605 0.05921 0.06579 0.00000 0.03289 0.10526
B0JPJ2                         0.04605 0.04605 0.03289 0.03289 0.01316 0.01974 0.08553 0.05263 0.03289 0.07237 0.11184 0.06579 0.01316 0.05263 0.03947 0.07895 0.06579 0.00658 0.02632 0.10526

Homogeneity statistic: X2 = 5.02361 G = 5.07131 

Average                        0.07551 0.05081 0.04099 0.04787 0.00840 0.03381 0.06802 0.04990 0.03381 0.06822 0.11559 0.04615 0.02348 0.05304 0.03877 0.07672 0.05678 0.00162 0.02237 0.08816

# constant sites:     25 (16.45%)
ln Lmax (unconstrained) = -745.424562

AA distances (raw proportions of different sites)

A8ETF3         
B9L9C2           0.4145
Q4HI62           0.4079  0.3553
A6Q9Z7           0.3882  0.3882  0.4342
A6Q373           0.4145  0.3553  0.3947  0.3816
A8FLI0           0.4211  0.4079  0.1316  0.4408  0.3882
A7H475           0.4211  0.4079  0.1316  0.4408  0.3882  0.0000
B9KG86           0.4145  0.4079  0.2697  0.4408  0.3750  0.2500  0.2500
D1B2I6           0.4211  0.3947  0.3816  0.4276  0.3487  0.4145  0.4145  0.4013
Q7M9X2           0.4408  0.4013  0.4276  0.3947  0.3750  0.4408  0.4408  0.4474  0.4145
Q30RH8           0.4276  0.4474  0.4276  0.4276  0.4276  0.4145  0.4145  0.4276  0.4145  0.4408
Q4HNQ4           0.4408  0.3816  0.1579  0.4605  0.4276  0.1579  0.1579  0.2829  0.3816  0.4737  0.4474
B7N1T5           0.5132  0.4934  0.5066  0.5132  0.5066  0.5197  0.5197  0.5132  0.5197  0.5132  0.4934  0.5197
P0A6I6           0.5197  0.5000  0.5132  0.5132  0.5066  0.5263  0.5263  0.5132  0.5197  0.5197  0.4934  0.5197  0.0066
B7LVJ5           0.5197  0.5000  0.5132  0.5132  0.5066  0.5263  0.5263  0.5132  0.5197  0.5197  0.4934  0.5197  0.0132  0.0066
Q3AJW3           0.5395  0.5526  0.5395  0.5658  0.5724  0.5592  0.5592  0.5526  0.5263  0.5395  0.5132  0.5526  0.5066  0.5132  0.5132
O26010           0.4868  0.4276  0.4079  0.4605  0.4211  0.4342  0.4342  0.4145  0.4276  0.3816  0.4276  0.4013  0.5197  0.5197  0.5197  0.5724
Q05SX7           0.5329  0.5263  0.5197  0.5263  0.5592  0.5329  0.5329  0.5526  0.5526  0.5395  0.5461  0.5197  0.4737  0.4803  0.4803  0.2303  0.5921
A3Z6S5           0.5329  0.5329  0.5329  0.5263  0.5658  0.5526  0.5526  0.5658  0.5461  0.5461  0.5329  0.5329  0.5000  0.4934  0.4934  0.2434  0.5987  0.1250
Q3AXV0           0.5592  0.5395  0.5263  0.5526  0.5461  0.5526  0.5526  0.5658  0.5263  0.5329  0.4868  0.5526  0.4737  0.4737  0.4737  0.1645  0.5526  0.2500  0.2434
Q067B1           0.5526  0.5526  0.5263  0.5395  0.5461  0.5461  0.5461  0.5526  0.5263  0.5461  0.4868  0.5526  0.5000  0.5000  0.5000  0.1382  0.5592  0.2566  0.2500  0.0789
Q8DJQ7           0.5066  0.5132  0.5132  0.5461  0.5263  0.5461  0.5461  0.5395  0.5066  0.5658  0.4671  0.5329  0.4671  0.4671  0.4671  0.4013  0.5395  0.3750  0.3487  0.4013  0.3816
A5GT90           0.5461  0.5000  0.5461  0.5592  0.5461  0.5592  0.5592  0.5724  0.5329  0.5395  0.5461  0.5658  0.4934  0.5000  0.5000  0.3487  0.5724  0.3158  0.3158  0.3289  0.3355  0.4013
Q7U6T8           0.5526  0.5395  0.5329  0.5329  0.5592  0.5461  0.5461  0.5592  0.5526  0.5592  0.5000  0.5592  0.5066  0.5066  0.5066  0.1513  0.5855  0.2500  0.2500  0.1908  0.1776  0.3816  0.3618
Q0IAF3           0.5329  0.5000  0.5329  0.5592  0.5592  0.5658  0.5658  0.5724  0.5658  0.5592  0.5329  0.5329  0.5066  0.5132  0.5197  0.2434  0.5789  0.1645  0.1711  0.2763  0.2697  0.3684  0.3289  0.2697
B2J6C6           0.5395  0.5197  0.5197  0.5461  0.5197  0.5592  0.5592  0.5789  0.4803  0.5000  0.5329  0.5461  0.5197  0.5263  0.5263  0.3553  0.5066  0.3487  0.3421  0.3487  0.3355  0.3224  0.3553  0.3816  0.3618
B9YP58           0.5329  0.5066  0.5263  0.5461  0.4934  0.5526  0.5526  0.5526  0.4803  0.5066  0.5197  0.5395  0.5000  0.5066  0.5066  0.3750  0.5197  0.3421  0.3618  0.3947  0.3816  0.3158  0.3618  0.3816  0.3684  0.1053
Q8YN70           0.5461  0.5263  0.5461  0.5526  0.5066  0.5724  0.5724  0.5658  0.5000  0.5197  0.5263  0.5592  0.4934  0.5000  0.5000  0.3618  0.5197  0.3618  0.3684  0.3618  0.3618  0.3158  0.3553  0.3947  0.3816  0.1053  0.0987
A0ZCW4           0.5461  0.5395  0.5526  0.5592  0.5197  0.5658  0.5658  0.5789  0.4934  0.5395  0.5197  0.5461  0.4934  0.4934  0.4934  0.3750  0.5329  0.3618  0.3618  0.3684  0.3684  0.3224  0.3684  0.3947  0.4013  0.1382  0.1447  0.0724
Q3MBP8           0.5592  0.5395  0.5526  0.5658  0.5197  0.5789  0.5789  0.5789  0.5132  0.5329  0.5329  0.5658  0.5132  0.5197  0.5197  0.3750  0.5329  0.3684  0.3750  0.3750  0.3750  0.3158  0.3553  0.3947  0.3882  0.1118  0.1053  0.0197  0.0855
B0CAI3           0.5526  0.5461  0.5395  0.5329  0.5263  0.5724  0.5724  0.5724  0.5197  0.5592  0.5132  0.5526  0.5000  0.5000  0.5000  0.4013  0.5724  0.3618  0.3618  0.4013  0.3947  0.2632  0.4079  0.3750  0.3947  0.2632  0.2434  0.2566  0.2632  0.2500
Q7VBZ0           0.5592  0.5592  0.5526  0.5921  0.5592  0.5724  0.5724  0.5789  0.6053  0.5987  0.5658  0.5987  0.6184  0.6250  0.6250  0.3224  0.6184  0.3684  0.3421  0.3355  0.3224  0.4474  0.4145  0.3421  0.3487  0.4211  0.4539  0.4408  0.4474  0.4474  0.4671
Q7V1I7           0.5592  0.4868  0.4803  0.5658  0.5526  0.5329  0.5329  0.5263  0.5592  0.5724  0.5197  0.5329  0.5526  0.5526  0.5526  0.3421  0.5789  0.3421  0.3421  0.3487  0.3487  0.4474  0.4145  0.3487  0.3224  0.4276  0.4211  0.4408  0.4408  0.4539  0.4605  0.3553
A3YZL5           0.5263  0.5132  0.5461  0.5855  0.5724  0.5789  0.5789  0.5724  0.5461  0.5592  0.5724  0.5526  0.5132  0.5132  0.5197  0.3092  0.5921  0.2500  0.2632  0.3355  0.3355  0.3750  0.3224  0.3289  0.2566  0.3947  0.3816  0.4013  0.4079  0.4079  0.4276  0.4013  0.3618
A2C9T2           0.5592  0.5724  0.5461  0.5592  0.5789  0.5526  0.5526  0.5592  0.5724  0.5658  0.5526  0.5658  0.5263  0.5263  0.5263  0.2368  0.6118  0.1711  0.1842  0.2895  0.2697  0.3947  0.3750  0.2500  0.2171  0.3882  0.3947  0.4145  0.4013  0.4211  0.3947  0.3487  0.3487  0.2961
A4CUH9           0.5461  0.5263  0.5395  0.5658  0.5724  0.5592  0.5592  0.5526  0.5789  0.5526  0.5329  0.5461  0.5329  0.5263  0.5263  0.2763  0.5789  0.2303  0.2039  0.3092  0.2961  0.3487  0.3553  0.2961  0.1711  0.3882  0.3816  0.3882  0.3882  0.3947  0.4145  0.3421  0.3355  0.2697  0.2368
A3PCX3           0.5592  0.4868  0.4803  0.5526  0.5592  0.5395  0.5395  0.5263  0.5789  0.5592  0.5461  0.5395  0.5592  0.5592  0.5592  0.3355  0.6053  0.3553  0.3553  0.3553  0.3487  0.4605  0.4408  0.3553  0.3553  0.4342  0.4408  0.4605  0.4803  0.4737  0.4539  0.3553  0.1513  0.3618  0.3618  0.3684
Q5N092           0.5461  0.5263  0.5921  0.5855  0.5395  0.5987  0.5987  0.5921  0.5526  0.5724  0.5592  0.5855  0.4803  0.4868  0.4868  0.3816  0.5724  0.3684  0.3750  0.3882  0.4013  0.3355  0.3750  0.3553  0.3553  0.3092  0.2895  0.2829  0.3092  0.2895  0.3421  0.4803  0.4276  0.4079  0.3816  0.3882  0.4408
Q55235           0.5461  0.5263  0.5921  0.5855  0.5395  0.5987  0.5987  0.5921  0.5526  0.5724  0.5592  0.5855  0.4803  0.4868  0.4868  0.3816  0.5724  0.3684  0.3750  0.3882  0.4013  0.3355  0.3750  0.3553  0.3553  0.3092  0.2895  0.2829  0.3092  0.2895  0.3421  0.4803  0.4276  0.4079  0.3816  0.3882  0.4408  0.0000
A2BR50           0.5592  0.4934  0.4868  0.5526  0.5658  0.5395  0.5395  0.5263  0.5855  0.5592  0.5461  0.5461  0.5592  0.5592  0.5592  0.3355  0.6118  0.3553  0.3553  0.3553  0.3487  0.4605  0.4408  0.3553  0.3553  0.4342  0.4408  0.4605  0.4803  0.4737  0.4539  0.3553  0.1513  0.3618  0.3618  0.3684  0.0132  0.4408  0.4408
B8HPS4           0.5395  0.5395  0.5263  0.5658  0.5526  0.5461  0.5461  0.5329  0.5197  0.5658  0.5263  0.5197  0.5066  0.5066  0.5066  0.3816  0.5526  0.3487  0.3553  0.3882  0.3882  0.2763  0.4013  0.3882  0.3553  0.2566  0.2303  0.2697  0.2697  0.2632  0.2039  0.4408  0.4342  0.3750  0.3750  0.3684  0.4276  0.3553  0.3553  0.4276
Q31AW9           0.5658  0.5000  0.4803  0.5592  0.5526  0.5329  0.5329  0.5197  0.5921  0.5658  0.5526  0.5395  0.5658  0.5658  0.5658  0.3421  0.6118  0.3618  0.3618  0.3618  0.3553  0.4671  0.4474  0.3618  0.3618  0.4408  0.4408  0.4605  0.4868  0.4737  0.4539  0.3487  0.1579  0.3684  0.3684  0.3750  0.0197  0.4474  0.4474  0.0197  0.4211
Q46L10           0.5658  0.5395  0.5526  0.5724  0.5724  0.5658  0.5658  0.5658  0.5855  0.5789  0.5724  0.5855  0.5724  0.5789  0.5789  0.3092  0.6053  0.2961  0.3026  0.3158  0.3092  0.4276  0.3618  0.3224  0.3224  0.4079  0.4079  0.4013  0.4342  0.4145  0.4539  0.3092  0.3224  0.3618  0.3092  0.3553  0.3289  0.4408  0.4408  0.3289  0.4342  0.3355
A2C247           0.5658  0.5461  0.5658  0.5789  0.5724  0.5724  0.5724  0.5789  0.5789  0.5789  0.5789  0.5921  0.5724  0.5789  0.5789  0.3092  0.6053  0.2961  0.3026  0.3224  0.3092  0.4211  0.3684  0.3224  0.3158  0.4079  0.4079  0.4013  0.4342  0.4145  0.4539  0.3158  0.3289  0.3618  0.3026  0.3487  0.3421  0.4342  0.4342  0.3421  0.4408  0.3487  0.0197
A2BWL2           0.5592  0.4934  0.5066  0.5461  0.5724  0.5592  0.5592  0.5526  0.5395  0.5658  0.5461  0.5526  0.5526  0.5526  0.5526  0.3487  0.5987  0.3421  0.3421  0.3684  0.3553  0.4605  0.4145  0.3553  0.3289  0.4474  0.4276  0.4605  0.4539  0.4737  0.4605  0.3553  0.0921  0.3618  0.3487  0.3487  0.1579  0.4276  0.4276  0.1513  0.4539  0.1645  0.3224  0.3224
A5GL79           0.5526  0.5461  0.5329  0.5461  0.5724  0.5526  0.5526  0.5724  0.5658  0.5526  0.5461  0.5197  0.5197  0.5197  0.5197  0.2829  0.5921  0.1974  0.1776  0.2763  0.2829  0.3487  0.3553  0.2961  0.1908  0.3684  0.3816  0.3816  0.3882  0.3882  0.4013  0.3553  0.3355  0.2697  0.2434  0.0921  0.3553  0.3816  0.3816  0.3553  0.3618  0.3618  0.3553  0.3618  0.3684
A8G4U2           0.5724  0.5066  0.4934  0.5658  0.5658  0.5461  0.5461  0.5395  0.5789  0.5526  0.5526  0.5526  0.5592  0.5592  0.5592  0.3421  0.5987  0.3618  0.3618  0.3553  0.3553  0.4737  0.4474  0.3618  0.3553  0.4342  0.4408  0.4605  0.4803  0.4737  0.4539  0.3684  0.1382  0.3750  0.3618  0.3750  0.0329  0.4408  0.4408  0.0329  0.4408  0.0395  0.3421  0.3487  0.1579  0.3618
A9BAE9           0.5526  0.5526  0.5526  0.5855  0.5789  0.5789  0.5789  0.5658  0.5526  0.5724  0.5526  0.5461  0.5461  0.5395  0.5395  0.2961  0.5987  0.2632  0.2632  0.3224  0.3224  0.4408  0.3947  0.3355  0.2829  0.4079  0.4013  0.4211  0.4276  0.4276  0.4145  0.2961  0.3487  0.3355  0.2895  0.3026  0.3553  0.4276  0.4276  0.3553  0.4079  0.3618  0.2434  0.2566  0.3421  0.3026  0.3684
A0YU81           0.5658  0.5329  0.5658  0.5724  0.5592  0.5921  0.5921  0.6053  0.5197  0.5592  0.5000  0.5789  0.5197  0.5263  0.5263  0.3816  0.5461  0.3684  0.3750  0.3618  0.3750  0.3289  0.4013  0.4013  0.4079  0.2039  0.2303  0.2237  0.2303  0.2303  0.2566  0.4211  0.4211  0.4408  0.4079  0.4276  0.4211  0.3092  0.3092  0.4211  0.2632  0.4276  0.4474  0.4539  0.4474  0.4013  0.4342  0.3882
Q55435           0.5592  0.5132  0.5461  0.5658  0.5461  0.5526  0.5526  0.5592  0.5329  0.5592  0.5263  0.5329  0.5263  0.5329  0.5263  0.3947  0.5263  0.3947  0.4013  0.3947  0.3947  0.3421  0.3882  0.4145  0.3882  0.2500  0.2566  0.2368  0.2566  0.2566  0.3158  0.4605  0.4342  0.3947  0.4276  0.4079  0.4474  0.3224  0.3224  0.4539  0.3026  0.4539  0.4474  0.4539  0.4737  0.3947  0.4605  0.4276  0.2500
Q7V7L9           0.5724  0.5789  0.5592  0.5724  0.5921  0.5658  0.5658  0.5724  0.5855  0.5855  0.5658  0.5724  0.5329  0.5329  0.5329  0.2632  0.6118  0.1974  0.2171  0.3158  0.2961  0.4013  0.3816  0.2763  0.2368  0.4079  0.4145  0.4276  0.4145  0.4342  0.4079  0.3553  0.3487  0.3092  0.0329  0.2632  0.3684  0.3882  0.3882  0.3684  0.3750  0.3750  0.3026  0.2961  0.3487  0.2697  0.3684  0.2961  0.4211  0.4408
Q2JJM6           0.5461  0.5329  0.5132  0.5658  0.5658  0.5658  0.5658  0.5526  0.5461  0.5658  0.5461  0.5329  0.5066  0.5000  0.5000  0.4013  0.5329  0.3816  0.3553  0.3816  0.3750  0.3355  0.3816  0.3947  0.4013  0.3158  0.3553  0.3487  0.3553  0.3487  0.3553  0.4474  0.4342  0.3750  0.3750  0.3816  0.4211  0.3553  0.3553  0.4211  0.3355  0.4342  0.4605  0.4605  0.4474  0.3882  0.4342  0.4342  0.3289  0.3421  0.3816
B5W5M5           0.5724  0.5263  0.5658  0.5789  0.5526  0.5987  0.5987  0.5921  0.5197  0.5526  0.5329  0.5855  0.5132  0.5132  0.5197  0.3882  0.5197  0.3684  0.3684  0.3553  0.3487  0.3289  0.3618  0.4013  0.3882  0.2105  0.2105  0.2237  0.2368  0.2434  0.2895  0.4539  0.4145  0.3882  0.4211  0.4145  0.4079  0.3158  0.3158  0.4079  0.2763  0.4145  0.4539  0.4605  0.4276  0.3816  0.4079  0.4276  0.1645  0.2368  0.4276  0.3421
B7KEW8           0.5395  0.5197  0.5263  0.5987  0.5526  0.5592  0.5592  0.5921  0.5132  0.5526  0.5000  0.5197  0.5000  0.5066  0.5066  0.3816  0.5329  0.3750  0.3750  0.3750  0.3816  0.3158  0.3750  0.4145  0.4013  0.2434  0.2500  0.2500  0.2500  0.2566  0.2763  0.4342  0.4342  0.4145  0.4145  0.4079  0.4539  0.3224  0.3224  0.4539  0.2763  0.4605  0.4539  0.4605  0.4605  0.4013  0.4671  0.3947  0.1842  0.1776  0.4276  0.3224  0.2368
Q115H2           0.5658  0.5132  0.5526  0.5526  0.5197  0.5855  0.5855  0.5592  0.4868  0.5724  0.5263  0.5526  0.4934  0.4934  0.4868  0.4211  0.5000  0.3618  0.3618  0.3947  0.3947  0.3224  0.4145  0.4211  0.4079  0.2237  0.2171  0.2303  0.2434  0.2500  0.2961  0.4737  0.4605  0.4145  0.4079  0.4013  0.4605  0.3553  0.3553  0.4671  0.2895  0.4737  0.4737  0.4803  0.4868  0.3750  0.4671  0.4342  0.2171  0.2566  0.4145  0.3421  0.1842  0.2763
C7QVS4           0.5461  0.5197  0.5263  0.5921  0.5592  0.5592  0.5592  0.5855  0.5395  0.5592  0.5263  0.5461  0.5066  0.5132  0.5132  0.3816  0.5395  0.3750  0.3816  0.3618  0.3684  0.3158  0.4013  0.4013  0.4013  0.2632  0.2895  0.2829  0.2895  0.2895  0.3026  0.4276  0.4013  0.4211  0.4211  0.4276  0.4145  0.3355  0.3355  0.4145  0.2961  0.4211  0.4276  0.4342  0.4211  0.4079  0.4211  0.3882  0.2500  0.2368  0.4342  0.3487  0.2566  0.1711  0.2763
B7JWQ3           0.5461  0.5197  0.5263  0.5921  0.5592  0.5592  0.5592  0.5855  0.5395  0.5592  0.5263  0.5461  0.5066  0.5132  0.5132  0.3816  0.5395  0.3750  0.3816  0.3618  0.3684  0.3158  0.4013  0.4013  0.4013  0.2632  0.2895  0.2829  0.2895  0.2895  0.3026  0.4276  0.4013  0.4211  0.4211  0.4276  0.4145  0.3355  0.3355  0.4145  0.2961  0.4211  0.4276  0.4342  0.4211  0.4079  0.4211  0.3882  0.2500  0.2368  0.4342  0.3487  0.2566  0.1711  0.2763  0.0000
Q7NMB9           0.5658  0.5132  0.5329  0.5395  0.5263  0.5395  0.5395  0.5526  0.5000  0.5592  0.5132  0.5197  0.4868  0.4868  0.4868  0.4013  0.5263  0.3684  0.3750  0.4013  0.4211  0.3750  0.4079  0.3816  0.4013  0.3553  0.3224  0.3355  0.3355  0.3421  0.3750  0.4737  0.4079  0.3684  0.4079  0.4013  0.4211  0.3553  0.3553  0.4211  0.3684  0.4276  0.4408  0.4408  0.4211  0.3947  0.4408  0.4145  0.3684  0.3947  0.4145  0.3816  0.3553  0.3816  0.3816  0.3816  0.3816
Q2JRG2           0.5526  0.5526  0.5329  0.5789  0.5724  0.5724  0.5724  0.5724  0.5461  0.5592  0.5395  0.5526  0.4934  0.4868  0.4868  0.4013  0.5461  0.3816  0.3618  0.3882  0.3816  0.3421  0.3816  0.4013  0.4211  0.3224  0.3421  0.3487  0.3487  0.3487  0.3618  0.4671  0.4342  0.3882  0.3684  0.3882  0.4145  0.3421  0.3421  0.4145  0.3487  0.4276  0.4605  0.4605  0.4539  0.3947  0.4342  0.4474  0.3026  0.3487  0.3750  0.0592  0.3158  0.3289  0.3421  0.3618  0.3618  0.3553
B1XNE8           0.5592  0.4868  0.5461  0.5658  0.5395  0.5658  0.5658  0.5724  0.5263  0.5395  0.5329  0.5263  0.4868  0.4803  0.4803  0.3816  0.5395  0.3618  0.3487  0.3684  0.3750  0.2961  0.3882  0.4013  0.3684  0.2434  0.2566  0.2303  0.2434  0.2500  0.2829  0.4474  0.4079  0.3750  0.4079  0.3684  0.4145  0.3092  0.3092  0.4211  0.2829  0.4276  0.4342  0.4342  0.4408  0.3618  0.4342  0.3750  0.2105  0.2039  0.4211  0.3092  0.2105  0.1908  0.2434  0.1974  0.1974  0.3816  0.3158
A3ISY6           0.5592  0.5329  0.5592  0.6184  0.5987  0.5855  0.5855  0.5921  0.5395  0.5789  0.5724  0.5789  0.5263  0.5329  0.5329  0.3947  0.5789  0.3882  0.4013  0.4145  0.4145  0.3684  0.4145  0.4211  0.4079  0.2961  0.3158  0.3224  0.3158  0.3289  0.3092  0.4408  0.4211  0.4276  0.4079  0.4408  0.4276  0.3684  0.3684  0.4342  0.3026  0.4408  0.4474  0.4539  0.4342  0.4408  0.4474  0.4145  0.2566  0.2632  0.4211  0.3618  0.2895  0.1908  0.3224  0.2105  0.2105  0.4145  0.3618  0.2500
Q4C455           0.5658  0.5197  0.5395  0.5789  0.5855  0.5724  0.5724  0.5987  0.5461  0.5724  0.5526  0.5395  0.4934  0.5000  0.5000  0.4013  0.5526  0.3947  0.3947  0.3947  0.4013  0.3158  0.4145  0.4211  0.4145  0.2829  0.3026  0.2961  0.3158  0.3158  0.3026  0.4539  0.4342  0.4276  0.4342  0.4539  0.4408  0.3553  0.3553  0.4474  0.3026  0.4539  0.4408  0.4474  0.4474  0.4145  0.4605  0.4079  0.2500  0.2434  0.4474  0.3487  0.2763  0.1842  0.3026  0.1908  0.1908  0.4013  0.3553  0.2171  0.1184
B4B042           0.5526  0.5329  0.5395  0.5855  0.5592  0.5526  0.5526  0.5789  0.5197  0.5592  0.5263  0.5329  0.4868  0.4934  0.5000  0.4145  0.5395  0.3684  0.3947  0.4079  0.4145  0.3224  0.3947  0.4342  0.4079  0.2566  0.2632  0.2763  0.2697  0.2829  0.2829  0.4605  0.4474  0.4145  0.4342  0.4342  0.4605  0.3553  0.3553  0.4605  0.2632  0.4671  0.4737  0.4803  0.4671  0.4211  0.4671  0.4145  0.2303  0.1776  0.4474  0.3487  0.2303  0.0921  0.2895  0.1645  0.1645  0.3882  0.3553  0.1974  0.2105  0.2105
B1WS35           0.5789  0.5132  0.5461  0.5921  0.5855  0.5592  0.5592  0.5789  0.5592  0.5724  0.5724  0.5592  0.5329  0.5395  0.5395  0.3947  0.5724  0.3882  0.4013  0.4079  0.4211  0.3553  0.4079  0.4013  0.3947  0.3026  0.3092  0.3158  0.3224  0.3224  0.3092  0.4408  0.4342  0.4145  0.4145  0.4408  0.4145  0.3421  0.3421  0.4211  0.2961  0.4276  0.4408  0.4474  0.4474  0.4211  0.4276  0.4145  0.2697  0.2500  0.4276  0.3553  0.2829  0.2237  0.3224  0.2171  0.2171  0.3882  0.3684  0.2500  0.0789  0.1118  0.1908
B0JPJ2           0.5724  0.5132  0.5526  0.5855  0.5724  0.5658  0.5658  0.5789  0.5329  0.5724  0.5263  0.5395  0.4934  0.5000  0.5000  0.3947  0.5066  0.3882  0.3882  0.4079  0.4079  0.3092  0.3947  0.4079  0.4079  0.2829  0.2697  0.2763  0.2763  0.2895  0.3092  0.4342  0.4539  0.4145  0.4211  0.4145  0.4474  0.3618  0.3618  0.4474  0.2829  0.4342  0.4539  0.4539  0.4671  0.4145  0.4539  0.4013  0.2500  0.2237  0.4342  0.3224  0.2500  0.2039  0.2697  0.1974  0.1974  0.3684  0.3421  0.2303  0.2434  0.2368  0.1776  0.2237


TREE #  1:  ((8, ((3, 12), (7, 6))), (((((((((((57, 56), ((61, 64), 62)), ((63, 54), 65)), 50), 60), (((49, 53), 55), ((((28, 30), 29), 26), 27))), ((22, 41), 31)), ((39, 38), ((((((24, 16), (20, 21)), (((36, 46), 25), (19, 18))), (((((33, 45), (((37, 40), 47), 42)), (43, 44)), (32, 48)), (35, 51))), 34), 23))), (59, 52)), 58), ((13, 14), 15)), ((((((11, 4), 1), 9), (10, 17)), 5), 2));   MP score: 1446
lnL(ntime: 63  np: 64):  -7350.832826      +0.000000
  66..67   67..8    67..68   68..69   69..3    69..12   68..70   70..7    70..6    66..71   71..72   72..73   73..74   74..75   75..76   76..77   77..78   78..79   79..80   80..81   81..57   81..56   80..82   82..83   83..61   83..64   82..62   79..84   84..85   85..63   85..54   84..65   78..50   77..60   76..86   86..87   87..88   88..49   88..53   87..55   86..89   89..90   90..91   91..92   92..28   92..30   91..29   90..26   89..27   75..93   93..94   94..22   94..41   93..31   74..95   95..96   96..39   96..38   95..97   97..98   98..99   99..100 100..101 101..102 102..24  102..16  101..103 103..20  103..21  100..104 104..105 105..106 106..36  106..46  105..25  104..107 107..19  107..18   99..108 108..109 109..110 110..111 111..112 112..33  112..45  111..113 113..114 114..115 115..37  115..40  114..47  113..42  110..116 116..43  116..44  109..117 117..32  117..48  108..118 118..35  118..51   98..34   97..23   73..119 119..59  119..52   72..58   71..120 120..121 121..13  121..14  120..15   66..122 122..123 123..124 124..125 125..126 126..127 127..11  127..4   126..1   125..9   124..128 128..10  128..17  123..5   122..2  
 0.810391 0.267723 0.104007 0.104007 0.000000 0.677026 0.513594 0.500051 0.500051 0.325154 0.274692 0.212082 0.202539 0.176087 0.137211 0.000000 0.069194 0.035515 0.154947 0.065704 0.208397 0.186769 0.133346 0.082423 0.082423 0.038471 0.011937 0.228790 0.215117 0.500050 0.000001 0.434508 0.377448 0.331699 0.299973 0.141612 0.100699 0.047026 0.209654 0.146222 0.049740 0.131034 0.331699 0.266080 0.263534 0.086568 0.046292 0.013177 0.013177 0.013177 0.011521 0.226795 0.019843 0.040185 0.005127 0.003696 0.632736 0.623113 0.605600 0.605599 0.446144 0.446143 0.441457 0.592771

tree length =  15.84976

((8: 0.267723, ((3: 0.104007, 12: 0.104007): 0.000000, (7: 0.000000, 6: 0.000000): 0.104007): 0.163716): 0.542668, (((((((((((57: 0.000000, 56: 0.000000): 0.137211, ((61: 0.035515, 64: 0.035515): 0.033679, 62: 0.069194): 0.068018): 0.038876, ((63: 0.065704, 54: 0.065704): 0.089243, 65: 0.154947): 0.021141): 0.026452, 50: 0.202539): 0.009543, 60: 0.212082): 0.062611, (((49: 0.133346, 53: 0.133346): 0.053423, 55: 0.186769): 0.021628, ((((28: 0.011937, 30: 0.011937): 0.026534, 29: 0.038471): 0.043952, 26: 0.082423): 0.000000, 27: 0.082423): 0.125973): 0.066295): 0.050462, ((22: 0.215117, 41: 0.215117): 0.013672, 31: 0.228790): 0.096364): 0.174896, ((39: 0.000001, 38: 0.000001): 0.500050, ((((((24: 0.100699, 16: 0.100699): 0.040913, (20: 0.047026, 21: 0.047026): 0.094586): 0.158361, (((36: 0.049740, 46: 0.049740): 0.096482, 25: 0.146222): 0.063433, (19: 0.131034, 18: 0.131034): 0.078620): 0.090318): 0.031727, (((((33: 0.046292, 45: 0.046292): 0.040276, (((37: 0.013177, 40: 0.013177): 0.000000, 47: 0.013177): 0.000000, 42: 0.013177): 0.073391): 0.176966, (43: 0.011521, 44: 0.011521): 0.252014): 0.002546, (32: 0.226795, 48: 0.226795): 0.039285): 0.065618, (35: 0.019843, 51: 0.019843): 0.311856): 0.000000): 0.045749, 34: 0.377448): 0.057060, 23: 0.434508): 0.065542): 0.000001): 0.000001, (59: 0.040185, 52: 0.040185): 0.459866): 0.013543, 58: 0.513594): 0.163432, ((13: 0.003696, 14: 0.003696): 0.001432, 15: 0.005127): 0.671898): 0.133365, ((((((11: 0.446143, 4: 0.446143): 0.000000, 1: 0.446144): 0.159455, 9: 0.605599): 0.000001, (10: 0.441457, 17: 0.441457): 0.164142): 0.017513, 5: 0.623113): 0.009622, 2: 0.632736): 0.177655);

((B9KG86: 0.267723, ((Q4HI62: 0.104007, Q4HNQ4: 0.104007): 0.000000, (A7H475: 0.000000, A8FLI0: 0.000000): 0.104007): 0.163716): 0.542668, (((((((((((B7JWQ3: 0.000000, C7QVS4: 0.000000): 0.137211, ((A3ISY6: 0.035515, B1WS35: 0.035515): 0.033679, Q4C455: 0.069194): 0.068018): 0.038876, ((B4B042: 0.065704, B7KEW8: 0.065704): 0.089243, B0JPJ2: 0.154947): 0.021141): 0.026452, Q55435: 0.202539): 0.009543, B1XNE8: 0.212082): 0.062611, (((A0YU81: 0.133346, B5W5M5: 0.133346): 0.053423, Q115H2: 0.186769): 0.021628, ((((Q8YN70: 0.011937, Q3MBP8: 0.011937): 0.026534, A0ZCW4: 0.038471): 0.043952, B2J6C6: 0.082423): 0.000000, B9YP58: 0.082423): 0.125973): 0.066295): 0.050462, ((Q8DJQ7: 0.215117, B8HPS4: 0.215117): 0.013672, B0CAI3: 0.228790): 0.096364): 0.174896, ((Q55235: 0.000001, Q5N092: 0.000001): 0.500050, ((((((Q7U6T8: 0.100699, Q3AJW3: 0.100699): 0.040913, (Q3AXV0: 0.047026, Q067B1: 0.047026): 0.094586): 0.158361, (((A4CUH9: 0.049740, A5GL79: 0.049740): 0.096482, Q0IAF3: 0.146222): 0.063433, (A3Z6S5: 0.131034, Q05SX7: 0.131034): 0.078620): 0.090318): 0.031727, (((((Q7V1I7: 0.046292, A2BWL2: 0.046292): 0.040276, (((A3PCX3: 0.013177, A2BR50: 0.013177): 0.000000, A8G4U2: 0.013177): 0.000000, Q31AW9: 0.013177): 0.073391): 0.176966, (Q46L10: 0.011521, A2C247: 0.011521): 0.252014): 0.002546, (Q7VBZ0: 0.226795, A9BAE9: 0.226795): 0.039285): 0.065618, (A2C9T2: 0.019843, Q7V7L9: 0.019843): 0.311856): 0.000000): 0.045749, A3YZL5: 0.377448): 0.057060, A5GT90: 0.434508): 0.065542): 0.000001): 0.000001, (Q2JRG2: 0.040185, Q2JJM6: 0.040185): 0.459866): 0.013543, Q7NMB9: 0.513594): 0.163432, ((B7N1T5: 0.003696, P0A6I6: 0.003696): 0.001432, B7LVJ5: 0.005127): 0.671898): 0.133365, ((((((Q30RH8: 0.446143, A6Q9Z7: 0.446143): 0.000000, A8ETF3: 0.446144): 0.159455, D1B2I6: 0.605599): 0.000001, (Q7M9X2: 0.441457, O26010: 0.441457): 0.164142): 0.017513, A6Q373: 0.623113): 0.009622, B9L9C2: 0.632736): 0.177655);

((8_B9KG86, ((3_Q4HI62, 12_Q4HNQ4) 69 , (7_A7H475, 6_A8FLI0) 70 ) 68 ) 67 , (((((((((((57_B7JWQ3, 56_C7QVS4) 81 , ((61_A3ISY6, 64_B1WS35) 83 , 62_Q4C455) 82 ) 80 , ((63_B4B042, 54_B7KEW8) 85 , 65_B0JPJ2) 84 ) 79 , 50_Q55435) 78 , 60_B1XNE8) 77 , (((49_A0YU81, 53_B5W5M5) 88 , 55_Q115H2) 87 , ((((28_Q8YN70, 30_Q3MBP8) 92 , 29_A0ZCW4) 91 , 26_B2J6C6) 90 , 27_B9YP58) 89 ) 86 ) 76 , ((22_Q8DJQ7, 41_B8HPS4) 94 , 31_B0CAI3) 93 ) 75 , ((39_Q55235, 38_Q5N092) 96 , ((((((24_Q7U6T8, 16_Q3AJW3) 102 , (20_Q3AXV0, 21_Q067B1) 103 ) 101 , (((36_A4CUH9, 46_A5GL79) 106 , 25_Q0IAF3) 105 , (19_A3Z6S5, 18_Q05SX7) 107 ) 104 ) 100 , (((((33_Q7V1I7, 45_A2BWL2) 112 , (((37_A3PCX3, 40_A2BR50) 115 , 47_A8G4U2) 114 , 42_Q31AW9) 113 ) 111 , (43_Q46L10, 44_A2C247) 116 ) 110 , (32_Q7VBZ0, 48_A9BAE9) 117 ) 109 , (35_A2C9T2, 51_Q7V7L9) 118 ) 108 ) 99 , 34_A3YZL5) 98 , 23_A5GT90) 97 ) 95 ) 74 , (59_Q2JRG2, 52_Q2JJM6) 119 ) 73 , 58_Q7NMB9) 72 , ((13_B7N1T5, 14_P0A6I6) 121 , 15_B7LVJ5) 120 ) 71 , ((((((11_Q30RH8, 4_A6Q9Z7) 127 , 1_A8ETF3) 126 , 9_D1B2I6) 125 , (10_Q7M9X2, 17_O26010) 128 ) 124 , 5_A6Q373) 123 , 2_B9L9C2) 122 ) 66 ;

Detailed output identifying parameters

alpha (gamma, K = 4) =  0.59277
rate:   0.05162  0.30823  0.87759  2.76256
freq:   0.25000  0.25000  0.25000  0.25000

Time used:  3:58
