AAML (in paml version 4.6, August 2012)  307.aa
Model: Empirical for branches,  Global clock  (../../../bin/LG.dat) dGamma (ncatG=4) ns =  65  ls = 277


Frequencies..
                                    A      R      N      D      C      Q      E      G      H      I      L      K      M      F      P      S      T      W      Y      V
A8EWE7                         0.06137 0.03971 0.05776 0.05415 0.01083 0.03249 0.09025 0.04693 0.03249 0.05054 0.09747 0.06498 0.02888 0.08303 0.04332 0.03971 0.06498 0.00361 0.01805 0.07942
A6Q7P7                         0.07581 0.04332 0.02166 0.07220 0.00722 0.02527 0.08303 0.06137 0.02888 0.05054 0.09025 0.06137 0.04332 0.07942 0.05776 0.03971 0.04693 0.00361 0.03249 0.07581
Q30S84                         0.05054 0.04332 0.03249 0.06137 0.00722 0.04332 0.07942 0.04693 0.02888 0.05415 0.08303 0.05776 0.05776 0.07942 0.04332 0.06859 0.06137 0.00361 0.02527 0.07220
A6Q2R4                         0.05776 0.05415 0.03249 0.05776 0.00722 0.03249 0.08303 0.05415 0.02527 0.04332 0.11552 0.06859 0.02527 0.07581 0.05415 0.05054 0.04332 0.00361 0.03971 0.07581
B9KD77                         0.05054 0.04332 0.04693 0.06859 0.00722 0.04332 0.09025 0.05415 0.02527 0.04332 0.09747 0.07220 0.03971 0.09386 0.05054 0.03971 0.04332 0.00361 0.02527 0.06137
Q4HIM8                         0.06137 0.05415 0.04332 0.07581 0.00722 0.03610 0.07942 0.05054 0.02166 0.04332 0.10830 0.05776 0.03249 0.09747 0.05415 0.05054 0.03249 0.00361 0.02527 0.06498
D1B028                         0.05776 0.03971 0.02527 0.07220 0.01083 0.02888 0.07581 0.05054 0.03249 0.04332 0.10469 0.07581 0.04332 0.09025 0.04693 0.05776 0.04332 0.00361 0.02166 0.07581
A8FLU6                         0.06859 0.05054 0.04332 0.06859 0.00722 0.03249 0.09025 0.04693 0.02527 0.05054 0.10830 0.05776 0.03249 0.09386 0.05054 0.04332 0.03610 0.00361 0.02888 0.06137
Q4HSB3                         0.05415 0.05054 0.05776 0.06498 0.00722 0.02888 0.08303 0.04332 0.03249 0.03971 0.10830 0.06498 0.03249 0.09025 0.05054 0.04693 0.03971 0.00361 0.02888 0.07220
A7H3F0                         0.06859 0.05054 0.04332 0.06859 0.00722 0.03249 0.08303 0.05054 0.02527 0.05054 0.10830 0.06137 0.03249 0.09386 0.05054 0.04332 0.03971 0.00361 0.02888 0.05776
Q7M8Y9                         0.05415 0.05054 0.02888 0.05415 0.01083 0.02166 0.10830 0.05054 0.03249 0.04332 0.10108 0.07220 0.03610 0.08664 0.04332 0.04332 0.05054 0.00722 0.02527 0.07942
B9L9K2                         0.05415 0.04693 0.03610 0.05415 0.00722 0.02527 0.09386 0.04693 0.03249 0.04693 0.09747 0.09025 0.03610 0.07942 0.05415 0.03971 0.05415 0.00361 0.02166 0.07942
P56146                         0.04693 0.03971 0.04332 0.04693 0.01444 0.02888 0.09025 0.05415 0.05054 0.06498 0.09747 0.07220 0.02527 0.09025 0.03971 0.05054 0.05776 0.01083 0.02888 0.04693
Q7NGP0                         0.07581 0.07942 0.02888 0.06498 0.01083 0.05415 0.07220 0.06498 0.02166 0.03971 0.09386 0.01083 0.02888 0.06859 0.06137 0.02527 0.06859 0.00361 0.02888 0.09747
P08312                         0.07220 0.08303 0.05054 0.05776 0.00361 0.03971 0.07220 0.07581 0.03249 0.05415 0.09025 0.02166 0.02888 0.07220 0.05776 0.03249 0.06859 0.00722 0.02166 0.05776
B7MVJ3                         0.07581 0.08303 0.05054 0.05776 0.00361 0.03971 0.07220 0.07581 0.03249 0.05415 0.09025 0.02166 0.02888 0.07220 0.05776 0.03249 0.06498 0.00722 0.02166 0.05776
B7LQ75                         0.07581 0.08303 0.05054 0.05776 0.00361 0.03971 0.07220 0.07581 0.03249 0.05415 0.09025 0.02166 0.02888 0.07220 0.05776 0.03249 0.06498 0.00722 0.02166 0.05776
C7QNF2                         0.08303 0.06859 0.02166 0.06498 0.00361 0.04693 0.06137 0.06859 0.02888 0.04693 0.10108 0.03971 0.03249 0.05415 0.05415 0.04693 0.05776 0.00722 0.03249 0.07942
B7K1Q7                         0.08303 0.06859 0.02166 0.06498 0.00361 0.04693 0.06137 0.06859 0.02888 0.04693 0.10108 0.03971 0.03249 0.05415 0.05415 0.04693 0.05776 0.00722 0.03249 0.07942
Q4C0N5                         0.07581 0.06498 0.03249 0.06137 0.00361 0.03971 0.06859 0.06498 0.02888 0.03971 0.09747 0.03971 0.03610 0.05415 0.05415 0.04332 0.06498 0.00722 0.03249 0.09025
Q46JK1                         0.05054 0.06498 0.02166 0.05776 0.01083 0.04693 0.08303 0.06859 0.02888 0.06498 0.11191 0.04693 0.02166 0.05415 0.06137 0.04332 0.05415 0.00722 0.03249 0.06859
Q31LH5                         0.08664 0.07942 0.01805 0.07942 0.00722 0.03971 0.06859 0.07942 0.02888 0.04332 0.10830 0.02527 0.03249 0.05054 0.04693 0.03971 0.05415 0.00722 0.02888 0.07581
B7KBP6                         0.07220 0.07220 0.02166 0.06859 0.00722 0.05415 0.06137 0.06859 0.03610 0.05054 0.10108 0.03610 0.02527 0.05415 0.05054 0.03249 0.06859 0.00722 0.03249 0.07942
A2C435                         0.05054 0.06498 0.02166 0.05776 0.01083 0.04693 0.08303 0.06859 0.02888 0.06498 0.11191 0.04693 0.02166 0.05415 0.06137 0.04332 0.05415 0.00722 0.03249 0.06859
A3IKM9                         0.06859 0.06498 0.03249 0.05776 0.00361 0.03971 0.07581 0.06859 0.02888 0.05054 0.10108 0.04332 0.03610 0.05415 0.05415 0.03610 0.06859 0.00722 0.03249 0.07581
B1XPE3                         0.07581 0.06498 0.02527 0.06859 0.00361 0.04693 0.06859 0.07220 0.02527 0.03971 0.11191 0.05776 0.03249 0.05054 0.04693 0.02888 0.06137 0.00722 0.03249 0.07942
B0JLL0                         0.07581 0.07942 0.02527 0.06498 0.00722 0.03971 0.06498 0.06498 0.02527 0.05415 0.09747 0.03971 0.02888 0.05776 0.05415 0.05054 0.05054 0.00722 0.03249 0.07942
Q55187                         0.10108 0.07581 0.02888 0.06498 0.00361 0.05054 0.06137 0.06859 0.03249 0.04693 0.08303 0.03610 0.03249 0.06137 0.04693 0.03249 0.05054 0.00722 0.03610 0.07942
B1WVT1                         0.06859 0.06498 0.03249 0.06137 0.00361 0.03971 0.06859 0.06498 0.03249 0.04332 0.09747 0.03971 0.03249 0.05415 0.05415 0.04693 0.06498 0.00722 0.03249 0.09025
Q0IC12                         0.07220 0.08303 0.02527 0.06498 0.01083 0.03971 0.06859 0.07581 0.03971 0.03249 0.11191 0.01083 0.02888 0.05415 0.06498 0.03249 0.06137 0.01083 0.01805 0.09386
B8HPR9                         0.07942 0.07581 0.02166 0.07942 0.00722 0.05054 0.07220 0.06859 0.02527 0.05776 0.09025 0.02166 0.02527 0.05776 0.05415 0.03971 0.06137 0.00722 0.03610 0.06859
A5GMH3                         0.07220 0.08303 0.02166 0.06137 0.01083 0.03610 0.07220 0.07942 0.03971 0.03249 0.11191 0.01805 0.02888 0.05415 0.06859 0.03249 0.05415 0.01083 0.01805 0.09386
A0YMU8                         0.07942 0.07581 0.02166 0.07942 0.00361 0.06859 0.05415 0.07581 0.02527 0.04693 0.10108 0.02527 0.03610 0.05415 0.06137 0.02888 0.04693 0.00722 0.03971 0.06859
A3PEA3                         0.03610 0.06137 0.04332 0.06859 0.01444 0.04332 0.06859 0.06137 0.02166 0.08664 0.07942 0.06137 0.01805 0.06137 0.05776 0.05415 0.05776 0.01083 0.02527 0.06859
Q3AVE6                         0.07942 0.08303 0.01805 0.05776 0.00722 0.04332 0.07581 0.08303 0.03610 0.03249 0.10469 0.01805 0.02888 0.05415 0.06137 0.03610 0.05054 0.00722 0.02888 0.09386
Q7V0I7                         0.03249 0.06498 0.05054 0.07581 0.01444 0.04332 0.06498 0.06137 0.02166 0.09025 0.07942 0.05415 0.01805 0.06137 0.06137 0.04693 0.05415 0.01083 0.02527 0.06859
A0ZGE0                         0.07581 0.06859 0.02888 0.06859 0.00361 0.05054 0.07220 0.07220 0.02166 0.05776 0.08664 0.02888 0.03971 0.05415 0.05415 0.04332 0.06137 0.00722 0.03971 0.06498
A4CW39                         0.07220 0.08303 0.02166 0.05776 0.01083 0.03610 0.07581 0.07942 0.03971 0.03249 0.10830 0.01805 0.02888 0.05415 0.06859 0.03249 0.05415 0.01083 0.01805 0.09747
Q7TTU6                         0.08303 0.08664 0.01444 0.06137 0.00722 0.03971 0.07220 0.07942 0.03249 0.03971 0.10469 0.01805 0.02888 0.05415 0.06137 0.04332 0.04693 0.00722 0.02888 0.09025
A5GUT5                         0.06859 0.09025 0.01444 0.06859 0.01083 0.03971 0.06498 0.07581 0.03610 0.03971 0.09747 0.01444 0.02166 0.05776 0.06859 0.05415 0.04693 0.01083 0.02527 0.09386
A2BXX7                         0.03249 0.06859 0.04332 0.08303 0.01444 0.04693 0.06137 0.06137 0.02527 0.07942 0.08303 0.05054 0.01805 0.06137 0.05776 0.05054 0.05415 0.00722 0.02888 0.07220
A3YV85                         0.07581 0.10108 0.01444 0.05776 0.00722 0.03971 0.07942 0.08664 0.03971 0.03610 0.09747 0.01083 0.02527 0.05776 0.06498 0.03249 0.04693 0.01083 0.02166 0.09386
B2IUA1                         0.07942 0.06859 0.02527 0.06859 0.00361 0.06137 0.06859 0.07220 0.02166 0.06137 0.08664 0.01805 0.03610 0.05415 0.05415 0.03971 0.05776 0.00722 0.03971 0.07581
Q7TV42                         0.07220 0.08664 0.02166 0.06137 0.00722 0.03971 0.07220 0.08303 0.03249 0.03610 0.10830 0.01444 0.02527 0.05415 0.06137 0.03971 0.05054 0.01083 0.02527 0.09747
Q319M1                         0.03971 0.06137 0.05415 0.06859 0.01444 0.05054 0.06498 0.06137 0.02166 0.07942 0.08303 0.05776 0.01805 0.06498 0.06137 0.04332 0.05054 0.01083 0.02527 0.06859
A2BSJ1                         0.04332 0.05415 0.04693 0.06859 0.01444 0.04693 0.06859 0.06137 0.02166 0.08664 0.07942 0.06498 0.01805 0.06137 0.06137 0.03971 0.05776 0.01083 0.02527 0.06859
Q8DL09                         0.09025 0.07220 0.02166 0.06498 0.00722 0.03971 0.07220 0.07220 0.02888 0.05054 0.09747 0.02166 0.02888 0.05776 0.05415 0.02527 0.07581 0.00722 0.04332 0.06859
A2CB16                         0.06859 0.09025 0.02166 0.06137 0.01083 0.03610 0.07220 0.08303 0.03249 0.03610 0.10830 0.01444 0.02527 0.05415 0.06137 0.03971 0.05054 0.01083 0.02527 0.09747
Q060A9                         0.07942 0.08303 0.01805 0.06137 0.00722 0.04332 0.07581 0.08303 0.03610 0.03249 0.10469 0.01805 0.02888 0.05415 0.06137 0.03610 0.05054 0.00722 0.02527 0.09386
Q10YV2                         0.08303 0.07220 0.03249 0.06859 0.00361 0.04332 0.07220 0.07220 0.02888 0.05776 0.09386 0.03971 0.02527 0.05415 0.05415 0.03971 0.04332 0.00722 0.03610 0.07220
A3ZAC9                         0.08664 0.08303 0.01444 0.06859 0.01083 0.04693 0.06498 0.07581 0.03610 0.02888 0.10830 0.01444 0.02527 0.05415 0.05776 0.03971 0.05776 0.01083 0.02166 0.09386
Q05WW5                         0.08303 0.08664 0.01805 0.06498 0.01083 0.03971 0.06498 0.07581 0.03249 0.03249 0.10108 0.02166 0.02527 0.05415 0.06137 0.03249 0.05776 0.00722 0.02527 0.10469
B9YK15                         0.07942 0.06859 0.03249 0.06859 0.00361 0.06137 0.07220 0.06859 0.02166 0.05415 0.08664 0.02166 0.03971 0.05776 0.04693 0.04332 0.05415 0.00722 0.03971 0.07220
Q3MB99                         0.08303 0.06498 0.02527 0.07220 0.00361 0.05415 0.06859 0.07220 0.02527 0.06137 0.09025 0.02888 0.03971 0.05415 0.05054 0.03971 0.05415 0.00722 0.03971 0.06498
Q8YMT4                         0.08303 0.06498 0.02527 0.07220 0.00361 0.05415 0.06859 0.07220 0.02527 0.06137 0.09025 0.02888 0.03971 0.05415 0.05054 0.03971 0.05415 0.00722 0.03971 0.06498
A9BBN3                         0.05054 0.07581 0.02527 0.06137 0.01083 0.03249 0.07581 0.08303 0.02888 0.05415 0.10830 0.03610 0.02166 0.05415 0.05776 0.04332 0.05415 0.01083 0.02888 0.08664
Q2JT25                         0.07942 0.09386 0.01805 0.05054 0.00722 0.05415 0.07581 0.07220 0.02888 0.03971 0.10108 0.02527 0.04332 0.05776 0.05415 0.03610 0.05776 0.00361 0.03610 0.06498
B4AW96                         0.07581 0.07220 0.02888 0.06137 0.00722 0.06498 0.05776 0.07220 0.03249 0.04693 0.09747 0.03249 0.02166 0.05415 0.05415 0.02527 0.06498 0.01083 0.03249 0.08664
Q2JNE8                         0.07942 0.08664 0.02527 0.04693 0.00361 0.05054 0.07220 0.07581 0.02888 0.04332 0.10830 0.02166 0.04693 0.05776 0.05415 0.03971 0.06498 0.00361 0.03610 0.05415
B0C6I2                         0.09025 0.05415 0.02888 0.07581 0.00722 0.05415 0.06137 0.07581 0.03249 0.06137 0.08664 0.03971 0.02888 0.05415 0.05415 0.02527 0.06137 0.00722 0.03971 0.06137
B5W3W6                         0.08664 0.07942 0.02527 0.06498 0.00361 0.05776 0.06859 0.06859 0.02527 0.04693 0.10108 0.02888 0.03249 0.05415 0.06137 0.02166 0.05776 0.00722 0.03971 0.06859
Q3AL64                         0.07581 0.09025 0.01444 0.06137 0.00722 0.03610 0.07942 0.08664 0.03610 0.03249 0.10108 0.01444 0.03249 0.05415 0.06137 0.03971 0.04693 0.00722 0.02527 0.09747
Q7VAV9                         0.06137 0.07942 0.03249 0.06498 0.01444 0.02888 0.07220 0.07220 0.03610 0.05054 0.11913 0.02527 0.02166 0.06137 0.05776 0.04332 0.05415 0.01083 0.02166 0.07220
A8G677                         0.03971 0.06137 0.04693 0.06859 0.01444 0.03971 0.06859 0.06137 0.02166 0.09025 0.07942 0.06859 0.01805 0.06137 0.06137 0.04332 0.05415 0.01083 0.02527 0.06498
Q5N0F1                         0.08664 0.07942 0.01805 0.07942 0.00722 0.03971 0.06859 0.07942 0.02888 0.04332 0.10830 0.02527 0.03249 0.05054 0.04693 0.03971 0.05415 0.00722 0.02888 0.07581

Homogeneity statistic: X2 = 3.17864 G = 3.15906 

Average                        0.06937 0.06959 0.03010 0.06493 0.00783 0.04271 0.07315 0.06826 0.02977 0.05032 0.09864 0.03810 0.03027 0.06304 0.05565 0.04016 0.05493 0.00739 0.02944 0.07637

# constant sites:     62 (22.38%)
ln Lmax (unconstrained) = -1465.612522

AA distances (raw proportions of different sites)

A8EWE7         
A6Q7P7           0.2708
Q30S84           0.3177  0.2599
A6Q2R4           0.2852  0.2347  0.2888
B9KD77           0.3213  0.2816  0.3249  0.3032
Q4HIM8           0.3069  0.2563  0.2924  0.2852  0.1625
D1B028           0.3032  0.2563  0.2708  0.2599  0.2455  0.2238
A8FLU6           0.3105  0.2635  0.2960  0.2888  0.1697  0.0830  0.2310
Q4HSB3           0.3213  0.2888  0.3249  0.2996  0.2130  0.1625  0.2563  0.1552
A7H3F0           0.3141  0.2671  0.2996  0.2888  0.1733  0.0866  0.2347  0.0144  0.1588
Q7M8Y9           0.3321  0.2996  0.3069  0.2780  0.3213  0.2888  0.2888  0.3105  0.3213  0.3105
B9L9K2           0.2816  0.2671  0.2960  0.2347  0.2744  0.2852  0.2455  0.2780  0.2960  0.2780  0.2816
P56146           0.4116  0.3863  0.4260  0.3646  0.4043  0.4007  0.3827  0.3935  0.3971  0.3935  0.3791  0.3646
Q7NGP0           0.5126  0.4621  0.4982  0.4729  0.5126  0.4874  0.5126  0.4910  0.5162  0.4946  0.4946  0.4838  0.5343
P08312           0.4765  0.4549  0.4801  0.4368  0.4801  0.4513  0.4946  0.4440  0.4801  0.4477  0.4874  0.4693  0.4838  0.4513
B7MVJ3           0.4765  0.4549  0.4801  0.4368  0.4801  0.4513  0.4946  0.4440  0.4801  0.4477  0.4874  0.4693  0.4838  0.4513  0.0036
B7LQ75           0.4765  0.4549  0.4801  0.4368  0.4801  0.4513  0.4946  0.4440  0.4801  0.4477  0.4874  0.4693  0.4838  0.4513  0.0036  0.0000
C7QNF2           0.4910  0.4765  0.4693  0.4513  0.5307  0.4982  0.5090  0.5162  0.4946  0.5162  0.4982  0.4982  0.5560  0.3610  0.4296  0.4296  0.4296
B7K1Q7           0.4910  0.4765  0.4693  0.4513  0.5307  0.4982  0.5090  0.5162  0.4946  0.5162  0.4982  0.4982  0.5560  0.3610  0.4296  0.4296  0.4296  0.0000
Q4C0N5           0.4946  0.4838  0.4801  0.4621  0.5343  0.5054  0.5054  0.5162  0.5126  0.5162  0.5126  0.4910  0.5523  0.3755  0.4549  0.4549  0.4549  0.0975  0.0975
Q46JK1           0.5162  0.4982  0.5018  0.4729  0.5235  0.5235  0.5199  0.5235  0.5162  0.5271  0.5054  0.4910  0.5487  0.4440  0.4657  0.4657  0.4657  0.3538  0.3538  0.3538
Q31LH5           0.4946  0.4729  0.5054  0.4729  0.5379  0.5090  0.5018  0.5162  0.5235  0.5162  0.5090  0.5018  0.5523  0.3646  0.4513  0.4513  0.4513  0.2599  0.2599  0.2780  0.3430
B7KBP6           0.5090  0.4838  0.4801  0.4513  0.5415  0.5090  0.5090  0.5199  0.5090  0.5199  0.5126  0.4946  0.5632  0.3718  0.4513  0.4513  0.4513  0.1227  0.1227  0.1480  0.3682  0.2455
A2C435           0.5162  0.4982  0.5018  0.4729  0.5235  0.5235  0.5199  0.5235  0.5162  0.5271  0.5054  0.4910  0.5487  0.4440  0.4657  0.4657  0.4657  0.3538  0.3538  0.3538  0.0000  0.3430  0.3682
A3IKM9           0.5018  0.4910  0.4765  0.4693  0.5379  0.5090  0.5162  0.5162  0.5199  0.5162  0.5199  0.4910  0.5487  0.3791  0.4513  0.4513  0.4513  0.1047  0.1047  0.0505  0.3574  0.2744  0.1552  0.3574
B1XPE3           0.4946  0.4765  0.4910  0.4729  0.5271  0.4946  0.5054  0.5054  0.4910  0.5054  0.5090  0.5054  0.5668  0.3502  0.4368  0.4368  0.4368  0.1769  0.1769  0.2094  0.3357  0.2491  0.1697  0.3357  0.2130
B0JLL0           0.5126  0.4838  0.4910  0.4657  0.5199  0.4910  0.4946  0.5090  0.5018  0.5090  0.4982  0.4874  0.5596  0.3718  0.4440  0.4440  0.4440  0.1552  0.1552  0.1697  0.3646  0.2708  0.1697  0.3646  0.1733  0.2238
Q55187           0.5126  0.4801  0.4729  0.4477  0.5415  0.4910  0.4910  0.5090  0.5054  0.5090  0.5162  0.4946  0.5343  0.3610  0.4332  0.4332  0.4332  0.1588  0.1588  0.1805  0.3394  0.2599  0.1588  0.3394  0.1913  0.1949  0.1697
B1WVT1           0.5054  0.4910  0.4874  0.4729  0.5379  0.5090  0.5162  0.5162  0.5126  0.5162  0.5126  0.4982  0.5632  0.3755  0.4440  0.4440  0.4440  0.0903  0.0903  0.0469  0.3538  0.2671  0.1516  0.3538  0.0469  0.2022  0.1661  0.1877
Q0IC12           0.5235  0.5090  0.5271  0.5090  0.5451  0.5379  0.5126  0.5451  0.5379  0.5451  0.5343  0.5271  0.5560  0.4368  0.4765  0.4765  0.4765  0.3610  0.3610  0.3466  0.2166  0.3538  0.3755  0.2166  0.3466  0.3574  0.3430  0.3357  0.3538
B8HPR9           0.5054  0.4946  0.4982  0.4693  0.5343  0.4946  0.5090  0.5018  0.5054  0.5018  0.5126  0.5054  0.5487  0.3610  0.4549  0.4549  0.4549  0.2022  0.2022  0.2310  0.3574  0.2347  0.2058  0.3574  0.2310  0.2058  0.2563  0.2274  0.2347  0.3718
A5GMH3           0.5199  0.4946  0.5199  0.5054  0.5415  0.5271  0.5018  0.5307  0.5307  0.5307  0.5307  0.5126  0.5415  0.4224  0.4693  0.4693  0.4693  0.3430  0.3430  0.3249  0.1986  0.3357  0.3538  0.1986  0.3321  0.3394  0.3321  0.3141  0.3321  0.0542  0.3538
A0YMU8           0.5126  0.4874  0.5054  0.4621  0.5415  0.5018  0.5162  0.5199  0.5162  0.5199  0.5090  0.4946  0.5379  0.3827  0.4549  0.4549  0.4549  0.2274  0.2274  0.2527  0.3574  0.2238  0.2130  0.3574  0.2491  0.2274  0.2383  0.2274  0.2491  0.3935  0.2166  0.3755
A3PEA3           0.5343  0.4982  0.4982  0.4982  0.5235  0.5090  0.5126  0.5126  0.5162  0.5162  0.5235  0.4946  0.5523  0.4440  0.4801  0.4801  0.4801  0.3718  0.3718  0.3682  0.2852  0.4007  0.3791  0.2852  0.3574  0.3755  0.3682  0.3574  0.3574  0.2888  0.3863  0.2816  0.4079
Q3AVE6           0.5307  0.5090  0.5126  0.4946  0.5415  0.5307  0.5090  0.5343  0.5271  0.5343  0.5271  0.5054  0.5487  0.4260  0.4693  0.4693  0.4693  0.3502  0.3502  0.3502  0.2022  0.3430  0.3502  0.2022  0.3394  0.3321  0.3321  0.3177  0.3502  0.1119  0.3610  0.0830  0.3682  0.2888
Q7V0I7           0.5379  0.5090  0.5126  0.4982  0.5379  0.5235  0.5126  0.5235  0.5199  0.5235  0.5379  0.5126  0.5560  0.4513  0.4765  0.4765  0.4765  0.3682  0.3682  0.3682  0.2888  0.3899  0.3610  0.2888  0.3646  0.3646  0.3610  0.3502  0.3610  0.2888  0.3718  0.2816  0.3935  0.0722  0.2852
A0ZGE0           0.5162  0.5018  0.5018  0.4838  0.5523  0.5271  0.5162  0.5343  0.5235  0.5343  0.5307  0.5162  0.5704  0.3682  0.4621  0.4621  0.4621  0.2202  0.2202  0.2383  0.3538  0.2347  0.2202  0.3538  0.2310  0.2166  0.2491  0.2130  0.2274  0.3574  0.1733  0.3466  0.2058  0.3899  0.3538  0.3863
A4CW39           0.5162  0.4946  0.5162  0.5054  0.5379  0.5271  0.5018  0.5307  0.5271  0.5307  0.5307  0.5126  0.5415  0.4260  0.4693  0.4693  0.4693  0.3394  0.3394  0.3321  0.1986  0.3357  0.3538  0.1986  0.3394  0.3394  0.3394  0.3177  0.3394  0.0578  0.3538  0.0144  0.3755  0.2816  0.0794  0.2816  0.3502
Q7TTU6           0.5343  0.5090  0.5162  0.5018  0.5451  0.5415  0.5126  0.5415  0.5415  0.5415  0.5379  0.5162  0.5560  0.4296  0.4621  0.4621  0.4621  0.3538  0.3538  0.3538  0.1841  0.3357  0.3646  0.1841  0.3466  0.3394  0.3357  0.3249  0.3538  0.1083  0.3718  0.0866  0.3682  0.2924  0.0505  0.2888  0.3574  0.0939
A5GUT5           0.5235  0.4910  0.5054  0.4910  0.5235  0.5199  0.4910  0.5199  0.5235  0.5199  0.5307  0.5162  0.5415  0.4332  0.4513  0.4513  0.4513  0.3502  0.3502  0.3502  0.2347  0.3249  0.3646  0.2347  0.3610  0.3357  0.3357  0.3321  0.3466  0.1769  0.3538  0.1480  0.3430  0.2780  0.1516  0.2780  0.3574  0.1408  0.1516
A2BXX7           0.5379  0.5090  0.5054  0.4874  0.5307  0.5162  0.5018  0.5162  0.5162  0.5162  0.5379  0.4982  0.5523  0.4549  0.4765  0.4765  0.4765  0.3682  0.3682  0.3646  0.2852  0.3863  0.3646  0.2852  0.3610  0.3646  0.3574  0.3466  0.3574  0.2816  0.3791  0.2744  0.3935  0.0722  0.2708  0.0469  0.3899  0.2744  0.2744  0.2708
A3YV85           0.5271  0.5054  0.5162  0.5018  0.5379  0.5271  0.5271  0.5307  0.5271  0.5307  0.5199  0.5199  0.5596  0.4296  0.4621  0.4621  0.4621  0.3249  0.3249  0.3466  0.2310  0.3430  0.3610  0.2310  0.3394  0.3285  0.3394  0.3285  0.3466  0.1588  0.3466  0.1480  0.3646  0.2816  0.1480  0.2888  0.3430  0.1444  0.1625  0.1769  0.2816
B2IUA1           0.5199  0.4982  0.4982  0.4801  0.5487  0.5271  0.5162  0.5343  0.5235  0.5343  0.5343  0.5199  0.5668  0.3718  0.4621  0.4621  0.4621  0.2058  0.2058  0.2383  0.3574  0.2347  0.2058  0.3574  0.2347  0.2202  0.2491  0.2166  0.2274  0.3646  0.1733  0.3538  0.1913  0.3935  0.3538  0.3863  0.0542  0.3538  0.3610  0.3610  0.3935  0.3430
Q7TV42           0.5235  0.4982  0.5054  0.4946  0.5451  0.5415  0.5235  0.5379  0.5487  0.5379  0.5199  0.5126  0.5487  0.4188  0.4657  0.4657  0.4657  0.3538  0.3538  0.3466  0.1769  0.3466  0.3574  0.1769  0.3394  0.3466  0.3430  0.3249  0.3466  0.1300  0.3682  0.1083  0.3718  0.2852  0.1011  0.2852  0.3502  0.1119  0.0939  0.1661  0.2780  0.1625  0.3538
Q319M1           0.5379  0.5054  0.4946  0.4874  0.5271  0.5090  0.5090  0.5126  0.5199  0.5126  0.5235  0.5054  0.5415  0.4332  0.4657  0.4657  0.4657  0.3682  0.3682  0.3574  0.2852  0.3971  0.3718  0.2852  0.3466  0.3610  0.3646  0.3394  0.3502  0.2888  0.3827  0.2780  0.3863  0.0650  0.2852  0.0794  0.3791  0.2780  0.2888  0.2744  0.0794  0.2780  0.3791  0.2816
A2BSJ1           0.5307  0.5018  0.5090  0.4910  0.5199  0.5090  0.5162  0.5126  0.5162  0.5162  0.5199  0.4946  0.5487  0.4404  0.4874  0.4874  0.4874  0.3755  0.3755  0.3646  0.2780  0.4007  0.3791  0.2780  0.3538  0.3718  0.3718  0.3682  0.3538  0.2888  0.3863  0.2816  0.4043  0.0289  0.2852  0.0758  0.3899  0.2816  0.2888  0.2852  0.0903  0.2924  0.3899  0.2816  0.0722
Q8DL09           0.5199  0.4910  0.5126  0.4838  0.5523  0.5271  0.5126  0.5307  0.5199  0.5307  0.5199  0.5090  0.5596  0.3502  0.4477  0.4477  0.4477  0.2347  0.2347  0.2527  0.3682  0.2274  0.2310  0.3682  0.2599  0.2383  0.2635  0.2347  0.2563  0.3538  0.1733  0.3430  0.2527  0.3755  0.3466  0.3574  0.2094  0.3430  0.3394  0.3466  0.3574  0.3285  0.2094  0.3430  0.3682  0.3791
A2CB16           0.5235  0.4982  0.5054  0.4982  0.5487  0.5451  0.5235  0.5415  0.5487  0.5415  0.5235  0.5126  0.5487  0.4188  0.4657  0.4657  0.4657  0.3538  0.3538  0.3466  0.1769  0.3466  0.3574  0.1769  0.3394  0.3466  0.3466  0.3249  0.3466  0.1264  0.3682  0.1047  0.3718  0.2780  0.1047  0.2780  0.3502  0.1083  0.0939  0.1625  0.2708  0.1588  0.3538  0.0108  0.2744  0.2816  0.3430
Q060A9           0.5343  0.5126  0.5162  0.4982  0.5415  0.5307  0.5126  0.5343  0.5271  0.5343  0.5307  0.5090  0.5523  0.4224  0.4693  0.4693  0.4693  0.3466  0.3466  0.3466  0.1986  0.3394  0.3466  0.1986  0.3357  0.3285  0.3285  0.3141  0.3466  0.1119  0.3574  0.0794  0.3646  0.2888  0.0036  0.2852  0.3502  0.0794  0.0469  0.1516  0.2708  0.1480  0.3502  0.0975  0.2852  0.2852  0.3430  0.1011
Q10YV2           0.5199  0.4838  0.5054  0.4513  0.5307  0.5018  0.5018  0.5162  0.5054  0.5162  0.5054  0.4946  0.5271  0.3863  0.4477  0.4477  0.4477  0.2310  0.2310  0.2383  0.3718  0.2527  0.2130  0.3718  0.2527  0.2347  0.2383  0.2310  0.2491  0.3935  0.2202  0.3827  0.1408  0.3971  0.3827  0.3899  0.1986  0.3791  0.3863  0.3718  0.3791  0.3863  0.1877  0.3791  0.3827  0.3971  0.2491  0.3791  0.3791
A3ZAC9           0.5379  0.5018  0.5162  0.5054  0.5451  0.5343  0.5126  0.5415  0.5415  0.5451  0.5307  0.5271  0.5596  0.4260  0.4729  0.4729  0.4729  0.3502  0.3502  0.3466  0.2094  0.3357  0.3646  0.2094  0.3466  0.3466  0.3285  0.3141  0.3502  0.0794  0.3718  0.0758  0.3718  0.2960  0.0903  0.2924  0.3502  0.0794  0.0903  0.1625  0.2780  0.1697  0.3610  0.1083  0.2888  0.2924  0.3466  0.1083  0.0866  0.3899
Q05WW5           0.5271  0.4982  0.5126  0.5018  0.5415  0.5343  0.5090  0.5451  0.5379  0.5451  0.5199  0.5126  0.5523  0.4332  0.4765  0.4765  0.4765  0.3394  0.3394  0.3357  0.2022  0.3502  0.3574  0.2022  0.3394  0.3502  0.3357  0.3105  0.3430  0.0975  0.3646  0.0794  0.3646  0.2888  0.0903  0.2960  0.3466  0.0830  0.0975  0.1588  0.2816  0.1552  0.3502  0.1011  0.2888  0.2852  0.3430  0.0975  0.0866  0.3791  0.0722
B9YK15           0.5235  0.5018  0.4982  0.4874  0.5523  0.5307  0.5235  0.5343  0.5271  0.5379  0.5307  0.5199  0.5704  0.3718  0.4440  0.4440  0.4440  0.2130  0.2130  0.2491  0.3538  0.2419  0.2166  0.3538  0.2419  0.2238  0.2491  0.2202  0.2455  0.3682  0.1805  0.3574  0.2094  0.4007  0.3610  0.3935  0.0794  0.3610  0.3610  0.3682  0.3935  0.3502  0.0866  0.3538  0.3899  0.4007  0.2166  0.3538  0.3574  0.2166  0.3538  0.3574
Q3MB99           0.5235  0.4946  0.5090  0.4838  0.5523  0.5235  0.5307  0.5343  0.5235  0.5343  0.5235  0.5126  0.5596  0.3610  0.4621  0.4621  0.4621  0.2022  0.2022  0.2383  0.3574  0.2455  0.2094  0.3574  0.2274  0.2166  0.2347  0.2022  0.2310  0.3646  0.1769  0.3574  0.2022  0.3935  0.3646  0.3935  0.0722  0.3610  0.3682  0.3755  0.3935  0.3466  0.0686  0.3610  0.3791  0.3935  0.2166  0.3610  0.3610  0.1986  0.3646  0.3538  0.0830
Q8YMT4           0.5235  0.4946  0.5090  0.4838  0.5523  0.5235  0.5307  0.5343  0.5235  0.5343  0.5235  0.5126  0.5596  0.3610  0.4621  0.4621  0.4621  0.2022  0.2022  0.2383  0.3574  0.2455  0.2094  0.3574  0.2274  0.2166  0.2347  0.2022  0.2310  0.3646  0.1769  0.3574  0.2022  0.3935  0.3646  0.3935  0.0722  0.3610  0.3682  0.3755  0.3935  0.3466  0.0686  0.3610  0.3791  0.3935  0.2166  0.3610  0.3610  0.1986  0.3646  0.3538  0.0830  0.0000
A9BBN3           0.5343  0.5090  0.5162  0.4874  0.5343  0.5343  0.5235  0.5343  0.5307  0.5307  0.5307  0.4946  0.5560  0.4440  0.4801  0.4801  0.4801  0.3466  0.3466  0.3394  0.1588  0.3610  0.3574  0.1588  0.3321  0.3502  0.3466  0.3285  0.3430  0.1913  0.3718  0.1733  0.3718  0.2599  0.1625  0.2563  0.3574  0.1769  0.1588  0.2094  0.2635  0.2166  0.3646  0.1516  0.2635  0.2599  0.3682  0.1480  0.1588  0.3755  0.1769  0.1661  0.3682  0.3646  0.3646
Q2JT25           0.5487  0.5343  0.5379  0.5199  0.5740  0.5523  0.5523  0.5632  0.5632  0.5632  0.5451  0.5415  0.5776  0.3610  0.4585  0.4585  0.4585  0.3032  0.3032  0.3177  0.4404  0.3394  0.3105  0.4404  0.3249  0.3032  0.3357  0.3357  0.3141  0.4513  0.3069  0.4332  0.3285  0.4585  0.4368  0.4513  0.3213  0.4404  0.4332  0.4332  0.4513  0.4440  0.3213  0.4332  0.4513  0.4621  0.3249  0.4332  0.4332  0.3357  0.4404  0.4296  0.3249  0.3321  0.3321  0.4440
B4AW96           0.5162  0.4982  0.4874  0.4657  0.5523  0.5235  0.5162  0.5271  0.5235  0.5271  0.5162  0.4946  0.5740  0.3682  0.4368  0.4368  0.4368  0.1300  0.1300  0.1480  0.3755  0.2635  0.0758  0.3755  0.1480  0.1986  0.1661  0.1697  0.1444  0.3682  0.2166  0.3502  0.2274  0.3791  0.3466  0.3682  0.2347  0.3502  0.3574  0.3646  0.3682  0.3574  0.2202  0.3538  0.3755  0.3791  0.2419  0.3538  0.3430  0.2274  0.3574  0.3538  0.2455  0.2310  0.2310  0.3610  0.3141
Q2JNE8           0.5487  0.5379  0.5415  0.5162  0.5812  0.5560  0.5596  0.5668  0.5776  0.5668  0.5523  0.5415  0.5740  0.3538  0.4621  0.4621  0.4621  0.2996  0.2996  0.3177  0.4404  0.3394  0.3177  0.4404  0.3249  0.3213  0.3430  0.3321  0.3249  0.4477  0.3141  0.4296  0.3357  0.4621  0.4296  0.4549  0.3249  0.4368  0.4296  0.4332  0.4549  0.4296  0.3249  0.4260  0.4513  0.4657  0.3141  0.4260  0.4260  0.3394  0.4260  0.4224  0.3285  0.3394  0.3394  0.4404  0.0650  0.3105
B0C6I2           0.5162  0.4982  0.5054  0.4657  0.5343  0.5126  0.4982  0.5090  0.5235  0.5090  0.5162  0.5126  0.5343  0.3827  0.4477  0.4477  0.4477  0.2058  0.2058  0.2274  0.3682  0.2491  0.2130  0.3682  0.2310  0.2347  0.2455  0.2058  0.2310  0.3646  0.1516  0.3538  0.2166  0.3899  0.3610  0.3791  0.2058  0.3574  0.3574  0.3646  0.3718  0.3394  0.1877  0.3610  0.3791  0.3899  0.1661  0.3610  0.3574  0.2166  0.3646  0.3610  0.2022  0.1877  0.1877  0.3755  0.3430  0.2274  0.3357
B5W3W6           0.5307  0.4982  0.4946  0.4838  0.5487  0.5162  0.5090  0.5271  0.5343  0.5307  0.5307  0.5018  0.5451  0.3863  0.4477  0.4477  0.4477  0.2347  0.2347  0.2599  0.3574  0.2383  0.2094  0.3574  0.2635  0.2202  0.2383  0.2238  0.2563  0.3863  0.2130  0.3718  0.1444  0.4007  0.3718  0.3827  0.1949  0.3682  0.3718  0.3610  0.3863  0.3718  0.1877  0.3755  0.3863  0.4007  0.2455  0.3755  0.3682  0.1588  0.3682  0.3718  0.2058  0.1986  0.1986  0.3755  0.3141  0.2238  0.3213  0.2274
Q3AL64           0.5415  0.5162  0.5235  0.5090  0.5487  0.5415  0.5199  0.5451  0.5415  0.5451  0.5415  0.5235  0.5596  0.4260  0.4801  0.4801  0.4801  0.3610  0.3610  0.3502  0.1949  0.3466  0.3610  0.1949  0.3430  0.3466  0.3394  0.3285  0.3502  0.1083  0.3755  0.0794  0.3827  0.3032  0.0505  0.2996  0.3610  0.0866  0.0397  0.1661  0.2852  0.1552  0.3646  0.0866  0.2996  0.2996  0.3502  0.0866  0.0469  0.3863  0.0939  0.0939  0.3682  0.3718  0.3718  0.1697  0.4260  0.3538  0.4224  0.3682  0.3863
Q7VAV9           0.5379  0.5018  0.4982  0.5018  0.5343  0.5343  0.5343  0.5415  0.5271  0.5415  0.5235  0.5162  0.5596  0.4477  0.4838  0.4838  0.4838  0.3682  0.3682  0.3574  0.1841  0.3538  0.3718  0.1841  0.3502  0.3574  0.3682  0.3538  0.3610  0.1949  0.3899  0.1733  0.3791  0.2671  0.1769  0.2599  0.3718  0.1769  0.1661  0.2022  0.2671  0.2202  0.3755  0.1769  0.2671  0.2599  0.3682  0.1733  0.1733  0.4043  0.1769  0.1769  0.3755  0.3791  0.3791  0.1336  0.4513  0.3718  0.4440  0.3899  0.3863  0.1805
A8G677           0.5343  0.4982  0.4982  0.4982  0.5235  0.5090  0.5126  0.5126  0.5126  0.5162  0.5235  0.4946  0.5487  0.4440  0.4801  0.4801  0.4801  0.3682  0.3682  0.3682  0.2744  0.3935  0.3755  0.2744  0.3574  0.3718  0.3682  0.3574  0.3574  0.2888  0.3863  0.2816  0.4043  0.0217  0.2888  0.0650  0.3827  0.2816  0.2924  0.2816  0.0830  0.2852  0.3863  0.2852  0.0650  0.0289  0.3718  0.2780  0.2888  0.4043  0.2960  0.2888  0.3935  0.3863  0.3863  0.2455  0.4549  0.3791  0.4585  0.3899  0.4007  0.3032  0.2563
Q5N0F1           0.4946  0.4729  0.5054  0.4729  0.5379  0.5090  0.5018  0.5162  0.5235  0.5162  0.5090  0.5018  0.5523  0.3646  0.4513  0.4513  0.4513  0.2599  0.2599  0.2780  0.3430  0.0000  0.2455  0.3430  0.2744  0.2491  0.2708  0.2599  0.2671  0.3538  0.2347  0.3357  0.2238  0.4007  0.3430  0.3899  0.2347  0.3357  0.3357  0.3249  0.3863  0.3430  0.2347  0.3466  0.3971  0.4007  0.2274  0.3466  0.3394  0.2527  0.3357  0.3502  0.2419  0.2455  0.2455  0.3610  0.3394  0.2635  0.3394  0.2491  0.2383  0.3466  0.3538  0.3935


TREE #  1:  (8, 10, (6, (9, (5, (7, ((2, (3, 1)), ((12, (4, ((15, (16, 17)), ((14, (57, 59)), (((40, (42, (((30, (32, 38)), (52, 51)), (((35, 49), (39, 62)), ((44, 48), ((21, 24), (63, (56, ((36, 41), (45, (34, (46, 64)))))))))))), (22, 65)), ((26, (28, (((20, (25, 29)), (18, 19)), (27, (23, 58))))), ((31, (60, 47)), ((53, ((54, 55), (37, 43))), (61, (33, 50)))))))))), (11, 13))))))));   MP score: 1843
lnL(ntime: 63  np: 64): -10542.180672      +0.000000
  66..8    66..10   66..67   67..6    67..68   68..9    68..69   69..5    69..70   70..7    70..71   71..72   72..2    72..73   73..3    73..1    71..74   74..75   75..12   75..76   76..4    76..77   77..78   78..15   78..79   79..16   79..17   77..80   80..81   81..14   81..82   82..57   82..59   80..83   83..84   84..85   85..40   85..86   86..42   86..87   87..88   88..89   89..30   89..90   90..32   90..38   88..91   91..52   91..51   87..92   92..93   93..94   94..35   94..49   93..95   95..39   95..62   92..96   96..97   97..44   97..48   96..98   98..99   99..21   99..24   98..100 100..63  100..101 101..56  101..102 102..103 103..36  103..41  102..104 104..45  104..105 105..34  105..106 106..46  106..64   84..107 107..22  107..65   83..108 108..109 109..26  109..110 110..28  110..111 111..112 112..113 113..20  113..114 114..25  114..29  112..115 115..18  115..19  111..116 116..27  116..117 117..23  117..58  108..118 118..119 119..31  119..120 120..60  120..47  118..121 121..122 122..53  122..123 123..124 124..54  124..55  123..125 125..37  125..43  121..126 126..61  126..127 127..33  127..50   74..128 128..11  128..13 
 0.620832 0.620831 0.620438 0.620027 0.577695 0.569859 0.413169 0.385448 0.554748 0.552094 0.549465 0.463892 0.002384 0.000000 0.390843 0.338337 0.046068 0.366711 0.353387 0.218782 0.207392 0.188694 0.095304 0.054997 0.012818 0.069411 0.188694 0.053227 0.002967 0.037380 0.181827 0.010017 0.155820 0.000000 0.148911 0.141988 0.040242 0.026301 0.032333 0.014109 0.014109 0.000000 0.276683 0.234376 0.195399 0.151999 0.093371 0.037270 0.028318 0.000000 0.140960 0.064609 0.231113 0.171570 0.149617 0.203283 0.070692 0.066688 0.000000 0.042360 0.136816 0.109145 0.457927 0.568962

tree length =  14.04541

(8: 0.620832, 10: 0.620832, (6: 0.620831, (9: 0.620438, (5: 0.620027, (7: 0.577695, ((2: 0.413169, (3: 0.385448, 1: 0.385448): 0.027721): 0.156690, ((12: 0.552094, (4: 0.549465, ((15: 0.002384, (16: 0.000000, 17: 0.000000): 0.002384): 0.461507, ((14: 0.338337, (57: 0.046068, 59: 0.046068): 0.292269): 0.052506, (((40: 0.218782, (42: 0.207392, (((30: 0.054997, (32: 0.012818, 38: 0.012818): 0.042179): 0.040307, (52: 0.069411, 51: 0.069411): 0.025893): 0.093390, (((35: 0.002967, 49: 0.002967): 0.050260, (39: 0.037380, 62: 0.037380): 0.015846): 0.135467, ((44: 0.010017, 48: 0.010017): 0.171810, ((21: 0.000000, 24: 0.000000): 0.155820, (63: 0.148911, (56: 0.141988, ((36: 0.026301, 41: 0.026301): 0.013940, (45: 0.032333, (34: 0.014109, (46: 0.014109, 64: 0.014109): 0.000000): 0.018224): 0.007909): 0.101746): 0.006923): 0.006909): 0.026007): 0.006868): 0.000000): 0.018697): 0.011391): 0.134605, (22: 0.000000, 65: 0.000000): 0.353387): 0.013324, ((26: 0.234376, (28: 0.195399, (((20: 0.037270, (25: 0.028318, 29: 0.028318): 0.008952): 0.056101, (18: 0.000000, 19: 0.000000): 0.093371): 0.058628, (27: 0.140960, (23: 0.064609, 58: 0.064609): 0.076351): 0.011039): 0.043400): 0.038977): 0.042307, ((31: 0.171570, (60: 0.149617, 47: 0.149617): 0.021954): 0.059542, ((53: 0.070692, ((54: 0.000000, 55: 0.000000): 0.066688, (37: 0.042360, 43: 0.042360): 0.024328): 0.004004): 0.132591, (61: 0.136816, (33: 0.109145, 50: 0.109145): 0.027671): 0.066467): 0.027830): 0.045570): 0.090028): 0.024132): 0.073049): 0.085573): 0.002629): 0.002654, (11: 0.457927, 13: 0.457927): 0.096820): 0.015112): 0.007836): 0.042333): 0.000411): 0.000393): 0.000001);

(A8FLU6: 0.620832, A7H3F0: 0.620832, (Q4HIM8: 0.620831, (Q4HSB3: 0.620438, (B9KD77: 0.620027, (D1B028: 0.577695, ((A6Q7P7: 0.413169, (Q30S84: 0.385448, A8EWE7: 0.385448): 0.027721): 0.156690, ((B9L9K2: 0.552094, (A6Q2R4: 0.549465, ((P08312: 0.002384, (B7MVJ3: 0.000000, B7LQ75: 0.000000): 0.002384): 0.461507, ((Q7NGP0: 0.338337, (Q2JT25: 0.046068, Q2JNE8: 0.046068): 0.292269): 0.052506, (((A5GUT5: 0.218782, (A3YV85: 0.207392, (((Q0IC12: 0.054997, (A5GMH3: 0.012818, A4CW39: 0.012818): 0.042179): 0.040307, (Q05WW5: 0.069411, A3ZAC9: 0.069411): 0.025893): 0.093390, (((Q3AVE6: 0.002967, Q060A9: 0.002967): 0.050260, (Q7TTU6: 0.037380, Q3AL64: 0.037380): 0.015846): 0.135467, ((Q7TV42: 0.010017, A2CB16: 0.010017): 0.171810, ((Q46JK1: 0.000000, A2C435: 0.000000): 0.155820, (Q7VAV9: 0.148911, (A9BBN3: 0.141988, ((Q7V0I7: 0.026301, A2BXX7: 0.026301): 0.013940, (Q319M1: 0.032333, (A3PEA3: 0.014109, (A2BSJ1: 0.014109, A8G677: 0.014109): 0.000000): 0.018224): 0.007909): 0.101746): 0.006923): 0.006909): 0.026007): 0.006868): 0.000000): 0.018697): 0.011391): 0.134605, (Q31LH5: 0.000000, Q5N0F1: 0.000000): 0.353387): 0.013324, ((B1XPE3: 0.234376, (Q55187: 0.195399, (((Q4C0N5: 0.037270, (A3IKM9: 0.028318, B1WVT1: 0.028318): 0.008952): 0.056101, (C7QNF2: 0.000000, B7K1Q7: 0.000000): 0.093371): 0.058628, (B0JLL0: 0.140960, (B7KBP6: 0.064609, B4AW96: 0.064609): 0.076351): 0.011039): 0.043400): 0.038977): 0.042307, ((B8HPR9: 0.171570, (B0C6I2: 0.149617, Q8DL09: 0.149617): 0.021954): 0.059542, ((B9YK15: 0.070692, ((Q3MB99: 0.000000, Q8YMT4: 0.000000): 0.066688, (A0ZGE0: 0.042360, B2IUA1: 0.042360): 0.024328): 0.004004): 0.132591, (B5W3W6: 0.136816, (A0YMU8: 0.109145, Q10YV2: 0.109145): 0.027671): 0.066467): 0.027830): 0.045570): 0.090028): 0.024132): 0.073049): 0.085573): 0.002629): 0.002654, (Q7M8Y9: 0.457927, P56146: 0.457927): 0.096820): 0.015112): 0.007836): 0.042333): 0.000411): 0.000393): 0.000001);

(8_A8FLU6, 10_A7H3F0, (6_Q4HIM8, (9_Q4HSB3, (5_B9KD77, (7_D1B028, ((2_A6Q7P7, (3_Q30S84, 1_A8EWE7) 73 ) 72 , ((12_B9L9K2, (4_A6Q2R4, ((15_P08312, (16_B7MVJ3, 17_B7LQ75) 79 ) 78 , ((14_Q7NGP0, (57_Q2JT25, 59_Q2JNE8) 82 ) 81 , (((40_A5GUT5, (42_A3YV85, (((30_Q0IC12, (32_A5GMH3, 38_A4CW39) 90 ) 89 , (52_Q05WW5, 51_A3ZAC9) 91 ) 88 , (((35_Q3AVE6, 49_Q060A9) 94 , (39_Q7TTU6, 62_Q3AL64) 95 ) 93 , ((44_Q7TV42, 48_A2CB16) 97 , ((21_Q46JK1, 24_A2C435) 99 , (63_Q7VAV9, (56_A9BBN3, ((36_Q7V0I7, 41_A2BXX7) 103 , (45_Q319M1, (34_A3PEA3, (46_A2BSJ1, 64_A8G677) 106 ) 105 ) 104 ) 102 ) 101 ) 100 ) 98 ) 96 ) 92 ) 87 ) 86 ) 85 , (22_Q31LH5, 65_Q5N0F1) 107 ) 84 , ((26_B1XPE3, (28_Q55187, (((20_Q4C0N5, (25_A3IKM9, 29_B1WVT1) 114 ) 113 , (18_C7QNF2, 19_B7K1Q7) 115 ) 112 , (27_B0JLL0, (23_B7KBP6, 58_B4AW96) 117 ) 116 ) 111 ) 110 ) 109 , ((31_B8HPR9, (60_B0C6I2, 47_Q8DL09) 120 ) 119 , ((53_B9YK15, ((54_Q3MB99, 55_Q8YMT4) 124 , (37_A0ZGE0, 43_B2IUA1) 125 ) 123 ) 122 , (61_B5W3W6, (33_A0YMU8, 50_Q10YV2) 127 ) 126 ) 121 ) 118 ) 108 ) 83 ) 80 ) 77 ) 76 ) 75 , (11_Q7M8Y9, 13_P56146) 128 ) 74 ) 71 ) 70 ) 69 ) 68 ) 67 ) 66 ;

Detailed output identifying parameters

alpha (gamma, K = 4) =  0.56896
rate:   0.04678  0.29457  0.86462  2.79403
freq:   0.25000  0.25000  0.25000  0.25000

Time used:  5:51
