AAML (in paml version 4.6, August 2012)  258.aa
Model: Empirical for branches,  (../../../bin/LG.dat) dGamma (ncatG=4) ns =  65  ls = 197


Frequencies..
                                    A      R      N      D      C      Q      E      G      H      I      L      K      M      F      P      S      T      W      Y      V
A8ESG4                         0.08629 0.02030 0.06599 0.05076 0.03046 0.03046 0.06599 0.04061 0.03046 0.05076 0.10152 0.11168 0.03046 0.05076 0.02538 0.04569 0.03553 0.00000 0.03553 0.09137
Q30T85                         0.08629 0.03553 0.07107 0.05584 0.03046 0.02030 0.06091 0.04061 0.02030 0.06091 0.08629 0.09645 0.02538 0.04061 0.02030 0.06599 0.06091 0.00000 0.04061 0.08122
A6QB94                         0.08629 0.05584 0.05584 0.05584 0.04061 0.02030 0.08122 0.03046 0.03046 0.03553 0.10660 0.07614 0.03046 0.04061 0.03046 0.04061 0.05584 0.00000 0.04061 0.08629
B9L8T3                         0.05584 0.04061 0.07614 0.06091 0.04061 0.02030 0.07107 0.03553 0.03046 0.08629 0.08122 0.12183 0.01015 0.06091 0.03046 0.02538 0.05584 0.00000 0.02538 0.07107
D1B2P1                         0.10152 0.03553 0.05584 0.03553 0.03046 0.04061 0.06091 0.03046 0.04061 0.04061 0.13706 0.07614 0.03046 0.05584 0.03046 0.03553 0.07107 0.00000 0.03046 0.06091
A6Q2G4                         0.09645 0.04569 0.03553 0.06091 0.03046 0.02030 0.08629 0.03046 0.02538 0.03553 0.10660 0.11168 0.04061 0.04061 0.03046 0.02538 0.05584 0.00000 0.04061 0.08122
Q7M9A8                         0.08122 0.04569 0.03553 0.02030 0.03046 0.05584 0.09137 0.03553 0.03046 0.04061 0.14721 0.08629 0.02538 0.05076 0.03553 0.05076 0.05584 0.00000 0.02538 0.05584
B9KCF0                         0.08629 0.02030 0.08122 0.03553 0.05076 0.04061 0.06599 0.03046 0.03046 0.03553 0.12183 0.09645 0.02538 0.05076 0.02538 0.05076 0.05584 0.00508 0.02538 0.06599
A7H3T6                         0.07107 0.02538 0.06599 0.05076 0.04569 0.03046 0.05584 0.03046 0.03046 0.03046 0.13198 0.11168 0.02030 0.06091 0.03046 0.05076 0.06599 0.00508 0.02538 0.06091
A8FL19                         0.07614 0.02030 0.06091 0.04569 0.04569 0.02538 0.06599 0.03553 0.03046 0.03553 0.13198 0.11675 0.02030 0.06091 0.03046 0.05076 0.05584 0.00508 0.02538 0.06091
Q4HH74                         0.07614 0.03046 0.06599 0.04061 0.04569 0.03046 0.06599 0.02538 0.03046 0.03553 0.13198 0.10660 0.02030 0.05076 0.03046 0.06091 0.06091 0.00508 0.03046 0.05584
Q4HPE1                         0.08629 0.02538 0.05584 0.04061 0.04569 0.03553 0.05584 0.03553 0.03046 0.03553 0.12183 0.11168 0.02030 0.06599 0.03046 0.05076 0.05076 0.00508 0.03046 0.06599
O25307                         0.07614 0.03046 0.05584 0.04569 0.03553 0.03046 0.06091 0.03046 0.03553 0.04569 0.12690 0.10660 0.01015 0.04569 0.03553 0.07107 0.05584 0.00000 0.02538 0.07614
B0CAH9                         0.09137 0.07107 0.03553 0.07107 0.03553 0.05584 0.04569 0.04569 0.02538 0.04061 0.12690 0.04569 0.01523 0.02030 0.04569 0.04061 0.07614 0.01015 0.03046 0.07107
B8HNK7                         0.08629 0.09137 0.02538 0.06599 0.03553 0.04569 0.04569 0.04569 0.02030 0.04061 0.13706 0.04061 0.01015 0.02538 0.05076 0.04569 0.06091 0.01015 0.03046 0.08629
Q3MCD3                         0.09645 0.06599 0.05584 0.04569 0.03553 0.03553 0.04569 0.02538 0.02030 0.03553 0.13198 0.04569 0.01523 0.01523 0.05584 0.06091 0.07614 0.01015 0.03553 0.09137
A3Z0V6                         0.12183 0.08629 0.04061 0.04569 0.03046 0.02030 0.06599 0.03553 0.03553 0.03046 0.12690 0.02538 0.01523 0.03553 0.07107 0.06091 0.05076 0.01523 0.01015 0.07614
Q8YQ65                         0.10660 0.06599 0.05584 0.04569 0.03553 0.03553 0.04569 0.02538 0.02030 0.03553 0.13198 0.04569 0.01523 0.02030 0.05584 0.06091 0.07614 0.01015 0.03046 0.08122
B2J6L0                         0.11168 0.06599 0.05076 0.04569 0.04061 0.04569 0.04569 0.03553 0.01523 0.04569 0.12690 0.05076 0.01523 0.02030 0.04569 0.05076 0.05584 0.01015 0.02538 0.09645
P73715                         0.10152 0.06599 0.03046 0.04569 0.03553 0.05584 0.06091 0.05076 0.03046 0.06599 0.12183 0.05584 0.01015 0.03046 0.05076 0.03046 0.06091 0.00508 0.02538 0.06599
A0ZD99                         0.10152 0.06599 0.05076 0.05076 0.03553 0.05076 0.05076 0.04061 0.01523 0.04569 0.13198 0.05076 0.00508 0.02538 0.05584 0.06091 0.05076 0.01015 0.02538 0.07614
Q2JMR3                         0.10152 0.10152 0.03046 0.04061 0.03553 0.05076 0.05584 0.03553 0.04569 0.05076 0.13198 0.03046 0.01015 0.03046 0.06091 0.03553 0.07107 0.01015 0.01523 0.05584
Q2JQP9                         0.10660 0.09645 0.03046 0.04061 0.03553 0.04569 0.07107 0.03553 0.03553 0.05584 0.12183 0.03553 0.01015 0.03046 0.06599 0.02538 0.07107 0.01015 0.01523 0.06091
B7KI56                         0.08629 0.06599 0.03553 0.04569 0.03553 0.04569 0.06599 0.05076 0.02538 0.06091 0.11675 0.05584 0.01015 0.03046 0.05584 0.05076 0.07107 0.00508 0.02030 0.06599
Q4C1P7                         0.09137 0.05584 0.04569 0.05584 0.03553 0.05076 0.04569 0.03553 0.01523 0.06091 0.12690 0.07614 0.01015 0.03553 0.04569 0.04569 0.07614 0.00508 0.02030 0.06599
B9YLW6                         0.09645 0.06599 0.06091 0.05076 0.03553 0.02030 0.05076 0.04061 0.02538 0.04569 0.12690 0.06599 0.02030 0.02030 0.04569 0.04569 0.06091 0.01015 0.02538 0.08629
B5W395                         0.08629 0.09137 0.04569 0.04569 0.03046 0.05076 0.05584 0.04061 0.02030 0.04061 0.12183 0.04569 0.02538 0.02538 0.05076 0.04569 0.06599 0.01015 0.03046 0.07107
B0JMU5                         0.10660 0.06091 0.05584 0.03553 0.03553 0.04061 0.05584 0.04061 0.01523 0.05076 0.12183 0.06091 0.01015 0.03553 0.05076 0.05076 0.07107 0.00508 0.02538 0.07107
B4B110                         0.09137 0.06599 0.03046 0.03553 0.03553 0.07107 0.05076 0.05584 0.02030 0.07107 0.10660 0.04569 0.01015 0.03046 0.05584 0.04569 0.07107 0.00508 0.02030 0.08122
Q10ZE3                         0.08629 0.05076 0.05584 0.05076 0.03553 0.05076 0.04569 0.03046 0.02538 0.06091 0.13198 0.07107 0.01523 0.02030 0.05076 0.03553 0.06599 0.01015 0.02538 0.08122
C7QMP7                         0.07614 0.06599 0.03553 0.05076 0.03553 0.04569 0.05584 0.04569 0.02030 0.05076 0.12690 0.07614 0.01015 0.03046 0.04569 0.06091 0.05584 0.00508 0.02030 0.08629
B7K2H5                         0.07614 0.06599 0.03553 0.05076 0.03553 0.04569 0.05584 0.04569 0.02030 0.05076 0.12690 0.07614 0.01015 0.03046 0.04569 0.06091 0.05584 0.00508 0.02030 0.08629
A3IRP8                         0.08629 0.06091 0.04569 0.05584 0.03553 0.04569 0.06091 0.04061 0.01523 0.06599 0.12183 0.07614 0.01015 0.03553 0.04061 0.04061 0.07107 0.00508 0.02538 0.06091
B1WVN1                         0.09137 0.05076 0.04569 0.05584 0.03553 0.06091 0.04061 0.04569 0.02030 0.06091 0.11675 0.07614 0.01015 0.03553 0.04061 0.03553 0.07614 0.01015 0.02030 0.07107
Q5N359                         0.13198 0.07107 0.03553 0.05584 0.03046 0.03046 0.05584 0.04061 0.03046 0.04569 0.11168 0.04061 0.01015 0.03553 0.05584 0.04061 0.06599 0.01015 0.02538 0.07614
Q8GMR5                         0.13198 0.07107 0.03553 0.05584 0.03046 0.03046 0.05584 0.04061 0.03046 0.04569 0.11168 0.04061 0.01015 0.03553 0.05584 0.04061 0.06599 0.01015 0.02538 0.07614
Q8DIE9                         0.09137 0.09645 0.03046 0.05076 0.03553 0.05584 0.06091 0.05584 0.02538 0.05076 0.12183 0.03553 0.01015 0.02030 0.04061 0.03553 0.06091 0.01015 0.03553 0.07614
B1XK78                         0.12183 0.06599 0.05584 0.03553 0.04061 0.04569 0.06091 0.03553 0.02030 0.05076 0.09645 0.05076 0.02030 0.03046 0.05584 0.03553 0.06091 0.01015 0.02030 0.08629
Q3AJJ3                         0.11675 0.06599 0.01523 0.04569 0.02538 0.05584 0.06599 0.05584 0.03553 0.03553 0.11675 0.04569 0.01523 0.04569 0.06599 0.03553 0.05584 0.01523 0.01523 0.07107
A0YI18                         0.09137 0.07614 0.04061 0.05584 0.03553 0.04061 0.05076 0.03553 0.01523 0.03553 0.12690 0.07107 0.02538 0.02538 0.05076 0.04061 0.06091 0.01015 0.03046 0.08122
Q3AY54                         0.09137 0.06091 0.03046 0.03553 0.02538 0.04061 0.05584 0.05584 0.04569 0.04569 0.12690 0.05076 0.01015 0.04569 0.06599 0.07107 0.06091 0.01015 0.01523 0.05584
Q05R60                         0.11168 0.05076 0.02538 0.04569 0.02538 0.04569 0.07614 0.05584 0.03046 0.04061 0.12183 0.04569 0.01015 0.03553 0.06599 0.03553 0.07614 0.01015 0.02538 0.06599
Q066H1                         0.09645 0.05584 0.03046 0.03046 0.02538 0.04569 0.05584 0.05584 0.04061 0.04569 0.12690 0.05584 0.01015 0.04569 0.06599 0.06599 0.06599 0.01015 0.01523 0.05584
Q7U6J6                         0.09645 0.08122 0.03553 0.05076 0.02538 0.05584 0.08122 0.05584 0.03553 0.03553 0.12690 0.03553 0.01523 0.04061 0.06091 0.03553 0.04569 0.01015 0.01523 0.06091
A3Z529                         0.11168 0.06599 0.01523 0.03553 0.02538 0.03046 0.08122 0.06091 0.05076 0.04061 0.13706 0.05076 0.00508 0.04061 0.07107 0.03553 0.05076 0.01015 0.01523 0.06599
B7MVB1                         0.09137 0.05076 0.06091 0.02538 0.03553 0.02030 0.08629 0.05076 0.03046 0.06091 0.10660 0.06599 0.00508 0.03046 0.05076 0.03046 0.07614 0.01015 0.02538 0.08629
P0AB83                         0.09137 0.05076 0.06091 0.02538 0.03553 0.02030 0.08629 0.05076 0.03046 0.06091 0.10660 0.06599 0.00508 0.03046 0.05076 0.03046 0.07614 0.01015 0.02538 0.08629
A5GJV9                         0.10660 0.04569 0.03553 0.03553 0.02538 0.03046 0.06599 0.05584 0.05076 0.04061 0.12183 0.06091 0.01015 0.03553 0.07107 0.05076 0.05584 0.01015 0.02030 0.07107
A5GST9                         0.11675 0.06599 0.03553 0.03553 0.02538 0.03553 0.07107 0.07107 0.03553 0.04061 0.12183 0.04569 0.02030 0.04061 0.05584 0.04569 0.05076 0.01523 0.01015 0.06091
B7LQN7                         0.09137 0.05076 0.06091 0.03046 0.03553 0.01523 0.08122 0.05076 0.03046 0.05584 0.11168 0.07107 0.00508 0.03553 0.05076 0.03046 0.07614 0.01015 0.02030 0.08629
A4CXK0                         0.11168 0.05584 0.02538 0.04569 0.02538 0.03553 0.06091 0.05584 0.05584 0.04061 0.12183 0.04569 0.01015 0.03553 0.07107 0.05584 0.05076 0.01015 0.01523 0.07107
Q0I918                         0.10152 0.05076 0.02538 0.04569 0.03046 0.02538 0.06091 0.06599 0.05584 0.04569 0.11168 0.05584 0.02030 0.04061 0.07107 0.05076 0.05584 0.01015 0.01523 0.06091
Q7V866                         0.05584 0.06091 0.05076 0.04569 0.02538 0.05584 0.05584 0.05076 0.05076 0.05076 0.11168 0.06091 0.02030 0.03553 0.04569 0.06091 0.05584 0.01015 0.02538 0.07107
A2CAJ6                         0.05584 0.05584 0.03553 0.05076 0.02538 0.05584 0.05076 0.05584 0.05076 0.05076 0.10660 0.06599 0.02030 0.03553 0.04569 0.06599 0.05584 0.01015 0.03046 0.07614
A3PCL1                         0.03046 0.04061 0.06091 0.04061 0.02030 0.03553 0.04569 0.05584 0.03046 0.06091 0.11675 0.11168 0.01015 0.04061 0.05076 0.07107 0.05584 0.01015 0.04061 0.07107
A2C1P0                         0.04061 0.03553 0.08122 0.02030 0.02030 0.04061 0.06599 0.05584 0.03046 0.06599 0.11168 0.10660 0.01015 0.04061 0.04569 0.06091 0.05584 0.01015 0.04061 0.06091
Q46LC6                         0.04061 0.03553 0.07107 0.02030 0.02030 0.04061 0.06599 0.05584 0.03046 0.06599 0.11168 0.11168 0.01015 0.04061 0.04569 0.05584 0.06091 0.01015 0.04061 0.06599
Q7V1Q4                         0.03046 0.04061 0.05584 0.03046 0.02030 0.04061 0.07614 0.05076 0.03553 0.06599 0.11675 0.08629 0.01523 0.04061 0.05076 0.07107 0.06599 0.01015 0.03046 0.06599
Q7NMV9                         0.13706 0.08629 0.03046 0.05584 0.04061 0.01015 0.04569 0.06599 0.02030 0.03046 0.13198 0.04061 0.01523 0.01523 0.06599 0.02538 0.07107 0.01015 0.02030 0.08122
A8G4I1                         0.03046 0.04061 0.06599 0.03553 0.02030 0.03046 0.05076 0.05584 0.03046 0.07107 0.11168 0.10660 0.01015 0.03553 0.05076 0.07107 0.05584 0.01015 0.04569 0.07107
A2BQT9                         0.03553 0.03553 0.05076 0.04061 0.02030 0.03046 0.05584 0.05076 0.03046 0.06091 0.11675 0.10660 0.01015 0.03553 0.05076 0.07614 0.06091 0.01015 0.04569 0.07614
Q31B75                         0.03046 0.03553 0.07107 0.03553 0.02030 0.03046 0.05076 0.05076 0.03046 0.06091 0.11675 0.10660 0.01015 0.04061 0.05076 0.07614 0.05584 0.01015 0.04061 0.07614
Q7VC62                         0.05076 0.04569 0.05584 0.03553 0.02538 0.04061 0.06091 0.06599 0.02538 0.06091 0.10152 0.10152 0.01015 0.04569 0.05076 0.06091 0.06091 0.01015 0.04061 0.05076
A2BW27                         0.03046 0.03553 0.06599 0.04061 0.02030 0.04569 0.04569 0.04569 0.02538 0.05584 0.12690 0.10152 0.01523 0.04569 0.05076 0.07107 0.06091 0.01015 0.03553 0.07107
A9BAM7                         0.05076 0.03046 0.02538 0.03046 0.02030 0.04061 0.03553 0.05584 0.03553 0.08122 0.12183 0.09645 0.02030 0.03046 0.05076 0.10152 0.05584 0.01015 0.05076 0.05584

Homogeneity statistic: X2 = 4.86929 G = 5.02734 

Average                        0.08598 0.05568 0.04701 0.04389 0.03202 0.03889 0.06037 0.04529 0.03014 0.04975 0.11995 0.07107 0.01492 0.03678 0.04928 0.04998 0.06169 0.00812 0.02702 0.07216

# constant sites:     26 (13.20%)
ln Lmax (unconstrained) = -1021.130342

AA distances (raw proportions of different sites)

A8ESG4         
Q30T85           0.3553
A6QB94           0.3350  0.3503
B9L8T3           0.3350  0.3503  0.3858
D1B2P1           0.3807  0.3503  0.2792  0.4213
A6Q2G4           0.3503  0.3350  0.3147  0.3350  0.3198
Q7M9A8           0.4213  0.3706  0.3350  0.4061  0.3046  0.3604
B9KCF0           0.3807  0.3655  0.3858  0.4365  0.3046  0.3553  0.3807
A7H3T6           0.4010  0.3706  0.3401  0.4061  0.3046  0.3503  0.3807  0.1827
A8FL19           0.4010  0.3756  0.3401  0.4112  0.3096  0.3503  0.3756  0.1777  0.0305
Q4HH74           0.4112  0.3909  0.3452  0.4010  0.3147  0.3706  0.3807  0.1675  0.0761  0.0660
Q4HPE1           0.3959  0.3756  0.3655  0.3959  0.3046  0.3401  0.3756  0.1980  0.1218  0.1168  0.1320
O25307           0.4315  0.4467  0.4365  0.4518  0.4264  0.4213  0.4162  0.4162  0.4162  0.4162  0.4061  0.4010
B0CAH9           0.5888  0.6041  0.6193  0.6244  0.6244  0.5838  0.5838  0.6091  0.6294  0.6244  0.6142  0.6294  0.5635
B8HNK7           0.5990  0.5888  0.5838  0.6345  0.6091  0.5888  0.5990  0.6244  0.6294  0.6345  0.6091  0.6294  0.5838  0.2081
Q3MCD3           0.5939  0.5939  0.6041  0.6041  0.6041  0.5736  0.5787  0.6142  0.6244  0.6193  0.5990  0.6193  0.5939  0.2538  0.2437
A3Z0V6           0.5888  0.6091  0.6193  0.6345  0.6091  0.5685  0.5736  0.6193  0.6041  0.5990  0.5990  0.5990  0.5736  0.3350  0.3401  0.3198
Q8YQ65           0.5990  0.5990  0.6091  0.5990  0.6091  0.5787  0.5787  0.6091  0.6193  0.6142  0.5939  0.6142  0.5939  0.2437  0.2437  0.0152  0.3147
B2J6L0           0.5939  0.6193  0.5990  0.5888  0.6041  0.5736  0.6041  0.6193  0.6294  0.6193  0.6041  0.6193  0.5787  0.2538  0.2589  0.1269  0.3452  0.1218
P73715           0.5888  0.5888  0.6142  0.6193  0.6041  0.5736  0.5736  0.6041  0.5939  0.5888  0.5939  0.6091  0.5533  0.2640  0.2944  0.2640  0.3046  0.2538  0.2690
A0ZD99           0.5990  0.6091  0.6193  0.6091  0.5939  0.5990  0.5736  0.6041  0.6142  0.6091  0.5939  0.6142  0.5685  0.2335  0.2487  0.1269  0.3198  0.1218  0.1472  0.2386
Q2JMR3           0.6294  0.5939  0.6193  0.5838  0.6193  0.5635  0.5888  0.6244  0.6345  0.6345  0.6193  0.6244  0.5533  0.2690  0.2589  0.2741  0.3249  0.2640  0.2640  0.2690  0.2741
Q2JQP9           0.6244  0.6041  0.6142  0.5888  0.6244  0.5685  0.5888  0.6345  0.6294  0.6294  0.6193  0.6345  0.5431  0.2437  0.2437  0.2690  0.3249  0.2589  0.2538  0.2640  0.2690  0.0660
B7KI56           0.5990  0.5838  0.5990  0.6244  0.6142  0.5838  0.5736  0.6091  0.6041  0.5939  0.5787  0.6193  0.5685  0.2234  0.2335  0.2538  0.3503  0.2437  0.2690  0.2183  0.2132  0.2843  0.2640
Q4C1P7           0.5838  0.5888  0.5888  0.5990  0.6041  0.5787  0.5939  0.5990  0.6091  0.6041  0.5787  0.6244  0.5584  0.2487  0.2437  0.2437  0.3503  0.2386  0.2487  0.2183  0.2335  0.2640  0.2538  0.2030
B9YLW6           0.5939  0.6041  0.6091  0.5990  0.6345  0.5787  0.5888  0.6142  0.6345  0.6294  0.6142  0.6294  0.5888  0.2741  0.2944  0.1726  0.3452  0.1726  0.1827  0.2741  0.1878  0.2893  0.2792  0.2690  0.2487
B5W395           0.6041  0.5990  0.6193  0.5990  0.5787  0.5584  0.5990  0.6142  0.6193  0.6142  0.6091  0.6142  0.6041  0.2893  0.2843  0.2538  0.3503  0.2437  0.2437  0.3096  0.2589  0.2690  0.2640  0.3096  0.3198  0.2944
B0JMU5           0.6041  0.5685  0.6142  0.6142  0.5888  0.5838  0.5635  0.6091  0.6193  0.6193  0.6091  0.6142  0.5787  0.2487  0.2741  0.2538  0.3604  0.2437  0.2589  0.2386  0.2437  0.2843  0.2741  0.2132  0.2183  0.2741  0.2944
B4B110           0.6142  0.5990  0.6041  0.6345  0.6091  0.6041  0.5787  0.6193  0.6091  0.6091  0.5888  0.6193  0.5635  0.2640  0.2437  0.2538  0.3401  0.2437  0.2589  0.2183  0.2183  0.2995  0.2843  0.1269  0.2081  0.2741  0.3096  0.1980
Q10ZE3           0.6091  0.5838  0.6193  0.5736  0.6142  0.5736  0.6091  0.6193  0.6345  0.6294  0.6041  0.6142  0.5787  0.2589  0.2437  0.2132  0.3604  0.2132  0.2030  0.2995  0.2183  0.2944  0.2843  0.2640  0.2589  0.2538  0.2538  0.2589  0.2487
C7QMP7           0.6041  0.5888  0.6041  0.6244  0.6091  0.5838  0.5736  0.6193  0.6091  0.6041  0.5888  0.6193  0.5584  0.2234  0.2183  0.2234  0.3401  0.2234  0.2538  0.2234  0.2234  0.2944  0.2741  0.1574  0.1827  0.2741  0.2995  0.2234  0.1675  0.2437
B7K2H5           0.6041  0.5888  0.6041  0.6244  0.6091  0.5838  0.5736  0.6193  0.6091  0.6041  0.5888  0.6193  0.5584  0.2234  0.2183  0.2234  0.3401  0.2234  0.2538  0.2234  0.2234  0.2944  0.2741  0.1574  0.1827  0.2741  0.2995  0.2234  0.1675  0.2437  0.0000
A3IRP8           0.5939  0.5888  0.5888  0.5838  0.6142  0.5685  0.5888  0.5888  0.5990  0.5888  0.5685  0.6142  0.5685  0.2640  0.2690  0.2538  0.3604  0.2487  0.2487  0.2437  0.2437  0.2741  0.2741  0.2183  0.1015  0.2437  0.3147  0.2284  0.2284  0.2640  0.2081  0.2081
B1WVN1           0.5990  0.5990  0.6041  0.5990  0.6193  0.5888  0.5990  0.6041  0.6091  0.6041  0.5838  0.6244  0.5635  0.2538  0.2640  0.2589  0.3706  0.2538  0.2538  0.2437  0.2487  0.2792  0.2741  0.2183  0.0964  0.2487  0.3299  0.2335  0.2284  0.2690  0.1980  0.1980  0.0812
Q5N359           0.5888  0.5685  0.5787  0.6294  0.5939  0.5584  0.5888  0.6294  0.6447  0.6447  0.6396  0.6345  0.5990  0.2589  0.2843  0.2741  0.3198  0.2792  0.2995  0.2690  0.3046  0.2944  0.2792  0.2741  0.2995  0.2792  0.3198  0.2995  0.2944  0.3299  0.3046  0.3046  0.3096  0.3147
Q8GMR5           0.5888  0.5685  0.5787  0.6294  0.5939  0.5584  0.5888  0.6294  0.6447  0.6447  0.6396  0.6345  0.5990  0.2589  0.2843  0.2741  0.3198  0.2792  0.2995  0.2690  0.3046  0.2944  0.2792  0.2741  0.2995  0.2792  0.3198  0.2995  0.2944  0.3299  0.3046  0.3046  0.3096  0.3147  0.0000
Q8DIE9           0.6294  0.6193  0.6193  0.6294  0.6244  0.5990  0.6142  0.6345  0.6294  0.6294  0.6142  0.6244  0.5838  0.2640  0.2386  0.2690  0.3553  0.2741  0.2944  0.2995  0.2843  0.3046  0.2893  0.2843  0.3198  0.3147  0.2843  0.2995  0.2944  0.2944  0.2741  0.2741  0.3198  0.3249  0.2843  0.2843
B1XK78           0.6193  0.6091  0.6548  0.6244  0.6497  0.5990  0.6142  0.6244  0.6548  0.6497  0.6294  0.6345  0.6193  0.2741  0.2893  0.2640  0.3096  0.2538  0.2893  0.2487  0.2538  0.2893  0.2741  0.2589  0.2487  0.2792  0.3401  0.2741  0.2690  0.2792  0.2792  0.2792  0.2792  0.2843  0.2792  0.2792  0.2995
Q3AJJ3           0.6447  0.6497  0.6396  0.6548  0.6497  0.6244  0.6548  0.6599  0.6701  0.6650  0.6650  0.6599  0.6497  0.6142  0.6041  0.6294  0.5736  0.6345  0.6193  0.5888  0.6041  0.6142  0.5990  0.6091  0.5939  0.6193  0.6294  0.6091  0.5990  0.6345  0.6294  0.6294  0.5939  0.5990  0.5787  0.5787  0.6244  0.5888
A0YI18           0.6244  0.5888  0.6244  0.5990  0.6193  0.5533  0.5990  0.6244  0.6244  0.6193  0.6142  0.6091  0.6041  0.2640  0.2741  0.2234  0.3401  0.2132  0.2284  0.2640  0.2234  0.2893  0.2843  0.2589  0.2640  0.2386  0.1624  0.2640  0.2640  0.2132  0.2335  0.2335  0.2640  0.2792  0.2995  0.2995  0.2995  0.2843  0.6244
Q3AY54           0.6701  0.6599  0.6548  0.6802  0.6548  0.6447  0.6497  0.6650  0.6650  0.6650  0.6701  0.6650  0.6396  0.5990  0.6142  0.6142  0.5635  0.6091  0.5990  0.5990  0.6091  0.6091  0.6041  0.6294  0.6193  0.6244  0.6294  0.6244  0.6244  0.6345  0.6345  0.6345  0.5990  0.6193  0.5787  0.5787  0.6294  0.6345  0.1878  0.6345
Q05R60           0.6497  0.6396  0.6497  0.6650  0.6294  0.6193  0.6599  0.6548  0.6701  0.6599  0.6650  0.6599  0.6548  0.6091  0.5990  0.6193  0.5685  0.6244  0.6091  0.5736  0.5888  0.6091  0.5838  0.5939  0.5838  0.6091  0.5990  0.5990  0.5838  0.6193  0.6142  0.6142  0.5888  0.5990  0.5736  0.5736  0.6142  0.5990  0.1218  0.6091  0.2081
Q066H1           0.6751  0.6650  0.6548  0.6701  0.6599  0.6447  0.6447  0.6701  0.6751  0.6751  0.6751  0.6650  0.6396  0.5990  0.6091  0.6091  0.5685  0.6041  0.5939  0.5990  0.6091  0.6041  0.6041  0.6244  0.6142  0.6193  0.6244  0.6193  0.6142  0.6294  0.6294  0.6294  0.5939  0.6142  0.5787  0.5787  0.6294  0.6294  0.2030  0.6294  0.0305  0.2234
Q7U6J6           0.6650  0.6701  0.6548  0.6802  0.6548  0.6345  0.6447  0.6650  0.6701  0.6599  0.6650  0.6599  0.6497  0.6294  0.6294  0.6396  0.5736  0.6396  0.6294  0.5736  0.6142  0.6244  0.6193  0.6142  0.6193  0.6396  0.6193  0.6041  0.6091  0.6294  0.6244  0.6244  0.6091  0.6244  0.5888  0.5888  0.6447  0.6041  0.1624  0.6244  0.1878  0.1675  0.1980
A3Z529           0.6497  0.6497  0.6294  0.6599  0.6244  0.6041  0.6244  0.6193  0.6294  0.6193  0.6244  0.6244  0.6244  0.6142  0.5990  0.6193  0.5584  0.6193  0.5990  0.5685  0.6041  0.5787  0.5635  0.5990  0.5939  0.5990  0.5838  0.5939  0.5939  0.6345  0.6193  0.6193  0.5888  0.5990  0.5635  0.5635  0.6041  0.6041  0.1777  0.6041  0.1980  0.1675  0.2081  0.2081
B7MVB1           0.6447  0.6548  0.6193  0.6091  0.6447  0.5990  0.6193  0.6294  0.6091  0.6142  0.6041  0.6193  0.6193  0.6294  0.6244  0.6497  0.6041  0.6497  0.6294  0.6294  0.6396  0.6345  0.6345  0.6497  0.6244  0.6345  0.6447  0.6244  0.6396  0.6497  0.6447  0.6447  0.6193  0.6396  0.6345  0.6345  0.6193  0.6091  0.5888  0.6345  0.6091  0.5838  0.6091  0.5888  0.5787
P0AB83           0.6447  0.6548  0.6193  0.6091  0.6447  0.5990  0.6193  0.6294  0.6091  0.6142  0.6041  0.6193  0.6193  0.6294  0.6244  0.6497  0.6041  0.6497  0.6294  0.6294  0.6396  0.6345  0.6345  0.6497  0.6244  0.6345  0.6447  0.6244  0.6396  0.6497  0.6447  0.6447  0.6193  0.6396  0.6345  0.6345  0.6193  0.6091  0.5888  0.6345  0.6091  0.5838  0.6091  0.5888  0.5787  0.0000
A5GJV9           0.6599  0.6497  0.6548  0.6548  0.6396  0.6244  0.6294  0.6447  0.6548  0.6447  0.6497  0.6497  0.6294  0.6193  0.6091  0.6244  0.5685  0.6244  0.6142  0.5888  0.6091  0.5990  0.5888  0.6193  0.6041  0.6041  0.6345  0.6142  0.6091  0.6396  0.6193  0.6193  0.5990  0.6041  0.5685  0.5685  0.6193  0.5939  0.1726  0.6345  0.1827  0.1472  0.1827  0.2030  0.1574  0.5990  0.5990
A5GST9           0.6701  0.6548  0.6396  0.6599  0.6497  0.6142  0.6294  0.6497  0.6701  0.6650  0.6650  0.6447  0.6599  0.6345  0.6294  0.6396  0.5939  0.6396  0.6345  0.6041  0.6294  0.6244  0.6193  0.6244  0.6244  0.6345  0.6244  0.6193  0.6041  0.6497  0.6396  0.6396  0.6142  0.6396  0.5838  0.5838  0.6345  0.6091  0.1726  0.6294  0.1929  0.1878  0.2030  0.1371  0.2081  0.5888  0.5888  0.2081
B7LQN7           0.6548  0.6548  0.6193  0.6142  0.6345  0.5990  0.6193  0.6396  0.6041  0.6091  0.6091  0.6193  0.6193  0.6396  0.6244  0.6548  0.6091  0.6548  0.6294  0.6294  0.6447  0.6447  0.6447  0.6548  0.6396  0.6396  0.6497  0.6345  0.6548  0.6447  0.6497  0.6497  0.6294  0.6497  0.6447  0.6447  0.6244  0.6244  0.5838  0.6345  0.5939  0.5787  0.5939  0.5736  0.5736  0.0355  0.0355  0.5838  0.5838
A4CXK0           0.6650  0.6599  0.6548  0.6599  0.6447  0.6345  0.6294  0.6497  0.6548  0.6447  0.6497  0.6548  0.6396  0.6294  0.6041  0.6345  0.5635  0.6345  0.6193  0.5990  0.6193  0.6091  0.5990  0.6244  0.6091  0.6142  0.6294  0.6142  0.6142  0.6447  0.6294  0.6294  0.6041  0.6091  0.5787  0.5787  0.6142  0.6091  0.1726  0.6396  0.1980  0.1472  0.1980  0.1929  0.1269  0.5990  0.5990  0.0508  0.2030  0.5838
Q0I918           0.6701  0.6701  0.6497  0.6497  0.6548  0.6244  0.6599  0.6548  0.6650  0.6548  0.6599  0.6497  0.6447  0.6396  0.6142  0.6294  0.5685  0.6294  0.6091  0.5939  0.6142  0.6041  0.5939  0.6294  0.5990  0.6041  0.6091  0.6244  0.6091  0.6294  0.6345  0.6345  0.5838  0.6142  0.5888  0.5888  0.6244  0.5939  0.1777  0.6142  0.2183  0.1574  0.2284  0.2081  0.1624  0.5736  0.5736  0.1472  0.2030  0.5685  0.1421
Q7V866           0.6650  0.6853  0.6701  0.6345  0.6701  0.6396  0.6650  0.6701  0.6853  0.6853  0.6853  0.6802  0.6599  0.6447  0.6345  0.6244  0.6447  0.6193  0.6193  0.6244  0.6193  0.6396  0.6345  0.6294  0.6193  0.6142  0.6345  0.6396  0.6244  0.6396  0.6244  0.6244  0.6142  0.6193  0.6294  0.6294  0.6447  0.6396  0.2995  0.6447  0.3046  0.3046  0.3096  0.3198  0.3046  0.6041  0.6041  0.2741  0.3147  0.6142  0.2843  0.2995
A2CAJ6           0.6701  0.6904  0.6599  0.6497  0.6802  0.6447  0.6650  0.6701  0.6802  0.6802  0.6802  0.6802  0.6599  0.6244  0.6244  0.6294  0.6447  0.6244  0.6193  0.6244  0.6294  0.6396  0.6345  0.6294  0.6091  0.6193  0.6345  0.6345  0.6193  0.6396  0.6142  0.6142  0.6041  0.6091  0.6294  0.6294  0.6447  0.6345  0.3046  0.6345  0.3046  0.3147  0.3096  0.3249  0.3096  0.6041  0.6041  0.2792  0.3249  0.6193  0.2893  0.3046  0.0355
A3PCL1           0.6802  0.6447  0.6904  0.6447  0.6802  0.6345  0.6497  0.6650  0.6599  0.6447  0.6497  0.6548  0.6497  0.6650  0.6599  0.6497  0.6294  0.6497  0.6650  0.6244  0.6701  0.6599  0.6650  0.6497  0.6396  0.6497  0.6447  0.6548  0.6599  0.6548  0.6345  0.6345  0.6142  0.6345  0.6396  0.6396  0.6396  0.6599  0.4061  0.6396  0.3756  0.3909  0.3807  0.3706  0.3858  0.6091  0.6091  0.3503  0.3706  0.6091  0.3655  0.3655  0.3452  0.3452
A2C1P0           0.6802  0.6497  0.6701  0.6193  0.6751  0.6244  0.6650  0.6497  0.6497  0.6599  0.6497  0.6548  0.6447  0.6548  0.6650  0.6548  0.6396  0.6497  0.6548  0.6244  0.6497  0.6447  0.6497  0.6396  0.6294  0.6396  0.6447  0.6447  0.6345  0.6447  0.6396  0.6396  0.6193  0.6244  0.6345  0.6345  0.6447  0.6497  0.3553  0.6345  0.3299  0.3249  0.3249  0.3604  0.3604  0.6244  0.6244  0.3249  0.3452  0.6193  0.3452  0.3655  0.3249  0.3198  0.2741
Q46LC6           0.6853  0.6599  0.6751  0.6244  0.6802  0.6244  0.6650  0.6548  0.6548  0.6650  0.6548  0.6599  0.6447  0.6497  0.6599  0.6447  0.6396  0.6396  0.6497  0.6193  0.6447  0.6345  0.6396  0.6345  0.6142  0.6345  0.6447  0.6345  0.6294  0.6396  0.6396  0.6396  0.6091  0.6091  0.6345  0.6345  0.6396  0.6396  0.3553  0.6294  0.3249  0.3249  0.3198  0.3553  0.3604  0.6193  0.6193  0.3249  0.3452  0.6142  0.3452  0.3655  0.3198  0.3147  0.2792  0.0203
Q7V1Q4           0.6904  0.6802  0.6954  0.6396  0.6853  0.6548  0.6701  0.6802  0.6751  0.6650  0.6701  0.6802  0.6650  0.6599  0.6599  0.6548  0.6294  0.6497  0.6548  0.6244  0.6599  0.6447  0.6497  0.6447  0.6345  0.6497  0.6447  0.6447  0.6548  0.6548  0.6294  0.6294  0.6142  0.6244  0.6345  0.6345  0.6345  0.6447  0.3959  0.6497  0.3858  0.3959  0.3807  0.3756  0.3858  0.5939  0.5939  0.3706  0.3858  0.6041  0.3604  0.3655  0.3249  0.3401  0.1624  0.2741  0.2741
Q7NMV9           0.6701  0.6497  0.6599  0.6853  0.6650  0.6244  0.6447  0.6802  0.6701  0.6701  0.6701  0.6802  0.6345  0.5279  0.5279  0.5228  0.4975  0.5228  0.5330  0.5279  0.5330  0.5381  0.5178  0.5381  0.5076  0.5381  0.5228  0.5127  0.5228  0.5330  0.5330  0.5330  0.5127  0.5330  0.5178  0.5178  0.5076  0.5228  0.6244  0.5025  0.6447  0.6091  0.6345  0.6244  0.6193  0.6599  0.6599  0.6244  0.6396  0.6497  0.6142  0.6396  0.7056  0.7056  0.6904  0.7056  0.6954  0.6954
A8G4I1           0.6853  0.6548  0.7005  0.6599  0.6904  0.6396  0.6599  0.6751  0.6751  0.6599  0.6701  0.6650  0.6548  0.6751  0.6650  0.6650  0.6345  0.6650  0.6802  0.6396  0.6802  0.6650  0.6701  0.6548  0.6599  0.6599  0.6599  0.6650  0.6650  0.6751  0.6396  0.6396  0.6345  0.6497  0.6497  0.6497  0.6497  0.6701  0.4061  0.6548  0.3858  0.3909  0.3909  0.3858  0.3858  0.6142  0.6142  0.3503  0.3807  0.6142  0.3655  0.3756  0.3503  0.3503  0.0558  0.2741  0.2792  0.1675  0.7056
A2BQT9           0.6853  0.6497  0.6751  0.6497  0.6751  0.6091  0.6599  0.6904  0.6650  0.6548  0.6599  0.6599  0.6345  0.6751  0.6701  0.6497  0.6396  0.6497  0.6650  0.6294  0.6751  0.6650  0.6650  0.6650  0.6548  0.6548  0.6548  0.6548  0.6701  0.6599  0.6396  0.6396  0.6345  0.6497  0.6396  0.6396  0.6497  0.6701  0.4061  0.6497  0.3807  0.3909  0.3858  0.3807  0.3858  0.6142  0.6142  0.3604  0.3706  0.6142  0.3706  0.3756  0.3350  0.3350  0.0711  0.2893  0.2843  0.1777  0.6954  0.0711
Q31B75           0.6853  0.6447  0.6853  0.6548  0.6853  0.6345  0.6548  0.6599  0.6548  0.6396  0.6447  0.6548  0.6447  0.6751  0.6701  0.6497  0.6345  0.6497  0.6650  0.6396  0.6599  0.6650  0.6701  0.6497  0.6497  0.6447  0.6548  0.6599  0.6599  0.6548  0.6447  0.6447  0.6244  0.6396  0.6548  0.6548  0.6497  0.6650  0.4112  0.6548  0.3858  0.4010  0.3909  0.3858  0.3959  0.6142  0.6142  0.3604  0.3756  0.6142  0.3756  0.3807  0.3503  0.3503  0.0609  0.2843  0.2792  0.1726  0.7005  0.0406  0.0609
Q7VC62           0.6802  0.6650  0.6650  0.6244  0.6751  0.6396  0.6701  0.6650  0.6497  0.6447  0.6345  0.6447  0.6345  0.6650  0.6497  0.6244  0.6548  0.6193  0.6345  0.6244  0.6396  0.6396  0.6396  0.6345  0.6091  0.6396  0.6294  0.6396  0.6294  0.6447  0.6244  0.6244  0.6244  0.6193  0.6497  0.6497  0.6294  0.6548  0.3858  0.6294  0.3553  0.3706  0.3452  0.4061  0.3858  0.6396  0.6396  0.3503  0.3858  0.6447  0.3655  0.3807  0.3604  0.3503  0.3198  0.2690  0.2640  0.3249  0.7107  0.3249  0.3046  0.3198
A2BW27           0.7056  0.6954  0.7107  0.6599  0.7107  0.6751  0.6853  0.6853  0.6802  0.6751  0.6751  0.6802  0.6599  0.6599  0.6599  0.6497  0.6396  0.6447  0.6497  0.6244  0.6548  0.6548  0.6548  0.6396  0.6396  0.6497  0.6599  0.6650  0.6497  0.6497  0.6244  0.6244  0.6396  0.6244  0.6447  0.6447  0.6447  0.6396  0.3909  0.6497  0.3909  0.3858  0.3858  0.3655  0.3858  0.6142  0.6142  0.3553  0.3807  0.6142  0.3553  0.3858  0.3350  0.3350  0.1878  0.2640  0.2640  0.1015  0.7157  0.1878  0.2030  0.1980  0.3350
A9BAM7           0.7208  0.7005  0.6853  0.6751  0.6853  0.6751  0.6751  0.7005  0.6904  0.6802  0.6853  0.6954  0.6650  0.6904  0.6954  0.7005  0.6853  0.7005  0.6853  0.6751  0.7005  0.6954  0.6904  0.6701  0.6751  0.6853  0.7056  0.6904  0.6701  0.7005  0.6751  0.6751  0.6497  0.6701  0.6853  0.6853  0.6802  0.7005  0.4112  0.6954  0.3604  0.3909  0.3503  0.4162  0.3909  0.6396  0.6396  0.3604  0.3909  0.6345  0.3858  0.3909  0.3655  0.3807  0.3350  0.3401  0.3503  0.3503  0.7208  0.3401  0.3401  0.3401  0.3756  0.3553


TREE #  1:  (50, (47, 46), ((45, ((52, (51, (48, ((53, 54), (63, ((56, 57), (65, ((55, (60, (61, 62))), (58, 64))))))))), (42, (39, ((41, 43), (44, 49)))))), ((13, (7, (6, ((2, (3, (5, (8, (12, (11, (9, 10))))))), (4, 1))))), (59, (17, ((35, 36), (38, ((15, 37), ((14, (22, 23)), (((21, ((16, 18), (19, 26))), (30, (27, 40))), (28, (20, ((25, (33, 34)), ((31, 32), (24, 29)))))))))))))));   MP score: 1886
lnL(ntime:127  np:128):  -9882.724481      +0.000000
  66..50   66..67   67..47   67..46   66..68   68..69   69..45   69..70   70..71   71..52   71..72   72..51   72..73   73..48   73..74   74..75   75..53   75..54   74..76   76..63   76..77   77..78   78..56   78..57   77..79   79..65   79..80   80..81   81..55   81..82   82..60   82..83   83..61   83..62   80..84   84..58   84..64   70..85   85..42   85..86   86..39   86..87   87..88   88..41   88..43   87..89   89..44   89..49   68..90   90..91   91..13   91..92   92..7    92..93   93..6    93..94   94..95   95..2    95..96   96..3    96..97   97..5    97..98   98..8    98..99   99..12   99..100 100..11  100..101 101..9   101..10   94..102 102..4   102..1    90..103 103..59  103..104 104..17  104..105 105..106 106..35  106..36  105..107 107..38  107..108 108..109 109..15  109..37  108..110 110..111 111..14  111..112 112..22  112..23  110..113 113..114 114..115 115..21  115..116 116..117 117..16  117..18  116..118 118..19  118..26  114..119 119..30  119..120 120..27  120..40  113..121 121..28  121..122 122..20  122..123 123..124 124..25  124..125 125..33  125..34  123..126 126..127 127..31  127..32  126..128 128..24  128..29 
 0.025889 0.015834 0.000004 0.000004 1.313039 1.185902 0.091564 0.034608 0.009264 0.118562 0.065577 0.010769 0.037607 0.011495 0.276507 0.223093 0.010811 0.028948 0.195003 0.330196 0.091664 0.154325 0.007030 0.015651 0.052702 0.536350 0.156377 0.096870 0.026885 0.020641 0.017888 0.011149 0.052199 0.017932 0.069445 0.042439 0.084664 0.071773 0.078139 0.059411 0.067277 0.049982 0.163368 0.003454 0.030628 0.046639 0.095275 0.123010 0.344992 0.555716 0.430589 0.257399 0.344018 0.097397 0.290206 0.065123 0.061438 0.273373 0.085970 0.259298 0.083578 0.203347 0.322094 0.134199 0.063437 0.100965 0.028740 0.044304 0.022348 0.021489 0.013287 0.167105 0.363290 0.284341 0.466139 1.215817 0.259503 0.252419 0.242577 0.226127 0.000004 0.000004 0.012829 0.215633 0.051042 0.045788 0.182945 0.247994 0.050834 0.024750 0.213772 0.246661 0.074249 0.009661 0.060990 0.067306 0.091504 0.074300 0.033240 0.052547 0.011150 0.005297 0.017877 0.088804 0.212032 0.051133 0.173732 0.110598 0.138906 0.101448 0.031736 0.214980 0.035440 0.205731 0.010785 0.126189 0.044027 0.056399 0.053221 0.050471 0.060355 0.122282 0.000004 0.000004 0.042976 0.101243 0.090326 0.636801

tree length =  17.72166

(50: 0.025889, (47: 0.000004, 46: 0.000004): 0.015834, ((45: 0.091564, ((52: 0.118562, (51: 0.010769, (48: 0.011495, ((53: 0.010811, 54: 0.028948): 0.223093, (63: 0.330196, ((56: 0.007030, 57: 0.015651): 0.154325, (65: 0.536350, ((55: 0.026885, (60: 0.017888, (61: 0.052199, 62: 0.017932): 0.011149): 0.020641): 0.096870, (58: 0.042439, 64: 0.084664): 0.069445): 0.156377): 0.052702): 0.091664): 0.195003): 0.276507): 0.037607): 0.065577): 0.009264, (42: 0.078139, (39: 0.067277, ((41: 0.003454, 43: 0.030628): 0.163368, (44: 0.095275, 49: 0.123010): 0.046639): 0.049982): 0.059411): 0.071773): 0.034608): 1.185902, ((13: 0.430589, (7: 0.344018, (6: 0.290206, ((2: 0.273373, (3: 0.259298, (5: 0.203347, (8: 0.134199, (12: 0.100965, (11: 0.044304, (9: 0.021489, 10: 0.013287): 0.022348): 0.028740): 0.063437): 0.322094): 0.083578): 0.085970): 0.061438, (4: 0.363290, 1: 0.284341): 0.167105): 0.065123): 0.097397): 0.257399): 0.555716, (59: 1.215817, (17: 0.252419, ((35: 0.000004, 36: 0.000004): 0.226127, (38: 0.215633, ((15: 0.182945, 37: 0.247994): 0.045788, ((14: 0.213772, (22: 0.074249, 23: 0.009661): 0.246661): 0.024750, (((21: 0.074300, ((16: 0.011150, 18: 0.005297): 0.052547, (19: 0.088804, 26: 0.212032): 0.017877): 0.033240): 0.091504, (30: 0.173732, (27: 0.138906, 40: 0.101448): 0.110598): 0.051133): 0.067306, (28: 0.214980, (20: 0.205731, ((25: 0.044027, (33: 0.053221, 34: 0.050471): 0.056399): 0.126189, ((31: 0.000004, 32: 0.000004): 0.122282, (24: 0.101243, 29: 0.090326): 0.042976): 0.060355): 0.010785): 0.035440): 0.031736): 0.060990): 0.050834): 0.051042): 0.012829): 0.242577): 0.259503): 0.466139): 0.344992): 1.313039);

(B7LQN7: 0.025889, (P0AB83: 0.000004, B7MVB1: 0.000004): 0.015834, ((A3Z529: 0.091564, ((Q0I918: 0.118562, (A4CXK0: 0.010769, (A5GJV9: 0.011495, ((Q7V866: 0.010811, A2CAJ6: 0.028948): 0.223093, (Q7VC62: 0.330196, ((A2C1P0: 0.007030, Q46LC6: 0.015651): 0.154325, (A9BAM7: 0.536350, ((A3PCL1: 0.026885, (A8G4I1: 0.017888, (A2BQT9: 0.052199, Q31B75: 0.017932): 0.011149): 0.020641): 0.096870, (Q7V1Q4: 0.042439, A2BW27: 0.084664): 0.069445): 0.156377): 0.052702): 0.091664): 0.195003): 0.276507): 0.037607): 0.065577): 0.009264, (Q05R60: 0.078139, (Q3AJJ3: 0.067277, ((Q3AY54: 0.003454, Q066H1: 0.030628): 0.163368, (Q7U6J6: 0.095275, A5GST9: 0.123010): 0.046639): 0.049982): 0.059411): 0.071773): 0.034608): 1.185902, ((O25307: 0.430589, (Q7M9A8: 0.344018, (A6Q2G4: 0.290206, ((Q30T85: 0.273373, (A6QB94: 0.259298, (D1B2P1: 0.203347, (B9KCF0: 0.134199, (Q4HPE1: 0.100965, (Q4HH74: 0.044304, (A7H3T6: 0.021489, A8FL19: 0.013287): 0.022348): 0.028740): 0.063437): 0.322094): 0.083578): 0.085970): 0.061438, (B9L8T3: 0.363290, A8ESG4: 0.284341): 0.167105): 0.065123): 0.097397): 0.257399): 0.555716, (Q7NMV9: 1.215817, (A3Z0V6: 0.252419, ((Q5N359: 0.000004, Q8GMR5: 0.000004): 0.226127, (B1XK78: 0.215633, ((B8HNK7: 0.182945, Q8DIE9: 0.247994): 0.045788, ((B0CAH9: 0.213772, (Q2JMR3: 0.074249, Q2JQP9: 0.009661): 0.246661): 0.024750, (((A0ZD99: 0.074300, ((Q3MCD3: 0.011150, Q8YQ65: 0.005297): 0.052547, (B2J6L0: 0.088804, B9YLW6: 0.212032): 0.017877): 0.033240): 0.091504, (Q10ZE3: 0.173732, (B5W395: 0.138906, A0YI18: 0.101448): 0.110598): 0.051133): 0.067306, (B0JMU5: 0.214980, (P73715: 0.205731, ((Q4C1P7: 0.044027, (A3IRP8: 0.053221, B1WVN1: 0.050471): 0.056399): 0.126189, ((C7QMP7: 0.000004, B7K2H5: 0.000004): 0.122282, (B7KI56: 0.101243, B4B110: 0.090326): 0.042976): 0.060355): 0.010785): 0.035440): 0.031736): 0.060990): 0.050834): 0.051042): 0.012829): 0.242577): 0.259503): 0.466139): 0.344992): 1.313039);

Detailed output identifying parameters

alpha (gamma, K = 4) =  0.63680
rate:   0.06078  0.33212  0.89899  2.70811
freq:   0.25000  0.25000  0.25000  0.25000

Time used: 14:52
