AAML (in paml version 4.6, August 2012)  201.aa
Model: Empirical for branches,  Global clock  (../../../bin/LG.dat) dGamma (ncatG=5) ns =  65  ls =  42


Frequencies..
                                    A      R      N      D      C      Q      E      G      H      I      L      K      M      F      P      S      T      W      Y      V
A8EVZ6                         0.11905 0.09524 0.02381 0.02381 0.00000 0.02381 0.07143 0.07143 0.00000 0.04762 0.11905 0.09524 0.04762 0.02381 0.04762 0.09524 0.00000 0.02381 0.00000 0.07143
Q30TP9                         0.26190 0.07143 0.00000 0.04762 0.00000 0.02381 0.09524 0.02381 0.00000 0.00000 0.11905 0.09524 0.04762 0.02381 0.04762 0.00000 0.04762 0.02381 0.00000 0.07143
Q7MA58                         0.09524 0.04762 0.02381 0.04762 0.00000 0.02381 0.07143 0.04762 0.02381 0.04762 0.11905 0.09524 0.02381 0.00000 0.04762 0.09524 0.04762 0.02381 0.02381 0.09524
D1AZC1                         0.14286 0.04762 0.02381 0.02381 0.02381 0.00000 0.07143 0.04762 0.00000 0.07143 0.11905 0.09524 0.07143 0.00000 0.04762 0.07143 0.07143 0.02381 0.00000 0.04762
Q4HE00                         0.16667 0.04762 0.07143 0.02381 0.00000 0.02381 0.07143 0.02381 0.00000 0.04762 0.14286 0.11905 0.04762 0.00000 0.04762 0.02381 0.02381 0.02381 0.00000 0.09524
A8FKR1                         0.16667 0.02381 0.07143 0.02381 0.00000 0.02381 0.07143 0.02381 0.00000 0.04762 0.14286 0.14286 0.04762 0.00000 0.04762 0.02381 0.02381 0.02381 0.00000 0.09524
A6Q6I0                         0.14286 0.02381 0.07143 0.04762 0.00000 0.04762 0.07143 0.04762 0.00000 0.07143 0.11905 0.07143 0.07143 0.00000 0.04762 0.02381 0.04762 0.02381 0.00000 0.07143
A7H4Q7                         0.16667 0.02381 0.07143 0.02381 0.00000 0.02381 0.07143 0.02381 0.00000 0.07143 0.14286 0.14286 0.04762 0.00000 0.04762 0.02381 0.02381 0.02381 0.00000 0.07143
B9KFG5                         0.14286 0.02381 0.04762 0.04762 0.00000 0.02381 0.07143 0.02381 0.00000 0.04762 0.14286 0.14286 0.04762 0.00000 0.04762 0.04762 0.02381 0.02381 0.00000 0.09524
A6Q1M1                         0.09524 0.04762 0.02381 0.02381 0.00000 0.04762 0.11905 0.04762 0.00000 0.07143 0.11905 0.09524 0.02381 0.02381 0.04762 0.09524 0.02381 0.02381 0.02381 0.04762
Q4HS59                         0.14286 0.02381 0.07143 0.04762 0.00000 0.02381 0.04762 0.00000 0.00000 0.07143 0.14286 0.14286 0.04762 0.00000 0.04762 0.04762 0.04762 0.02381 0.00000 0.07143
P56036                         0.11905 0.04762 0.02381 0.02381 0.00000 0.00000 0.09524 0.02381 0.02381 0.00000 0.11905 0.11905 0.04762 0.02381 0.04762 0.11905 0.02381 0.02381 0.00000 0.11905
B9L7J4                         0.11905 0.00000 0.00000 0.07143 0.00000 0.00000 0.11905 0.04762 0.00000 0.04762 0.09524 0.16667 0.07143 0.02381 0.04762 0.02381 0.02381 0.00000 0.02381 0.11905
Q46HH1                         0.11905 0.00000 0.04762 0.02381 0.00000 0.07143 0.09524 0.09524 0.02381 0.09524 0.11905 0.09524 0.02381 0.02381 0.02381 0.11905 0.02381 0.00000 0.00000 0.00000
A2C032                         0.11905 0.00000 0.02381 0.02381 0.00000 0.07143 0.09524 0.09524 0.02381 0.09524 0.11905 0.09524 0.02381 0.02381 0.02381 0.14286 0.02381 0.00000 0.00000 0.00000
Q119S8                         0.16667 0.02381 0.04762 0.09524 0.00000 0.04762 0.09524 0.04762 0.00000 0.09524 0.11905 0.09524 0.02381 0.00000 0.02381 0.04762 0.02381 0.00000 0.00000 0.04762
Q8DM26                         0.23810 0.02381 0.02381 0.07143 0.00000 0.07143 0.07143 0.09524 0.00000 0.07143 0.09524 0.07143 0.04762 0.00000 0.02381 0.02381 0.02381 0.00000 0.00000 0.04762
A3YU99                         0.19048 0.00000 0.04762 0.04762 0.00000 0.07143 0.07143 0.07143 0.02381 0.11905 0.09524 0.07143 0.00000 0.00000 0.02381 0.07143 0.02381 0.00000 0.02381 0.04762
Q8YLJ6                         0.16667 0.02381 0.02381 0.07143 0.00000 0.04762 0.09524 0.09524 0.00000 0.04762 0.14286 0.09524 0.04762 0.00000 0.04762 0.02381 0.02381 0.00000 0.00000 0.04762
Q7V383                         0.11905 0.04762 0.02381 0.00000 0.00000 0.02381 0.14286 0.07143 0.02381 0.07143 0.11905 0.07143 0.02381 0.02381 0.02381 0.14286 0.02381 0.00000 0.00000 0.04762
Q3MA17                         0.16667 0.02381 0.02381 0.07143 0.00000 0.04762 0.09524 0.09524 0.00000 0.04762 0.14286 0.09524 0.04762 0.00000 0.04762 0.02381 0.02381 0.00000 0.00000 0.04762
P23350                         0.14286 0.00000 0.02381 0.07143 0.00000 0.07143 0.09524 0.11905 0.02381 0.07143 0.11905 0.07143 0.02381 0.00000 0.02381 0.04762 0.04762 0.00000 0.00000 0.04762
B2JA76                         0.14286 0.02381 0.02381 0.07143 0.00000 0.07143 0.09524 0.07143 0.00000 0.07143 0.16667 0.07143 0.00000 0.00000 0.04762 0.04762 0.02381 0.00000 0.00000 0.07143
B4AY78                         0.19048 0.02381 0.02381 0.04762 0.00000 0.07143 0.11905 0.04762 0.00000 0.02381 0.14286 0.07143 0.02381 0.00000 0.02381 0.04762 0.07143 0.00000 0.04762 0.02381
A2BUH9                         0.11905 0.04762 0.02381 0.00000 0.00000 0.04762 0.11905 0.07143 0.02381 0.07143 0.11905 0.07143 0.02381 0.02381 0.02381 0.14286 0.02381 0.00000 0.00000 0.04762
B9YNP5                         0.19048 0.02381 0.02381 0.09524 0.00000 0.04762 0.07143 0.07143 0.00000 0.04762 0.14286 0.09524 0.04762 0.00000 0.02381 0.04762 0.02381 0.00000 0.00000 0.04762
Q7U3T8                         0.19048 0.00000 0.02381 0.04762 0.00000 0.09524 0.09524 0.09524 0.02381 0.09524 0.09524 0.07143 0.02381 0.02381 0.02381 0.04762 0.02381 0.00000 0.00000 0.02381
Q5N3N7                         0.14286 0.02381 0.02381 0.04762 0.00000 0.04762 0.09524 0.09524 0.00000 0.09524 0.14286 0.04762 0.00000 0.00000 0.02381 0.09524 0.04762 0.00000 0.00000 0.07143
Q31QK5                         0.14286 0.02381 0.02381 0.04762 0.00000 0.04762 0.09524 0.09524 0.00000 0.09524 0.14286 0.04762 0.00000 0.00000 0.02381 0.09524 0.04762 0.00000 0.00000 0.07143
A8G2K9                         0.11905 0.02381 0.02381 0.02381 0.00000 0.02381 0.11905 0.07143 0.02381 0.07143 0.11905 0.09524 0.02381 0.02381 0.02381 0.14286 0.02381 0.00000 0.00000 0.04762
Q31CX9                         0.11905 0.02381 0.04762 0.00000 0.00000 0.02381 0.11905 0.07143 0.02381 0.07143 0.11905 0.09524 0.02381 0.02381 0.04762 0.11905 0.02381 0.00000 0.00000 0.04762
A3PAS0                         0.11905 0.02381 0.02381 0.02381 0.00000 0.02381 0.11905 0.07143 0.02381 0.07143 0.11905 0.09524 0.02381 0.02381 0.02381 0.14286 0.02381 0.00000 0.00000 0.04762
B7KIR6                         0.16667 0.02381 0.02381 0.04762 0.00000 0.07143 0.11905 0.04762 0.00000 0.07143 0.09524 0.07143 0.02381 0.00000 0.02381 0.09524 0.04762 0.00000 0.04762 0.02381
Q05VH4                         0.19048 0.00000 0.02381 0.02381 0.00000 0.07143 0.09524 0.09524 0.02381 0.07143 0.09524 0.07143 0.02381 0.02381 0.02381 0.07143 0.02381 0.00000 0.00000 0.07143
B8HVL3                         0.16667 0.02381 0.04762 0.07143 0.00000 0.07143 0.07143 0.09524 0.00000 0.07143 0.07143 0.07143 0.04762 0.00000 0.02381 0.07143 0.02381 0.00000 0.00000 0.07143
Q7V477                         0.14286 0.00000 0.02381 0.02381 0.00000 0.07143 0.09524 0.11905 0.02381 0.07143 0.14286 0.07143 0.02381 0.02381 0.02381 0.07143 0.04762 0.00000 0.00000 0.02381
A2CDE9                         0.14286 0.00000 0.02381 0.02381 0.00000 0.07143 0.09524 0.11905 0.02381 0.07143 0.14286 0.07143 0.02381 0.02381 0.02381 0.07143 0.04762 0.00000 0.00000 0.02381
A3IVE6                         0.21429 0.02381 0.04762 0.04762 0.00000 0.09524 0.09524 0.07143 0.00000 0.09524 0.07143 0.04762 0.04762 0.00000 0.02381 0.04762 0.02381 0.00000 0.00000 0.04762
B0CAD1                         0.14286 0.00000 0.02381 0.11905 0.00000 0.07143 0.04762 0.07143 0.02381 0.09524 0.07143 0.04762 0.02381 0.00000 0.04762 0.11905 0.02381 0.00000 0.00000 0.07143
Q061P9                         0.19048 0.02381 0.02381 0.04762 0.00000 0.07143 0.11905 0.09524 0.02381 0.09524 0.09524 0.04762 0.02381 0.02381 0.02381 0.04762 0.02381 0.00000 0.00000 0.02381
A0ZHA6                         0.19048 0.02381 0.02381 0.07143 0.00000 0.04762 0.09524 0.07143 0.00000 0.04762 0.14286 0.09524 0.04762 0.00000 0.02381 0.02381 0.04762 0.00000 0.00000 0.04762
Q4BZ07                         0.21429 0.00000 0.04762 0.02381 0.00000 0.09524 0.11905 0.07143 0.00000 0.09524 0.07143 0.07143 0.04762 0.00000 0.02381 0.04762 0.02381 0.00000 0.00000 0.04762
Q3AUJ7                         0.19048 0.02381 0.02381 0.04762 0.00000 0.07143 0.11905 0.09524 0.02381 0.09524 0.09524 0.04762 0.02381 0.02381 0.02381 0.04762 0.02381 0.00000 0.00000 0.02381
A2BNZ7                         0.11905 0.02381 0.02381 0.02381 0.00000 0.02381 0.11905 0.07143 0.02381 0.07143 0.11905 0.09524 0.02381 0.02381 0.02381 0.14286 0.02381 0.00000 0.00000 0.04762
B1X074                         0.21429 0.00000 0.04762 0.04762 0.00000 0.09524 0.09524 0.07143 0.00000 0.09524 0.07143 0.07143 0.04762 0.00000 0.02381 0.04762 0.02381 0.00000 0.00000 0.04762
Q0I6K9                         0.14286 0.00000 0.02381 0.04762 0.00000 0.07143 0.09524 0.09524 0.02381 0.09524 0.09524 0.07143 0.02381 0.02381 0.02381 0.07143 0.04762 0.00000 0.00000 0.04762
A3Z3D3                         0.16667 0.00000 0.02381 0.04762 0.00000 0.07143 0.09524 0.09524 0.02381 0.09524 0.09524 0.07143 0.02381 0.02381 0.02381 0.07143 0.02381 0.00000 0.00000 0.04762
Q3AGT1                         0.19048 0.00000 0.02381 0.04762 0.00000 0.09524 0.09524 0.09524 0.02381 0.09524 0.09524 0.07143 0.02381 0.02381 0.02381 0.04762 0.02381 0.00000 0.00000 0.02381
A4CY20                         0.19048 0.00000 0.02381 0.04762 0.00000 0.07143 0.09524 0.09524 0.02381 0.09524 0.09524 0.07143 0.02381 0.02381 0.02381 0.07143 0.02381 0.00000 0.00000 0.02381
A5GWK0                         0.14286 0.02381 0.04762 0.07143 0.00000 0.07143 0.07143 0.09524 0.02381 0.09524 0.09524 0.04762 0.02381 0.02381 0.02381 0.09524 0.02381 0.00000 0.00000 0.02381
A5GPD3                         0.19048 0.00000 0.02381 0.04762 0.00000 0.07143 0.09524 0.09524 0.02381 0.09524 0.09524 0.07143 0.02381 0.02381 0.02381 0.07143 0.02381 0.00000 0.00000 0.02381
A0YKF9                         0.11905 0.02381 0.02381 0.04762 0.00000 0.00000 0.14286 0.04762 0.00000 0.09524 0.07143 0.09524 0.04762 0.00000 0.04762 0.07143 0.07143 0.00000 0.00000 0.09524
B0JTA6                         0.21429 0.02381 0.02381 0.02381 0.00000 0.11905 0.09524 0.04762 0.00000 0.09524 0.14286 0.07143 0.00000 0.00000 0.02381 0.02381 0.04762 0.00000 0.00000 0.04762
A9BDG5                         0.16667 0.00000 0.04762 0.04762 0.00000 0.07143 0.07143 0.07143 0.02381 0.09524 0.11905 0.07143 0.02381 0.02381 0.02381 0.07143 0.04762 0.00000 0.00000 0.02381
C7QUQ1                         0.21429 0.00000 0.07143 0.04762 0.00000 0.09524 0.09524 0.04762 0.00000 0.09524 0.09524 0.07143 0.04762 0.00000 0.02381 0.04762 0.02381 0.00000 0.00000 0.02381
B7JWT6                         0.21429 0.00000 0.07143 0.04762 0.00000 0.09524 0.09524 0.04762 0.00000 0.09524 0.09524 0.07143 0.04762 0.00000 0.02381 0.04762 0.02381 0.00000 0.00000 0.02381
Q2JM49                         0.19048 0.00000 0.00000 0.02381 0.00000 0.04762 0.11905 0.04762 0.00000 0.07143 0.14286 0.09524 0.02381 0.00000 0.04762 0.07143 0.04762 0.00000 0.00000 0.07143
B1XJH0                         0.16667 0.00000 0.02381 0.07143 0.00000 0.09524 0.09524 0.09524 0.00000 0.07143 0.09524 0.04762 0.02381 0.00000 0.02381 0.04762 0.07143 0.00000 0.02381 0.04762
Q7VDY7                         0.19048 0.00000 0.04762 0.02381 0.00000 0.07143 0.09524 0.04762 0.02381 0.09524 0.11905 0.07143 0.02381 0.00000 0.02381 0.07143 0.07143 0.00000 0.02381 0.00000
Q7NK77                         0.14286 0.02381 0.00000 0.07143 0.00000 0.04762 0.02381 0.07143 0.00000 0.02381 0.21429 0.11905 0.00000 0.02381 0.07143 0.00000 0.07143 0.00000 0.00000 0.09524
B7MR71                         0.21429 0.07143 0.00000 0.04762 0.00000 0.02381 0.11905 0.02381 0.00000 0.07143 0.09524 0.04762 0.04762 0.02381 0.04762 0.04762 0.07143 0.00000 0.02381 0.02381
P0A7J3                         0.21429 0.07143 0.00000 0.04762 0.00000 0.02381 0.11905 0.02381 0.00000 0.07143 0.09524 0.04762 0.04762 0.02381 0.04762 0.04762 0.07143 0.00000 0.02381 0.02381
B7LUL7                         0.21429 0.07143 0.00000 0.04762 0.00000 0.02381 0.11905 0.02381 0.00000 0.07143 0.09524 0.04762 0.04762 0.02381 0.04762 0.04762 0.07143 0.00000 0.02381 0.02381
Q2JTQ3                         0.21429 0.00000 0.00000 0.04762 0.00000 0.04762 0.09524 0.04762 0.00000 0.04762 0.14286 0.09524 0.02381 0.00000 0.04762 0.07143 0.04762 0.00000 0.00000 0.07143
B5W8A7                         0.14286 0.04762 0.02381 0.04762 0.00000 0.00000 0.14286 0.04762 0.00000 0.11905 0.07143 0.07143 0.04762 0.00000 0.07143 0.07143 0.07143 0.00000 0.00000 0.02381

Homogeneity statistic: X2 = 17.13769 G = 16.60828 

Average                        0.16484 0.02198 0.03040 0.04505 0.00037 0.05311 0.09560 0.06703 0.00989 0.07399 0.11502 0.08242 0.03260 0.01099 0.03407 0.06667 0.03663 0.00440 0.00476 0.05018

# constant sites:      1 (2.38%)
ln Lmax (unconstrained) = -156.982124

AA distances (raw proportions of different sites)

A8EVZ6         
Q30TP9           0.3571
Q7MA58           0.5000  0.5952
D1AZC1           0.4524  0.4286  0.4048
Q4HE00           0.4286  0.4048  0.5000  0.3571
A8FKR1           0.4286  0.4048  0.5000  0.3571  0.0238
A6Q6I0           0.4762  0.5238  0.5000  0.4762  0.4286  0.4286
A7H4Q7           0.4524  0.4286  0.4762  0.3333  0.0476  0.0238  0.4048
B9KFG5           0.4762  0.4286  0.5714  0.3810  0.1190  0.0952  0.4048  0.1190
A6Q1M1           0.4048  0.4762  0.3333  0.3810  0.4524  0.4524  0.5238  0.4286  0.5000
Q4HS59           0.5000  0.4048  0.5238  0.4048  0.1190  0.0952  0.4762  0.1190  0.1429  0.5238
P56036           0.5238  0.5238  0.3333  0.5000  0.5476  0.5476  0.5714  0.5714  0.5238  0.3571  0.5714
B9L7J4           0.5238  0.5476  0.5238  0.5952  0.5476  0.5476  0.5476  0.5714  0.5952  0.5476  0.5952  0.5952
Q46HH1           0.7143  0.8095  0.7857  0.8095  0.7857  0.7619  0.7381  0.7381  0.7143  0.6905  0.8333  0.7143  0.7619
A2C032           0.7143  0.8095  0.7857  0.8095  0.7857  0.7619  0.7381  0.7381  0.7143  0.6905  0.8333  0.7143  0.7619  0.0238
Q119S8           0.6190  0.6429  0.7857  0.7619  0.6190  0.5952  0.7381  0.6190  0.6190  0.6905  0.6667  0.7619  0.6905  0.4762  0.4762
Q8DM26           0.6905  0.6667  0.7857  0.7857  0.6667  0.6429  0.7381  0.6667  0.7143  0.7143  0.7143  0.7381  0.6905  0.4762  0.4762  0.3333
A3YU99           0.7619  0.7619  0.7381  0.7857  0.7381  0.7143  0.6905  0.6905  0.7143  0.7381  0.7857  0.7619  0.8095  0.3571  0.3333  0.4286  0.4286
Q8YLJ6           0.6905  0.7381  0.7857  0.7381  0.6905  0.6667  0.7143  0.6905  0.6905  0.7381  0.7381  0.7143  0.7381  0.5238  0.5238  0.3333  0.2857  0.4048
Q7V383           0.6905  0.7619  0.7857  0.8095  0.7381  0.7143  0.7619  0.6905  0.6905  0.7619  0.7619  0.7857  0.7857  0.3571  0.3571  0.4762  0.4762  0.3810  0.5000
Q3MA17           0.6905  0.7381  0.7857  0.7381  0.6905  0.6667  0.7143  0.6905  0.6905  0.7381  0.7381  0.7143  0.7381  0.5238  0.5238  0.3333  0.2857  0.4048  0.0000  0.5000
P23350           0.6905  0.6905  0.7381  0.7381  0.6905  0.6905  0.7381  0.7143  0.7381  0.7143  0.7619  0.6429  0.7143  0.5000  0.5000  0.4286  0.3810  0.4048  0.2619  0.5714  0.2619
B2JA76           0.7619  0.7619  0.7619  0.7857  0.7143  0.6905  0.7857  0.7143  0.7143  0.7619  0.7381  0.7857  0.7857  0.5714  0.5714  0.3571  0.3810  0.4048  0.1429  0.5000  0.1429  0.3333
B4AY78           0.7143  0.6667  0.8095  0.7619  0.6667  0.6667  0.7381  0.6905  0.6429  0.7619  0.7381  0.7381  0.7143  0.5238  0.5238  0.3095  0.3810  0.5238  0.3333  0.5000  0.3333  0.3571  0.3571
A2BUH9           0.6905  0.7619  0.7857  0.8095  0.7381  0.7143  0.7619  0.6905  0.6905  0.7619  0.7619  0.7857  0.7857  0.3333  0.3333  0.4762  0.5000  0.3571  0.5238  0.0238  0.5238  0.5476  0.5238  0.5000
B9YNP5           0.7381  0.6667  0.8095  0.7619  0.6667  0.6429  0.7381  0.6667  0.6429  0.7857  0.6667  0.6905  0.7619  0.5952  0.5952  0.3571  0.2857  0.4286  0.0952  0.5238  0.0952  0.2857  0.1905  0.3571  0.5476
Q7U3T8           0.7619  0.7619  0.7857  0.8095  0.7381  0.7143  0.7381  0.6905  0.6667  0.7143  0.7857  0.7143  0.7857  0.2381  0.2381  0.4048  0.3810  0.1905  0.3810  0.3095  0.3810  0.3810  0.4286  0.4286  0.2857  0.4048
Q5N3N7           0.7381  0.7857  0.7857  0.8095  0.7619  0.7381  0.7857  0.7381  0.6905  0.7619  0.8095  0.7857  0.8095  0.4286  0.4286  0.3571  0.4286  0.3571  0.3810  0.3571  0.3810  0.4524  0.2857  0.4286  0.3571  0.4048  0.3095
Q31QK5           0.7381  0.7857  0.7857  0.8095  0.7619  0.7381  0.7857  0.7381  0.6905  0.7619  0.8095  0.7857  0.8095  0.4286  0.4286  0.3571  0.4286  0.3571  0.3810  0.3571  0.3810  0.4524  0.2857  0.4286  0.3571  0.4048  0.3095  0.0000
A8G2K9           0.7143  0.7857  0.8095  0.8333  0.7619  0.7381  0.7857  0.7143  0.7143  0.7381  0.7857  0.7619  0.7619  0.3333  0.3333  0.4524  0.4762  0.3571  0.5000  0.0476  0.5000  0.5476  0.5000  0.4762  0.0476  0.5238  0.2857  0.3333  0.3333
Q31CX9           0.7143  0.7857  0.8095  0.8333  0.7619  0.7381  0.7857  0.7143  0.7143  0.7381  0.7857  0.7619  0.7619  0.3333  0.3333  0.4524  0.4762  0.3571  0.5000  0.0714  0.5000  0.5476  0.5000  0.4762  0.0714  0.5238  0.2857  0.3333  0.3333  0.0476
A3PAS0           0.7143  0.7857  0.8095  0.8333  0.7619  0.7381  0.7857  0.7143  0.7143  0.7381  0.7857  0.7619  0.7619  0.3333  0.3333  0.4524  0.4762  0.3571  0.5000  0.0476  0.5000  0.5476  0.5000  0.4762  0.0476  0.5238  0.2857  0.3333  0.3333  0.0000  0.0476
B7KIR6           0.6905  0.7143  0.8333  0.7857  0.6905  0.6905  0.7857  0.7143  0.6667  0.7619  0.7619  0.7619  0.7381  0.4524  0.4524  0.2857  0.3571  0.5476  0.3810  0.5476  0.3810  0.4048  0.4048  0.1429  0.5476  0.4048  0.4524  0.4286  0.4286  0.5238  0.5238  0.5238
Q05VH4           0.7857  0.7619  0.7619  0.8095  0.7381  0.7143  0.7619  0.6905  0.7143  0.7143  0.7857  0.6905  0.7619  0.2857  0.2619  0.4762  0.3571  0.1905  0.4048  0.3095  0.4048  0.3810  0.4524  0.5000  0.2857  0.4048  0.1190  0.3095  0.3095  0.2857  0.2857  0.2857  0.5476
B8HVL3           0.6905  0.7381  0.7857  0.7857  0.7143  0.6905  0.7857  0.7143  0.6667  0.7857  0.7619  0.7619  0.7143  0.5000  0.5000  0.2857  0.3095  0.4762  0.2857  0.4286  0.2857  0.3571  0.3333  0.2857  0.4286  0.3095  0.3571  0.2619  0.2619  0.4048  0.4048  0.4048  0.2857  0.4048
Q7V477           0.8095  0.7857  0.8095  0.8333  0.7857  0.7619  0.7381  0.7381  0.7381  0.7381  0.8333  0.7381  0.7619  0.3095  0.2857  0.5238  0.4286  0.2619  0.4286  0.3571  0.4286  0.4048  0.4762  0.4524  0.3333  0.4048  0.1905  0.3810  0.3810  0.3333  0.3333  0.3333  0.5952  0.1190  0.4762
A2CDE9           0.8095  0.7857  0.8095  0.8333  0.7857  0.7619  0.7381  0.7381  0.7381  0.7381  0.8333  0.7381  0.7619  0.3095  0.2857  0.5238  0.4286  0.2619  0.4286  0.3571  0.4286  0.4048  0.4762  0.4524  0.3333  0.4048  0.1905  0.3810  0.3810  0.3333  0.3333  0.3333  0.5952  0.1190  0.4762  0.0000
A3IVE6           0.6667  0.7143  0.7857  0.7381  0.7381  0.7143  0.6905  0.7381  0.6905  0.7619  0.7619  0.7381  0.7619  0.5000  0.5000  0.2857  0.4286  0.4762  0.3810  0.5952  0.3810  0.4762  0.4524  0.4524  0.6190  0.4286  0.4524  0.4524  0.4524  0.5952  0.5952  0.5952  0.4048  0.5238  0.3810  0.5714  0.5714
B0CAD1           0.7619  0.7857  0.8571  0.8333  0.8095  0.7857  0.7381  0.7619  0.7381  0.8095  0.8095  0.8095  0.8571  0.4762  0.4524  0.4524  0.4048  0.3810  0.4762  0.5000  0.4762  0.5000  0.4762  0.5476  0.5000  0.4524  0.4524  0.4048  0.4048  0.5000  0.5000  0.5000  0.4286  0.4048  0.4524  0.4762  0.4762  0.5000
Q061P9           0.7143  0.7143  0.7381  0.7619  0.6905  0.6667  0.6905  0.6429  0.6190  0.7143  0.7381  0.7143  0.7857  0.2619  0.2619  0.4048  0.4286  0.2143  0.4286  0.2857  0.4286  0.4286  0.4762  0.4762  0.2619  0.4524  0.0476  0.3333  0.3333  0.3095  0.3095  0.3095  0.5000  0.1429  0.4048  0.2143  0.2143  0.4524  0.4524
A0ZHA6           0.7143  0.7143  0.8095  0.7381  0.6667  0.6429  0.7381  0.6667  0.6667  0.7619  0.7143  0.7381  0.7619  0.5476  0.5476  0.3095  0.2619  0.3810  0.0476  0.4762  0.0476  0.2857  0.1429  0.3095  0.5000  0.0714  0.3571  0.3571  0.3571  0.4762  0.4762  0.4762  0.3571  0.3810  0.2619  0.4048  0.4048  0.4048  0.4524  0.4048
Q4BZ07           0.6429  0.6905  0.7857  0.7143  0.7143  0.6905  0.6429  0.7143  0.6905  0.7619  0.7381  0.7381  0.7381  0.5238  0.5238  0.2857  0.4048  0.4762  0.3571  0.5714  0.3571  0.4524  0.4524  0.4524  0.5952  0.4048  0.4762  0.4762  0.4762  0.5714  0.5714  0.5714  0.4048  0.5238  0.3810  0.5714  0.5714  0.0476  0.4762  0.4762  0.3810
Q3AUJ7           0.7143  0.7143  0.7381  0.7619  0.6905  0.6667  0.6905  0.6429  0.6190  0.7143  0.7381  0.7143  0.7857  0.2619  0.2619  0.4048  0.4286  0.2143  0.4286  0.2857  0.4286  0.4286  0.4762  0.4762  0.2619  0.4524  0.0476  0.3333  0.3333  0.3095  0.3095  0.3095  0.5000  0.1429  0.4048  0.2143  0.2143  0.4524  0.4524  0.0000  0.4048  0.4762
A2BNZ7           0.7143  0.7857  0.8095  0.8333  0.7619  0.7381  0.7857  0.7143  0.7143  0.7381  0.7857  0.7619  0.7619  0.3333  0.3333  0.4524  0.4762  0.3571  0.5000  0.0476  0.5000  0.5476  0.5000  0.4762  0.0476  0.5238  0.2857  0.3333  0.3333  0.0000  0.0476  0.0000  0.5238  0.2857  0.4048  0.3333  0.3333  0.5952  0.5000  0.3095  0.4762  0.5714  0.3095
B1X074           0.6429  0.6905  0.7857  0.7143  0.7143  0.6905  0.6667  0.7143  0.6667  0.7619  0.7381  0.7381  0.7381  0.5000  0.5000  0.2619  0.4048  0.4762  0.3571  0.5714  0.3571  0.4524  0.4524  0.4286  0.5952  0.4048  0.4524  0.4524  0.4524  0.5714  0.5714  0.5714  0.3810  0.5238  0.3571  0.5714  0.5714  0.0238  0.5000  0.4524  0.3810  0.0238  0.4524  0.5714
Q0I6K9           0.7857  0.7857  0.8095  0.8095  0.7619  0.7381  0.7381  0.7143  0.7143  0.7143  0.8095  0.7381  0.8095  0.2619  0.2381  0.4524  0.3571  0.1429  0.4048  0.3571  0.4048  0.4048  0.4524  0.5476  0.3333  0.4286  0.1429  0.3333  0.3333  0.3333  0.3333  0.3333  0.5238  0.1190  0.4286  0.1905  0.1905  0.5238  0.3571  0.1667  0.3810  0.5476  0.1667  0.3333  0.5238
A3Z3D3           0.7857  0.7857  0.7857  0.8095  0.7619  0.7381  0.7619  0.7143  0.6905  0.7143  0.8095  0.7143  0.7857  0.2619  0.2381  0.4286  0.3810  0.1667  0.3810  0.3095  0.3810  0.3810  0.4286  0.4762  0.2857  0.4048  0.0714  0.2619  0.2619  0.2857  0.2857  0.2857  0.5000  0.0476  0.3571  0.1190  0.1190  0.4762  0.3810  0.0952  0.3571  0.5000  0.0952  0.2857  0.4762  0.0714
Q3AGT1           0.7619  0.7619  0.7857  0.8095  0.7381  0.7143  0.7381  0.6905  0.6667  0.7143  0.7857  0.7143  0.7857  0.2381  0.2381  0.4048  0.3810  0.1905  0.3810  0.3095  0.3810  0.3810  0.4286  0.4286  0.2857  0.4048  0.0000  0.3095  0.3095  0.2857  0.2857  0.2857  0.4524  0.1190  0.3571  0.1905  0.1905  0.4524  0.4524  0.0476  0.3571  0.4762  0.0476  0.2857  0.4524  0.1429  0.0714
A4CY20           0.7857  0.7857  0.7857  0.8095  0.7619  0.7381  0.7619  0.7143  0.6905  0.7143  0.8095  0.7143  0.7857  0.2381  0.2143  0.4286  0.3810  0.1905  0.3810  0.3333  0.3810  0.3810  0.4286  0.4762  0.3095  0.4048  0.0714  0.2857  0.2857  0.3095  0.3095  0.3095  0.5000  0.0714  0.3571  0.1429  0.1429  0.4762  0.4048  0.0952  0.3571  0.5000  0.0952  0.3095  0.4762  0.0952  0.0238  0.0714
A5GWK0           0.7857  0.7857  0.7857  0.8095  0.7619  0.7381  0.7381  0.7143  0.7381  0.7143  0.8095  0.7143  0.8095  0.4048  0.3810  0.4048  0.3810  0.1905  0.3095  0.3810  0.3095  0.3333  0.3571  0.5000  0.3571  0.2857  0.2143  0.3571  0.3571  0.3571  0.3571  0.3571  0.5238  0.1905  0.3810  0.2143  0.2143  0.5000  0.3810  0.2381  0.2857  0.5000  0.2381  0.3571  0.5000  0.1905  0.1667  0.2143  0.1667
A5GPD3           0.7857  0.7857  0.7857  0.8095  0.7619  0.7381  0.7619  0.7143  0.6905  0.7143  0.8095  0.7143  0.7857  0.2381  0.2143  0.4286  0.3810  0.1905  0.3810  0.3333  0.3810  0.3810  0.4286  0.4762  0.3095  0.4048  0.0714  0.2857  0.2857  0.3095  0.3095  0.3095  0.5000  0.0714  0.3571  0.1429  0.1429  0.4762  0.4048  0.0952  0.3571  0.5000  0.0952  0.3095  0.4762  0.0952  0.0238  0.0714  0.0000  0.1667
A0YKF9           0.6905  0.6905  0.8333  0.8095  0.6667  0.6429  0.7143  0.6667  0.5952  0.7619  0.7381  0.7143  0.7143  0.4762  0.4762  0.3571  0.4524  0.5000  0.4048  0.4762  0.4048  0.4762  0.4524  0.4048  0.4762  0.4048  0.4762  0.4048  0.4048  0.4524  0.4524  0.4524  0.3810  0.5238  0.3333  0.5000  0.5000  0.4286  0.5000  0.4762  0.3810  0.4286  0.4762  0.4524  0.4048  0.4762  0.4762  0.4762  0.4762  0.4524  0.4762
B0JTA6           0.7143  0.7381  0.7857  0.7857  0.7381  0.7143  0.7143  0.7143  0.7143  0.7619  0.7619  0.7857  0.8095  0.5476  0.5476  0.3333  0.4286  0.4048  0.3571  0.5476  0.3571  0.4286  0.3095  0.4286  0.5714  0.3571  0.3810  0.3333  0.3333  0.5476  0.5476  0.5476  0.4286  0.4524  0.4048  0.5000  0.5000  0.2857  0.5000  0.4286  0.3333  0.2619  0.4286  0.5476  0.2857  0.4762  0.4286  0.3810  0.4286  0.4286  0.4286  0.5238
A9BDG5           0.7857  0.7857  0.8333  0.8571  0.7857  0.7619  0.7143  0.7381  0.7381  0.7619  0.8333  0.7619  0.8095  0.2143  0.1905  0.4286  0.4524  0.2143  0.4762  0.3333  0.4762  0.4762  0.5238  0.4762  0.3095  0.5000  0.1905  0.4048  0.4048  0.3095  0.3095  0.3095  0.5238  0.1905  0.5000  0.1667  0.1667  0.4762  0.4524  0.2143  0.4524  0.5000  0.2143  0.3095  0.4762  0.1667  0.1667  0.1905  0.1905  0.2857  0.1905  0.4524  0.4762
C7QUQ1           0.6667  0.6667  0.8333  0.7857  0.6667  0.6429  0.7143  0.6667  0.6429  0.7619  0.6905  0.7381  0.7857  0.4524  0.4524  0.2619  0.2857  0.4762  0.3571  0.4762  0.3571  0.4524  0.4524  0.3571  0.5000  0.3571  0.4048  0.4524  0.4524  0.4762  0.4762  0.4762  0.3571  0.4524  0.3095  0.4762  0.4762  0.1667  0.4762  0.4048  0.3333  0.1667  0.4048  0.4762  0.1429  0.4762  0.4286  0.4048  0.4286  0.4524  0.4286  0.3571  0.3333  0.3810
B7JWT6           0.6667  0.6667  0.8333  0.7857  0.6667  0.6429  0.7143  0.6667  0.6429  0.7619  0.6905  0.7381  0.7857  0.4524  0.4524  0.2619  0.2857  0.4762  0.3571  0.4762  0.3571  0.4524  0.4524  0.3571  0.5000  0.3571  0.4048  0.4524  0.4524  0.4762  0.4762  0.4762  0.3571  0.4524  0.3095  0.4762  0.4762  0.1667  0.4762  0.4048  0.3333  0.1667  0.4048  0.4762  0.1429  0.4762  0.4286  0.4048  0.4286  0.4524  0.4286  0.3571  0.3333  0.3810  0.0000
Q2JM49           0.7143  0.7381  0.8571  0.8333  0.7381  0.7143  0.7143  0.7143  0.7381  0.7857  0.7857  0.7857  0.7381  0.5714  0.5714  0.4048  0.4286  0.4524  0.5000  0.5238  0.5000  0.4762  0.5714  0.4524  0.5238  0.4762  0.5000  0.5238  0.5238  0.5000  0.5000  0.5000  0.5000  0.5000  0.4524  0.4762  0.4762  0.4762  0.5476  0.5238  0.4762  0.4286  0.5238  0.5000  0.4524  0.4762  0.5000  0.5000  0.5238  0.4524  0.5238  0.5000  0.4286  0.4286  0.3810  0.3810
B1XJH0           0.7381  0.7619  0.7619  0.7381  0.7619  0.7619  0.6905  0.7381  0.7381  0.7381  0.8333  0.8095  0.6667  0.5238  0.5238  0.4762  0.3810  0.5714  0.3810  0.6190  0.3810  0.4286  0.4524  0.2857  0.6190  0.4524  0.4762  0.4286  0.4286  0.5952  0.5952  0.5952  0.2619  0.5238  0.3095  0.5476  0.5476  0.4762  0.4524  0.5238  0.4048  0.4762  0.5238  0.5952  0.4524  0.5000  0.4762  0.4762  0.4762  0.5238  0.4762  0.4524  0.4762  0.5952  0.4762  0.4762  0.5952
Q7VDY7           0.7619  0.7857  0.8095  0.8333  0.7619  0.7381  0.7857  0.7143  0.7143  0.7619  0.8095  0.8095  0.8095  0.1667  0.1905  0.4524  0.4524  0.3095  0.5000  0.3571  0.5000  0.4762  0.5476  0.4762  0.3333  0.5238  0.2381  0.4286  0.4286  0.3333  0.3571  0.3333  0.4286  0.2857  0.4762  0.3095  0.3095  0.4762  0.5000  0.2619  0.4762  0.5000  0.2619  0.3333  0.4762  0.2619  0.2619  0.2381  0.2381  0.3810  0.2381  0.4762  0.4524  0.2143  0.3810  0.3810  0.4762  0.5476
Q7NK77           0.6905  0.6190  0.7857  0.7619  0.7381  0.7143  0.7857  0.7143  0.6667  0.7381  0.7381  0.7143  0.7619  0.5952  0.5952  0.5000  0.5952  0.5714  0.5952  0.6190  0.5952  0.6190  0.5714  0.5238  0.6190  0.5714  0.5476  0.4762  0.4762  0.5952  0.5952  0.5952  0.5952  0.5714  0.5952  0.5476  0.5476  0.5714  0.5952  0.5714  0.5714  0.5952  0.5714  0.5952  0.5714  0.5714  0.5476  0.5476  0.5714  0.6190  0.5714  0.6190  0.4762  0.5238  0.5238  0.5238  0.4762  0.6667  0.5238
B7MR71           0.6905  0.6667  0.7619  0.6905  0.7381  0.7381  0.6905  0.7143  0.7619  0.6667  0.7857  0.7619  0.6905  0.7857  0.7857  0.7143  0.7619  0.7381  0.7619  0.7381  0.7619  0.8333  0.7143  0.7381  0.7381  0.7619  0.7619  0.7619  0.7619  0.7381  0.7381  0.7381  0.7381  0.7857  0.7857  0.7619  0.7619  0.7857  0.7857  0.7381  0.7381  0.7857  0.7381  0.7381  0.7857  0.7619  0.7857  0.7619  0.7857  0.7619  0.7857  0.7619  0.7381  0.7143  0.7857  0.7857  0.7381  0.7381  0.7857  0.7381
P0A7J3           0.6905  0.6667  0.7619  0.6905  0.7381  0.7381  0.6905  0.7143  0.7619  0.6667  0.7857  0.7619  0.6905  0.7857  0.7857  0.7143  0.7619  0.7381  0.7619  0.7381  0.7619  0.8333  0.7143  0.7381  0.7381  0.7619  0.7619  0.7619  0.7619  0.7381  0.7381  0.7381  0.7381  0.7857  0.7857  0.7619  0.7619  0.7857  0.7857  0.7381  0.7381  0.7857  0.7381  0.7381  0.7857  0.7619  0.7857  0.7619  0.7857  0.7619  0.7857  0.7619  0.7381  0.7143  0.7857  0.7857  0.7381  0.7381  0.7857  0.7381  0.0000
B7LUL7           0.6905  0.6667  0.7619  0.6905  0.7381  0.7381  0.6905  0.7143  0.7619  0.6667  0.7857  0.7619  0.6905  0.7857  0.7857  0.7143  0.7619  0.7381  0.7619  0.7381  0.7619  0.8333  0.7143  0.7381  0.7381  0.7619  0.7619  0.7619  0.7619  0.7381  0.7381  0.7381  0.7381  0.7857  0.7857  0.7619  0.7619  0.7857  0.7857  0.7381  0.7381  0.7857  0.7381  0.7381  0.7857  0.7619  0.7857  0.7619  0.7857  0.7619  0.7857  0.7619  0.7381  0.7143  0.7857  0.7857  0.7381  0.7381  0.7857  0.7381  0.0000  0.0000
Q2JTQ3           0.7381  0.7381  0.8571  0.8333  0.7619  0.7381  0.7619  0.7381  0.7381  0.7857  0.8095  0.7857  0.7619  0.5476  0.5476  0.3810  0.4286  0.4524  0.5000  0.5238  0.5000  0.4762  0.5714  0.4286  0.5238  0.4762  0.4762  0.5000  0.5000  0.5000  0.5000  0.5000  0.4762  0.5000  0.4286  0.4762  0.4762  0.4524  0.5714  0.5000  0.4762  0.4524  0.5000  0.5000  0.4286  0.4524  0.4762  0.4762  0.5000  0.4524  0.5000  0.4762  0.4524  0.4048  0.3571  0.3571  0.0476  0.5714  0.4524  0.4524  0.7381  0.7381  0.7381
B5W8A7           0.7381  0.7143  0.8333  0.7857  0.7381  0.7143  0.7143  0.6905  0.6667  0.7619  0.7857  0.7857  0.7381  0.4048  0.4048  0.3810  0.4524  0.4762  0.4524  0.4286  0.4524  0.5476  0.5000  0.4286  0.4286  0.4762  0.4048  0.3571  0.3571  0.4048  0.4048  0.4048  0.4048  0.4524  0.3571  0.4524  0.4524  0.4524  0.4524  0.4048  0.4286  0.4524  0.4048  0.4048  0.4286  0.4048  0.4048  0.4048  0.4048  0.4762  0.4048  0.1429  0.5238  0.3810  0.3810  0.3810  0.5238  0.4286  0.4048  0.5952  0.7143  0.7143  0.7143  0.5000


TREE #  1:  (61, (62, 63), ((13, (7, (1, (2, ((4, (9, (11, (5, (8, 6))))), (10, (3, 12))))))), (58, ((22, (24, 33)), ((35, (((23, (41, (26, (19, 21)))), (53, (16, (60, (57, 64))))), (39, 17))), (((52, 65), ((55, 56), (42, (38, 45)))), ((28, 29), (((31, (32, 30)), (44, (20, 25))), ((54, (59, (14, 15))), ((36, 37), (46, ((49, 51), ((34, 47), ((27, (48, (40, 43))), (18, 50)))))))))))))));   MP score: 396
lnL(ntime: 63  np: 64):  -2092.544985      +0.000000
  66..61   66..67   67..62   67..63   66..68   68..69   69..13   69..70   70..7    70..71   71..1    71..72   72..2    72..73   73..74   74..4    74..75   75..9    75..76   76..11   76..77   77..5    77..78   78..8    78..6    73..79   79..10   79..80   80..3    80..12   68..81   81..58   81..82   82..83   83..22   83..84   84..24   84..33   82..85   85..86   86..35   86..87   87..88   88..89   89..23   89..90   90..41   90..91   91..26   91..92   92..19   92..21   88..93   93..53   93..94   94..16   94..95   95..60   95..96   96..57   96..64   87..97   97..39   97..17   85..98   98..99   99..100 100..52  100..65   99..101 101..102 102..55  102..56  101..103 103..42  103..104 104..38  104..45   98..105 105..106 106..28  106..29  105..107 107..108 108..109 109..31  109..110 110..32  110..30  108..111 111..44  111..112 112..20  112..25  107..113 113..114 114..54  114..115 115..59  115..116 116..14  116..15  113..117 117..118 118..36  118..37  117..119 119..46  119..120 120..121 121..49  121..51  120..122 122..123 123..34  123..47  122..124 124..125 125..27  125..126 126..48  126..127 127..40  127..43  124..128 128..18  128..50 
 0.926983 0.000001 0.771145 0.507761 0.459536 0.355965 0.355965 0.336293 0.248572 0.064421 0.053057 0.018327 0.018327 0.211530 0.140992 0.387340 0.369940 0.268721 0.086158 0.348224 0.348224 0.339299 0.316794 0.089491 0.049181 0.049181 0.000000 0.287861 0.287861 0.207212 0.026634 0.271344 0.348224 0.258974 0.073491 0.092401 0.000000 0.013125 0.013125 0.249044 0.000000 0.192231 0.025639 0.025639 0.000000 0.025639 0.006985 0.125391 0.087446 0.059071 0.008510 0.123260 0.000000 0.084466 0.084466 0.000000 0.084466 0.048027 0.084466 0.015226 0.015226 0.000000 0.057051 3.654371

tree length =  12.25790

(61: 0.926983, (62: 0.000001, 63: 0.000001): 0.926982, ((13: 0.507761, (7: 0.459536, (1: 0.355965, (2: 0.355965, ((4: 0.248572, (9: 0.064421, (11: 0.053057, (5: 0.018327, (8: 0.018327, 6: 0.018327): 0.000000): 0.034730): 0.011364): 0.184151): 0.087721, (10: 0.211530, (3: 0.140992, 12: 0.140992): 0.070538): 0.124763): 0.019672): 0.000000): 0.103570): 0.048225): 0.263384, (58: 0.387340, ((22: 0.268721, (24: 0.086158, 33: 0.086158): 0.182563): 0.101220, ((35: 0.348224, (((23: 0.089491, (41: 0.049181, (26: 0.049181, (19: 0.000000, 21: 0.000000): 0.049181): 0.000000): 0.040310): 0.227303, (53: 0.287861, (16: 0.287861, (60: 0.207212, (57: 0.026634, 64: 0.026634): 0.180579): 0.080649): 0.000000): 0.028932): 0.022505, (39: 0.271344, 17: 0.271344): 0.067955): 0.008924): 0.000000, (((52: 0.073491, 65: 0.073491): 0.185482, ((55: 0.000000, 56: 0.000000): 0.092401, (42: 0.013125, (38: 0.013125, 45: 0.013125): 0.000000): 0.079276): 0.166573): 0.089250, ((28: 0.000000, 29: 0.000000): 0.249043, (((31: 0.025639, (32: 0.000000, 30: 0.000000): 0.025639): 0.000000, (44: 0.025639, (20: 0.006985, 25: 0.006985): 0.018655): 0.000000): 0.166592, ((54: 0.087446, (59: 0.059071, (14: 0.008510, 15: 0.008510): 0.050561): 0.028375): 0.037945, ((36: 0.000000, 37: 0.000000): 0.123260, (46: 0.084466, ((49: 0.000000, 51: 0.000000): 0.084466, ((34: 0.048027, 47: 0.048027): 0.036439, ((27: 0.015226, (48: 0.015226, (40: 0.000000, 43: 0.000000): 0.015226): 0.000000): 0.069241, (18: 0.057051, 50: 0.057051): 0.027415): 0.000000): 0.000000): 0.000000): 0.038794): 0.002131): 0.066840): 0.056813): 0.099180): 0.000000): 0.021716): 0.017399): 0.383805): 0.155838);

(B7MR71: 0.926983, (P0A7J3: 0.000001, B7LUL7: 0.000001): 0.926982, ((B9L7J4: 0.507761, (A6Q6I0: 0.459536, (A8EVZ6: 0.355965, (Q30TP9: 0.355965, ((D1AZC1: 0.248572, (B9KFG5: 0.064421, (Q4HS59: 0.053057, (Q4HE00: 0.018327, (A7H4Q7: 0.018327, A8FKR1: 0.018327): 0.000000): 0.034730): 0.011364): 0.184151): 0.087721, (A6Q1M1: 0.211530, (Q7MA58: 0.140992, P56036: 0.140992): 0.070538): 0.124763): 0.019672): 0.000000): 0.103570): 0.048225): 0.263384, (B1XJH0: 0.387340, ((P23350: 0.268721, (B4AY78: 0.086158, B7KIR6: 0.086158): 0.182563): 0.101220, ((B8HVL3: 0.348224, (((B2JA76: 0.089491, (A0ZHA6: 0.049181, (B9YNP5: 0.049181, (Q8YLJ6: 0.000000, Q3MA17: 0.000000): 0.049181): 0.000000): 0.040310): 0.227303, (B0JTA6: 0.287861, (Q119S8: 0.287861, (Q7NK77: 0.207212, (Q2JM49: 0.026634, Q2JTQ3: 0.026634): 0.180579): 0.080649): 0.000000): 0.028932): 0.022505, (B0CAD1: 0.271344, Q8DM26: 0.271344): 0.067955): 0.008924): 0.000000, (((A0YKF9: 0.073491, B5W8A7: 0.073491): 0.185482, ((C7QUQ1: 0.000000, B7JWT6: 0.000000): 0.092401, (Q4BZ07: 0.013125, (A3IVE6: 0.013125, B1X074: 0.013125): 0.000000): 0.079276): 0.166573): 0.089250, ((Q5N3N7: 0.000000, Q31QK5: 0.000000): 0.249043, (((Q31CX9: 0.025639, (A3PAS0: 0.000000, A8G2K9: 0.000000): 0.025639): 0.000000, (A2BNZ7: 0.025639, (Q7V383: 0.006985, A2BUH9: 0.006985): 0.018655): 0.000000): 0.166592, ((A9BDG5: 0.087446, (Q7VDY7: 0.059071, (Q46HH1: 0.008510, A2C032: 0.008510): 0.050561): 0.028375): 0.037945, ((Q7V477: 0.000000, A2CDE9: 0.000000): 0.123260, (Q0I6K9: 0.084466, ((A4CY20: 0.000000, A5GPD3: 0.000000): 0.084466, ((Q05VH4: 0.048027, A3Z3D3: 0.048027): 0.036439, ((Q7U3T8: 0.015226, (Q3AGT1: 0.015226, (Q061P9: 0.000000, Q3AUJ7: 0.000000): 0.015226): 0.000000): 0.069241, (A3YU99: 0.057051, A5GWK0: 0.057051): 0.027415): 0.000000): 0.000000): 0.000000): 0.038794): 0.002131): 0.066840): 0.056813): 0.099180): 0.000000): 0.021716): 0.017399): 0.383805): 0.155838);

(61_B7MR71, (62_P0A7J3, 63_B7LUL7) 67 , ((13_B9L7J4, (7_A6Q6I0, (1_A8EVZ6, (2_Q30TP9, ((4_D1AZC1, (9_B9KFG5, (11_Q4HS59, (5_Q4HE00, (8_A7H4Q7, 6_A8FKR1) 78 ) 77 ) 76 ) 75 ) 74 , (10_A6Q1M1, (3_Q7MA58, 12_P56036) 80 ) 79 ) 73 ) 72 ) 71 ) 70 ) 69 , (58_B1XJH0, ((22_P23350, (24_B4AY78, 33_B7KIR6) 84 ) 83 , ((35_B8HVL3, (((23_B2JA76, (41_A0ZHA6, (26_B9YNP5, (19_Q8YLJ6, 21_Q3MA17) 92 ) 91 ) 90 ) 89 , (53_B0JTA6, (16_Q119S8, (60_Q7NK77, (57_Q2JM49, 64_Q2JTQ3) 96 ) 95 ) 94 ) 93 ) 88 , (39_B0CAD1, 17_Q8DM26) 97 ) 87 ) 86 , (((52_A0YKF9, 65_B5W8A7) 100 , ((55_C7QUQ1, 56_B7JWT6) 102 , (42_Q4BZ07, (38_A3IVE6, 45_B1X074) 104 ) 103 ) 101 ) 99 , ((28_Q5N3N7, 29_Q31QK5) 106 , (((31_Q31CX9, (32_A3PAS0, 30_A8G2K9) 110 ) 109 , (44_A2BNZ7, (20_Q7V383, 25_A2BUH9) 112 ) 111 ) 108 , ((54_A9BDG5, (59_Q7VDY7, (14_Q46HH1, 15_A2C032) 116 ) 115 ) 114 , ((36_Q7V477, 37_A2CDE9) 118 , (46_Q0I6K9, ((49_A4CY20, 51_A5GPD3) 121 , ((34_Q05VH4, 47_A3Z3D3) 123 , ((27_Q7U3T8, (48_Q3AGT1, (40_Q061P9, 43_Q3AUJ7) 127 ) 126 ) 125 , (18_A3YU99, 50_A5GWK0) 128 ) 124 ) 122 ) 120 ) 119 ) 117 ) 113 ) 107 ) 105 ) 98 ) 85 ) 82 ) 81 ) 68 ) 66 ;

Detailed output identifying parameters

alpha (gamma, K = 5) =  3.65437
rate:   0.39635  0.67448  0.91233  1.20259  1.81425
freq:   0.20000  0.20000  0.20000  0.20000  0.20000

Time used:  1:55
