AAML (in paml version 4.6, August 2012)  168.aa
Model: Empirical for branches,  (../../../bin/LG.dat) dGamma (ncatG=4) ns =  65  ls = 114


Frequencies..
                                    A      R      N      D      C      Q      E      G      H      I      L      K      M      F      P      S      T      W      Y      V
A8EV69                         0.10526 0.00000 0.05263 0.06140 0.00000 0.00000 0.08772 0.07018 0.01754 0.08772 0.07018 0.08772 0.00000 0.02632 0.02632 0.08772 0.05263 0.00877 0.00000 0.15789
D1AZT6                         0.12281 0.00000 0.03509 0.05263 0.00000 0.01754 0.09649 0.08772 0.02632 0.10526 0.08772 0.07895 0.00877 0.01754 0.02632 0.07895 0.04386 0.00877 0.00000 0.10526
A6QB58                         0.11404 0.00000 0.01754 0.07895 0.00877 0.01754 0.11404 0.07018 0.00877 0.07895 0.07895 0.08772 0.00877 0.01754 0.02632 0.06140 0.05263 0.00000 0.00877 0.14912
Q7MSF4                         0.14035 0.01754 0.04386 0.04386 0.00000 0.01754 0.08772 0.09649 0.00877 0.07018 0.10526 0.02632 0.00877 0.02632 0.02632 0.10526 0.04386 0.00877 0.00000 0.12281
A6Q4B9                         0.10526 0.00877 0.02632 0.01754 0.00000 0.01754 0.15789 0.07895 0.01754 0.07895 0.10526 0.08772 0.00000 0.02632 0.05263 0.07018 0.04386 0.00877 0.00000 0.09649
Q30QQ2                         0.11404 0.01754 0.03509 0.03509 0.00000 0.00000 0.14912 0.07895 0.00877 0.09649 0.12281 0.05263 0.00000 0.00877 0.02632 0.07018 0.04386 0.00877 0.00877 0.12281
Q4HE25                         0.11404 0.00000 0.01754 0.05263 0.00000 0.00877 0.10526 0.08772 0.02632 0.08772 0.08772 0.08772 0.01754 0.02632 0.01754 0.12281 0.03509 0.00877 0.00877 0.08772
B9KES4                         0.10526 0.01754 0.01754 0.06140 0.00000 0.00877 0.07895 0.09649 0.02632 0.09649 0.10526 0.07895 0.02632 0.01754 0.01754 0.12281 0.02632 0.00877 0.00877 0.07895
A7H1I2                         0.12281 0.00877 0.01754 0.07018 0.01754 0.01754 0.08772 0.08772 0.02632 0.07895 0.10526 0.07895 0.01754 0.01754 0.01754 0.08772 0.02632 0.00877 0.00877 0.09649
A8FJR3                         0.12281 0.00000 0.02632 0.07018 0.01754 0.01754 0.08772 0.08772 0.02632 0.07895 0.09649 0.08772 0.00877 0.02632 0.01754 0.07895 0.03509 0.00877 0.00877 0.09649
Q4HQX7                         0.11404 0.00877 0.03509 0.06140 0.01754 0.01754 0.08772 0.08772 0.01754 0.05263 0.10526 0.07895 0.01754 0.01754 0.01754 0.09649 0.02632 0.00877 0.01754 0.11404
B9L7Y8                         0.11404 0.01754 0.01754 0.05263 0.00000 0.01754 0.12281 0.09649 0.01754 0.10526 0.07018 0.07018 0.01754 0.01754 0.05263 0.03509 0.04386 0.00000 0.02632 0.10526
P56084                         0.08772 0.02632 0.03509 0.06140 0.00000 0.00877 0.11404 0.07895 0.01754 0.08772 0.09649 0.07018 0.00877 0.01754 0.01754 0.07895 0.02632 0.00877 0.02632 0.13158
Q05TX0                         0.13158 0.06140 0.02632 0.07018 0.00000 0.04386 0.07895 0.07895 0.00877 0.02632 0.13158 0.01754 0.00877 0.01754 0.02632 0.09649 0.05263 0.00877 0.00877 0.10526
A5GV56                         0.13158 0.04386 0.02632 0.07895 0.00877 0.07895 0.07018 0.07895 0.00877 0.01754 0.12281 0.02632 0.01754 0.03509 0.03509 0.05263 0.05263 0.01754 0.00000 0.09649
A3Z6C2                         0.14912 0.07895 0.02632 0.07018 0.00000 0.05263 0.07895 0.07018 0.00877 0.02632 0.13158 0.00000 0.01754 0.01754 0.02632 0.06140 0.06140 0.00877 0.00000 0.11404
A2C4I5                         0.09649 0.01754 0.06140 0.06140 0.00000 0.04386 0.07895 0.07018 0.00877 0.04386 0.12281 0.07018 0.01754 0.03509 0.02632 0.07018 0.07018 0.01754 0.00000 0.08772
Q46J67                         0.09649 0.01754 0.06140 0.06140 0.00000 0.03509 0.07895 0.07018 0.00877 0.04386 0.12281 0.07895 0.01754 0.03509 0.02632 0.07018 0.07018 0.01754 0.00000 0.08772
A5GNB2                         0.14035 0.06140 0.01754 0.09649 0.00000 0.04386 0.05263 0.07018 0.00877 0.02632 0.13158 0.01754 0.01754 0.01754 0.02632 0.11404 0.03509 0.00877 0.00000 0.11404
B7N2H0                         0.10526 0.04386 0.00877 0.03509 0.00000 0.06140 0.10526 0.08772 0.04386 0.09649 0.08772 0.04386 0.02632 0.01754 0.03509 0.06140 0.03509 0.00000 0.02632 0.07895
P0A6E6                         0.10526 0.04386 0.00877 0.03509 0.00000 0.06140 0.10526 0.08772 0.04386 0.09649 0.08772 0.04386 0.02632 0.01754 0.03509 0.06140 0.03509 0.00000 0.02632 0.07895
B7LK76                         0.10526 0.04386 0.00877 0.03509 0.00000 0.06140 0.10526 0.08772 0.04386 0.09649 0.08772 0.04386 0.02632 0.01754 0.03509 0.06140 0.03509 0.00000 0.02632 0.07895
B7KGV3                         0.12281 0.06140 0.04386 0.05263 0.00000 0.06140 0.08772 0.07895 0.00877 0.07895 0.07895 0.05263 0.00877 0.01754 0.03509 0.04386 0.05263 0.03509 0.00000 0.07895
A3PES7                         0.10526 0.02632 0.06140 0.02632 0.00000 0.04386 0.10526 0.07018 0.00877 0.11404 0.09649 0.07018 0.00877 0.01754 0.02632 0.07895 0.02632 0.00877 0.00877 0.09649
A4CR79                         0.14035 0.06140 0.01754 0.08772 0.00000 0.04386 0.06140 0.07018 0.00877 0.02632 0.12281 0.01754 0.02632 0.01754 0.02632 0.10526 0.04386 0.00877 0.00000 0.11404
Q7TU42                         0.10526 0.02632 0.06140 0.03509 0.00000 0.03509 0.09649 0.07018 0.00877 0.11404 0.08772 0.06140 0.01754 0.01754 0.03509 0.09649 0.02632 0.00877 0.00877 0.08772
B4B7Z2                         0.14035 0.06140 0.04386 0.05263 0.00000 0.06140 0.07895 0.06140 0.00877 0.07018 0.07895 0.04386 0.00877 0.00877 0.03509 0.04386 0.06140 0.03509 0.00877 0.09649
Q318V3                         0.09649 0.02632 0.05263 0.04386 0.00000 0.06140 0.09649 0.07018 0.00877 0.09649 0.10526 0.05263 0.02632 0.01754 0.03509 0.06140 0.03509 0.00877 0.00877 0.09649
B1XI04                         0.11404 0.07018 0.03509 0.06140 0.00000 0.03509 0.09649 0.05263 0.00877 0.06140 0.09649 0.06140 0.00877 0.01754 0.02632 0.07018 0.06140 0.00877 0.00877 0.10526
Q7TUS2                         0.13158 0.05263 0.04386 0.05263 0.00000 0.04386 0.07895 0.07895 0.00877 0.05263 0.10526 0.02632 0.02632 0.02632 0.02632 0.05263 0.07895 0.00877 0.00000 0.10526
Q7VA75                         0.11404 0.03509 0.03509 0.07018 0.00000 0.01754 0.08772 0.06140 0.00877 0.05263 0.13158 0.07018 0.01754 0.02632 0.02632 0.07895 0.06140 0.00877 0.00000 0.09649
A8G6T9                         0.10526 0.02632 0.06140 0.02632 0.00000 0.05263 0.09649 0.07018 0.00877 0.10526 0.10526 0.07018 0.01754 0.01754 0.02632 0.07895 0.02632 0.00877 0.00877 0.08772
A2BYG4                         0.10526 0.02632 0.06140 0.02632 0.00000 0.03509 0.10526 0.07018 0.00877 0.10526 0.08772 0.05263 0.01754 0.02632 0.03509 0.09649 0.04386 0.00877 0.00877 0.07895
A2BT13                         0.10526 0.02632 0.06140 0.02632 0.00000 0.04386 0.10526 0.07018 0.00877 0.11404 0.10526 0.07018 0.01754 0.01754 0.02632 0.07895 0.02632 0.00877 0.00877 0.07895
Q0I7U0                         0.12281 0.06140 0.02632 0.07018 0.00000 0.05263 0.05263 0.07018 0.00877 0.02632 0.13158 0.00877 0.00877 0.02632 0.02632 0.10526 0.07018 0.00877 0.00000 0.12281
A2C6Z3                         0.12281 0.05263 0.03509 0.06140 0.00000 0.04386 0.07895 0.07895 0.00877 0.05263 0.10526 0.01754 0.02632 0.02632 0.02632 0.05263 0.09649 0.00877 0.00000 0.10526
A3IL03                         0.13158 0.06140 0.04386 0.07895 0.00000 0.04386 0.07895 0.07018 0.00877 0.06140 0.08772 0.05263 0.00877 0.00877 0.03509 0.05263 0.05263 0.01754 0.01754 0.08772
A0YQN2                         0.13158 0.07895 0.04386 0.04386 0.00000 0.05263 0.08772 0.07018 0.00877 0.04386 0.09649 0.02632 0.02632 0.01754 0.03509 0.04386 0.07018 0.01754 0.00877 0.09649
Q7NHG9                         0.14912 0.07018 0.05263 0.05263 0.00000 0.05263 0.05263 0.06140 0.00877 0.05263 0.10526 0.02632 0.01754 0.01754 0.03509 0.05263 0.05263 0.00000 0.00000 0.14035
Q7U8U8                         0.11404 0.04386 0.05263 0.07895 0.00000 0.06140 0.05263 0.08772 0.00877 0.04386 0.12281 0.00877 0.02632 0.02632 0.02632 0.05263 0.07895 0.00877 0.00000 0.10526
B2IUL1                         0.16667 0.07018 0.04386 0.03509 0.00000 0.03509 0.09649 0.07895 0.00877 0.03509 0.10526 0.03509 0.00877 0.02632 0.03509 0.02632 0.07018 0.01754 0.00877 0.09649
B9YKM8                         0.14912 0.06140 0.03509 0.05263 0.00000 0.07018 0.07895 0.07018 0.00877 0.03509 0.09649 0.02632 0.01754 0.02632 0.02632 0.03509 0.07895 0.01754 0.01754 0.09649
P26533                         0.13158 0.05263 0.07018 0.02632 0.00000 0.05263 0.09649 0.07895 0.00877 0.04386 0.10526 0.03509 0.01754 0.00877 0.03509 0.02632 0.07018 0.01754 0.01754 0.10526
Q4BZH1                         0.13158 0.06140 0.01754 0.08772 0.00000 0.03509 0.07895 0.07895 0.00877 0.06140 0.08772 0.05263 0.00877 0.01754 0.03509 0.06140 0.06140 0.01754 0.00877 0.08772
A3YVJ8                         0.11404 0.07018 0.02632 0.05263 0.00000 0.04386 0.09649 0.10526 0.00877 0.02632 0.12281 0.00877 0.03509 0.02632 0.01754 0.07018 0.06140 0.00877 0.00000 0.10526
B0JFM8                         0.10526 0.08772 0.05263 0.03509 0.00000 0.03509 0.09649 0.07895 0.00877 0.07895 0.08772 0.04386 0.00877 0.00877 0.03509 0.05263 0.04386 0.02632 0.01754 0.09649
Q3AHM1                         0.14912 0.04386 0.04386 0.06140 0.00000 0.05263 0.06140 0.07895 0.00877 0.06140 0.12281 0.01754 0.02632 0.02632 0.01754 0.06140 0.07018 0.00877 0.00000 0.08772
Q064T0                         0.14035 0.04386 0.05263 0.07018 0.00000 0.05263 0.06140 0.07895 0.00877 0.04386 0.10526 0.01754 0.03509 0.02632 0.01754 0.07895 0.06140 0.00877 0.00000 0.09649
Q10Z37                         0.14035 0.07895 0.01754 0.05263 0.00000 0.04386 0.10526 0.07895 0.00877 0.07018 0.11404 0.04386 0.01754 0.00877 0.02632 0.02632 0.07895 0.01754 0.00877 0.06140
Q3AZK6                         0.14035 0.04386 0.05263 0.07018 0.00000 0.05263 0.06140 0.07895 0.00877 0.04386 0.10526 0.01754 0.03509 0.02632 0.01754 0.07018 0.07018 0.00877 0.00000 0.09649
P06542                         0.12281 0.07018 0.02632 0.05263 0.00000 0.06140 0.07895 0.07895 0.00877 0.04386 0.11404 0.02632 0.00000 0.02632 0.03509 0.04386 0.09649 0.01754 0.00877 0.08772
Q3MAS1                         0.12281 0.07018 0.02632 0.05263 0.00000 0.06140 0.07895 0.07895 0.00877 0.04386 0.11404 0.02632 0.00000 0.02632 0.03509 0.04386 0.09649 0.01754 0.00877 0.08772
B1WU98                         0.16667 0.06140 0.01754 0.07895 0.00000 0.03509 0.07895 0.07018 0.00877 0.05263 0.09649 0.05263 0.00877 0.00877 0.03509 0.05263 0.05263 0.01754 0.01754 0.08772
A0ZCG6                         0.15789 0.07895 0.02632 0.05263 0.00000 0.06140 0.07018 0.07018 0.00877 0.02632 0.09649 0.02632 0.01754 0.03509 0.02632 0.03509 0.07895 0.01754 0.00000 0.11404
A9BCC7                         0.11404 0.05263 0.04386 0.05263 0.00000 0.02632 0.11404 0.07018 0.00877 0.05263 0.11404 0.01754 0.02632 0.03509 0.02632 0.06140 0.07895 0.00877 0.00000 0.09649
P0A2Z9                         0.16667 0.09649 0.02632 0.06140 0.00000 0.04386 0.07018 0.07018 0.00877 0.03509 0.12281 0.02632 0.00000 0.01754 0.04386 0.02632 0.05263 0.01754 0.00877 0.10526
P0A2Z8                         0.16667 0.09649 0.02632 0.06140 0.00000 0.04386 0.07018 0.07018 0.00877 0.03509 0.12281 0.02632 0.00000 0.01754 0.04386 0.02632 0.05263 0.01754 0.00877 0.10526
B0CAT4                         0.12281 0.09649 0.01754 0.07018 0.00000 0.03509 0.07895 0.07895 0.00877 0.04386 0.10526 0.01754 0.01754 0.01754 0.02632 0.07895 0.05263 0.01754 0.00000 0.11404
B8HP54                         0.15789 0.07895 0.02632 0.03509 0.00000 0.05263 0.08772 0.07018 0.00877 0.04386 0.10526 0.02632 0.01754 0.00877 0.04386 0.05263 0.07018 0.01754 0.00877 0.08772
B5W3B2                         0.16667 0.06140 0.05263 0.05263 0.00000 0.07018 0.06140 0.07018 0.00877 0.04386 0.09649 0.02632 0.01754 0.00877 0.03509 0.01754 0.07895 0.01754 0.00877 0.10526
C7QNQ0                         0.10526 0.06140 0.02632 0.08772 0.00000 0.07018 0.07895 0.06140 0.00877 0.07018 0.11404 0.03509 0.01754 0.00877 0.03509 0.06140 0.03509 0.01754 0.00877 0.09649
B7K2R7                         0.10526 0.06140 0.02632 0.08772 0.00000 0.07018 0.07895 0.06140 0.00877 0.07018 0.11404 0.03509 0.01754 0.00877 0.03509 0.06140 0.03509 0.01754 0.00877 0.09649
Q2JUB3                         0.15789 0.06140 0.05263 0.04386 0.00000 0.05263 0.06140 0.07018 0.00877 0.05263 0.10526 0.03509 0.02632 0.00877 0.03509 0.04386 0.06140 0.01754 0.00000 0.10526
Q2JJK2                         0.14912 0.06140 0.04386 0.05263 0.00000 0.04386 0.07018 0.07018 0.00877 0.05263 0.11404 0.03509 0.02632 0.00877 0.03509 0.04386 0.06140 0.01754 0.00000 0.10526
Q8DLG7                         0.19298 0.07018 0.03509 0.04386 0.00000 0.05263 0.08772 0.06140 0.00877 0.04386 0.09649 0.02632 0.02632 0.02632 0.03509 0.01754 0.07018 0.01754 0.00000 0.08772

Homogeneity statistic: X2 = 8.69449 G = 8.71544 

Average                        0.12686 0.04764 0.03603 0.05601 0.00108 0.04224 0.08664 0.07584 0.01242 0.06248 0.10459 0.04372 0.01633 0.01984 0.02996 0.06410 0.05466 0.01228 0.00729 0.10000

# constant sites:      5 (4.39%)
ln Lmax (unconstrained) = -534.381446

AA distances (raw proportions of different sites)

A8EV69         
D1AZT6           0.3860
A6QB58           0.4211  0.3947
Q7MSF4           0.4386  0.4035  0.4737
A6Q4B9           0.4474  0.3947  0.4386  0.4474
Q30QQ2           0.4561  0.4035  0.4649  0.4649  0.4035
Q4HE25           0.4649  0.4298  0.4474  0.5263  0.4561  0.4561
B9KES4           0.4737  0.4298  0.4825  0.5351  0.4737  0.4737  0.2719
A7H1I2           0.4825  0.4386  0.4825  0.5351  0.4474  0.4737  0.1316  0.2632
A8FJR3           0.4825  0.4649  0.4649  0.5351  0.4561  0.4825  0.0965  0.2807  0.0614
Q4HQX7           0.4825  0.4386  0.4737  0.5088  0.4825  0.4561  0.1754  0.2544  0.0965  0.1404
B9L7Y8           0.5175  0.5351  0.5000  0.5351  0.4825  0.5263  0.5614  0.5526  0.5526  0.5614  0.5439
P56084           0.5351  0.5088  0.5965  0.4825  0.5263  0.5088  0.5789  0.5877  0.5965  0.5965  0.5877  0.4912
Q05TX0           0.7193  0.7281  0.7193  0.7281  0.7105  0.7018  0.7281  0.7281  0.7105  0.7368  0.7105  0.7281  0.7456
A5GV56           0.7193  0.7281  0.7018  0.7193  0.7018  0.6754  0.7018  0.7018  0.7018  0.7193  0.7018  0.7193  0.7281  0.3421
A3Z6C2           0.7281  0.7281  0.7281  0.7193  0.7018  0.7105  0.7105  0.7193  0.6930  0.7193  0.6930  0.7368  0.7632  0.1754  0.2982
A2C4I5           0.7456  0.7193  0.7544  0.7807  0.7544  0.7368  0.7719  0.7632  0.7456  0.7632  0.7544  0.7632  0.7281  0.3421  0.4474  0.3772
Q46J67           0.7456  0.7193  0.7544  0.7807  0.7544  0.7368  0.7719  0.7632  0.7544  0.7719  0.7544  0.7544  0.7281  0.3333  0.4474  0.3860  0.0088
A5GNB2           0.7105  0.7193  0.7018  0.7105  0.7105  0.6930  0.7018  0.7281  0.6754  0.7018  0.6842  0.7368  0.7632  0.1842  0.3246  0.1491  0.3947  0.3947
B7N2H0           0.7281  0.7193  0.7368  0.7193  0.6842  0.7368  0.7105  0.7368  0.6930  0.7018  0.7105  0.6579  0.7368  0.7018  0.7018  0.7105  0.6930  0.6842  0.6930
P0A6E6           0.7281  0.7193  0.7368  0.7193  0.6842  0.7368  0.7105  0.7368  0.6930  0.7018  0.7105  0.6579  0.7368  0.7018  0.7018  0.7105  0.6930  0.6842  0.6930  0.0000
B7LK76           0.7281  0.7193  0.7368  0.7193  0.6842  0.7368  0.7105  0.7368  0.6930  0.7018  0.7105  0.6579  0.7368  0.7018  0.7018  0.7105  0.6930  0.6842  0.6930  0.0000  0.0000
B7KGV3           0.7807  0.7544  0.7544  0.7193  0.7193  0.7281  0.7544  0.7368  0.7456  0.7544  0.7368  0.7281  0.6842  0.4474  0.4825  0.4737  0.5000  0.5000  0.4912  0.7456  0.7456  0.7456
A3PES7           0.7368  0.7719  0.7544  0.7719  0.7281  0.6842  0.6930  0.7105  0.6842  0.7105  0.6754  0.7018  0.7105  0.4035  0.4035  0.3772  0.4298  0.4298  0.3947  0.7018  0.7018  0.7018  0.4912
A4CR79           0.7368  0.7368  0.7193  0.7193  0.7281  0.7105  0.7193  0.7456  0.6930  0.7193  0.7018  0.7544  0.7719  0.2018  0.3333  0.1491  0.3860  0.3860  0.0263  0.6930  0.6930  0.6930  0.5000  0.3947
Q7TU42           0.7193  0.7719  0.7368  0.7544  0.7456  0.6842  0.7193  0.7193  0.7105  0.7368  0.7105  0.6842  0.7018  0.4035  0.4035  0.4035  0.4211  0.4123  0.4211  0.6930  0.6930  0.6930  0.5526  0.1404  0.4211
B4B7Z2           0.7807  0.7544  0.7456  0.7193  0.7281  0.7281  0.7544  0.7456  0.7456  0.7544  0.7456  0.7456  0.7193  0.4649  0.4561  0.4737  0.5351  0.5351  0.4912  0.7719  0.7719  0.7719  0.1754  0.5088  0.5000  0.5614
Q318V3           0.7368  0.7632  0.7456  0.7544  0.7368  0.6754  0.7018  0.7193  0.6842  0.7105  0.6930  0.7105  0.7193  0.3860  0.4123  0.3860  0.4298  0.4298  0.4123  0.7105  0.7105  0.7105  0.4912  0.1053  0.4123  0.1667  0.5000
B1XI04           0.7018  0.7193  0.7281  0.7018  0.6842  0.6930  0.6667  0.6930  0.6754  0.6754  0.6754  0.6842  0.6930  0.5088  0.5526  0.4912  0.5351  0.5351  0.5175  0.6754  0.6754  0.6754  0.4386  0.5702  0.5263  0.5877  0.4123  0.5789
Q7TUS2           0.7281  0.7368  0.7105  0.7368  0.7281  0.7018  0.7193  0.7281  0.6930  0.7105  0.7105  0.7281  0.7193  0.2368  0.3860  0.2456  0.3070  0.3158  0.2456  0.7018  0.7018  0.7018  0.4561  0.3947  0.2544  0.3947  0.5000  0.4035  0.4912
Q7VA75           0.7193  0.7281  0.7281  0.7544  0.7368  0.7456  0.7544  0.7632  0.7281  0.7456  0.7456  0.7632  0.7193  0.2895  0.4298  0.3509  0.2807  0.2895  0.3509  0.6930  0.6930  0.6930  0.4825  0.3860  0.3596  0.4035  0.5000  0.3860  0.5088  0.2456
A8G6T9           0.7368  0.7719  0.7544  0.7719  0.7281  0.6842  0.6930  0.7105  0.6842  0.7105  0.6842  0.7018  0.7105  0.4123  0.4035  0.3860  0.4386  0.4386  0.4035  0.7105  0.7105  0.7105  0.5000  0.0263  0.4035  0.1316  0.5175  0.0965  0.5877  0.4035  0.3772
A2BYG4           0.7368  0.7719  0.7281  0.7544  0.7544  0.6754  0.7193  0.7193  0.7105  0.7368  0.7105  0.6930  0.7281  0.4035  0.3947  0.4035  0.4123  0.4035  0.4298  0.6842  0.6842  0.6842  0.5439  0.1667  0.4298  0.0439  0.5614  0.1667  0.5877  0.3947  0.4035  0.1579
A2BT13           0.7456  0.7632  0.7456  0.7632  0.7281  0.6754  0.6930  0.7105  0.6842  0.7105  0.6842  0.7105  0.7193  0.4123  0.4035  0.3860  0.4386  0.4386  0.4035  0.7018  0.7018  0.7018  0.5000  0.0263  0.4035  0.1316  0.5175  0.0789  0.5789  0.4035  0.3772  0.0175  0.1404
Q0I7U0           0.7456  0.7544  0.7544  0.7281  0.7456  0.7281  0.7719  0.7632  0.7368  0.7632  0.7368  0.7632  0.7456  0.1579  0.3333  0.2105  0.3772  0.3772  0.1754  0.7193  0.7193  0.7193  0.4737  0.4035  0.1842  0.4035  0.4649  0.3947  0.5263  0.2719  0.3421  0.4123  0.4035  0.4123
A2C6Z3           0.7281  0.7368  0.7193  0.7368  0.7281  0.7018  0.7281  0.7281  0.7018  0.7193  0.7105  0.7281  0.7281  0.2368  0.3860  0.2368  0.3070  0.3158  0.2544  0.7018  0.7018  0.7018  0.4561  0.3947  0.2544  0.3947  0.5000  0.4035  0.4825  0.0263  0.2544  0.4035  0.3947  0.4035  0.2632
A3IL03           0.7632  0.7544  0.7368  0.6930  0.7018  0.6930  0.7193  0.7544  0.7105  0.7105  0.7193  0.7018  0.7105  0.4386  0.4825  0.4386  0.5088  0.5088  0.4211  0.7018  0.7018  0.7018  0.2895  0.5088  0.4386  0.5175  0.2982  0.5263  0.4123  0.4649  0.4737  0.5175  0.5175  0.5175  0.4386  0.4561
A0YQN2           0.7719  0.7281  0.7193  0.7368  0.7105  0.7281  0.7544  0.7281  0.7456  0.7368  0.7456  0.7456  0.6930  0.4386  0.4649  0.4123  0.4561  0.4561  0.4211  0.7281  0.7281  0.7281  0.3509  0.5088  0.4298  0.5263  0.3860  0.5000  0.4035  0.4298  0.4298  0.5175  0.5175  0.5175  0.4561  0.4298  0.3772
Q7NHG9           0.7544  0.7018  0.7105  0.7018  0.7456  0.6930  0.6842  0.7368  0.7018  0.6930  0.7105  0.7368  0.6667  0.5614  0.5526  0.5614  0.6053  0.6053  0.5614  0.7018  0.7018  0.7018  0.5439  0.6053  0.5702  0.6491  0.5351  0.6140  0.5526  0.5965  0.6053  0.6140  0.6491  0.6140  0.6053  0.5965  0.5439  0.5175
Q7U8U8           0.7544  0.7719  0.7544  0.7368  0.7456  0.7281  0.7544  0.7632  0.7368  0.7544  0.7456  0.7544  0.7544  0.2281  0.3509  0.2456  0.3596  0.3509  0.2281  0.6754  0.6754  0.6754  0.4649  0.3860  0.2281  0.3947  0.4912  0.3772  0.5088  0.2719  0.3246  0.3860  0.3947  0.3947  0.2544  0.2807  0.4649  0.4561  0.5702
B2IUL1           0.7544  0.7281  0.7368  0.7368  0.7193  0.7193  0.7368  0.7281  0.7368  0.7368  0.7281  0.7368  0.6842  0.4298  0.4298  0.4035  0.4912  0.4825  0.4474  0.6842  0.6842  0.6842  0.3421  0.5000  0.4561  0.5351  0.3596  0.5263  0.3860  0.4035  0.4825  0.5088  0.5263  0.5088  0.4561  0.4035  0.3684  0.2807  0.5088  0.4386
B9YKM8           0.7544  0.7456  0.7281  0.7368  0.7368  0.7544  0.7456  0.7632  0.7544  0.7456  0.7456  0.7544  0.7193  0.4386  0.4211  0.3947  0.5000  0.5000  0.4386  0.7456  0.7456  0.7456  0.3684  0.5088  0.4474  0.5614  0.3684  0.5175  0.4474  0.4298  0.4912  0.5175  0.5526  0.5175  0.4298  0.4298  0.3772  0.2982  0.5439  0.4474  0.1579
P26533           0.7807  0.7544  0.7719  0.7193  0.7368  0.7105  0.7544  0.7895  0.7544  0.7456  0.7544  0.7105  0.7105  0.4649  0.4649  0.4474  0.5263  0.5263  0.4561  0.7193  0.7193  0.7193  0.2895  0.5000  0.4649  0.5439  0.3246  0.5088  0.3947  0.4561  0.4737  0.5088  0.5439  0.5088  0.4561  0.4649  0.2632  0.3596  0.5000  0.4737  0.3684  0.3772
Q4BZH1           0.7632  0.7544  0.7368  0.6930  0.7018  0.7105  0.7193  0.7544  0.7105  0.7105  0.7281  0.7105  0.7105  0.4386  0.4561  0.4211  0.5175  0.5175  0.4123  0.6930  0.6930  0.6930  0.3070  0.4912  0.4298  0.5175  0.3158  0.5000  0.3947  0.4386  0.4649  0.5000  0.5263  0.5000  0.4211  0.4298  0.0877  0.3860  0.5439  0.4386  0.3421  0.3684  0.2895
A3YVJ8           0.7632  0.7632  0.7632  0.7456  0.7281  0.7105  0.7456  0.7368  0.7368  0.7456  0.7456  0.7368  0.7368  0.3070  0.3421  0.2982  0.3860  0.3860  0.3070  0.7105  0.7105  0.7105  0.4737  0.4737  0.3158  0.4649  0.4912  0.4561  0.5000  0.2982  0.3772  0.4649  0.4561  0.4649  0.3246  0.2982  0.4649  0.4123  0.5175  0.3333  0.4474  0.4561  0.4649  0.4737
B0JFM8           0.7456  0.7544  0.7632  0.7281  0.7281  0.7456  0.7018  0.7193  0.7105  0.7105  0.7456  0.7193  0.7105  0.4474  0.4825  0.4561  0.5088  0.5088  0.4737  0.7105  0.7105  0.7105  0.2719  0.5088  0.4912  0.5439  0.3158  0.5088  0.3772  0.4474  0.4737  0.5088  0.5439  0.5088  0.4912  0.4474  0.3509  0.3860  0.5351  0.4561  0.3333  0.3947  0.2895  0.3421  0.4474
Q3AHM1           0.7719  0.7895  0.7544  0.7456  0.7544  0.7105  0.7456  0.7719  0.7281  0.7456  0.7368  0.7456  0.7544  0.2719  0.3509  0.2544  0.3684  0.3596  0.2281  0.6491  0.6491  0.6491  0.4825  0.3947  0.2281  0.3860  0.5000  0.3947  0.5175  0.2632  0.3246  0.3947  0.3860  0.4035  0.2982  0.2719  0.4561  0.4561  0.5614  0.1316  0.4474  0.4561  0.4561  0.4649  0.3158  0.4825
Q064T0           0.7719  0.7895  0.7719  0.7719  0.7632  0.7281  0.7544  0.7632  0.7368  0.7544  0.7456  0.7544  0.7456  0.2544  0.3509  0.2368  0.3421  0.3333  0.2281  0.6930  0.6930  0.6930  0.4912  0.3860  0.2281  0.3860  0.4825  0.3947  0.5351  0.2807  0.3158  0.3860  0.3860  0.3947  0.2719  0.2895  0.4561  0.4386  0.5614  0.1053  0.4386  0.4386  0.4737  0.4474  0.3070  0.4825  0.0965
Q10Z37           0.7895  0.7719  0.7368  0.7544  0.7456  0.7368  0.7281  0.7456  0.7368  0.7368  0.7456  0.7193  0.7281  0.4211  0.4298  0.3860  0.4825  0.4825  0.4035  0.7018  0.7018  0.7018  0.3596  0.4737  0.3947  0.5263  0.3158  0.4737  0.4298  0.4035  0.4649  0.4825  0.5175  0.4825  0.4298  0.3947  0.3333  0.3158  0.5088  0.4123  0.2632  0.2895  0.3421  0.3333  0.4035  0.3772  0.4035  0.4298
Q3AZK6           0.7719  0.7895  0.7719  0.7632  0.7632  0.7281  0.7544  0.7632  0.7368  0.7544  0.7456  0.7544  0.7456  0.2544  0.3509  0.2368  0.3421  0.3333  0.2281  0.6930  0.6930  0.6930  0.4912  0.3860  0.2281  0.3947  0.4912  0.3947  0.5351  0.2807  0.3158  0.3860  0.3947  0.3947  0.2632  0.2895  0.4649  0.4386  0.5614  0.0965  0.4386  0.4298  0.4737  0.4561  0.3070  0.4737  0.0965  0.0088  0.4298
P06542           0.7719  0.7544  0.7544  0.7456  0.7544  0.7368  0.7544  0.7632  0.7456  0.7456  0.7456  0.7456  0.7105  0.4211  0.4035  0.3772  0.4825  0.4912  0.4298  0.7281  0.7281  0.7281  0.3509  0.4912  0.4386  0.5263  0.3333  0.4912  0.3947  0.4211  0.4737  0.5000  0.5175  0.5000  0.3947  0.4035  0.3509  0.2895  0.5614  0.4211  0.1579  0.1404  0.3421  0.3333  0.4737  0.3684  0.4298  0.4474  0.2719  0.4386
Q3MAS1           0.7719  0.7544  0.7544  0.7456  0.7544  0.7368  0.7544  0.7632  0.7456  0.7456  0.7456  0.7456  0.7105  0.4211  0.4035  0.3772  0.4825  0.4912  0.4298  0.7281  0.7281  0.7281  0.3509  0.4912  0.4386  0.5263  0.3333  0.4912  0.3947  0.4211  0.4737  0.5000  0.5175  0.5000  0.3947  0.4035  0.3509  0.2895  0.5614  0.4211  0.1579  0.1404  0.3421  0.3333  0.4737  0.3684  0.4298  0.4474  0.2719  0.4386  0.0000
B1WU98           0.7544  0.7456  0.7368  0.6930  0.6930  0.6930  0.7105  0.7456  0.7018  0.7018  0.7193  0.7018  0.7105  0.4298  0.4737  0.4298  0.5175  0.5175  0.4211  0.7193  0.7193  0.7193  0.3158  0.5000  0.4386  0.5175  0.2982  0.5263  0.4211  0.4561  0.4737  0.5088  0.5263  0.5088  0.4474  0.4474  0.0702  0.3860  0.5439  0.4561  0.3509  0.3684  0.2719  0.0965  0.4649  0.3333  0.4561  0.4474  0.3333  0.4561  0.3509  0.3509
A0ZCG6           0.7544  0.7456  0.7281  0.7368  0.7544  0.7368  0.7544  0.7719  0.7456  0.7456  0.7456  0.7281  0.6930  0.4386  0.4561  0.4123  0.4825  0.4912  0.4474  0.7105  0.7105  0.7105  0.3509  0.5175  0.4561  0.5526  0.3509  0.5175  0.4123  0.4035  0.4561  0.5263  0.5439  0.5263  0.4386  0.4035  0.3596  0.2895  0.5351  0.4298  0.1404  0.1316  0.3772  0.3421  0.4649  0.3509  0.4474  0.4298  0.2807  0.4211  0.1404  0.1404  0.3509
A9BCC7           0.7544  0.7456  0.7193  0.7632  0.7368  0.7281  0.7456  0.7544  0.7368  0.7544  0.7368  0.7368  0.7368  0.2807  0.3772  0.2807  0.3070  0.3158  0.3158  0.7193  0.7193  0.7193  0.5000  0.3509  0.3158  0.3860  0.5000  0.3860  0.5175  0.2544  0.2281  0.3596  0.3860  0.3596  0.3246  0.2456  0.4649  0.4474  0.6053  0.2807  0.4474  0.4386  0.5000  0.4649  0.3596  0.4912  0.2982  0.2807  0.4386  0.2719  0.4123  0.4123  0.4649  0.4035
P0A2Z9           0.7368  0.7281  0.7105  0.7193  0.7281  0.7193  0.7193  0.7368  0.7193  0.7105  0.7368  0.7544  0.7193  0.3860  0.4123  0.3772  0.4561  0.4649  0.3947  0.7018  0.7018  0.7018  0.3772  0.5088  0.4123  0.5351  0.3333  0.5088  0.3947  0.4211  0.4561  0.5175  0.5351  0.5175  0.4123  0.4211  0.3333  0.3421  0.5000  0.3947  0.2281  0.2807  0.3509  0.3246  0.4474  0.3246  0.3947  0.4123  0.2895  0.4123  0.2456  0.2456  0.3158  0.2544  0.4298
P0A2Z8           0.7368  0.7281  0.7105  0.7193  0.7281  0.7193  0.7193  0.7368  0.7193  0.7105  0.7368  0.7544  0.7193  0.3860  0.4123  0.3772  0.4561  0.4649  0.3947  0.7018  0.7018  0.7018  0.3772  0.5088  0.4123  0.5351  0.3333  0.5088  0.3947  0.4211  0.4561  0.5175  0.5351  0.5175  0.4123  0.4211  0.3333  0.3421  0.5000  0.3947  0.2281  0.2807  0.3509  0.3246  0.4474  0.3246  0.3947  0.4123  0.2895  0.4123  0.2456  0.2456  0.3158  0.2544  0.4298  0.0000
B0CAT4           0.7719  0.7632  0.7632  0.7632  0.7544  0.7544  0.7719  0.7719  0.7719  0.7632  0.7719  0.7719  0.7456  0.3947  0.4298  0.3947  0.5000  0.5000  0.4035  0.7105  0.7105  0.7105  0.3333  0.5000  0.4123  0.5263  0.3684  0.5088  0.4298  0.3947  0.4649  0.5088  0.5263  0.5088  0.3772  0.3860  0.3421  0.3158  0.5614  0.4123  0.2982  0.3158  0.3333  0.3158  0.4211  0.3684  0.4298  0.4386  0.2807  0.4386  0.2807  0.2807  0.3421  0.2982  0.4386  0.3158  0.3158
B8HP54           0.8070  0.7544  0.7719  0.7456  0.7544  0.7632  0.7807  0.7719  0.7632  0.7632  0.7719  0.7632  0.7281  0.3947  0.4561  0.3772  0.4561  0.4561  0.3772  0.6842  0.6842  0.6842  0.3246  0.4737  0.3860  0.5175  0.3333  0.4825  0.4035  0.3684  0.4211  0.4912  0.5175  0.4825  0.4035  0.3596  0.3333  0.2632  0.5088  0.3947  0.2632  0.3070  0.3158  0.3246  0.3947  0.3421  0.4123  0.4123  0.2807  0.4035  0.2719  0.2719  0.3333  0.2807  0.3860  0.2895  0.2895  0.2544
B5W3B2           0.7982  0.7895  0.7456  0.7632  0.7281  0.7281  0.7544  0.7807  0.7368  0.7368  0.7544  0.7281  0.7368  0.4123  0.4649  0.3860  0.4649  0.4737  0.4035  0.6930  0.6930  0.6930  0.3509  0.5175  0.4123  0.5439  0.3860  0.5263  0.4123  0.3860  0.4561  0.5263  0.5351  0.5263  0.4211  0.3947  0.3158  0.3070  0.5175  0.4035  0.3246  0.3596  0.3070  0.3509  0.4123  0.3772  0.4035  0.4123  0.3070  0.4123  0.3421  0.3421  0.3596  0.3421  0.4737  0.3246  0.3246  0.3421  0.3070
C7QNQ0           0.7982  0.7719  0.7456  0.7193  0.6930  0.7281  0.7632  0.7719  0.7632  0.7632  0.7544  0.7281  0.7456  0.4825  0.4912  0.4649  0.5877  0.5877  0.4649  0.7281  0.7281  0.7281  0.3684  0.5088  0.4825  0.5439  0.3684  0.5175  0.4737  0.4825  0.5088  0.5175  0.5526  0.5175  0.4825  0.4737  0.2456  0.4474  0.5614  0.4912  0.4211  0.4386  0.3596  0.2018  0.5175  0.4123  0.5000  0.5000  0.4123  0.5088  0.4211  0.4211  0.2368  0.3947  0.5088  0.3772  0.3772  0.4123  0.4123  0.4298
B7K2R7           0.7982  0.7719  0.7456  0.7193  0.6930  0.7281  0.7632  0.7719  0.7632  0.7632  0.7544  0.7281  0.7456  0.4825  0.4912  0.4649  0.5877  0.5877  0.4649  0.7281  0.7281  0.7281  0.3684  0.5088  0.4825  0.5439  0.3684  0.5175  0.4737  0.4825  0.5088  0.5175  0.5526  0.5175  0.4825  0.4737  0.2456  0.4474  0.5614  0.4912  0.4211  0.4386  0.3596  0.2018  0.5175  0.4123  0.5000  0.5000  0.4123  0.5088  0.4211  0.4211  0.2368  0.3947  0.5088  0.3772  0.3772  0.4123  0.4123  0.4298  0.0000
Q2JUB3           0.7895  0.7456  0.7807  0.7719  0.7544  0.7544  0.7719  0.7719  0.7632  0.7632  0.7719  0.7456  0.7281  0.4825  0.5000  0.4825  0.5175  0.5088  0.4912  0.6930  0.6930  0.6930  0.3860  0.5263  0.4912  0.5614  0.3947  0.5351  0.4649  0.4825  0.5088  0.5351  0.5702  0.5351  0.5000  0.4912  0.4123  0.4211  0.5088  0.4649  0.3333  0.4298  0.4035  0.4035  0.4561  0.3860  0.4737  0.4649  0.4035  0.4649  0.4211  0.4211  0.3860  0.4035  0.5175  0.3421  0.3421  0.4035  0.3509  0.4211  0.4474  0.4474
Q2JJK2           0.7719  0.7456  0.7632  0.7632  0.7281  0.7544  0.7544  0.7544  0.7456  0.7456  0.7544  0.7281  0.7105  0.4912  0.5088  0.4825  0.5175  0.5175  0.4825  0.6930  0.6930  0.6930  0.3772  0.5175  0.4912  0.5702  0.3860  0.5263  0.4561  0.4825  0.5000  0.5263  0.5789  0.5263  0.5000  0.4912  0.3947  0.4123  0.5263  0.4737  0.3421  0.4211  0.4211  0.3860  0.4737  0.3947  0.4825  0.4737  0.3860  0.4737  0.4211  0.4211  0.3684  0.4035  0.5175  0.3246  0.3246  0.4123  0.3509  0.4298  0.4298  0.4298  0.0526
Q8DLG7           0.7895  0.7368  0.7281  0.7632  0.7456  0.7368  0.7719  0.7719  0.7544  0.7544  0.7544  0.7456  0.7281  0.4123  0.4474  0.4035  0.4825  0.4825  0.4211  0.7105  0.7105  0.7105  0.3333  0.5000  0.4386  0.5439  0.3333  0.5088  0.4123  0.3860  0.4474  0.5088  0.5439  0.5088  0.4211  0.3772  0.3246  0.2982  0.5088  0.4211  0.2281  0.2982  0.2982  0.3070  0.4123  0.3333  0.4298  0.4211  0.2807  0.4211  0.2544  0.2544  0.3158  0.2456  0.4298  0.2456  0.2456  0.2456  0.1930  0.2982  0.3860  0.3860  0.3509  0.3596


TREE #  1:  (21, 20, (22, ((12, (13, (4, (((5, 6), (1, 3)), (2, (8, (11, (9, (7, 10))))))))), (29, (39, ((63, 64), (((46, (23, 27)), (43, ((61, 62), (44, (37, 53))))), ((41, ((51, 52), (54, 42))), (((38, 60), (49, (((((19, 25), (16, (14, 35))), (((28, (34, (32, 24))), (26, 33)), (40, (47, (48, 50))))), ((30, 36), (55, (31, (17, 18))))), (45, 15)))), ((56, 57), (58, (59, 65))))))))))));   MP score: 1250
lnL(ntime:127  np:128):  -6103.955257      +0.000000
  66..21   66..20   66..67   67..22   67..68   68..69   69..12   69..70   70..13   70..71   71..4    71..72   72..73   73..74   74..5    74..6    73..75   75..1    75..3    72..76   76..2    76..77   77..8    77..78   78..11   78..79   79..9    79..80   80..7    80..10   68..81   81..29   81..82   82..39   82..83   83..84   84..63   84..64   83..85   85..86   86..87   87..46   87..88   88..23   88..27   86..89   89..43   89..90   90..91   91..61   91..62   90..92   92..44   92..93   93..37   93..53   85..94   94..95   95..41   95..96   96..97   97..51   97..52   96..98   98..54   98..42   94..99   99..100 100..101 101..38  101..60  100..102 102..49  102..103 103..104 104..105 105..106 106..107 107..19  107..25  106..108 108..16  108..109 109..14  109..35  105..110 110..111 111..112 112..28  112..113 113..34  113..114 114..32  114..24  111..115 115..26  115..33  110..116 116..40  116..117 117..47  117..118 118..48  118..50  104..119 119..120 120..30  120..36  119..121 121..55  121..122 122..31  122..123 123..17  123..18  103..124 124..45  124..15   99..125 125..126 126..56  126..57  125..127 127..58  127..128 128..59  128..65 
 0.000004 0.000004 0.000004 0.000004 1.288944 0.736129 0.362492 0.268644 0.549735 0.206610 0.356943 0.114348 0.043504 0.119095 0.335431 0.363155 0.113036 0.351666 0.364978 0.039121 0.204374 0.362511 0.161693 0.136530 0.054510 0.053692 0.010516 0.043924 0.099746 0.013696 1.132211 0.241191 0.233026 0.957490 0.072706 0.423442 0.016536 0.042310 0.046295 0.161080 0.038873 0.230044 0.113441 0.065156 0.154851 0.069481 0.230732 0.146499 0.237889 0.000004 0.000004 0.059360 0.041495 0.035042 0.025130 0.062408 0.046374 0.078964 0.066218 0.051898 0.083481 0.000004 0.000004 0.028390 0.064499 0.094183 0.048808 0.057240 0.044933 0.259021 0.269357 0.088115 0.181732 0.433082 0.108469 0.047110 0.060715 0.100150 0.006514 0.019874 0.012802 0.081529 0.073097 0.085764 0.130199 0.074939 0.455392 0.069495 0.060377 0.022315 0.000004 0.008530 0.008825 0.018003 0.051879 0.017481 0.029888 0.097099 0.065836 0.016204 0.081809 0.028329 0.008634 0.000004 0.077919 0.047511 0.017334 0.011808 0.110791 0.170668 0.026265 0.157765 0.277131 0.000004 0.009067 0.047621 0.223468 0.342043 0.000004 0.242863 0.000004 0.000004 0.024833 0.219856 0.040731 0.169279 0.120316 1.255913

tree length =  17.66659

(21: 0.000004, 20: 0.000004, (22: 0.000004, ((12: 0.362492, (13: 0.549735, (4: 0.356943, (((5: 0.335431, 6: 0.363155): 0.119095, (1: 0.351666, 3: 0.364978): 0.113036): 0.043504, (2: 0.204374, (8: 0.161693, (11: 0.054510, (9: 0.010516, (7: 0.099746, 10: 0.013696): 0.043924): 0.053692): 0.136530): 0.362511): 0.039121): 0.114348): 0.206610): 0.268644): 0.736129, (29: 0.241191, (39: 0.957490, ((63: 0.016536, 64: 0.042310): 0.423442, (((46: 0.230044, (23: 0.065156, 27: 0.154851): 0.113441): 0.038873, (43: 0.230732, ((61: 0.000004, 62: 0.000004): 0.237889, (44: 0.041495, (37: 0.025130, 53: 0.062408): 0.035042): 0.059360): 0.146499): 0.069481): 0.161080, ((41: 0.066218, ((51: 0.000004, 52: 0.000004): 0.083481, (54: 0.064499, 42: 0.094183): 0.028390): 0.051898): 0.078964, (((38: 0.259021, 60: 0.269357): 0.044933, (49: 0.181732, (((((19: 0.006514, 25: 0.019874): 0.100150, (16: 0.081529, (14: 0.085764, 35: 0.130199): 0.073097): 0.012802): 0.060715, (((28: 0.060377, (34: 0.000004, (32: 0.008825, 24: 0.018003): 0.008530): 0.022315): 0.069495, (26: 0.017481, 33: 0.029888): 0.051879): 0.455392, (40: 0.065836, (47: 0.081809, (48: 0.008634, 50: 0.000004): 0.028329): 0.016204): 0.097099): 0.074939): 0.047110, ((30: 0.017334, 36: 0.011808): 0.047511, (55: 0.170668, (31: 0.157765, (17: 0.000004, 18: 0.009067): 0.277131): 0.026265): 0.110791): 0.077919): 0.108469, (45: 0.223468, 15: 0.342043): 0.047621): 0.433082): 0.088115): 0.057240, ((56: 0.000004, 57: 0.000004): 0.242863, (58: 0.219856, (59: 0.169279, 65: 0.120316): 0.040731): 0.024833): 0.000004): 0.048808): 0.046374): 0.046295): 0.072706): 0.233026): 1.132211): 1.288944): 0.000004);

(P0A6E6: 0.000004, B7N2H0: 0.000004, (B7LK76: 0.000004, ((B9L7Y8: 0.362492, (P56084: 0.549735, (Q7MSF4: 0.356943, (((A6Q4B9: 0.335431, Q30QQ2: 0.363155): 0.119095, (A8EV69: 0.351666, A6QB58: 0.364978): 0.113036): 0.043504, (D1AZT6: 0.204374, (B9KES4: 0.161693, (Q4HQX7: 0.054510, (A7H1I2: 0.010516, (Q4HE25: 0.099746, A8FJR3: 0.013696): 0.043924): 0.053692): 0.136530): 0.362511): 0.039121): 0.114348): 0.206610): 0.268644): 0.736129, (B1XI04: 0.241191, (Q7NHG9: 0.957490, ((Q2JUB3: 0.016536, Q2JJK2: 0.042310): 0.423442, (((B0JFM8: 0.230044, (B7KGV3: 0.065156, B4B7Z2: 0.154851): 0.113441): 0.038873, (P26533: 0.230732, ((C7QNQ0: 0.000004, B7K2R7: 0.000004): 0.237889, (Q4BZH1: 0.041495, (A3IL03: 0.025130, B1WU98: 0.062408): 0.035042): 0.059360): 0.146499): 0.069481): 0.161080, ((B2IUL1: 0.066218, ((P06542: 0.000004, Q3MAS1: 0.000004): 0.083481, (A0ZCG6: 0.064499, B9YKM8: 0.094183): 0.028390): 0.051898): 0.078964, (((A0YQN2: 0.259021, B5W3B2: 0.269357): 0.044933, (Q10Z37: 0.181732, (((((A5GNB2: 0.006514, A4CR79: 0.019874): 0.100150, (A3Z6C2: 0.081529, (Q05TX0: 0.085764, Q0I7U0: 0.130199): 0.073097): 0.012802): 0.060715, (((Q318V3: 0.060377, (A2BT13: 0.000004, (A8G6T9: 0.008825, A3PES7: 0.018003): 0.008530): 0.022315): 0.069495, (Q7TU42: 0.017481, A2BYG4: 0.029888): 0.051879): 0.455392, (Q7U8U8: 0.065836, (Q3AHM1: 0.081809, (Q064T0: 0.008634, Q3AZK6: 0.000004): 0.028329): 0.016204): 0.097099): 0.074939): 0.047110, ((Q7TUS2: 0.017334, A2C6Z3: 0.011808): 0.047511, (A9BCC7: 0.170668, (Q7VA75: 0.157765, (A2C4I5: 0.000004, Q46J67: 0.009067): 0.277131): 0.026265): 0.110791): 0.077919): 0.108469, (A3YVJ8: 0.223468, A5GV56: 0.342043): 0.047621): 0.433082): 0.088115): 0.057240, ((P0A2Z9: 0.000004, P0A2Z8: 0.000004): 0.242863, (B0CAT4: 0.219856, (B8HP54: 0.169279, Q8DLG7: 0.120316): 0.040731): 0.024833): 0.000004): 0.048808): 0.046374): 0.046295): 0.072706): 0.233026): 1.132211): 1.288944): 0.000004);

Detailed output identifying parameters

alpha (gamma, K = 4) =  1.25591
rate:   0.18504  0.54215  1.03217  2.24064
freq:   0.25000  0.25000  0.25000  0.25000

Time used: 13:27
