AAML (in paml version 4.6, August 2012)  196.aa
Model: Empirical for branches,  (../../../bin/LG.dat) dGamma (ncatG=4) ns =  65  ls = 383


Frequencies..
                                    A      R      N      D      C      Q      E      G      H      I      L      K      M      F      P      S      T      W      Y      V
A8EU19                         0.08355 0.04178 0.06005 0.04700 0.00522 0.01828 0.09399 0.05222 0.00783 0.06527 0.09138 0.08355 0.02872 0.03655 0.03655 0.06266 0.06527 0.00000 0.02872 0.09138
Q7M9I4                         0.10183 0.06266 0.02611 0.03916 0.00783 0.02089 0.10444 0.06266 0.01828 0.06266 0.10444 0.07311 0.02872 0.03394 0.04178 0.06527 0.05483 0.00261 0.03133 0.05744
A6Q4N2                         0.09138 0.04439 0.02350 0.04700 0.00783 0.02611 0.10966 0.05744 0.01044 0.06789 0.10444 0.08616 0.03394 0.02872 0.04700 0.04700 0.04439 0.00522 0.03916 0.07833
D1B019                         0.10705 0.04961 0.03916 0.06527 0.00522 0.02872 0.06789 0.05222 0.00522 0.06789 0.10183 0.07050 0.01828 0.03133 0.03916 0.05744 0.06527 0.00261 0.04439 0.08094
A7H2C7                         0.09138 0.04961 0.07311 0.03916 0.00522 0.03916 0.09661 0.05483 0.01044 0.07311 0.10966 0.07833 0.02611 0.02611 0.04439 0.06005 0.03394 0.00261 0.02611 0.06005
A8FMV9                         0.08877 0.04961 0.07311 0.03916 0.00522 0.03916 0.09922 0.05483 0.01044 0.07050 0.10966 0.07572 0.02611 0.02611 0.04439 0.06005 0.03655 0.00261 0.02611 0.06266
Q4HH62                         0.09922 0.04961 0.07311 0.04439 0.00522 0.03394 0.09399 0.04700 0.01305 0.06789 0.10966 0.07311 0.02611 0.03133 0.04439 0.05744 0.03394 0.00261 0.02611 0.06789
B9KFM1                         0.09138 0.05222 0.06527 0.05483 0.01044 0.03133 0.08616 0.04961 0.00783 0.07572 0.09922 0.07833 0.02872 0.02872 0.03916 0.06266 0.03655 0.00261 0.03394 0.06527
Q30TH2                         0.07572 0.04961 0.04961 0.05483 0.00522 0.02872 0.09138 0.04961 0.01305 0.07572 0.10444 0.07311 0.03394 0.03916 0.03655 0.07050 0.05744 0.00522 0.02089 0.06527
A6QBH4                         0.10705 0.05483 0.02611 0.06266 0.00261 0.02872 0.09661 0.05222 0.01305 0.06527 0.08877 0.06266 0.03394 0.03133 0.03916 0.06266 0.04439 0.00000 0.03394 0.09399
Q4HSE9                         0.08877 0.06005 0.05483 0.04961 0.00522 0.03394 0.10444 0.05222 0.00783 0.05744 0.10966 0.08094 0.02611 0.03394 0.03655 0.05483 0.03394 0.00000 0.03133 0.07833
O25812                         0.07311 0.06266 0.03916 0.03916 0.01044 0.03133 0.10966 0.03916 0.02350 0.07833 0.12794 0.06005 0.02350 0.05222 0.03916 0.08877 0.03916 0.00000 0.01828 0.04439
B7LR33                         0.09399 0.07311 0.03655 0.05222 0.00000 0.04700 0.08877 0.08355 0.01305 0.05222 0.08616 0.03133 0.02611 0.03394 0.05222 0.04178 0.05483 0.00522 0.02089 0.10705
B7N0U9                         0.09399 0.07311 0.03655 0.05222 0.00000 0.04700 0.08877 0.08355 0.01305 0.05222 0.08616 0.03133 0.02611 0.03394 0.05222 0.04178 0.05483 0.00522 0.02089 0.10705
P05055                         0.09399 0.07311 0.03655 0.05222 0.00000 0.04961 0.08616 0.08355 0.01305 0.05222 0.08616 0.03133 0.02611 0.03394 0.05222 0.04178 0.05483 0.00522 0.02089 0.10705
A0YTG1                         0.06789 0.08355 0.01828 0.07833 0.00522 0.04439 0.08355 0.07833 0.01567 0.07050 0.09661 0.02350 0.02089 0.03133 0.07572 0.04178 0.05483 0.00261 0.02089 0.08616
Q115K2                         0.06789 0.06527 0.02089 0.07050 0.00522 0.03916 0.09138 0.07833 0.01305 0.06527 0.11488 0.04700 0.02350 0.02611 0.07050 0.04700 0.04439 0.00261 0.02089 0.08616
Q2JQF4                         0.08877 0.07833 0.02350 0.06005 0.00783 0.04700 0.09138 0.07311 0.01828 0.04961 0.12010 0.03655 0.01044 0.03133 0.07311 0.03655 0.03655 0.00522 0.01567 0.09661
Q31KE9                         0.09661 0.07833 0.02089 0.06527 0.00000 0.04439 0.07050 0.07833 0.01567 0.04961 0.12010 0.02872 0.02089 0.02611 0.07050 0.04700 0.06005 0.00261 0.02089 0.08355
Q5N1G4                         0.09922 0.07833 0.02089 0.06527 0.00000 0.04439 0.07050 0.07833 0.01567 0.04961 0.12010 0.02872 0.02089 0.02611 0.07050 0.04700 0.06005 0.00261 0.02089 0.08094
B7KIQ3                         0.08355 0.06789 0.01828 0.08094 0.00522 0.03394 0.08094 0.07572 0.01567 0.06527 0.11749 0.03655 0.01828 0.02872 0.07050 0.03916 0.05222 0.00261 0.01828 0.08877
B4B552                         0.07572 0.07050 0.01828 0.07572 0.00522 0.03133 0.08094 0.07572 0.01567 0.06789 0.12010 0.03916 0.01567 0.02872 0.07311 0.04439 0.04961 0.00261 0.01828 0.09138
Q8DGW9                         0.10966 0.08094 0.02611 0.06789 0.00261 0.02872 0.08355 0.07311 0.01305 0.06266 0.11488 0.03655 0.01567 0.02611 0.07833 0.02872 0.03133 0.00522 0.02089 0.09399
B5W2I2                         0.06266 0.07833 0.02089 0.07572 0.00261 0.03394 0.08355 0.08616 0.01567 0.06789 0.10966 0.03133 0.02611 0.02350 0.08355 0.03394 0.04700 0.00261 0.02089 0.09399
B0JYC3                         0.08094 0.08094 0.02611 0.06266 0.00261 0.03655 0.09922 0.08094 0.01567 0.07050 0.11488 0.03655 0.01828 0.02872 0.06789 0.02872 0.04961 0.00261 0.01567 0.08094
Q7NGM0                         0.10705 0.06527 0.02089 0.06527 0.00522 0.01828 0.08355 0.07572 0.01305 0.06527 0.10444 0.04700 0.02872 0.03655 0.06527 0.04178 0.04700 0.00000 0.01828 0.09138
Q8YP11                         0.08877 0.07572 0.02872 0.08094 0.00261 0.03916 0.06527 0.07572 0.01305 0.06789 0.11227 0.03655 0.01828 0.02611 0.07050 0.03916 0.05222 0.00261 0.02089 0.08355
Q3M7Z9                         0.09138 0.07572 0.02872 0.08094 0.00261 0.03916 0.06527 0.07572 0.01305 0.07050 0.11227 0.03655 0.01828 0.02611 0.06789 0.03916 0.05222 0.00261 0.02089 0.08094
B1XJU0                         0.09138 0.07311 0.01828 0.08094 0.00261 0.02872 0.08094 0.07833 0.01305 0.06005 0.11749 0.03916 0.03133 0.02350 0.07311 0.03655 0.05483 0.00261 0.02350 0.07050
B9L9F3                         0.08877 0.06005 0.03655 0.05744 0.00522 0.02611 0.11227 0.05744 0.01044 0.06266 0.10966 0.07833 0.02872 0.04439 0.03916 0.04178 0.04700 0.00261 0.03394 0.05744
A5GRD7                         0.09922 0.07572 0.01828 0.06266 0.01044 0.03394 0.08094 0.07311 0.01567 0.04961 0.11227 0.03916 0.02872 0.02350 0.06789 0.05483 0.05483 0.00261 0.02350 0.07311
A0ZD23                         0.07572 0.07311 0.02872 0.08094 0.00522 0.04700 0.06789 0.07572 0.01567 0.06266 0.10444 0.03394 0.02611 0.03133 0.06789 0.04439 0.05744 0.00261 0.02089 0.07833
P72659                         0.09138 0.07311 0.02350 0.07572 0.00261 0.03133 0.06789 0.08877 0.01828 0.06527 0.11488 0.03916 0.01828 0.02611 0.07311 0.03133 0.05222 0.00261 0.02089 0.08355
C7QTY4                         0.08355 0.07833 0.01828 0.08355 0.00261 0.03394 0.08094 0.07050 0.01305 0.08616 0.10966 0.03394 0.02089 0.02872 0.07050 0.04439 0.04700 0.00261 0.01828 0.07311
B7K339                         0.08355 0.07833 0.01828 0.08355 0.00261 0.03394 0.08094 0.07050 0.01305 0.08616 0.10966 0.03394 0.02089 0.02872 0.07050 0.04439 0.04700 0.00261 0.01828 0.07311
Q2JLJ5                         0.07833 0.07833 0.02350 0.06005 0.00783 0.04700 0.09399 0.07833 0.01567 0.05483 0.12533 0.03655 0.01305 0.02872 0.07833 0.03394 0.03916 0.00522 0.01567 0.08616
B8HXN3                         0.09922 0.08616 0.02350 0.07050 0.00261 0.03394 0.08094 0.07311 0.01305 0.05222 0.11749 0.02872 0.01828 0.02872 0.07572 0.03394 0.04700 0.00261 0.01567 0.09661
B0C1M5                         0.07833 0.07311 0.02350 0.07311 0.00783 0.02611 0.08877 0.07572 0.01305 0.05222 0.10183 0.04700 0.02611 0.02611 0.07050 0.04178 0.05222 0.00261 0.01828 0.10183
B9YN68                         0.09138 0.07311 0.02872 0.08355 0.01044 0.04700 0.06266 0.07572 0.01567 0.07311 0.11488 0.03133 0.01828 0.02611 0.06527 0.03394 0.04700 0.00261 0.02089 0.07833
A3PE40                         0.06005 0.06266 0.01828 0.07311 0.01044 0.02872 0.09661 0.07050 0.01044 0.07572 0.11227 0.06789 0.02611 0.02611 0.06266 0.06527 0.05744 0.00261 0.02089 0.05222
Q319U4                         0.06527 0.06266 0.02089 0.07833 0.01044 0.03133 0.08616 0.07050 0.01305 0.07311 0.10966 0.06266 0.02611 0.02611 0.06005 0.06527 0.06005 0.00261 0.01828 0.05744
A3IXQ9                         0.08094 0.07311 0.01305 0.07833 0.00261 0.02872 0.08877 0.08877 0.01305 0.07572 0.10444 0.04178 0.01828 0.02872 0.07050 0.03916 0.04700 0.00522 0.02350 0.07833
A2BXQ9                         0.07572 0.06266 0.02611 0.07311 0.01044 0.02872 0.09138 0.06789 0.01567 0.07572 0.11227 0.06527 0.02611 0.02350 0.06266 0.04700 0.05483 0.00261 0.02350 0.05483
Q7V0R5                         0.07572 0.06266 0.02089 0.07050 0.01044 0.03394 0.09661 0.06789 0.01305 0.07572 0.11227 0.06266 0.02611 0.02350 0.06266 0.04961 0.06005 0.00261 0.02350 0.04961
A9BBJ7                         0.07311 0.07311 0.02350 0.07050 0.00783 0.02872 0.08877 0.07572 0.01305 0.05744 0.11749 0.05483 0.02350 0.02611 0.06789 0.05483 0.05744 0.00261 0.02089 0.06266
Q7VAZ5                         0.07572 0.07050 0.02350 0.07833 0.01305 0.03133 0.08094 0.07833 0.01044 0.06005 0.11488 0.04700 0.02350 0.02611 0.06789 0.05222 0.05744 0.00261 0.02089 0.06527
A3Z0V4                         0.09661 0.07311 0.01567 0.06527 0.01044 0.04178 0.07572 0.08877 0.01044 0.04439 0.12010 0.03655 0.01828 0.02872 0.07311 0.03916 0.05222 0.00261 0.02089 0.08616
A8G5Y9                         0.06527 0.06266 0.01828 0.07572 0.01044 0.03133 0.09399 0.06789 0.01305 0.07833 0.10705 0.06527 0.02611 0.02350 0.06266 0.06005 0.06527 0.00261 0.02350 0.04700
A5GN19                         0.08877 0.07311 0.01305 0.06789 0.01305 0.03655 0.07572 0.07572 0.01044 0.05483 0.10444 0.04178 0.03133 0.02350 0.07050 0.07311 0.05222 0.00261 0.02350 0.06789
Q46JM7                         0.08094 0.07050 0.03394 0.07572 0.01044 0.02872 0.08355 0.07311 0.01044 0.06527 0.09922 0.04700 0.03655 0.02089 0.06005 0.05222 0.05744 0.00261 0.02350 0.06789
A2C412                         0.08094 0.07050 0.03394 0.07311 0.01044 0.02872 0.08616 0.07311 0.01044 0.06527 0.09922 0.04700 0.03655 0.02089 0.06005 0.05222 0.05744 0.00261 0.02350 0.06789
A2BSA7                         0.06527 0.06005 0.01828 0.07311 0.01044 0.03133 0.09399 0.07311 0.01305 0.07572 0.10966 0.06266 0.02611 0.02611 0.06789 0.05744 0.06266 0.00261 0.02089 0.04961
A4CRM4                         0.08877 0.07311 0.01828 0.07050 0.01305 0.03133 0.07311 0.07833 0.01044 0.05744 0.10444 0.04178 0.03133 0.02350 0.07050 0.06527 0.05744 0.00261 0.02350 0.06527
A3Z644                         0.09922 0.07311 0.01567 0.06266 0.01305 0.03916 0.07572 0.07833 0.01567 0.05483 0.10705 0.04178 0.03133 0.02350 0.07572 0.05483 0.04961 0.00261 0.02089 0.06527
Q05WJ4                         0.09138 0.07572 0.02350 0.06789 0.01305 0.03655 0.07572 0.08094 0.01044 0.05744 0.10183 0.03916 0.03133 0.02350 0.06789 0.04439 0.06527 0.00261 0.02089 0.07050
B1WQ52                         0.08355 0.07311 0.02089 0.08094 0.00261 0.02872 0.08355 0.08355 0.01305 0.07833 0.10705 0.03916 0.01828 0.02872 0.07050 0.04178 0.04439 0.00522 0.02350 0.07311
Q3AM38                         0.08355 0.07311 0.01567 0.07050 0.01305 0.03655 0.08094 0.08094 0.01305 0.04439 0.12272 0.04439 0.02350 0.02089 0.06789 0.05744 0.04961 0.00261 0.02350 0.07572
B2J2V3                         0.08094 0.07833 0.02872 0.07572 0.00522 0.03916 0.07311 0.07311 0.01567 0.07572 0.10966 0.03394 0.02350 0.02872 0.06527 0.04178 0.05222 0.00261 0.02089 0.07572
Q7V606                         0.08616 0.07311 0.02089 0.06527 0.01305 0.04178 0.07311 0.07833 0.01044 0.05222 0.10444 0.04961 0.03133 0.02350 0.07050 0.05483 0.05744 0.00261 0.02089 0.07050
Q0I8D2                         0.09399 0.07572 0.02089 0.06527 0.01305 0.03916 0.07311 0.07833 0.01044 0.05483 0.10444 0.04178 0.03133 0.02350 0.06789 0.05744 0.05222 0.00261 0.02350 0.07050
Q05YW2                         0.09399 0.07311 0.01828 0.06789 0.01305 0.03655 0.07833 0.07833 0.01305 0.04439 0.12010 0.04439 0.02611 0.02089 0.06266 0.05483 0.05222 0.00261 0.02350 0.07572
Q7U515                         0.09661 0.07311 0.01567 0.07050 0.01305 0.03916 0.07833 0.08094 0.01305 0.04961 0.12533 0.04439 0.01828 0.02089 0.06527 0.04178 0.06005 0.00261 0.02350 0.06789
Q4C5C3                         0.08094 0.07050 0.02089 0.07572 0.00261 0.02872 0.08355 0.08355 0.01305 0.08094 0.10444 0.04439 0.02350 0.02872 0.07050 0.03916 0.05222 0.00522 0.02350 0.06789
Q3AV44                         0.09399 0.07311 0.01828 0.07311 0.01305 0.03394 0.07572 0.08094 0.01305 0.04439 0.12010 0.04700 0.02611 0.02089 0.06266 0.05222 0.05222 0.00261 0.02350 0.07311
A2C794                         0.08355 0.07311 0.02089 0.06527 0.01305 0.03916 0.07572 0.08094 0.01044 0.05222 0.10444 0.04961 0.03133 0.02350 0.06789 0.05483 0.06005 0.00261 0.02089 0.07050

Homogeneity statistic: X2 = 2.73518 G = 2.70300 

Average                        0.08620 0.06897 0.02776 0.06684 0.00699 0.03467 0.08468 0.07238 0.01305 0.06363 0.10914 0.04860 0.02478 0.02796 0.06258 0.04921 0.05138 0.00285 0.02286 0.07548

# constant sites:     48 (12.53%)
ln Lmax (unconstrained) = -2204.268847

AA distances (raw proportions of different sites)

A8EU19         
Q7M9I4           0.4073
A6Q4N2           0.3916  0.3655
D1B019           0.4308  0.4021  0.4047
A7H2C7           0.4178  0.3629  0.3916  0.3551
A8FMV9           0.4178  0.3603  0.3916  0.3551  0.0078
Q4HH62           0.4230  0.3890  0.4151  0.3655  0.1123  0.1175
B9KFM1           0.4047  0.3969  0.3916  0.3708  0.2272  0.2324  0.2350
Q30TH2           0.4256  0.4334  0.3890  0.4282  0.4151  0.4151  0.4282  0.4413
A6QBH4           0.4386  0.4230  0.4334  0.4230  0.4360  0.4360  0.4334  0.4465  0.4491
Q4HSE9           0.4334  0.3838  0.4230  0.3603  0.1906  0.1906  0.2010  0.2324  0.4465  0.4282
O25812           0.5300  0.4726  0.4856  0.5117  0.4700  0.4752  0.4621  0.4961  0.4830  0.5274  0.4830
B7LR33           0.6580  0.6319  0.6397  0.6319  0.6319  0.6319  0.6136  0.6240  0.6240  0.6266  0.6266  0.6841
B7N0U9           0.6580  0.6319  0.6397  0.6319  0.6319  0.6319  0.6136  0.6240  0.6240  0.6266  0.6266  0.6841  0.0000
P05055           0.6580  0.6319  0.6397  0.6319  0.6319  0.6319  0.6136  0.6240  0.6240  0.6266  0.6266  0.6841  0.0026  0.0026
A0YTG1           0.6319  0.6371  0.6292  0.6162  0.5849  0.5875  0.5901  0.6136  0.6292  0.6240  0.6110  0.6371  0.5744  0.5744  0.5744
Q115K2           0.6345  0.6475  0.6214  0.6162  0.6005  0.5979  0.6110  0.6214  0.6423  0.6136  0.6031  0.6449  0.5640  0.5640  0.5640  0.2324
Q2JQF4           0.6475  0.6527  0.6292  0.6057  0.5901  0.5901  0.6005  0.6214  0.6214  0.6240  0.5927  0.6475  0.5535  0.5535  0.5535  0.3133  0.3055
Q31KE9           0.6397  0.6527  0.6292  0.6266  0.6110  0.6110  0.6214  0.6371  0.6266  0.6136  0.6292  0.6501  0.5457  0.5457  0.5457  0.2480  0.2663  0.2977
Q5N1G4           0.6397  0.6527  0.6292  0.6266  0.6110  0.6110  0.6214  0.6371  0.6266  0.6136  0.6292  0.6501  0.5457  0.5457  0.5457  0.2507  0.2689  0.2977  0.0026
B7KIQ3           0.6423  0.6449  0.6371  0.6136  0.6057  0.6057  0.6162  0.6188  0.6397  0.6240  0.6214  0.6319  0.5509  0.5509  0.5509  0.2533  0.2402  0.2846  0.2559  0.2585
B4B552           0.6475  0.6423  0.6397  0.6136  0.6005  0.6005  0.6162  0.6266  0.6371  0.6214  0.6214  0.6345  0.5587  0.5587  0.5587  0.2480  0.2324  0.2872  0.2480  0.2507  0.0914
Q8DGW9           0.6475  0.6397  0.6397  0.6240  0.6084  0.6084  0.6240  0.6292  0.6449  0.6319  0.6214  0.6554  0.5535  0.5535  0.5535  0.2977  0.2715  0.3290  0.2663  0.2689  0.2611  0.2611
B5W2I2           0.6449  0.6292  0.6345  0.6057  0.5718  0.5718  0.5953  0.6057  0.6475  0.6214  0.5979  0.6527  0.5509  0.5509  0.5509  0.1410  0.2298  0.2846  0.2350  0.2376  0.2324  0.2350  0.2663
B0JYC3           0.6292  0.6397  0.6240  0.6110  0.5901  0.5927  0.6031  0.6110  0.6266  0.6292  0.6057  0.6188  0.5614  0.5614  0.5614  0.2559  0.2298  0.3029  0.2611  0.2637  0.1932  0.1906  0.2507  0.2454
Q7NGM0           0.6527  0.6475  0.6214  0.6214  0.5901  0.5875  0.6136  0.6292  0.6345  0.6240  0.6057  0.6527  0.5640  0.5640  0.5640  0.3943  0.3551  0.3473  0.3603  0.3603  0.3681  0.3603  0.3577  0.3577  0.3290
Q8YP11           0.6423  0.6527  0.6527  0.6188  0.6136  0.6162  0.6266  0.6371  0.6423  0.6292  0.6266  0.6580  0.5535  0.5535  0.5535  0.2742  0.2350  0.3316  0.2141  0.2167  0.2637  0.2376  0.2637  0.2559  0.2611  0.3734
Q3M7Z9           0.6397  0.6501  0.6501  0.6162  0.6110  0.6136  0.6240  0.6345  0.6397  0.6266  0.6240  0.6554  0.5561  0.5561  0.5561  0.2715  0.2324  0.3264  0.2167  0.2193  0.2637  0.2428  0.2637  0.2533  0.2637  0.3708  0.0052
B1XJU0           0.6397  0.6475  0.6345  0.6084  0.5822  0.5875  0.5979  0.6136  0.6292  0.6240  0.6136  0.6423  0.5483  0.5483  0.5483  0.2428  0.2376  0.2977  0.2298  0.2324  0.2193  0.2376  0.2585  0.2324  0.2480  0.3890  0.2715  0.2715
B9L9F3           0.4491  0.4621  0.4517  0.4804  0.4621  0.4621  0.4726  0.4648  0.4700  0.5144  0.4830  0.5405  0.6789  0.6789  0.6789  0.6371  0.6319  0.6345  0.6423  0.6423  0.6449  0.6371  0.6423  0.6371  0.6319  0.6266  0.6501  0.6501  0.6475
A5GRD7           0.6580  0.6554  0.6345  0.6292  0.6031  0.6031  0.6188  0.6188  0.6371  0.6371  0.6084  0.6475  0.5405  0.5405  0.5379  0.3003  0.3003  0.3525  0.2611  0.2637  0.3081  0.2924  0.3394  0.2950  0.2846  0.3760  0.2977  0.2950  0.2663  0.6762
A0ZD23           0.6397  0.6554  0.6501  0.6266  0.6084  0.6110  0.6240  0.6371  0.6423  0.6240  0.6240  0.6580  0.5666  0.5666  0.5666  0.2689  0.2298  0.3316  0.2402  0.2428  0.2715  0.2533  0.2794  0.2611  0.2742  0.3916  0.1070  0.1044  0.2820  0.6580  0.3107
P72659           0.6527  0.6527  0.6397  0.6057  0.5875  0.5849  0.5953  0.6084  0.6449  0.6319  0.6057  0.6449  0.5405  0.5405  0.5405  0.2350  0.2454  0.3029  0.2402  0.2428  0.1880  0.1828  0.2742  0.2324  0.2193  0.3603  0.2715  0.2689  0.2193  0.6449  0.2898  0.2768
C7QTY4           0.6371  0.6423  0.6397  0.6162  0.5927  0.5927  0.6031  0.6136  0.6292  0.6240  0.6136  0.6345  0.5561  0.5561  0.5561  0.2533  0.2350  0.2872  0.2533  0.2559  0.1723  0.1671  0.2480  0.2402  0.2063  0.3473  0.2454  0.2428  0.2324  0.6371  0.3211  0.2533  0.1984
B7K339           0.6371  0.6423  0.6397  0.6162  0.5927  0.5927  0.6031  0.6136  0.6292  0.6240  0.6136  0.6345  0.5561  0.5561  0.5561  0.2533  0.2350  0.2872  0.2533  0.2559  0.1723  0.1671  0.2480  0.2402  0.2063  0.3473  0.2454  0.2428  0.2324  0.6371  0.3211  0.2533  0.1984  0.0000
Q2JLJ5           0.6580  0.6632  0.6345  0.6110  0.6005  0.6005  0.6084  0.6292  0.6240  0.6292  0.6057  0.6580  0.5483  0.5483  0.5483  0.3316  0.3185  0.0548  0.3003  0.3003  0.3003  0.3003  0.3342  0.3003  0.3159  0.3734  0.3394  0.3446  0.2977  0.6319  0.3629  0.3420  0.3264  0.3055  0.3055
B8HXN3           0.6554  0.6449  0.6475  0.6188  0.6031  0.6005  0.6188  0.6319  0.6397  0.6266  0.6240  0.6475  0.5248  0.5248  0.5248  0.2402  0.2193  0.2898  0.2115  0.2141  0.2219  0.2245  0.1958  0.2272  0.2350  0.3525  0.2141  0.2141  0.2480  0.6475  0.3107  0.2245  0.2324  0.2350  0.2350  0.2950
B0C1M5           0.6527  0.6527  0.6449  0.6292  0.6162  0.6188  0.6188  0.6397  0.6554  0.6397  0.6214  0.6606  0.5587  0.5587  0.5587  0.2559  0.2507  0.3238  0.2245  0.2272  0.2768  0.2611  0.2533  0.2245  0.2611  0.3655  0.2402  0.2376  0.2428  0.6658  0.2898  0.2428  0.2637  0.2846  0.2846  0.3394  0.2063
B9YN68           0.6397  0.6475  0.6423  0.6188  0.6057  0.6084  0.6214  0.6319  0.6371  0.6266  0.6214  0.6554  0.5431  0.5431  0.5431  0.2846  0.2559  0.3264  0.2219  0.2245  0.2533  0.2402  0.2689  0.2559  0.2533  0.3838  0.0757  0.0783  0.2715  0.6475  0.3159  0.1279  0.2768  0.2454  0.2454  0.3368  0.2167  0.2559
A3PE40           0.6580  0.6632  0.6475  0.6371  0.5927  0.5927  0.6084  0.6136  0.6475  0.6240  0.6031  0.6606  0.5770  0.5770  0.5770  0.3446  0.3551  0.3812  0.3211  0.3238  0.3368  0.3238  0.3655  0.3342  0.3290  0.4099  0.3603  0.3577  0.3185  0.6475  0.2663  0.3577  0.3446  0.3290  0.3290  0.3864  0.3316  0.3473  0.3629
Q319U4           0.6658  0.6580  0.6475  0.6371  0.5979  0.5979  0.6110  0.6136  0.6475  0.6266  0.6031  0.6606  0.5796  0.5796  0.5796  0.3551  0.3525  0.3786  0.3211  0.3238  0.3394  0.3316  0.3655  0.3446  0.3290  0.4204  0.3551  0.3525  0.3238  0.6527  0.2768  0.3499  0.3446  0.3264  0.3264  0.3812  0.3316  0.3446  0.3525  0.0496
A3IXQ9           0.6345  0.6371  0.6240  0.6110  0.5979  0.5979  0.6084  0.6136  0.6292  0.6110  0.6214  0.6319  0.5405  0.5405  0.5405  0.2350  0.2272  0.3107  0.2559  0.2585  0.1880  0.1932  0.2585  0.2324  0.2245  0.3655  0.2454  0.2428  0.2272  0.6319  0.3133  0.2454  0.1906  0.1384  0.1384  0.3316  0.2428  0.2794  0.2402  0.3264  0.3264
A2BXQ9           0.6632  0.6658  0.6423  0.6292  0.5927  0.5953  0.6084  0.6110  0.6606  0.6266  0.6057  0.6658  0.5822  0.5822  0.5822  0.3473  0.3577  0.3890  0.3316  0.3342  0.3368  0.3290  0.3734  0.3420  0.3238  0.4256  0.3681  0.3655  0.3185  0.6501  0.2742  0.3551  0.3446  0.3499  0.3499  0.3943  0.3420  0.3420  0.3655  0.0783  0.0888  0.3368
Q7V0R5           0.6580  0.6632  0.6371  0.6319  0.5822  0.5849  0.6005  0.6031  0.6527  0.6292  0.5953  0.6632  0.5796  0.5796  0.5796  0.3473  0.3551  0.3890  0.3290  0.3316  0.3394  0.3264  0.3629  0.3368  0.3290  0.4151  0.3629  0.3603  0.3185  0.6423  0.2794  0.3577  0.3446  0.3420  0.3420  0.3890  0.3368  0.3473  0.3681  0.0731  0.0940  0.3264  0.0627
A9BBJ7           0.6527  0.6658  0.6371  0.6292  0.6110  0.6084  0.6214  0.6188  0.6554  0.6345  0.6005  0.6423  0.5718  0.5718  0.5718  0.3316  0.3185  0.3786  0.2898  0.2924  0.3238  0.3264  0.3420  0.3238  0.3211  0.4047  0.3394  0.3446  0.3029  0.6606  0.2376  0.3499  0.3473  0.3420  0.3420  0.3786  0.3159  0.3316  0.3473  0.2167  0.2193  0.3290  0.2193  0.2298
Q7VAZ5           0.6632  0.6736  0.6501  0.6423  0.6188  0.6188  0.6345  0.6345  0.6658  0.6501  0.6188  0.6527  0.5666  0.5666  0.5666  0.3394  0.3290  0.3890  0.3003  0.3029  0.3211  0.3185  0.3446  0.3290  0.3107  0.3943  0.3420  0.3446  0.2977  0.6475  0.2298  0.3525  0.3264  0.3368  0.3368  0.3890  0.3316  0.3394  0.3446  0.2115  0.2245  0.3238  0.2193  0.2272  0.1305
A3Z0V4           0.6580  0.6501  0.6319  0.6292  0.5927  0.5901  0.6084  0.6240  0.6580  0.6371  0.6136  0.6580  0.5300  0.5300  0.5300  0.3133  0.3081  0.3368  0.2350  0.2376  0.2977  0.2794  0.3055  0.2742  0.2846  0.3446  0.2794  0.2820  0.2898  0.6554  0.1984  0.2846  0.2872  0.2950  0.2950  0.3420  0.2768  0.2898  0.2846  0.2663  0.2689  0.2794  0.2742  0.2663  0.2298  0.2298
A8G5Y9           0.6606  0.6580  0.6449  0.6345  0.5901  0.5927  0.6031  0.6031  0.6501  0.6136  0.6005  0.6606  0.5770  0.5770  0.5770  0.3525  0.3629  0.3890  0.3211  0.3238  0.3368  0.3342  0.3681  0.3394  0.3342  0.4204  0.3629  0.3603  0.3211  0.6475  0.2794  0.3499  0.3446  0.3316  0.3316  0.3943  0.3420  0.3499  0.3629  0.0522  0.0574  0.3290  0.0679  0.0731  0.2141  0.2141  0.2768
A5GN19           0.6684  0.6684  0.6501  0.6371  0.6136  0.6110  0.6266  0.6292  0.6606  0.6319  0.6110  0.6632  0.5614  0.5614  0.5614  0.2950  0.2950  0.3577  0.2637  0.2663  0.3211  0.3107  0.3264  0.3003  0.3133  0.3681  0.3029  0.3003  0.2742  0.6658  0.1775  0.3003  0.3081  0.3159  0.3159  0.3681  0.3133  0.3003  0.3185  0.2063  0.2115  0.3055  0.2141  0.2089  0.1984  0.1775  0.1958  0.2089
Q46JM7           0.6632  0.6554  0.6292  0.6345  0.6057  0.6031  0.6240  0.6162  0.6658  0.6423  0.5979  0.6580  0.5561  0.5561  0.5561  0.3473  0.3342  0.3734  0.3107  0.3133  0.3420  0.3368  0.3499  0.3342  0.3316  0.4125  0.3629  0.3603  0.3029  0.6658  0.2507  0.3446  0.3420  0.3394  0.3394  0.3760  0.3211  0.3264  0.3577  0.2350  0.2219  0.3368  0.2245  0.2376  0.1802  0.1854  0.2480  0.2219  0.2010
A2C412           0.6632  0.6580  0.6319  0.6345  0.6057  0.6031  0.6240  0.6188  0.6658  0.6423  0.5953  0.6580  0.5587  0.5587  0.5587  0.3473  0.3342  0.3734  0.3107  0.3133  0.3420  0.3368  0.3499  0.3342  0.3316  0.4125  0.3629  0.3603  0.3029  0.6658  0.2507  0.3446  0.3420  0.3394  0.3394  0.3760  0.3211  0.3264  0.3577  0.2350  0.2219  0.3368  0.2245  0.2376  0.1775  0.1854  0.2480  0.2219  0.2010  0.0026
A2BSA7           0.6658  0.6632  0.6475  0.6423  0.5953  0.5953  0.6110  0.6110  0.6527  0.6266  0.6031  0.6762  0.5822  0.5822  0.5822  0.3603  0.3629  0.3890  0.3290  0.3316  0.3394  0.3368  0.3708  0.3394  0.3394  0.4204  0.3655  0.3603  0.3290  0.6475  0.2794  0.3551  0.3525  0.3420  0.3420  0.3969  0.3446  0.3525  0.3655  0.0496  0.0705  0.3290  0.0731  0.0836  0.2193  0.2141  0.2794  0.0418  0.2219  0.2324  0.2324
A4CRM4           0.6658  0.6710  0.6501  0.6371  0.6162  0.6136  0.6240  0.6292  0.6580  0.6371  0.6162  0.6606  0.5614  0.5614  0.5614  0.3029  0.2977  0.3551  0.2663  0.2689  0.3290  0.3081  0.3238  0.3081  0.3107  0.3681  0.3081  0.3055  0.2872  0.6580  0.1880  0.3055  0.2977  0.3081  0.3081  0.3655  0.3081  0.3029  0.3238  0.2115  0.2141  0.3003  0.2167  0.2167  0.1932  0.1723  0.1958  0.2115  0.0392  0.1958  0.1958  0.2272
A3Z644           0.6684  0.6580  0.6475  0.6371  0.6188  0.6162  0.6319  0.6423  0.6554  0.6240  0.6240  0.6606  0.5431  0.5431  0.5431  0.2950  0.3003  0.3473  0.2480  0.2507  0.3159  0.3029  0.3133  0.2950  0.3003  0.3499  0.2924  0.2898  0.2742  0.6527  0.1932  0.2898  0.3081  0.3029  0.3029  0.3551  0.2924  0.2846  0.3029  0.2167  0.2115  0.3003  0.2193  0.2245  0.1958  0.1828  0.1828  0.2141  0.0757  0.1854  0.1854  0.2272  0.0783
Q05WJ4           0.6710  0.6658  0.6501  0.6371  0.6188  0.6162  0.6292  0.6397  0.6527  0.6292  0.6110  0.6632  0.5561  0.5561  0.5561  0.2950  0.2977  0.3473  0.2663  0.2689  0.3211  0.3055  0.3238  0.2977  0.3029  0.3838  0.3029  0.3003  0.2742  0.6710  0.1828  0.2977  0.3107  0.3081  0.3081  0.3577  0.3003  0.2924  0.3185  0.2115  0.2115  0.3029  0.2089  0.2167  0.1802  0.1723  0.1854  0.2089  0.0836  0.1671  0.1671  0.2193  0.0914  0.0757
B1WQ52           0.6397  0.6345  0.6319  0.6110  0.5875  0.5875  0.6005  0.6162  0.6371  0.6214  0.6136  0.6397  0.5379  0.5379  0.5379  0.2272  0.2219  0.3107  0.2585  0.2611  0.1906  0.1958  0.2585  0.2272  0.2245  0.3629  0.2480  0.2454  0.2245  0.6371  0.3107  0.2507  0.1828  0.1462  0.1462  0.3316  0.2480  0.2820  0.2454  0.3368  0.3368  0.0418  0.3446  0.3368  0.3290  0.3211  0.2846  0.3368  0.3107  0.3342  0.3342  0.3394  0.3081  0.3029  0.3081
Q3AM38           0.6658  0.6606  0.6423  0.6266  0.5927  0.5927  0.6110  0.6188  0.6554  0.6292  0.6031  0.6632  0.5483  0.5483  0.5483  0.3081  0.3185  0.3420  0.2376  0.2402  0.3029  0.2924  0.3055  0.2924  0.2872  0.3734  0.3003  0.3029  0.2637  0.6501  0.1880  0.3029  0.2924  0.3159  0.3159  0.3342  0.3003  0.3003  0.2977  0.2272  0.2245  0.3055  0.2245  0.2298  0.2089  0.1854  0.1854  0.2193  0.1514  0.2089  0.2089  0.2324  0.1514  0.1540  0.1645  0.3107
B2J2V3           0.6501  0.6580  0.6606  0.6319  0.6188  0.6214  0.6371  0.6397  0.6475  0.6345  0.6371  0.6658  0.5587  0.5587  0.5587  0.2742  0.2533  0.3368  0.2298  0.2324  0.2794  0.2611  0.2663  0.2611  0.2637  0.3916  0.0862  0.0836  0.2820  0.6684  0.3133  0.1070  0.2846  0.2611  0.2611  0.3473  0.2141  0.2507  0.1070  0.3473  0.3420  0.2559  0.3525  0.3499  0.3446  0.3525  0.2924  0.3473  0.3133  0.3473  0.3473  0.3525  0.3133  0.2977  0.2977  0.2637  0.3003
Q7V606           0.6736  0.6710  0.6423  0.6345  0.5979  0.5953  0.6136  0.6240  0.6580  0.6319  0.6110  0.6632  0.5535  0.5535  0.5535  0.3159  0.3055  0.3368  0.2611  0.2637  0.3159  0.2950  0.3264  0.3055  0.3107  0.3629  0.3055  0.3029  0.2794  0.6449  0.1932  0.3029  0.3003  0.3003  0.3003  0.3499  0.2924  0.3133  0.3107  0.2298  0.2245  0.3003  0.2324  0.2272  0.1880  0.1854  0.1697  0.2272  0.1332  0.1828  0.1828  0.2402  0.1227  0.1201  0.1227  0.3029  0.1671  0.3029
Q0I8D2           0.6789  0.6684  0.6475  0.6475  0.6188  0.6162  0.6266  0.6345  0.6580  0.6292  0.6162  0.6684  0.5561  0.5561  0.5561  0.3055  0.3081  0.3499  0.2480  0.2507  0.3342  0.3185  0.3342  0.2898  0.3107  0.3786  0.3029  0.3003  0.2820  0.6606  0.1723  0.3003  0.3081  0.3133  0.3133  0.3629  0.3055  0.3055  0.3159  0.2324  0.2350  0.3107  0.2402  0.2324  0.2010  0.2037  0.1749  0.2324  0.0836  0.2063  0.2063  0.2454  0.0888  0.0940  0.0914  0.3185  0.1723  0.3081  0.1253
Q05YW2           0.6710  0.6658  0.6449  0.6266  0.5979  0.5979  0.6162  0.6240  0.6606  0.6345  0.6057  0.6632  0.5509  0.5509  0.5509  0.3159  0.3185  0.3420  0.2480  0.2507  0.3185  0.3055  0.3185  0.3029  0.2872  0.3786  0.3081  0.3107  0.2689  0.6475  0.1775  0.3133  0.3029  0.3290  0.3290  0.3368  0.3107  0.3055  0.3081  0.2219  0.2219  0.3185  0.2298  0.2324  0.2141  0.1854  0.1932  0.2245  0.1488  0.1984  0.1984  0.2350  0.1514  0.1514  0.1619  0.3211  0.0548  0.3133  0.1645  0.1697
Q7U515           0.6710  0.6632  0.6475  0.6266  0.6005  0.5979  0.6188  0.6214  0.6554  0.6397  0.5979  0.6580  0.5457  0.5457  0.5457  0.3081  0.3133  0.3394  0.2428  0.2454  0.3081  0.2950  0.3107  0.2898  0.2977  0.3681  0.3003  0.3029  0.2611  0.6449  0.1854  0.3029  0.2950  0.3211  0.3211  0.3394  0.2924  0.2950  0.2950  0.2324  0.2298  0.3107  0.2219  0.2324  0.2063  0.1802  0.1749  0.2272  0.1488  0.2063  0.2063  0.2350  0.1514  0.1436  0.1410  0.3133  0.0705  0.3029  0.1462  0.1619  0.0809
Q4C5C3           0.6527  0.6475  0.6423  0.6292  0.6057  0.6057  0.6084  0.6188  0.6449  0.6345  0.6240  0.6423  0.5509  0.5509  0.5509  0.2585  0.2428  0.3185  0.2794  0.2820  0.1932  0.2037  0.2742  0.2480  0.2298  0.3681  0.2715  0.2689  0.2480  0.6475  0.3316  0.2742  0.2167  0.1567  0.1567  0.3342  0.2689  0.3003  0.2663  0.3446  0.3446  0.0757  0.3577  0.3499  0.3420  0.3238  0.3029  0.3420  0.3185  0.3473  0.3473  0.3473  0.3159  0.3133  0.3264  0.0548  0.3159  0.2846  0.3185  0.3316  0.3290  0.3238
Q3AV44           0.6736  0.6684  0.6449  0.6292  0.6005  0.6005  0.6188  0.6266  0.6632  0.6345  0.6084  0.6658  0.5509  0.5509  0.5509  0.3211  0.3211  0.3394  0.2507  0.2533  0.3185  0.3055  0.3185  0.3055  0.2872  0.3760  0.3107  0.3133  0.2663  0.6501  0.1775  0.3133  0.3003  0.3316  0.3316  0.3342  0.3107  0.3133  0.3107  0.2324  0.2298  0.3211  0.2376  0.2402  0.2167  0.1880  0.1906  0.2324  0.1567  0.2115  0.2115  0.2428  0.1567  0.1619  0.1749  0.3238  0.0627  0.3159  0.1645  0.1697  0.0157  0.0862  0.3264
A2C794           0.6762  0.6710  0.6423  0.6371  0.6005  0.5979  0.6136  0.6214  0.6606  0.6319  0.6057  0.6632  0.5509  0.5509  0.5509  0.3159  0.3107  0.3368  0.2637  0.2663  0.3211  0.3003  0.3290  0.3055  0.3133  0.3655  0.3107  0.3081  0.2820  0.6475  0.1984  0.3029  0.3055  0.3055  0.3055  0.3499  0.2977  0.3133  0.3159  0.2272  0.2219  0.3055  0.2298  0.2245  0.1854  0.1828  0.1749  0.2193  0.1279  0.1749  0.1749  0.2376  0.1175  0.1175  0.1149  0.3081  0.1671  0.3003  0.0157  0.1227  0.1671  0.1462  0.3185  0.1671


TREE #  1:  (5, 6, (7, (11, (8, ((4, ((2, 12), ((10, 1), (9, (3, 30))))), ((15, (13, 14)), (26, ((18, 36), (((((32, 58), (39, (27, 28))), (38, (37, 23))), ((17, (16, 24)), (29, (33, (25, ((21, 22), ((34, 35), (42, (63, 56))))))))), ((19, 20), (47, (31, ((62, (57, (61, 64))), (((59, 65), ((50, 51), (((41, 40), ((48, 52), (43, 44))), (45, 46)))), ((49, 53), (54, (55, 60)))))))))))))))));   MP score: 3152
lnL(ntime:127  np:128): -16323.653369      +0.000000
  66..5    66..6    66..67   67..7    67..68   68..11   68..69   69..8    69..70   70..71   71..4    71..72   72..73   73..2    73..12   72..74   74..75   75..10   75..1    74..76   76..9    76..77   77..3    77..30   70..78   78..79   79..15   79..80   80..13   80..14   78..81   81..26   81..82   82..83   83..18   83..36   82..84   84..85   85..86   86..87   87..88   88..32   88..58   87..89   89..39   89..90   90..27   90..28   86..91   91..38   91..92   92..37   92..23   85..93   93..94   94..17   94..95   95..16   95..24   93..96   96..29   96..97   97..33   97..98   98..25   98..99   99..100 100..21  100..22   99..101 101..102 102..34  102..35  101..103 103..42  103..104 104..63  104..56   84..105 105..106 106..19  106..20  105..107 107..47  107..108 108..31  108..109 109..110 110..62  110..111 111..57  111..112 112..61  112..64  109..113 113..114 114..115 115..59  115..65  114..116 116..117 117..50  117..51  116..118 118..119 119..120 120..41  120..40  119..121 121..122 122..48  122..52  121..123 123..43  123..44  118..124 124..45  124..46  113..125 125..126 126..49  126..53  125..127 127..54  127..128 128..55  128..60 
 0.000004 0.008715 0.058604 0.098402 0.080499 0.158269 0.041554 0.224075 0.108641 0.109759 0.440192 0.094339 0.103213 0.341854 0.983697 0.066701 0.087827 0.516101 0.434644 0.083323 0.486059 0.043249 0.382283 0.698148 1.309183 1.044067 0.000004 0.002988 0.000004 0.000004 0.738520 0.387241 0.158499 0.288283 0.013965 0.055341 0.118039 0.043619 0.020715 0.192613 0.018242 0.087452 0.046883 0.018181 0.077059 0.022510 0.005963 0.000004 0.031478 0.195338 0.063451 0.102275 0.236775 0.046565 0.035409 0.178362 0.124906 0.114049 0.110326 0.043743 0.195029 0.063827 0.156412 0.013611 0.202023 0.031741 0.097069 0.058534 0.067805 0.068039 0.100995 0.000004 0.000004 0.094876 0.023760 0.020111 0.061863 0.008518 0.062405 0.130544 0.000004 0.002978 0.182243 0.133958 0.042321 0.178922 0.040401 0.078647 0.028001 0.037792 0.031900 0.039283 0.005668 0.013253 0.047609 0.012955 0.067676 0.011932 0.006031 0.060060 0.152658 0.000004 0.002914 0.028322 0.200329 0.006711 0.037091 0.023378 0.011436 0.008062 0.018106 0.032130 0.025517 0.038536 0.042111 0.052991 0.092562 0.098961 0.024314 0.042347 0.019560 0.027861 0.010137 0.058873 0.009943 0.052333 0.073109 0.653734

tree length =  15.25131

(5: 0.000004, 6: 0.008715, (7: 0.098402, (11: 0.158269, (8: 0.224075, ((4: 0.440192, ((2: 0.341854, 12: 0.983697): 0.103213, ((10: 0.516101, 1: 0.434644): 0.087827, (9: 0.486059, (3: 0.382283, 30: 0.698148): 0.043249): 0.083323): 0.066701): 0.094339): 0.109759, ((15: 0.000004, (13: 0.000004, 14: 0.000004): 0.002988): 1.044067, (26: 0.387241, ((18: 0.013965, 36: 0.055341): 0.288283, (((((32: 0.087452, 58: 0.046883): 0.018242, (39: 0.077059, (27: 0.005963, 28: 0.000004): 0.022510): 0.018181): 0.192613, (38: 0.195338, (37: 0.102275, 23: 0.236775): 0.063451): 0.031478): 0.020715, ((17: 0.178362, (16: 0.114049, 24: 0.110326): 0.124906): 0.035409, (29: 0.195029, (33: 0.156412, (25: 0.202023, ((21: 0.058534, 22: 0.067805): 0.097069, ((34: 0.000004, 35: 0.000004): 0.100995, (42: 0.023760, (63: 0.061863, 56: 0.008518): 0.020111): 0.094876): 0.068039): 0.031741): 0.013611): 0.063827): 0.043743): 0.046565): 0.043619, ((19: 0.000004, 20: 0.002978): 0.130544, (47: 0.133958, (31: 0.178922, ((62: 0.028001, (57: 0.031900, (61: 0.005668, 64: 0.013253): 0.039283): 0.037792): 0.078647, (((59: 0.011932, 65: 0.006031): 0.067676, ((50: 0.000004, 51: 0.002914): 0.152658, (((41: 0.037091, 40: 0.023378): 0.006711, ((48: 0.018106, 52: 0.032130): 0.008062, (43: 0.038536, 44: 0.042111): 0.025517): 0.011436): 0.200329, (45: 0.092562, 46: 0.098961): 0.052991): 0.028322): 0.060060): 0.012955, ((49: 0.019560, 53: 0.027861): 0.042347, (54: 0.058873, (55: 0.052333, 60: 0.073109): 0.009943): 0.010137): 0.024314): 0.047609): 0.040401): 0.042321): 0.182243): 0.062405): 0.118039): 0.158499): 0.738520): 1.309183): 0.108641): 0.041554): 0.080499): 0.058604);

(A7H2C7: 0.000004, A8FMV9: 0.008715, (Q4HH62: 0.098402, (Q4HSE9: 0.158269, (B9KFM1: 0.224075, ((D1B019: 0.440192, ((Q7M9I4: 0.341854, O25812: 0.983697): 0.103213, ((A6QBH4: 0.516101, A8EU19: 0.434644): 0.087827, (Q30TH2: 0.486059, (A6Q4N2: 0.382283, B9L9F3: 0.698148): 0.043249): 0.083323): 0.066701): 0.094339): 0.109759, ((P05055: 0.000004, (B7LR33: 0.000004, B7N0U9: 0.000004): 0.002988): 1.044067, (Q7NGM0: 0.387241, ((Q2JQF4: 0.013965, Q2JLJ5: 0.055341): 0.288283, (((((A0ZD23: 0.087452, B2J2V3: 0.046883): 0.018242, (B9YN68: 0.077059, (Q8YP11: 0.005963, Q3M7Z9: 0.000004): 0.022510): 0.018181): 0.192613, (B0C1M5: 0.195338, (B8HXN3: 0.102275, Q8DGW9: 0.236775): 0.063451): 0.031478): 0.020715, ((Q115K2: 0.178362, (A0YTG1: 0.114049, B5W2I2: 0.110326): 0.124906): 0.035409, (B1XJU0: 0.195029, (P72659: 0.156412, (B0JYC3: 0.202023, ((B7KIQ3: 0.058534, B4B552: 0.067805): 0.097069, ((C7QTY4: 0.000004, B7K339: 0.000004): 0.100995, (A3IXQ9: 0.023760, (Q4C5C3: 0.061863, B1WQ52: 0.008518): 0.020111): 0.094876): 0.068039): 0.031741): 0.013611): 0.063827): 0.043743): 0.046565): 0.043619, ((Q31KE9: 0.000004, Q5N1G4: 0.002978): 0.130544, (A3Z0V4: 0.133958, (A5GRD7: 0.178922, ((Q7U515: 0.028001, (Q3AM38: 0.031900, (Q05YW2: 0.005668, Q3AV44: 0.013253): 0.039283): 0.037792): 0.078647, (((Q7V606: 0.011932, A2C794: 0.006031): 0.067676, ((Q46JM7: 0.000004, A2C412: 0.002914): 0.152658, (((Q319U4: 0.037091, A3PE40: 0.023378): 0.006711, ((A8G5Y9: 0.018106, A2BSA7: 0.032130): 0.008062, (A2BXQ9: 0.038536, Q7V0R5: 0.042111): 0.025517): 0.011436): 0.200329, (A9BBJ7: 0.092562, Q7VAZ5: 0.098961): 0.052991): 0.028322): 0.060060): 0.012955, ((A5GN19: 0.019560, A4CRM4: 0.027861): 0.042347, (A3Z644: 0.058873, (Q05WJ4: 0.052333, Q0I8D2: 0.073109): 0.009943): 0.010137): 0.024314): 0.047609): 0.040401): 0.042321): 0.182243): 0.062405): 0.118039): 0.158499): 0.738520): 1.309183): 0.108641): 0.041554): 0.080499): 0.058604);

Detailed output identifying parameters

alpha (gamma, K = 4) =  0.65373
rate:   0.06435  0.34086  0.90644  2.68836
freq:   0.25000  0.25000  0.25000  0.25000

Time used: 32:12
