AAML (in paml version 4.6, August 2012)  286.aa
Model: Empirical for branches,  (../../../bin/LG.dat) dGamma (ncatG=4) ns =  65  ls = 146


Frequencies..
                                    A      R      N      D      C      Q      E      G      H      I      L      K      M      F      P      S      T      W      Y      V
A8EUC6                         0.05479 0.02740 0.05479 0.08219 0.03425 0.04110 0.08219 0.04110 0.01370 0.13699 0.08219 0.07534 0.00685 0.06849 0.01370 0.08219 0.03425 0.00000 0.00685 0.06164
D1AZY5                         0.08219 0.05479 0.02055 0.06164 0.03425 0.01370 0.11644 0.03425 0.04110 0.07534 0.13699 0.06164 0.01370 0.04110 0.01370 0.06849 0.04795 0.00000 0.01370 0.06849
Q30R19                         0.07534 0.03425 0.05479 0.07534 0.04110 0.01370 0.10274 0.06164 0.00685 0.10274 0.13699 0.04110 0.00685 0.04795 0.01370 0.08219 0.02055 0.00000 0.01370 0.06849
A6Q485                         0.06849 0.04110 0.02740 0.05479 0.03425 0.04110 0.10959 0.04795 0.03425 0.08904 0.11644 0.03425 0.02740 0.04110 0.01370 0.08904 0.03425 0.00000 0.03425 0.06164
A6QBG5                         0.08904 0.02740 0.02055 0.06849 0.03425 0.02740 0.09589 0.04110 0.02740 0.11644 0.08219 0.04795 0.02740 0.03425 0.02740 0.08219 0.04795 0.00000 0.03425 0.06849
A7H2B7                         0.04795 0.02055 0.08219 0.04795 0.03425 0.02740 0.11644 0.03425 0.01370 0.10959 0.13699 0.08219 0.01370 0.05479 0.02055 0.08219 0.03425 0.00000 0.01370 0.02740
Q7M9T2                         0.05479 0.04795 0.02055 0.06849 0.04110 0.02055 0.09589 0.03425 0.02740 0.10274 0.13014 0.06164 0.00000 0.06164 0.02055 0.09589 0.04110 0.00000 0.01370 0.06164
A8FMW9                         0.04795 0.02055 0.08904 0.04110 0.03425 0.02740 0.10959 0.04795 0.01370 0.11644 0.13014 0.08219 0.01370 0.05479 0.02055 0.07534 0.03425 0.00000 0.01370 0.02740
Q4HHS4                         0.04795 0.03425 0.07534 0.06849 0.03425 0.05479 0.08219 0.04110 0.01370 0.09589 0.12329 0.07534 0.02055 0.05479 0.02055 0.06849 0.02055 0.00000 0.02055 0.04795
B9KFK9                         0.04110 0.03425 0.06164 0.06164 0.03425 0.03425 0.08904 0.04795 0.02740 0.10959 0.10274 0.06164 0.01370 0.05479 0.00685 0.10274 0.03425 0.00000 0.02055 0.06164
Q4HT09                         0.05479 0.02740 0.08904 0.03425 0.03425 0.02055 0.10274 0.04795 0.02740 0.09589 0.13699 0.08904 0.02055 0.05479 0.00685 0.07534 0.03425 0.00000 0.01370 0.03425
P56214                         0.06849 0.04110 0.07534 0.05479 0.03425 0.02055 0.09589 0.02055 0.02055 0.07534 0.13014 0.05479 0.01370 0.06164 0.02740 0.08904 0.04110 0.00000 0.02055 0.05479
B9L9M2                         0.06849 0.02740 0.05479 0.06164 0.02740 0.02055 0.12329 0.03425 0.02055 0.13699 0.07534 0.08219 0.00685 0.04795 0.02055 0.06164 0.02740 0.00000 0.02740 0.07534
B7MQI7                         0.09589 0.06849 0.02740 0.04110 0.04110 0.04795 0.10274 0.08904 0.03425 0.07534 0.07534 0.01370 0.02740 0.02055 0.02740 0.04795 0.06849 0.00000 0.02740 0.06849
P0A7H6                         0.09589 0.06849 0.02740 0.04110 0.04110 0.04795 0.10274 0.08904 0.03425 0.07534 0.07534 0.01370 0.02740 0.02055 0.02740 0.04795 0.06849 0.00000 0.02740 0.06849
B7LLP8                         0.09589 0.06849 0.02740 0.04110 0.04110 0.04795 0.10274 0.08904 0.03425 0.07534 0.07534 0.01370 0.02740 0.02055 0.02740 0.04795 0.06849 0.00000 0.02740 0.06849
Q4C5V8                         0.08219 0.07534 0.01370 0.04795 0.03425 0.04795 0.08219 0.07534 0.01370 0.07534 0.10959 0.06164 0.00685 0.02740 0.04110 0.02740 0.04795 0.00000 0.03425 0.09589
A3IM06                         0.08219 0.08219 0.01370 0.04795 0.03425 0.04110 0.08219 0.07534 0.01370 0.08219 0.10959 0.06164 0.00685 0.02740 0.03425 0.02740 0.05479 0.00000 0.03425 0.08904
B1WUB2                         0.07534 0.08219 0.01370 0.04795 0.03425 0.04110 0.08219 0.07534 0.01370 0.06849 0.10959 0.06164 0.00685 0.02740 0.04110 0.02740 0.05479 0.00000 0.03425 0.10274
B7K2B2                         0.08219 0.07534 0.02055 0.04795 0.03425 0.03425 0.08219 0.07534 0.01370 0.07534 0.10959 0.06164 0.00685 0.02740 0.04110 0.02740 0.05479 0.00000 0.03425 0.09589
C7QNB7                         0.08219 0.07534 0.02055 0.04795 0.03425 0.03425 0.08219 0.07534 0.01370 0.07534 0.10959 0.06164 0.00685 0.02740 0.04110 0.02055 0.06164 0.00000 0.03425 0.09589
Q8YMF7                         0.07534 0.06849 0.02740 0.02740 0.03425 0.04110 0.10274 0.06849 0.01370 0.06164 0.12329 0.05479 0.00000 0.02740 0.04795 0.04110 0.06164 0.00000 0.02055 0.10274
B2J7Q3                         0.09589 0.06849 0.03425 0.03425 0.03425 0.04795 0.09589 0.06849 0.01370 0.06849 0.12329 0.05479 0.00000 0.02055 0.04110 0.02740 0.04795 0.00000 0.02740 0.09589
B7KEM9                         0.07534 0.06849 0.03425 0.03425 0.03425 0.04795 0.08904 0.06849 0.02055 0.05479 0.11644 0.05479 0.00685 0.02055 0.03425 0.04110 0.06164 0.00000 0.02740 0.10959
Q7NFM5                         0.08219 0.08904 0.01370 0.04110 0.03425 0.04795 0.10959 0.07534 0.01370 0.06164 0.11644 0.03425 0.02055 0.02055 0.04110 0.02740 0.05479 0.00000 0.02740 0.08904
A0YKV2                         0.07534 0.08219 0.01370 0.04795 0.03425 0.04110 0.09589 0.06849 0.02055 0.08219 0.10959 0.04795 0.00685 0.02055 0.04110 0.03425 0.05479 0.00000 0.02740 0.09589
B0JUQ3                         0.08904 0.06164 0.02055 0.03425 0.03425 0.04110 0.08904 0.08219 0.01370 0.08219 0.10959 0.05479 0.00685 0.02055 0.03425 0.04110 0.06164 0.00000 0.02740 0.09589
B5VUA7                         0.07534 0.09589 0.01370 0.03425 0.03425 0.06164 0.09589 0.06849 0.01370 0.04110 0.13014 0.03425 0.00000 0.02055 0.04110 0.02740 0.05479 0.00000 0.02740 0.13014
Q3MAW5                         0.07534 0.06849 0.02740 0.02740 0.03425 0.04110 0.10274 0.06849 0.01370 0.06164 0.12329 0.05479 0.00000 0.02740 0.04795 0.04110 0.06164 0.00000 0.02055 0.10274
B9YKY0                         0.08219 0.06849 0.02055 0.04795 0.03425 0.05479 0.08904 0.06849 0.01370 0.05479 0.10959 0.04795 0.00685 0.01370 0.04110 0.03425 0.06164 0.00000 0.03425 0.11644
P74533                         0.06849 0.07534 0.01370 0.04795 0.03425 0.04795 0.08904 0.06849 0.02740 0.05479 0.13014 0.04795 0.00685 0.02740 0.05479 0.03425 0.05479 0.00000 0.02055 0.09589
A0ZF29                         0.08904 0.06849 0.00685 0.05479 0.03425 0.04795 0.08219 0.06849 0.02055 0.07534 0.11644 0.05479 0.00685 0.02055 0.03425 0.02740 0.07534 0.00000 0.02740 0.08904
A5GS45                         0.10274 0.10274 0.01370 0.05479 0.04110 0.04795 0.07534 0.07534 0.01370 0.05479 0.15068 0.00685 0.00000 0.02055 0.04110 0.05479 0.04110 0.00000 0.02740 0.07534
A5GLY6                         0.09589 0.09589 0.02740 0.04795 0.03425 0.01370 0.08219 0.06164 0.03425 0.04110 0.13699 0.01370 0.00000 0.02055 0.03425 0.07534 0.06849 0.00000 0.02740 0.08904
Q8DGV8                         0.10274 0.06164 0.01370 0.04110 0.03425 0.06164 0.08219 0.06849 0.04110 0.08219 0.11644 0.02740 0.00685 0.02055 0.04795 0.03425 0.04110 0.00000 0.02740 0.08904
Q46K36                         0.06164 0.07534 0.02740 0.02740 0.03425 0.03425 0.10274 0.06849 0.01370 0.06849 0.15068 0.05479 0.00685 0.02055 0.02055 0.06849 0.06164 0.00000 0.03425 0.06849
B8HXF0                         0.10274 0.06164 0.00000 0.03425 0.03425 0.05479 0.10274 0.06849 0.02740 0.05479 0.13699 0.03425 0.01370 0.01370 0.04110 0.04110 0.05479 0.00000 0.02740 0.09589
A2C8B2                         0.09589 0.09589 0.00000 0.06164 0.04110 0.04795 0.06849 0.06849 0.01370 0.04795 0.15068 0.01370 0.01370 0.02055 0.03425 0.06164 0.06164 0.00000 0.03425 0.06849
Q7V6R9                         0.09589 0.09589 0.00000 0.06849 0.04110 0.04795 0.06164 0.06849 0.01370 0.04795 0.15068 0.02055 0.01370 0.02055 0.03425 0.06164 0.05479 0.00000 0.03425 0.06849
Q5N5P2                         0.10274 0.08219 0.00685 0.05479 0.03425 0.06164 0.08219 0.06849 0.02055 0.04795 0.12329 0.03425 0.01370 0.02740 0.03425 0.02740 0.06164 0.00000 0.02740 0.08904
Q31NH0                         0.10274 0.08219 0.00685 0.05479 0.03425 0.06164 0.08219 0.06849 0.02055 0.04795 0.12329 0.03425 0.01370 0.02740 0.03425 0.02740 0.06164 0.00000 0.02740 0.08904
Q115W2                         0.07534 0.07534 0.01370 0.04110 0.04110 0.06164 0.10274 0.06849 0.01370 0.08219 0.12329 0.04795 0.00685 0.02055 0.04110 0.03425 0.04795 0.00000 0.02740 0.07534
B0C882                         0.08904 0.07534 0.02055 0.06164 0.03425 0.04795 0.06849 0.06849 0.01370 0.05479 0.11644 0.04110 0.00685 0.03425 0.04110 0.03425 0.06849 0.00000 0.02055 0.10274
B1XPL9                         0.09589 0.07534 0.02055 0.04110 0.03425 0.05479 0.08904 0.06164 0.01370 0.04795 0.11644 0.05479 0.00685 0.02740 0.03425 0.02740 0.06849 0.00000 0.02740 0.10274
A3Z7Z6                         0.09589 0.10959 0.00685 0.03425 0.03425 0.04110 0.09589 0.06849 0.01370 0.02740 0.14384 0.00000 0.00685 0.02055 0.03425 0.07534 0.06849 0.00000 0.03425 0.08904
Q05ZR4                         0.08219 0.08219 0.01370 0.04795 0.04110 0.03425 0.08219 0.06849 0.02055 0.06164 0.14384 0.02740 0.01370 0.02740 0.05479 0.06849 0.04110 0.00000 0.02740 0.06164
A2C3I0                         0.06164 0.07534 0.02740 0.02740 0.03425 0.03425 0.10274 0.06849 0.01370 0.06849 0.15068 0.05479 0.00685 0.02055 0.02055 0.06849 0.06164 0.00000 0.03425 0.06849
Q3AJ44                         0.07534 0.10274 0.01370 0.04110 0.04110 0.03425 0.10274 0.06849 0.02740 0.04795 0.14384 0.00685 0.00685 0.02740 0.04110 0.06164 0.05479 0.00000 0.02740 0.07534
A4CVI2                         0.08904 0.08219 0.02740 0.03425 0.03425 0.02055 0.08904 0.06164 0.03425 0.04795 0.13699 0.01370 0.00000 0.02055 0.03425 0.08904 0.06849 0.00000 0.02740 0.08904
Q3AX77                         0.08219 0.07534 0.01370 0.04795 0.04110 0.04110 0.08219 0.06849 0.02055 0.05479 0.14384 0.02740 0.02055 0.02740 0.05479 0.07534 0.03425 0.00000 0.02740 0.06164
Q7V0Z7                         0.05479 0.06849 0.03425 0.04110 0.03425 0.00685 0.12329 0.06164 0.02055 0.06849 0.13699 0.05479 0.00685 0.02740 0.02055 0.06164 0.08219 0.00000 0.02740 0.06849
A3PDK2                         0.06849 0.07534 0.02740 0.03425 0.03425 0.00685 0.13014 0.06164 0.01370 0.06849 0.13699 0.06164 0.00685 0.02740 0.02055 0.05479 0.06849 0.00000 0.02740 0.07534
A9BB08                         0.08904 0.07534 0.06164 0.02740 0.03425 0.04110 0.09589 0.06164 0.01370 0.04795 0.15753 0.03425 0.00000 0.02055 0.02055 0.03425 0.06849 0.00000 0.03425 0.08219
A2BRS6                         0.05479 0.07534 0.03425 0.04110 0.03425 0.00685 0.12329 0.06164 0.01370 0.06849 0.13699 0.06164 0.00685 0.02740 0.02055 0.06164 0.06849 0.00000 0.02740 0.07534
Q0IBC2                         0.09589 0.08904 0.02055 0.04795 0.03425 0.02740 0.08904 0.06164 0.02055 0.04795 0.14384 0.01370 0.00685 0.02055 0.03425 0.07534 0.05479 0.00000 0.03425 0.08219
Q2JH53                         0.10274 0.07534 0.00685 0.04795 0.03425 0.03425 0.10959 0.04110 0.02740 0.04795 0.11644 0.04795 0.02740 0.02740 0.04795 0.04795 0.03425 0.01370 0.02055 0.08904
Q7U7Q3                         0.08904 0.10274 0.01370 0.04795 0.04110 0.03425 0.08904 0.06164 0.02055 0.04795 0.15068 0.00685 0.00685 0.02740 0.05479 0.04795 0.06164 0.00000 0.02740 0.06849
A8G5G7                         0.06849 0.06849 0.03425 0.04110 0.03425 0.01370 0.12329 0.06164 0.01370 0.06849 0.13699 0.05479 0.00685 0.02740 0.02055 0.05479 0.06849 0.00000 0.02740 0.07534
Q31AC8                         0.06849 0.06849 0.02740 0.04110 0.03425 0.00685 0.12329 0.06164 0.01370 0.06849 0.13014 0.06849 0.00685 0.03425 0.02055 0.05479 0.06849 0.00000 0.02740 0.07534
A2BX84                         0.06849 0.06849 0.04110 0.04110 0.03425 0.00685 0.12329 0.06164 0.02055 0.07534 0.13014 0.04795 0.00685 0.02740 0.02055 0.05479 0.06849 0.00000 0.02740 0.07534
Q2JUS3                         0.10274 0.07534 0.00685 0.04110 0.03425 0.03425 0.11644 0.04110 0.02055 0.03425 0.11644 0.05479 0.02740 0.03425 0.04795 0.04795 0.03425 0.01370 0.02055 0.09589
Q05XX8                         0.08904 0.09589 0.00685 0.04110 0.03425 0.04110 0.08219 0.06849 0.01370 0.04110 0.13699 0.00685 0.00685 0.02055 0.03425 0.07534 0.07534 0.00000 0.03425 0.09589
Q7VBJ4                         0.08904 0.07534 0.02740 0.03425 0.03425 0.01370 0.09589 0.05479 0.01370 0.06164 0.14384 0.06164 0.00000 0.02055 0.02055 0.05479 0.06849 0.00000 0.03425 0.09589
B4AX04                         0.08219 0.06849 0.04795 0.02740 0.03425 0.04110 0.08904 0.07534 0.01370 0.06164 0.11644 0.04795 0.00685 0.02055 0.02740 0.04110 0.05479 0.00000 0.02740 0.11644
A3YYJ7                         0.09589 0.12329 0.02055 0.04795 0.04110 0.03425 0.08219 0.06164 0.01370 0.03425 0.15753 0.00685 0.02055 0.02055 0.03425 0.05479 0.04110 0.00000 0.03425 0.07534

Homogeneity statistic: X2 = 7.46925 G = 7.03810 

Average                        0.08008 0.07018 0.02740 0.04615 0.03562 0.03656 0.09589 0.06259 0.01949 0.06913 0.12476 0.04436 0.01022 0.02950 0.03214 0.05406 0.05416 0.00042 0.02677 0.08051

# constant sites:     19 (13.01%)
ln Lmax (unconstrained) = -713.220375

AA distances (raw proportions of different sites)

A8EUC6         
D1AZY5           0.4384
Q30R19           0.3904  0.4247
A6Q485           0.4384  0.3836  0.4247
A6QBG5           0.4315  0.4452  0.4041  0.4110
A7H2B7           0.5000  0.4315  0.4658  0.4452  0.5137
Q7M9T2           0.4863  0.4315  0.4178  0.4658  0.4521  0.4521
A8FMW9           0.5000  0.4315  0.4726  0.4384  0.5068  0.0274  0.4589
Q4HHS4           0.4863  0.4658  0.5000  0.4384  0.5000  0.2123  0.4589  0.2123
B9KFK9           0.5479  0.5342  0.5479  0.5274  0.5959  0.3836  0.4863  0.3767  0.3562
Q4HT09           0.5274  0.4521  0.4863  0.4589  0.5479  0.2466  0.5068  0.2397  0.2877  0.4110
P56214           0.5274  0.5068  0.4932  0.5068  0.5068  0.5411  0.4110  0.5479  0.5616  0.6164  0.5753
B9L9M2           0.5137  0.4932  0.5342  0.4658  0.5137  0.4932  0.4795  0.5000  0.4932  0.5274  0.5274  0.5616
B7MQI7           0.6849  0.6164  0.6438  0.6301  0.6301  0.6370  0.6438  0.6438  0.6644  0.7055  0.6438  0.6575  0.6438
P0A7H6           0.6849  0.6164  0.6438  0.6301  0.6301  0.6370  0.6438  0.6438  0.6644  0.7055  0.6438  0.6575  0.6438  0.0000
B7LLP8           0.6849  0.6164  0.6438  0.6301  0.6301  0.6370  0.6438  0.6438  0.6644  0.7055  0.6438  0.6575  0.6438  0.0000  0.0000
Q4C5V8           0.6712  0.6507  0.6644  0.6575  0.6370  0.7329  0.7055  0.7329  0.7123  0.7192  0.6781  0.6575  0.6233  0.5685  0.5685  0.5685
A3IM06           0.6781  0.6712  0.6712  0.6644  0.6438  0.7260  0.7055  0.7260  0.7123  0.7123  0.6918  0.6370  0.6233  0.5753  0.5753  0.5753  0.0479
B1WUB2           0.6781  0.6644  0.6644  0.6575  0.6370  0.7329  0.7123  0.7329  0.7123  0.7123  0.6918  0.6438  0.6370  0.5753  0.5753  0.5753  0.0411  0.0205
B7K2B2           0.6712  0.6781  0.6575  0.6712  0.6507  0.7260  0.6849  0.7260  0.7055  0.7055  0.6918  0.6575  0.6370  0.5822  0.5822  0.5822  0.0959  0.1027  0.0959
C7QNB7           0.6712  0.6781  0.6575  0.6712  0.6507  0.7260  0.6849  0.7260  0.7055  0.7055  0.6918  0.6575  0.6370  0.5822  0.5822  0.5822  0.0959  0.1027  0.0959  0.0068
Q8YMF7           0.6781  0.6644  0.6781  0.6918  0.6575  0.7123  0.6507  0.7123  0.6986  0.6781  0.6781  0.6507  0.6712  0.5753  0.5753  0.5753  0.2123  0.2123  0.1986  0.1781  0.1781
B2J7Q3           0.6712  0.6644  0.6644  0.6644  0.6575  0.6986  0.6575  0.6986  0.6918  0.6781  0.6644  0.6370  0.6644  0.5685  0.5685  0.5685  0.1986  0.1918  0.1918  0.1644  0.1644  0.0959
B7KEM9           0.6781  0.6575  0.6575  0.6712  0.6575  0.7055  0.6507  0.7055  0.6849  0.6849  0.6781  0.6575  0.6438  0.6164  0.6164  0.6164  0.1849  0.1712  0.1712  0.1575  0.1575  0.1438  0.1575
Q7NFM5           0.6986  0.6644  0.6918  0.6712  0.6370  0.7055  0.6644  0.7055  0.7055  0.7466  0.7055  0.6712  0.6712  0.5616  0.5616  0.5616  0.4110  0.4178  0.4110  0.3767  0.3767  0.3219  0.3425  0.3767
A0YKV2           0.6849  0.6712  0.6918  0.6644  0.6644  0.7260  0.7055  0.7260  0.7055  0.7192  0.6918  0.6918  0.6507  0.6096  0.6096  0.6096  0.1849  0.1918  0.1849  0.1918  0.1918  0.1644  0.1918  0.1781  0.3425
B0JUQ3           0.6781  0.6575  0.6781  0.6644  0.6507  0.7055  0.6644  0.7055  0.7055  0.6849  0.6781  0.6712  0.6233  0.5685  0.5685  0.5685  0.2055  0.1918  0.2055  0.1781  0.1781  0.1849  0.1644  0.1438  0.3767  0.2123
B5VUA7           0.7055  0.6712  0.6781  0.6644  0.6644  0.7192  0.6918  0.7192  0.6918  0.6986  0.6849  0.6644  0.6712  0.5959  0.5959  0.5959  0.2055  0.2123  0.1918  0.1712  0.1712  0.1644  0.1781  0.1712  0.3562  0.1233  0.2123
Q3MAW5           0.6781  0.6644  0.6781  0.6918  0.6575  0.7123  0.6507  0.7123  0.6986  0.6781  0.6781  0.6507  0.6712  0.5753  0.5753  0.5753  0.2123  0.2123  0.1986  0.1781  0.1781  0.0000  0.0959  0.1438  0.3219  0.1644  0.1849  0.1644
B9YKY0           0.6986  0.6644  0.6781  0.6644  0.6644  0.7260  0.6918  0.7260  0.7055  0.7123  0.6849  0.6575  0.6507  0.5822  0.5822  0.5822  0.1918  0.1781  0.1781  0.1849  0.1849  0.1301  0.1164  0.1781  0.3904  0.1712  0.1781  0.1644  0.1301
P74533           0.7123  0.6712  0.6781  0.6712  0.6575  0.7329  0.6644  0.7329  0.7192  0.7397  0.6986  0.6301  0.6575  0.5822  0.5822  0.5822  0.2055  0.2055  0.1986  0.2192  0.2192  0.1781  0.1918  0.1918  0.3493  0.1438  0.2055  0.1781  0.1781  0.1849
A0ZF29           0.6849  0.6712  0.6644  0.6575  0.6438  0.7123  0.6849  0.7123  0.7123  0.6986  0.6849  0.6507  0.6507  0.5822  0.5822  0.5822  0.1918  0.1781  0.1781  0.1575  0.1575  0.1438  0.1027  0.1986  0.3630  0.1849  0.1849  0.1849  0.1438  0.1096  0.2055
A5GS45           0.7123  0.6301  0.6233  0.6644  0.6438  0.6849  0.6781  0.6849  0.6849  0.6986  0.6849  0.6644  0.6781  0.5616  0.5616  0.5616  0.3562  0.3767  0.3699  0.3493  0.3493  0.3493  0.3767  0.3699  0.3904  0.3493  0.3425  0.3219  0.3493  0.3562  0.3425  0.3699
A5GLY6           0.7055  0.6507  0.6233  0.6781  0.6507  0.6849  0.6712  0.6849  0.6918  0.6781  0.6712  0.6575  0.7123  0.5548  0.5548  0.5548  0.3973  0.4041  0.4041  0.3767  0.3767  0.3630  0.3767  0.3493  0.4384  0.3836  0.3288  0.3562  0.3630  0.3699  0.3767  0.3836  0.1986
Q8DGV8           0.6986  0.6918  0.6781  0.6575  0.6507  0.7192  0.6849  0.7192  0.7055  0.7260  0.6986  0.6781  0.6781  0.5685  0.5685  0.5685  0.2808  0.2877  0.2671  0.2466  0.2466  0.2192  0.2329  0.2466  0.3493  0.2329  0.2740  0.2192  0.2192  0.2603  0.2534  0.2466  0.3493  0.3904
Q46K36           0.6849  0.6575  0.6507  0.6644  0.6644  0.6781  0.6781  0.6712  0.7055  0.6986  0.6438  0.6438  0.6986  0.6096  0.6096  0.6096  0.3904  0.3904  0.3973  0.3699  0.3699  0.3699  0.3699  0.3562  0.4452  0.3767  0.3699  0.3425  0.3699  0.3904  0.3699  0.3699  0.3151  0.2740  0.3767
B8HXF0           0.6918  0.6712  0.6438  0.6644  0.6370  0.6918  0.6644  0.6918  0.6918  0.6986  0.6849  0.6575  0.6644  0.5959  0.5959  0.5959  0.2329  0.2329  0.2123  0.1986  0.1986  0.2055  0.1918  0.1986  0.3562  0.2123  0.2123  0.1986  0.2055  0.2123  0.2260  0.1849  0.3356  0.3767  0.1712  0.3836
A2C8B2           0.7123  0.6370  0.6233  0.6507  0.6575  0.6575  0.6575  0.6575  0.6712  0.7123  0.6712  0.6712  0.6849  0.5890  0.5890  0.5890  0.3767  0.3699  0.3767  0.3493  0.3493  0.3767  0.3630  0.3562  0.4178  0.3767  0.3425  0.3562  0.3767  0.3630  0.3630  0.3699  0.2397  0.2123  0.3836  0.2534  0.3493
Q7V6R9           0.7123  0.6370  0.6233  0.6507  0.6575  0.6575  0.6644  0.6575  0.6712  0.7123  0.6712  0.6712  0.6849  0.5890  0.5890  0.5890  0.3767  0.3699  0.3767  0.3493  0.3493  0.3767  0.3630  0.3562  0.4178  0.3767  0.3425  0.3562  0.3767  0.3630  0.3630  0.3699  0.2329  0.2055  0.3836  0.2603  0.3493  0.0137
Q5N5P2           0.7192  0.6438  0.6712  0.6575  0.6644  0.7055  0.6644  0.7055  0.6849  0.7123  0.6918  0.6575  0.6918  0.6027  0.6027  0.6027  0.2466  0.2397  0.2466  0.2329  0.2329  0.2397  0.2329  0.2260  0.3767  0.2329  0.2466  0.2055  0.2397  0.1986  0.2534  0.2260  0.3288  0.3425  0.2877  0.3562  0.2466  0.3219  0.3219
Q31NH0           0.7192  0.6438  0.6712  0.6575  0.6644  0.7055  0.6644  0.7055  0.6849  0.7123  0.6918  0.6575  0.6918  0.6027  0.6027  0.6027  0.2466  0.2397  0.2466  0.2329  0.2329  0.2397  0.2329  0.2260  0.3767  0.2329  0.2466  0.2055  0.2397  0.1986  0.2534  0.2260  0.3288  0.3425  0.2877  0.3562  0.2466  0.3219  0.3219  0.0000
Q115W2           0.6918  0.6507  0.6781  0.6575  0.6507  0.7055  0.6575  0.7055  0.7123  0.7055  0.6849  0.6712  0.6438  0.5959  0.5959  0.5959  0.1986  0.2055  0.2123  0.1712  0.1712  0.2055  0.2123  0.1986  0.3836  0.1986  0.2055  0.1918  0.2055  0.2192  0.2260  0.1986  0.3630  0.3630  0.2671  0.3562  0.2534  0.3630  0.3699  0.2329  0.2329
B0C882           0.7123  0.6438  0.6507  0.6712  0.6575  0.7260  0.6781  0.7260  0.7192  0.6986  0.6986  0.6644  0.6507  0.5822  0.5822  0.5822  0.2466  0.2466  0.2329  0.1986  0.1986  0.1986  0.1849  0.2192  0.3562  0.2260  0.2260  0.1986  0.1986  0.2055  0.2260  0.1849  0.3288  0.3562  0.2466  0.3767  0.1918  0.3493  0.3493  0.1986  0.1986  0.2466
B1XPL9           0.7260  0.6849  0.6986  0.6986  0.6712  0.7329  0.7055  0.7329  0.7192  0.7123  0.6918  0.6507  0.6781  0.5685  0.5685  0.5685  0.2192  0.2055  0.2055  0.2192  0.2192  0.1986  0.1986  0.1986  0.3562  0.1849  0.1986  0.1781  0.1986  0.1918  0.1712  0.1918  0.3151  0.3562  0.2534  0.3562  0.2192  0.3356  0.3356  0.2192  0.2192  0.2260  0.2192
A3Z7Z6           0.7192  0.6644  0.6164  0.6712  0.6507  0.6712  0.6712  0.6712  0.6712  0.6986  0.6712  0.6575  0.7192  0.5753  0.5753  0.5753  0.3767  0.3767  0.3767  0.3562  0.3562  0.3767  0.3699  0.3356  0.4315  0.3767  0.3288  0.3151  0.3767  0.3630  0.3699  0.3699  0.2123  0.1507  0.3699  0.2740  0.3425  0.1781  0.1849  0.3219  0.3219  0.3356  0.3699  0.3082
Q05ZR4           0.7123  0.6507  0.6233  0.6438  0.6507  0.6712  0.6370  0.6575  0.6918  0.6781  0.6712  0.6438  0.7055  0.5616  0.5616  0.5616  0.3973  0.4041  0.4041  0.3493  0.3493  0.3699  0.3836  0.3630  0.4178  0.3699  0.3630  0.3630  0.3699  0.3904  0.3493  0.3836  0.2123  0.2329  0.3767  0.2945  0.3493  0.2055  0.1986  0.3699  0.3699  0.3767  0.3493  0.3562  0.2329
A2C3I0           0.6849  0.6575  0.6507  0.6644  0.6644  0.6781  0.6781  0.6712  0.7055  0.6986  0.6438  0.6438  0.6986  0.6096  0.6096  0.6096  0.3904  0.3904  0.3973  0.3699  0.3699  0.3699  0.3699  0.3562  0.4452  0.3767  0.3699  0.3425  0.3699  0.3904  0.3699  0.3699  0.3151  0.2740  0.3767  0.0000  0.3836  0.2534  0.2603  0.3562  0.3562  0.3562  0.3767  0.3562  0.2740  0.2945
Q3AJ44           0.7123  0.6507  0.6233  0.6644  0.6507  0.6712  0.6370  0.6644  0.6781  0.6918  0.6712  0.6438  0.7055  0.5685  0.5685  0.5685  0.3767  0.3767  0.3836  0.3493  0.3493  0.3630  0.3767  0.3493  0.4178  0.3767  0.3356  0.3425  0.3630  0.3699  0.3425  0.3767  0.1986  0.1918  0.3767  0.2945  0.3699  0.2260  0.2192  0.3356  0.3356  0.3562  0.3493  0.3356  0.1781  0.1507  0.2945
A4CVI2           0.7055  0.6507  0.6233  0.6849  0.6507  0.6712  0.6712  0.6781  0.6918  0.6849  0.6712  0.6507  0.6986  0.5616  0.5616  0.5616  0.3836  0.3904  0.3973  0.3630  0.3630  0.3562  0.3699  0.3493  0.4384  0.3836  0.3151  0.3562  0.3562  0.3630  0.3630  0.3767  0.2123  0.0548  0.3836  0.2671  0.3699  0.2055  0.2055  0.3493  0.3493  0.3493  0.3493  0.3493  0.1644  0.2260  0.2671  0.1781
Q3AX77           0.7192  0.6507  0.6301  0.6438  0.6507  0.6644  0.6507  0.6507  0.6918  0.6849  0.6712  0.6507  0.7055  0.5753  0.5753  0.5753  0.3973  0.4041  0.4041  0.3562  0.3562  0.3699  0.3836  0.3630  0.4178  0.3767  0.3630  0.3630  0.3699  0.3904  0.3493  0.3836  0.2123  0.2329  0.3767  0.2945  0.3493  0.2055  0.1986  0.3699  0.3699  0.3699  0.3425  0.3562  0.2397  0.0205  0.2945  0.1507  0.2260
Q7V0Z7           0.6849  0.6575  0.6438  0.6575  0.6301  0.6781  0.6644  0.6712  0.6986  0.6849  0.6370  0.6575  0.6712  0.6027  0.6027  0.6027  0.3973  0.3973  0.4041  0.3973  0.3973  0.4041  0.4041  0.3973  0.4658  0.4452  0.3973  0.4247  0.4041  0.4247  0.4041  0.4315  0.3630  0.3288  0.4589  0.2603  0.4315  0.3493  0.3493  0.3904  0.3904  0.3973  0.4247  0.4041  0.3562  0.3425  0.2603  0.3288  0.3288  0.3425
A3PDK2           0.6986  0.6575  0.6438  0.6575  0.6301  0.6849  0.6644  0.6781  0.7055  0.6986  0.6438  0.6575  0.6712  0.6027  0.6027  0.6027  0.3973  0.3973  0.4041  0.3973  0.3973  0.4041  0.4041  0.3973  0.4589  0.4452  0.3904  0.4247  0.4041  0.4247  0.3973  0.4315  0.3630  0.3356  0.4589  0.2671  0.4315  0.3493  0.3493  0.3904  0.3904  0.3973  0.4247  0.4041  0.3562  0.3425  0.2671  0.3219  0.3288  0.3425  0.0548
A9BB08           0.7123  0.6575  0.6438  0.6507  0.6712  0.6781  0.6781  0.6712  0.6712  0.6644  0.6438  0.6507  0.6781  0.5753  0.5753  0.5753  0.3699  0.3836  0.3767  0.3630  0.3630  0.3630  0.3562  0.3562  0.4384  0.4041  0.3699  0.3493  0.3630  0.3767  0.3767  0.3699  0.2603  0.2740  0.3767  0.2603  0.3904  0.2808  0.2808  0.3493  0.3493  0.3630  0.3767  0.3219  0.2534  0.2671  0.2603  0.2466  0.2534  0.2740  0.3288  0.3219
A2BRS6           0.6986  0.6575  0.6370  0.6644  0.6233  0.6849  0.6644  0.6781  0.7055  0.6986  0.6438  0.6575  0.6712  0.6164  0.6164  0.6164  0.4041  0.4041  0.4110  0.4041  0.4041  0.4110  0.4110  0.4041  0.4658  0.4384  0.4041  0.4178  0.4110  0.4315  0.3904  0.4384  0.3699  0.3425  0.4658  0.2671  0.4384  0.3630  0.3630  0.3973  0.3973  0.3973  0.4315  0.4110  0.3630  0.3562  0.2671  0.3288  0.3356  0.3562  0.0616  0.0274  0.3219
Q0IBC2           0.7260  0.6644  0.6164  0.6575  0.6644  0.6644  0.6644  0.6712  0.6781  0.6986  0.6712  0.6507  0.6849  0.5685  0.5685  0.5685  0.3836  0.3767  0.3836  0.3493  0.3493  0.3699  0.3630  0.3219  0.4315  0.3767  0.3288  0.3356  0.3699  0.3630  0.3562  0.3699  0.2055  0.1370  0.3904  0.2534  0.3493  0.1575  0.1507  0.3493  0.3493  0.3562  0.3836  0.3356  0.1027  0.1986  0.2534  0.1644  0.1370  0.2055  0.3425  0.3356  0.2466  0.3493
Q2JH53           0.7055  0.6438  0.6918  0.6849  0.6438  0.7123  0.6781  0.7123  0.7123  0.7192  0.6849  0.6918  0.6712  0.6370  0.6370  0.6370  0.3904  0.3973  0.3973  0.3836  0.3836  0.3836  0.3699  0.3836  0.4041  0.3904  0.3904  0.3904  0.3836  0.4041  0.3904  0.3836  0.4452  0.4247  0.4041  0.4658  0.3699  0.4452  0.4452  0.3425  0.3425  0.3699  0.3493  0.3904  0.4452  0.4589  0.4658  0.4384  0.4315  0.4589  0.4247  0.4247  0.4589  0.4315  0.4521
Q7U7Q3           0.7123  0.6507  0.6301  0.6712  0.6575  0.6849  0.6301  0.6781  0.6918  0.6849  0.6644  0.6438  0.7055  0.5616  0.5616  0.5616  0.3699  0.3767  0.3767  0.3425  0.3425  0.3562  0.3767  0.3356  0.4384  0.3699  0.3356  0.3356  0.3562  0.3699  0.3425  0.3767  0.1918  0.1849  0.3836  0.2877  0.3562  0.2260  0.2192  0.3356  0.3356  0.3493  0.3425  0.3288  0.1849  0.1164  0.2877  0.0685  0.1849  0.1301  0.3151  0.3219  0.2397  0.3288  0.1781  0.4247
A8G5G7           0.6986  0.6644  0.6507  0.6644  0.6370  0.6986  0.6712  0.6918  0.7192  0.7055  0.6438  0.6644  0.6781  0.6096  0.6096  0.6096  0.4110  0.4110  0.4178  0.4041  0.4041  0.4110  0.4110  0.4110  0.4658  0.4452  0.4041  0.4247  0.4110  0.4315  0.3973  0.4384  0.3767  0.3493  0.4521  0.2534  0.4384  0.3493  0.3562  0.3904  0.3904  0.3904  0.4315  0.4041  0.3630  0.3493  0.2534  0.3356  0.3425  0.3493  0.0616  0.0342  0.3219  0.0479  0.3493  0.4315  0.3356
Q31AC8           0.6986  0.6644  0.6438  0.6644  0.6301  0.6918  0.6712  0.6849  0.7123  0.7055  0.6507  0.6644  0.6644  0.5959  0.5959  0.5959  0.3973  0.3973  0.4041  0.3973  0.3973  0.4178  0.4178  0.4110  0.4726  0.4589  0.4110  0.4384  0.4178  0.4384  0.4110  0.4452  0.3767  0.3493  0.4658  0.2740  0.4452  0.3630  0.3630  0.4041  0.4041  0.4110  0.4384  0.4178  0.3699  0.3493  0.2740  0.3356  0.3425  0.3493  0.0616  0.0205  0.3288  0.0342  0.3493  0.4315  0.3356  0.0274
A2BX84           0.6986  0.6507  0.6438  0.6644  0.6301  0.6849  0.6781  0.6781  0.7055  0.6918  0.6507  0.6644  0.6644  0.6027  0.6027  0.6027  0.3904  0.3904  0.3973  0.4041  0.4041  0.4041  0.3973  0.4041  0.4589  0.4384  0.4041  0.4315  0.4041  0.4178  0.3904  0.4384  0.3562  0.3425  0.4658  0.2671  0.4384  0.3425  0.3425  0.3904  0.3904  0.4041  0.4178  0.3973  0.3630  0.3562  0.2671  0.3356  0.3425  0.3562  0.0479  0.0616  0.3288  0.0685  0.3425  0.4315  0.3356  0.0685  0.0685
Q2JUS3           0.7192  0.6507  0.6712  0.6849  0.6438  0.6986  0.6712  0.6986  0.7055  0.7192  0.6712  0.6781  0.6781  0.6438  0.6438  0.6438  0.4041  0.4110  0.4110  0.3973  0.3973  0.3836  0.3699  0.3836  0.3973  0.3904  0.4110  0.3836  0.3836  0.4041  0.3904  0.3836  0.4315  0.4315  0.4178  0.4658  0.3767  0.4521  0.4521  0.3562  0.3562  0.3836  0.3630  0.3904  0.4384  0.4452  0.4658  0.4247  0.4384  0.4452  0.4247  0.4247  0.4521  0.4315  0.4452  0.0411  0.4315  0.4315  0.4315  0.4315
Q05XX8           0.7055  0.6438  0.6301  0.6575  0.6507  0.6781  0.6712  0.6849  0.6849  0.6918  0.6712  0.6781  0.7055  0.5616  0.5616  0.5616  0.3493  0.3630  0.3562  0.3288  0.3288  0.3562  0.3493  0.3425  0.4315  0.3630  0.2945  0.3151  0.3562  0.3493  0.3699  0.3562  0.1986  0.1370  0.3767  0.2671  0.3493  0.1438  0.1507  0.3219  0.3219  0.3288  0.3562  0.3288  0.1027  0.2123  0.2671  0.1849  0.1370  0.2192  0.3425  0.3425  0.2603  0.3562  0.1027  0.4315  0.1849  0.3493  0.3562  0.3493  0.4384
Q7VBJ4           0.6986  0.6575  0.6438  0.6507  0.6644  0.6781  0.6849  0.6781  0.6712  0.7055  0.6507  0.6438  0.6712  0.5959  0.5959  0.5959  0.3630  0.3562  0.3630  0.3356  0.3356  0.3767  0.3425  0.3425  0.4384  0.3904  0.3630  0.3562  0.3767  0.3562  0.3836  0.3493  0.2877  0.2671  0.3699  0.2603  0.3493  0.2671  0.2603  0.3356  0.3356  0.3356  0.3699  0.3151  0.2260  0.3082  0.2603  0.2671  0.2466  0.3082  0.3219  0.3219  0.1849  0.3288  0.2534  0.4178  0.2740  0.3219  0.3288  0.3356  0.4110  0.2603
B4AX04           0.6986  0.6575  0.6644  0.6712  0.6644  0.7123  0.6575  0.7055  0.6986  0.6575  0.6781  0.6644  0.6712  0.6027  0.6027  0.6027  0.1986  0.1918  0.1849  0.1712  0.1712  0.1507  0.1164  0.0822  0.3767  0.1918  0.1438  0.1712  0.1507  0.1575  0.2123  0.1644  0.3630  0.3493  0.2534  0.3630  0.2123  0.3767  0.3767  0.2260  0.2260  0.2192  0.1986  0.1849  0.3493  0.3630  0.3630  0.3493  0.3425  0.3630  0.3973  0.3973  0.3562  0.4041  0.3425  0.3767  0.3493  0.4110  0.4110  0.3973  0.3767  0.3288  0.3562
A3YYJ7           0.7329  0.6438  0.6301  0.6644  0.6438  0.6781  0.6507  0.6781  0.6986  0.6918  0.6849  0.6507  0.6781  0.5959  0.5959  0.5959  0.3562  0.3630  0.3562  0.3425  0.3425  0.3630  0.3493  0.3562  0.4110  0.3767  0.3630  0.3493  0.3630  0.3562  0.3699  0.3493  0.1986  0.2534  0.3699  0.3288  0.3493  0.2192  0.2123  0.3425  0.3425  0.3493  0.3425  0.3151  0.2055  0.2055  0.3288  0.2192  0.2466  0.2123  0.3699  0.3699  0.2534  0.3767  0.2192  0.4521  0.1986  0.3836  0.3836  0.3699  0.4384  0.2260  0.2808  0.3562


TREE #  1:  ((((9, 11), 10), (8, 6)), (((((((((((20, 21), ((18, 19), 17)), ((24, 64), 27)), 31), 44), (((26, 28), 42), (((32, 23), (22, 29)), 30))), ((35, 37), 43)), ((41, 40), ((((((46, 50), (48, 57)), (((49, 34), 55), (45, 62))), (((((51, 60), (((52, 54), 58), 59)), (36, 47)), (63, 53)), (38, 39))), 65), 33))), (56, 61)), 25), ((14, 15), 16)), ((((((3, 5), 1), 2), (12, 7)), 4), 13));   MP score: 1317
lnL(ntime:127  np:128):  -6554.929045      +0.000000
  66..67   67..68   68..69   69..9    69..11   68..10   67..70   70..8    70..6    66..71   71..72   72..73   73..74   74..75   75..76   76..77   77..78   78..79   79..80   80..81   81..20   81..21   80..82   82..83   83..18   83..19   82..17   79..84   84..85   85..24   85..64   84..27   78..31   77..44   76..86   86..87   87..88   88..26   88..28   87..42   86..89   89..90   90..91   91..32   91..23   90..92   92..22   92..29   89..30   75..93   93..94   94..35   94..37   93..43   74..95   95..96   96..41   96..40   95..97   97..98   98..99   99..100 100..101 101..102 102..46  102..50  101..103 103..48  103..57  100..104 104..105 105..106 106..49  106..34  105..55  104..107 107..45  107..62   99..108 108..109 109..110 110..111 111..112 112..51  112..60  111..113 113..114 114..115 115..52  115..54  114..58  113..59  110..116 116..36  116..47  109..117 117..63  117..53  108..118 118..38  118..39   98..65   97..33   73..119 119..56  119..61   72..25   71..120 120..121 121..14  121..15  120..16   66..122 122..123 123..124 124..125 125..126 126..127 127..3   127..5   126..1   125..2   124..128 128..12  128..7   123..4   122..13 
 0.451713 0.026151 0.000004 0.159077 0.253259 0.524731 0.096907 0.016524 0.013683 1.364034 0.951706 0.238114 0.144310 0.041373 0.038297 0.000004 0.000004 0.030577 0.102444 0.065832 0.007651 0.000004 0.036693 0.015567 0.015960 0.007038 0.023932 0.035591 0.045082 0.054110 0.045036 0.144710 0.156073 0.175309 0.000004 0.026333 0.023062 0.074273 0.080302 0.190951 0.056125 0.023749 0.008452 0.074873 0.048011 0.084718 0.000004 0.000004 0.060074 0.042145 0.044575 0.139573 0.086115 0.158243 0.045161 0.151561 0.000004 0.000004 0.297110 0.023752 0.076909 0.000004 0.096951 0.079829 0.000004 0.023575 0.068766 0.074438 0.012011 0.084669 0.015953 0.103170 0.039012 0.022304 0.060241 0.019916 0.078959 0.051424 0.016176 0.137093 0.130330 0.333595 0.000004 0.021738 0.031208 0.031701 0.000004 0.000004 0.007491 0.022651 0.030166 0.014937 0.078941 0.000004 0.000004 0.117627 0.122959 0.149691 0.134490 0.015105 0.000004 0.159314 0.155149 0.436900 0.021646 0.025639 0.215459 0.622735 0.000004 0.000004 0.000004 0.000004 0.009914 0.000004 0.142654 0.000004 0.086681 0.142881 0.362655 0.536038 0.374908 0.380651 0.356742 0.573492 0.261594 0.321214 0.681281 0.750155

tree length =  15.19231

((((9: 0.159077, 11: 0.253259): 0.000004, 10: 0.524731): 0.026151, (8: 0.016524, 6: 0.013683): 0.096907): 0.451713, (((((((((((20: 0.007651, 21: 0.000004): 0.065832, ((18: 0.015960, 19: 0.007038): 0.015567, 17: 0.023932): 0.036693): 0.102444, ((24: 0.054110, 64: 0.045036): 0.045082, 27: 0.144710): 0.035591): 0.030577, 31: 0.156073): 0.000004, 44: 0.175309): 0.000004, (((26: 0.074273, 28: 0.080302): 0.023062, 42: 0.190951): 0.026333, (((32: 0.074873, 23: 0.048011): 0.008452, (22: 0.000004, 29: 0.000004): 0.084718): 0.023749, 30: 0.060074): 0.056125): 0.000004): 0.038297, ((35: 0.139573, 37: 0.086115): 0.044575, 43: 0.158243): 0.042145): 0.041373, ((41: 0.000004, 40: 0.000004): 0.151561, ((((((46: 0.000004, 50: 0.023575): 0.079829, (48: 0.074438, 57: 0.012011): 0.068766): 0.096951, (((49: 0.039012, 34: 0.022304): 0.103170, 55: 0.060241): 0.015953, (45: 0.078959, 62: 0.051424): 0.019916): 0.084669): 0.000004, (((((51: 0.021738, 60: 0.031208): 0.000004, (((52: 0.007491, 54: 0.022651): 0.000004, 58: 0.030166): 0.000004, 59: 0.014937): 0.031701): 0.333595, (36: 0.000004, 47: 0.000004): 0.078941): 0.130330, (63: 0.122959, 53: 0.149691): 0.117627): 0.137093, (38: 0.015105, 39: 0.000004): 0.134490): 0.016176): 0.076909, 65: 0.159314): 0.023752, 33: 0.155149): 0.297110): 0.045161): 0.144310, (56: 0.021646, 61: 0.025639): 0.436900): 0.238114, 25: 0.215459): 0.951706, ((14: 0.000004, 15: 0.000004): 0.000004, 16: 0.000004): 0.622735): 1.364034, ((((((3: 0.362655, 5: 0.536038): 0.142881, 1: 0.374908): 0.086681, 2: 0.380651): 0.000004, (12: 0.573492, 7: 0.261594): 0.356742): 0.142654, 4: 0.321214): 0.000004, 13: 0.681281): 0.009914);

((((Q4HHS4: 0.159077, Q4HT09: 0.253259): 0.000004, B9KFK9: 0.524731): 0.026151, (A8FMW9: 0.016524, A7H2B7: 0.013683): 0.096907): 0.451713, (((((((((((B7K2B2: 0.007651, C7QNB7: 0.000004): 0.065832, ((A3IM06: 0.015960, B1WUB2: 0.007038): 0.015567, Q4C5V8: 0.023932): 0.036693): 0.102444, ((B7KEM9: 0.054110, B4AX04: 0.045036): 0.045082, B0JUQ3: 0.144710): 0.035591): 0.030577, P74533: 0.156073): 0.000004, B1XPL9: 0.175309): 0.000004, (((A0YKV2: 0.074273, B5VUA7: 0.080302): 0.023062, Q115W2: 0.190951): 0.026333, (((A0ZF29: 0.074873, B2J7Q3: 0.048011): 0.008452, (Q8YMF7: 0.000004, Q3MAW5: 0.000004): 0.084718): 0.023749, B9YKY0: 0.060074): 0.056125): 0.000004): 0.038297, ((Q8DGV8: 0.139573, B8HXF0: 0.086115): 0.044575, B0C882: 0.158243): 0.042145): 0.041373, ((Q31NH0: 0.000004, Q5N5P2: 0.000004): 0.151561, ((((((Q05ZR4: 0.000004, Q3AX77: 0.023575): 0.079829, (Q3AJ44: 0.074438, Q7U7Q3: 0.012011): 0.068766): 0.096951, (((A4CVI2: 0.039012, A5GLY6: 0.022304): 0.103170, Q0IBC2: 0.060241): 0.015953, (A3Z7Z6: 0.078959, Q05XX8: 0.051424): 0.019916): 0.084669): 0.000004, (((((Q7V0Z7: 0.021738, A2BX84: 0.031208): 0.000004, (((A3PDK2: 0.007491, A2BRS6: 0.022651): 0.000004, A8G5G7: 0.030166): 0.000004, Q31AC8: 0.014937): 0.031701): 0.333595, (Q46K36: 0.000004, A2C3I0: 0.000004): 0.078941): 0.130330, (Q7VBJ4: 0.122959, A9BB08: 0.149691): 0.117627): 0.137093, (A2C8B2: 0.015105, Q7V6R9: 0.000004): 0.134490): 0.016176): 0.076909, A3YYJ7: 0.159314): 0.023752, A5GS45: 0.155149): 0.297110): 0.045161): 0.144310, (Q2JH53: 0.021646, Q2JUS3: 0.025639): 0.436900): 0.238114, Q7NFM5: 0.215459): 0.951706, ((B7MQI7: 0.000004, P0A7H6: 0.000004): 0.000004, B7LLP8: 0.000004): 0.622735): 1.364034, ((((((Q30R19: 0.362655, A6QBG5: 0.536038): 0.142881, A8EUC6: 0.374908): 0.086681, D1AZY5: 0.380651): 0.000004, (P56214: 0.573492, Q7M9T2: 0.261594): 0.356742): 0.142654, A6Q485: 0.321214): 0.000004, B9L9M2: 0.681281): 0.009914);

Detailed output identifying parameters

alpha (gamma, K = 4) =  0.75016
rate:   0.08492  0.38626  0.94213  2.58669
freq:   0.25000  0.25000  0.25000  0.25000

Time used: 13:54
