AAML (in paml version 4.6, August 2012)  226.aa
Model: Empirical for branches,  Global clock  (../../../bin/LG.dat) dGamma (ncatG=5) ns =  65  ls = 764


Frequencies..
                                    A      R      N      D      C      Q      E      G      H      I      L      K      M      F      P      S      T      W      Y      V
A8ERV3                         0.06937 0.03141 0.04581 0.04843 0.01571 0.02487 0.09424 0.04974 0.02356 0.07592 0.07723 0.09686 0.01963 0.05105 0.04450 0.05497 0.05366 0.02487 0.04058 0.05759
D1B3G5                         0.08115 0.03534 0.05497 0.03927 0.01702 0.03141 0.08770 0.05366 0.02487 0.06414 0.07723 0.07592 0.02487 0.04843 0.04712 0.05890 0.05366 0.02356 0.04058 0.06021
A6QBX6                         0.07984 0.03665 0.04581 0.05497 0.01571 0.03010 0.09031 0.07068 0.02749 0.05890 0.08246 0.07068 0.02618 0.04058 0.04712 0.04319 0.05236 0.02225 0.04188 0.06283
A6Q512                         0.07199 0.04581 0.04319 0.05236 0.01178 0.03010 0.09162 0.05236 0.02356 0.06545 0.07984 0.08770 0.01832 0.04450 0.05366 0.04058 0.05497 0.02749 0.04319 0.06152
Q30Q82                         0.06283 0.03272 0.04712 0.05105 0.01440 0.02356 0.08377 0.05105 0.02225 0.06675 0.07592 0.09817 0.03010 0.06152 0.04058 0.06937 0.04450 0.02225 0.04058 0.06152
B9L687                         0.06545 0.04319 0.04450 0.05628 0.01047 0.01963 0.09424 0.05759 0.01832 0.06806 0.07592 0.09555 0.02094 0.04712 0.05236 0.04843 0.05236 0.02356 0.04581 0.06021
Q7M926                         0.07723 0.04712 0.04188 0.04188 0.01571 0.03010 0.08770 0.05890 0.02618 0.06021 0.09424 0.06675 0.02749 0.04581 0.05366 0.05628 0.05890 0.02487 0.03534 0.04974
Q4HTF6                         0.07723 0.03534 0.03796 0.04319 0.01440 0.03665 0.09555 0.05366 0.02094 0.06675 0.09162 0.09817 0.02225 0.05366 0.04188 0.05497 0.03272 0.02094 0.04319 0.05890
Q4HGN1                         0.07199 0.03272 0.05366 0.04974 0.01832 0.04188 0.09162 0.05105 0.01963 0.07068 0.08901 0.09817 0.02094 0.05105 0.03927 0.04843 0.02880 0.01963 0.04450 0.05890
A8FME4                         0.07723 0.02880 0.05236 0.04188 0.01571 0.04058 0.09686 0.04712 0.01963 0.07068 0.09686 0.10209 0.01963 0.05236 0.03927 0.05366 0.03141 0.01963 0.04450 0.04974
A7H2R6                         0.07723 0.03010 0.05236 0.04188 0.01571 0.04058 0.09293 0.04843 0.01963 0.06937 0.09948 0.10471 0.02094 0.04974 0.03927 0.05236 0.03010 0.01963 0.04450 0.05105
B9KCS8                         0.07461 0.02749 0.04974 0.05236 0.01702 0.02880 0.09293 0.04974 0.01963 0.07853 0.08115 0.10864 0.02225 0.04974 0.03796 0.05497 0.03141 0.01963 0.04974 0.05366
P56457                         0.07853 0.03665 0.06021 0.03796 0.01178 0.03403 0.08246 0.04712 0.02880 0.07853 0.09555 0.08770 0.02356 0.05236 0.04712 0.04450 0.04188 0.02225 0.04450 0.04450
A0ZA94                         0.08377 0.04712 0.03796 0.05759 0.00524 0.05366 0.07330 0.05628 0.01571 0.06152 0.08508 0.05759 0.02225 0.03927 0.06414 0.04319 0.05628 0.02880 0.03927 0.07199
B7LLH1                         0.09293 0.04712 0.04581 0.06283 0.01440 0.03403 0.07199 0.06152 0.01963 0.04188 0.08246 0.06414 0.03927 0.03403 0.04450 0.02749 0.06545 0.02487 0.04188 0.08377
P07813                         0.09293 0.04712 0.04712 0.06152 0.01440 0.03534 0.07068 0.06152 0.01963 0.04188 0.08246 0.06414 0.03927 0.03403 0.04450 0.02749 0.06545 0.02487 0.04188 0.08377
B7MRS9                         0.09293 0.04712 0.04581 0.06283 0.01440 0.03403 0.07068 0.06152 0.01963 0.04188 0.08246 0.06545 0.03927 0.03403 0.04450 0.02749 0.06545 0.02487 0.04188 0.08377
B8HM05                         0.08115 0.05497 0.02749 0.05759 0.00654 0.06414 0.06283 0.05890 0.01702 0.06021 0.08901 0.05236 0.01702 0.03272 0.06021 0.04450 0.06806 0.02880 0.04188 0.07461
B4B305                         0.06937 0.04319 0.04188 0.06021 0.00654 0.04843 0.07199 0.05890 0.01963 0.05628 0.08639 0.07330 0.02618 0.03796 0.05366 0.04450 0.05236 0.02618 0.03796 0.08508
A5GT82                         0.10209 0.06414 0.02487 0.07199 0.01047 0.05628 0.06021 0.06283 0.01702 0.03665 0.09686 0.03927 0.02225 0.03534 0.05236 0.05366 0.05497 0.02880 0.02356 0.08639
Q8YS09                         0.08115 0.05105 0.03665 0.06021 0.00524 0.04843 0.07068 0.05890 0.01571 0.05497 0.08639 0.06152 0.01963 0.04058 0.05497 0.04712 0.06152 0.02749 0.03665 0.08115
Q3M3A3                         0.08115 0.04974 0.03665 0.05890 0.00524 0.04974 0.07199 0.05890 0.01702 0.05497 0.08639 0.05890 0.01963 0.04058 0.05497 0.04974 0.05759 0.02749 0.03665 0.08377
Q31LW9                         0.09031 0.06021 0.02356 0.07068 0.00785 0.06545 0.05890 0.06021 0.01571 0.04188 0.08901 0.03796 0.01963 0.04058 0.06152 0.04581 0.06545 0.03010 0.03272 0.08246
B9YTX9                         0.07330 0.04712 0.04319 0.05497 0.00654 0.04450 0.07330 0.06414 0.01832 0.07199 0.09162 0.06414 0.02225 0.04058 0.05628 0.04188 0.04974 0.02749 0.03796 0.07068
A3IQR2                         0.07068 0.04319 0.04450 0.06283 0.00654 0.04450 0.07984 0.06283 0.01832 0.05890 0.08639 0.06545 0.02356 0.03534 0.05497 0.04319 0.05366 0.02618 0.03927 0.07984
C7QSG6                         0.07592 0.04319 0.03796 0.06021 0.00654 0.04712 0.07984 0.06283 0.01571 0.06283 0.09686 0.06937 0.02094 0.03272 0.05105 0.03927 0.05628 0.02618 0.04319 0.07199
B1XP90                         0.09293 0.04188 0.03272 0.07199 0.00785 0.04581 0.06937 0.05759 0.01571 0.06152 0.08639 0.06414 0.02487 0.03796 0.04974 0.04058 0.05628 0.02618 0.03665 0.07984
Q5N006                         0.09162 0.06021 0.02356 0.07068 0.00785 0.06545 0.05628 0.06021 0.01571 0.04188 0.08901 0.04058 0.01963 0.04188 0.06021 0.04581 0.06545 0.03010 0.03272 0.08115
B7KCI7                         0.06675 0.04058 0.03010 0.06021 0.00654 0.05628 0.07199 0.06021 0.02094 0.05628 0.08377 0.07068 0.02749 0.03927 0.05497 0.04843 0.05628 0.02618 0.03665 0.08639
B7JYA9                         0.07592 0.04319 0.03796 0.06152 0.00654 0.04712 0.07853 0.06283 0.01571 0.06283 0.09555 0.06937 0.02094 0.03272 0.05236 0.03927 0.05628 0.02618 0.04319 0.07199
Q8DH61                         0.09162 0.06414 0.02225 0.04974 0.00654 0.06283 0.06937 0.06545 0.02356 0.05628 0.08770 0.04319 0.01963 0.03665 0.06152 0.04319 0.05890 0.02880 0.03796 0.07068
B2J7T9                         0.08115 0.04974 0.03665 0.05759 0.00654 0.05105 0.06937 0.05759 0.01571 0.06937 0.08115 0.06021 0.01963 0.04319 0.05890 0.04712 0.05628 0.02618 0.03796 0.07461
B1WSK6                         0.07068 0.04319 0.04450 0.06283 0.00654 0.04450 0.08508 0.06021 0.01702 0.05759 0.08639 0.06806 0.02487 0.03534 0.05236 0.04188 0.05236 0.02618 0.04058 0.07984
B0JTS8                         0.06937 0.04712 0.03665 0.05628 0.00654 0.04974 0.07592 0.06021 0.01571 0.06806 0.09555 0.06414 0.02094 0.04058 0.05366 0.04581 0.06283 0.02618 0.03665 0.06806
Q7NE01                         0.09555 0.07068 0.02618 0.04974 0.00916 0.04450 0.07723 0.07592 0.01832 0.04450 0.08639 0.04188 0.01832 0.03927 0.06414 0.04319 0.03796 0.02749 0.03927 0.09031
B5VWT9                         0.06937 0.04974 0.03534 0.06675 0.00654 0.05759 0.06414 0.06152 0.02094 0.05759 0.08246 0.05497 0.02225 0.04188 0.06152 0.04581 0.05890 0.02749 0.03665 0.07853
Q2JV13                         0.09293 0.06414 0.02880 0.05497 0.00785 0.05105 0.07461 0.06545 0.01832 0.04058 0.09948 0.04319 0.02225 0.03796 0.06414 0.03927 0.05236 0.03141 0.03141 0.07984
B0C1R1                         0.08508 0.04450 0.03141 0.05628 0.00524 0.03927 0.08115 0.06152 0.01571 0.04974 0.08639 0.07199 0.02225 0.03665 0.05890 0.04974 0.05890 0.02880 0.03403 0.08246
A3YZL1                         0.10864 0.07723 0.02094 0.06675 0.00916 0.04974 0.06414 0.07461 0.02487 0.04319 0.09948 0.02356 0.02094 0.03403 0.06021 0.04581 0.04058 0.03141 0.02749 0.07723
Q7U6T1                         0.08901 0.07068 0.02749 0.07461 0.00916 0.05628 0.05890 0.06414 0.02356 0.04581 0.09948 0.02880 0.01832 0.03141 0.05759 0.05759 0.05497 0.03141 0.02225 0.07853
A3Z6T6                         0.10471 0.07984 0.02225 0.06806 0.00785 0.05628 0.06675 0.06675 0.02618 0.04058 0.10471 0.02618 0.01963 0.03403 0.05759 0.04581 0.04712 0.03141 0.02225 0.07199
Q4C3I7                         0.06937 0.04450 0.04450 0.06806 0.00654 0.04712 0.07199 0.06414 0.01702 0.06021 0.08770 0.06675 0.02356 0.03534 0.05236 0.04319 0.04974 0.02618 0.03927 0.08246
Q7TV01                         0.08770 0.06545 0.03010 0.07068 0.00916 0.04974 0.06021 0.06283 0.02618 0.06414 0.09817 0.03927 0.02094 0.03403 0.05236 0.05236 0.04581 0.03141 0.02356 0.07592
A2C9U0                         0.08508 0.06414 0.02749 0.07068 0.00916 0.05105 0.05890 0.06545 0.02487 0.06283 0.09686 0.03796 0.02487 0.03403 0.05236 0.05105 0.05236 0.03141 0.02356 0.07592
P73274                         0.08246 0.04843 0.03272 0.06283 0.00654 0.05628 0.06806 0.05890 0.01832 0.06021 0.09424 0.05890 0.02487 0.04058 0.05759 0.03403 0.05759 0.02749 0.03403 0.07592
A9BAE4                         0.05236 0.03927 0.06021 0.06283 0.00785 0.04319 0.06021 0.05366 0.01702 0.08246 0.09293 0.08901 0.02487 0.03010 0.04450 0.06937 0.04581 0.02880 0.03665 0.05890
Q067B9                         0.08770 0.06675 0.03010 0.07592 0.01047 0.05628 0.05366 0.06806 0.01832 0.04974 0.09555 0.03534 0.01963 0.03272 0.05497 0.05890 0.06283 0.03141 0.02094 0.07068
Q0IAE0                         0.09555 0.07330 0.02618 0.07723 0.01047 0.04712 0.05628 0.06806 0.02487 0.04319 0.09555 0.03141 0.02225 0.03272 0.05628 0.05890 0.04843 0.03141 0.02356 0.07723
Q2JHX0                         0.09555 0.06414 0.02618 0.05890 0.00785 0.04974 0.07199 0.06806 0.01963 0.04581 0.08901 0.05105 0.02487 0.04058 0.05890 0.03927 0.04843 0.03141 0.03141 0.07723
Q05SY5                         0.09555 0.06937 0.01832 0.07723 0.00785 0.04712 0.06021 0.06283 0.02356 0.04712 0.10079 0.04058 0.02094 0.03534 0.06414 0.04974 0.05105 0.03141 0.02094 0.07592
Q3AXV7                         0.08770 0.06675 0.03141 0.07853 0.01047 0.05628 0.04974 0.06937 0.01832 0.05105 0.09555 0.03534 0.01963 0.03141 0.05497 0.06152 0.06021 0.03141 0.02094 0.06937
Q7V1I2                         0.04712 0.03796 0.07592 0.06283 0.01047 0.03010 0.07068 0.04581 0.01963 0.10079 0.08901 0.09817 0.01832 0.04450 0.03927 0.06545 0.03927 0.02749 0.02880 0.04843
Q3AJU8                         0.09555 0.06414 0.03403 0.06806 0.00785 0.04712 0.06545 0.07330 0.01963 0.04058 0.09948 0.03665 0.01963 0.03141 0.05497 0.06152 0.04450 0.03141 0.02094 0.08377
A5GL71                         0.09817 0.07723 0.02487 0.07592 0.00916 0.04974 0.05759 0.06675 0.02225 0.04450 0.09817 0.03141 0.01963 0.03403 0.05497 0.05366 0.04712 0.03141 0.02487 0.07853
A4CUI7                         0.09555 0.07984 0.02487 0.07853 0.00916 0.04581 0.05497 0.06545 0.02618 0.04843 0.10079 0.02618 0.01963 0.03534 0.05759 0.06021 0.03927 0.03141 0.02356 0.07723
Q46L15                         0.05366 0.03665 0.06283 0.06545 0.01309 0.03796 0.06414 0.04712 0.01309 0.09162 0.08115 0.09424 0.02487 0.03665 0.04188 0.06283 0.05366 0.02880 0.03534 0.05497
A3PCW8                         0.05628 0.03141 0.08377 0.05628 0.01178 0.02749 0.06806 0.04319 0.01571 0.09162 0.08770 0.10340 0.02094 0.03927 0.04188 0.05890 0.04058 0.02880 0.03796 0.05497
A2BR45                         0.05366 0.03141 0.08770 0.05759 0.01178 0.02749 0.06675 0.04581 0.01702 0.09293 0.08770 0.09686 0.02094 0.03927 0.04058 0.06414 0.04058 0.02880 0.03665 0.05236
A2C242                         0.05366 0.03796 0.06283 0.07068 0.01309 0.03665 0.06021 0.04712 0.01309 0.08770 0.08246 0.09293 0.02487 0.03534 0.04188 0.06152 0.05628 0.02880 0.03534 0.05759
A8G4T7                         0.05628 0.03272 0.08246 0.05628 0.01178 0.03010 0.07199 0.04319 0.01702 0.09293 0.08770 0.09424 0.02225 0.04058 0.04058 0.05890 0.04058 0.02880 0.03927 0.05236
A2BWL7                         0.04843 0.03403 0.08377 0.06021 0.01571 0.03403 0.06937 0.04581 0.01440 0.09555 0.08770 0.10995 0.01832 0.04450 0.03927 0.05105 0.03927 0.02880 0.03534 0.04450
Q31AX4                         0.05236 0.03141 0.08770 0.05236 0.01178 0.02618 0.06937 0.04450 0.01571 0.09817 0.08770 0.09555 0.02094 0.04058 0.04058 0.06675 0.04188 0.02880 0.03796 0.04974
A0Z049                         0.06937 0.04712 0.03927 0.06283 0.01047 0.04319 0.08246 0.05366 0.01571 0.05105 0.08508 0.06414 0.02618 0.03927 0.06152 0.04581 0.05628 0.02749 0.03927 0.07984
Q114V5                         0.07461 0.04712 0.03927 0.06545 0.00654 0.04974 0.07068 0.06152 0.01702 0.05366 0.07723 0.06414 0.02749 0.04450 0.06021 0.03796 0.05497 0.02749 0.03534 0.08508
Q7VBZ5                         0.04581 0.03665 0.05890 0.05628 0.01309 0.03141 0.06806 0.05759 0.01702 0.09424 0.09424 0.08770 0.02487 0.03534 0.04188 0.05628 0.05628 0.02749 0.04188 0.05497

Homogeneity statistic: X2 = 3.13475 G = 3.13494 

Average                        0.07811 0.04897 0.04239 0.06051 0.01009 0.04364 0.07249 0.05872 0.01943 0.06194 0.08945 0.06641 0.02286 0.03963 0.05161 0.04952 0.05119 0.02733 0.03564 0.07008

# constant sites:    149 (19.50%)
ln Lmax (unconstrained) = -4749.388999

AA distances (raw proportions of different sites)

A8ERV3         
D1B3G5           0.2709
A6QBX6           0.3089  0.3220
A6Q512           0.3063  0.3246  0.3364
Q30Q82           0.3325  0.3442  0.3691  0.3325
B9L687           0.3298  0.3403  0.3246  0.3154  0.3613
Q7M926           0.3416  0.3508  0.3678  0.3181  0.3770  0.3717
Q4HTF6           0.3272  0.3377  0.3613  0.3573  0.3639  0.3626  0.3665
Q4HGN1           0.3338  0.3495  0.3730  0.3586  0.3586  0.3704  0.3665  0.1950
A8FME4           0.3285  0.3455  0.3534  0.3455  0.3613  0.3534  0.3599  0.1911  0.1440
A7H2R6           0.3338  0.3495  0.3626  0.3534  0.3652  0.3586  0.3652  0.1963  0.1531  0.0196
B9KCS8           0.3586  0.3626  0.3717  0.3678  0.3599  0.3586  0.3796  0.2474  0.2421  0.2120  0.2160
P56457           0.3966  0.3861  0.4202  0.3652  0.4162  0.4045  0.3770  0.3691  0.3717  0.3573  0.3613  0.3796
A0ZA94           0.5052  0.4948  0.5118  0.4686  0.5301  0.4856  0.4987  0.5393  0.5380  0.5301  0.5327  0.5340  0.5236
B7LLH1           0.5183  0.4987  0.5065  0.4843  0.5249  0.4895  0.5026  0.5196  0.5183  0.5144  0.5170  0.5301  0.5353  0.5026
P07813           0.5183  0.4987  0.5065  0.4843  0.5249  0.4895  0.5026  0.5209  0.5196  0.5157  0.5183  0.5301  0.5353  0.5013  0.0026
B7MRS9           0.5196  0.5000  0.5065  0.4856  0.5262  0.4908  0.5026  0.5183  0.5196  0.5131  0.5157  0.5288  0.5353  0.5026  0.0013  0.0039
B8HM05           0.5183  0.5065  0.5183  0.4882  0.5393  0.5065  0.4974  0.5458  0.5419  0.5380  0.5380  0.5314  0.5288  0.2003  0.4974  0.4961  0.4974
B4B305           0.5131  0.5013  0.5183  0.4843  0.5353  0.5052  0.5052  0.5484  0.5327  0.5314  0.5301  0.5393  0.5223  0.2225  0.5052  0.5052  0.5039  0.2317
A5GT82           0.5262  0.5144  0.5432  0.5209  0.5510  0.5262  0.5157  0.5537  0.5524  0.5471  0.5497  0.5563  0.5510  0.3573  0.5236  0.5236  0.5236  0.3429  0.3338
Q8YS09           0.5131  0.5000  0.5105  0.4738  0.5275  0.4948  0.4974  0.5380  0.5366  0.5314  0.5314  0.5249  0.5196  0.1178  0.5026  0.5026  0.5026  0.2003  0.2186  0.3455
Q3M3A3           0.5157  0.5000  0.5105  0.4751  0.5301  0.4935  0.4961  0.5380  0.5353  0.5301  0.5314  0.5262  0.5209  0.1217  0.5000  0.5000  0.5000  0.2042  0.2212  0.3442  0.0144
Q31LW9           0.5275  0.5039  0.5079  0.4908  0.5353  0.4974  0.5000  0.5537  0.5445  0.5393  0.5406  0.5432  0.5353  0.2749  0.5013  0.5013  0.5013  0.2474  0.2736  0.3246  0.2736  0.2749
B9YTX9           0.5105  0.5079  0.5157  0.4843  0.5288  0.4961  0.5079  0.5445  0.5314  0.5275  0.5262  0.5288  0.5209  0.1466  0.5065  0.5065  0.5065  0.2304  0.2382  0.3730  0.1610  0.1649  0.2945
A3IQR2           0.5183  0.4987  0.5065  0.4843  0.5314  0.5013  0.5000  0.5340  0.5340  0.5301  0.5314  0.5340  0.5249  0.2277  0.5065  0.5065  0.5079  0.2304  0.1675  0.3377  0.2212  0.2251  0.2696  0.2500
C7QSG6           0.5223  0.5105  0.5144  0.4961  0.5340  0.5079  0.5079  0.5393  0.5380  0.5340  0.5327  0.5406  0.5196  0.2356  0.5131  0.5131  0.5144  0.2448  0.1649  0.3442  0.2251  0.2291  0.2683  0.2579  0.0903
B1XP90           0.5105  0.5065  0.5223  0.4895  0.5393  0.4974  0.5000  0.5432  0.5419  0.5406  0.5406  0.5288  0.5314  0.2552  0.5092  0.5092  0.5092  0.2696  0.2251  0.3272  0.2474  0.2513  0.2500  0.2736  0.2147  0.2277
Q5N006           0.5288  0.5065  0.5105  0.4921  0.5380  0.5000  0.5026  0.5563  0.5471  0.5419  0.5432  0.5458  0.5380  0.2788  0.5052  0.5052  0.5052  0.2500  0.2762  0.3285  0.2775  0.2788  0.0052  0.2971  0.2723  0.2709  0.2526
B7KCI7           0.5170  0.5052  0.5209  0.4869  0.5445  0.5092  0.5092  0.5550  0.5406  0.5288  0.5288  0.5406  0.5236  0.2330  0.5131  0.5131  0.5131  0.2317  0.0916  0.3403  0.2199  0.2225  0.2683  0.2421  0.1728  0.1741  0.2356  0.2709
B7JYA9           0.5236  0.5105  0.5144  0.4974  0.5353  0.5092  0.5092  0.5406  0.5393  0.5353  0.5340  0.5419  0.5196  0.2356  0.5131  0.5131  0.5144  0.2448  0.1649  0.3442  0.2251  0.2291  0.2683  0.2579  0.0916  0.0039  0.2277  0.2709  0.1728
Q8DH61           0.5275  0.5026  0.5157  0.4908  0.5458  0.5026  0.4908  0.5353  0.5366  0.5327  0.5327  0.5419  0.5314  0.2618  0.5026  0.5026  0.5026  0.2343  0.2421  0.3285  0.2500  0.2526  0.2592  0.2736  0.2526  0.2539  0.2657  0.2618  0.2500  0.2539
B2J7T9           0.5144  0.5039  0.5209  0.4764  0.5314  0.4987  0.5000  0.5471  0.5432  0.5353  0.5353  0.5353  0.5236  0.1047  0.5105  0.5105  0.5105  0.2055  0.2160  0.3586  0.1099  0.1152  0.2723  0.1374  0.2277  0.2291  0.2579  0.2762  0.2277  0.2291  0.2500
B1WSK6           0.5209  0.5000  0.5105  0.4804  0.5288  0.4961  0.5013  0.5327  0.5353  0.5340  0.5353  0.5380  0.5262  0.2277  0.4974  0.4974  0.4987  0.2395  0.1649  0.3403  0.2225  0.2264  0.2657  0.2526  0.0340  0.0929  0.2107  0.2683  0.1741  0.0929  0.2552  0.2291
B0JTS8           0.5275  0.4948  0.5144  0.4882  0.5340  0.4908  0.4948  0.5380  0.5353  0.5275  0.5275  0.5327  0.5301  0.2238  0.5065  0.5065  0.5079  0.2382  0.1937  0.3482  0.2173  0.2212  0.2605  0.2343  0.1793  0.1859  0.2277  0.2631  0.2016  0.1832  0.2513  0.2212  0.1767
Q7NE01           0.5288  0.5052  0.5157  0.4843  0.5366  0.4948  0.5013  0.5327  0.5301  0.5301  0.5327  0.5380  0.5366  0.3469  0.4882  0.4882  0.4895  0.3652  0.3469  0.3874  0.3416  0.3377  0.3246  0.3717  0.3613  0.3626  0.3442  0.3285  0.3495  0.3639  0.3390  0.3442  0.3560  0.3508
B5VWT9           0.5275  0.5052  0.5183  0.4817  0.5366  0.5131  0.5052  0.5524  0.5458  0.5366  0.5380  0.5419  0.5262  0.2225  0.5118  0.5118  0.5118  0.2343  0.2186  0.3455  0.2042  0.2081  0.2618  0.2395  0.2238  0.2317  0.2592  0.2644  0.2160  0.2304  0.2539  0.2081  0.2291  0.2186  0.3390
Q2JV13           0.5275  0.5092  0.5183  0.4869  0.5275  0.4987  0.4974  0.5458  0.5432  0.5340  0.5366  0.5366  0.5275  0.3115  0.4961  0.4961  0.4961  0.3207  0.3115  0.3639  0.3050  0.3037  0.3168  0.3246  0.3233  0.3233  0.3259  0.3207  0.3259  0.3246  0.3128  0.3076  0.3285  0.3207  0.3442  0.3141
B0C1R1           0.5275  0.5013  0.5065  0.4921  0.5380  0.4921  0.5000  0.5510  0.5419  0.5380  0.5380  0.5497  0.5223  0.2369  0.4974  0.4974  0.4974  0.2147  0.2186  0.3521  0.2264  0.2264  0.2801  0.2513  0.2094  0.2264  0.2552  0.2827  0.2173  0.2264  0.2644  0.2304  0.2120  0.2186  0.3521  0.2277  0.3285
A3YZL1           0.5314  0.5223  0.5314  0.5079  0.5576  0.5340  0.5170  0.5510  0.5510  0.5419  0.5458  0.5524  0.5471  0.3351  0.5026  0.5026  0.5026  0.3285  0.3338  0.2958  0.3377  0.3351  0.2919  0.3455  0.3259  0.3377  0.3377  0.2945  0.3403  0.3377  0.3312  0.3325  0.3298  0.3325  0.3573  0.3285  0.3272  0.3442
Q7U6T1           0.5314  0.5131  0.5393  0.5157  0.5589  0.5288  0.5196  0.5563  0.5484  0.5445  0.5471  0.5537  0.5641  0.3639  0.5131  0.5131  0.5144  0.3599  0.3573  0.3141  0.3599  0.3560  0.3168  0.3717  0.3521  0.3626  0.3626  0.3207  0.3547  0.3613  0.3482  0.3652  0.3599  0.3534  0.3966  0.3626  0.3626  0.3822  0.2880
A3Z6T6           0.5327  0.5105  0.5223  0.5131  0.5353  0.5249  0.5144  0.5484  0.5380  0.5393  0.5406  0.5393  0.5537  0.3521  0.5144  0.5144  0.5157  0.3521  0.3599  0.3050  0.3534  0.3482  0.3246  0.3586  0.3613  0.3639  0.3678  0.3272  0.3665  0.3613  0.3429  0.3586  0.3665  0.3521  0.3861  0.3678  0.3403  0.3652  0.2579  0.2435
Q4C3I7           0.5196  0.5013  0.5052  0.4777  0.5314  0.4974  0.4974  0.5353  0.5340  0.5366  0.5380  0.5393  0.5262  0.2277  0.5065  0.5065  0.5079  0.2448  0.1780  0.3351  0.2291  0.2317  0.2749  0.2605  0.0510  0.1060  0.2173  0.2775  0.1793  0.1073  0.2579  0.2369  0.0576  0.1859  0.3626  0.2343  0.3338  0.2225  0.3338  0.3534  0.3652
Q7TV01           0.5419  0.5223  0.5353  0.5209  0.5615  0.5314  0.5262  0.5641  0.5563  0.5524  0.5576  0.5537  0.5550  0.3770  0.5249  0.5249  0.5249  0.3809  0.3835  0.3285  0.3691  0.3691  0.3312  0.3796  0.3704  0.3848  0.3796  0.3338  0.3874  0.3848  0.3521  0.3691  0.3757  0.3704  0.4031  0.3757  0.3652  0.3848  0.2788  0.2618  0.2343  0.3704
A2C9U0           0.5445  0.5236  0.5393  0.5236  0.5589  0.5327  0.5275  0.5641  0.5576  0.5524  0.5576  0.5563  0.5576  0.3770  0.5301  0.5301  0.5301  0.3770  0.3809  0.3246  0.3652  0.3652  0.3298  0.3796  0.3639  0.3796  0.3730  0.3325  0.3848  0.3796  0.3586  0.3678  0.3678  0.3639  0.4018  0.3743  0.3599  0.3822  0.2775  0.2605  0.2304  0.3639  0.0301
P73274           0.5236  0.5131  0.5262  0.5026  0.5484  0.5039  0.5131  0.5563  0.5432  0.5366  0.5366  0.5458  0.5327  0.2565  0.5196  0.5183  0.5209  0.2539  0.2277  0.3325  0.2474  0.2474  0.2592  0.2775  0.2147  0.2238  0.2435  0.2631  0.2369  0.2238  0.2408  0.2474  0.2160  0.2120  0.3586  0.2343  0.3181  0.2565  0.3154  0.3377  0.3272  0.2264  0.3613  0.3560
A9BAE4           0.5380  0.5419  0.5550  0.5183  0.5524  0.5353  0.5366  0.5497  0.5393  0.5445  0.5419  0.5576  0.5510  0.4228  0.5314  0.5327  0.5314  0.4123  0.3979  0.4123  0.4123  0.4110  0.4031  0.4149  0.3874  0.3966  0.4071  0.4058  0.4058  0.3966  0.4097  0.4215  0.3927  0.4018  0.4424  0.3992  0.3940  0.4175  0.3757  0.3796  0.3848  0.3887  0.3704  0.3717  0.3927
Q067B9           0.5419  0.5262  0.5510  0.5131  0.5602  0.5327  0.5183  0.5589  0.5458  0.5524  0.5550  0.5681  0.5641  0.3678  0.5170  0.5170  0.5183  0.3547  0.3573  0.3246  0.3534  0.3521  0.3416  0.3678  0.3613  0.3652  0.3586  0.3455  0.3639  0.3652  0.3521  0.3586  0.3691  0.3626  0.3979  0.3613  0.3547  0.3717  0.2853  0.1924  0.2539  0.3599  0.2696  0.2670  0.3455  0.3586
Q0IAE0           0.5432  0.5196  0.5445  0.5327  0.5615  0.5406  0.5223  0.5602  0.5576  0.5563  0.5602  0.5628  0.5681  0.3835  0.5196  0.5196  0.5196  0.3704  0.3730  0.3102  0.3639  0.3639  0.3455  0.3848  0.3665  0.3757  0.3730  0.3495  0.3887  0.3730  0.3586  0.3783  0.3717  0.3652  0.4031  0.3613  0.3521  0.3848  0.2788  0.2605  0.2238  0.3717  0.2579  0.2579  0.3390  0.3717  0.2618
Q2JHX0           0.5340  0.5183  0.5288  0.4987  0.5340  0.5079  0.5000  0.5524  0.5471  0.5393  0.5419  0.5393  0.5314  0.3168  0.5105  0.5105  0.5105  0.3194  0.3128  0.3626  0.3037  0.3050  0.3089  0.3233  0.3102  0.3181  0.3259  0.3128  0.3168  0.3194  0.3076  0.3050  0.3220  0.3154  0.3547  0.3115  0.0785  0.3285  0.3351  0.3678  0.3547  0.3246  0.3678  0.3639  0.3115  0.3940  0.3586  0.3586
Q05SY5           0.5327  0.5105  0.5380  0.5092  0.5445  0.5118  0.5131  0.5510  0.5366  0.5366  0.5419  0.5458  0.5445  0.3534  0.5157  0.5157  0.5170  0.3495  0.3547  0.3010  0.3455  0.3469  0.3325  0.3743  0.3521  0.3573  0.3534  0.3351  0.3599  0.3573  0.3312  0.3521  0.3573  0.3573  0.3927  0.3534  0.3521  0.3639  0.2657  0.2500  0.1950  0.3455  0.2277  0.2291  0.3325  0.3652  0.2382  0.2304  0.3613
Q3AXV7           0.5419  0.5249  0.5497  0.5118  0.5563  0.5288  0.5131  0.5589  0.5458  0.5576  0.5602  0.5668  0.5641  0.3704  0.5170  0.5170  0.5183  0.3547  0.3573  0.3207  0.3534  0.3521  0.3469  0.3691  0.3626  0.3665  0.3573  0.3508  0.3652  0.3665  0.3508  0.3586  0.3704  0.3586  0.3966  0.3639  0.3573  0.3704  0.2880  0.2042  0.2579  0.3613  0.2670  0.2644  0.3455  0.3586  0.0353  0.2631  0.3573  0.2421
Q7V1I2           0.5380  0.5353  0.5615  0.5118  0.5563  0.5353  0.5458  0.5628  0.5589  0.5576  0.5589  0.5550  0.5524  0.4254  0.5327  0.5314  0.5340  0.4254  0.4097  0.4555  0.4215  0.4241  0.4332  0.4123  0.4084  0.4071  0.4084  0.4359  0.4162  0.4071  0.4215  0.4188  0.4071  0.4123  0.4503  0.4188  0.4581  0.4293  0.4411  0.4359  0.4398  0.4071  0.4424  0.4476  0.4215  0.4228  0.4424  0.4280  0.4516  0.4267  0.4424
Q3AJU8           0.5380  0.5065  0.5393  0.5118  0.5497  0.5262  0.5196  0.5628  0.5327  0.5484  0.5537  0.5641  0.5510  0.3704  0.5079  0.5079  0.5092  0.3730  0.3560  0.3024  0.3534  0.3508  0.3325  0.3665  0.3665  0.3730  0.3613  0.3364  0.3586  0.3704  0.3534  0.3613  0.3743  0.3586  0.4084  0.3665  0.3626  0.3665  0.2853  0.1819  0.2238  0.3678  0.2435  0.2487  0.3429  0.3770  0.1688  0.2435  0.3678  0.2382  0.1584  0.4346
A5GL71           0.5366  0.5236  0.5249  0.5092  0.5563  0.5275  0.5131  0.5497  0.5445  0.5406  0.5458  0.5524  0.5458  0.3613  0.5092  0.5092  0.5092  0.3599  0.3599  0.3181  0.3521  0.3534  0.3442  0.3743  0.3534  0.3652  0.3652  0.3482  0.3704  0.3652  0.3521  0.3573  0.3599  0.3573  0.3966  0.3652  0.3521  0.3560  0.2696  0.2526  0.2251  0.3560  0.2487  0.2500  0.3482  0.3835  0.2539  0.2160  0.3586  0.2225  0.2579  0.4411  0.2448
A4CUI7           0.5406  0.5275  0.5301  0.5118  0.5615  0.5314  0.5170  0.5524  0.5458  0.5432  0.5484  0.5458  0.5484  0.3586  0.5079  0.5079  0.5079  0.3534  0.3626  0.3194  0.3521  0.3495  0.3508  0.3665  0.3560  0.3639  0.3652  0.3547  0.3704  0.3639  0.3495  0.3547  0.3626  0.3573  0.3914  0.3678  0.3521  0.3626  0.2788  0.2552  0.2238  0.3599  0.2513  0.2526  0.3508  0.3757  0.2579  0.2134  0.3560  0.2199  0.2618  0.4359  0.2448  0.0654
Q46L15           0.5510  0.5563  0.5641  0.5262  0.5628  0.5550  0.5615  0.5746  0.5694  0.5576  0.5589  0.5785  0.5615  0.4293  0.5550  0.5550  0.5550  0.4319  0.4123  0.4306  0.4254  0.4254  0.4293  0.4188  0.4188  0.4097  0.4254  0.4293  0.4254  0.4071  0.4359  0.4280  0.4149  0.4097  0.4712  0.4162  0.4411  0.4202  0.4136  0.3992  0.4123  0.4202  0.4228  0.4241  0.4215  0.3887  0.4018  0.4058  0.4450  0.4123  0.4031  0.4162  0.4045  0.3966  0.3927
A3PCW8           0.5327  0.5393  0.5654  0.5262  0.5406  0.5380  0.5458  0.5576  0.5550  0.5445  0.5458  0.5497  0.5589  0.4568  0.5288  0.5288  0.5288  0.4490  0.4215  0.4699  0.4411  0.4437  0.4450  0.4306  0.4293  0.4254  0.4319  0.4463  0.4372  0.4254  0.4346  0.4411  0.4267  0.4319  0.4777  0.4319  0.4542  0.4411  0.4359  0.4529  0.4411  0.4346  0.4463  0.4503  0.4280  0.4084  0.4450  0.4319  0.4503  0.4228  0.4437  0.2277  0.4503  0.4359  0.4424  0.4123
A2BR45           0.5393  0.5380  0.5628  0.5236  0.5445  0.5380  0.5445  0.5576  0.5563  0.5471  0.5484  0.5510  0.5550  0.4542  0.5236  0.5236  0.5236  0.4463  0.4149  0.4620  0.4372  0.4398  0.4437  0.4267  0.4202  0.4202  0.4319  0.4450  0.4319  0.4202  0.4332  0.4424  0.4162  0.4228  0.4660  0.4267  0.4463  0.4385  0.4346  0.4476  0.4346  0.4241  0.4437  0.4463  0.4241  0.4058  0.4450  0.4254  0.4437  0.4254  0.4437  0.2238  0.4503  0.4332  0.4398  0.4058  0.0537
A2C242           0.5524  0.5589  0.5641  0.5288  0.5628  0.5537  0.5589  0.5759  0.5720  0.5602  0.5615  0.5785  0.5615  0.4306  0.5537  0.5537  0.5537  0.4319  0.4149  0.4293  0.4267  0.4267  0.4267  0.4202  0.4215  0.4149  0.4254  0.4267  0.4280  0.4123  0.4359  0.4293  0.4162  0.4123  0.4699  0.4215  0.4411  0.4202  0.4123  0.3979  0.4084  0.4228  0.4202  0.4215  0.4202  0.3901  0.4031  0.4045  0.4476  0.4110  0.4031  0.4188  0.4031  0.3940  0.3927  0.0157  0.4136  0.4071
A8G4T7           0.5340  0.5353  0.5576  0.5196  0.5419  0.5327  0.5432  0.5563  0.5537  0.5458  0.5458  0.5484  0.5550  0.4516  0.5236  0.5236  0.5236  0.4463  0.4162  0.4647  0.4346  0.4372  0.4476  0.4254  0.4241  0.4241  0.4293  0.4503  0.4306  0.4241  0.4280  0.4424  0.4202  0.4254  0.4647  0.4306  0.4463  0.4411  0.4372  0.4516  0.4437  0.4254  0.4463  0.4516  0.4254  0.4005  0.4437  0.4319  0.4490  0.4293  0.4424  0.2304  0.4516  0.4411  0.4463  0.4149  0.0576  0.0602  0.4162
A2BWL7           0.5484  0.5445  0.5615  0.5288  0.5563  0.5380  0.5510  0.5720  0.5589  0.5628  0.5654  0.5576  0.5537  0.4398  0.5236  0.5236  0.5236  0.4306  0.4215  0.4673  0.4280  0.4319  0.4332  0.4241  0.4175  0.4136  0.4188  0.4346  0.4306  0.4149  0.4293  0.4319  0.4149  0.4149  0.4647  0.4241  0.4476  0.4293  0.4450  0.4398  0.4411  0.4175  0.4503  0.4490  0.4267  0.4175  0.4490  0.4332  0.4450  0.4359  0.4476  0.1440  0.4437  0.4385  0.4411  0.4175  0.2186  0.2094  0.4215  0.2291
Q31AX4           0.5393  0.5393  0.5602  0.5196  0.5419  0.5340  0.5432  0.5563  0.5550  0.5497  0.5510  0.5419  0.5589  0.4516  0.5223  0.5223  0.5223  0.4437  0.4202  0.4647  0.4332  0.4359  0.4463  0.4280  0.4280  0.4228  0.4346  0.4476  0.4359  0.4228  0.4319  0.4411  0.4215  0.4267  0.4647  0.4332  0.4542  0.4437  0.4398  0.4516  0.4411  0.4319  0.4411  0.4450  0.4280  0.4097  0.4463  0.4306  0.4503  0.4280  0.4490  0.2264  0.4529  0.4359  0.4411  0.4045  0.0524  0.0563  0.4058  0.0668  0.2238
A0Z049           0.5209  0.5026  0.5249  0.4935  0.5340  0.5013  0.5079  0.5353  0.5393  0.5366  0.5353  0.5380  0.5262  0.2186  0.5026  0.5026  0.5013  0.2395  0.2291  0.3442  0.2264  0.2304  0.2723  0.2513  0.2264  0.2264  0.2670  0.2762  0.2317  0.2251  0.2670  0.2251  0.2251  0.2317  0.3560  0.1885  0.3154  0.2369  0.3442  0.3704  0.3678  0.2369  0.3770  0.3757  0.2592  0.4031  0.3730  0.3770  0.3220  0.3599  0.3743  0.4280  0.3743  0.3626  0.3626  0.4241  0.4372  0.4306  0.4254  0.4372  0.4306  0.4293
Q114V5           0.5236  0.5079  0.5157  0.4948  0.5366  0.5052  0.5131  0.5380  0.5393  0.5327  0.5301  0.5353  0.5301  0.2317  0.4974  0.4974  0.4961  0.2382  0.2225  0.3455  0.2199  0.2212  0.2631  0.2356  0.2264  0.2291  0.2631  0.2670  0.2199  0.2277  0.2631  0.2199  0.2264  0.2251  0.3416  0.1715  0.3181  0.2356  0.3181  0.3560  0.3534  0.2435  0.3665  0.3626  0.2356  0.4045  0.3586  0.3678  0.3128  0.3586  0.3613  0.4306  0.3599  0.3599  0.3626  0.4110  0.4385  0.4319  0.4136  0.4398  0.4280  0.4332  0.1924
Q7VBZ5           0.5550  0.5458  0.5668  0.5275  0.5733  0.5510  0.5628  0.5772  0.5733  0.5798  0.5798  0.5576  0.5681  0.4267  0.5537  0.5550  0.5537  0.4319  0.4241  0.4306  0.4215  0.4254  0.4254  0.4280  0.4241  0.4215  0.4306  0.4293  0.4319  0.4228  0.4319  0.4267  0.4267  0.4332  0.4725  0.4188  0.4293  0.4437  0.4188  0.4018  0.3979  0.4293  0.4045  0.4071  0.4267  0.3652  0.4123  0.3940  0.4385  0.4018  0.4045  0.4241  0.4018  0.3992  0.4005  0.3887  0.4136  0.4136  0.3914  0.4110  0.4215  0.4084  0.4346  0.4228


TREE #  1:  (17, (16, 15), (((7, 13), (4, (6, ((3, (1, 2)), (5, (12, ((10, 11), (9, 8)))))))), (35, (((37, 49), ((46, ((56, 59), (65, ((58, (62, (60, 57))), (52, 61))))), (((40, (53, (47, 51))), ((43, 44), (41, (50, (48, (54, 55)))))), (39, 20)))), ((23, 28), (31, (((34, 45), (27, ((19, 29), ((26, 30), (33, (25, 42)))))), ((63, (36, 64)), (38, (18, (24, (32, (14, (21, 22))))))))))))));   MP score: 7118
lnL(ntime: 63  np: 64): -37636.530255      +0.000000
  66..17   66..67   67..16   67..15   66..68   68..69   69..70   70..7    70..13   69..71   71..4    71..72   72..6    72..73   73..74   74..3    74..75   75..1    75..2    73..76   76..5    76..77   77..12   77..78   78..79   79..10   79..11   78..80   80..9    80..8    68..81   81..35   81..82   82..83   83..84   84..37   84..49   83..85   85..86   86..46   86..87   87..88   88..56   88..59   87..89   89..65   89..90   90..91   91..58   91..92   92..62   92..93   93..60   93..57   90..94   94..52   94..61   85..95   95..96   96..97   97..40   97..98   98..53   98..99   99..47   99..51   96..100 100..101 101..43  101..44  100..102 102..41  102..103 103..50  103..104 104..48  104..105 105..54  105..55   95..106 106..39  106..20   82..107 107..108 108..23  108..28  107..109 109..31  109..110 110..111 111..112 112..34  112..45  111..113 113..27  113..114 114..115 115..19  115..29  114..116 116..117 117..26  117..30  116..118 118..33  118..119 119..25  119..42  110..120 120..121 121..63  121..122 122..36  122..64  120..123 123..38  123..124 124..18  124..125 125..24  125..126 126..32  126..127 127..14  127..128 128..21  128..22 
 0.989047 0.001701 0.820781 0.482861 0.416848 0.457184 0.431338 0.406951 0.333427 0.272680 0.378486 0.201128 0.140578 0.012549 0.127054 0.611956 0.564143 0.556976 0.055654 0.531102 0.459570 0.434700 0.008030 0.418858 0.162519 0.036314 0.028501 0.026085 0.088923 0.377368 0.290899 0.174572 0.130997 0.019591 0.258222 0.017204 0.229291 0.214698 0.168263 0.040339 0.315963 0.348448 0.003214 0.302107 0.257941 0.219469 0.185012 0.201652 0.152024 0.061437 0.074314 0.002333 0.031236 0.028209 0.230232 0.170548 0.140462 0.216871 0.189161 0.108712 0.092478 0.076503 0.008117 0.564453

tree length =  16.77193

(17: 0.989047, (16: 0.001701, 15: 0.001701): 0.987346, (((7: 0.416848, 13: 0.416848): 0.066014, (4: 0.457184, (6: 0.431338, ((3: 0.333427, (1: 0.272680, 2: 0.272680): 0.060747): 0.073524, (5: 0.378486, (12: 0.201128, ((10: 0.012549, 11: 0.012549): 0.128028, (9: 0.127054, 8: 0.127054): 0.013524): 0.060550): 0.177358): 0.028465): 0.024387): 0.025846): 0.025677): 0.337920, (35: 0.611956, (((37: 0.055654, 49: 0.055654): 0.501322, ((46: 0.459570, ((56: 0.008030, 59: 0.008030): 0.426670, (65: 0.418858, ((58: 0.036314, (62: 0.028501, (60: 0.026085, 57: 0.026085): 0.002417): 0.007813): 0.126205, (52: 0.088923, 61: 0.088923): 0.073596): 0.256339): 0.015842): 0.024870): 0.071532, (((40: 0.174572, (53: 0.130997, (47: 0.019591, 51: 0.019591): 0.111406): 0.043576): 0.116326, ((43: 0.017204, 44: 0.017204): 0.241018, (41: 0.229291, (50: 0.214698, (48: 0.168263, (54: 0.040339, 55: 0.040339): 0.127924): 0.046435): 0.014593): 0.028931): 0.032676): 0.086469, (39: 0.315963, 20: 0.315963): 0.061404): 0.153735): 0.025874): 0.007167, ((23: 0.003214, 28: 0.003214): 0.345234, (31: 0.302107, (((34: 0.185012, 45: 0.185012): 0.034457, (27: 0.201652, ((19: 0.061437, 29: 0.061437): 0.090587, ((26: 0.002333, 30: 0.002333): 0.071981, (33: 0.031236, (25: 0.028209, 42: 0.028209): 0.003027): 0.043078): 0.077710): 0.049628): 0.017817): 0.038472, ((63: 0.170548, (36: 0.140462, 64: 0.140462): 0.030086): 0.059684, (38: 0.216871, (18: 0.189161, (24: 0.108712, (32: 0.092478, (14: 0.076503, (21: 0.008117, 22: 0.008117): 0.068386): 0.015975): 0.016233): 0.080449): 0.027711): 0.013361): 0.027710): 0.044166): 0.046341): 0.215695): 0.047813): 0.208825): 0.168266);

(B7MRS9: 0.989047, (P07813: 0.001701, B7LLH1: 0.001701): 0.987346, (((Q7M926: 0.416848, P56457: 0.416848): 0.066014, (A6Q512: 0.457184, (B9L687: 0.431338, ((A6QBX6: 0.333427, (A8ERV3: 0.272680, D1B3G5: 0.272680): 0.060747): 0.073524, (Q30Q82: 0.378486, (B9KCS8: 0.201128, ((A8FME4: 0.012549, A7H2R6: 0.012549): 0.128028, (Q4HGN1: 0.127054, Q4HTF6: 0.127054): 0.013524): 0.060550): 0.177358): 0.028465): 0.024387): 0.025846): 0.025677): 0.337920, (Q7NE01: 0.611956, (((Q2JV13: 0.055654, Q2JHX0: 0.055654): 0.501322, ((A9BAE4: 0.459570, ((Q46L15: 0.008030, A2C242: 0.008030): 0.426670, (Q7VBZ5: 0.418858, ((A2BR45: 0.036314, (Q31AX4: 0.028501, (A8G4T7: 0.026085, A3PCW8: 0.026085): 0.002417): 0.007813): 0.126205, (Q7V1I2: 0.088923, A2BWL7: 0.088923): 0.073596): 0.256339): 0.015842): 0.024870): 0.071532, (((Q7U6T1: 0.174572, (Q3AJU8: 0.130997, (Q067B9: 0.019591, Q3AXV7: 0.019591): 0.111406): 0.043576): 0.116326, ((Q7TV01: 0.017204, A2C9U0: 0.017204): 0.241018, (A3Z6T6: 0.229291, (Q05SY5: 0.214698, (Q0IAE0: 0.168263, (A5GL71: 0.040339, A4CUI7: 0.040339): 0.127924): 0.046435): 0.014593): 0.028931): 0.032676): 0.086469, (A3YZL1: 0.315963, A5GT82: 0.315963): 0.061404): 0.153735): 0.025874): 0.007167, ((Q31LW9: 0.003214, Q5N006: 0.003214): 0.345234, (Q8DH61: 0.302107, (((B0JTS8: 0.185012, P73274: 0.185012): 0.034457, (B1XP90: 0.201652, ((B4B305: 0.061437, B7KCI7: 0.061437): 0.090587, ((C7QSG6: 0.002333, B7JYA9: 0.002333): 0.071981, (B1WSK6: 0.031236, (A3IQR2: 0.028209, Q4C3I7: 0.028209): 0.003027): 0.043078): 0.077710): 0.049628): 0.017817): 0.038472, ((A0Z049: 0.170548, (B5VWT9: 0.140462, Q114V5: 0.140462): 0.030086): 0.059684, (B0C1R1: 0.216871, (B8HM05: 0.189161, (B9YTX9: 0.108712, (B2J7T9: 0.092478, (A0ZA94: 0.076503, (Q8YS09: 0.008117, Q3M3A3: 0.008117): 0.068386): 0.015975): 0.016233): 0.080449): 0.027711): 0.013361): 0.027710): 0.044166): 0.046341): 0.215695): 0.047813): 0.208825): 0.168266);

(17_B7MRS9, (16_P07813, 15_B7LLH1) 67 , (((7_Q7M926, 13_P56457) 70 , (4_A6Q512, (6_B9L687, ((3_A6QBX6, (1_A8ERV3, 2_D1B3G5) 75 ) 74 , (5_Q30Q82, (12_B9KCS8, ((10_A8FME4, 11_A7H2R6) 79 , (9_Q4HGN1, 8_Q4HTF6) 80 ) 78 ) 77 ) 76 ) 73 ) 72 ) 71 ) 69 , (35_Q7NE01, (((37_Q2JV13, 49_Q2JHX0) 84 , ((46_A9BAE4, ((56_Q46L15, 59_A2C242) 88 , (65_Q7VBZ5, ((58_A2BR45, (62_Q31AX4, (60_A8G4T7, 57_A3PCW8) 93 ) 92 ) 91 , (52_Q7V1I2, 61_A2BWL7) 94 ) 90 ) 89 ) 87 ) 86 , (((40_Q7U6T1, (53_Q3AJU8, (47_Q067B9, 51_Q3AXV7) 99 ) 98 ) 97 , ((43_Q7TV01, 44_A2C9U0) 101 , (41_A3Z6T6, (50_Q05SY5, (48_Q0IAE0, (54_A5GL71, 55_A4CUI7) 105 ) 104 ) 103 ) 102 ) 100 ) 96 , (39_A3YZL1, 20_A5GT82) 106 ) 95 ) 85 ) 83 , ((23_Q31LW9, 28_Q5N006) 108 , (31_Q8DH61, (((34_B0JTS8, 45_P73274) 112 , (27_B1XP90, ((19_B4B305, 29_B7KCI7) 115 , ((26_C7QSG6, 30_B7JYA9) 117 , (33_B1WSK6, (25_A3IQR2, 42_Q4C3I7) 119 ) 118 ) 116 ) 114 ) 113 ) 111 , ((63_A0Z049, (36_B5VWT9, 64_Q114V5) 122 ) 121 , (38_B0C1R1, (18_B8HM05, (24_B9YTX9, (32_B2J7T9, (14_A0ZA94, (21_Q8YS09, 22_Q3M3A3) 128 ) 127 ) 126 ) 125 ) 124 ) 123 ) 120 ) 110 ) 109 ) 107 ) 82 ) 81 ) 68 ) 66 ;

Detailed output identifying parameters

alpha (gamma, K = 5) =  0.56445
rate:   0.03060  0.18875  0.51396  1.13918  3.12751
freq:   0.20000  0.20000  0.20000  0.20000  0.20000

Time used: 24:59
