AAML (in paml version 4.6, August 2012)  297.aa
Model: Empirical for branches,  (../../../bin/LG.dat) dGamma (ncatG=4) ns =  65  ls = 319


Frequencies..
                                    A      R      N      D      C      Q      E      G      H      I      L      K      M      F      P      S      T      W      Y      V
A8EW03                         0.05016 0.00940 0.07524 0.06583 0.01254 0.02194 0.06583 0.03762 0.02194 0.12539 0.08464 0.09404 0.01881 0.05329 0.03762 0.07524 0.05643 0.01254 0.04702 0.03448
Q7M7X1                         0.09404 0.04389 0.03135 0.04389 0.00940 0.02194 0.08150 0.06270 0.02508 0.07524 0.12539 0.07837 0.01254 0.04075 0.04702 0.06270 0.05016 0.01254 0.04075 0.04075
Q30Q38                         0.09091 0.02508 0.05956 0.07524 0.00940 0.01881 0.04702 0.05016 0.02194 0.07837 0.10972 0.09718 0.02508 0.04389 0.03448 0.06897 0.04389 0.01254 0.04075 0.04702
B9KEZ4                         0.07837 0.01567 0.05956 0.04702 0.01254 0.02821 0.07837 0.03448 0.02821 0.08150 0.11912 0.10345 0.02508 0.05016 0.03448 0.07837 0.04389 0.01254 0.04075 0.02821
Q4HFW5                         0.09404 0.01567 0.06270 0.04389 0.01254 0.02821 0.07524 0.04075 0.01881 0.06583 0.12539 0.09091 0.03135 0.04389 0.03135 0.07837 0.04702 0.01254 0.04075 0.04075
D1B435                         0.10031 0.01881 0.01881 0.05956 0.00627 0.02821 0.06583 0.04702 0.04075 0.06270 0.11285 0.08777 0.02821 0.05956 0.03762 0.06583 0.06897 0.01254 0.02821 0.05016
Q4HQP6                         0.07837 0.01567 0.05329 0.03762 0.00940 0.03135 0.06897 0.04702 0.01881 0.06897 0.11599 0.09404 0.03135 0.05329 0.04075 0.08150 0.05643 0.01254 0.04075 0.04389
A7H4U5                         0.07837 0.01567 0.05329 0.05329 0.01254 0.02508 0.06270 0.03762 0.02821 0.08150 0.11599 0.10345 0.03448 0.03762 0.03762 0.08150 0.04389 0.01254 0.04075 0.04389
A8FKL9                         0.07524 0.01567 0.05643 0.05643 0.01254 0.01881 0.06270 0.03762 0.02508 0.07210 0.11912 0.10658 0.02821 0.03762 0.03762 0.08150 0.04389 0.01254 0.04389 0.05643
A6Q1R6                         0.09404 0.01254 0.03762 0.04389 0.00313 0.02821 0.06270 0.05329 0.03762 0.08150 0.10658 0.10658 0.01567 0.03448 0.05016 0.06583 0.05643 0.01254 0.04075 0.05643
A6QCC4                         0.10658 0.03448 0.05016 0.08150 0.00000 0.02194 0.05016 0.04702 0.03762 0.05643 0.12539 0.05643 0.02194 0.03762 0.03762 0.05329 0.08464 0.01254 0.03448 0.05016
B9L7V4                         0.06583 0.01881 0.04702 0.06270 0.00313 0.02194 0.05956 0.04389 0.02508 0.07524 0.08777 0.14107 0.03135 0.06583 0.04389 0.05643 0.05016 0.01254 0.04075 0.04702
O25236                         0.08150 0.01567 0.04702 0.03135 0.00940 0.03762 0.06270 0.04389 0.01881 0.07837 0.15361 0.09091 0.01567 0.06897 0.02821 0.08150 0.05643 0.00940 0.02821 0.04075
P14900                         0.13166 0.05016 0.04702 0.05329 0.01567 0.03448 0.06897 0.07524 0.01567 0.03448 0.13480 0.03448 0.02821 0.03135 0.04075 0.05643 0.05643 0.00313 0.01881 0.06897
B7MNU7                         0.13166 0.05016 0.04702 0.05329 0.01567 0.03448 0.06897 0.07524 0.01567 0.03135 0.13480 0.03448 0.02821 0.03135 0.03762 0.05643 0.05956 0.00313 0.01881 0.07210
B7LWF4                         0.13480 0.04702 0.04702 0.05016 0.01567 0.03448 0.06897 0.07524 0.01881 0.03762 0.13480 0.03448 0.02821 0.03135 0.04075 0.05643 0.05643 0.00313 0.01881 0.06583
Q064U9                         0.13793 0.05329 0.02821 0.06270 0.00940 0.05329 0.04702 0.08464 0.02821 0.04702 0.11599 0.02194 0.02508 0.02508 0.04075 0.05643 0.06583 0.02194 0.01254 0.06270
Q46JA8                         0.05956 0.03135 0.06270 0.04389 0.00627 0.02821 0.05956 0.05956 0.02821 0.09091 0.11285 0.09091 0.01567 0.03448 0.03448 0.10345 0.05329 0.01881 0.01881 0.04702
A2C4D2                         0.05016 0.03448 0.06583 0.03762 0.00627 0.02821 0.06270 0.06270 0.02821 0.10031 0.11285 0.09091 0.01567 0.03762 0.03448 0.10345 0.05329 0.01881 0.01567 0.04075
A8G6H6                         0.03762 0.02194 0.06583 0.04389 0.01254 0.01881 0.08777 0.04702 0.02821 0.10031 0.10345 0.09404 0.01254 0.05016 0.02508 0.08777 0.05956 0.01881 0.03448 0.05016
A3PEJ9                         0.03762 0.02508 0.06897 0.04075 0.01254 0.01881 0.08464 0.04702 0.03135 0.10031 0.10345 0.09718 0.01254 0.05016 0.02508 0.08464 0.05643 0.01881 0.03448 0.05016
Q319C4                         0.03448 0.02194 0.07210 0.03762 0.01254 0.02194 0.08464 0.04702 0.03135 0.10345 0.10345 0.10031 0.00940 0.05016 0.02508 0.08777 0.05329 0.01881 0.03448 0.05016
A2BST8                         0.03762 0.02508 0.06897 0.03762 0.01254 0.01881 0.08464 0.05016 0.02821 0.10031 0.10345 0.09404 0.00940 0.05016 0.02508 0.08777 0.05329 0.01881 0.03762 0.05643
Q3AZI5                         0.13793 0.04702 0.03448 0.05956 0.00940 0.04389 0.04389 0.08777 0.03135 0.03762 0.11599 0.02821 0.02821 0.02194 0.05329 0.06583 0.05329 0.02194 0.01254 0.06583
Q3AHP0                         0.13166 0.05956 0.03135 0.05329 0.00940 0.05329 0.05643 0.07837 0.02508 0.03762 0.13480 0.02508 0.01254 0.02194 0.05329 0.06583 0.05643 0.02194 0.01254 0.05956
A9BBY1                         0.09091 0.02821 0.07837 0.04389 0.01254 0.02508 0.07210 0.05016 0.02821 0.08150 0.10658 0.05956 0.01567 0.03135 0.04075 0.08150 0.06583 0.02194 0.01567 0.05016
A5GV41                         0.13480 0.06270 0.02508 0.04075 0.01567 0.05956 0.06897 0.07837 0.02508 0.03762 0.12226 0.01567 0.00627 0.03135 0.05643 0.06583 0.04389 0.01881 0.01567 0.07524
Q7U8T1                         0.12226 0.06583 0.02508 0.05643 0.00940 0.05016 0.05329 0.08777 0.03135 0.03762 0.10972 0.02194 0.02194 0.02194 0.05016 0.05016 0.07524 0.02194 0.01254 0.07524
A5GN95                         0.15047 0.05956 0.03135 0.05329 0.01254 0.03448 0.05329 0.08464 0.03448 0.04075 0.10658 0.01881 0.02194 0.02508 0.05956 0.05643 0.04702 0.02194 0.01254 0.07524
A3Z6A0                         0.13793 0.06583 0.02508 0.05329 0.00940 0.04075 0.05643 0.07210 0.02508 0.04075 0.12853 0.01567 0.02508 0.02508 0.05016 0.06270 0.06583 0.02194 0.01254 0.06583
A2BY75                         0.06270 0.02194 0.07524 0.03762 0.00627 0.02821 0.06583 0.04702 0.02508 0.13166 0.10658 0.09091 0.00627 0.04389 0.02508 0.08464 0.06270 0.01881 0.02821 0.03135
Q7V0A5                         0.05643 0.02821 0.07210 0.04702 0.00627 0.03448 0.06583 0.04702 0.02194 0.12226 0.10658 0.08464 0.00627 0.05016 0.02821 0.08464 0.06270 0.01881 0.02508 0.03135
A4CR98                         0.13793 0.05643 0.03135 0.05016 0.01881 0.03762 0.05016 0.07837 0.03762 0.05016 0.10031 0.02194 0.02194 0.02194 0.04702 0.07210 0.05016 0.02194 0.01567 0.07837
Q0I7W5                         0.12539 0.05329 0.04075 0.05956 0.00940 0.05016 0.04389 0.06897 0.03448 0.05329 0.11285 0.02821 0.03448 0.02194 0.05016 0.07524 0.04702 0.02194 0.01567 0.05329
Q7NEZ5                         0.14734 0.07210 0.02508 0.04075 0.01567 0.02821 0.05016 0.08464 0.02508 0.03762 0.09404 0.01881 0.01254 0.03448 0.05329 0.05329 0.05956 0.02821 0.01881 0.10031
B8HW13                         0.13166 0.04075 0.03448 0.04389 0.02194 0.06270 0.06270 0.05956 0.01567 0.06583 0.09718 0.02508 0.01254 0.02821 0.05956 0.05016 0.05329 0.03135 0.02508 0.07837
Q7V5V5                         0.13480 0.05016 0.03135 0.05016 0.01881 0.05329 0.05016 0.07210 0.03448 0.04389 0.12539 0.02508 0.01881 0.01881 0.05329 0.07210 0.05016 0.02194 0.01567 0.05956
B5W1L6                         0.14420 0.05643 0.04075 0.05016 0.01567 0.03135 0.06583 0.05016 0.02194 0.08150 0.08150 0.01881 0.01567 0.03135 0.05956 0.05329 0.07524 0.03135 0.01567 0.05956
A2C713                         0.14107 0.04702 0.03448 0.05329 0.01881 0.04702 0.05329 0.07210 0.03448 0.05016 0.12539 0.02508 0.01881 0.01881 0.05329 0.06897 0.04702 0.02194 0.01567 0.05329
A3YVI1                         0.15361 0.06270 0.02508 0.04702 0.01254 0.02194 0.07524 0.07837 0.02508 0.03448 0.11912 0.02194 0.01567 0.02508 0.05016 0.05329 0.05643 0.02508 0.01254 0.08464
Q05U20                         0.15987 0.05016 0.02508 0.05016 0.01254 0.04702 0.04389 0.06897 0.04702 0.03135 0.12539 0.02508 0.02194 0.01881 0.05956 0.05016 0.05329 0.02194 0.01567 0.07210
B9YP95                         0.11599 0.02508 0.05956 0.03762 0.01567 0.04075 0.06270 0.05643 0.02821 0.08464 0.09091 0.04389 0.01254 0.02821 0.05329 0.05643 0.06897 0.02508 0.02508 0.06897
A0YQR6                         0.12853 0.02821 0.05016 0.04389 0.01567 0.05016 0.06583 0.05329 0.02821 0.07524 0.09091 0.05016 0.01254 0.02508 0.05016 0.05956 0.05643 0.02821 0.01881 0.06897
B0JRM9                         0.14420 0.04702 0.02821 0.05329 0.01881 0.05016 0.05643 0.05016 0.01567 0.07524 0.09718 0.03135 0.00940 0.02508 0.05016 0.06897 0.06270 0.02194 0.04075 0.05329
Q2JVR9                         0.14107 0.07210 0.02821 0.02508 0.01254 0.05956 0.06270 0.06270 0.03135 0.05643 0.11912 0.01881 0.00940 0.03762 0.06897 0.04702 0.04075 0.02508 0.01881 0.06270
Q8DMN8                         0.13480 0.04702 0.03448 0.04075 0.01254 0.05956 0.05956 0.06270 0.03135 0.07210 0.09718 0.02508 0.00940 0.02821 0.06583 0.03762 0.06897 0.03448 0.02194 0.05643
A0ZCB8                         0.14420 0.03762 0.04075 0.05016 0.01567 0.02508 0.05329 0.05329 0.02508 0.08464 0.09091 0.03762 0.01567 0.02508 0.05016 0.08150 0.04702 0.02508 0.03448 0.06270
B0C915                         0.13166 0.03762 0.03135 0.04702 0.01881 0.05956 0.05643 0.06897 0.01881 0.06583 0.08777 0.03448 0.00940 0.02821 0.05016 0.07210 0.06583 0.02821 0.02508 0.06270
B1XII3                         0.13480 0.04389 0.03135 0.04389 0.01567 0.04702 0.06897 0.05956 0.02821 0.08150 0.09404 0.03135 0.00627 0.03448 0.06897 0.05016 0.06270 0.02194 0.02508 0.05016
C7QPK6                         0.12539 0.04389 0.04075 0.05329 0.01567 0.05329 0.06270 0.05643 0.02194 0.07524 0.10031 0.03762 0.00940 0.03448 0.03448 0.06270 0.05643 0.02194 0.02821 0.06583
B7K318                         0.12539 0.04389 0.04075 0.05329 0.01567 0.05329 0.06270 0.05643 0.02194 0.07524 0.10031 0.03762 0.00940 0.03448 0.03448 0.06270 0.05643 0.02194 0.02821 0.06583
A3IY81                         0.10658 0.03448 0.04075 0.05016 0.01881 0.03762 0.07210 0.05329 0.02508 0.09718 0.10658 0.04702 0.00940 0.03135 0.03762 0.05643 0.07210 0.02194 0.04389 0.03762
Q3MF19                         0.14734 0.04075 0.02821 0.05329 0.01567 0.04075 0.05643 0.05016 0.03135 0.07837 0.09718 0.03762 0.01567 0.02508 0.05956 0.05643 0.05643 0.02508 0.02821 0.05643
B2J6I3                         0.13480 0.04389 0.03762 0.03762 0.01567 0.04702 0.06583 0.05329 0.01254 0.07524 0.09718 0.03135 0.01254 0.02508 0.05956 0.07210 0.05643 0.02508 0.03135 0.06583
B1X090                         0.10972 0.03448 0.03135 0.05016 0.01881 0.03762 0.08150 0.05016 0.02508 0.08777 0.10972 0.04702 0.00940 0.03135 0.03762 0.06583 0.06897 0.02194 0.04075 0.04075
B7KH28                         0.11285 0.03762 0.03762 0.05016 0.01881 0.04075 0.06270 0.05956 0.01881 0.08777 0.10031 0.04075 0.01254 0.02508 0.03762 0.07524 0.06583 0.02194 0.03762 0.05643
Q8YPS9                         0.13480 0.04075 0.02508 0.05643 0.01567 0.02821 0.06583 0.05016 0.03135 0.07837 0.09404 0.04389 0.01567 0.02508 0.05643 0.06583 0.05643 0.02508 0.02821 0.06270
B4B3U4                         0.12539 0.04389 0.03448 0.05643 0.01567 0.04075 0.05643 0.05329 0.02508 0.06583 0.10658 0.03762 0.01567 0.02508 0.04389 0.05643 0.07524 0.02194 0.03448 0.06583
Q4C0Z1                         0.12539 0.03448 0.03762 0.05329 0.01254 0.02821 0.07210 0.05016 0.02194 0.07837 0.10972 0.05643 0.00940 0.03135 0.03762 0.06897 0.06583 0.02194 0.04075 0.04389
Q10WA5                         0.11912 0.04075 0.05956 0.04702 0.01254 0.03762 0.06897 0.05329 0.01881 0.07524 0.10345 0.04389 0.01567 0.03448 0.03448 0.06270 0.05016 0.02508 0.04075 0.05643
P73668                         0.12539 0.03448 0.05643 0.04075 0.01881 0.04389 0.06270 0.05956 0.02194 0.06897 0.10031 0.02508 0.01254 0.03135 0.05643 0.06270 0.07210 0.02508 0.02508 0.05643
Q5MZA8                         0.16614 0.05956 0.04075 0.05329 0.01567 0.04389 0.06270 0.05643 0.01567 0.05643 0.10658 0.01567 0.00940 0.03762 0.05643 0.03762 0.06897 0.02821 0.01881 0.05016
Q31MM2                         0.16614 0.05956 0.04075 0.05329 0.01567 0.04389 0.06270 0.05643 0.01567 0.05643 0.10658 0.01567 0.00940 0.03762 0.05643 0.03762 0.06897 0.02821 0.01881 0.05016
Q2JHP5                         0.12539 0.07210 0.02508 0.03135 0.01567 0.05016 0.05956 0.06270 0.02194 0.05329 0.12226 0.03448 0.01567 0.03135 0.06583 0.05329 0.04075 0.02508 0.02194 0.07210
Q7VAM1                         0.08777 0.03135 0.05643 0.04389 0.00940 0.02194 0.05643 0.05329 0.03448 0.10345 0.10972 0.09091 0.00940 0.03135 0.03448 0.08150 0.05329 0.02194 0.01881 0.05016

Homogeneity statistic: X2 = 5.91902 G = 6.01096 

Average                        0.11223 0.03969 0.04384 0.04890 0.01297 0.03714 0.06323 0.05869 0.02609 0.07036 0.10952 0.05276 0.01688 0.03439 0.04509 0.06660 0.05773 0.02016 0.02686 0.05686

# constant sites:     32 (10.03%)
ln Lmax (unconstrained) = -1803.110431

AA distances (raw proportions of different sites)

A8EW03         
Q7M7X1           0.4389
Q30Q38           0.4577  0.4201
B9KEZ4           0.4608  0.4545  0.4420
Q4HFW5           0.4545  0.4514  0.4389  0.2696
D1B435           0.4577  0.4107  0.4232  0.4389  0.4295
Q4HQP6           0.4608  0.4451  0.4357  0.2665  0.2257  0.4326
A7H4U5           0.4734  0.4420  0.4451  0.2727  0.1693  0.4232  0.2320
A8FKL9           0.4765  0.4420  0.4295  0.2602  0.1661  0.4232  0.2163  0.0909
A6Q1R6           0.4796  0.4044  0.4107  0.4514  0.4577  0.4451  0.4702  0.4671  0.4483
A6QCC4           0.5110  0.4765  0.4483  0.5078  0.4702  0.4545  0.5016  0.4765  0.4859  0.4639
B9L7V4           0.5110  0.4796  0.4922  0.4608  0.4639  0.4796  0.4608  0.4639  0.4389  0.4890  0.5204
O25236           0.5047  0.4577  0.5172  0.4953  0.4702  0.4890  0.4953  0.4953  0.4859  0.4859  0.5204  0.5078
P14900           0.7241  0.6865  0.6991  0.7116  0.7147  0.7273  0.7273  0.7179  0.7241  0.6583  0.6959  0.6897  0.7210
B7MNU7           0.7273  0.6834  0.6959  0.7085  0.7116  0.7241  0.7241  0.7147  0.7210  0.6614  0.6928  0.6865  0.7179  0.0063
B7LWF4           0.7241  0.6865  0.6991  0.7116  0.7147  0.7273  0.7273  0.7179  0.7241  0.6583  0.6959  0.6928  0.7210  0.0094  0.0157
Q064U9           0.7429  0.7210  0.7085  0.7304  0.7367  0.7241  0.7335  0.7398  0.7398  0.7116  0.6991  0.7022  0.7241  0.6897  0.6897  0.6897
Q46JA8           0.7022  0.7085  0.6740  0.6897  0.6991  0.6959  0.6991  0.7022  0.7022  0.6897  0.6991  0.6740  0.6897  0.6708  0.6708  0.6708  0.5204
A2C4D2           0.7022  0.7179  0.6771  0.6959  0.7085  0.7053  0.7085  0.7116  0.7116  0.6928  0.7053  0.6771  0.6991  0.6740  0.6740  0.6740  0.5141  0.0408
A8G6H6           0.6928  0.7210  0.7116  0.6928  0.7335  0.7241  0.7241  0.7273  0.7241  0.6897  0.6865  0.6865  0.7179  0.7147  0.7179  0.7147  0.5611  0.5078  0.5016
A3PEJ9           0.6928  0.7210  0.7116  0.6928  0.7335  0.7241  0.7210  0.7210  0.7210  0.6897  0.6897  0.6865  0.7147  0.7085  0.7116  0.7085  0.5643  0.5078  0.5016  0.0251
Q319C4           0.6959  0.7241  0.7053  0.6959  0.7273  0.7210  0.7241  0.7273  0.7179  0.6959  0.6865  0.6834  0.7116  0.7147  0.7179  0.7147  0.5674  0.5016  0.4953  0.0502  0.0502
A2BST8           0.6928  0.7179  0.7085  0.6928  0.7304  0.7210  0.7241  0.7273  0.7241  0.6865  0.6865  0.6834  0.7147  0.7085  0.7116  0.7085  0.5643  0.5047  0.4984  0.0251  0.0188  0.0533
Q3AZI5           0.7367  0.7210  0.7053  0.7210  0.7461  0.7273  0.7367  0.7429  0.7367  0.7210  0.7053  0.6991  0.7241  0.6803  0.6803  0.6803  0.1129  0.5172  0.5110  0.5486  0.5517  0.5611  0.5549
Q3AHP0           0.7398  0.6959  0.7085  0.6991  0.7085  0.7053  0.7053  0.7116  0.7085  0.6959  0.6708  0.6803  0.7116  0.6489  0.6489  0.6489  0.2821  0.5172  0.5110  0.5392  0.5423  0.5423  0.5329  0.2947
A9BBY1           0.7085  0.7241  0.7053  0.6771  0.7210  0.7335  0.7053  0.7210  0.7147  0.7022  0.6865  0.6959  0.7367  0.6803  0.6803  0.6803  0.4420  0.4828  0.4765  0.5361  0.5423  0.5392  0.5361  0.4326  0.4420
A5GV41           0.7586  0.7335  0.7116  0.7210  0.7335  0.7335  0.7429  0.7429  0.7367  0.7022  0.7022  0.7022  0.7179  0.6583  0.6583  0.6583  0.4201  0.5580  0.5580  0.5768  0.5768  0.5831  0.5768  0.4263  0.4232  0.5204
Q7U8T1           0.7398  0.7085  0.7179  0.7022  0.7241  0.7179  0.7053  0.7147  0.7179  0.7179  0.6991  0.6959  0.7304  0.6959  0.6959  0.6959  0.2665  0.5235  0.5204  0.5455  0.5486  0.5517  0.5486  0.2759  0.2759  0.4420  0.4138
A5GN95           0.7367  0.7085  0.7022  0.7367  0.7304  0.7304  0.7273  0.7335  0.7335  0.7085  0.6928  0.7022  0.7304  0.6520  0.6520  0.6520  0.3386  0.5298  0.5392  0.5611  0.5611  0.5674  0.5611  0.3542  0.2947  0.4577  0.4013  0.3041
A3Z6A0           0.7335  0.7179  0.7085  0.7241  0.7116  0.7116  0.7179  0.7116  0.7210  0.7116  0.6928  0.7053  0.7273  0.6834  0.6834  0.6803  0.3260  0.5016  0.5110  0.5517  0.5486  0.5580  0.5455  0.3386  0.3197  0.4859  0.3981  0.3292  0.3072
A2BY75           0.7210  0.7241  0.7179  0.7116  0.7179  0.7367  0.7241  0.7241  0.7085  0.7053  0.7053  0.6897  0.7022  0.7085  0.7116  0.7085  0.5580  0.5329  0.5298  0.3197  0.3103  0.3009  0.3135  0.5549  0.5486  0.5329  0.5799  0.5266  0.5674  0.5737
Q7V0A5           0.7179  0.7241  0.7116  0.7053  0.7116  0.7241  0.7241  0.7085  0.6991  0.6959  0.7022  0.6897  0.7022  0.6959  0.6991  0.6959  0.5517  0.5266  0.5298  0.3323  0.3323  0.3292  0.3354  0.5486  0.5423  0.5298  0.5768  0.5329  0.5705  0.5611  0.1191
A4CR98           0.7273  0.7147  0.7085  0.7367  0.7304  0.7304  0.7273  0.7335  0.7367  0.7147  0.7022  0.7022  0.7335  0.6677  0.6677  0.6677  0.3448  0.5110  0.5110  0.5517  0.5517  0.5611  0.5517  0.3605  0.2978  0.4671  0.4232  0.3197  0.1129  0.3166  0.5611  0.5643
Q0I7W5           0.7524  0.7210  0.6865  0.7085  0.7022  0.7116  0.7147  0.7085  0.7022  0.7085  0.6928  0.7022  0.7210  0.6803  0.6803  0.6803  0.3605  0.5266  0.5392  0.5643  0.5674  0.5674  0.5643  0.3730  0.3511  0.4639  0.4389  0.3605  0.3417  0.3542  0.5862  0.5799  0.3511
Q7NEZ5           0.7304  0.7085  0.7022  0.7147  0.7241  0.7241  0.7210  0.7210  0.7241  0.6740  0.6771  0.6834  0.7179  0.6458  0.6489  0.6489  0.5110  0.5611  0.5643  0.5987  0.6050  0.6082  0.5925  0.5172  0.5235  0.5486  0.4828  0.5141  0.4922  0.4890  0.5862  0.5737  0.5078  0.5235
B8HW13           0.6959  0.7210  0.7053  0.6991  0.7179  0.7147  0.7210  0.7179  0.7210  0.6834  0.6897  0.6897  0.7335  0.6489  0.6520  0.6489  0.5392  0.5893  0.5862  0.6238  0.6207  0.6301  0.6176  0.5235  0.5047  0.5611  0.5016  0.5266  0.5078  0.5298  0.6207  0.6019  0.5078  0.5455  0.4232
Q7V5V5           0.7586  0.7273  0.7053  0.7179  0.7304  0.7273  0.7179  0.7210  0.7147  0.7053  0.7022  0.7085  0.7210  0.6740  0.6771  0.6740  0.3041  0.4796  0.4796  0.5549  0.5580  0.5580  0.5549  0.3197  0.2665  0.4295  0.4514  0.2915  0.3354  0.3197  0.5486  0.5517  0.3511  0.3480  0.5172  0.5266
B5W1L6           0.6959  0.7210  0.6991  0.6991  0.7022  0.7053  0.7179  0.7179  0.7116  0.6834  0.6865  0.6928  0.7179  0.6426  0.6458  0.6458  0.4953  0.5611  0.5580  0.5925  0.5956  0.6050  0.5893  0.5016  0.4922  0.5517  0.5016  0.5172  0.5078  0.5110  0.5737  0.5580  0.5110  0.5235  0.4389  0.3448  0.5110
A2C713           0.7492  0.7210  0.6991  0.7179  0.7147  0.7304  0.7085  0.7147  0.7053  0.7147  0.6991  0.6928  0.7241  0.6708  0.6740  0.6708  0.3072  0.4702  0.4702  0.5580  0.5611  0.5611  0.5580  0.3166  0.2759  0.4201  0.4577  0.2947  0.3292  0.3166  0.5486  0.5423  0.3448  0.3480  0.5078  0.5298  0.0470  0.5078
A3YVI1           0.7555  0.7085  0.7147  0.7335  0.7273  0.7210  0.7273  0.7335  0.7367  0.7053  0.6740  0.6897  0.7210  0.6364  0.6364  0.6364  0.3950  0.5486  0.5549  0.5643  0.5705  0.5705  0.5674  0.3918  0.3793  0.4953  0.3605  0.3793  0.3699  0.3699  0.5737  0.5611  0.3887  0.3981  0.4890  0.5016  0.3981  0.4890  0.4044
Q05U20           0.7524  0.7179  0.6991  0.7179  0.7116  0.7147  0.7179  0.7085  0.7085  0.7022  0.6865  0.7022  0.7335  0.6771  0.6771  0.6771  0.3229  0.5298  0.5361  0.5580  0.5580  0.5580  0.5580  0.3448  0.2978  0.4702  0.4169  0.3041  0.2602  0.2884  0.5549  0.5580  0.2696  0.3292  0.4859  0.5078  0.2978  0.4890  0.2947  0.3699
B9YP95           0.7022  0.7335  0.7241  0.6959  0.7210  0.7335  0.7210  0.7273  0.7241  0.6865  0.6803  0.6803  0.7147  0.6708  0.6740  0.6740  0.5110  0.5768  0.5705  0.5987  0.6019  0.6019  0.5925  0.5110  0.5110  0.5580  0.5016  0.5235  0.5110  0.5298  0.5831  0.5643  0.5078  0.5392  0.4734  0.3292  0.5204  0.3197  0.5141  0.4922  0.5266
A0YQR6           0.7053  0.7053  0.7022  0.6959  0.7179  0.7085  0.7147  0.7116  0.7085  0.6740  0.7022  0.6740  0.7179  0.6552  0.6583  0.6583  0.4953  0.5768  0.5737  0.5925  0.5956  0.5956  0.5956  0.4953  0.5078  0.5455  0.4953  0.5047  0.5047  0.5235  0.5831  0.5674  0.5016  0.5235  0.4483  0.3292  0.5047  0.2476  0.5016  0.4828  0.4922  0.2978
B0JRM9           0.7116  0.7241  0.7085  0.6771  0.6897  0.7116  0.7179  0.6928  0.6959  0.6928  0.6959  0.6928  0.7273  0.6677  0.6708  0.6740  0.5266  0.5705  0.5705  0.5925  0.5956  0.5956  0.5893  0.5172  0.5172  0.5517  0.5047  0.5172  0.5110  0.5141  0.6082  0.5862  0.5047  0.5204  0.4577  0.3480  0.5235  0.3072  0.5172  0.5047  0.5047  0.2915  0.3072
Q2JVR9           0.7147  0.7022  0.6959  0.6865  0.7116  0.7053  0.7085  0.7085  0.7116  0.6928  0.6803  0.7022  0.7085  0.6364  0.6332  0.6395  0.5329  0.5674  0.5643  0.6019  0.5987  0.6050  0.6019  0.5392  0.5298  0.5266  0.5016  0.5329  0.5266  0.5266  0.6144  0.5956  0.5235  0.5455  0.4734  0.4389  0.5078  0.4451  0.5141  0.5266  0.5078  0.4734  0.4451  0.4514
Q8DMN8           0.7429  0.7241  0.7335  0.7179  0.7398  0.7367  0.7367  0.7304  0.7273  0.6991  0.7116  0.6991  0.7367  0.6614  0.6646  0.6614  0.5235  0.5737  0.5768  0.6050  0.6082  0.6082  0.6050  0.5361  0.5172  0.5831  0.4953  0.5235  0.4984  0.5204  0.5862  0.5893  0.4890  0.5455  0.4357  0.3480  0.5266  0.3918  0.5329  0.4953  0.4890  0.3824  0.3918  0.3981  0.4639
A0ZCB8           0.7273  0.7179  0.6991  0.6928  0.7147  0.7053  0.7179  0.7147  0.7053  0.6834  0.6865  0.6771  0.7273  0.6708  0.6740  0.6740  0.5047  0.5611  0.5580  0.5893  0.5956  0.5893  0.5831  0.5141  0.4984  0.5486  0.4953  0.5235  0.4984  0.4984  0.5799  0.5643  0.4984  0.5204  0.4483  0.3197  0.4953  0.3197  0.4922  0.4734  0.4828  0.2038  0.2853  0.2821  0.4420  0.3950
B0C915           0.7304  0.7241  0.7147  0.7116  0.7241  0.7241  0.7241  0.7179  0.7179  0.6959  0.7022  0.6991  0.7429  0.6708  0.6740  0.6740  0.5204  0.5674  0.5611  0.6301  0.6332  0.6332  0.6270  0.5204  0.5078  0.5705  0.5110  0.5392  0.5392  0.5235  0.6238  0.6082  0.5266  0.5329  0.4577  0.3135  0.5204  0.3354  0.5235  0.4984  0.5204  0.3292  0.3229  0.3323  0.4545  0.3824  0.3166
B1XII3           0.7147  0.7273  0.6959  0.6897  0.7116  0.7053  0.7304  0.7241  0.7147  0.6897  0.6897  0.6959  0.7179  0.6426  0.6458  0.6364  0.5016  0.5486  0.5361  0.5893  0.5925  0.5956  0.5862  0.4922  0.4953  0.5486  0.4734  0.5141  0.5235  0.5016  0.5674  0.5611  0.5204  0.5204  0.4451  0.3542  0.4953  0.3009  0.4984  0.4859  0.4984  0.3448  0.3386  0.3072  0.4107  0.4013  0.2978  0.3386
C7QPK6           0.7022  0.7241  0.7053  0.6803  0.7053  0.7022  0.7210  0.7022  0.7053  0.7085  0.6803  0.6803  0.7335  0.6740  0.6771  0.6771  0.5204  0.5643  0.5643  0.5768  0.5831  0.5893  0.5768  0.5235  0.5266  0.5674  0.5235  0.5486  0.5110  0.5298  0.5831  0.5549  0.4984  0.5361  0.4639  0.3354  0.5298  0.3260  0.5204  0.4953  0.5016  0.3135  0.3072  0.2257  0.4263  0.3950  0.2947  0.3354  0.2978
B7K318           0.7022  0.7241  0.7053  0.6803  0.7053  0.7022  0.7210  0.7022  0.7053  0.7085  0.6803  0.6803  0.7335  0.6740  0.6771  0.6771  0.5204  0.5643  0.5643  0.5768  0.5831  0.5893  0.5768  0.5235  0.5266  0.5674  0.5235  0.5486  0.5110  0.5298  0.5831  0.5549  0.4984  0.5361  0.4639  0.3354  0.5298  0.3260  0.5204  0.4953  0.5016  0.3135  0.3072  0.2257  0.4263  0.3950  0.2947  0.3354  0.2978  0.0000
A3IY81           0.7147  0.7210  0.7022  0.6865  0.7053  0.7022  0.7179  0.7116  0.7053  0.7053  0.6834  0.6740  0.7304  0.6677  0.6708  0.6646  0.5298  0.5611  0.5549  0.5768  0.5862  0.5831  0.5831  0.5235  0.5298  0.5329  0.5298  0.5361  0.5298  0.5266  0.5737  0.5611  0.5172  0.5486  0.4671  0.3793  0.5423  0.3448  0.5361  0.5141  0.5298  0.3260  0.3292  0.2508  0.4577  0.4138  0.2978  0.3574  0.3072  0.1975  0.1975
Q3MF19           0.7179  0.7116  0.7116  0.6865  0.7053  0.7053  0.7210  0.7116  0.7116  0.6771  0.6771  0.6740  0.7147  0.6583  0.6614  0.6614  0.5141  0.5580  0.5549  0.6019  0.6082  0.5987  0.5956  0.5141  0.4953  0.5643  0.5016  0.5204  0.5016  0.5078  0.5956  0.5768  0.4953  0.5235  0.4608  0.3229  0.4953  0.3009  0.4890  0.4765  0.4953  0.1975  0.2947  0.2759  0.4420  0.3762  0.1818  0.3009  0.3166  0.2884  0.2884  0.3197
B2J6I3           0.7179  0.7179  0.7147  0.6959  0.7085  0.7210  0.7304  0.7116  0.7147  0.6803  0.6928  0.6834  0.7116  0.6583  0.6614  0.6614  0.5141  0.5549  0.5517  0.6019  0.6050  0.6019  0.5987  0.5078  0.5078  0.5643  0.4922  0.5298  0.5078  0.5110  0.5831  0.5611  0.5078  0.5329  0.4389  0.3009  0.5047  0.2696  0.4984  0.4828  0.5078  0.1912  0.2508  0.2571  0.4420  0.3699  0.1787  0.2884  0.3103  0.2602  0.2602  0.2853  0.1787
B1X090           0.7179  0.7273  0.7147  0.6771  0.6959  0.7179  0.7085  0.6959  0.6959  0.7053  0.6803  0.6771  0.7210  0.6708  0.6740  0.6740  0.5423  0.5580  0.5580  0.5705  0.5799  0.5831  0.5768  0.5298  0.5266  0.5486  0.5392  0.5517  0.5266  0.5329  0.5674  0.5580  0.5204  0.5361  0.4828  0.3856  0.5423  0.3480  0.5361  0.5110  0.5172  0.3260  0.3386  0.2320  0.4608  0.4169  0.2978  0.3574  0.3103  0.1818  0.1818  0.0752  0.3135  0.2821
B7KH28           0.7147  0.7179  0.6928  0.6897  0.6959  0.7147  0.7210  0.7022  0.7053  0.6803  0.6897  0.6865  0.7241  0.6677  0.6708  0.6708  0.5235  0.5643  0.5580  0.5705  0.5768  0.5862  0.5643  0.5266  0.5235  0.5549  0.5204  0.5455  0.5172  0.5298  0.5893  0.5674  0.5016  0.5392  0.4577  0.3448  0.5298  0.3009  0.5235  0.5204  0.5204  0.3072  0.3135  0.2351  0.4451  0.3856  0.2915  0.3480  0.2947  0.2069  0.2069  0.2539  0.2947  0.2759  0.2445
Q8YPS9           0.7210  0.7022  0.6991  0.6803  0.7022  0.7053  0.7179  0.7053  0.7022  0.6834  0.6834  0.6740  0.7085  0.6614  0.6646  0.6646  0.5110  0.5611  0.5580  0.6082  0.6144  0.6050  0.6019  0.5110  0.4922  0.5705  0.5016  0.5235  0.4984  0.5047  0.6019  0.5831  0.4953  0.5172  0.4545  0.3260  0.5016  0.3072  0.4984  0.4828  0.5016  0.1881  0.2915  0.2915  0.4608  0.3950  0.1661  0.3041  0.3166  0.2978  0.2978  0.3197  0.0564  0.1661  0.3166  0.2947
B4B3U4           0.7241  0.7116  0.7022  0.6991  0.7053  0.7147  0.7179  0.7022  0.7053  0.6771  0.6928  0.6834  0.7273  0.6834  0.6865  0.6865  0.5392  0.5799  0.5768  0.5799  0.5799  0.5956  0.5737  0.5392  0.5392  0.5580  0.5172  0.5549  0.5361  0.5266  0.5893  0.5611  0.5235  0.5486  0.4577  0.3636  0.5329  0.3292  0.5298  0.5141  0.5172  0.3197  0.3386  0.2445  0.4734  0.4013  0.2853  0.3511  0.3323  0.2382  0.2382  0.2539  0.3166  0.3009  0.2476  0.1505  0.3229
Q4C0Z1           0.7147  0.7116  0.7085  0.6677  0.6928  0.7053  0.7147  0.6928  0.6928  0.7053  0.6803  0.6677  0.7147  0.6646  0.6646  0.6677  0.5455  0.5486  0.5455  0.5705  0.5799  0.5862  0.5768  0.5329  0.5235  0.5361  0.5298  0.5361  0.5361  0.5298  0.5611  0.5517  0.5235  0.5455  0.4639  0.3762  0.5517  0.3480  0.5455  0.5141  0.5204  0.3103  0.3292  0.2351  0.4514  0.4232  0.2821  0.3511  0.3135  0.1850  0.1850  0.0878  0.3072  0.2633  0.0878  0.2539  0.3103  0.2508
Q10WA5           0.7304  0.7085  0.6959  0.6803  0.6991  0.7085  0.7085  0.7053  0.7053  0.6771  0.7116  0.6834  0.7147  0.6708  0.6740  0.6708  0.5392  0.5674  0.5674  0.5987  0.5987  0.6050  0.5925  0.5298  0.5361  0.5674  0.5392  0.5423  0.5423  0.5329  0.5956  0.5956  0.5329  0.5486  0.4734  0.3636  0.5423  0.3542  0.5329  0.5204  0.5204  0.3417  0.3480  0.3072  0.4734  0.4232  0.3197  0.3574  0.3448  0.3323  0.3323  0.3323  0.3229  0.3103  0.3260  0.3323  0.3386  0.3605  0.3386
P73668           0.7335  0.7116  0.7116  0.6708  0.6865  0.6865  0.7022  0.6991  0.6928  0.6834  0.6897  0.6740  0.7116  0.6677  0.6708  0.6677  0.5266  0.5549  0.5423  0.5737  0.5737  0.5799  0.5674  0.5204  0.5110  0.5643  0.4984  0.5298  0.5298  0.5235  0.5643  0.5674  0.5266  0.5266  0.4608  0.3511  0.5235  0.3480  0.5204  0.4859  0.4953  0.3229  0.3511  0.2947  0.4639  0.3981  0.3072  0.3574  0.3323  0.3009  0.3009  0.2853  0.3260  0.3103  0.2853  0.2978  0.3260  0.2853  0.2884  0.3417
Q5MZA8           0.7304  0.7210  0.7398  0.7116  0.7210  0.7116  0.7335  0.7210  0.7241  0.7085  0.7022  0.6991  0.7335  0.6803  0.6834  0.6803  0.4953  0.5705  0.5705  0.5893  0.5956  0.5925  0.5862  0.5047  0.4922  0.5643  0.5016  0.5110  0.5016  0.4984  0.5831  0.5705  0.5141  0.5266  0.4357  0.3699  0.5016  0.3166  0.5047  0.4859  0.4984  0.3480  0.3386  0.3135  0.4326  0.3950  0.3229  0.3511  0.3574  0.3605  0.3605  0.3605  0.3197  0.3166  0.3668  0.3511  0.3292  0.3542  0.3668  0.3856  0.3448
Q31MM2           0.7304  0.7210  0.7398  0.7116  0.7210  0.7116  0.7335  0.7210  0.7241  0.7085  0.7022  0.6991  0.7335  0.6803  0.6834  0.6803  0.4953  0.5705  0.5705  0.5893  0.5956  0.5925  0.5862  0.5047  0.4922  0.5643  0.5016  0.5110  0.5016  0.4984  0.5831  0.5705  0.5141  0.5266  0.4357  0.3699  0.5016  0.3166  0.5047  0.4859  0.4984  0.3480  0.3386  0.3135  0.4326  0.3950  0.3229  0.3511  0.3574  0.3605  0.3605  0.3605  0.3197  0.3166  0.3668  0.3511  0.3292  0.3542  0.3668  0.3856  0.3448  0.0000
Q2JHP5           0.7179  0.7085  0.6897  0.6928  0.7085  0.7116  0.7147  0.7053  0.7085  0.6991  0.6865  0.6959  0.7116  0.6301  0.6270  0.6332  0.5266  0.5517  0.5549  0.5862  0.5831  0.5831  0.5862  0.5298  0.5329  0.5141  0.4953  0.5172  0.5204  0.5110  0.6019  0.5862  0.5235  0.5361  0.4734  0.4577  0.4984  0.4545  0.5078  0.5172  0.4953  0.4890  0.4545  0.4545  0.1034  0.4765  0.4577  0.4796  0.4295  0.4420  0.4420  0.4639  0.4545  0.4545  0.4671  0.4577  0.4734  0.4828  0.4639  0.4796  0.4608  0.4389  0.4389
Q7VAM1           0.7304  0.7179  0.6959  0.6771  0.7022  0.7304  0.6771  0.6991  0.6928  0.7085  0.6959  0.6740  0.7022  0.6959  0.6959  0.6959  0.4702  0.4734  0.4671  0.5078  0.5047  0.5110  0.5078  0.4577  0.4483  0.4107  0.5172  0.4389  0.4608  0.4514  0.5141  0.5204  0.4639  0.4765  0.5423  0.5486  0.4232  0.5266  0.4232  0.5110  0.4608  0.5078  0.5078  0.5235  0.5455  0.5455  0.5172  0.5549  0.5172  0.5266  0.5266  0.5361  0.5204  0.5392  0.5361  0.5423  0.5078  0.5580  0.5329  0.5235  0.5549  0.5329  0.5329  0.5329
