AAML (in paml version 4.6, August 2012)  296.aa
Model: Empirical for branches,  (../../../bin/LG.dat) dGamma (ncatG=4) ns =  65  ls = 199


Frequencies..
                                    A      R      N      D      C      Q      E      G      H      I      L      K      M      F      P      S      T      W      Y      V
A8EVW5                         0.07538 0.03015 0.06030 0.08543 0.01005 0.01508 0.06533 0.05025 0.00503 0.08543 0.07538 0.11055 0.02513 0.08040 0.03015 0.05025 0.04523 0.00503 0.02010 0.07538
A6Q826                         0.11055 0.05528 0.03518 0.07538 0.01005 0.01508 0.09045 0.06030 0.00503 0.07035 0.08040 0.07538 0.03015 0.06533 0.04020 0.04020 0.04020 0.00503 0.02513 0.07035
A6Q2C1                         0.09045 0.03015 0.06533 0.05528 0.00503 0.04020 0.07538 0.05025 0.01005 0.09045 0.08543 0.09045 0.02010 0.05025 0.03518 0.05025 0.04020 0.00503 0.03518 0.07538
Q30QK7                         0.08543 0.05528 0.04020 0.09548 0.00503 0.02010 0.05025 0.06533 0.01005 0.10050 0.06030 0.08040 0.02513 0.05528 0.03015 0.07035 0.03015 0.00503 0.03518 0.08040
B9L788                         0.10050 0.03015 0.03518 0.07538 0.00503 0.01508 0.08543 0.06030 0.01005 0.08040 0.09045 0.11055 0.02513 0.05528 0.03015 0.04523 0.04020 0.00503 0.03015 0.07035
D1B3U1                         0.10050 0.04523 0.03518 0.06533 0.00503 0.02513 0.05528 0.05528 0.02513 0.10553 0.07538 0.07538 0.02010 0.06030 0.03518 0.07538 0.04523 0.00503 0.01005 0.08040
A7H4Z6                         0.05528 0.04523 0.06030 0.06030 0.01508 0.02513 0.08543 0.04523 0.01508 0.11055 0.09045 0.10553 0.03015 0.06030 0.03015 0.04523 0.04020 0.00503 0.02010 0.05528
A8FKG8                         0.06030 0.05025 0.06030 0.06030 0.01508 0.02513 0.08543 0.04523 0.01508 0.10553 0.09045 0.10050 0.03015 0.06030 0.03015 0.04523 0.03518 0.00503 0.02010 0.06030
Q4HFR6                         0.07035 0.04020 0.05528 0.06030 0.01508 0.02010 0.08040 0.05025 0.02010 0.08543 0.09548 0.10050 0.03518 0.04523 0.03015 0.06030 0.03015 0.00503 0.03518 0.06533
B9KFP1                         0.07538 0.04020 0.04523 0.07035 0.02513 0.02513 0.07035 0.04020 0.01005 0.08040 0.11055 0.10553 0.03015 0.05025 0.03015 0.06533 0.02513 0.00503 0.03015 0.06533
Q4HRX1                         0.07538 0.04020 0.05025 0.04523 0.02010 0.03015 0.09548 0.04020 0.00503 0.07035 0.13065 0.09548 0.02513 0.04523 0.03518 0.07035 0.03015 0.00503 0.03015 0.06030
Q7MAE8                         0.10050 0.07538 0.01508 0.05025 0.00503 0.02513 0.08040 0.09045 0.02010 0.06030 0.10050 0.04523 0.03015 0.05528 0.04020 0.07538 0.03015 0.00503 0.02010 0.07538
P56155                         0.09548 0.04020 0.03015 0.06533 0.01508 0.03518 0.07538 0.05025 0.00503 0.06533 0.14573 0.09045 0.02513 0.04523 0.03015 0.06030 0.03518 0.00503 0.02010 0.06533
A3IGY5                         0.11055 0.04020 0.02513 0.06533 0.02513 0.05528 0.03015 0.06533 0.01508 0.05528 0.14070 0.06533 0.02513 0.02513 0.06030 0.04020 0.06030 0.01508 0.01508 0.06533
B1WXD3                         0.11055 0.04523 0.03518 0.07035 0.02010 0.03518 0.04020 0.06030 0.01508 0.05025 0.13065 0.06030 0.02513 0.02513 0.06533 0.04020 0.06533 0.01508 0.01508 0.07538
B4AUT4                         0.11558 0.05528 0.01508 0.04020 0.02513 0.04020 0.07538 0.06533 0.01005 0.05528 0.14070 0.04523 0.01005 0.02513 0.06533 0.06533 0.04020 0.01508 0.01508 0.08040
A0YMD0                         0.11055 0.05025 0.03015 0.04020 0.02010 0.06533 0.06533 0.06533 0.01508 0.06533 0.12563 0.04523 0.01005 0.03518 0.06533 0.05025 0.05025 0.01005 0.01508 0.06533
B7KL53                         0.10553 0.05528 0.01508 0.04020 0.02513 0.04020 0.07035 0.06030 0.01005 0.05528 0.14070 0.05528 0.01005 0.02513 0.06533 0.06533 0.05025 0.01508 0.01508 0.08040
A8G6D9                         0.06030 0.04523 0.06030 0.07035 0.02010 0.01508 0.05528 0.05528 0.01005 0.11055 0.11055 0.10553 0.01508 0.04020 0.04523 0.08040 0.02513 0.01005 0.00503 0.06030
A2BSQ0                         0.05528 0.04020 0.06030 0.06533 0.02010 0.01508 0.05025 0.05528 0.02010 0.10050 0.10553 0.10553 0.02010 0.05025 0.04523 0.08040 0.02513 0.01005 0.00503 0.07035
B0CEU9                         0.11055 0.04020 0.01508 0.04020 0.03015 0.09045 0.04523 0.07035 0.01508 0.06533 0.11558 0.04020 0.02010 0.03015 0.07538 0.04523 0.06533 0.00503 0.01508 0.06533
A3PEG2                         0.05025 0.04523 0.06533 0.06533 0.02010 0.02010 0.05528 0.05528 0.01005 0.11558 0.10553 0.10553 0.01508 0.05025 0.04523 0.07538 0.02513 0.01005 0.00503 0.06030
C7QQV3                         0.10553 0.05528 0.03015 0.05025 0.02513 0.07035 0.05025 0.05528 0.01508 0.05528 0.13568 0.04523 0.02010 0.03015 0.06030 0.05025 0.04020 0.01508 0.01508 0.07538
B7K530                         0.10553 0.06030 0.03015 0.05025 0.02010 0.07035 0.05025 0.05528 0.01508 0.05528 0.13568 0.04523 0.02010 0.03015 0.06030 0.05025 0.04020 0.01508 0.01508 0.07538
Q4C3E0                         0.10553 0.05528 0.03015 0.06030 0.02513 0.04523 0.04020 0.06030 0.01508 0.04523 0.13568 0.06533 0.02513 0.02513 0.06533 0.04020 0.05025 0.01508 0.01508 0.08040
B9YJJ6                         0.11055 0.03518 0.01508 0.05528 0.02010 0.06030 0.06533 0.06533 0.01005 0.06030 0.13568 0.06030 0.00503 0.03518 0.06030 0.04523 0.07035 0.01508 0.01508 0.06030
B5W5M8                         0.12060 0.05025 0.03015 0.03015 0.03015 0.05025 0.05528 0.06533 0.01005 0.06030 0.14573 0.06533 0.01005 0.02513 0.06533 0.05025 0.05025 0.01005 0.01508 0.06030
P58639                         0.13065 0.05528 0.00503 0.05528 0.02010 0.04523 0.06030 0.06533 0.01508 0.06533 0.11055 0.06030 0.02010 0.02513 0.06030 0.06030 0.05025 0.01508 0.01508 0.06533
B2J595                         0.11558 0.05528 0.01005 0.05528 0.03015 0.04523 0.07035 0.06030 0.00503 0.06533 0.13568 0.06030 0.01005 0.02513 0.06533 0.04020 0.06533 0.01508 0.01508 0.05528
B7LRZ7                         0.14070 0.06030 0.01508 0.06533 0.01508 0.06030 0.04523 0.08040 0.01508 0.04020 0.08543 0.04020 0.03518 0.04523 0.05025 0.04020 0.06030 0.00503 0.01005 0.09045
P73761                         0.13065 0.06533 0.02010 0.06030 0.02010 0.05528 0.03518 0.08040 0.01508 0.05025 0.13568 0.03015 0.01508 0.02513 0.07538 0.03518 0.04523 0.01508 0.01508 0.07538
A2BY35                         0.05528 0.05528 0.08040 0.05528 0.03015 0.01005 0.06030 0.05025 0.01005 0.08543 0.09045 0.10050 0.01005 0.04523 0.04523 0.07538 0.04523 0.01005 0.02010 0.06533
Q7V0D8                         0.07035 0.04020 0.06533 0.05025 0.03015 0.01508 0.06030 0.05025 0.01005 0.10553 0.09548 0.10553 0.01508 0.04020 0.04020 0.09045 0.04523 0.00503 0.01005 0.05528
B0JPT3                         0.11558 0.05025 0.02010 0.04020 0.02513 0.04523 0.06533 0.07538 0.01005 0.04523 0.15075 0.06030 0.00503 0.02513 0.05528 0.07035 0.04020 0.01508 0.01508 0.07035
Q119B9                         0.10050 0.07538 0.01005 0.04020 0.03015 0.06030 0.06030 0.06030 0.01005 0.08543 0.12563 0.04020 0.00503 0.02513 0.06533 0.06030 0.04523 0.01508 0.01508 0.07035
Q319F9                         0.05025 0.04020 0.05528 0.07035 0.02010 0.02010 0.05025 0.05025 0.01005 0.09548 0.11055 0.11558 0.01508 0.05025 0.04523 0.08543 0.02513 0.01005 0.00503 0.07538
P08244                         0.13065 0.06030 0.01508 0.06533 0.01508 0.06030 0.04523 0.07538 0.01508 0.04020 0.09045 0.04020 0.04020 0.04523 0.05025 0.04523 0.05528 0.00503 0.01005 0.09548
Q3MEN8                         0.13065 0.06030 0.00503 0.05528 0.02010 0.05025 0.06030 0.06030 0.01005 0.06533 0.11055 0.06533 0.01508 0.02513 0.05528 0.05528 0.05025 0.01508 0.01508 0.07538
A0ZAE0                         0.12563 0.04020 0.03015 0.04523 0.02010 0.05528 0.06533 0.06030 0.01005 0.06030 0.12563 0.06030 0.01508 0.02513 0.06533 0.05025 0.05528 0.01508 0.01508 0.06030
A4CRE2                         0.22613 0.05528 0.00503 0.03015 0.03518 0.06030 0.05025 0.08543 0.01508 0.05025 0.10553 0.03015 0.01005 0.02513 0.06030 0.03015 0.03518 0.01005 0.00000 0.08040
B1XPS6                         0.14070 0.04523 0.01508 0.06030 0.02513 0.09045 0.03015 0.07538 0.02010 0.06030 0.10553 0.03518 0.01508 0.03015 0.06030 0.03518 0.06030 0.01508 0.01005 0.07035
B7MUC3                         0.14070 0.05528 0.01508 0.07035 0.01508 0.06030 0.04020 0.07538 0.01508 0.04020 0.09045 0.04020 0.03518 0.04523 0.05025 0.05025 0.05025 0.00503 0.01005 0.09548
Q5N1T9                         0.15075 0.05025 0.01005 0.04523 0.03015 0.07538 0.04523 0.06030 0.02010 0.04020 0.10553 0.03518 0.01005 0.03015 0.06533 0.03015 0.08040 0.00503 0.01508 0.09548
Q31K20                         0.15075 0.05025 0.01005 0.04523 0.03015 0.07538 0.04523 0.06030 0.02010 0.04020 0.10553 0.03518 0.01005 0.03015 0.06533 0.03015 0.08040 0.00503 0.01508 0.09548
Q7NK22                         0.13065 0.06533 0.01508 0.04020 0.02010 0.02513 0.05025 0.10553 0.01508 0.02513 0.12563 0.02010 0.01005 0.03518 0.06533 0.03518 0.06533 0.01005 0.01005 0.13065
A2C754                         0.15578 0.08040 0.00503 0.03518 0.03518 0.03015 0.07035 0.07035 0.01508 0.04523 0.12060 0.02010 0.01005 0.03518 0.06533 0.07035 0.03518 0.02010 0.00000 0.08040
Q3AZD9                         0.18593 0.06533 0.01508 0.02513 0.03015 0.06030 0.06030 0.08040 0.01508 0.04523 0.10553 0.01508 0.01508 0.02513 0.06030 0.05025 0.05025 0.01508 0.00000 0.08040
Q0I824                         0.15578 0.05528 0.01005 0.01508 0.03015 0.08040 0.06030 0.08543 0.02010 0.04020 0.11558 0.01508 0.01005 0.02513 0.06030 0.05025 0.05528 0.01005 0.00000 0.10553
Q3AHU2                         0.21106 0.06030 0.00000 0.03015 0.03015 0.05528 0.05528 0.09045 0.02010 0.04523 0.10553 0.02513 0.01005 0.02513 0.06533 0.03518 0.03518 0.01005 0.00000 0.09045
Q7U8P3                         0.20101 0.05528 0.00503 0.03015 0.03015 0.07035 0.05528 0.08543 0.01508 0.04523 0.11055 0.02513 0.01005 0.02513 0.06533 0.04020 0.04523 0.01005 0.00000 0.07538
A5GN53                         0.21608 0.05528 0.00000 0.02010 0.03015 0.06030 0.07035 0.09045 0.01508 0.04523 0.10553 0.02513 0.01005 0.02513 0.06533 0.03015 0.04523 0.01005 0.00000 0.08040
A5GUZ7                         0.19598 0.07035 0.00000 0.02010 0.03015 0.06030 0.07035 0.08543 0.02010 0.04020 0.11055 0.02010 0.02010 0.02010 0.06533 0.04020 0.04020 0.01005 0.00503 0.07538
Q8DLT3                         0.15578 0.04523 0.02010 0.05528 0.02513 0.06030 0.02010 0.08040 0.02010 0.07035 0.12060 0.03015 0.01005 0.03518 0.06030 0.04523 0.06533 0.01005 0.01508 0.05528
Q05TY1                         0.19095 0.05528 0.00000 0.03518 0.03015 0.07035 0.05528 0.10050 0.01508 0.04523 0.10553 0.02010 0.01005 0.02513 0.06533 0.04020 0.04020 0.01005 0.00000 0.08543
Q7V5Y2                         0.16583 0.07538 0.00503 0.03015 0.03518 0.03518 0.07035 0.07035 0.01508 0.05025 0.12563 0.02010 0.00503 0.03015 0.06533 0.07035 0.03015 0.02010 0.00000 0.08040
Q064Z9                         0.20603 0.05528 0.00503 0.04020 0.03518 0.07035 0.05025 0.09548 0.01508 0.04020 0.10553 0.01508 0.01508 0.02513 0.06030 0.04020 0.03518 0.01005 0.00000 0.08040
Q2JTW6                         0.13065 0.08543 0.00000 0.06030 0.01508 0.06030 0.04020 0.09548 0.01508 0.02513 0.14573 0.02010 0.00503 0.01508 0.06030 0.03518 0.04020 0.01508 0.01508 0.12060
Q46JD8                         0.07538 0.04020 0.03518 0.03518 0.03015 0.03015 0.06533 0.06533 0.01508 0.09045 0.09548 0.08040 0.02513 0.05025 0.04020 0.10050 0.05025 0.01005 0.01005 0.05528
A2C4A1                         0.07538 0.04020 0.03015 0.04020 0.03015 0.03015 0.06533 0.06533 0.01508 0.08543 0.09548 0.08040 0.02513 0.05025 0.04020 0.10050 0.05025 0.01005 0.01005 0.06030
A9BBV1                         0.09548 0.07538 0.02010 0.05025 0.03015 0.01508 0.06533 0.07538 0.02513 0.06533 0.11558 0.04523 0.01005 0.05528 0.04523 0.06030 0.06533 0.01005 0.01005 0.06533
A3YVE4                         0.22613 0.08040 0.00000 0.04523 0.03015 0.02010 0.05025 0.07538 0.01508 0.04020 0.10050 0.01005 0.01508 0.03015 0.07538 0.05025 0.03518 0.01005 0.00503 0.08543
A3Z668                         0.20101 0.08040 0.00503 0.03518 0.03015 0.06533 0.04523 0.07035 0.02010 0.03518 0.11558 0.01005 0.01508 0.02513 0.05528 0.05025 0.04523 0.01005 0.00000 0.08543
Q7VAP8                         0.07035 0.04523 0.04523 0.04523 0.03015 0.05025 0.05528 0.07538 0.01005 0.08543 0.11558 0.06533 0.01508 0.03518 0.06030 0.07538 0.05025 0.01005 0.00503 0.05528
Q2JPF1                         0.12563 0.07538 0.00000 0.05025 0.01508 0.05528 0.03518 0.08543 0.02010 0.04020 0.14573 0.02513 0.01005 0.02010 0.06030 0.06030 0.05025 0.01508 0.01508 0.09548
B8HTC6                         0.10553 0.05528 0.03015 0.08040 0.01005 0.06030 0.04020 0.07538 0.00503 0.04523 0.13568 0.07035 0.01005 0.04523 0.03015 0.04020 0.04020 0.00503 0.02010 0.09548

Homogeneity statistic: X2 = 8.24921 G = 8.49841 

Average                        0.12083 0.05358 0.02582 0.05133 0.02265 0.04523 0.05821 0.06780 0.01399 0.06378 0.11287 0.05705 0.01739 0.03695 0.05350 0.05443 0.04592 0.01020 0.01299 0.07545

# constant sites:     25 (12.56%)
ln Lmax (unconstrained) = -1034.299337

AA distances (raw proportions of different sites)

A8EVW5         
A6Q826           0.2965
A6Q2C1           0.3116  0.3166
Q30QK7           0.3317  0.3568  0.2965
B9L788           0.3116  0.2965  0.2764  0.3367
D1B3U1           0.3668  0.3920  0.3719  0.3618  0.4020
A7H4Z6           0.3467  0.3618  0.3719  0.4121  0.3769  0.4271
A8FKG8           0.3568  0.3518  0.3618  0.4020  0.3668  0.4221  0.0151
Q4HFR6           0.3769  0.3568  0.3869  0.4070  0.3668  0.4221  0.1407  0.1307
B9KFP1           0.3920  0.4271  0.3568  0.4020  0.4121  0.4372  0.2965  0.2864  0.3015
Q4HRX1           0.4271  0.4171  0.3668  0.4372  0.4020  0.4623  0.2764  0.2714  0.2814  0.3266
Q7MAE8           0.4322  0.4070  0.3668  0.4020  0.4221  0.4322  0.4472  0.4422  0.4372  0.4673  0.4623
P56155           0.4774  0.4925  0.4774  0.4824  0.4925  0.4925  0.4673  0.4774  0.4673  0.4221  0.4523  0.4673
A3IGY5           0.6432  0.6533  0.6533  0.6231  0.6633  0.6533  0.6583  0.6683  0.6633  0.6884  0.6633  0.6633  0.6533
B1WXD3           0.6432  0.6482  0.6583  0.6181  0.6683  0.6432  0.6583  0.6583  0.6533  0.6784  0.6734  0.6583  0.6683  0.0804
B4AUT4           0.6482  0.6231  0.6332  0.6332  0.6583  0.6583  0.6533  0.6482  0.6482  0.6633  0.6181  0.6382  0.6633  0.2563  0.2513
A0YMD0           0.6533  0.6131  0.6482  0.6281  0.6432  0.6533  0.6533  0.6482  0.6382  0.6834  0.6683  0.6432  0.6935  0.2764  0.2663  0.2513
B7KL53           0.6533  0.6131  0.6281  0.6332  0.6583  0.6583  0.6382  0.6332  0.6332  0.6633  0.6131  0.6432  0.6633  0.2663  0.2513  0.1256  0.2613
A8G6D9           0.6030  0.5879  0.6030  0.6432  0.5829  0.6382  0.5578  0.5528  0.5678  0.5980  0.6080  0.6432  0.6382  0.5729  0.5477  0.5779  0.5477  0.5578
A2BSQ0           0.6080  0.5980  0.6181  0.6432  0.6030  0.6332  0.5779  0.5729  0.5779  0.6080  0.6080  0.6432  0.6482  0.5578  0.5377  0.5678  0.5377  0.5477  0.0603
B0CEU9           0.6834  0.6533  0.6332  0.6533  0.6683  0.6734  0.6734  0.6683  0.6683  0.6834  0.6683  0.6683  0.6834  0.3166  0.3317  0.2714  0.2915  0.2965  0.5578  0.5628
A3PEG2           0.6080  0.6030  0.6131  0.6332  0.6030  0.6432  0.5779  0.5729  0.5829  0.6080  0.6131  0.6583  0.6533  0.5729  0.5528  0.5779  0.5528  0.5628  0.0653  0.0553  0.5779
C7QQV3           0.6683  0.6382  0.6281  0.6432  0.6432  0.6533  0.6633  0.6583  0.6683  0.6834  0.6583  0.6382  0.6734  0.2261  0.2211  0.2161  0.2714  0.2111  0.5628  0.5578  0.2864  0.5729
B7K530           0.6683  0.6382  0.6281  0.6432  0.6432  0.6533  0.6633  0.6583  0.6683  0.6834  0.6583  0.6382  0.6734  0.2261  0.2211  0.2211  0.2714  0.2161  0.5628  0.5578  0.2915  0.5729  0.0050
Q4C3E0           0.6633  0.6533  0.6734  0.6432  0.6834  0.6533  0.6834  0.6834  0.6784  0.7035  0.7085  0.6683  0.6884  0.1508  0.1106  0.2513  0.2714  0.2663  0.5578  0.5427  0.3317  0.5628  0.2261  0.2261
B9YJJ6           0.6432  0.6181  0.6332  0.6382  0.6432  0.6382  0.6533  0.6482  0.6533  0.6633  0.6533  0.6432  0.6633  0.3015  0.2965  0.2663  0.2362  0.2663  0.5628  0.5477  0.3116  0.5628  0.3015  0.3015  0.3065
B5W5M8           0.6683  0.6281  0.6181  0.6482  0.6683  0.6633  0.6533  0.6482  0.6482  0.6683  0.6633  0.6533  0.6734  0.2965  0.3015  0.2714  0.1859  0.2764  0.5477  0.5427  0.2864  0.5578  0.3065  0.3065  0.2814  0.2362
P58639           0.6633  0.6131  0.6231  0.6432  0.6533  0.6482  0.6583  0.6533  0.6583  0.6583  0.6633  0.6482  0.6683  0.3166  0.3116  0.2915  0.2714  0.2663  0.5477  0.5477  0.3166  0.5578  0.3266  0.3266  0.3317  0.1960  0.2563
B2J595           0.6533  0.6281  0.6432  0.6482  0.6633  0.6482  0.6583  0.6533  0.6583  0.6583  0.6734  0.6583  0.6734  0.3216  0.3166  0.2613  0.2563  0.2613  0.5729  0.5678  0.2864  0.5829  0.3015  0.3015  0.3015  0.1910  0.2312  0.1809
B7LRZ7           0.6181  0.5980  0.6030  0.5980  0.5980  0.6181  0.6633  0.6583  0.6482  0.6784  0.6432  0.6281  0.6734  0.5578  0.5327  0.5477  0.5327  0.5578  0.6131  0.6181  0.5427  0.6281  0.5678  0.5678  0.5528  0.5176  0.5377  0.5126  0.5427
P73761           0.6784  0.6633  0.6583  0.6683  0.6482  0.6583  0.6683  0.6633  0.6432  0.6935  0.6734  0.6482  0.6784  0.3819  0.3618  0.3216  0.3869  0.3367  0.5879  0.5779  0.4171  0.5930  0.3618  0.3668  0.3467  0.3819  0.4121  0.3920  0.3719  0.5678
A2BY35           0.6231  0.6281  0.5980  0.6332  0.5980  0.6231  0.5879  0.5829  0.5879  0.6231  0.6131  0.6382  0.6231  0.5879  0.5628  0.5779  0.5628  0.5779  0.2161  0.2412  0.5829  0.2412  0.5829  0.5879  0.5779  0.5829  0.5729  0.5879  0.5930  0.6030  0.5829
Q7V0D8           0.6231  0.6231  0.6181  0.6332  0.5930  0.6131  0.5578  0.5528  0.5729  0.6080  0.6030  0.6382  0.6281  0.5729  0.5528  0.5729  0.5477  0.5628  0.2010  0.2111  0.5578  0.2211  0.5477  0.5528  0.5678  0.5578  0.5528  0.5829  0.5829  0.5930  0.5779  0.1508
B0JPT3           0.6683  0.6583  0.6533  0.6482  0.6432  0.6633  0.6633  0.6583  0.6683  0.6834  0.6583  0.6482  0.6382  0.2714  0.2663  0.2362  0.2864  0.2362  0.5628  0.5477  0.3166  0.5628  0.2312  0.2362  0.2513  0.3065  0.2814  0.3065  0.3015  0.5377  0.3518  0.5628  0.5528
Q119B9           0.6834  0.6231  0.6482  0.6332  0.6533  0.6683  0.6432  0.6382  0.6482  0.6834  0.6583  0.6432  0.6935  0.3166  0.3116  0.2663  0.2312  0.2663  0.5276  0.5377  0.2764  0.5427  0.2864  0.2915  0.3166  0.2864  0.2362  0.2764  0.2864  0.5628  0.3920  0.5729  0.5528  0.3015
Q319F9           0.6231  0.6281  0.6281  0.6432  0.6131  0.6382  0.5930  0.5879  0.5930  0.6181  0.6231  0.6633  0.6533  0.5879  0.5628  0.5829  0.5678  0.5678  0.0854  0.0754  0.5879  0.0754  0.5779  0.5779  0.5729  0.5678  0.5779  0.5678  0.5980  0.6181  0.5879  0.2261  0.2161  0.5729  0.5528
P08244           0.6231  0.6080  0.6030  0.6030  0.6080  0.6332  0.6633  0.6583  0.6583  0.6834  0.6432  0.6231  0.6784  0.5578  0.5327  0.5477  0.5377  0.5528  0.6131  0.6181  0.5327  0.6281  0.5628  0.5628  0.5528  0.5126  0.5427  0.5176  0.5427  0.0603  0.5628  0.6030  0.5879  0.5477  0.5578  0.6131
Q3MEN8           0.6734  0.6231  0.6332  0.6533  0.6633  0.6583  0.6633  0.6583  0.6633  0.6633  0.6683  0.6583  0.6734  0.3216  0.3166  0.2965  0.2814  0.2714  0.5528  0.5528  0.3216  0.5628  0.3317  0.3317  0.3317  0.2161  0.2663  0.0402  0.1809  0.5226  0.3970  0.5930  0.5879  0.3065  0.2814  0.5729  0.5327
A0ZAE0           0.6583  0.6231  0.6382  0.6432  0.6583  0.6533  0.6533  0.6482  0.6482  0.6533  0.6533  0.6533  0.6583  0.2663  0.2613  0.2312  0.2111  0.2412  0.5628  0.5477  0.2915  0.5628  0.2764  0.2764  0.2764  0.1658  0.2412  0.1608  0.1608  0.5427  0.3668  0.5829  0.5628  0.2764  0.2462  0.5779  0.5528  0.1608
A4CRE2           0.6734  0.6432  0.6332  0.6683  0.6030  0.6382  0.6533  0.6482  0.6231  0.6533  0.6683  0.6432  0.6834  0.5126  0.5276  0.4925  0.5075  0.5176  0.5377  0.5427  0.5075  0.5477  0.5226  0.5276  0.5276  0.5377  0.5176  0.5276  0.5427  0.5528  0.4824  0.5427  0.5075  0.4975  0.5176  0.5477  0.5678  0.5377  0.5226
B1XPS6           0.6734  0.6332  0.6382  0.6633  0.6482  0.6583  0.6884  0.6834  0.6734  0.6935  0.6935  0.6583  0.6884  0.3719  0.3618  0.3417  0.3719  0.3467  0.5528  0.5427  0.3819  0.5528  0.3568  0.3568  0.3618  0.3317  0.3719  0.3317  0.3518  0.5427  0.3618  0.5678  0.5578  0.3719  0.3819  0.5578  0.5427  0.3367  0.3367  0.5176
B7MUC3           0.6181  0.6030  0.6030  0.5980  0.6030  0.6332  0.6633  0.6583  0.6583  0.6834  0.6482  0.6231  0.6784  0.5528  0.5276  0.5477  0.5377  0.5528  0.6131  0.6181  0.5276  0.6281  0.5578  0.5578  0.5477  0.5126  0.5377  0.5176  0.5327  0.0603  0.5678  0.6080  0.5930  0.5477  0.5528  0.6131  0.0251  0.5327  0.5528  0.5678  0.5477
Q5N1T9           0.6633  0.6231  0.6030  0.6181  0.6432  0.6181  0.6583  0.6533  0.6382  0.6382  0.6683  0.6583  0.6633  0.4020  0.3869  0.4171  0.4020  0.4020  0.5678  0.5729  0.4070  0.5779  0.3869  0.3920  0.3719  0.4121  0.4271  0.3920  0.4070  0.5477  0.3920  0.5879  0.5578  0.4020  0.4020  0.5879  0.5729  0.3970  0.3970  0.4573  0.4020  0.5678
Q31K20           0.6633  0.6231  0.6030  0.6181  0.6432  0.6181  0.6583  0.6533  0.6382  0.6382  0.6683  0.6583  0.6633  0.4020  0.3869  0.4171  0.4020  0.4020  0.5678  0.5729  0.4070  0.5779  0.3869  0.3920  0.3719  0.4121  0.4271  0.3920  0.4070  0.5477  0.3920  0.5879  0.5578  0.4020  0.4020  0.5879  0.5729  0.3970  0.3970  0.4573  0.4020  0.5678  0.0000
Q7NK22           0.6683  0.6281  0.6683  0.6583  0.6482  0.6332  0.6583  0.6533  0.6432  0.6734  0.6583  0.6482  0.6834  0.4824  0.4673  0.4573  0.4573  0.4673  0.5930  0.5829  0.4623  0.5930  0.4673  0.4673  0.4673  0.4422  0.4523  0.4724  0.4573  0.5025  0.4824  0.5879  0.5578  0.4673  0.4925  0.6030  0.5176  0.4774  0.4523  0.4925  0.4824  0.5126  0.4623  0.4623
A2C754           0.6734  0.6683  0.6382  0.6030  0.6432  0.6533  0.6432  0.6432  0.6533  0.6683  0.6533  0.6382  0.6834  0.4774  0.4874  0.4422  0.4523  0.4472  0.5477  0.5327  0.4824  0.5477  0.4724  0.4774  0.4874  0.5025  0.4724  0.4774  0.4824  0.5729  0.5025  0.5427  0.5427  0.4472  0.4221  0.5427  0.5678  0.4824  0.4874  0.3417  0.4874  0.5678  0.4573  0.4573  0.5176
Q3AZD9           0.6884  0.6633  0.6432  0.6734  0.6332  0.6583  0.6533  0.6533  0.6482  0.6683  0.6784  0.6533  0.6734  0.5276  0.5377  0.5075  0.5276  0.5327  0.5427  0.5477  0.5226  0.5528  0.5327  0.5377  0.5427  0.5628  0.5176  0.5477  0.5528  0.5879  0.5126  0.5528  0.5327  0.5176  0.5377  0.5427  0.5930  0.5578  0.5427  0.1457  0.5327  0.5930  0.4774  0.4774  0.5075  0.3367
Q0I824           0.6734  0.6482  0.6080  0.6533  0.6332  0.6332  0.6482  0.6482  0.6382  0.6784  0.6533  0.6432  0.6884  0.5276  0.5276  0.5025  0.5075  0.5176  0.5628  0.5528  0.5025  0.5628  0.5226  0.5276  0.5327  0.5427  0.5075  0.5377  0.5528  0.5528  0.5075  0.5729  0.5327  0.5075  0.5226  0.5578  0.5678  0.5477  0.5377  0.1859  0.5126  0.5628  0.4975  0.4975  0.5075  0.3568  0.2211
Q3AHU2           0.6784  0.6382  0.6332  0.6633  0.6030  0.6432  0.6482  0.6432  0.6231  0.6533  0.6683  0.6332  0.6734  0.5377  0.5477  0.5126  0.5327  0.5276  0.5226  0.5276  0.5276  0.5327  0.5327  0.5377  0.5427  0.5528  0.5276  0.5377  0.5578  0.5729  0.4925  0.5427  0.5075  0.5075  0.5377  0.5377  0.5779  0.5477  0.5427  0.0905  0.5176  0.5779  0.4824  0.4824  0.4975  0.3367  0.1357  0.2060
Q7U8P3           0.6683  0.6432  0.6131  0.6633  0.5980  0.6432  0.6482  0.6432  0.6281  0.6482  0.6633  0.6281  0.6734  0.5176  0.5276  0.4774  0.5226  0.5126  0.5226  0.5276  0.4975  0.5327  0.4975  0.5025  0.5176  0.5377  0.5176  0.5276  0.5377  0.5628  0.4724  0.5327  0.5025  0.4874  0.5176  0.5327  0.5729  0.5377  0.5226  0.0854  0.5126  0.5729  0.4523  0.4523  0.4975  0.3216  0.1307  0.1960  0.0854
A5GN53           0.6784  0.6432  0.6382  0.6734  0.6030  0.6432  0.6482  0.6432  0.6281  0.6533  0.6683  0.6382  0.6784  0.5176  0.5327  0.4874  0.5075  0.5126  0.5327  0.5377  0.5126  0.5427  0.5126  0.5176  0.5276  0.5327  0.5075  0.5226  0.5377  0.5528  0.4874  0.5477  0.5075  0.4925  0.5176  0.5427  0.5678  0.5327  0.5226  0.0603  0.5126  0.5678  0.4573  0.4573  0.4824  0.3166  0.0955  0.1759  0.0503  0.0553
A5GUZ7           0.6734  0.6382  0.6181  0.6633  0.6080  0.6231  0.6533  0.6533  0.6432  0.6633  0.6432  0.6281  0.6683  0.5176  0.5327  0.4774  0.4975  0.4975  0.5427  0.5477  0.5226  0.5528  0.5126  0.5176  0.5327  0.5276  0.5126  0.5176  0.5377  0.5628  0.4774  0.5578  0.5276  0.5075  0.5126  0.5528  0.5729  0.5276  0.5276  0.1508  0.5025  0.5779  0.4472  0.4472  0.4925  0.3216  0.1558  0.2161  0.1508  0.1307  0.1055
Q8DLT3           0.6734  0.6482  0.6533  0.6734  0.6432  0.6382  0.6985  0.6935  0.6734  0.7035  0.6935  0.6583  0.6935  0.4925  0.4874  0.4673  0.4673  0.4975  0.5879  0.5879  0.4472  0.5930  0.4774  0.4824  0.4874  0.4623  0.4472  0.4472  0.4523  0.5327  0.4673  0.5829  0.5779  0.5126  0.4824  0.6030  0.5427  0.4573  0.4422  0.5176  0.4322  0.5427  0.4824  0.4824  0.4975  0.5226  0.5477  0.5528  0.5377  0.5176  0.5176  0.5276
Q05TY1           0.6784  0.6533  0.6432  0.6583  0.6181  0.6533  0.6432  0.6432  0.6332  0.6583  0.6583  0.6382  0.6784  0.5176  0.5276  0.4824  0.5176  0.5126  0.5327  0.5377  0.5075  0.5477  0.4975  0.5025  0.5327  0.5377  0.5126  0.5327  0.5427  0.5578  0.4824  0.5427  0.5025  0.5075  0.5176  0.5327  0.5729  0.5427  0.5276  0.1005  0.5025  0.5729  0.4523  0.4523  0.4824  0.3266  0.1156  0.1910  0.0905  0.0804  0.0553  0.1206  0.5176
Q7V5Y2           0.6784  0.6784  0.6432  0.6080  0.6482  0.6583  0.6533  0.6533  0.6583  0.6734  0.6583  0.6382  0.6884  0.4774  0.4874  0.4472  0.4573  0.4523  0.5528  0.5377  0.4824  0.5528  0.4774  0.4824  0.4874  0.4975  0.4774  0.4824  0.4874  0.5729  0.5126  0.5477  0.5477  0.4472  0.4271  0.5477  0.5678  0.4874  0.4925  0.3467  0.4925  0.5628  0.4573  0.4573  0.5226  0.0251  0.3467  0.3618  0.3467  0.3266  0.3216  0.3266  0.5226  0.3317
Q064Z9           0.6834  0.6533  0.6432  0.6583  0.6181  0.6432  0.6432  0.6432  0.6332  0.6583  0.6583  0.6432  0.6683  0.5276  0.5377  0.4975  0.5327  0.5226  0.5528  0.5578  0.5176  0.5628  0.5075  0.5126  0.5427  0.5528  0.5226  0.5377  0.5528  0.5729  0.4774  0.5578  0.5226  0.5176  0.5226  0.5528  0.5879  0.5477  0.5377  0.1005  0.5176  0.5879  0.4623  0.4623  0.4824  0.3417  0.1256  0.1859  0.1055  0.1005  0.0704  0.1357  0.5226  0.0704  0.3467
Q2JTW6           0.6884  0.6533  0.6734  0.6633  0.6683  0.6432  0.7085  0.7035  0.6935  0.7035  0.6884  0.6533  0.6683  0.4573  0.4472  0.4472  0.4724  0.4573  0.6181  0.6080  0.5126  0.6231  0.4673  0.4673  0.4523  0.4573  0.5025  0.4724  0.4824  0.5427  0.4422  0.6030  0.5980  0.4925  0.4774  0.6131  0.5377  0.4774  0.4623  0.5628  0.4573  0.5377  0.4673  0.4673  0.4573  0.5075  0.5678  0.5427  0.5779  0.5528  0.5628  0.5377  0.4774  0.5578  0.5075  0.5628
Q46JD8           0.6734  0.6985  0.6533  0.6583  0.6533  0.6432  0.6633  0.6633  0.6583  0.6683  0.6935  0.6884  0.6935  0.5779  0.5528  0.5578  0.5477  0.5578  0.4925  0.4925  0.5829  0.4925  0.5377  0.5427  0.5628  0.5628  0.5729  0.5829  0.5829  0.6231  0.5729  0.5025  0.5025  0.5477  0.5477  0.4975  0.6332  0.5930  0.5829  0.5025  0.5678  0.6281  0.5729  0.5729  0.5930  0.4472  0.5075  0.5025  0.5126  0.4824  0.4975  0.4975  0.5829  0.4975  0.4472  0.5075  0.6131
A2C4A1           0.6734  0.6935  0.6533  0.6583  0.6533  0.6432  0.6633  0.6633  0.6533  0.6683  0.6935  0.6884  0.6935  0.5779  0.5528  0.5578  0.5477  0.5578  0.4925  0.4925  0.5829  0.4925  0.5427  0.5477  0.5628  0.5628  0.5729  0.5829  0.5829  0.6231  0.5678  0.5025  0.5025  0.5477  0.5427  0.4975  0.6332  0.5930  0.5829  0.4975  0.5628  0.6281  0.5729  0.5729  0.5930  0.4472  0.5025  0.4975  0.5075  0.4774  0.4925  0.4975  0.5829  0.4925  0.4472  0.5025  0.6131  0.0101
A9BBV1           0.6734  0.6935  0.6533  0.6332  0.6231  0.6583  0.6533  0.6533  0.6583  0.6884  0.6432  0.6683  0.6834  0.5528  0.5427  0.5528  0.5377  0.5427  0.5276  0.5226  0.5477  0.5226  0.5678  0.5729  0.5628  0.5678  0.5678  0.5578  0.5678  0.5930  0.5377  0.4975  0.4975  0.5377  0.5377  0.5226  0.5980  0.5578  0.5729  0.4372  0.5779  0.5980  0.5176  0.5176  0.5528  0.4020  0.4221  0.4322  0.4472  0.4372  0.4372  0.4422  0.5678  0.4422  0.4070  0.4422  0.5729  0.4472  0.4472
A3YVE4           0.6734  0.6633  0.6231  0.6482  0.6281  0.6432  0.6683  0.6683  0.6683  0.6834  0.6533  0.6231  0.6734  0.5126  0.5126  0.4724  0.5075  0.4874  0.5477  0.5427  0.5126  0.5477  0.5075  0.5126  0.5226  0.5075  0.5025  0.4874  0.5126  0.5176  0.4774  0.5327  0.5327  0.4774  0.4874  0.5377  0.5025  0.4925  0.5025  0.2814  0.4724  0.5075  0.4322  0.4322  0.4724  0.3367  0.3266  0.3266  0.2915  0.2864  0.2764  0.2814  0.5176  0.2814  0.3367  0.2965  0.4925  0.5075  0.5075  0.4422
A3Z668           0.6935  0.6784  0.6432  0.6583  0.6332  0.6533  0.6734  0.6734  0.6633  0.6683  0.6633  0.6382  0.6884  0.5226  0.5377  0.4774  0.5176  0.5176  0.5427  0.5477  0.4874  0.5578  0.5276  0.5327  0.5377  0.5528  0.5226  0.5427  0.5477  0.5427  0.4925  0.5477  0.5226  0.5025  0.5176  0.5427  0.5477  0.5477  0.5377  0.1658  0.5176  0.5528  0.4673  0.4673  0.5025  0.3166  0.1960  0.1910  0.1960  0.1759  0.1658  0.1859  0.5427  0.1608  0.3216  0.1709  0.5176  0.5176  0.5126  0.4271  0.2965
Q7VAP8           0.7035  0.6985  0.6533  0.6633  0.6734  0.6633  0.6533  0.6533  0.6482  0.6784  0.6482  0.6432  0.7085  0.5528  0.5327  0.5528  0.5578  0.5528  0.5025  0.5025  0.5628  0.5126  0.5678  0.5729  0.5477  0.5578  0.5528  0.5628  0.5829  0.5628  0.5427  0.5126  0.4874  0.5578  0.5377  0.5075  0.5729  0.5678  0.5628  0.4372  0.5678  0.5779  0.5477  0.5477  0.5528  0.4472  0.4472  0.4221  0.4523  0.4221  0.4372  0.4372  0.5829  0.4372  0.4523  0.4372  0.5628  0.4523  0.4523  0.3970  0.4623  0.4422
Q2JPF1           0.6935  0.6432  0.6734  0.6583  0.6633  0.6533  0.7035  0.6985  0.6834  0.7085  0.6935  0.6432  0.6784  0.4874  0.4724  0.4623  0.4523  0.4523  0.6131  0.6030  0.5226  0.6181  0.4673  0.4673  0.4724  0.4673  0.5025  0.4724  0.4824  0.5377  0.4422  0.6030  0.6030  0.5126  0.4874  0.6080  0.5327  0.4824  0.4673  0.5528  0.4623  0.5327  0.4623  0.4623  0.4724  0.5176  0.5578  0.5578  0.5678  0.5578  0.5528  0.5327  0.4925  0.5477  0.5176  0.5528  0.1709  0.6030  0.6030  0.5678  0.4975  0.5327  0.5578
B8HTC6           0.6935  0.7286  0.6985  0.7186  0.6985  0.6834  0.7085  0.7085  0.6985  0.6884  0.7286  0.7136  0.7035  0.6332  0.6231  0.6281  0.6281  0.6382  0.6583  0.6683  0.6080  0.6784  0.6231  0.6231  0.6432  0.6030  0.6432  0.6131  0.6231  0.6633  0.6482  0.6734  0.6633  0.6281  0.6482  0.6683  0.6633  0.6181  0.6332  0.6382  0.5980  0.6583  0.6382  0.6382  0.5829  0.6231  0.6583  0.6432  0.6332  0.6181  0.6332  0.6432  0.6131  0.6281  0.6181  0.6432  0.6030  0.6734  0.6683  0.6533  0.6533  0.6482  0.6482  0.6332


TREE #  1:  (7, 8, (9, (11, (10, (13, (12, (6, (1, ((3, 4), ((5, 2), ((30, (37, 42)), (((63, (60, ((58, 59), ((36, (20, (19, 22))), (33, 32))))), ((46, 55), (61, (52, ((40, 51), ((50, 49), (54, ((56, 47), (48, 62))))))))), ((45, 65), ((53, (57, 64)), ((43, 44), (31, (41, (((16, 18), (34, ((23, 24), (25, (14, 15))))), ((26, (29, (39, (28, 38)))), (21, (35, (17, 27))))))))))))))))))))));   MP score: 2272
lnL(ntime:127  np:128): -11288.835186      +0.000000
  66..7    66..8    66..67   67..9    67..68   68..11   68..69   69..10   69..70   70..13   70..71   71..12   71..72   72..6    72..73   73..1    73..74   74..75   75..3    75..4    74..76   76..77   77..5    77..2    76..78   78..79   79..30   79..80   80..37   80..42   78..81   81..82   82..83   83..63   83..84   84..60   84..85   85..86   86..58   86..59   85..87   87..88   88..36   88..89   89..20   89..90   90..19   90..22   87..91   91..33   91..32   82..92   92..93   93..46   93..55   92..94   94..61   94..95   95..52   95..96   96..97   97..40   97..51   96..98   98..99   99..50   99..49   98..100 100..54  100..101 101..102 102..56  102..47  101..103 103..48  103..62   81..104 104..105 105..45  105..65  104..106 106..107 107..53  107..108 108..57  108..64  106..109 109..110 110..43  110..44  109..111 111..31  111..112 112..41  112..113 113..114 114..115 115..16  115..18  114..116 116..34  116..117 117..118 118..23  118..24  117..119 119..25  119..120 120..14  120..15  113..121 121..122 122..26  122..123 123..29  123..124 124..39  124..125 125..28  125..38  121..126 126..21  126..127 127..35  127..128 128..17  128..27 
 0.014763 0.000004 0.067767 0.089174 0.137790 0.232902 0.065442 0.230110 0.113179 0.620843 0.100379 0.517010 0.020016 0.437819 0.090265 0.229016 0.050061 0.017053 0.173326 0.316156 0.056666 0.050195 0.168160 0.303860 1.423877 0.581619 0.004673 0.049079 0.011128 0.013810 0.354142 0.307832 0.245226 0.387598 0.087430 0.360906 0.122646 0.438922 0.009427 0.000004 0.746213 0.147349 0.039781 0.012688 0.028714 0.005229 0.031630 0.033684 0.032358 0.068315 0.109176 0.128903 0.309966 0.006816 0.019371 0.051400 0.234475 0.160693 0.077790 0.041368 0.000004 0.060659 0.006420 0.005976 0.000004 0.054381 0.044588 0.022331 0.028393 0.020902 0.000004 0.048238 0.094420 0.066081 0.136997 0.116988 0.095854 0.161149 0.429641 1.789660 0.067356 0.120079 0.573801 0.458099 0.101580 0.122068 0.090315 0.327371 0.000004 0.000004 0.053938 0.322423 0.059412 0.344279 0.127950 0.047178 0.061793 0.064983 0.087095 0.052546 0.203684 0.045037 0.117175 0.000004 0.004905 0.137902 0.062750 0.054098 0.062471 0.022919 0.047899 0.074848 0.139344 0.015584 0.107708 0.021392 0.075995 0.110279 0.020273 0.023574 0.052318 0.239738 0.029410 0.156697 0.084419 0.123107 0.113535 0.703466

tree length =  19.19822

(7: 0.014763, 8: 0.000004, (9: 0.089174, (11: 0.232902, (10: 0.230110, (13: 0.620843, (12: 0.517010, (6: 0.437819, (1: 0.229016, ((3: 0.173326, 4: 0.316156): 0.017053, ((5: 0.168160, 2: 0.303860): 0.050195, ((30: 0.004673, (37: 0.011128, 42: 0.013810): 0.049079): 0.581619, (((63: 0.387598, (60: 0.360906, ((58: 0.009427, 59: 0.000004): 0.438922, ((36: 0.039781, (20: 0.028714, (19: 0.031630, 22: 0.033684): 0.005229): 0.012688): 0.147349, (33: 0.068315, 32: 0.109176): 0.032358): 0.746213): 0.122646): 0.087430): 0.245226, ((46: 0.006816, 55: 0.019371): 0.309966, (61: 0.234475, (52: 0.077790, ((40: 0.060659, 51: 0.006420): 0.000004, ((50: 0.054381, 49: 0.044588): 0.000004, (54: 0.028393, ((56: 0.048238, 47: 0.094420): 0.000004, (48: 0.136997, 62: 0.116988): 0.066081): 0.020902): 0.022331): 0.005976): 0.041368): 0.160693): 0.051400): 0.128903): 0.307832, ((45: 0.429641, 65: 1.789660): 0.161149, ((53: 0.573801, (57: 0.101580, 64: 0.122068): 0.458099): 0.120079, ((43: 0.000004, 44: 0.000004): 0.327371, (31: 0.322423, (41: 0.344279, (((16: 0.064983, 18: 0.087095): 0.061793, (34: 0.203684, ((23: 0.000004, 24: 0.004905): 0.117175, (25: 0.062750, (14: 0.062471, 15: 0.022919): 0.054098): 0.137902): 0.045037): 0.052546): 0.047178, ((26: 0.139344, (29: 0.107708, (39: 0.075995, (28: 0.020273, 38: 0.023574): 0.110279): 0.021392): 0.015584): 0.074848, (21: 0.239738, (35: 0.156697, (17: 0.123107, 27: 0.113535): 0.084419): 0.029410): 0.052318): 0.047899): 0.127950): 0.059412): 0.053938): 0.090315): 0.067356): 0.095854): 0.354142): 1.423877): 0.056666): 0.050061): 0.090265): 0.020016): 0.100379): 0.113179): 0.065442): 0.137790): 0.067767);

(A7H4Z6: 0.014763, A8FKG8: 0.000004, (Q4HFR6: 0.089174, (Q4HRX1: 0.232902, (B9KFP1: 0.230110, (P56155: 0.620843, (Q7MAE8: 0.517010, (D1B3U1: 0.437819, (A8EVW5: 0.229016, ((A6Q2C1: 0.173326, Q30QK7: 0.316156): 0.017053, ((B9L788: 0.168160, A6Q826: 0.303860): 0.050195, ((B7LRZ7: 0.004673, (P08244: 0.011128, B7MUC3: 0.013810): 0.049079): 0.581619, (((Q7VAP8: 0.387598, (A9BBV1: 0.360906, ((Q46JD8: 0.009427, A2C4A1: 0.000004): 0.438922, ((Q319F9: 0.039781, (A2BSQ0: 0.028714, (A8G6D9: 0.031630, A3PEG2: 0.033684): 0.005229): 0.012688): 0.147349, (Q7V0D8: 0.068315, A2BY35: 0.109176): 0.032358): 0.746213): 0.122646): 0.087430): 0.245226, ((A2C754: 0.006816, Q7V5Y2: 0.019371): 0.309966, (A3YVE4: 0.234475, (A5GUZ7: 0.077790, ((A4CRE2: 0.060659, A5GN53: 0.006420): 0.000004, ((Q7U8P3: 0.054381, Q3AHU2: 0.044588): 0.000004, (Q05TY1: 0.028393, ((Q064Z9: 0.048238, Q3AZD9: 0.094420): 0.000004, (Q0I824: 0.136997, A3Z668: 0.116988): 0.066081): 0.020902): 0.022331): 0.005976): 0.041368): 0.160693): 0.051400): 0.128903): 0.307832, ((Q7NK22: 0.429641, B8HTC6: 1.789660): 0.161149, ((Q8DLT3: 0.573801, (Q2JTW6: 0.101580, Q2JPF1: 0.122068): 0.458099): 0.120079, ((Q5N1T9: 0.000004, Q31K20: 0.000004): 0.327371, (P73761: 0.322423, (B1XPS6: 0.344279, (((B4AUT4: 0.064983, B7KL53: 0.087095): 0.061793, (B0JPT3: 0.203684, ((C7QQV3: 0.000004, B7K530: 0.004905): 0.117175, (Q4C3E0: 0.062750, (A3IGY5: 0.062471, B1WXD3: 0.022919): 0.054098): 0.137902): 0.045037): 0.052546): 0.047178, ((B9YJJ6: 0.139344, (B2J595: 0.107708, (A0ZAE0: 0.075995, (P58639: 0.020273, Q3MEN8: 0.023574): 0.110279): 0.021392): 0.015584): 0.074848, (B0CEU9: 0.239738, (Q119B9: 0.156697, (A0YMD0: 0.123107, B5W5M8: 0.113535): 0.084419): 0.029410): 0.052318): 0.047899): 0.127950): 0.059412): 0.053938): 0.090315): 0.067356): 0.095854): 0.354142): 1.423877): 0.056666): 0.050061): 0.090265): 0.020016): 0.100379): 0.113179): 0.065442): 0.137790): 0.067767);

Detailed output identifying parameters

alpha (gamma, K = 4) =  0.70347
rate:   0.07493  0.36516  0.92615  2.63376
freq:   0.25000  0.25000  0.25000  0.25000

Time used: 23:11
