AAML (in paml version 4.6, August 2012)  168.aa
Model: Empirical for branches,  Global clock  (../../../bin/LG.dat) dGamma (ncatG=4) ns =  65  ls = 114


Frequencies..
                                    A      R      N      D      C      Q      E      G      H      I      L      K      M      F      P      S      T      W      Y      V
A8EV69                         0.10526 0.00000 0.05263 0.06140 0.00000 0.00000 0.08772 0.07018 0.01754 0.08772 0.07018 0.08772 0.00000 0.02632 0.02632 0.08772 0.05263 0.00877 0.00000 0.15789
D1AZT6                         0.12281 0.00000 0.03509 0.05263 0.00000 0.01754 0.09649 0.08772 0.02632 0.10526 0.08772 0.07895 0.00877 0.01754 0.02632 0.07895 0.04386 0.00877 0.00000 0.10526
A6QB58                         0.11404 0.00000 0.01754 0.07895 0.00877 0.01754 0.11404 0.07018 0.00877 0.07895 0.07895 0.08772 0.00877 0.01754 0.02632 0.06140 0.05263 0.00000 0.00877 0.14912
Q7MSF4                         0.14035 0.01754 0.04386 0.04386 0.00000 0.01754 0.08772 0.09649 0.00877 0.07018 0.10526 0.02632 0.00877 0.02632 0.02632 0.10526 0.04386 0.00877 0.00000 0.12281
A6Q4B9                         0.10526 0.00877 0.02632 0.01754 0.00000 0.01754 0.15789 0.07895 0.01754 0.07895 0.10526 0.08772 0.00000 0.02632 0.05263 0.07018 0.04386 0.00877 0.00000 0.09649
Q30QQ2                         0.11404 0.01754 0.03509 0.03509 0.00000 0.00000 0.14912 0.07895 0.00877 0.09649 0.12281 0.05263 0.00000 0.00877 0.02632 0.07018 0.04386 0.00877 0.00877 0.12281
Q4HE25                         0.11404 0.00000 0.01754 0.05263 0.00000 0.00877 0.10526 0.08772 0.02632 0.08772 0.08772 0.08772 0.01754 0.02632 0.01754 0.12281 0.03509 0.00877 0.00877 0.08772
B9KES4                         0.10526 0.01754 0.01754 0.06140 0.00000 0.00877 0.07895 0.09649 0.02632 0.09649 0.10526 0.07895 0.02632 0.01754 0.01754 0.12281 0.02632 0.00877 0.00877 0.07895
A7H1I2                         0.12281 0.00877 0.01754 0.07018 0.01754 0.01754 0.08772 0.08772 0.02632 0.07895 0.10526 0.07895 0.01754 0.01754 0.01754 0.08772 0.02632 0.00877 0.00877 0.09649
A8FJR3                         0.12281 0.00000 0.02632 0.07018 0.01754 0.01754 0.08772 0.08772 0.02632 0.07895 0.09649 0.08772 0.00877 0.02632 0.01754 0.07895 0.03509 0.00877 0.00877 0.09649
Q4HQX7                         0.11404 0.00877 0.03509 0.06140 0.01754 0.01754 0.08772 0.08772 0.01754 0.05263 0.10526 0.07895 0.01754 0.01754 0.01754 0.09649 0.02632 0.00877 0.01754 0.11404
B9L7Y8                         0.11404 0.01754 0.01754 0.05263 0.00000 0.01754 0.12281 0.09649 0.01754 0.10526 0.07018 0.07018 0.01754 0.01754 0.05263 0.03509 0.04386 0.00000 0.02632 0.10526
P56084                         0.08772 0.02632 0.03509 0.06140 0.00000 0.00877 0.11404 0.07895 0.01754 0.08772 0.09649 0.07018 0.00877 0.01754 0.01754 0.07895 0.02632 0.00877 0.02632 0.13158
Q05TX0                         0.13158 0.06140 0.02632 0.07018 0.00000 0.04386 0.07895 0.07895 0.00877 0.02632 0.13158 0.01754 0.00877 0.01754 0.02632 0.09649 0.05263 0.00877 0.00877 0.10526
A5GV56                         0.13158 0.04386 0.02632 0.07895 0.00877 0.07895 0.07018 0.07895 0.00877 0.01754 0.12281 0.02632 0.01754 0.03509 0.03509 0.05263 0.05263 0.01754 0.00000 0.09649
A3Z6C2                         0.14912 0.07895 0.02632 0.07018 0.00000 0.05263 0.07895 0.07018 0.00877 0.02632 0.13158 0.00000 0.01754 0.01754 0.02632 0.06140 0.06140 0.00877 0.00000 0.11404
A2C4I5                         0.09649 0.01754 0.06140 0.06140 0.00000 0.04386 0.07895 0.07018 0.00877 0.04386 0.12281 0.07018 0.01754 0.03509 0.02632 0.07018 0.07018 0.01754 0.00000 0.08772
Q46J67                         0.09649 0.01754 0.06140 0.06140 0.00000 0.03509 0.07895 0.07018 0.00877 0.04386 0.12281 0.07895 0.01754 0.03509 0.02632 0.07018 0.07018 0.01754 0.00000 0.08772
A5GNB2                         0.14035 0.06140 0.01754 0.09649 0.00000 0.04386 0.05263 0.07018 0.00877 0.02632 0.13158 0.01754 0.01754 0.01754 0.02632 0.11404 0.03509 0.00877 0.00000 0.11404
B7N2H0                         0.10526 0.04386 0.00877 0.03509 0.00000 0.06140 0.10526 0.08772 0.04386 0.09649 0.08772 0.04386 0.02632 0.01754 0.03509 0.06140 0.03509 0.00000 0.02632 0.07895
P0A6E6                         0.10526 0.04386 0.00877 0.03509 0.00000 0.06140 0.10526 0.08772 0.04386 0.09649 0.08772 0.04386 0.02632 0.01754 0.03509 0.06140 0.03509 0.00000 0.02632 0.07895
B7LK76                         0.10526 0.04386 0.00877 0.03509 0.00000 0.06140 0.10526 0.08772 0.04386 0.09649 0.08772 0.04386 0.02632 0.01754 0.03509 0.06140 0.03509 0.00000 0.02632 0.07895
B7KGV3                         0.12281 0.06140 0.04386 0.05263 0.00000 0.06140 0.08772 0.07895 0.00877 0.07895 0.07895 0.05263 0.00877 0.01754 0.03509 0.04386 0.05263 0.03509 0.00000 0.07895
A3PES7                         0.10526 0.02632 0.06140 0.02632 0.00000 0.04386 0.10526 0.07018 0.00877 0.11404 0.09649 0.07018 0.00877 0.01754 0.02632 0.07895 0.02632 0.00877 0.00877 0.09649
A4CR79                         0.14035 0.06140 0.01754 0.08772 0.00000 0.04386 0.06140 0.07018 0.00877 0.02632 0.12281 0.01754 0.02632 0.01754 0.02632 0.10526 0.04386 0.00877 0.00000 0.11404
Q7TU42                         0.10526 0.02632 0.06140 0.03509 0.00000 0.03509 0.09649 0.07018 0.00877 0.11404 0.08772 0.06140 0.01754 0.01754 0.03509 0.09649 0.02632 0.00877 0.00877 0.08772
B4B7Z2                         0.14035 0.06140 0.04386 0.05263 0.00000 0.06140 0.07895 0.06140 0.00877 0.07018 0.07895 0.04386 0.00877 0.00877 0.03509 0.04386 0.06140 0.03509 0.00877 0.09649
Q318V3                         0.09649 0.02632 0.05263 0.04386 0.00000 0.06140 0.09649 0.07018 0.00877 0.09649 0.10526 0.05263 0.02632 0.01754 0.03509 0.06140 0.03509 0.00877 0.00877 0.09649
B1XI04                         0.11404 0.07018 0.03509 0.06140 0.00000 0.03509 0.09649 0.05263 0.00877 0.06140 0.09649 0.06140 0.00877 0.01754 0.02632 0.07018 0.06140 0.00877 0.00877 0.10526
Q7TUS2                         0.13158 0.05263 0.04386 0.05263 0.00000 0.04386 0.07895 0.07895 0.00877 0.05263 0.10526 0.02632 0.02632 0.02632 0.02632 0.05263 0.07895 0.00877 0.00000 0.10526
Q7VA75                         0.11404 0.03509 0.03509 0.07018 0.00000 0.01754 0.08772 0.06140 0.00877 0.05263 0.13158 0.07018 0.01754 0.02632 0.02632 0.07895 0.06140 0.00877 0.00000 0.09649
A8G6T9                         0.10526 0.02632 0.06140 0.02632 0.00000 0.05263 0.09649 0.07018 0.00877 0.10526 0.10526 0.07018 0.01754 0.01754 0.02632 0.07895 0.02632 0.00877 0.00877 0.08772
A2BYG4                         0.10526 0.02632 0.06140 0.02632 0.00000 0.03509 0.10526 0.07018 0.00877 0.10526 0.08772 0.05263 0.01754 0.02632 0.03509 0.09649 0.04386 0.00877 0.00877 0.07895
A2BT13                         0.10526 0.02632 0.06140 0.02632 0.00000 0.04386 0.10526 0.07018 0.00877 0.11404 0.10526 0.07018 0.01754 0.01754 0.02632 0.07895 0.02632 0.00877 0.00877 0.07895
Q0I7U0                         0.12281 0.06140 0.02632 0.07018 0.00000 0.05263 0.05263 0.07018 0.00877 0.02632 0.13158 0.00877 0.00877 0.02632 0.02632 0.10526 0.07018 0.00877 0.00000 0.12281
A2C6Z3                         0.12281 0.05263 0.03509 0.06140 0.00000 0.04386 0.07895 0.07895 0.00877 0.05263 0.10526 0.01754 0.02632 0.02632 0.02632 0.05263 0.09649 0.00877 0.00000 0.10526
A3IL03                         0.13158 0.06140 0.04386 0.07895 0.00000 0.04386 0.07895 0.07018 0.00877 0.06140 0.08772 0.05263 0.00877 0.00877 0.03509 0.05263 0.05263 0.01754 0.01754 0.08772
A0YQN2                         0.13158 0.07895 0.04386 0.04386 0.00000 0.05263 0.08772 0.07018 0.00877 0.04386 0.09649 0.02632 0.02632 0.01754 0.03509 0.04386 0.07018 0.01754 0.00877 0.09649
Q7NHG9                         0.14912 0.07018 0.05263 0.05263 0.00000 0.05263 0.05263 0.06140 0.00877 0.05263 0.10526 0.02632 0.01754 0.01754 0.03509 0.05263 0.05263 0.00000 0.00000 0.14035
Q7U8U8                         0.11404 0.04386 0.05263 0.07895 0.00000 0.06140 0.05263 0.08772 0.00877 0.04386 0.12281 0.00877 0.02632 0.02632 0.02632 0.05263 0.07895 0.00877 0.00000 0.10526
B2IUL1                         0.16667 0.07018 0.04386 0.03509 0.00000 0.03509 0.09649 0.07895 0.00877 0.03509 0.10526 0.03509 0.00877 0.02632 0.03509 0.02632 0.07018 0.01754 0.00877 0.09649
B9YKM8                         0.14912 0.06140 0.03509 0.05263 0.00000 0.07018 0.07895 0.07018 0.00877 0.03509 0.09649 0.02632 0.01754 0.02632 0.02632 0.03509 0.07895 0.01754 0.01754 0.09649
P26533                         0.13158 0.05263 0.07018 0.02632 0.00000 0.05263 0.09649 0.07895 0.00877 0.04386 0.10526 0.03509 0.01754 0.00877 0.03509 0.02632 0.07018 0.01754 0.01754 0.10526
Q4BZH1                         0.13158 0.06140 0.01754 0.08772 0.00000 0.03509 0.07895 0.07895 0.00877 0.06140 0.08772 0.05263 0.00877 0.01754 0.03509 0.06140 0.06140 0.01754 0.00877 0.08772
A3YVJ8                         0.11404 0.07018 0.02632 0.05263 0.00000 0.04386 0.09649 0.10526 0.00877 0.02632 0.12281 0.00877 0.03509 0.02632 0.01754 0.07018 0.06140 0.00877 0.00000 0.10526
B0JFM8                         0.10526 0.08772 0.05263 0.03509 0.00000 0.03509 0.09649 0.07895 0.00877 0.07895 0.08772 0.04386 0.00877 0.00877 0.03509 0.05263 0.04386 0.02632 0.01754 0.09649
Q3AHM1                         0.14912 0.04386 0.04386 0.06140 0.00000 0.05263 0.06140 0.07895 0.00877 0.06140 0.12281 0.01754 0.02632 0.02632 0.01754 0.06140 0.07018 0.00877 0.00000 0.08772
Q064T0                         0.14035 0.04386 0.05263 0.07018 0.00000 0.05263 0.06140 0.07895 0.00877 0.04386 0.10526 0.01754 0.03509 0.02632 0.01754 0.07895 0.06140 0.00877 0.00000 0.09649
Q10Z37                         0.14035 0.07895 0.01754 0.05263 0.00000 0.04386 0.10526 0.07895 0.00877 0.07018 0.11404 0.04386 0.01754 0.00877 0.02632 0.02632 0.07895 0.01754 0.00877 0.06140
Q3AZK6                         0.14035 0.04386 0.05263 0.07018 0.00000 0.05263 0.06140 0.07895 0.00877 0.04386 0.10526 0.01754 0.03509 0.02632 0.01754 0.07018 0.07018 0.00877 0.00000 0.09649
P06542                         0.12281 0.07018 0.02632 0.05263 0.00000 0.06140 0.07895 0.07895 0.00877 0.04386 0.11404 0.02632 0.00000 0.02632 0.03509 0.04386 0.09649 0.01754 0.00877 0.08772
Q3MAS1                         0.12281 0.07018 0.02632 0.05263 0.00000 0.06140 0.07895 0.07895 0.00877 0.04386 0.11404 0.02632 0.00000 0.02632 0.03509 0.04386 0.09649 0.01754 0.00877 0.08772
B1WU98                         0.16667 0.06140 0.01754 0.07895 0.00000 0.03509 0.07895 0.07018 0.00877 0.05263 0.09649 0.05263 0.00877 0.00877 0.03509 0.05263 0.05263 0.01754 0.01754 0.08772
A0ZCG6                         0.15789 0.07895 0.02632 0.05263 0.00000 0.06140 0.07018 0.07018 0.00877 0.02632 0.09649 0.02632 0.01754 0.03509 0.02632 0.03509 0.07895 0.01754 0.00000 0.11404
A9BCC7                         0.11404 0.05263 0.04386 0.05263 0.00000 0.02632 0.11404 0.07018 0.00877 0.05263 0.11404 0.01754 0.02632 0.03509 0.02632 0.06140 0.07895 0.00877 0.00000 0.09649
P0A2Z9                         0.16667 0.09649 0.02632 0.06140 0.00000 0.04386 0.07018 0.07018 0.00877 0.03509 0.12281 0.02632 0.00000 0.01754 0.04386 0.02632 0.05263 0.01754 0.00877 0.10526
P0A2Z8                         0.16667 0.09649 0.02632 0.06140 0.00000 0.04386 0.07018 0.07018 0.00877 0.03509 0.12281 0.02632 0.00000 0.01754 0.04386 0.02632 0.05263 0.01754 0.00877 0.10526
B0CAT4                         0.12281 0.09649 0.01754 0.07018 0.00000 0.03509 0.07895 0.07895 0.00877 0.04386 0.10526 0.01754 0.01754 0.01754 0.02632 0.07895 0.05263 0.01754 0.00000 0.11404
B8HP54                         0.15789 0.07895 0.02632 0.03509 0.00000 0.05263 0.08772 0.07018 0.00877 0.04386 0.10526 0.02632 0.01754 0.00877 0.04386 0.05263 0.07018 0.01754 0.00877 0.08772
B5W3B2                         0.16667 0.06140 0.05263 0.05263 0.00000 0.07018 0.06140 0.07018 0.00877 0.04386 0.09649 0.02632 0.01754 0.00877 0.03509 0.01754 0.07895 0.01754 0.00877 0.10526
C7QNQ0                         0.10526 0.06140 0.02632 0.08772 0.00000 0.07018 0.07895 0.06140 0.00877 0.07018 0.11404 0.03509 0.01754 0.00877 0.03509 0.06140 0.03509 0.01754 0.00877 0.09649
B7K2R7                         0.10526 0.06140 0.02632 0.08772 0.00000 0.07018 0.07895 0.06140 0.00877 0.07018 0.11404 0.03509 0.01754 0.00877 0.03509 0.06140 0.03509 0.01754 0.00877 0.09649
Q2JUB3                         0.15789 0.06140 0.05263 0.04386 0.00000 0.05263 0.06140 0.07018 0.00877 0.05263 0.10526 0.03509 0.02632 0.00877 0.03509 0.04386 0.06140 0.01754 0.00000 0.10526
Q2JJK2                         0.14912 0.06140 0.04386 0.05263 0.00000 0.04386 0.07018 0.07018 0.00877 0.05263 0.11404 0.03509 0.02632 0.00877 0.03509 0.04386 0.06140 0.01754 0.00000 0.10526
Q8DLG7                         0.19298 0.07018 0.03509 0.04386 0.00000 0.05263 0.08772 0.06140 0.00877 0.04386 0.09649 0.02632 0.02632 0.02632 0.03509 0.01754 0.07018 0.01754 0.00000 0.08772

Homogeneity statistic: X2 = 8.69449 G = 8.71544 

Average                        0.12686 0.04764 0.03603 0.05601 0.00108 0.04224 0.08664 0.07584 0.01242 0.06248 0.10459 0.04372 0.01633 0.01984 0.02996 0.06410 0.05466 0.01228 0.00729 0.10000

# constant sites:      5 (4.39%)
ln Lmax (unconstrained) = -534.381446

AA distances (raw proportions of different sites)

A8EV69         
D1AZT6           0.3860
A6QB58           0.4211  0.3947
Q7MSF4           0.4386  0.4035  0.4737
A6Q4B9           0.4474  0.3947  0.4386  0.4474
Q30QQ2           0.4561  0.4035  0.4649  0.4649  0.4035
Q4HE25           0.4649  0.4298  0.4474  0.5263  0.4561  0.4561
B9KES4           0.4737  0.4298  0.4825  0.5351  0.4737  0.4737  0.2719
A7H1I2           0.4825  0.4386  0.4825  0.5351  0.4474  0.4737  0.1316  0.2632
A8FJR3           0.4825  0.4649  0.4649  0.5351  0.4561  0.4825  0.0965  0.2807  0.0614
Q4HQX7           0.4825  0.4386  0.4737  0.5088  0.4825  0.4561  0.1754  0.2544  0.0965  0.1404
B9L7Y8           0.5175  0.5351  0.5000  0.5351  0.4825  0.5263  0.5614  0.5526  0.5526  0.5614  0.5439
P56084           0.5351  0.5088  0.5965  0.4825  0.5263  0.5088  0.5789  0.5877  0.5965  0.5965  0.5877  0.4912
Q05TX0           0.7193  0.7281  0.7193  0.7281  0.7105  0.7018  0.7281  0.7281  0.7105  0.7368  0.7105  0.7281  0.7456
A5GV56           0.7193  0.7281  0.7018  0.7193  0.7018  0.6754  0.7018  0.7018  0.7018  0.7193  0.7018  0.7193  0.7281  0.3421
A3Z6C2           0.7281  0.7281  0.7281  0.7193  0.7018  0.7105  0.7105  0.7193  0.6930  0.7193  0.6930  0.7368  0.7632  0.1754  0.2982
A2C4I5           0.7456  0.7193  0.7544  0.7807  0.7544  0.7368  0.7719  0.7632  0.7456  0.7632  0.7544  0.7632  0.7281  0.3421  0.4474  0.3772
Q46J67           0.7456  0.7193  0.7544  0.7807  0.7544  0.7368  0.7719  0.7632  0.7544  0.7719  0.7544  0.7544  0.7281  0.3333  0.4474  0.3860  0.0088
A5GNB2           0.7105  0.7193  0.7018  0.7105  0.7105  0.6930  0.7018  0.7281  0.6754  0.7018  0.6842  0.7368  0.7632  0.1842  0.3246  0.1491  0.3947  0.3947
B7N2H0           0.7281  0.7193  0.7368  0.7193  0.6842  0.7368  0.7105  0.7368  0.6930  0.7018  0.7105  0.6579  0.7368  0.7018  0.7018  0.7105  0.6930  0.6842  0.6930
P0A6E6           0.7281  0.7193  0.7368  0.7193  0.6842  0.7368  0.7105  0.7368  0.6930  0.7018  0.7105  0.6579  0.7368  0.7018  0.7018  0.7105  0.6930  0.6842  0.6930  0.0000
B7LK76           0.7281  0.7193  0.7368  0.7193  0.6842  0.7368  0.7105  0.7368  0.6930  0.7018  0.7105  0.6579  0.7368  0.7018  0.7018  0.7105  0.6930  0.6842  0.6930  0.0000  0.0000
B7KGV3           0.7807  0.7544  0.7544  0.7193  0.7193  0.7281  0.7544  0.7368  0.7456  0.7544  0.7368  0.7281  0.6842  0.4474  0.4825  0.4737  0.5000  0.5000  0.4912  0.7456  0.7456  0.7456
A3PES7           0.7368  0.7719  0.7544  0.7719  0.7281  0.6842  0.6930  0.7105  0.6842  0.7105  0.6754  0.7018  0.7105  0.4035  0.4035  0.3772  0.4298  0.4298  0.3947  0.7018  0.7018  0.7018  0.4912
A4CR79           0.7368  0.7368  0.7193  0.7193  0.7281  0.7105  0.7193  0.7456  0.6930  0.7193  0.7018  0.7544  0.7719  0.2018  0.3333  0.1491  0.3860  0.3860  0.0263  0.6930  0.6930  0.6930  0.5000  0.3947
Q7TU42           0.7193  0.7719  0.7368  0.7544  0.7456  0.6842  0.7193  0.7193  0.7105  0.7368  0.7105  0.6842  0.7018  0.4035  0.4035  0.4035  0.4211  0.4123  0.4211  0.6930  0.6930  0.6930  0.5526  0.1404  0.4211
B4B7Z2           0.7807  0.7544  0.7456  0.7193  0.7281  0.7281  0.7544  0.7456  0.7456  0.7544  0.7456  0.7456  0.7193  0.4649  0.4561  0.4737  0.5351  0.5351  0.4912  0.7719  0.7719  0.7719  0.1754  0.5088  0.5000  0.5614
Q318V3           0.7368  0.7632  0.7456  0.7544  0.7368  0.6754  0.7018  0.7193  0.6842  0.7105  0.6930  0.7105  0.7193  0.3860  0.4123  0.3860  0.4298  0.4298  0.4123  0.7105  0.7105  0.7105  0.4912  0.1053  0.4123  0.1667  0.5000
B1XI04           0.7018  0.7193  0.7281  0.7018  0.6842  0.6930  0.6667  0.6930  0.6754  0.6754  0.6754  0.6842  0.6930  0.5088  0.5526  0.4912  0.5351  0.5351  0.5175  0.6754  0.6754  0.6754  0.4386  0.5702  0.5263  0.5877  0.4123  0.5789
Q7TUS2           0.7281  0.7368  0.7105  0.7368  0.7281  0.7018  0.7193  0.7281  0.6930  0.7105  0.7105  0.7281  0.7193  0.2368  0.3860  0.2456  0.3070  0.3158  0.2456  0.7018  0.7018  0.7018  0.4561  0.3947  0.2544  0.3947  0.5000  0.4035  0.4912
Q7VA75           0.7193  0.7281  0.7281  0.7544  0.7368  0.7456  0.7544  0.7632  0.7281  0.7456  0.7456  0.7632  0.7193  0.2895  0.4298  0.3509  0.2807  0.2895  0.3509  0.6930  0.6930  0.6930  0.4825  0.3860  0.3596  0.4035  0.5000  0.3860  0.5088  0.2456
A8G6T9           0.7368  0.7719  0.7544  0.7719  0.7281  0.6842  0.6930  0.7105  0.6842  0.7105  0.6842  0.7018  0.7105  0.4123  0.4035  0.3860  0.4386  0.4386  0.4035  0.7105  0.7105  0.7105  0.5000  0.0263  0.4035  0.1316  0.5175  0.0965  0.5877  0.4035  0.3772
A2BYG4           0.7368  0.7719  0.7281  0.7544  0.7544  0.6754  0.7193  0.7193  0.7105  0.7368  0.7105  0.6930  0.7281  0.4035  0.3947  0.4035  0.4123  0.4035  0.4298  0.6842  0.6842  0.6842  0.5439  0.1667  0.4298  0.0439  0.5614  0.1667  0.5877  0.3947  0.4035  0.1579
A2BT13           0.7456  0.7632  0.7456  0.7632  0.7281  0.6754  0.6930  0.7105  0.6842  0.7105  0.6842  0.7105  0.7193  0.4123  0.4035  0.3860  0.4386  0.4386  0.4035  0.7018  0.7018  0.7018  0.5000  0.0263  0.4035  0.1316  0.5175  0.0789  0.5789  0.4035  0.3772  0.0175  0.1404
Q0I7U0           0.7456  0.7544  0.7544  0.7281  0.7456  0.7281  0.7719  0.7632  0.7368  0.7632  0.7368  0.7632  0.7456  0.1579  0.3333  0.2105  0.3772  0.3772  0.1754  0.7193  0.7193  0.7193  0.4737  0.4035  0.1842  0.4035  0.4649  0.3947  0.5263  0.2719  0.3421  0.4123  0.4035  0.4123
A2C6Z3           0.7281  0.7368  0.7193  0.7368  0.7281  0.7018  0.7281  0.7281  0.7018  0.7193  0.7105  0.7281  0.7281  0.2368  0.3860  0.2368  0.3070  0.3158  0.2544  0.7018  0.7018  0.7018  0.4561  0.3947  0.2544  0.3947  0.5000  0.4035  0.4825  0.0263  0.2544  0.4035  0.3947  0.4035  0.2632
A3IL03           0.7632  0.7544  0.7368  0.6930  0.7018  0.6930  0.7193  0.7544  0.7105  0.7105  0.7193  0.7018  0.7105  0.4386  0.4825  0.4386  0.5088  0.5088  0.4211  0.7018  0.7018  0.7018  0.2895  0.5088  0.4386  0.5175  0.2982  0.5263  0.4123  0.4649  0.4737  0.5175  0.5175  0.5175  0.4386  0.4561
A0YQN2           0.7719  0.7281  0.7193  0.7368  0.7105  0.7281  0.7544  0.7281  0.7456  0.7368  0.7456  0.7456  0.6930  0.4386  0.4649  0.4123  0.4561  0.4561  0.4211  0.7281  0.7281  0.7281  0.3509  0.5088  0.4298  0.5263  0.3860  0.5000  0.4035  0.4298  0.4298  0.5175  0.5175  0.5175  0.4561  0.4298  0.3772
Q7NHG9           0.7544  0.7018  0.7105  0.7018  0.7456  0.6930  0.6842  0.7368  0.7018  0.6930  0.7105  0.7368  0.6667  0.5614  0.5526  0.5614  0.6053  0.6053  0.5614  0.7018  0.7018  0.7018  0.5439  0.6053  0.5702  0.6491  0.5351  0.6140  0.5526  0.5965  0.6053  0.6140  0.6491  0.6140  0.6053  0.5965  0.5439  0.5175
Q7U8U8           0.7544  0.7719  0.7544  0.7368  0.7456  0.7281  0.7544  0.7632  0.7368  0.7544  0.7456  0.7544  0.7544  0.2281  0.3509  0.2456  0.3596  0.3509  0.2281  0.6754  0.6754  0.6754  0.4649  0.3860  0.2281  0.3947  0.4912  0.3772  0.5088  0.2719  0.3246  0.3860  0.3947  0.3947  0.2544  0.2807  0.4649  0.4561  0.5702
B2IUL1           0.7544  0.7281  0.7368  0.7368  0.7193  0.7193  0.7368  0.7281  0.7368  0.7368  0.7281  0.7368  0.6842  0.4298  0.4298  0.4035  0.4912  0.4825  0.4474  0.6842  0.6842  0.6842  0.3421  0.5000  0.4561  0.5351  0.3596  0.5263  0.3860  0.4035  0.4825  0.5088  0.5263  0.5088  0.4561  0.4035  0.3684  0.2807  0.5088  0.4386
B9YKM8           0.7544  0.7456  0.7281  0.7368  0.7368  0.7544  0.7456  0.7632  0.7544  0.7456  0.7456  0.7544  0.7193  0.4386  0.4211  0.3947  0.5000  0.5000  0.4386  0.7456  0.7456  0.7456  0.3684  0.5088  0.4474  0.5614  0.3684  0.5175  0.4474  0.4298  0.4912  0.5175  0.5526  0.5175  0.4298  0.4298  0.3772  0.2982  0.5439  0.4474  0.1579
P26533           0.7807  0.7544  0.7719  0.7193  0.7368  0.7105  0.7544  0.7895  0.7544  0.7456  0.7544  0.7105  0.7105  0.4649  0.4649  0.4474  0.5263  0.5263  0.4561  0.7193  0.7193  0.7193  0.2895  0.5000  0.4649  0.5439  0.3246  0.5088  0.3947  0.4561  0.4737  0.5088  0.5439  0.5088  0.4561  0.4649  0.2632  0.3596  0.5000  0.4737  0.3684  0.3772
Q4BZH1           0.7632  0.7544  0.7368  0.6930  0.7018  0.7105  0.7193  0.7544  0.7105  0.7105  0.7281  0.7105  0.7105  0.4386  0.4561  0.4211  0.5175  0.5175  0.4123  0.6930  0.6930  0.6930  0.3070  0.4912  0.4298  0.5175  0.3158  0.5000  0.3947  0.4386  0.4649  0.5000  0.5263  0.5000  0.4211  0.4298  0.0877  0.3860  0.5439  0.4386  0.3421  0.3684  0.2895
A3YVJ8           0.7632  0.7632  0.7632  0.7456  0.7281  0.7105  0.7456  0.7368  0.7368  0.7456  0.7456  0.7368  0.7368  0.3070  0.3421  0.2982  0.3860  0.3860  0.3070  0.7105  0.7105  0.7105  0.4737  0.4737  0.3158  0.4649  0.4912  0.4561  0.5000  0.2982  0.3772  0.4649  0.4561  0.4649  0.3246  0.2982  0.4649  0.4123  0.5175  0.3333  0.4474  0.4561  0.4649  0.4737
B0JFM8           0.7456  0.7544  0.7632  0.7281  0.7281  0.7456  0.7018  0.7193  0.7105  0.7105  0.7456  0.7193  0.7105  0.4474  0.4825  0.4561  0.5088  0.5088  0.4737  0.7105  0.7105  0.7105  0.2719  0.5088  0.4912  0.5439  0.3158  0.5088  0.3772  0.4474  0.4737  0.5088  0.5439  0.5088  0.4912  0.4474  0.3509  0.3860  0.5351  0.4561  0.3333  0.3947  0.2895  0.3421  0.4474
Q3AHM1           0.7719  0.7895  0.7544  0.7456  0.7544  0.7105  0.7456  0.7719  0.7281  0.7456  0.7368  0.7456  0.7544  0.2719  0.3509  0.2544  0.3684  0.3596  0.2281  0.6491  0.6491  0.6491  0.4825  0.3947  0.2281  0.3860  0.5000  0.3947  0.5175  0.2632  0.3246  0.3947  0.3860  0.4035  0.2982  0.2719  0.4561  0.4561  0.5614  0.1316  0.4474  0.4561  0.4561  0.4649  0.3158  0.4825
Q064T0           0.7719  0.7895  0.7719  0.7719  0.7632  0.7281  0.7544  0.7632  0.7368  0.7544  0.7456  0.7544  0.7456  0.2544  0.3509  0.2368  0.3421  0.3333  0.2281  0.6930  0.6930  0.6930  0.4912  0.3860  0.2281  0.3860  0.4825  0.3947  0.5351  0.2807  0.3158  0.3860  0.3860  0.3947  0.2719  0.2895  0.4561  0.4386  0.5614  0.1053  0.4386  0.4386  0.4737  0.4474  0.3070  0.4825  0.0965
Q10Z37           0.7895  0.7719  0.7368  0.7544  0.7456  0.7368  0.7281  0.7456  0.7368  0.7368  0.7456  0.7193  0.7281  0.4211  0.4298  0.3860  0.4825  0.4825  0.4035  0.7018  0.7018  0.7018  0.3596  0.4737  0.3947  0.5263  0.3158  0.4737  0.4298  0.4035  0.4649  0.4825  0.5175  0.4825  0.4298  0.3947  0.3333  0.3158  0.5088  0.4123  0.2632  0.2895  0.3421  0.3333  0.4035  0.3772  0.4035  0.4298
Q3AZK6           0.7719  0.7895  0.7719  0.7632  0.7632  0.7281  0.7544  0.7632  0.7368  0.7544  0.7456  0.7544  0.7456  0.2544  0.3509  0.2368  0.3421  0.3333  0.2281  0.6930  0.6930  0.6930  0.4912  0.3860  0.2281  0.3947  0.4912  0.3947  0.5351  0.2807  0.3158  0.3860  0.3947  0.3947  0.2632  0.2895  0.4649  0.4386  0.5614  0.0965  0.4386  0.4298  0.4737  0.4561  0.3070  0.4737  0.0965  0.0088  0.4298
P06542           0.7719  0.7544  0.7544  0.7456  0.7544  0.7368  0.7544  0.7632  0.7456  0.7456  0.7456  0.7456  0.7105  0.4211  0.4035  0.3772  0.4825  0.4912  0.4298  0.7281  0.7281  0.7281  0.3509  0.4912  0.4386  0.5263  0.3333  0.4912  0.3947  0.4211  0.4737  0.5000  0.5175  0.5000  0.3947  0.4035  0.3509  0.2895  0.5614  0.4211  0.1579  0.1404  0.3421  0.3333  0.4737  0.3684  0.4298  0.4474  0.2719  0.4386
Q3MAS1           0.7719  0.7544  0.7544  0.7456  0.7544  0.7368  0.7544  0.7632  0.7456  0.7456  0.7456  0.7456  0.7105  0.4211  0.4035  0.3772  0.4825  0.4912  0.4298  0.7281  0.7281  0.7281  0.3509  0.4912  0.4386  0.5263  0.3333  0.4912  0.3947  0.4211  0.4737  0.5000  0.5175  0.5000  0.3947  0.4035  0.3509  0.2895  0.5614  0.4211  0.1579  0.1404  0.3421  0.3333  0.4737  0.3684  0.4298  0.4474  0.2719  0.4386  0.0000
B1WU98           0.7544  0.7456  0.7368  0.6930  0.6930  0.6930  0.7105  0.7456  0.7018  0.7018  0.7193  0.7018  0.7105  0.4298  0.4737  0.4298  0.5175  0.5175  0.4211  0.7193  0.7193  0.7193  0.3158  0.5000  0.4386  0.5175  0.2982  0.5263  0.4211  0.4561  0.4737  0.5088  0.5263  0.5088  0.4474  0.4474  0.0702  0.3860  0.5439  0.4561  0.3509  0.3684  0.2719  0.0965  0.4649  0.3333  0.4561  0.4474  0.3333  0.4561  0.3509  0.3509
A0ZCG6           0.7544  0.7456  0.7281  0.7368  0.7544  0.7368  0.7544  0.7719  0.7456  0.7456  0.7456  0.7281  0.6930  0.4386  0.4561  0.4123  0.4825  0.4912  0.4474  0.7105  0.7105  0.7105  0.3509  0.5175  0.4561  0.5526  0.3509  0.5175  0.4123  0.4035  0.4561  0.5263  0.5439  0.5263  0.4386  0.4035  0.3596  0.2895  0.5351  0.4298  0.1404  0.1316  0.3772  0.3421  0.4649  0.3509  0.4474  0.4298  0.2807  0.4211  0.1404  0.1404  0.3509
A9BCC7           0.7544  0.7456  0.7193  0.7632  0.7368  0.7281  0.7456  0.7544  0.7368  0.7544  0.7368  0.7368  0.7368  0.2807  0.3772  0.2807  0.3070  0.3158  0.3158  0.7193  0.7193  0.7193  0.5000  0.3509  0.3158  0.3860  0.5000  0.3860  0.5175  0.2544  0.2281  0.3596  0.3860  0.3596  0.3246  0.2456  0.4649  0.4474  0.6053  0.2807  0.4474  0.4386  0.5000  0.4649  0.3596  0.4912  0.2982  0.2807  0.4386  0.2719  0.4123  0.4123  0.4649  0.4035
P0A2Z9           0.7368  0.7281  0.7105  0.7193  0.7281  0.7193  0.7193  0.7368  0.7193  0.7105  0.7368  0.7544  0.7193  0.3860  0.4123  0.3772  0.4561  0.4649  0.3947  0.7018  0.7018  0.7018  0.3772  0.5088  0.4123  0.5351  0.3333  0.5088  0.3947  0.4211  0.4561  0.5175  0.5351  0.5175  0.4123  0.4211  0.3333  0.3421  0.5000  0.3947  0.2281  0.2807  0.3509  0.3246  0.4474  0.3246  0.3947  0.4123  0.2895  0.4123  0.2456  0.2456  0.3158  0.2544  0.4298
P0A2Z8           0.7368  0.7281  0.7105  0.7193  0.7281  0.7193  0.7193  0.7368  0.7193  0.7105  0.7368  0.7544  0.7193  0.3860  0.4123  0.3772  0.4561  0.4649  0.3947  0.7018  0.7018  0.7018  0.3772  0.5088  0.4123  0.5351  0.3333  0.5088  0.3947  0.4211  0.4561  0.5175  0.5351  0.5175  0.4123  0.4211  0.3333  0.3421  0.5000  0.3947  0.2281  0.2807  0.3509  0.3246  0.4474  0.3246  0.3947  0.4123  0.2895  0.4123  0.2456  0.2456  0.3158  0.2544  0.4298  0.0000
B0CAT4           0.7719  0.7632  0.7632  0.7632  0.7544  0.7544  0.7719  0.7719  0.7719  0.7632  0.7719  0.7719  0.7456  0.3947  0.4298  0.3947  0.5000  0.5000  0.4035  0.7105  0.7105  0.7105  0.3333  0.5000  0.4123  0.5263  0.3684  0.5088  0.4298  0.3947  0.4649  0.5088  0.5263  0.5088  0.3772  0.3860  0.3421  0.3158  0.5614  0.4123  0.2982  0.3158  0.3333  0.3158  0.4211  0.3684  0.4298  0.4386  0.2807  0.4386  0.2807  0.2807  0.3421  0.2982  0.4386  0.3158  0.3158
B8HP54           0.8070  0.7544  0.7719  0.7456  0.7544  0.7632  0.7807  0.7719  0.7632  0.7632  0.7719  0.7632  0.7281  0.3947  0.4561  0.3772  0.4561  0.4561  0.3772  0.6842  0.6842  0.6842  0.3246  0.4737  0.3860  0.5175  0.3333  0.4825  0.4035  0.3684  0.4211  0.4912  0.5175  0.4825  0.4035  0.3596  0.3333  0.2632  0.5088  0.3947  0.2632  0.3070  0.3158  0.3246  0.3947  0.3421  0.4123  0.4123  0.2807  0.4035  0.2719  0.2719  0.3333  0.2807  0.3860  0.2895  0.2895  0.2544
B5W3B2           0.7982  0.7895  0.7456  0.7632  0.7281  0.7281  0.7544  0.7807  0.7368  0.7368  0.7544  0.7281  0.7368  0.4123  0.4649  0.3860  0.4649  0.4737  0.4035  0.6930  0.6930  0.6930  0.3509  0.5175  0.4123  0.5439  0.3860  0.5263  0.4123  0.3860  0.4561  0.5263  0.5351  0.5263  0.4211  0.3947  0.3158  0.3070  0.5175  0.4035  0.3246  0.3596  0.3070  0.3509  0.4123  0.3772  0.4035  0.4123  0.3070  0.4123  0.3421  0.3421  0.3596  0.3421  0.4737  0.3246  0.3246  0.3421  0.3070
C7QNQ0           0.7982  0.7719  0.7456  0.7193  0.6930  0.7281  0.7632  0.7719  0.7632  0.7632  0.7544  0.7281  0.7456  0.4825  0.4912  0.4649  0.5877  0.5877  0.4649  0.7281  0.7281  0.7281  0.3684  0.5088  0.4825  0.5439  0.3684  0.5175  0.4737  0.4825  0.5088  0.5175  0.5526  0.5175  0.4825  0.4737  0.2456  0.4474  0.5614  0.4912  0.4211  0.4386  0.3596  0.2018  0.5175  0.4123  0.5000  0.5000  0.4123  0.5088  0.4211  0.4211  0.2368  0.3947  0.5088  0.3772  0.3772  0.4123  0.4123  0.4298
B7K2R7           0.7982  0.7719  0.7456  0.7193  0.6930  0.7281  0.7632  0.7719  0.7632  0.7632  0.7544  0.7281  0.7456  0.4825  0.4912  0.4649  0.5877  0.5877  0.4649  0.7281  0.7281  0.7281  0.3684  0.5088  0.4825  0.5439  0.3684  0.5175  0.4737  0.4825  0.5088  0.5175  0.5526  0.5175  0.4825  0.4737  0.2456  0.4474  0.5614  0.4912  0.4211  0.4386  0.3596  0.2018  0.5175  0.4123  0.5000  0.5000  0.4123  0.5088  0.4211  0.4211  0.2368  0.3947  0.5088  0.3772  0.3772  0.4123  0.4123  0.4298  0.0000
Q2JUB3           0.7895  0.7456  0.7807  0.7719  0.7544  0.7544  0.7719  0.7719  0.7632  0.7632  0.7719  0.7456  0.7281  0.4825  0.5000  0.4825  0.5175  0.5088  0.4912  0.6930  0.6930  0.6930  0.3860  0.5263  0.4912  0.5614  0.3947  0.5351  0.4649  0.4825  0.5088  0.5351  0.5702  0.5351  0.5000  0.4912  0.4123  0.4211  0.5088  0.4649  0.3333  0.4298  0.4035  0.4035  0.4561  0.3860  0.4737  0.4649  0.4035  0.4649  0.4211  0.4211  0.3860  0.4035  0.5175  0.3421  0.3421  0.4035  0.3509  0.4211  0.4474  0.4474
Q2JJK2           0.7719  0.7456  0.7632  0.7632  0.7281  0.7544  0.7544  0.7544  0.7456  0.7456  0.7544  0.7281  0.7105  0.4912  0.5088  0.4825  0.5175  0.5175  0.4825  0.6930  0.6930  0.6930  0.3772  0.5175  0.4912  0.5702  0.3860  0.5263  0.4561  0.4825  0.5000  0.5263  0.5789  0.5263  0.5000  0.4912  0.3947  0.4123  0.5263  0.4737  0.3421  0.4211  0.4211  0.3860  0.4737  0.3947  0.4825  0.4737  0.3860  0.4737  0.4211  0.4211  0.3684  0.4035  0.5175  0.3246  0.3246  0.4123  0.3509  0.4298  0.4298  0.4298  0.0526
Q8DLG7           0.7895  0.7368  0.7281  0.7632  0.7456  0.7368  0.7719  0.7719  0.7544  0.7544  0.7544  0.7456  0.7281  0.4123  0.4474  0.4035  0.4825  0.4825  0.4211  0.7105  0.7105  0.7105  0.3333  0.5000  0.4386  0.5439  0.3333  0.5088  0.4123  0.3860  0.4474  0.5088  0.5439  0.5088  0.4211  0.3772  0.3246  0.2982  0.5088  0.4211  0.2281  0.2982  0.2982  0.3070  0.4123  0.3333  0.4298  0.4211  0.2807  0.4211  0.2544  0.2544  0.3158  0.2456  0.4298  0.2456  0.2456  0.2456  0.1930  0.2982  0.3860  0.3860  0.3509  0.3596


TREE #  1:  (21, 20, (22, ((12, (13, (4, (((5, 6), (1, 3)), (2, (8, (11, (9, (7, 10))))))))), (29, (39, ((63, 64), (((46, (23, 27)), (43, ((61, 62), (44, (37, 53))))), ((41, ((51, 52), (54, 42))), (((38, 60), (49, (((((19, 25), (16, (14, 35))), (((28, (34, (32, 24))), (26, 33)), (40, (47, (48, 50))))), ((30, 36), (55, (31, (17, 18))))), (45, 15)))), ((56, 57), (58, (59, 65))))))))))));   MP score: 1250
lnL(ntime: 63  np: 64):  -6520.322711      +0.000000
  66..21   66..20   66..67   67..22   67..68   68..69   69..12   69..70   70..13   70..71   71..4    71..72   72..73   73..74   74..5    74..6    73..75   75..1    75..3    72..76   76..2    76..77   77..8    77..78   78..11   78..79   79..9    79..80   80..7    80..10   68..81   81..29   81..82   82..39   82..83   83..84   84..63   84..64   83..85   85..86   86..87   87..46   87..88   88..23   88..27   86..89   89..43   89..90   90..91   91..61   91..62   90..92   92..44   92..93   93..37   93..53   85..94   94..95   95..41   95..96   96..97   97..51   97..52   96..98   98..54   98..42   94..99   99..100 100..101 101..38  101..60  100..102 102..49  102..103 103..104 104..105 105..106 106..107 107..19  107..25  106..108 108..16  108..109 109..14  109..35  105..110 110..111 111..112 112..28  112..113 113..34  113..114 114..32  114..24  111..115 115..26  115..33  110..116 116..40  116..117 117..47  117..118 118..48  118..50  104..119 119..120 120..30  120..36  119..121 121..55  121..122 122..31  122..123 123..17  123..18  103..124 124..45  124..15   99..125 125..126 126..56  126..57  125..127 127..58  127..128 128..59  128..65 
 0.943758 0.943758 0.797690 0.569627 0.515416 0.427860 0.415947 0.394934 0.303407 0.308360 0.375803 0.163692 0.082422 0.056228 0.040835 0.517357 0.503448 0.461394 0.028863 0.441462 0.301388 0.237912 0.114484 0.268451 0.163527 0.000000 0.066277 0.042320 0.425397 0.127380 0.102286 0.000000 0.076767 0.411065 0.411065 0.309649 0.408867 0.297042 0.256226 0.239097 0.141637 0.014146 0.138216 0.094064 0.223858 0.067499 0.035269 0.012243 0.008801 0.020780 0.072043 0.057221 0.005520 0.209877 0.018515 0.174104 0.157663 0.003609 0.237798 0.294674 0.000000 0.219872 0.164385 1.281008

tree length =  16.81077

(21: 0.943758, 20: 0.943758, (22: 0.943758, ((12: 0.569627, (13: 0.515416, (4: 0.427860, (((5: 0.303407, 6: 0.303407): 0.091527, (1: 0.308360, 3: 0.308360): 0.086574): 0.021013, (2: 0.375803, (8: 0.163692, (11: 0.082422, (9: 0.056228, (7: 0.040835, 10: 0.040835): 0.015393): 0.026194): 0.081269): 0.212111): 0.040144): 0.011913): 0.087557): 0.054211): 0.228063, (29: 0.517357, (39: 0.503448, ((63: 0.028863, 64: 0.028863): 0.432531, (((46: 0.237912, (23: 0.114484, 27: 0.114484): 0.123428): 0.063475, (43: 0.268451, ((61: 0.000000, 62: 0.000000): 0.163527, (44: 0.066277, (37: 0.042320, 53: 0.042320): 0.023956): 0.097251): 0.104923): 0.032937): 0.140075, ((41: 0.127380, ((51: 0.000000, 52: 0.000000): 0.102286, (54: 0.076767, 42: 0.076767): 0.025519): 0.025094): 0.298017, (((38: 0.309649, 60: 0.309649): 0.101416, (49: 0.408867, (((((19: 0.014146, 25: 0.014146): 0.127491, (16: 0.138216, (14: 0.094064, 35: 0.094064): 0.044152): 0.003422): 0.097460, (((28: 0.035269, (34: 0.012243, (32: 0.008801, 24: 0.008801): 0.003441): 0.023026): 0.032230, (26: 0.020780, 33: 0.020780): 0.046719): 0.156359, (40: 0.072043, (47: 0.057221, (48: 0.005520, 50: 0.005520): 0.051701): 0.014821): 0.151815): 0.015240): 0.017129, ((30: 0.018515, 36: 0.018515): 0.191362, (55: 0.174104, (31: 0.157663, (17: 0.003609, 18: 0.003609): 0.154053): 0.016441): 0.035773): 0.046349): 0.040816, (45: 0.237798, 15: 0.237798): 0.059244): 0.111825): 0.002198): 0.000000, ((56: 0.000000, 57: 0.000000): 0.294674, (58: 0.219872, (59: 0.164385, 65: 0.164385): 0.055486): 0.074803): 0.116391): 0.014332): 0.016065): 0.019932): 0.042054): 0.013909): 0.280333): 0.146068): 0.000001);

(P0A6E6: 0.943758, B7N2H0: 0.943758, (B7LK76: 0.943758, ((B9L7Y8: 0.569627, (P56084: 0.515416, (Q7MSF4: 0.427860, (((A6Q4B9: 0.303407, Q30QQ2: 0.303407): 0.091527, (A8EV69: 0.308360, A6QB58: 0.308360): 0.086574): 0.021013, (D1AZT6: 0.375803, (B9KES4: 0.163692, (Q4HQX7: 0.082422, (A7H1I2: 0.056228, (Q4HE25: 0.040835, A8FJR3: 0.040835): 0.015393): 0.026194): 0.081269): 0.212111): 0.040144): 0.011913): 0.087557): 0.054211): 0.228063, (B1XI04: 0.517357, (Q7NHG9: 0.503448, ((Q2JUB3: 0.028863, Q2JJK2: 0.028863): 0.432531, (((B0JFM8: 0.237912, (B7KGV3: 0.114484, B4B7Z2: 0.114484): 0.123428): 0.063475, (P26533: 0.268451, ((C7QNQ0: 0.000000, B7K2R7: 0.000000): 0.163527, (Q4BZH1: 0.066277, (A3IL03: 0.042320, B1WU98: 0.042320): 0.023956): 0.097251): 0.104923): 0.032937): 0.140075, ((B2IUL1: 0.127380, ((P06542: 0.000000, Q3MAS1: 0.000000): 0.102286, (A0ZCG6: 0.076767, B9YKM8: 0.076767): 0.025519): 0.025094): 0.298017, (((A0YQN2: 0.309649, B5W3B2: 0.309649): 0.101416, (Q10Z37: 0.408867, (((((A5GNB2: 0.014146, A4CR79: 0.014146): 0.127491, (A3Z6C2: 0.138216, (Q05TX0: 0.094064, Q0I7U0: 0.094064): 0.044152): 0.003422): 0.097460, (((Q318V3: 0.035269, (A2BT13: 0.012243, (A8G6T9: 0.008801, A3PES7: 0.008801): 0.003441): 0.023026): 0.032230, (Q7TU42: 0.020780, A2BYG4: 0.020780): 0.046719): 0.156359, (Q7U8U8: 0.072043, (Q3AHM1: 0.057221, (Q064T0: 0.005520, Q3AZK6: 0.005520): 0.051701): 0.014821): 0.151815): 0.015240): 0.017129, ((Q7TUS2: 0.018515, A2C6Z3: 0.018515): 0.191362, (A9BCC7: 0.174104, (Q7VA75: 0.157663, (A2C4I5: 0.003609, Q46J67: 0.003609): 0.154053): 0.016441): 0.035773): 0.046349): 0.040816, (A3YVJ8: 0.237798, A5GV56: 0.237798): 0.059244): 0.111825): 0.002198): 0.000000, ((P0A2Z9: 0.000000, P0A2Z8: 0.000000): 0.294674, (B0CAT4: 0.219872, (B8HP54: 0.164385, Q8DLG7: 0.164385): 0.055486): 0.074803): 0.116391): 0.014332): 0.016065): 0.019932): 0.042054): 0.013909): 0.280333): 0.146068): 0.000001);

(21_P0A6E6, 20_B7N2H0, (22_B7LK76, ((12_B9L7Y8, (13_P56084, (4_Q7MSF4, (((5_A6Q4B9, 6_Q30QQ2) 74 , (1_A8EV69, 3_A6QB58) 75 ) 73 , (2_D1AZT6, (8_B9KES4, (11_Q4HQX7, (9_A7H1I2, (7_Q4HE25, 10_A8FJR3) 80 ) 79 ) 78 ) 77 ) 76 ) 72 ) 71 ) 70 ) 69 , (29_B1XI04, (39_Q7NHG9, ((63_Q2JUB3, 64_Q2JJK2) 84 , (((46_B0JFM8, (23_B7KGV3, 27_B4B7Z2) 88 ) 87 , (43_P26533, ((61_C7QNQ0, 62_B7K2R7) 91 , (44_Q4BZH1, (37_A3IL03, 53_B1WU98) 93 ) 92 ) 90 ) 89 ) 86 , ((41_B2IUL1, ((51_P06542, 52_Q3MAS1) 97 , (54_A0ZCG6, 42_B9YKM8) 98 ) 96 ) 95 , (((38_A0YQN2, 60_B5W3B2) 101 , (49_Q10Z37, (((((19_A5GNB2, 25_A4CR79) 107 , (16_A3Z6C2, (14_Q05TX0, 35_Q0I7U0) 109 ) 108 ) 106 , (((28_Q318V3, (34_A2BT13, (32_A8G6T9, 24_A3PES7) 114 ) 113 ) 112 , (26_Q7TU42, 33_A2BYG4) 115 ) 111 , (40_Q7U8U8, (47_Q3AHM1, (48_Q064T0, 50_Q3AZK6) 118 ) 117 ) 116 ) 110 ) 105 , ((30_Q7TUS2, 36_A2C6Z3) 120 , (55_A9BCC7, (31_Q7VA75, (17_A2C4I5, 18_Q46J67) 123 ) 122 ) 121 ) 119 ) 104 , (45_A3YVJ8, 15_A5GV56) 124 ) 103 ) 102 ) 100 , ((56_P0A2Z9, 57_P0A2Z8) 126 , (58_B0CAT4, (59_B8HP54, 65_Q8DLG7) 128 ) 127 ) 125 ) 99 ) 94 ) 85 ) 83 ) 82 ) 81 ) 68 ) 67 ) 66 ;

Detailed output identifying parameters

alpha (gamma, K = 4) =  1.28101
rate:   0.18943  0.54752  1.03448  2.22857
freq:   0.25000  0.25000  0.25000  0.25000

Time used:  3:19
