AAML (in paml version 4.6, August 2012)  174.aa
Model: Empirical for branches,  (../../../bin/LG.dat) dGamma (ncatG=4) ns =  65  ls = 130


Frequencies..
                                    A      R      N      D      C      Q      E      G      H      I      L      K      M      F      P      S      T      W      Y      V
A8EWV6                         0.06923 0.03846 0.02308 0.05385 0.00769 0.02308 0.06923 0.07692 0.02308 0.07692 0.10000 0.09231 0.04615 0.03846 0.06154 0.04615 0.03077 0.00000 0.04615 0.07692
A6Q2E5                         0.06923 0.03846 0.02308 0.05385 0.00000 0.01538 0.06923 0.08462 0.03846 0.06923 0.08462 0.09231 0.03077 0.04615 0.06154 0.04615 0.00000 0.00769 0.04615 0.12308
A7H598                         0.05385 0.04615 0.03846 0.05385 0.00000 0.02308 0.06154 0.10000 0.03077 0.06923 0.07692 0.06923 0.03846 0.06154 0.05385 0.03846 0.02308 0.00769 0.03846 0.11538
B9KDS7                         0.05385 0.03846 0.03846 0.06154 0.00000 0.03077 0.05385 0.08462 0.03077 0.07692 0.08462 0.08462 0.03077 0.06154 0.05385 0.03846 0.02308 0.00769 0.03846 0.10769
A8FK62                         0.05385 0.03846 0.03846 0.05385 0.00000 0.02308 0.06154 0.10000 0.03077 0.06923 0.08462 0.06923 0.03846 0.06154 0.05385 0.03846 0.02308 0.00769 0.03846 0.11538
Q4HQA3                         0.06154 0.04615 0.03077 0.04615 0.00000 0.01538 0.09231 0.10000 0.02308 0.07692 0.08462 0.06923 0.03846 0.06154 0.05385 0.02308 0.02308 0.00769 0.04615 0.10000
D1AZ84                         0.09231 0.03846 0.03077 0.05385 0.00000 0.04615 0.05385 0.06923 0.03077 0.08462 0.08462 0.07692 0.03077 0.05385 0.05385 0.03077 0.02308 0.00769 0.03846 0.10000
Q4HGA6                         0.05385 0.04615 0.03846 0.05385 0.00000 0.03077 0.06154 0.10769 0.03077 0.06923 0.07692 0.06154 0.03846 0.06154 0.05385 0.03077 0.02308 0.00769 0.03846 0.11538
A6Q9A8                         0.07692 0.02308 0.03077 0.06154 0.00000 0.03846 0.05385 0.06923 0.03077 0.08462 0.07692 0.09231 0.03077 0.04615 0.06154 0.04615 0.01538 0.00769 0.05385 0.10000
Q30QJ2                         0.06154 0.04615 0.03077 0.06154 0.00000 0.03846 0.04615 0.08462 0.02308 0.10769 0.07692 0.08462 0.03077 0.04615 0.05385 0.04615 0.01538 0.00769 0.04615 0.09231
B9L771                         0.04615 0.03077 0.01538 0.05385 0.00000 0.03846 0.06923 0.08462 0.03077 0.09231 0.08462 0.08462 0.03846 0.04615 0.06154 0.03077 0.03846 0.00769 0.05385 0.09231
Q7MAS2                         0.08462 0.03846 0.02308 0.04615 0.00000 0.01538 0.08462 0.06154 0.02308 0.07692 0.09231 0.08462 0.02308 0.05385 0.05385 0.03846 0.03077 0.00769 0.03846 0.12308
O25928                         0.06923 0.03077 0.03846 0.03846 0.00000 0.03846 0.06154 0.07692 0.03077 0.09231 0.08462 0.08462 0.03846 0.06154 0.05385 0.00769 0.05385 0.00769 0.03077 0.10000
B7MP40                         0.07692 0.08462 0.01538 0.03846 0.01538 0.02308 0.07692 0.08462 0.01538 0.03846 0.10000 0.05385 0.03846 0.10000 0.06154 0.02308 0.03846 0.00000 0.01538 0.10000
P0A6Q6                         0.07692 0.08462 0.01538 0.03846 0.01538 0.02308 0.07692 0.08462 0.01538 0.03846 0.10000 0.05385 0.03846 0.10000 0.06154 0.02308 0.03846 0.00000 0.01538 0.10000
B7LW77                         0.07692 0.08462 0.01538 0.03846 0.01538 0.02308 0.07692 0.08462 0.01538 0.03846 0.10000 0.05385 0.03846 0.10000 0.06154 0.02308 0.03846 0.00000 0.01538 0.10000
Q8DI01                         0.04615 0.06923 0.02308 0.04615 0.00769 0.06923 0.05385 0.09231 0.01538 0.06154 0.11538 0.04615 0.04615 0.05385 0.06923 0.01538 0.00769 0.00000 0.02308 0.13846
B5W104                         0.06923 0.08462 0.01538 0.03846 0.00769 0.05385 0.05385 0.09231 0.02308 0.07692 0.10769 0.03846 0.03846 0.06154 0.06923 0.01538 0.03077 0.00000 0.02308 0.10000
Q7TV98                         0.04615 0.05385 0.03077 0.03846 0.01538 0.03846 0.05385 0.11538 0.02308 0.06923 0.10000 0.06154 0.03077 0.06154 0.06923 0.03846 0.01538 0.00000 0.01538 0.12308
Q31PQ9                         0.06923 0.06923 0.01538 0.03846 0.00769 0.07692 0.04615 0.10769 0.01538 0.05385 0.11538 0.02308 0.03077 0.06923 0.06923 0.03077 0.01538 0.00000 0.01538 0.13077
B8HK59                         0.06154 0.07692 0.02308 0.03077 0.00000 0.06154 0.06154 0.10769 0.02308 0.05385 0.12308 0.03846 0.04615 0.06154 0.06154 0.01538 0.02308 0.00769 0.00769 0.11538
Q5N4G7                         0.07692 0.06923 0.01538 0.03846 0.00769 0.07692 0.04615 0.10769 0.01538 0.05385 0.10769 0.02308 0.03077 0.06923 0.06923 0.03077 0.01538 0.00000 0.01538 0.13077
Q10ZA2                         0.08462 0.04615 0.02308 0.04615 0.00000 0.03846 0.06154 0.09231 0.03077 0.07692 0.08462 0.06923 0.05385 0.07692 0.06923 0.02308 0.02308 0.00000 0.01538 0.08462
A0YWN2                         0.06923 0.06923 0.03077 0.03846 0.00769 0.04615 0.05385 0.08462 0.02308 0.08462 0.08462 0.06154 0.03077 0.06923 0.06923 0.02308 0.03846 0.00000 0.01538 0.10000
A9BBV9                         0.05385 0.05385 0.01538 0.04615 0.01538 0.06154 0.03846 0.12308 0.01538 0.06154 0.09231 0.05385 0.03846 0.06154 0.06923 0.03077 0.02308 0.00000 0.01538 0.13077
B9YJP6                         0.06154 0.06154 0.01538 0.03846 0.00000 0.06923 0.04615 0.11538 0.02308 0.03846 0.09231 0.04615 0.06154 0.06923 0.05385 0.01538 0.03077 0.00769 0.01538 0.13846
A5GV11                         0.06154 0.07692 0.02308 0.03846 0.01538 0.05385 0.05385 0.10000 0.02308 0.04615 0.12308 0.03846 0.03846 0.06154 0.06923 0.02308 0.03077 0.00000 0.00769 0.11538
P73848                         0.05385 0.06154 0.01538 0.06154 0.01538 0.06154 0.03846 0.10769 0.01538 0.08462 0.09231 0.03846 0.03846 0.07692 0.07692 0.03077 0.02308 0.00000 0.00769 0.10000
B0JIT3                         0.06923 0.06154 0.03077 0.04615 0.00000 0.06154 0.03846 0.09231 0.01538 0.07692 0.09231 0.05385 0.04615 0.07692 0.07692 0.02308 0.03077 0.00000 0.01538 0.09231
Q7U8Q6                         0.06923 0.05385 0.01538 0.03846 0.01538 0.03846 0.05385 0.11538 0.03077 0.04615 0.10769 0.05385 0.03077 0.06154 0.06923 0.03077 0.02308 0.00000 0.00769 0.13846
B0CD44                         0.06923 0.06154 0.01538 0.04615 0.00769 0.03846 0.06923 0.08462 0.01538 0.06154 0.10769 0.06154 0.05385 0.06923 0.04615 0.03846 0.03077 0.00000 0.01538 0.10769
B2IWK7                         0.04615 0.06154 0.02308 0.03846 0.00769 0.06154 0.04615 0.11538 0.02308 0.04615 0.10769 0.06154 0.04615 0.06154 0.05385 0.00769 0.02308 0.00769 0.02308 0.13846
Q2JTA0                         0.05385 0.08462 0.03077 0.03077 0.00769 0.05385 0.04615 0.10769 0.01538 0.05385 0.15385 0.03077 0.03077 0.06923 0.06923 0.01538 0.03077 0.00000 0.01538 0.10000
Q2JI59                         0.05385 0.09231 0.02308 0.03846 0.00769 0.05385 0.04615 0.10769 0.01538 0.06154 0.14615 0.02308 0.03077 0.06923 0.06923 0.01538 0.03077 0.00000 0.01538 0.10000
Q7V0D0                         0.05385 0.04615 0.03077 0.03077 0.01538 0.04615 0.05385 0.10000 0.03077 0.06923 0.10769 0.06923 0.03077 0.06923 0.06923 0.02308 0.02308 0.00000 0.00000 0.13077
Q7V5X4                         0.06923 0.07692 0.01538 0.03077 0.01538 0.06154 0.05385 0.10769 0.02308 0.03846 0.12308 0.03077 0.03846 0.06154 0.06923 0.03077 0.01538 0.00000 0.00769 0.13077
A3YVF5                         0.05385 0.06923 0.02308 0.04615 0.01538 0.03846 0.05385 0.10000 0.01538 0.03846 0.13077 0.05385 0.03077 0.06154 0.06923 0.03077 0.02308 0.00000 0.01538 0.13077
A0ZG90                         0.06154 0.05385 0.01538 0.04615 0.00000 0.06923 0.05385 0.08462 0.01538 0.06923 0.12308 0.06923 0.03846 0.06154 0.06154 0.01538 0.02308 0.00769 0.01538 0.11538
B4B6Y3                         0.04615 0.06923 0.01538 0.04615 0.00769 0.05385 0.03846 0.10000 0.01538 0.08462 0.10769 0.05385 0.03846 0.06923 0.06923 0.02308 0.02308 0.00000 0.01538 0.12308
Q0I811                         0.06154 0.06923 0.01538 0.03846 0.01538 0.04615 0.05385 0.10769 0.02308 0.03077 0.12308 0.04615 0.03846 0.06923 0.06923 0.02308 0.03077 0.00000 0.00769 0.13077
Q3MH14                         0.06154 0.06154 0.02308 0.04615 0.00000 0.06154 0.04615 0.10000 0.02308 0.06923 0.10769 0.05385 0.04615 0.06154 0.06154 0.00769 0.03846 0.00769 0.01538 0.10769
A2BY43                         0.04615 0.04615 0.03077 0.03077 0.01538 0.04615 0.05385 0.10000 0.03846 0.06923 0.11538 0.06154 0.03077 0.06923 0.06923 0.03077 0.02308 0.00000 0.00000 0.12308
A8G6E7                         0.05385 0.03846 0.03846 0.02308 0.01538 0.04615 0.06154 0.10000 0.03077 0.08462 0.10769 0.06923 0.03077 0.06154 0.06923 0.03077 0.01538 0.00000 0.00769 0.11538
C7QW09                         0.05385 0.06154 0.01538 0.05385 0.00000 0.06154 0.04615 0.10769 0.01538 0.08462 0.10000 0.04615 0.03846 0.06923 0.06154 0.01538 0.03846 0.00000 0.01538 0.11538
B7JY22                         0.05385 0.06154 0.01538 0.05385 0.00000 0.06154 0.04615 0.10769 0.01538 0.08462 0.10000 0.04615 0.03846 0.06923 0.06154 0.01538 0.03846 0.00000 0.01538 0.11538
Q8YUR4                         0.06154 0.06154 0.02308 0.04615 0.00000 0.06154 0.04615 0.10000 0.02308 0.06923 0.10769 0.05385 0.04615 0.06154 0.06154 0.00769 0.03846 0.00769 0.01538 0.10769
Q7NJG6                         0.06154 0.08462 0.02308 0.03846 0.00769 0.05385 0.05385 0.10000 0.01538 0.07692 0.10000 0.04615 0.03077 0.06154 0.06154 0.01538 0.03846 0.00000 0.00769 0.12308
A3PEH0                         0.05385 0.03846 0.04615 0.03077 0.01538 0.04615 0.06154 0.10000 0.01538 0.06923 0.10769 0.06154 0.03077 0.06154 0.06923 0.03077 0.01538 0.00000 0.01538 0.13077
A4CRC7                         0.06923 0.05385 0.01538 0.03846 0.02308 0.04615 0.05385 0.10000 0.02308 0.03846 0.12308 0.05385 0.03846 0.06154 0.06923 0.03077 0.02308 0.00000 0.00769 0.13077
B7KKQ1                         0.04615 0.06923 0.02308 0.04615 0.00000 0.03077 0.04615 0.10000 0.02308 0.08462 0.09231 0.05385 0.04615 0.07692 0.07692 0.03077 0.03077 0.00000 0.00769 0.11538
Q05YF1                         0.06154 0.06923 0.02308 0.05385 0.01538 0.04615 0.04615 0.10000 0.02308 0.04615 0.10769 0.04615 0.05385 0.06154 0.06923 0.03077 0.01538 0.00000 0.00769 0.12308
A2C743                         0.06923 0.07692 0.01538 0.03077 0.01538 0.06154 0.05385 0.10769 0.02308 0.03846 0.12308 0.03077 0.03846 0.06154 0.06923 0.03077 0.01538 0.00000 0.00769 0.13077
A2BSQ8                         0.04615 0.03846 0.03846 0.03846 0.01538 0.04615 0.05385 0.10000 0.02308 0.07692 0.10000 0.06923 0.03077 0.06154 0.06923 0.03846 0.01538 0.00000 0.00769 0.13077
B1XLC7                         0.05385 0.05385 0.03077 0.03846 0.00769 0.04615 0.05385 0.09231 0.03077 0.07692 0.07692 0.06154 0.05385 0.06923 0.06923 0.02308 0.03846 0.00000 0.01538 0.10769
Q3AZF3                         0.09231 0.05385 0.01538 0.03077 0.01538 0.04615 0.06154 0.10000 0.01538 0.07692 0.10769 0.04615 0.03077 0.06154 0.06923 0.03077 0.02308 0.00000 0.01538 0.10769
Q4C1Q5                         0.07692 0.06154 0.01538 0.04615 0.00000 0.03077 0.06923 0.08462 0.01538 0.11538 0.10000 0.05385 0.03077 0.06923 0.07692 0.02308 0.02308 0.00000 0.01538 0.09231
Q064Y4                         0.09231 0.05385 0.01538 0.03077 0.01538 0.04615 0.06154 0.10000 0.01538 0.07692 0.11538 0.04615 0.02308 0.06154 0.06923 0.03077 0.02308 0.00000 0.01538 0.10769
Q3AHS6                         0.08462 0.06154 0.01538 0.05385 0.01538 0.03846 0.04615 0.10000 0.02308 0.04615 0.10769 0.04615 0.03846 0.06154 0.06923 0.03077 0.03077 0.00000 0.00769 0.12308
Q319F1                         0.05385 0.03846 0.04615 0.03846 0.01538 0.04615 0.05385 0.10000 0.02308 0.07692 0.10769 0.06154 0.03077 0.06154 0.06923 0.02308 0.02308 0.00000 0.00769 0.12308
A5GN68                         0.06154 0.06154 0.01538 0.03846 0.01538 0.05385 0.06154 0.10000 0.02308 0.03846 0.12308 0.04615 0.03846 0.06154 0.06923 0.03077 0.02308 0.00000 0.00769 0.13077
A3IH62                         0.05385 0.06154 0.02308 0.04615 0.00000 0.03077 0.06154 0.10000 0.01538 0.09231 0.10769 0.05385 0.03846 0.06154 0.06923 0.02308 0.03846 0.00000 0.01538 0.10769
A3Z675                         0.06154 0.06923 0.01538 0.03846 0.02308 0.05385 0.06154 0.10000 0.02308 0.03846 0.12308 0.03846 0.03846 0.06154 0.06923 0.03077 0.01538 0.00000 0.00769 0.13077
B1WTC2                         0.05385 0.06923 0.02308 0.04615 0.00000 0.02308 0.05385 0.10000 0.01538 0.10000 0.10769 0.05385 0.03846 0.06154 0.06923 0.02308 0.03846 0.00000 0.01538 0.10769
Q46JD0                         0.05385 0.05385 0.01538 0.06923 0.01538 0.05385 0.03846 0.09231 0.02308 0.06154 0.10769 0.06923 0.03846 0.06154 0.06154 0.04615 0.00769 0.00000 0.00769 0.12308
A2C4A9                         0.05385 0.05385 0.01538 0.06923 0.01538 0.05385 0.03846 0.09231 0.02308 0.06154 0.10769 0.06923 0.03846 0.06154 0.06154 0.04615 0.00769 0.00000 0.00769 0.12308

Homogeneity statistic: X2 = 4.56792 G = 4.72367 

Average                        0.06260 0.05846 0.02343 0.04402 0.00817 0.04568 0.05562 0.09704 0.02225 0.06698 0.10379 0.05680 0.03763 0.06438 0.06485 0.02734 0.02556 0.00213 0.01846 0.11479

# constant sites:     20 (15.38%)
ln Lmax (unconstrained) = -619.779581

AA distances (raw proportions of different sites)

A8EWV6         
A6Q2E5           0.2846
A7H598           0.2923  0.2846
B9KDS7           0.2846  0.2692  0.0923
A8FK62           0.2923  0.2846  0.0077  0.0923
Q4HQA3           0.2923  0.2769  0.1000  0.1231  0.1000
D1AZ84           0.3154  0.2000  0.3538  0.3385  0.3538  0.3462
Q4HGA6           0.3000  0.2769  0.0154  0.1077  0.0231  0.0923  0.3462
A6Q9A8           0.3000  0.1923  0.3154  0.3000  0.3154  0.3000  0.2077  0.3077
Q30QJ2           0.3385  0.2692  0.3077  0.3154  0.3077  0.3231  0.2692  0.3154  0.2692
B9L771           0.3769  0.3000  0.3154  0.3538  0.3154  0.3385  0.3462  0.3154  0.2923  0.3077
Q7MAS2           0.3615  0.2923  0.3769  0.3923  0.3769  0.3692  0.2308  0.3769  0.2692  0.3308  0.3538
O25928           0.4154  0.3385  0.3923  0.3923  0.3923  0.4077  0.3846  0.3923  0.3615  0.4077  0.4154  0.3231
B7MP40           0.5000  0.5077  0.5154  0.5385  0.5231  0.5308  0.5308  0.5077  0.5308  0.5462  0.5385  0.5308  0.5385
P0A6Q6           0.5000  0.5077  0.5154  0.5385  0.5231  0.5308  0.5308  0.5077  0.5308  0.5462  0.5385  0.5308  0.5385  0.0000
B7LW77           0.5000  0.5077  0.5154  0.5385  0.5231  0.5308  0.5308  0.5077  0.5308  0.5462  0.5385  0.5308  0.5385  0.0000  0.0000
Q8DI01           0.5154  0.5077  0.5462  0.5462  0.5462  0.5538  0.5615  0.5462  0.5077  0.5538  0.5308  0.5308  0.5077  0.5000  0.5000  0.5000
B5W104           0.5385  0.5308  0.5462  0.5538  0.5462  0.5538  0.5538  0.5308  0.5077  0.5462  0.5462  0.5615  0.5385  0.4846  0.4846  0.4846  0.2462
Q7TV98           0.5462  0.4923  0.5538  0.5692  0.5538  0.5692  0.5769  0.5462  0.5385  0.5615  0.5615  0.5692  0.5538  0.5077  0.5077  0.5077  0.3000  0.2769
Q31PQ9           0.5462  0.5538  0.5615  0.5692  0.5615  0.5692  0.5769  0.5462  0.5385  0.5923  0.5615  0.5692  0.5385  0.5385  0.5385  0.5385  0.2692  0.2538  0.2538
B8HK59           0.5462  0.5308  0.5462  0.5462  0.5462  0.5462  0.5538  0.5385  0.5231  0.5692  0.5385  0.5615  0.5154  0.5000  0.5000  0.5000  0.1692  0.2077  0.3308  0.2615
Q5N4G7           0.5462  0.5538  0.5615  0.5692  0.5615  0.5692  0.5769  0.5462  0.5385  0.5923  0.5615  0.5692  0.5385  0.5385  0.5385  0.5385  0.2769  0.2615  0.2538  0.0154  0.2692
Q10ZA2           0.5615  0.5385  0.5769  0.5769  0.5769  0.5769  0.5769  0.5692  0.5385  0.5846  0.5462  0.5615  0.5154  0.5538  0.5538  0.5538  0.3154  0.2846  0.3385  0.2923  0.3000  0.2923
A0YWN2           0.5385  0.5385  0.5769  0.5692  0.5769  0.5769  0.5538  0.5692  0.5000  0.5923  0.5846  0.5692  0.5154  0.4692  0.4692  0.4692  0.3077  0.1538  0.2923  0.2769  0.2615  0.2769  0.2923
A9BBV9           0.5615  0.5231  0.5769  0.5923  0.5769  0.5923  0.5692  0.5692  0.5615  0.5769  0.5692  0.5692  0.5308  0.4923  0.4923  0.4923  0.2769  0.3000  0.1000  0.2077  0.3154  0.2077  0.3308  0.3077
B9YJP6           0.5538  0.5538  0.5692  0.5692  0.5692  0.5769  0.5923  0.5615  0.5385  0.6154  0.5846  0.5692  0.5154  0.5231  0.5231  0.5231  0.2308  0.2615  0.3154  0.2231  0.2308  0.2308  0.3000  0.2769  0.2846
A5GV11           0.5692  0.5385  0.5692  0.5923  0.5692  0.5846  0.5769  0.5615  0.5615  0.5923  0.5923  0.5692  0.5308  0.5154  0.5154  0.5154  0.3154  0.2923  0.1615  0.2538  0.2846  0.2538  0.3385  0.2769  0.1308  0.3154
P73848           0.5538  0.5462  0.5692  0.5615  0.5692  0.5769  0.5846  0.5615  0.5385  0.6000  0.5692  0.5846  0.5308  0.5077  0.5077  0.5077  0.2538  0.2769  0.3154  0.3077  0.3154  0.3154  0.3692  0.2923  0.2769  0.3385  0.3231
B0JIT3           0.5538  0.5462  0.5769  0.5615  0.5769  0.5846  0.5846  0.5692  0.5385  0.6077  0.5615  0.5692  0.5154  0.5308  0.5308  0.5308  0.2692  0.2846  0.3462  0.2923  0.2923  0.2923  0.3077  0.3000  0.3231  0.3000  0.3615  0.1462
Q7U8Q6           0.5692  0.5385  0.5769  0.6000  0.5769  0.5923  0.5538  0.5692  0.5385  0.5846  0.5692  0.5615  0.5538  0.5077  0.5077  0.5077  0.3154  0.2769  0.1308  0.2231  0.2923  0.2231  0.3462  0.2846  0.1077  0.3077  0.1231  0.3231  0.3462
B0CD44           0.5462  0.5692  0.5538  0.5692  0.5538  0.5615  0.5769  0.5538  0.5385  0.5615  0.5385  0.5538  0.5462  0.5077  0.5077  0.5077  0.3000  0.2615  0.3385  0.3000  0.2615  0.3000  0.3462  0.2923  0.3231  0.3154  0.3231  0.3615  0.3385  0.3077
B2IWK7           0.5538  0.5462  0.5538  0.5462  0.5538  0.5692  0.5769  0.5462  0.5385  0.5769  0.5538  0.5692  0.5308  0.4923  0.4923  0.4923  0.2000  0.2077  0.2846  0.2231  0.1846  0.2308  0.2923  0.2615  0.2538  0.1077  0.2846  0.2923  0.2692  0.2769  0.2538
Q2JTA0           0.5615  0.5231  0.5462  0.5385  0.5462  0.5462  0.5308  0.5385  0.5308  0.5615  0.5538  0.5462  0.5077  0.4923  0.4923  0.4923  0.2846  0.3077  0.3385  0.3385  0.2462  0.3385  0.3769  0.3462  0.3308  0.3538  0.3462  0.3462  0.3615  0.3462  0.3615  0.3231
Q2JI59           0.5615  0.5231  0.5462  0.5385  0.5462  0.5462  0.5308  0.5385  0.5385  0.5615  0.5538  0.5538  0.5077  0.4846  0.4846  0.4846  0.2846  0.3000  0.3385  0.3308  0.2385  0.3308  0.3769  0.3462  0.3308  0.3462  0.3462  0.3462  0.3615  0.3538  0.3692  0.3154  0.0231
Q7V0D0           0.5769  0.5462  0.5923  0.5923  0.5923  0.6077  0.5231  0.5846  0.5615  0.5923  0.5846  0.5462  0.5154  0.5077  0.5077  0.5077  0.3077  0.3231  0.1769  0.2538  0.3077  0.2538  0.3308  0.3308  0.1462  0.3154  0.1692  0.3154  0.3308  0.1692  0.3462  0.2615  0.3538  0.3538
Q7V5X4           0.5846  0.5385  0.6000  0.5846  0.6000  0.5923  0.5846  0.5923  0.5692  0.6000  0.6000  0.5769  0.5538  0.5154  0.5154  0.5154  0.3000  0.3154  0.1462  0.2231  0.3000  0.2231  0.3308  0.3077  0.1154  0.3231  0.1077  0.3231  0.3385  0.1385  0.3231  0.2923  0.3308  0.3308  0.1769
A3YVF5           0.5846  0.5385  0.5846  0.6077  0.5846  0.6000  0.5769  0.5769  0.5615  0.6077  0.6000  0.5846  0.5308  0.5077  0.5077  0.5077  0.3000  0.2846  0.1615  0.2308  0.2923  0.2308  0.3462  0.2769  0.1231  0.3077  0.0846  0.3154  0.3385  0.1154  0.3154  0.2769  0.3077  0.3154  0.1538  0.1308
A0ZG90           0.5692  0.5615  0.5769  0.5615  0.5769  0.5846  0.5846  0.5692  0.5462  0.6077  0.5692  0.5769  0.5308  0.5231  0.5231  0.5231  0.2769  0.2692  0.3231  0.2615  0.2462  0.2615  0.3231  0.2769  0.2923  0.1692  0.3077  0.3154  0.2923  0.3077  0.3077  0.1385  0.3615  0.3538  0.3077  0.3385  0.3154
B4B6Y3           0.5538  0.5308  0.5538  0.5538  0.5538  0.5692  0.5846  0.5462  0.5385  0.6000  0.5538  0.5615  0.5231  0.5154  0.5154  0.5154  0.2923  0.3000  0.3769  0.3231  0.3308  0.3308  0.3538  0.3231  0.3615  0.3538  0.3769  0.1846  0.1615  0.3769  0.3538  0.3154  0.3615  0.3692  0.3846  0.3769  0.3692  0.3462
Q0I811           0.5923  0.5462  0.5692  0.5923  0.5692  0.5846  0.5692  0.5615  0.5615  0.5923  0.5846  0.5692  0.5385  0.5077  0.5077  0.5077  0.3000  0.2846  0.1615  0.2077  0.2769  0.2077  0.3154  0.2769  0.1154  0.2923  0.0769  0.3077  0.3231  0.1077  0.3077  0.2692  0.3077  0.3154  0.1385  0.1154  0.0769  0.3077  0.3615
Q3MH14           0.5692  0.5538  0.5769  0.5538  0.5769  0.5846  0.5769  0.5692  0.5231  0.6077  0.5769  0.5692  0.5385  0.5231  0.5231  0.5231  0.2615  0.2154  0.2923  0.2538  0.2308  0.2538  0.3077  0.2538  0.2769  0.1385  0.3000  0.2846  0.2769  0.2923  0.2769  0.1000  0.3231  0.3154  0.3000  0.3231  0.3000  0.1077  0.3231  0.3000
A2BY43           0.5769  0.5462  0.5846  0.5846  0.5846  0.6000  0.5308  0.5769  0.5538  0.5923  0.5692  0.5385  0.5154  0.5154  0.5154  0.5154  0.3308  0.3231  0.1923  0.2692  0.3231  0.2692  0.3308  0.3385  0.1615  0.3308  0.1846  0.3154  0.3308  0.1769  0.3538  0.2846  0.3462  0.3462  0.0385  0.1846  0.1692  0.3308  0.3769  0.1538  0.3154
A8G6E7           0.5846  0.5538  0.5692  0.5769  0.5692  0.5846  0.5615  0.5615  0.5692  0.5923  0.5692  0.5615  0.5231  0.5308  0.5308  0.5308  0.3462  0.3077  0.2077  0.2615  0.3385  0.2615  0.3385  0.3385  0.1769  0.3385  0.2000  0.3385  0.3615  0.2000  0.3692  0.2923  0.3538  0.3538  0.1077  0.1846  0.1846  0.3385  0.3923  0.1769  0.3077  0.0769
C7QW09           0.5538  0.5462  0.5538  0.5692  0.5538  0.5769  0.5846  0.5462  0.5538  0.6000  0.5462  0.5769  0.5385  0.5000  0.5000  0.5000  0.2769  0.2769  0.3692  0.3000  0.2846  0.3077  0.3385  0.2923  0.3462  0.3154  0.3769  0.1923  0.1769  0.3692  0.3308  0.2615  0.3462  0.3462  0.3769  0.3769  0.3692  0.3077  0.1231  0.3615  0.2692  0.3769  0.3923
B7JY22           0.5538  0.5462  0.5538  0.5692  0.5538  0.5769  0.5846  0.5462  0.5538  0.6000  0.5462  0.5769  0.5385  0.5000  0.5000  0.5000  0.2769  0.2769  0.3692  0.3000  0.2846  0.3077  0.3385  0.2923  0.3462  0.3154  0.3769  0.1923  0.1769  0.3692  0.3308  0.2615  0.3462  0.3462  0.3769  0.3769  0.3692  0.3077  0.1231  0.3615  0.2692  0.3769  0.3923  0.0000
Q8YUR4           0.5692  0.5538  0.5769  0.5538  0.5769  0.5846  0.5769  0.5692  0.5231  0.6077  0.5769  0.5692  0.5385  0.5231  0.5231  0.5231  0.2615  0.2154  0.2923  0.2538  0.2308  0.2538  0.3077  0.2538  0.2769  0.1385  0.3000  0.2846  0.2769  0.2923  0.2769  0.1000  0.3231  0.3154  0.3000  0.3231  0.3000  0.1077  0.3231  0.3000  0.0000  0.3154  0.3077  0.2692  0.2692
Q7NJG6           0.5846  0.5385  0.5923  0.5923  0.5923  0.6000  0.5692  0.5846  0.5462  0.6077  0.6000  0.5615  0.6000  0.5231  0.5231  0.5231  0.3692  0.3538  0.4154  0.4385  0.3154  0.4385  0.4385  0.4000  0.4308  0.4000  0.4000  0.4385  0.4231  0.4000  0.3538  0.3538  0.3769  0.3846  0.4231  0.4154  0.4077  0.4000  0.4462  0.4000  0.3462  0.4308  0.4308  0.4385  0.4385  0.3462
A3PEH0           0.5846  0.5385  0.5615  0.5769  0.5615  0.5769  0.5615  0.5538  0.5692  0.5846  0.5692  0.5615  0.5308  0.5231  0.5231  0.5231  0.3385  0.3077  0.2000  0.2615  0.3308  0.2615  0.3462  0.3385  0.1692  0.3308  0.1923  0.3308  0.3538  0.2000  0.3692  0.2923  0.3538  0.3538  0.1231  0.1769  0.1615  0.3231  0.4000  0.1692  0.3231  0.1077  0.0538  0.3923  0.3923  0.3231  0.4385
A4CRC7           0.6000  0.5538  0.5769  0.5923  0.5769  0.5923  0.5692  0.5692  0.5615  0.6000  0.5923  0.5692  0.5385  0.5154  0.5154  0.5154  0.3154  0.2923  0.1615  0.2154  0.3077  0.2154  0.3231  0.3000  0.1154  0.3154  0.0923  0.3231  0.3308  0.1077  0.3231  0.2769  0.3231  0.3308  0.1462  0.1077  0.0923  0.3154  0.3538  0.0462  0.3000  0.1615  0.1692  0.3615  0.3615  0.3000  0.4154  0.1615
B7KKQ1           0.5615  0.5385  0.5692  0.5769  0.5692  0.5769  0.5769  0.5615  0.5462  0.6077  0.5615  0.5538  0.5308  0.5077  0.5077  0.5077  0.2846  0.2846  0.3692  0.3308  0.3154  0.3385  0.3462  0.3154  0.3692  0.3462  0.3846  0.1846  0.1692  0.3769  0.3462  0.3077  0.3538  0.3615  0.3692  0.3846  0.3692  0.3462  0.0769  0.3692  0.3154  0.3615  0.3923  0.1231  0.1231  0.3154  0.4308  0.3923  0.3615
Q05YF1           0.5923  0.5692  0.5846  0.5846  0.5846  0.6077  0.6000  0.5769  0.5615  0.6154  0.5923  0.5846  0.5538  0.5154  0.5154  0.5154  0.3615  0.3385  0.1846  0.2692  0.3462  0.2692  0.3385  0.3154  0.1615  0.3692  0.1077  0.3462  0.3769  0.1462  0.3462  0.3385  0.3615  0.3692  0.2154  0.1385  0.1231  0.3308  0.3923  0.1000  0.3308  0.2231  0.2231  0.4077  0.4077  0.3308  0.4308  0.2154  0.0923  0.3923
A2C743           0.5846  0.5385  0.6000  0.5846  0.6000  0.5923  0.5846  0.5923  0.5692  0.6000  0.6000  0.5769  0.5538  0.5154  0.5154  0.5154  0.3000  0.3154  0.1462  0.2231  0.3000  0.2231  0.3308  0.3077  0.1154  0.3231  0.1077  0.3231  0.3385  0.1385  0.3231  0.2923  0.3308  0.3308  0.1769  0.0000  0.1308  0.3385  0.3769  0.1154  0.3231  0.1846  0.1846  0.3769  0.3769  0.3231  0.4154  0.1769  0.1077  0.3846  0.1385
A2BSQ8           0.5769  0.5538  0.5615  0.5692  0.5615  0.5769  0.5538  0.5538  0.5615  0.5846  0.5692  0.5538  0.5308  0.5154  0.5154  0.5154  0.3385  0.3000  0.2000  0.2538  0.3385  0.2538  0.3538  0.3308  0.1692  0.3385  0.2000  0.3308  0.3538  0.2000  0.3615  0.2923  0.3538  0.3462  0.1000  0.1846  0.1692  0.3308  0.4000  0.1692  0.3231  0.0846  0.0462  0.3923  0.3923  0.3231  0.4308  0.0385  0.1692  0.4000  0.2231  0.1846
B1XLC7           0.5846  0.5538  0.5769  0.5769  0.5769  0.5923  0.6154  0.5692  0.5538  0.5846  0.5615  0.5923  0.5077  0.5231  0.5231  0.5231  0.3308  0.3077  0.3846  0.3462  0.3462  0.3615  0.3462  0.3077  0.3769  0.3308  0.3769  0.2923  0.2846  0.4000  0.4077  0.3077  0.3846  0.3923  0.4000  0.4154  0.3692  0.3308  0.2692  0.3385  0.3385  0.4000  0.4077  0.2385  0.2385  0.3385  0.4769  0.4077  0.3538  0.2769  0.3769  0.4154  0.4154
Q3AZF3           0.5846  0.5615  0.5923  0.6077  0.5923  0.5923  0.5538  0.5846  0.5692  0.6000  0.6000  0.5615  0.5615  0.5231  0.5231  0.5231  0.3308  0.3000  0.1615  0.2615  0.3385  0.2615  0.3615  0.3077  0.1538  0.3538  0.1538  0.3462  0.3615  0.1000  0.3231  0.3231  0.3615  0.3692  0.2077  0.1538  0.1385  0.3154  0.3769  0.1462  0.3231  0.2154  0.2231  0.3923  0.3923  0.3231  0.4231  0.2154  0.1385  0.3769  0.1538  0.1538  0.2154  0.4000
Q4C1Q5           0.5615  0.5615  0.5846  0.6000  0.5846  0.6077  0.6154  0.5846  0.5692  0.6154  0.5615  0.5769  0.5308  0.5308  0.5308  0.5308  0.3077  0.3231  0.3692  0.3385  0.3231  0.3462  0.3538  0.3462  0.3615  0.3385  0.3846  0.2154  0.1923  0.3769  0.3385  0.3000  0.3846  0.3846  0.3692  0.4000  0.3769  0.3154  0.1615  0.3769  0.2923  0.3692  0.3846  0.1615  0.1615  0.2923  0.4462  0.3923  0.3692  0.1462  0.4077  0.4000  0.3923  0.3077  0.3846
Q064Y4           0.5846  0.5615  0.5923  0.6077  0.5923  0.5923  0.5538  0.5846  0.5692  0.6000  0.6000  0.5615  0.5615  0.5308  0.5308  0.5308  0.3385  0.3077  0.1692  0.2538  0.3462  0.2615  0.3692  0.3154  0.1615  0.3615  0.1615  0.3385  0.3692  0.1077  0.3308  0.3308  0.3692  0.3769  0.2154  0.1615  0.1462  0.3231  0.3692  0.1538  0.3308  0.2231  0.2308  0.3846  0.3846  0.3308  0.4308  0.2231  0.1462  0.3692  0.1615  0.1615  0.2231  0.3923  0.0077  0.3769
Q3AHS6           0.5923  0.5615  0.6000  0.6154  0.6000  0.6154  0.5462  0.5923  0.5615  0.6000  0.6000  0.5538  0.5615  0.5308  0.5308  0.5308  0.3308  0.2846  0.1692  0.2308  0.3154  0.2308  0.3538  0.3077  0.1308  0.3154  0.1385  0.3385  0.3462  0.0615  0.3077  0.2846  0.3615  0.3692  0.1615  0.1538  0.1154  0.3077  0.3846  0.1077  0.2923  0.1692  0.1923  0.3769  0.3769  0.2923  0.4308  0.1923  0.1000  0.3846  0.1462  0.1538  0.1923  0.3923  0.0846  0.3769  0.0923
Q319F1           0.5846  0.5462  0.5538  0.5692  0.5538  0.5692  0.5615  0.5462  0.5692  0.5846  0.5615  0.5615  0.5385  0.5308  0.5308  0.5308  0.3462  0.3077  0.2077  0.2769  0.3385  0.2769  0.3385  0.3385  0.1846  0.3308  0.2077  0.3308  0.3538  0.2154  0.3769  0.2923  0.3538  0.3462  0.1154  0.2077  0.1923  0.3308  0.3923  0.1769  0.3231  0.0846  0.0462  0.3923  0.3923  0.3231  0.4385  0.0385  0.1923  0.3846  0.2462  0.2077  0.0308  0.4154  0.2308  0.3846  0.2385  0.2077
A5GN68           0.6077  0.5615  0.5846  0.5923  0.5846  0.5846  0.5769  0.5769  0.5615  0.6077  0.6000  0.5769  0.5462  0.5231  0.5231  0.5231  0.3077  0.3000  0.1615  0.2231  0.3077  0.2231  0.3308  0.3077  0.1154  0.3231  0.0846  0.3154  0.3385  0.1231  0.3385  0.2846  0.3308  0.3308  0.1462  0.0923  0.1000  0.3231  0.3692  0.0538  0.3000  0.1615  0.1692  0.3692  0.3692  0.3000  0.4308  0.1615  0.0308  0.3769  0.0923  0.0923  0.1692  0.3692  0.1385  0.3769  0.1462  0.1154  0.1923
A3IH62           0.5692  0.5615  0.6000  0.6154  0.6000  0.6154  0.6154  0.5923  0.5615  0.6231  0.5538  0.5923  0.5462  0.5231  0.5231  0.5231  0.3385  0.3154  0.3692  0.3385  0.3462  0.3462  0.3769  0.3231  0.3615  0.3308  0.3692  0.2154  0.2000  0.3538  0.3385  0.2846  0.3692  0.3692  0.3692  0.3923  0.3538  0.3154  0.1538  0.3769  0.2769  0.3615  0.3923  0.1385  0.1385  0.2769  0.4538  0.4000  0.3692  0.1462  0.4000  0.3923  0.4000  0.2692  0.3846  0.0923  0.3769  0.3615  0.3923  0.3769
A3Z675           0.6000  0.5538  0.5923  0.5923  0.5923  0.5923  0.5769  0.5846  0.5538  0.6154  0.6077  0.5846  0.5538  0.5154  0.5154  0.5154  0.3154  0.3000  0.1538  0.2385  0.3077  0.2385  0.3538  0.2923  0.1154  0.3308  0.0769  0.3154  0.3538  0.1077  0.3385  0.3000  0.3308  0.3308  0.1615  0.0846  0.1000  0.3308  0.3923  0.0692  0.3000  0.1692  0.1769  0.3846  0.3846  0.3000  0.4077  0.1692  0.0692  0.4000  0.0846  0.0846  0.1769  0.3923  0.1308  0.4000  0.1385  0.1154  0.1923  0.0385  0.3846
B1WTC2           0.5692  0.5692  0.5923  0.6077  0.5923  0.6077  0.6231  0.5846  0.5846  0.6154  0.5615  0.6000  0.5385  0.5308  0.5308  0.5308  0.3308  0.3154  0.3846  0.3462  0.3385  0.3538  0.3692  0.3308  0.3692  0.3385  0.3846  0.2154  0.1923  0.3769  0.3538  0.2923  0.3769  0.3769  0.3769  0.4077  0.3692  0.3231  0.1462  0.3769  0.2923  0.3769  0.3923  0.1308  0.1308  0.2923  0.4615  0.4000  0.3692  0.1385  0.4154  0.4077  0.4000  0.2692  0.3923  0.0846  0.3846  0.3769  0.3923  0.3769  0.0231  0.4000
Q46JD0           0.6000  0.5462  0.6000  0.5923  0.6000  0.6077  0.5846  0.5923  0.5538  0.5923  0.6000  0.5769  0.5385  0.5231  0.5231  0.5231  0.3308  0.3385  0.1308  0.2538  0.3385  0.2538  0.3385  0.3462  0.1077  0.3385  0.1615  0.3308  0.3615  0.1538  0.3538  0.3000  0.3538  0.3615  0.1615  0.1385  0.1462  0.3385  0.3846  0.1385  0.3154  0.1769  0.1923  0.3923  0.3923  0.3154  0.4538  0.1846  0.1077  0.3846  0.1308  0.1385  0.1923  0.3923  0.1923  0.3846  0.2000  0.1538  0.2154  0.1154  0.4000  0.1308  0.4077
A2C4A9           0.6000  0.5462  0.6000  0.5923  0.6000  0.6077  0.5846  0.5923  0.5538  0.5923  0.6000  0.5769  0.5385  0.5231  0.5231  0.5231  0.3308  0.3385  0.1308  0.2538  0.3385  0.2538  0.3385  0.3462  0.1077  0.3385  0.1615  0.3308  0.3615  0.1538  0.3538  0.3000  0.3538  0.3615  0.1615  0.1385  0.1462  0.3385  0.3846  0.1385  0.3154  0.1769  0.1923  0.3923  0.3923  0.3154  0.4538  0.1846  0.1077  0.3846  0.1308  0.1385  0.1923  0.3923  0.1923  0.3846  0.2000  0.1538  0.2154  0.1154  0.4000  0.1308  0.4077  0.0000


TREE #  1:  (8, (5, 3), (6, (4, (1, (10, (((9, (11, ((16, (15, 14)), (31, (((26, (32, (38, (41, 46)))), (17, (21, (47, (33, 34))))), ((54, (((39, 50), ((44, 45), (56, (61, 63)))), (28, 29))), ((23, ((20, 22), ((35, (42, (43, (59, (53, 48))))), (((64, 65), (19, 25)), ((36, 52), ((30, (58, (55, 57))), ((27, 37), (62, (51, (40, (49, 60))))))))))), (18, 24)))))))), (7, (12, 13))), 2))))));   MP score: 865
lnL(ntime:127  np:128):  -4723.875490      +0.000000
  66..8    66..67   67..5    67..3    66..68   68..6    68..69   69..4    69..70   70..1    70..71   71..10   71..72   72..73   73..74   74..9    74..75   75..11   75..76   76..77   77..16   77..78   78..15   78..14   76..79   79..31   79..80   80..81   81..82   82..26   82..83   83..32   83..84   84..38   84..85   85..41   85..46   81..86   86..17   86..87   87..21   87..88   88..47   88..89   89..33   89..34   80..90   90..91   91..54   91..92   92..93   93..94   94..39   94..50   93..95   95..96   96..44   96..45   95..97   97..56   97..98   98..61   98..63   92..99   99..28   99..29   90..100 100..101 101..23  101..102 102..103 103..20  103..22  102..104 104..105 105..35  105..106 106..42  106..107 107..43  107..108 108..59  108..109 109..53  109..48  104..110 110..111 111..112 112..64  112..65  111..113 113..19  113..25  110..114 114..115 115..36  115..52  114..116 116..117 117..30  117..118 118..58  118..119 119..55  119..57  116..120 120..121 121..27  121..37  120..122 122..62  122..123 123..51  123..124 124..40  124..125 125..49  125..60  100..126 126..18  126..24   73..127 127..7   127..128 128..12  128..13   72..2  
 0.017664 0.000004 0.008508 0.000004 0.037044 0.093092 0.019497 0.053162 0.203774 0.193290 0.114008 0.276737 0.056878 0.027137 0.055561 0.128992 0.075720 0.292910 0.687216 0.527344 0.000004 0.000004 0.000004 0.000004 0.519338 0.241894 0.062180 0.034408 0.077647 0.116078 0.000004 0.021784 0.075948 0.109017 0.023079 0.000004 0.000004 0.065645 0.134849 0.055801 0.050528 0.061330 0.445330 0.274420 0.027283 0.000004 0.027397 0.121180 0.243529 0.116242 0.068336 0.037246 0.053106 0.042172 0.024282 0.079522 0.000004 0.000004 0.073805 0.086795 0.009574 0.017571 0.008794 0.021903 0.140189 0.076313 0.000004 0.039577 0.274052 0.115712 0.107260 0.000004 0.017306 0.161771 0.106791 0.008821 0.035004 0.001680 0.081165 0.010991 0.030318 0.011037 0.009900 0.015743 0.027564 0.031240 0.016303 0.082902 0.000004 0.000004 0.028833 0.090099 0.045707 0.012684 0.087066 0.000004 0.000004 0.033101 0.078605 0.029692 0.018083 0.030034 0.080504 0.000004 0.008651 0.013557 0.017020 0.050981 0.052715 0.025159 0.034078 0.000004 0.070024 0.019498 0.039885 0.008083 0.021376 0.015801 0.058954 0.077782 0.161633 0.107820 0.092084 0.174116 0.098012 0.512643 0.089787 0.829293

tree length =   9.98234

(8: 0.017664, (5: 0.008508, 3: 0.000004): 0.000004, (6: 0.093092, (4: 0.053162, (1: 0.193290, (10: 0.276737, (((9: 0.128992, (11: 0.292910, ((16: 0.000004, (15: 0.000004, 14: 0.000004): 0.000004): 0.527344, (31: 0.241894, (((26: 0.116078, (32: 0.021784, (38: 0.109017, (41: 0.000004, 46: 0.000004): 0.023079): 0.075948): 0.000004): 0.077647, (17: 0.134849, (21: 0.050528, (47: 0.445330, (33: 0.027283, 34: 0.000004): 0.274420): 0.061330): 0.055801): 0.065645): 0.034408, ((54: 0.243529, (((39: 0.053106, 50: 0.042172): 0.037246, ((44: 0.000004, 45: 0.000004): 0.079522, (56: 0.086795, (61: 0.017571, 63: 0.008794): 0.009574): 0.073805): 0.024282): 0.068336, (28: 0.140189, 29: 0.076313): 0.021903): 0.116242): 0.121180, ((23: 0.274052, ((20: 0.000004, 22: 0.017306): 0.107260, ((35: 0.008821, (42: 0.001680, (43: 0.010991, (59: 0.011037, (53: 0.015743, 48: 0.027564): 0.009900): 0.030318): 0.081165): 0.035004): 0.106791, (((64: 0.000004, 65: 0.000004): 0.082902, (19: 0.090099, 25: 0.045707): 0.028833): 0.016303, ((36: 0.000004, 52: 0.000004): 0.087066, ((30: 0.029692, (58: 0.030034, (55: 0.000004, 57: 0.008651): 0.080504): 0.018083): 0.078605, ((27: 0.050981, 37: 0.052715): 0.017020, (62: 0.034078, (51: 0.070024, (40: 0.039885, (49: 0.021376, 60: 0.015801): 0.008083): 0.019498): 0.000004): 0.025159): 0.013557): 0.033101): 0.012684): 0.031240): 0.161771): 0.115712): 0.039577, (18: 0.077782, 24: 0.161633): 0.058954): 0.000004): 0.027397): 0.062180): 0.519338): 0.687216): 0.075720): 0.055561, (7: 0.092084, (12: 0.098012, 13: 0.512643): 0.174116): 0.107820): 0.027137, 2: 0.089787): 0.056878): 0.114008): 0.203774): 0.019497): 0.037044);

(Q4HGA6: 0.017664, (A8FK62: 0.008508, A7H598: 0.000004): 0.000004, (Q4HQA3: 0.093092, (B9KDS7: 0.053162, (A8EWV6: 0.193290, (Q30QJ2: 0.276737, (((A6Q9A8: 0.128992, (B9L771: 0.292910, ((B7LW77: 0.000004, (P0A6Q6: 0.000004, B7MP40: 0.000004): 0.000004): 0.527344, (B0CD44: 0.241894, (((B9YJP6: 0.116078, (B2IWK7: 0.021784, (A0ZG90: 0.109017, (Q3MH14: 0.000004, Q8YUR4: 0.000004): 0.023079): 0.075948): 0.000004): 0.077647, (Q8DI01: 0.134849, (B8HK59: 0.050528, (Q7NJG6: 0.445330, (Q2JTA0: 0.027283, Q2JI59: 0.000004): 0.274420): 0.061330): 0.055801): 0.065645): 0.034408, ((B1XLC7: 0.243529, (((B4B6Y3: 0.053106, B7KKQ1: 0.042172): 0.037246, ((C7QW09: 0.000004, B7JY22: 0.000004): 0.079522, (Q4C1Q5: 0.086795, (A3IH62: 0.017571, B1WTC2: 0.008794): 0.009574): 0.073805): 0.024282): 0.068336, (P73848: 0.140189, B0JIT3: 0.076313): 0.021903): 0.116242): 0.121180, ((Q10ZA2: 0.274052, ((Q31PQ9: 0.000004, Q5N4G7: 0.017306): 0.107260, ((Q7V0D0: 0.008821, (A2BY43: 0.001680, (A8G6E7: 0.010991, (Q319F1: 0.011037, (A2BSQ8: 0.015743, A3PEH0: 0.027564): 0.009900): 0.030318): 0.081165): 0.035004): 0.106791, (((Q46JD0: 0.000004, A2C4A9: 0.000004): 0.082902, (Q7TV98: 0.090099, A9BBV9: 0.045707): 0.028833): 0.016303, ((Q7V5X4: 0.000004, A2C743: 0.000004): 0.087066, ((Q7U8Q6: 0.029692, (Q3AHS6: 0.030034, (Q3AZF3: 0.000004, Q064Y4: 0.008651): 0.080504): 0.018083): 0.078605, ((A5GV11: 0.050981, A3YVF5: 0.052715): 0.017020, (A3Z675: 0.034078, (Q05YF1: 0.070024, (Q0I811: 0.039885, (A4CRC7: 0.021376, A5GN68: 0.015801): 0.008083): 0.019498): 0.000004): 0.025159): 0.013557): 0.033101): 0.012684): 0.031240): 0.161771): 0.115712): 0.039577, (B5W104: 0.077782, A0YWN2: 0.161633): 0.058954): 0.000004): 0.027397): 0.062180): 0.519338): 0.687216): 0.075720): 0.055561, (D1AZ84: 0.092084, (Q7MAS2: 0.098012, O25928: 0.512643): 0.174116): 0.107820): 0.027137, A6Q2E5: 0.089787): 0.056878): 0.114008): 0.203774): 0.019497): 0.037044);

Detailed output identifying parameters

alpha (gamma, K = 4) =  0.82929
rate:   0.10177  0.41867  0.96475  2.51481
freq:   0.25000  0.25000  0.25000  0.25000

Time used: 16:01
