AAML (in paml version 4.6, August 2012)  273.aa
Model: Empirical for branches,  (../../../bin/LG.dat) dGamma (ncatG=4) ns =  65  ls = 152


Frequencies..
                                    A      R      N      D      C      Q      E      G      H      I      L      K      M      F      P      S      T      W      Y      V
A8ETF3                         0.07895 0.04605 0.04605 0.03947 0.00658 0.01974 0.08553 0.04605 0.02632 0.08553 0.09868 0.05921 0.03289 0.06579 0.02632 0.06579 0.05921 0.00000 0.01974 0.09211
B9L9C2                         0.05921 0.03947 0.05263 0.07237 0.01316 0.00658 0.07237 0.03289 0.01974 0.10526 0.09211 0.10526 0.03947 0.04605 0.03289 0.07895 0.03289 0.00000 0.03289 0.06579
Q4HI62                         0.07237 0.03289 0.05921 0.04605 0.01316 0.01316 0.07237 0.03947 0.03289 0.10526 0.12500 0.07237 0.01316 0.04605 0.03947 0.06579 0.05263 0.00658 0.02632 0.06579
A6Q9Z7                         0.09868 0.05263 0.02632 0.07895 0.00658 0.03289 0.05263 0.03947 0.01974 0.07895 0.09868 0.05263 0.04605 0.04605 0.03289 0.07237 0.04605 0.00000 0.03947 0.07895
A6Q373                         0.05921 0.04605 0.03947 0.06579 0.00658 0.03289 0.03947 0.03289 0.02632 0.11184 0.07895 0.06579 0.03947 0.05263 0.04605 0.07237 0.06579 0.00000 0.03947 0.07895
A8FLI0                         0.07895 0.03289 0.03947 0.05921 0.01316 0.01316 0.06579 0.03947 0.03289 0.09868 0.13158 0.08553 0.01974 0.03947 0.03947 0.05921 0.03947 0.00658 0.03289 0.07237
A7H475                         0.07895 0.03289 0.03947 0.05921 0.01316 0.01316 0.06579 0.03947 0.03289 0.09868 0.13158 0.08553 0.01974 0.03947 0.03947 0.05921 0.03947 0.00658 0.03289 0.07237
B9KG86                         0.06579 0.03947 0.06579 0.05263 0.01316 0.01974 0.05921 0.03289 0.02632 0.10526 0.11842 0.07895 0.03947 0.03947 0.03947 0.06579 0.03289 0.00658 0.02632 0.07237
D1B2I6                         0.07895 0.05263 0.02632 0.06579 0.00658 0.01974 0.06579 0.05263 0.01974 0.08553 0.08553 0.05921 0.03947 0.05263 0.04605 0.07895 0.02632 0.00658 0.02632 0.10526
Q7M9X2                         0.09211 0.06579 0.02632 0.03947 0.01974 0.01974 0.07237 0.03947 0.01974 0.07895 0.11184 0.02632 0.04605 0.04605 0.05921 0.08553 0.05263 0.00000 0.03289 0.06579
Q30RH8                         0.07895 0.03289 0.06579 0.05263 0.00000 0.01974 0.07237 0.03947 0.01974 0.07895 0.13158 0.06579 0.03947 0.04605 0.03289 0.04605 0.04605 0.00000 0.03289 0.09868
Q4HNQ4                         0.07895 0.03289 0.05921 0.04605 0.01316 0.01974 0.06579 0.03947 0.01974 0.08553 0.13158 0.07237 0.01316 0.04605 0.03947 0.07895 0.04605 0.00658 0.02632 0.07895
B7N1T5                         0.10526 0.05263 0.03947 0.03947 0.00000 0.04605 0.07237 0.03947 0.05921 0.05263 0.09211 0.02632 0.05263 0.05921 0.04605 0.05921 0.05263 0.00658 0.01316 0.08553
P0A6I6                         0.11184 0.05263 0.03947 0.03947 0.00000 0.04605 0.06579 0.03947 0.05921 0.05263 0.09211 0.02632 0.05263 0.05921 0.04605 0.05921 0.05263 0.00658 0.01316 0.08553
B7LVJ5                         0.11184 0.05263 0.03947 0.03947 0.00000 0.03947 0.06579 0.03947 0.06579 0.05263 0.09211 0.02632 0.05263 0.05921 0.04605 0.05921 0.05263 0.00658 0.01316 0.08553
Q3AJW3                         0.09211 0.07237 0.02632 0.06579 0.01316 0.01316 0.06579 0.05263 0.03947 0.04605 0.09868 0.01974 0.03289 0.05263 0.03947 0.09211 0.05921 0.00000 0.01316 0.10526
O26010                         0.07237 0.03289 0.04605 0.03289 0.01316 0.01974 0.07237 0.04605 0.04605 0.08553 0.11184 0.06579 0.03289 0.05263 0.03947 0.08553 0.03289 0.00000 0.03947 0.07237
Q05SX7                         0.08553 0.05921 0.01974 0.03289 0.01316 0.06579 0.07895 0.06579 0.03947 0.03947 0.11842 0.01974 0.01974 0.05921 0.04605 0.07237 0.05263 0.00000 0.01316 0.09868
A3Z6S5                         0.09211 0.07237 0.01316 0.03947 0.01316 0.03947 0.07895 0.07237 0.03947 0.03947 0.12500 0.01316 0.01974 0.05263 0.03947 0.08553 0.05263 0.00000 0.01316 0.09868
Q3AXV0                         0.09211 0.05921 0.02632 0.06579 0.00658 0.02632 0.06579 0.05921 0.03947 0.03947 0.11184 0.03289 0.03289 0.05263 0.03289 0.09211 0.05263 0.00000 0.01316 0.09868
Q067B1                         0.07895 0.06579 0.02632 0.07895 0.00658 0.01974 0.05263 0.05921 0.03947 0.04605 0.11842 0.03947 0.03947 0.05263 0.03289 0.09211 0.05263 0.00000 0.01316 0.08553
Q8DJQ7                         0.07895 0.07237 0.03947 0.03947 0.00000 0.03947 0.05921 0.05263 0.03289 0.05263 0.11842 0.04605 0.01316 0.05263 0.03289 0.08553 0.05263 0.00658 0.02632 0.09868
A5GT90                         0.07895 0.05921 0.01974 0.05263 0.00000 0.05921 0.06579 0.04605 0.03947 0.02632 0.13816 0.01316 0.01316 0.07237 0.04605 0.09868 0.05263 0.00000 0.00658 0.11184
Q7U6T8                         0.09211 0.05921 0.03289 0.06579 0.01316 0.03947 0.04605 0.05921 0.04605 0.03947 0.10526 0.03289 0.02632 0.05263 0.03947 0.07237 0.05921 0.00000 0.01316 0.10526
Q0IAF3                         0.08553 0.05921 0.02632 0.03947 0.01316 0.04605 0.07237 0.06579 0.04605 0.03289 0.12500 0.01316 0.01974 0.05921 0.03289 0.09211 0.05921 0.00000 0.01974 0.09211
B2J6C6                         0.05921 0.07237 0.03947 0.04605 0.00000 0.05921 0.05263 0.04605 0.03947 0.07237 0.12500 0.01316 0.01974 0.05263 0.04605 0.08553 0.05921 0.00000 0.01974 0.09211
B9YP58                         0.07237 0.05263 0.04605 0.04605 0.00000 0.05921 0.04605 0.05263 0.03289 0.07895 0.11184 0.03947 0.01974 0.05263 0.04605 0.07237 0.05921 0.00000 0.01974 0.09211
Q8YN70                         0.06579 0.06579 0.03289 0.05263 0.00000 0.05921 0.05263 0.05263 0.03289 0.07895 0.11842 0.02632 0.01316 0.05263 0.04605 0.07895 0.05921 0.00000 0.01974 0.09211
A0ZCW4                         0.05921 0.06579 0.03289 0.05921 0.00000 0.05921 0.06579 0.05263 0.03289 0.09211 0.11184 0.01974 0.01316 0.05263 0.03289 0.07237 0.06579 0.00000 0.01974 0.09211
Q3MBP8                         0.06579 0.06579 0.03947 0.05263 0.00000 0.05921 0.05263 0.05263 0.03289 0.07237 0.11842 0.02632 0.00658 0.05263 0.04605 0.07237 0.05921 0.00000 0.01974 0.10526
B0CAI3                         0.07895 0.03947 0.04605 0.03289 0.01316 0.06579 0.05921 0.04605 0.03947 0.06579 0.12500 0.02632 0.01316 0.05263 0.03947 0.07895 0.07237 0.00000 0.02632 0.07895
Q7VBZ0                         0.06579 0.04605 0.01974 0.05263 0.00658 0.01316 0.07895 0.03947 0.03289 0.09211 0.11184 0.07237 0.02632 0.04605 0.02632 0.11184 0.05263 0.00000 0.02632 0.07895
Q7V1I7                         0.05263 0.03289 0.08553 0.04605 0.00658 0.01974 0.07237 0.04605 0.02632 0.06579 0.12500 0.06579 0.01974 0.04605 0.02632 0.08553 0.06579 0.00000 0.02632 0.08553
A3YZL5                         0.10526 0.07895 0.01316 0.05263 0.00658 0.03947 0.06579 0.06579 0.03947 0.02632 0.12500 0.01974 0.01974 0.06579 0.03289 0.09211 0.03947 0.00000 0.00658 0.10526
A2C9T2                         0.10526 0.05921 0.03289 0.05263 0.01974 0.03947 0.04605 0.05921 0.05263 0.04605 0.11184 0.01974 0.02632 0.06579 0.03947 0.06579 0.05263 0.00000 0.01316 0.09211
A4CUH9                         0.11184 0.05921 0.02632 0.05921 0.00658 0.02632 0.05921 0.05921 0.03289 0.03289 0.13158 0.03289 0.01974 0.05263 0.03947 0.08553 0.05921 0.00000 0.01974 0.08553
A3PCX3                         0.04605 0.03289 0.08553 0.04605 0.00658 0.01316 0.07237 0.04605 0.02632 0.08553 0.13158 0.06579 0.01974 0.04605 0.03947 0.08553 0.06579 0.00000 0.02632 0.05921
Q5N092                         0.09868 0.05921 0.05263 0.03947 0.00658 0.05263 0.06579 0.05263 0.02632 0.04605 0.11184 0.02632 0.01974 0.06579 0.03947 0.07237 0.05263 0.00000 0.02632 0.08553
Q55235                         0.09868 0.05921 0.05263 0.03947 0.00658 0.05263 0.06579 0.05263 0.02632 0.04605 0.11184 0.02632 0.01974 0.06579 0.03947 0.07237 0.05263 0.00000 0.02632 0.08553
A2BR50                         0.04605 0.03289 0.09211 0.04605 0.00658 0.01316 0.07237 0.04605 0.02632 0.08553 0.13158 0.05921 0.01974 0.04605 0.04605 0.07895 0.06579 0.00000 0.02632 0.05921
B8HPS4                         0.08553 0.04605 0.03947 0.03289 0.01316 0.05263 0.05921 0.04605 0.03289 0.06579 0.10526 0.03947 0.01974 0.05263 0.03947 0.06579 0.06579 0.00000 0.03289 0.10526
Q31AW9                         0.04605 0.03289 0.08553 0.04605 0.00658 0.01316 0.07237 0.04605 0.02632 0.09211 0.13158 0.05921 0.01974 0.04605 0.03947 0.08553 0.06579 0.00000 0.03289 0.05263
Q46L10                         0.07895 0.05921 0.04605 0.05263 0.01974 0.02632 0.07895 0.05921 0.03947 0.06579 0.10526 0.05263 0.01974 0.06579 0.03289 0.06579 0.05921 0.00000 0.01974 0.05263
A2C247                         0.07895 0.06579 0.04605 0.05263 0.01974 0.02632 0.07895 0.05921 0.03289 0.06579 0.10526 0.05263 0.01974 0.06579 0.03289 0.06579 0.05921 0.00000 0.01974 0.05263
A2BWL2                         0.05921 0.03947 0.07895 0.03947 0.00658 0.02632 0.07895 0.04605 0.02632 0.07895 0.12500 0.05263 0.01974 0.05263 0.02632 0.09211 0.05921 0.00000 0.01974 0.07237
A5GL79                         0.09211 0.05921 0.01974 0.04605 0.00658 0.03289 0.07237 0.06579 0.03289 0.03289 0.13158 0.02632 0.01974 0.05263 0.03947 0.09211 0.05921 0.00000 0.01974 0.09868
A8G4U2                         0.04605 0.03947 0.09211 0.03947 0.00658 0.01974 0.07237 0.04605 0.02632 0.09211 0.12500 0.05263 0.01974 0.04605 0.03947 0.08553 0.06579 0.00000 0.02632 0.05921
A9BAE9                         0.08553 0.05263 0.03947 0.03289 0.01316 0.01974 0.09211 0.05921 0.02632 0.05263 0.11184 0.05921 0.01974 0.06579 0.03289 0.07237 0.06579 0.00000 0.01974 0.07895
A0YU81                         0.05921 0.03947 0.04605 0.03947 0.00658 0.03947 0.07895 0.03947 0.03947 0.07895 0.11842 0.05921 0.01974 0.05263 0.03289 0.07895 0.05921 0.00000 0.01974 0.09211
Q55435                         0.05921 0.03289 0.02632 0.05263 0.01316 0.05263 0.05921 0.05921 0.03289 0.07895 0.11842 0.05263 0.01316 0.05263 0.03947 0.07895 0.06579 0.00658 0.01974 0.08553
Q7V7L9                         0.09868 0.05263 0.03289 0.04605 0.02632 0.03947 0.05263 0.05921 0.05263 0.04605 0.11184 0.01974 0.02632 0.06579 0.03289 0.07237 0.05921 0.00000 0.01316 0.09211
Q2JJM6                         0.09211 0.05263 0.02632 0.04605 0.00000 0.03289 0.05263 0.04605 0.03289 0.05263 0.13816 0.05263 0.01316 0.04605 0.05921 0.08553 0.05263 0.00000 0.01316 0.10526
B5W5M5                         0.05921 0.04605 0.03289 0.05263 0.00000 0.03289 0.06579 0.04605 0.03947 0.08553 0.10526 0.03947 0.01974 0.05921 0.03289 0.09211 0.05921 0.00658 0.01974 0.10526
B7KEW8                         0.05263 0.04605 0.03947 0.04605 0.00658 0.03947 0.07237 0.05921 0.02632 0.07895 0.11842 0.05921 0.01316 0.05263 0.03289 0.07237 0.05921 0.00658 0.01974 0.09868
Q115H2                         0.06579 0.03289 0.04605 0.03947 0.01316 0.04605 0.06579 0.04605 0.03947 0.09868 0.10526 0.05263 0.01974 0.05263 0.02632 0.08553 0.05263 0.00000 0.01974 0.09211
C7QVS4                         0.05921 0.04605 0.02632 0.03289 0.01316 0.02632 0.09868 0.05921 0.03289 0.06579 0.11842 0.05263 0.01316 0.05263 0.02632 0.07237 0.07895 0.00000 0.01974 0.10526
B7JWQ3                         0.05921 0.04605 0.02632 0.03289 0.01316 0.02632 0.09868 0.05921 0.03289 0.06579 0.11842 0.05263 0.01316 0.05263 0.02632 0.07237 0.07895 0.00000 0.01974 0.10526
Q7NMB9                         0.10526 0.07895 0.02632 0.03947 0.00000 0.02632 0.08553 0.03947 0.03947 0.04605 0.13158 0.02632 0.01974 0.04605 0.03947 0.06579 0.06579 0.00000 0.01316 0.10526
Q2JRG2                         0.09211 0.05263 0.02632 0.04605 0.00000 0.03947 0.05263 0.04605 0.03289 0.05263 0.13816 0.04605 0.01316 0.05263 0.06579 0.07237 0.05263 0.00000 0.01316 0.10526
B1XNE8                         0.06579 0.05921 0.04605 0.05921 0.01316 0.02632 0.06579 0.05263 0.02632 0.06579 0.11184 0.04605 0.01316 0.05263 0.03947 0.07895 0.05921 0.00658 0.01974 0.09211
A3ISY6                         0.04605 0.04605 0.03947 0.04605 0.00658 0.04605 0.07895 0.05263 0.02632 0.07237 0.11184 0.05263 0.02632 0.04605 0.03947 0.06579 0.05921 0.00000 0.03289 0.10526
Q4C455                         0.04605 0.03289 0.02632 0.03947 0.00658 0.05263 0.07895 0.04605 0.02632 0.07895 0.11184 0.05921 0.01974 0.04605 0.03947 0.07895 0.07895 0.00000 0.03947 0.09211
B4B042                         0.05263 0.05263 0.04605 0.03947 0.01316 0.03289 0.07237 0.05921 0.02632 0.07237 0.10526 0.05263 0.01316 0.05263 0.03947 0.06579 0.07237 0.00658 0.01974 0.10526
B1WS35                         0.04605 0.04605 0.03289 0.04605 0.00658 0.03947 0.07237 0.05263 0.02632 0.06579 0.11184 0.07237 0.02632 0.04605 0.04605 0.05921 0.06579 0.00000 0.03289 0.10526
B0JPJ2                         0.04605 0.04605 0.03289 0.03289 0.01316 0.01974 0.08553 0.05263 0.03289 0.07237 0.11184 0.06579 0.01316 0.05263 0.03947 0.07895 0.06579 0.00658 0.02632 0.10526

Homogeneity statistic: X2 = 5.02361 G = 5.07131 

Average                        0.07551 0.05081 0.04099 0.04787 0.00840 0.03381 0.06802 0.04990 0.03381 0.06822 0.11559 0.04615 0.02348 0.05304 0.03877 0.07672 0.05678 0.00162 0.02237 0.08816

# constant sites:     25 (16.45%)
ln Lmax (unconstrained) = -745.424562

AA distances (raw proportions of different sites)

A8ETF3         
B9L9C2           0.4145
Q4HI62           0.4079  0.3553
A6Q9Z7           0.3882  0.3882  0.4342
A6Q373           0.4145  0.3553  0.3947  0.3816
A8FLI0           0.4211  0.4079  0.1316  0.4408  0.3882
A7H475           0.4211  0.4079  0.1316  0.4408  0.3882  0.0000
B9KG86           0.4145  0.4079  0.2697  0.4408  0.3750  0.2500  0.2500
D1B2I6           0.4211  0.3947  0.3816  0.4276  0.3487  0.4145  0.4145  0.4013
Q7M9X2           0.4408  0.4013  0.4276  0.3947  0.3750  0.4408  0.4408  0.4474  0.4145
Q30RH8           0.4276  0.4474  0.4276  0.4276  0.4276  0.4145  0.4145  0.4276  0.4145  0.4408
Q4HNQ4           0.4408  0.3816  0.1579  0.4605  0.4276  0.1579  0.1579  0.2829  0.3816  0.4737  0.4474
B7N1T5           0.5132  0.4934  0.5066  0.5132  0.5066  0.5197  0.5197  0.5132  0.5197  0.5132  0.4934  0.5197
P0A6I6           0.5197  0.5000  0.5132  0.5132  0.5066  0.5263  0.5263  0.5132  0.5197  0.5197  0.4934  0.5197  0.0066
B7LVJ5           0.5197  0.5000  0.5132  0.5132  0.5066  0.5263  0.5263  0.5132  0.5197  0.5197  0.4934  0.5197  0.0132  0.0066
Q3AJW3           0.5395  0.5526  0.5395  0.5658  0.5724  0.5592  0.5592  0.5526  0.5263  0.5395  0.5132  0.5526  0.5066  0.5132  0.5132
O26010           0.4868  0.4276  0.4079  0.4605  0.4211  0.4342  0.4342  0.4145  0.4276  0.3816  0.4276  0.4013  0.5197  0.5197  0.5197  0.5724
Q05SX7           0.5329  0.5263  0.5197  0.5263  0.5592  0.5329  0.5329  0.5526  0.5526  0.5395  0.5461  0.5197  0.4737  0.4803  0.4803  0.2303  0.5921
A3Z6S5           0.5329  0.5329  0.5329  0.5263  0.5658  0.5526  0.5526  0.5658  0.5461  0.5461  0.5329  0.5329  0.5000  0.4934  0.4934  0.2434  0.5987  0.1250
Q3AXV0           0.5592  0.5395  0.5263  0.5526  0.5461  0.5526  0.5526  0.5658  0.5263  0.5329  0.4868  0.5526  0.4737  0.4737  0.4737  0.1645  0.5526  0.2500  0.2434
Q067B1           0.5526  0.5526  0.5263  0.5395  0.5461  0.5461  0.5461  0.5526  0.5263  0.5461  0.4868  0.5526  0.5000  0.5000  0.5000  0.1382  0.5592  0.2566  0.2500  0.0789
Q8DJQ7           0.5066  0.5132  0.5132  0.5461  0.5263  0.5461  0.5461  0.5395  0.5066  0.5658  0.4671  0.5329  0.4671  0.4671  0.4671  0.4013  0.5395  0.3750  0.3487  0.4013  0.3816
A5GT90           0.5461  0.5000  0.5461  0.5592  0.5461  0.5592  0.5592  0.5724  0.5329  0.5395  0.5461  0.5658  0.4934  0.5000  0.5000  0.3487  0.5724  0.3158  0.3158  0.3289  0.3355  0.4013
Q7U6T8           0.5526  0.5395  0.5329  0.5329  0.5592  0.5461  0.5461  0.5592  0.5526  0.5592  0.5000  0.5592  0.5066  0.5066  0.5066  0.1513  0.5855  0.2500  0.2500  0.1908  0.1776  0.3816  0.3618
Q0IAF3           0.5329  0.5000  0.5329  0.5592  0.5592  0.5658  0.5658  0.5724  0.5658  0.5592  0.5329  0.5329  0.5066  0.5132  0.5197  0.2434  0.5789  0.1645  0.1711  0.2763  0.2697  0.3684  0.3289  0.2697
B2J6C6           0.5395  0.5197  0.5197  0.5461  0.5197  0.5592  0.5592  0.5789  0.4803  0.5000  0.5329  0.5461  0.5197  0.5263  0.5263  0.3553  0.5066  0.3487  0.3421  0.3487  0.3355  0.3224  0.3553  0.3816  0.3618
B9YP58           0.5329  0.5066  0.5263  0.5461  0.4934  0.5526  0.5526  0.5526  0.4803  0.5066  0.5197  0.5395  0.5000  0.5066  0.5066  0.3750  0.5197  0.3421  0.3618  0.3947  0.3816  0.3158  0.3618  0.3816  0.3684  0.1053
Q8YN70           0.5461  0.5263  0.5461  0.5526  0.5066  0.5724  0.5724  0.5658  0.5000  0.5197  0.5263  0.5592  0.4934  0.5000  0.5000  0.3618  0.5197  0.3618  0.3684  0.3618  0.3618  0.3158  0.3553  0.3947  0.3816  0.1053  0.0987
A0ZCW4           0.5461  0.5395  0.5526  0.5592  0.5197  0.5658  0.5658  0.5789  0.4934  0.5395  0.5197  0.5461  0.4934  0.4934  0.4934  0.3750  0.5329  0.3618  0.3618  0.3684  0.3684  0.3224  0.3684  0.3947  0.4013  0.1382  0.1447  0.0724
Q3MBP8           0.5592  0.5395  0.5526  0.5658  0.5197  0.5789  0.5789  0.5789  0.5132  0.5329  0.5329  0.5658  0.5132  0.5197  0.5197  0.3750  0.5329  0.3684  0.3750  0.3750  0.3750  0.3158  0.3553  0.3947  0.3882  0.1118  0.1053  0.0197  0.0855
B0CAI3           0.5526  0.5461  0.5395  0.5329  0.5263  0.5724  0.5724  0.5724  0.5197  0.5592  0.5132  0.5526  0.5000  0.5000  0.5000  0.4013  0.5724  0.3618  0.3618  0.4013  0.3947  0.2632  0.4079  0.3750  0.3947  0.2632  0.2434  0.2566  0.2632  0.2500
Q7VBZ0           0.5592  0.5592  0.5526  0.5921  0.5592  0.5724  0.5724  0.5789  0.6053  0.5987  0.5658  0.5987  0.6184  0.6250  0.6250  0.3224  0.6184  0.3684  0.3421  0.3355  0.3224  0.4474  0.4145  0.3421  0.3487  0.4211  0.4539  0.4408  0.4474  0.4474  0.4671
Q7V1I7           0.5592  0.4868  0.4803  0.5658  0.5526  0.5329  0.5329  0.5263  0.5592  0.5724  0.5197  0.5329  0.5526  0.5526  0.5526  0.3421  0.5789  0.3421  0.3421  0.3487  0.3487  0.4474  0.4145  0.3487  0.3224  0.4276  0.4211  0.4408  0.4408  0.4539  0.4605  0.3553
A3YZL5           0.5263  0.5132  0.5461  0.5855  0.5724  0.5789  0.5789  0.5724  0.5461  0.5592  0.5724  0.5526  0.5132  0.5132  0.5197  0.3092  0.5921  0.2500  0.2632  0.3355  0.3355  0.3750  0.3224  0.3289  0.2566  0.3947  0.3816  0.4013  0.4079  0.4079  0.4276  0.4013  0.3618
A2C9T2           0.5592  0.5724  0.5461  0.5592  0.5789  0.5526  0.5526  0.5592  0.5724  0.5658  0.5526  0.5658  0.5263  0.5263  0.5263  0.2368  0.6118  0.1711  0.1842  0.2895  0.2697  0.3947  0.3750  0.2500  0.2171  0.3882  0.3947  0.4145  0.4013  0.4211  0.3947  0.3487  0.3487  0.2961
A4CUH9           0.5461  0.5263  0.5395  0.5658  0.5724  0.5592  0.5592  0.5526  0.5789  0.5526  0.5329  0.5461  0.5329  0.5263  0.5263  0.2763  0.5789  0.2303  0.2039  0.3092  0.2961  0.3487  0.3553  0.2961  0.1711  0.3882  0.3816  0.3882  0.3882  0.3947  0.4145  0.3421  0.3355  0.2697  0.2368
A3PCX3           0.5592  0.4868  0.4803  0.5526  0.5592  0.5395  0.5395  0.5263  0.5789  0.5592  0.5461  0.5395  0.5592  0.5592  0.5592  0.3355  0.6053  0.3553  0.3553  0.3553  0.3487  0.4605  0.4408  0.3553  0.3553  0.4342  0.4408  0.4605  0.4803  0.4737  0.4539  0.3553  0.1513  0.3618  0.3618  0.3684
Q5N092           0.5461  0.5263  0.5921  0.5855  0.5395  0.5987  0.5987  0.5921  0.5526  0.5724  0.5592  0.5855  0.4803  0.4868  0.4868  0.3816  0.5724  0.3684  0.3750  0.3882  0.4013  0.3355  0.3750  0.3553  0.3553  0.3092  0.2895  0.2829  0.3092  0.2895  0.3421  0.4803  0.4276  0.4079  0.3816  0.3882  0.4408
Q55235           0.5461  0.5263  0.5921  0.5855  0.5395  0.5987  0.5987  0.5921  0.5526  0.5724  0.5592  0.5855  0.4803  0.4868  0.4868  0.3816  0.5724  0.3684  0.3750  0.3882  0.4013  0.3355  0.3750  0.3553  0.3553  0.3092  0.2895  0.2829  0.3092  0.2895  0.3421  0.4803  0.4276  0.4079  0.3816  0.3882  0.4408  0.0000
A2BR50           0.5592  0.4934  0.4868  0.5526  0.5658  0.5395  0.5395  0.5263  0.5855  0.5592  0.5461  0.5461  0.5592  0.5592  0.5592  0.3355  0.6118  0.3553  0.3553  0.3553  0.3487  0.4605  0.4408  0.3553  0.3553  0.4342  0.4408  0.4605  0.4803  0.4737  0.4539  0.3553  0.1513  0.3618  0.3618  0.3684  0.0132  0.4408  0.4408
B8HPS4           0.5395  0.5395  0.5263  0.5658  0.5526  0.5461  0.5461  0.5329  0.5197  0.5658  0.5263  0.5197  0.5066  0.5066  0.5066  0.3816  0.5526  0.3487  0.3553  0.3882  0.3882  0.2763  0.4013  0.3882  0.3553  0.2566  0.2303  0.2697  0.2697  0.2632  0.2039  0.4408  0.4342  0.3750  0.3750  0.3684  0.4276  0.3553  0.3553  0.4276
Q31AW9           0.5658  0.5000  0.4803  0.5592  0.5526  0.5329  0.5329  0.5197  0.5921  0.5658  0.5526  0.5395  0.5658  0.5658  0.5658  0.3421  0.6118  0.3618  0.3618  0.3618  0.3553  0.4671  0.4474  0.3618  0.3618  0.4408  0.4408  0.4605  0.4868  0.4737  0.4539  0.3487  0.1579  0.3684  0.3684  0.3750  0.0197  0.4474  0.4474  0.0197  0.4211
Q46L10           0.5658  0.5395  0.5526  0.5724  0.5724  0.5658  0.5658  0.5658  0.5855  0.5789  0.5724  0.5855  0.5724  0.5789  0.5789  0.3092  0.6053  0.2961  0.3026  0.3158  0.3092  0.4276  0.3618  0.3224  0.3224  0.4079  0.4079  0.4013  0.4342  0.4145  0.4539  0.3092  0.3224  0.3618  0.3092  0.3553  0.3289  0.4408  0.4408  0.3289  0.4342  0.3355
A2C247           0.5658  0.5461  0.5658  0.5789  0.5724  0.5724  0.5724  0.5789  0.5789  0.5789  0.5789  0.5921  0.5724  0.5789  0.5789  0.3092  0.6053  0.2961  0.3026  0.3224  0.3092  0.4211  0.3684  0.3224  0.3158  0.4079  0.4079  0.4013  0.4342  0.4145  0.4539  0.3158  0.3289  0.3618  0.3026  0.3487  0.3421  0.4342  0.4342  0.3421  0.4408  0.3487  0.0197
A2BWL2           0.5592  0.4934  0.5066  0.5461  0.5724  0.5592  0.5592  0.5526  0.5395  0.5658  0.5461  0.5526  0.5526  0.5526  0.5526  0.3487  0.5987  0.3421  0.3421  0.3684  0.3553  0.4605  0.4145  0.3553  0.3289  0.4474  0.4276  0.4605  0.4539  0.4737  0.4605  0.3553  0.0921  0.3618  0.3487  0.3487  0.1579  0.4276  0.4276  0.1513  0.4539  0.1645  0.3224  0.3224
A5GL79           0.5526  0.5461  0.5329  0.5461  0.5724  0.5526  0.5526  0.5724  0.5658  0.5526  0.5461  0.5197  0.5197  0.5197  0.5197  0.2829  0.5921  0.1974  0.1776  0.2763  0.2829  0.3487  0.3553  0.2961  0.1908  0.3684  0.3816  0.3816  0.3882  0.3882  0.4013  0.3553  0.3355  0.2697  0.2434  0.0921  0.3553  0.3816  0.3816  0.3553  0.3618  0.3618  0.3553  0.3618  0.3684
A8G4U2           0.5724  0.5066  0.4934  0.5658  0.5658  0.5461  0.5461  0.5395  0.5789  0.5526  0.5526  0.5526  0.5592  0.5592  0.5592  0.3421  0.5987  0.3618  0.3618  0.3553  0.3553  0.4737  0.4474  0.3618  0.3553  0.4342  0.4408  0.4605  0.4803  0.4737  0.4539  0.3684  0.1382  0.3750  0.3618  0.3750  0.0329  0.4408  0.4408  0.0329  0.4408  0.0395  0.3421  0.3487  0.1579  0.3618
A9BAE9           0.5526  0.5526  0.5526  0.5855  0.5789  0.5789  0.5789  0.5658  0.5526  0.5724  0.5526  0.5461  0.5461  0.5395  0.5395  0.2961  0.5987  0.2632  0.2632  0.3224  0.3224  0.4408  0.3947  0.3355  0.2829  0.4079  0.4013  0.4211  0.4276  0.4276  0.4145  0.2961  0.3487  0.3355  0.2895  0.3026  0.3553  0.4276  0.4276  0.3553  0.4079  0.3618  0.2434  0.2566  0.3421  0.3026  0.3684
A0YU81           0.5658  0.5329  0.5658  0.5724  0.5592  0.5921  0.5921  0.6053  0.5197  0.5592  0.5000  0.5789  0.5197  0.5263  0.5263  0.3816  0.5461  0.3684  0.3750  0.3618  0.3750  0.3289  0.4013  0.4013  0.4079  0.2039  0.2303  0.2237  0.2303  0.2303  0.2566  0.4211  0.4211  0.4408  0.4079  0.4276  0.4211  0.3092  0.3092  0.4211  0.2632  0.4276  0.4474  0.4539  0.4474  0.4013  0.4342  0.3882
Q55435           0.5592  0.5132  0.5461  0.5658  0.5461  0.5526  0.5526  0.5592  0.5329  0.5592  0.5263  0.5329  0.5263  0.5329  0.5263  0.3947  0.5263  0.3947  0.4013  0.3947  0.3947  0.3421  0.3882  0.4145  0.3882  0.2500  0.2566  0.2368  0.2566  0.2566  0.3158  0.4605  0.4342  0.3947  0.4276  0.4079  0.4474  0.3224  0.3224  0.4539  0.3026  0.4539  0.4474  0.4539  0.4737  0.3947  0.4605  0.4276  0.2500
Q7V7L9           0.5724  0.5789  0.5592  0.5724  0.5921  0.5658  0.5658  0.5724  0.5855  0.5855  0.5658  0.5724  0.5329  0.5329  0.5329  0.2632  0.6118  0.1974  0.2171  0.3158  0.2961  0.4013  0.3816  0.2763  0.2368  0.4079  0.4145  0.4276  0.4145  0.4342  0.4079  0.3553  0.3487  0.3092  0.0329  0.2632  0.3684  0.3882  0.3882  0.3684  0.3750  0.3750  0.3026  0.2961  0.3487  0.2697  0.3684  0.2961  0.4211  0.4408
Q2JJM6           0.5461  0.5329  0.5132  0.5658  0.5658  0.5658  0.5658  0.5526  0.5461  0.5658  0.5461  0.5329  0.5066  0.5000  0.5000  0.4013  0.5329  0.3816  0.3553  0.3816  0.3750  0.3355  0.3816  0.3947  0.4013  0.3158  0.3553  0.3487  0.3553  0.3487  0.3553  0.4474  0.4342  0.3750  0.3750  0.3816  0.4211  0.3553  0.3553  0.4211  0.3355  0.4342  0.4605  0.4605  0.4474  0.3882  0.4342  0.4342  0.3289  0.3421  0.3816
B5W5M5           0.5724  0.5263  0.5658  0.5789  0.5526  0.5987  0.5987  0.5921  0.5197  0.5526  0.5329  0.5855  0.5132  0.5132  0.5197  0.3882  0.5197  0.3684  0.3684  0.3553  0.3487  0.3289  0.3618  0.4013  0.3882  0.2105  0.2105  0.2237  0.2368  0.2434  0.2895  0.4539  0.4145  0.3882  0.4211  0.4145  0.4079  0.3158  0.3158  0.4079  0.2763  0.4145  0.4539  0.4605  0.4276  0.3816  0.4079  0.4276  0.1645  0.2368  0.4276  0.3421
B7KEW8           0.5395  0.5197  0.5263  0.5987  0.5526  0.5592  0.5592  0.5921  0.5132  0.5526  0.5000  0.5197  0.5000  0.5066  0.5066  0.3816  0.5329  0.3750  0.3750  0.3750  0.3816  0.3158  0.3750  0.4145  0.4013  0.2434  0.2500  0.2500  0.2500  0.2566  0.2763  0.4342  0.4342  0.4145  0.4145  0.4079  0.4539  0.3224  0.3224  0.4539  0.2763  0.4605  0.4539  0.4605  0.4605  0.4013  0.4671  0.3947  0.1842  0.1776  0.4276  0.3224  0.2368
Q115H2           0.5658  0.5132  0.5526  0.5526  0.5197  0.5855  0.5855  0.5592  0.4868  0.5724  0.5263  0.5526  0.4934  0.4934  0.4868  0.4211  0.5000  0.3618  0.3618  0.3947  0.3947  0.3224  0.4145  0.4211  0.4079  0.2237  0.2171  0.2303  0.2434  0.2500  0.2961  0.4737  0.4605  0.4145  0.4079  0.4013  0.4605  0.3553  0.3553  0.4671  0.2895  0.4737  0.4737  0.4803  0.4868  0.3750  0.4671  0.4342  0.2171  0.2566  0.4145  0.3421  0.1842  0.2763
C7QVS4           0.5461  0.5197  0.5263  0.5921  0.5592  0.5592  0.5592  0.5855  0.5395  0.5592  0.5263  0.5461  0.5066  0.5132  0.5132  0.3816  0.5395  0.3750  0.3816  0.3618  0.3684  0.3158  0.4013  0.4013  0.4013  0.2632  0.2895  0.2829  0.2895  0.2895  0.3026  0.4276  0.4013  0.4211  0.4211  0.4276  0.4145  0.3355  0.3355  0.4145  0.2961  0.4211  0.4276  0.4342  0.4211  0.4079  0.4211  0.3882  0.2500  0.2368  0.4342  0.3487  0.2566  0.1711  0.2763
B7JWQ3           0.5461  0.5197  0.5263  0.5921  0.5592  0.5592  0.5592  0.5855  0.5395  0.5592  0.5263  0.5461  0.5066  0.5132  0.5132  0.3816  0.5395  0.3750  0.3816  0.3618  0.3684  0.3158  0.4013  0.4013  0.4013  0.2632  0.2895  0.2829  0.2895  0.2895  0.3026  0.4276  0.4013  0.4211  0.4211  0.4276  0.4145  0.3355  0.3355  0.4145  0.2961  0.4211  0.4276  0.4342  0.4211  0.4079  0.4211  0.3882  0.2500  0.2368  0.4342  0.3487  0.2566  0.1711  0.2763  0.0000
Q7NMB9           0.5658  0.5132  0.5329  0.5395  0.5263  0.5395  0.5395  0.5526  0.5000  0.5592  0.5132  0.5197  0.4868  0.4868  0.4868  0.4013  0.5263  0.3684  0.3750  0.4013  0.4211  0.3750  0.4079  0.3816  0.4013  0.3553  0.3224  0.3355  0.3355  0.3421  0.3750  0.4737  0.4079  0.3684  0.4079  0.4013  0.4211  0.3553  0.3553  0.4211  0.3684  0.4276  0.4408  0.4408  0.4211  0.3947  0.4408  0.4145  0.3684  0.3947  0.4145  0.3816  0.3553  0.3816  0.3816  0.3816  0.3816
Q2JRG2           0.5526  0.5526  0.5329  0.5789  0.5724  0.5724  0.5724  0.5724  0.5461  0.5592  0.5395  0.5526  0.4934  0.4868  0.4868  0.4013  0.5461  0.3816  0.3618  0.3882  0.3816  0.3421  0.3816  0.4013  0.4211  0.3224  0.3421  0.3487  0.3487  0.3487  0.3618  0.4671  0.4342  0.3882  0.3684  0.3882  0.4145  0.3421  0.3421  0.4145  0.3487  0.4276  0.4605  0.4605  0.4539  0.3947  0.4342  0.4474  0.3026  0.3487  0.3750  0.0592  0.3158  0.3289  0.3421  0.3618  0.3618  0.3553
B1XNE8           0.5592  0.4868  0.5461  0.5658  0.5395  0.5658  0.5658  0.5724  0.5263  0.5395  0.5329  0.5263  0.4868  0.4803  0.4803  0.3816  0.5395  0.3618  0.3487  0.3684  0.3750  0.2961  0.3882  0.4013  0.3684  0.2434  0.2566  0.2303  0.2434  0.2500  0.2829  0.4474  0.4079  0.3750  0.4079  0.3684  0.4145  0.3092  0.3092  0.4211  0.2829  0.4276  0.4342  0.4342  0.4408  0.3618  0.4342  0.3750  0.2105  0.2039  0.4211  0.3092  0.2105  0.1908  0.2434  0.1974  0.1974  0.3816  0.3158
A3ISY6           0.5592  0.5329  0.5592  0.6184  0.5987  0.5855  0.5855  0.5921  0.5395  0.5789  0.5724  0.5789  0.5263  0.5329  0.5329  0.3947  0.5789  0.3882  0.4013  0.4145  0.4145  0.3684  0.4145  0.4211  0.4079  0.2961  0.3158  0.3224  0.3158  0.3289  0.3092  0.4408  0.4211  0.4276  0.4079  0.4408  0.4276  0.3684  0.3684  0.4342  0.3026  0.4408  0.4474  0.4539  0.4342  0.4408  0.4474  0.4145  0.2566  0.2632  0.4211  0.3618  0.2895  0.1908  0.3224  0.2105  0.2105  0.4145  0.3618  0.2500
Q4C455           0.5658  0.5197  0.5395  0.5789  0.5855  0.5724  0.5724  0.5987  0.5461  0.5724  0.5526  0.5395  0.4934  0.5000  0.5000  0.4013  0.5526  0.3947  0.3947  0.3947  0.4013  0.3158  0.4145  0.4211  0.4145  0.2829  0.3026  0.2961  0.3158  0.3158  0.3026  0.4539  0.4342  0.4276  0.4342  0.4539  0.4408  0.3553  0.3553  0.4474  0.3026  0.4539  0.4408  0.4474  0.4474  0.4145  0.4605  0.4079  0.2500  0.2434  0.4474  0.3487  0.2763  0.1842  0.3026  0.1908  0.1908  0.4013  0.3553  0.2171  0.1184
B4B042           0.5526  0.5329  0.5395  0.5855  0.5592  0.5526  0.5526  0.5789  0.5197  0.5592  0.5263  0.5329  0.4868  0.4934  0.5000  0.4145  0.5395  0.3684  0.3947  0.4079  0.4145  0.3224  0.3947  0.4342  0.4079  0.2566  0.2632  0.2763  0.2697  0.2829  0.2829  0.4605  0.4474  0.4145  0.4342  0.4342  0.4605  0.3553  0.3553  0.4605  0.2632  0.4671  0.4737  0.4803  0.4671  0.4211  0.4671  0.4145  0.2303  0.1776  0.4474  0.3487  0.2303  0.0921  0.2895  0.1645  0.1645  0.3882  0.3553  0.1974  0.2105  0.2105
B1WS35           0.5789  0.5132  0.5461  0.5921  0.5855  0.5592  0.5592  0.5789  0.5592  0.5724  0.5724  0.5592  0.5329  0.5395  0.5395  0.3947  0.5724  0.3882  0.4013  0.4079  0.4211  0.3553  0.4079  0.4013  0.3947  0.3026  0.3092  0.3158  0.3224  0.3224  0.3092  0.4408  0.4342  0.4145  0.4145  0.4408  0.4145  0.3421  0.3421  0.4211  0.2961  0.4276  0.4408  0.4474  0.4474  0.4211  0.4276  0.4145  0.2697  0.2500  0.4276  0.3553  0.2829  0.2237  0.3224  0.2171  0.2171  0.3882  0.3684  0.2500  0.0789  0.1118  0.1908
B0JPJ2           0.5724  0.5132  0.5526  0.5855  0.5724  0.5658  0.5658  0.5789  0.5329  0.5724  0.5263  0.5395  0.4934  0.5000  0.5000  0.3947  0.5066  0.3882  0.3882  0.4079  0.4079  0.3092  0.3947  0.4079  0.4079  0.2829  0.2697  0.2763  0.2763  0.2895  0.3092  0.4342  0.4539  0.4145  0.4211  0.4145  0.4474  0.3618  0.3618  0.4474  0.2829  0.4342  0.4539  0.4539  0.4671  0.4145  0.4539  0.4013  0.2500  0.2237  0.4342  0.3224  0.2500  0.2039  0.2697  0.1974  0.1974  0.3684  0.3421  0.2303  0.2434  0.2368  0.1776  0.2237


TREE #  1:  (6, 7, (12, (3, (8, (9, ((17, 10), (5, ((11, (4, 1)), (2, ((13, (14, 15)), ((23, (34, ((((47, (40, (37, 42))), (45, 33)), (32, (48, (43, 44)))), (((20, 21), (16, 24)), ((25, (36, 46)), ((35, 51), (18, 19))))))), ((58, (52, 59)), ((38, 39), ((31, (22, 41)), (((29, (28, 30)), (27, 26)), (55, (53, (49, (60, (50, ((54, 63), (65, ((56, 57), (62, (61, 64)))))))))))))))))))))))));   MP score: 1422
lnL(ntime:127  np:128):  -7190.357283      +0.000000
  66..6    66..7    66..67   67..12   67..68   68..3    68..69   69..8    69..70   70..9    70..71   71..72   72..17   72..10   71..73   73..5    73..74   74..75   75..11   75..76   76..4    76..1    74..77   77..2    77..78   78..79   79..13   79..80   80..14   80..15   78..81   81..82   82..23   82..83   83..34   83..84   84..85   85..86   86..87   87..47   87..88   88..40   88..89   89..37   89..42   86..90   90..45   90..33   85..91   91..32   91..92   92..48   92..93   93..43   93..44   84..94   94..95   95..96   96..20   96..21   95..97   97..16   97..24   94..98   98..99   99..25   99..100 100..36  100..46   98..101 101..102 102..35  102..51  101..103 103..18  103..19   81..104 104..105 105..58  105..106 106..52  106..59  104..107 107..108 108..38  108..39  107..109 109..110 110..31  110..111 111..22  111..41  109..112 112..113 113..114 114..29  114..115 115..28  115..30  113..116 116..27  116..26  112..117 117..55  117..118 118..53  118..119 119..49  119..120 120..60  120..121 121..50  121..122 122..123 123..54  123..63  122..124 124..65  124..125 125..126 126..56  126..57  125..127 127..62  127..128 128..61  128..64 
 0.000004 0.000004 0.080686 0.133520 0.028765 0.062353 0.146915 0.235296 0.250618 0.437826 0.086608 0.187277 0.531969 0.421589 0.030667 0.364577 0.025857 0.165432 0.568918 0.036678 0.350945 0.481854 0.085123 0.206850 0.288345 0.613237 0.000004 0.007027 0.000004 0.006993 0.302378 0.072886 0.333991 0.132021 0.339477 0.086861 0.133911 0.353437 0.126351 0.012277 0.016720 0.007290 0.000004 0.007224 0.014650 0.027848 0.076004 0.030324 0.081957 0.398056 0.043913 0.214499 0.196937 0.005933 0.017070 0.046816 0.186316 0.119337 0.062285 0.039724 0.042034 0.054709 0.147092 0.062678 0.124310 0.051683 0.183059 0.048361 0.075046 0.010132 0.206769 0.000004 0.037102 0.022897 0.061310 0.140004 0.132799 0.046792 0.445562 0.308223 0.051118 0.027623 0.056829 0.274472 0.000004 0.000004 0.096741 0.139176 0.133954 0.024211 0.354401 0.145709 0.023172 0.075030 0.052333 0.069240 0.016429 0.007160 0.014941 0.014227 0.080797 0.041035 0.057535 0.184930 0.031587 0.136869 0.032364 0.116795 0.108787 0.114455 0.059567 0.186169 0.042405 0.032990 0.065735 0.048066 0.025166 0.185940 0.066585 0.103685 0.000004 0.000004 0.152144 0.039491 0.073476 0.054092 0.045860 0.618546

tree length =  15.18631

(6: 0.000004, 7: 0.000004, (12: 0.133520, (3: 0.062353, (8: 0.235296, (9: 0.437826, ((17: 0.531969, 10: 0.421589): 0.187277, (5: 0.364577, ((11: 0.568918, (4: 0.350945, 1: 0.481854): 0.036678): 0.165432, (2: 0.206850, ((13: 0.000004, (14: 0.000004, 15: 0.006993): 0.007027): 0.613237, ((23: 0.333991, (34: 0.339477, ((((47: 0.012277, (40: 0.007290, (37: 0.007224, 42: 0.014650): 0.000004): 0.016720): 0.126351, (45: 0.076004, 33: 0.030324): 0.027848): 0.353437, (32: 0.398056, (48: 0.214499, (43: 0.005933, 44: 0.017070): 0.196937): 0.043913): 0.081957): 0.133911, (((20: 0.062285, 21: 0.039724): 0.119337, (16: 0.054709, 24: 0.147092): 0.042034): 0.186316, ((25: 0.051683, (36: 0.048361, 46: 0.075046): 0.183059): 0.124310, ((35: 0.000004, 51: 0.037102): 0.206769, (18: 0.061310, 19: 0.140004): 0.022897): 0.010132): 0.062678): 0.046816): 0.086861): 0.132021): 0.072886, ((58: 0.445562, (52: 0.051118, 59: 0.027623): 0.308223): 0.046792, ((38: 0.000004, 39: 0.000004): 0.274472, ((31: 0.133954, (22: 0.354401, 41: 0.145709): 0.024211): 0.139176, (((29: 0.069240, (28: 0.007160, 30: 0.014941): 0.016429): 0.052333, (27: 0.080797, 26: 0.041035): 0.014227): 0.075030, (55: 0.184930, (53: 0.136869, (49: 0.116795, (60: 0.114455, (50: 0.186169, ((54: 0.065735, 63: 0.048066): 0.032990, (65: 0.185940, ((56: 0.000004, 57: 0.000004): 0.103685, (62: 0.039491, (61: 0.054092, 64: 0.045860): 0.073476): 0.152144): 0.066585): 0.025166): 0.042405): 0.059567): 0.108787): 0.032364): 0.031587): 0.057535): 0.023172): 0.096741): 0.056829): 0.132799): 0.302378): 0.288345): 0.085123): 0.025857): 0.030667): 0.086608): 0.250618): 0.146915): 0.028765): 0.080686);

(A8FLI0: 0.000004, A7H475: 0.000004, (Q4HNQ4: 0.133520, (Q4HI62: 0.062353, (B9KG86: 0.235296, (D1B2I6: 0.437826, ((O26010: 0.531969, Q7M9X2: 0.421589): 0.187277, (A6Q373: 0.364577, ((Q30RH8: 0.568918, (A6Q9Z7: 0.350945, A8ETF3: 0.481854): 0.036678): 0.165432, (B9L9C2: 0.206850, ((B7N1T5: 0.000004, (P0A6I6: 0.000004, B7LVJ5: 0.006993): 0.007027): 0.613237, ((A5GT90: 0.333991, (A3YZL5: 0.339477, ((((A8G4U2: 0.012277, (A2BR50: 0.007290, (A3PCX3: 0.007224, Q31AW9: 0.014650): 0.000004): 0.016720): 0.126351, (A2BWL2: 0.076004, Q7V1I7: 0.030324): 0.027848): 0.353437, (Q7VBZ0: 0.398056, (A9BAE9: 0.214499, (Q46L10: 0.005933, A2C247: 0.017070): 0.196937): 0.043913): 0.081957): 0.133911, (((Q3AXV0: 0.062285, Q067B1: 0.039724): 0.119337, (Q3AJW3: 0.054709, Q7U6T8: 0.147092): 0.042034): 0.186316, ((Q0IAF3: 0.051683, (A4CUH9: 0.048361, A5GL79: 0.075046): 0.183059): 0.124310, ((A2C9T2: 0.000004, Q7V7L9: 0.037102): 0.206769, (Q05SX7: 0.061310, A3Z6S5: 0.140004): 0.022897): 0.010132): 0.062678): 0.046816): 0.086861): 0.132021): 0.072886, ((Q7NMB9: 0.445562, (Q2JJM6: 0.051118, Q2JRG2: 0.027623): 0.308223): 0.046792, ((Q5N092: 0.000004, Q55235: 0.000004): 0.274472, ((B0CAI3: 0.133954, (Q8DJQ7: 0.354401, B8HPS4: 0.145709): 0.024211): 0.139176, (((A0ZCW4: 0.069240, (Q8YN70: 0.007160, Q3MBP8: 0.014941): 0.016429): 0.052333, (B9YP58: 0.080797, B2J6C6: 0.041035): 0.014227): 0.075030, (Q115H2: 0.184930, (B5W5M5: 0.136869, (A0YU81: 0.116795, (B1XNE8: 0.114455, (Q55435: 0.186169, ((B7KEW8: 0.065735, B4B042: 0.048066): 0.032990, (B0JPJ2: 0.185940, ((C7QVS4: 0.000004, B7JWQ3: 0.000004): 0.103685, (Q4C455: 0.039491, (A3ISY6: 0.054092, B1WS35: 0.045860): 0.073476): 0.152144): 0.066585): 0.025166): 0.042405): 0.059567): 0.108787): 0.032364): 0.031587): 0.057535): 0.023172): 0.096741): 0.056829): 0.132799): 0.302378): 0.288345): 0.085123): 0.025857): 0.030667): 0.086608): 0.250618): 0.146915): 0.028765): 0.080686);

Detailed output identifying parameters

alpha (gamma, K = 4) =  0.61855
rate:   0.05695  0.32242  0.89049  2.73013
freq:   0.25000  0.25000  0.25000  0.25000

Time used: 12:51
