AAML (in paml version 4.6, August 2012)  221.aa
Model: Empirical for branches,  (../../../bin/LG.dat) dGamma (ncatG=4) ns =  65  ls = 191


Frequencies..
                                    A      R      N      D      C      Q      E      G      H      I      L      K      M      F      P      S      T      W      Y      V
A8EQW4                         0.05236 0.01571 0.05759 0.06806 0.01047 0.01571 0.05236 0.03141 0.01571 0.10471 0.11518 0.12565 0.01571 0.04188 0.04188 0.06283 0.06283 0.00524 0.04188 0.06283
Q30NR7                         0.06806 0.03141 0.04712 0.07330 0.02094 0.05236 0.04712 0.03665 0.02094 0.06806 0.11518 0.08377 0.01571 0.04188 0.04188 0.06283 0.04712 0.00524 0.02618 0.09424
A6Q119                         0.07853 0.04188 0.04712 0.06283 0.02094 0.04188 0.05236 0.04188 0.01571 0.06283 0.13613 0.09424 0.01047 0.03665 0.05236 0.04712 0.04188 0.00524 0.02618 0.08377
A6QCU3                         0.10471 0.04712 0.03665 0.02618 0.02094 0.01047 0.10995 0.03141 0.03141 0.03665 0.12565 0.07330 0.01571 0.05236 0.04712 0.06283 0.04712 0.00524 0.02618 0.08901
A8FP25                         0.05759 0.02094 0.05236 0.05759 0.02618 0.03141 0.06283 0.04188 0.01571 0.08377 0.13089 0.12042 0.03141 0.05759 0.05236 0.05236 0.02094 0.00000 0.03665 0.04712
A7H660                         0.05759 0.01571 0.05759 0.05236 0.02618 0.03141 0.06283 0.04188 0.01571 0.09948 0.13089 0.12565 0.02094 0.05759 0.05236 0.05236 0.01571 0.00000 0.03665 0.04712
D1B0V6                         0.05759 0.03665 0.02094 0.04188 0.01571 0.05759 0.07330 0.02094 0.02094 0.07853 0.13613 0.08377 0.01047 0.04188 0.05759 0.06283 0.06806 0.00524 0.03665 0.07330
Q4HQU0                         0.05236 0.03141 0.03141 0.04712 0.02618 0.04188 0.06806 0.04712 0.01047 0.07330 0.16230 0.10995 0.02094 0.05759 0.04712 0.07330 0.01047 0.00000 0.03141 0.05759
Q4HEA9                         0.07853 0.02618 0.03665 0.04712 0.02618 0.03665 0.06283 0.03665 0.03665 0.06283 0.15707 0.11518 0.02618 0.04712 0.04712 0.04712 0.00524 0.00000 0.03665 0.06806
B9KEA2                         0.08377 0.02618 0.05759 0.04188 0.02618 0.06283 0.06283 0.02618 0.02094 0.08901 0.13089 0.09424 0.01571 0.05759 0.04188 0.04712 0.03141 0.00000 0.04188 0.04188
B9L717                         0.09424 0.02618 0.05759 0.05236 0.01047 0.02094 0.06806 0.03665 0.00524 0.07853 0.12565 0.13089 0.00000 0.07853 0.04188 0.05236 0.03141 0.00524 0.02094 0.06283
Q7MAS0                         0.08901 0.05759 0.02618 0.02618 0.01047 0.01047 0.10995 0.05759 0.03665 0.02618 0.14136 0.06283 0.01571 0.05236 0.04712 0.05759 0.02618 0.01047 0.02618 0.10995
O25972                         0.06806 0.03141 0.03665 0.04712 0.02094 0.01047 0.06806 0.02618 0.01047 0.03665 0.18848 0.10471 0.01571 0.05759 0.05759 0.07853 0.04188 0.00000 0.03665 0.06283
Q3AXF3                         0.10995 0.10471 0.02618 0.03141 0.02094 0.05236 0.06283 0.05236 0.01047 0.04188 0.15183 0.03665 0.01047 0.03141 0.07853 0.04712 0.02094 0.00524 0.01047 0.09424
Q8YS62                         0.07853 0.06283 0.05236 0.04712 0.01571 0.05759 0.05759 0.05236 0.00524 0.08377 0.15707 0.06283 0.00524 0.03141 0.06806 0.04188 0.02094 0.00524 0.01571 0.07853
Q3M3F3                         0.07853 0.06283 0.05236 0.04712 0.01571 0.05759 0.05759 0.05759 0.00524 0.07853 0.17277 0.06283 0.00524 0.03141 0.06806 0.02618 0.02094 0.00524 0.01571 0.07853
Q066I5                         0.10995 0.09948 0.02618 0.03665 0.02094 0.06283 0.05759 0.05236 0.01047 0.04188 0.15183 0.03141 0.01047 0.03141 0.07853 0.04712 0.02094 0.00524 0.01047 0.09424
B7KA67                         0.05759 0.05759 0.05759 0.03665 0.02094 0.05236 0.06806 0.04712 0.01571 0.07853 0.16230 0.05236 0.00524 0.02618 0.06283 0.04188 0.03665 0.01047 0.03141 0.07853
B8HQY8                         0.06806 0.07330 0.05759 0.04188 0.01047 0.05236 0.05759 0.04712 0.01047 0.05236 0.17277 0.03665 0.01047 0.04188 0.08377 0.05236 0.02094 0.00524 0.02618 0.07853
A5GTK9                         0.13089 0.09424 0.01571 0.03141 0.01571 0.10995 0.03665 0.04188 0.01047 0.02618 0.14660 0.02094 0.01047 0.02094 0.08377 0.05759 0.02618 0.00524 0.01047 0.10471
Q3AKE0                         0.12042 0.09948 0.02094 0.02618 0.02094 0.05759 0.06283 0.05759 0.02094 0.03141 0.15183 0.03141 0.01047 0.02618 0.07853 0.04712 0.02094 0.00524 0.01047 0.09948
A9B9Y0                         0.05759 0.08901 0.03141 0.03141 0.01571 0.03141 0.06283 0.04712 0.02094 0.06283 0.14660 0.07330 0.02094 0.03141 0.04712 0.08901 0.02618 0.00524 0.01047 0.09948
A3Z7B6                         0.12042 0.11518 0.02094 0.03665 0.01571 0.06283 0.05236 0.05236 0.00524 0.02618 0.15183 0.02094 0.01571 0.02094 0.07853 0.04712 0.02094 0.00524 0.01571 0.11518
Q05TI4                         0.10995 0.12042 0.02094 0.03665 0.01571 0.06283 0.05759 0.05236 0.01047 0.03141 0.15183 0.02618 0.02094 0.02094 0.07853 0.03665 0.02618 0.00524 0.01047 0.10471
B0JNB1                         0.07330 0.06283 0.05759 0.04712 0.01571 0.04188 0.04188 0.04188 0.00524 0.07853 0.15707 0.04712 0.00524 0.03141 0.07330 0.05236 0.04188 0.02618 0.01571 0.08377
Q46L58                         0.07853 0.06806 0.03141 0.04188 0.02094 0.04188 0.04712 0.06283 0.00524 0.07330 0.14136 0.09948 0.01047 0.04188 0.05236 0.05759 0.03141 0.00524 0.01047 0.07853
B7JWJ7                         0.05759 0.05759 0.04188 0.04712 0.01571 0.06283 0.06283 0.03141 0.01047 0.07853 0.16754 0.05236 0.01571 0.02618 0.06806 0.06806 0.03141 0.00524 0.02618 0.07330
C7QWG6                         0.05759 0.05759 0.04188 0.04712 0.01571 0.06283 0.06283 0.03141 0.01047 0.07853 0.16754 0.05236 0.01571 0.02618 0.06806 0.06806 0.03141 0.00524 0.02618 0.07330
Q7U7D3                         0.10995 0.12042 0.02094 0.03665 0.01571 0.07330 0.04712 0.04712 0.01047 0.02618 0.15707 0.02618 0.01047 0.02618 0.07853 0.04712 0.02618 0.00524 0.01047 0.10471
Q118D2                         0.06806 0.04188 0.04712 0.05236 0.02094 0.04188 0.05759 0.03141 0.01047 0.06806 0.16754 0.08901 0.01571 0.02618 0.06806 0.05236 0.02618 0.00524 0.02094 0.08901
B9YR34                         0.05236 0.04712 0.05236 0.03665 0.01571 0.05236 0.05759 0.05759 0.00524 0.06283 0.18848 0.06806 0.00524 0.02094 0.07330 0.04712 0.03141 0.00524 0.02618 0.09424
A2C1Z5                         0.07853 0.06283 0.03665 0.04188 0.01571 0.04188 0.04712 0.06283 0.00524 0.07330 0.14136 0.10471 0.01047 0.04188 0.05236 0.06283 0.02618 0.00524 0.01047 0.07853
Q2JMR8                         0.08377 0.10471 0.02618 0.03141 0.02094 0.05236 0.05759 0.05236 0.01571 0.03665 0.19372 0.03665 0.00000 0.03665 0.07853 0.03665 0.04188 0.01047 0.01047 0.07330
A4CU84                         0.09424 0.11518 0.02618 0.03141 0.02618 0.06283 0.05759 0.04712 0.01571 0.03141 0.15183 0.03665 0.01047 0.02094 0.07330 0.05236 0.02094 0.00524 0.01047 0.10995
A0YKB5                         0.06283 0.06283 0.04712 0.03665 0.02618 0.04712 0.06283 0.04712 0.00524 0.04188 0.16754 0.06806 0.01571 0.02618 0.07330 0.04188 0.03141 0.00524 0.02618 0.10471
A5GLH7                         0.09948 0.12565 0.02094 0.03141 0.02094 0.05759 0.06283 0.04712 0.01571 0.03141 0.15183 0.03141 0.01047 0.02094 0.07853 0.04188 0.02618 0.00524 0.01047 0.10995
A3YZU7                         0.08377 0.12565 0.02094 0.02618 0.02618 0.05236 0.07330 0.06806 0.01571 0.03141 0.17277 0.02094 0.01047 0.02094 0.06806 0.04712 0.02094 0.00524 0.01047 0.09948
Q7V7W0                         0.09424 0.09948 0.02094 0.02618 0.01047 0.06283 0.06283 0.04712 0.01047 0.03141 0.18325 0.04188 0.00524 0.02094 0.07853 0.05759 0.03665 0.00524 0.01047 0.09424
Q0I9S3                         0.08901 0.09424 0.02618 0.03141 0.02094 0.06283 0.05759 0.05759 0.02094 0.04188 0.13613 0.03141 0.01571 0.02618 0.08901 0.05759 0.02094 0.00524 0.01047 0.10471
A2CA51                         0.09424 0.09948 0.02618 0.02618 0.01047 0.06283 0.06283 0.04712 0.01571 0.03141 0.18325 0.03665 0.00524 0.02094 0.07853 0.05759 0.03141 0.00524 0.01047 0.09424
Q4C0G4                         0.05759 0.06283 0.07330 0.05236 0.01571 0.03141 0.04188 0.03665 0.00524 0.07853 0.17277 0.07330 0.01047 0.03665 0.06283 0.05236 0.02618 0.01047 0.02618 0.07330
Q7NJ41                         0.11518 0.09948 0.02618 0.03665 0.01571 0.04188 0.05236 0.04712 0.01047 0.05236 0.14660 0.03141 0.00524 0.04188 0.07853 0.04712 0.03665 0.00524 0.01047 0.09948
A0ZGS9                         0.06806 0.06806 0.04712 0.04712 0.01571 0.06283 0.05236 0.04712 0.00524 0.05759 0.15707 0.05236 0.00524 0.04188 0.07330 0.03665 0.04188 0.00524 0.02094 0.09424
Q2JVW2                         0.08377 0.10471 0.01571 0.02618 0.02094 0.06806 0.06283 0.05759 0.01047 0.03141 0.17801 0.02094 0.00524 0.03665 0.08901 0.04188 0.03141 0.01047 0.01047 0.09424
A3INV7                         0.04712 0.04712 0.06806 0.04712 0.01571 0.04712 0.04188 0.03665 0.00524 0.08901 0.18325 0.06806 0.01047 0.02618 0.07330 0.06806 0.03141 0.01047 0.02618 0.05759
B7LVU5                         0.09424 0.06806 0.05759 0.03665 0.01047 0.05236 0.04188 0.04712 0.02094 0.05236 0.10471 0.02094 0.05236 0.03665 0.08377 0.03665 0.06283 0.00000 0.03141 0.08901
P06992                         0.09424 0.06806 0.05759 0.03665 0.01047 0.05236 0.04188 0.04712 0.02094 0.05236 0.10471 0.02094 0.05236 0.03665 0.08377 0.03665 0.06283 0.00000 0.03141 0.08901
B7MNR0                         0.09424 0.06806 0.05759 0.03665 0.01047 0.05236 0.04188 0.04712 0.02094 0.05236 0.10471 0.02094 0.05236 0.03665 0.08377 0.03665 0.06283 0.00000 0.03141 0.08901
B2J0A6                         0.07853 0.06283 0.04188 0.03665 0.01571 0.06283 0.06283 0.04712 0.00524 0.08377 0.16754 0.06283 0.00524 0.03141 0.06806 0.04188 0.03141 0.00524 0.01571 0.07330
Q7V1E1                         0.03665 0.06283 0.07853 0.06806 0.01571 0.03141 0.04188 0.03665 0.00524 0.12565 0.11518 0.06806 0.02618 0.04712 0.05759 0.08377 0.03141 0.00524 0.01571 0.04712
B1WRJ7                         0.04712 0.04712 0.06806 0.05236 0.01571 0.04188 0.03665 0.03665 0.00000 0.09424 0.18325 0.06806 0.01047 0.02618 0.06283 0.07330 0.03141 0.01047 0.04188 0.05236
A2BWR2                         0.02618 0.05236 0.06806 0.05759 0.01571 0.03141 0.04712 0.03665 0.00524 0.13089 0.11518 0.09424 0.02094 0.04712 0.05759 0.09948 0.02618 0.00524 0.01571 0.04712
B0CC89                         0.06283 0.06283 0.05236 0.04188 0.01571 0.04188 0.05236 0.03141 0.01047 0.04712 0.17277 0.04712 0.00524 0.02618 0.06806 0.08901 0.04712 0.01047 0.02094 0.09424
P59157                         0.08901 0.09424 0.02618 0.04188 0.02618 0.04712 0.05759 0.06806 0.01047 0.03665 0.17801 0.03665 0.01047 0.03141 0.06806 0.04188 0.03141 0.01047 0.00524 0.08901
B4AV10                         0.06806 0.07330 0.04712 0.03141 0.02094 0.04188 0.08377 0.04188 0.00524 0.06806 0.16754 0.06283 0.01047 0.02094 0.06806 0.03665 0.03665 0.01047 0.02618 0.07853
B5W4A7                         0.06806 0.05759 0.05236 0.04712 0.02094 0.05236 0.04712 0.04712 0.00524 0.06806 0.15707 0.05236 0.00524 0.03141 0.07853 0.05236 0.03665 0.01047 0.01571 0.09424
Q7VCH7                         0.06806 0.07853 0.03141 0.02094 0.01047 0.06806 0.08377 0.04712 0.01047 0.07330 0.15707 0.06806 0.01047 0.02094 0.04712 0.06283 0.02618 0.00524 0.02094 0.08901
P72666                         0.06806 0.06283 0.04712 0.04712 0.01047 0.04188 0.06283 0.04188 0.00000 0.04712 0.21466 0.05236 0.01571 0.02094 0.07853 0.02618 0.05236 0.01047 0.01571 0.08377
B1XIV9                         0.07330 0.06283 0.04188 0.04712 0.02094 0.03665 0.05759 0.04188 0.00524 0.05236 0.16754 0.07330 0.01047 0.02094 0.07853 0.04188 0.03665 0.00524 0.03141 0.09424
Q5N2S8                         0.08901 0.06806 0.03665 0.04188 0.03141 0.07853 0.04712 0.06806 0.00524 0.04712 0.16230 0.04188 0.00524 0.02618 0.07853 0.04712 0.03141 0.01047 0.01047 0.07330
Q31RH6                         0.08901 0.06806 0.03665 0.04188 0.03141 0.07853 0.04712 0.06806 0.00524 0.04712 0.16230 0.04188 0.00524 0.02618 0.07853 0.04712 0.03141 0.01047 0.01047 0.07330
A3PCS3                         0.02618 0.04188 0.06806 0.06283 0.01571 0.03141 0.04188 0.03665 0.00524 0.13089 0.13089 0.10995 0.01571 0.04712 0.05236 0.08901 0.02618 0.00524 0.01571 0.04712
A8G4P1                         0.03141 0.03665 0.07330 0.06283 0.01571 0.02618 0.04188 0.03665 0.01047 0.12565 0.13089 0.10995 0.01571 0.04712 0.05236 0.08901 0.02094 0.00524 0.01571 0.05236
Q31B19                         0.02618 0.04188 0.06283 0.06283 0.01571 0.03141 0.04188 0.03665 0.01047 0.13613 0.13089 0.10995 0.01047 0.04712 0.05236 0.09424 0.02094 0.00524 0.01571 0.04712
A2BR00                         0.02618 0.03665 0.06806 0.05759 0.01571 0.03141 0.04712 0.03665 0.01047 0.12565 0.13089 0.11518 0.01571 0.04712 0.05236 0.08901 0.02618 0.00524 0.01047 0.05236

Homogeneity statistic: X2 = 7.72303 G = 7.65327 

Average                        0.07523 0.06661 0.04301 0.04277 0.01812 0.04841 0.05743 0.04527 0.01184 0.06428 0.15288 0.06379 0.01377 0.03520 0.06637 0.05542 0.03214 0.00596 0.02046 0.08103

# constant sites:     19 (9.95%)
ln Lmax (unconstrained) = -994.343210

AA distances (raw proportions of different sites)

A8EQW4         
Q30NR7           0.4660
A6Q119           0.4869  0.4241
A6QCU3           0.4712  0.4660  0.3979
A8FP25           0.4869  0.5654  0.4712  0.5183
A7H660           0.4764  0.5602  0.4764  0.5183  0.0262
D1B0V6           0.5079  0.4712  0.5183  0.5026  0.5183  0.5079
Q4HQU0           0.5026  0.5707  0.4974  0.5550  0.2618  0.2513  0.4921
Q4HEA9           0.4869  0.5759  0.4712  0.5236  0.2461  0.2356  0.5183  0.2408
B9KEA2           0.5079  0.5864  0.5026  0.5288  0.2984  0.2984  0.5288  0.3508  0.3298
B9L717           0.4660  0.4503  0.4450  0.4607  0.5131  0.5079  0.4817  0.5497  0.5445  0.5445
Q7MAS0           0.5497  0.4869  0.5026  0.4555  0.5183  0.5131  0.5445  0.5445  0.5393  0.5340  0.5550
O25972           0.5550  0.5759  0.5497  0.5183  0.5393  0.5340  0.5550  0.5026  0.5236  0.5288  0.5654  0.5497
Q3AXF3           0.6859  0.6911  0.6230  0.6492  0.6702  0.6649  0.7225  0.6806  0.6859  0.6806  0.6545  0.6178  0.6911
Q8YS62           0.6702  0.6387  0.6440  0.6440  0.6440  0.6387  0.6859  0.6545  0.6649  0.6597  0.6387  0.6073  0.6492  0.4869
Q3M3F3           0.6702  0.6440  0.6440  0.6492  0.6492  0.6440  0.6859  0.6597  0.6702  0.6649  0.6335  0.6126  0.6597  0.4921  0.0576
Q066I5           0.6963  0.6911  0.6230  0.6545  0.6806  0.6754  0.7225  0.6911  0.6859  0.6754  0.6649  0.6230  0.6963  0.0157  0.4921  0.4974
B7KA67           0.6702  0.6597  0.6545  0.6806  0.6859  0.6754  0.6911  0.6649  0.6806  0.6859  0.6387  0.6545  0.6911  0.5288  0.2827  0.2827  0.5288
B8HQY8           0.6754  0.6492  0.6492  0.6492  0.6963  0.6911  0.6911  0.6649  0.6859  0.6806  0.6492  0.6230  0.6649  0.5079  0.3351  0.3246  0.5131  0.3508
A5GTK9           0.7277  0.6754  0.6492  0.6545  0.6754  0.6754  0.7016  0.6702  0.6859  0.6963  0.6649  0.5969  0.6911  0.3037  0.4921  0.4869  0.3037  0.5183  0.4974
Q3AKE0           0.6963  0.6754  0.6283  0.6492  0.6702  0.6649  0.7016  0.6545  0.6702  0.6963  0.6492  0.6178  0.6963  0.1885  0.4974  0.4974  0.1885  0.5131  0.4921  0.2565
A9B9Y0           0.6859  0.6754  0.6283  0.6649  0.6702  0.6649  0.6806  0.6492  0.6545  0.6859  0.6440  0.6387  0.6859  0.3770  0.5340  0.5393  0.3770  0.5654  0.5550  0.3979  0.3613
A3Z7B6           0.7068  0.6806  0.6440  0.6702  0.6806  0.6754  0.6859  0.6649  0.6702  0.6754  0.6754  0.5916  0.6911  0.2251  0.4869  0.4921  0.2251  0.5183  0.5131  0.1937  0.1885  0.3613
Q05TI4           0.7016  0.6911  0.6335  0.6597  0.6806  0.6754  0.7016  0.6597  0.6754  0.6754  0.6702  0.6073  0.6963  0.1832  0.4974  0.4817  0.1780  0.5183  0.5236  0.2461  0.1571  0.3770  0.1309
B0JNB1           0.6754  0.6859  0.6335  0.6545  0.6597  0.6492  0.7016  0.6702  0.6649  0.6387  0.6387  0.6387  0.6702  0.5026  0.3508  0.3560  0.5026  0.3560  0.3560  0.4974  0.4817  0.5445  0.4817  0.4869
Q46L58           0.6754  0.7068  0.6335  0.6440  0.6859  0.6859  0.6963  0.7068  0.6963  0.6806  0.6283  0.6387  0.7068  0.3455  0.5183  0.5183  0.3455  0.5340  0.5340  0.4188  0.3874  0.3613  0.3927  0.3874  0.5079
B7JWJ7           0.6859  0.6754  0.6649  0.6597  0.6911  0.6859  0.7120  0.6702  0.6859  0.6702  0.6702  0.6387  0.6754  0.4921  0.3246  0.3403  0.4921  0.2880  0.3351  0.5079  0.5131  0.5288  0.5026  0.4974  0.3455  0.4869
C7QWG6           0.6859  0.6754  0.6649  0.6597  0.6911  0.6859  0.7120  0.6702  0.6859  0.6702  0.6702  0.6387  0.6754  0.4921  0.3246  0.3403  0.4921  0.2880  0.3351  0.5079  0.5131  0.5288  0.5026  0.4974  0.3455  0.4869  0.0000
Q7U7D3           0.7120  0.6859  0.6387  0.6545  0.6911  0.6859  0.6859  0.6545  0.6754  0.7016  0.6754  0.5969  0.7016  0.2356  0.5183  0.5079  0.2408  0.5393  0.5183  0.2304  0.1571  0.3770  0.1780  0.1518  0.4869  0.3927  0.5236  0.5236
Q118D2           0.6754  0.6545  0.6126  0.6545  0.6492  0.6440  0.6859  0.6283  0.6545  0.6545  0.6126  0.6387  0.6597  0.4869  0.2775  0.2775  0.4869  0.2723  0.3560  0.4869  0.4921  0.5393  0.5026  0.5026  0.3822  0.5288  0.3246  0.3246  0.5079
B9YR34           0.6702  0.6387  0.6440  0.6387  0.6806  0.6754  0.6911  0.6597  0.6806  0.6859  0.6440  0.6126  0.6702  0.4974  0.1518  0.1309  0.5026  0.2932  0.3194  0.5131  0.5079  0.5497  0.4974  0.5079  0.3508  0.5393  0.3194  0.3194  0.5236  0.2932
A2C1Z5           0.6702  0.7016  0.6283  0.6492  0.6806  0.6806  0.7016  0.7068  0.6963  0.6806  0.6335  0.6387  0.7068  0.3455  0.5131  0.5131  0.3455  0.5340  0.5236  0.4188  0.3822  0.3613  0.3979  0.3874  0.5183  0.0262  0.4817  0.4817  0.3927  0.5340  0.5340
Q2JMR8           0.6963  0.6440  0.6492  0.6387  0.6492  0.6440  0.6702  0.6440  0.6545  0.6806  0.6492  0.5707  0.6649  0.4974  0.4084  0.4084  0.5026  0.4293  0.3874  0.4817  0.4921  0.5497  0.4921  0.4921  0.4188  0.5340  0.3979  0.3979  0.4817  0.4555  0.4031  0.5340
A4CU84           0.6963  0.6649  0.6283  0.6597  0.6649  0.6597  0.6963  0.6492  0.6702  0.6806  0.6649  0.6126  0.6963  0.2094  0.4921  0.4974  0.2147  0.5236  0.5236  0.2513  0.1990  0.3822  0.1675  0.1257  0.4869  0.3927  0.4974  0.4974  0.2094  0.4974  0.5026  0.3927  0.5026
A0YKB5           0.7016  0.6440  0.6387  0.6387  0.6702  0.6649  0.6806  0.6387  0.6649  0.6702  0.6440  0.6178  0.6545  0.4974  0.2408  0.2251  0.4974  0.2932  0.3194  0.4921  0.4869  0.5183  0.4921  0.4974  0.3613  0.4974  0.3089  0.3089  0.5026  0.2199  0.2251  0.4921  0.4188  0.4974
A5GLH7           0.6963  0.6859  0.6283  0.6597  0.6806  0.6754  0.7120  0.6702  0.6754  0.6911  0.6649  0.6126  0.6963  0.1990  0.4921  0.4869  0.1990  0.5183  0.5131  0.2408  0.1937  0.3665  0.1414  0.1047  0.4764  0.3822  0.4869  0.4869  0.1990  0.4921  0.5026  0.3822  0.4921  0.0628  0.4817
A3YZU7           0.7120  0.7016  0.6597  0.6806  0.6911  0.6963  0.7225  0.6754  0.6806  0.7120  0.6702  0.6492  0.6806  0.3089  0.5131  0.4974  0.3089  0.5288  0.5236  0.2984  0.2565  0.4031  0.2880  0.2775  0.5026  0.4346  0.5079  0.5079  0.2880  0.5131  0.5131  0.4346  0.5183  0.2932  0.4974  0.2827
Q7V7W0           0.7016  0.6754  0.6073  0.6545  0.6859  0.6806  0.6911  0.6597  0.6754  0.6754  0.6492  0.6178  0.6806  0.2356  0.4921  0.4869  0.2356  0.5079  0.5079  0.2775  0.2042  0.3246  0.2094  0.1937  0.4817  0.3874  0.4817  0.4817  0.2147  0.4764  0.5079  0.3874  0.5026  0.2251  0.4712  0.2042  0.3037
Q0I9S3           0.7068  0.6754  0.6387  0.6702  0.7016  0.7016  0.7068  0.6859  0.6911  0.6911  0.6754  0.6440  0.7016  0.2042  0.5183  0.5183  0.2042  0.5340  0.5236  0.2880  0.2304  0.3927  0.2042  0.1990  0.5026  0.3613  0.4869  0.4869  0.2356  0.4974  0.5131  0.3560  0.5497  0.2094  0.4869  0.1937  0.3141  0.2356
A2CA51           0.7068  0.6754  0.6073  0.6545  0.6911  0.6859  0.6859  0.6545  0.6702  0.6754  0.6545  0.6178  0.6754  0.2304  0.4869  0.4817  0.2304  0.5079  0.5026  0.2775  0.2042  0.3141  0.2094  0.1937  0.4764  0.3874  0.4764  0.4764  0.2147  0.4764  0.5026  0.3874  0.4974  0.2251  0.4660  0.2094  0.2932  0.0157  0.2356
Q4C0G4           0.7068  0.6545  0.6597  0.6545  0.6859  0.6754  0.6859  0.6702  0.6702  0.6911  0.6440  0.6387  0.6649  0.5079  0.3455  0.3246  0.5079  0.3141  0.3927  0.4921  0.5026  0.5288  0.5079  0.5131  0.3560  0.5340  0.2723  0.2723  0.4974  0.3298  0.3298  0.5288  0.4503  0.5131  0.3089  0.5131  0.5236  0.4921  0.5131  0.4869
Q7NJ41           0.7330  0.6963  0.6649  0.6440  0.6911  0.6859  0.7225  0.6649  0.6859  0.6911  0.6702  0.6283  0.6859  0.4817  0.4555  0.4607  0.4817  0.4660  0.4136  0.5236  0.5026  0.5654  0.5079  0.4921  0.4555  0.5288  0.4031  0.4031  0.5236  0.4660  0.4607  0.5288  0.4188  0.5026  0.4136  0.4974  0.4817  0.5131  0.4974  0.5079  0.4764
A0ZGS9           0.6859  0.6492  0.6440  0.6178  0.6702  0.6649  0.6806  0.6545  0.6649  0.6702  0.6387  0.6073  0.6702  0.4974  0.1414  0.1414  0.4974  0.2932  0.3037  0.4869  0.4974  0.5445  0.4817  0.4921  0.3560  0.5236  0.3037  0.3037  0.5026  0.2723  0.1361  0.5236  0.3874  0.4921  0.2304  0.4869  0.5079  0.4974  0.5026  0.4921  0.3351  0.4450
Q2JVW2           0.7173  0.6440  0.6335  0.6283  0.6283  0.6230  0.6859  0.6335  0.6335  0.6545  0.6806  0.5916  0.6545  0.5026  0.4031  0.4084  0.5079  0.4450  0.3979  0.4974  0.4921  0.5707  0.4921  0.4921  0.4293  0.5550  0.4136  0.4136  0.4974  0.4660  0.4188  0.5497  0.1309  0.4921  0.4136  0.4869  0.5236  0.5131  0.5445  0.5131  0.4764  0.4084  0.3822
A3INV7           0.7068  0.6649  0.6649  0.6806  0.7120  0.7016  0.6754  0.6754  0.6911  0.7068  0.6597  0.6649  0.6649  0.5183  0.3298  0.3194  0.5183  0.3089  0.3979  0.4921  0.5131  0.5497  0.5131  0.5236  0.3822  0.5445  0.2827  0.2827  0.5079  0.3351  0.3037  0.5445  0.4555  0.5236  0.3037  0.5236  0.5183  0.5026  0.5131  0.4974  0.0942  0.4921  0.3141  0.4869
B7LVU5           0.7173  0.7016  0.6859  0.7225  0.7330  0.7277  0.7382  0.7173  0.7435  0.7173  0.7173  0.6963  0.6649  0.6545  0.6073  0.6126  0.6545  0.6440  0.6073  0.6597  0.6597  0.6649  0.6283  0.6335  0.6387  0.6387  0.6283  0.6283  0.6702  0.6492  0.6335  0.6387  0.6702  0.6492  0.6126  0.6387  0.6597  0.6597  0.6545  0.6597  0.6545  0.6230  0.6126  0.6387  0.6492
P06992           0.7173  0.7016  0.6859  0.7225  0.7330  0.7277  0.7382  0.7173  0.7435  0.7173  0.7173  0.6963  0.6649  0.6545  0.6073  0.6126  0.6545  0.6440  0.6073  0.6597  0.6597  0.6649  0.6283  0.6335  0.6387  0.6387  0.6283  0.6283  0.6702  0.6492  0.6335  0.6387  0.6702  0.6492  0.6126  0.6387  0.6597  0.6597  0.6545  0.6597  0.6545  0.6230  0.6126  0.6387  0.6492  0.0000
B7MNR0           0.7173  0.7016  0.6859  0.7225  0.7330  0.7277  0.7382  0.7173  0.7435  0.7173  0.7173  0.6963  0.6649  0.6545  0.6073  0.6126  0.6545  0.6440  0.6073  0.6597  0.6597  0.6649  0.6283  0.6335  0.6387  0.6387  0.6283  0.6283  0.6702  0.6492  0.6335  0.6387  0.6702  0.6492  0.6126  0.6387  0.6597  0.6597  0.6545  0.6597  0.6545  0.6230  0.6126  0.6387  0.6492  0.0000  0.0000
B2J0A6           0.6754  0.6335  0.6178  0.6335  0.6387  0.6335  0.6806  0.6440  0.6545  0.6597  0.6387  0.5969  0.6492  0.4921  0.1099  0.1204  0.4921  0.2827  0.3351  0.4869  0.4974  0.5497  0.4764  0.4921  0.3613  0.5131  0.3403  0.3403  0.5079  0.2827  0.1675  0.5079  0.3979  0.4921  0.2461  0.4869  0.5079  0.5026  0.5079  0.4974  0.3613  0.4503  0.1518  0.3979  0.3298  0.5969  0.5969  0.5969
Q7V1E1           0.6597  0.6859  0.6597  0.7277  0.6859  0.6806  0.6911  0.6649  0.6963  0.6806  0.6545  0.7225  0.6859  0.5183  0.5183  0.5340  0.5236  0.5445  0.5550  0.5131  0.5236  0.4712  0.5079  0.5393  0.5550  0.5236  0.5445  0.5445  0.5183  0.5445  0.5393  0.5183  0.6283  0.5183  0.5497  0.5288  0.5340  0.4921  0.5079  0.4974  0.5340  0.6178  0.5654  0.6335  0.5340  0.6597  0.6597  0.6597  0.5393
B1WRJ7           0.7068  0.6597  0.6649  0.6806  0.7120  0.7016  0.6754  0.6754  0.6911  0.7016  0.6597  0.6649  0.6649  0.5236  0.3403  0.3298  0.5236  0.3194  0.4084  0.5131  0.5288  0.5550  0.5288  0.5393  0.3979  0.5445  0.2880  0.2880  0.5131  0.3455  0.3141  0.5393  0.4660  0.5393  0.3141  0.5393  0.5340  0.5131  0.5079  0.5079  0.1047  0.4974  0.3246  0.4974  0.0366  0.6492  0.6492  0.6492  0.3455  0.5236
A2BWR2           0.6702  0.7068  0.6649  0.7277  0.6806  0.6754  0.6963  0.6545  0.6963  0.6806  0.6492  0.7435  0.6859  0.5340  0.5340  0.5497  0.5393  0.5654  0.5812  0.5497  0.5497  0.5026  0.5183  0.5340  0.5550  0.5340  0.5550  0.5550  0.5236  0.5497  0.5497  0.5340  0.6335  0.5131  0.5602  0.5236  0.5654  0.5079  0.4974  0.5131  0.5602  0.6283  0.5602  0.6283  0.5497  0.6597  0.6597  0.6597  0.5445  0.1047  0.5393
B0CC89           0.7016  0.6702  0.6649  0.6597  0.6702  0.6702  0.7016  0.6545  0.6597  0.6859  0.6597  0.6387  0.6649  0.4921  0.3613  0.3717  0.4921  0.3770  0.3665  0.5026  0.5026  0.5183  0.4764  0.4921  0.3979  0.5236  0.3613  0.3613  0.5131  0.3979  0.3822  0.5236  0.3717  0.5079  0.3717  0.5026  0.5131  0.4921  0.4974  0.4817  0.3717  0.4660  0.3717  0.3927  0.3770  0.6283  0.6283  0.6283  0.3560  0.5654  0.3874  0.5812
P59157           0.7120  0.6806  0.6387  0.6754  0.6754  0.6702  0.7016  0.6230  0.6545  0.6806  0.6649  0.6545  0.6702  0.4555  0.4398  0.4398  0.4555  0.4241  0.4241  0.4607  0.4555  0.4869  0.4398  0.4398  0.4450  0.4764  0.4084  0.4084  0.4398  0.4503  0.4503  0.4712  0.4031  0.4450  0.4136  0.4398  0.4346  0.4660  0.4607  0.4555  0.4503  0.4398  0.4136  0.4136  0.4607  0.6073  0.6073  0.6073  0.4293  0.5497  0.4660  0.5602  0.4031
B4AV10           0.6702  0.6649  0.6387  0.6545  0.6806  0.6754  0.6859  0.6649  0.6702  0.6806  0.6440  0.6440  0.6649  0.4921  0.2984  0.2827  0.4974  0.1361  0.3508  0.5079  0.4974  0.5497  0.4869  0.4869  0.3298  0.5079  0.2565  0.2565  0.5131  0.2880  0.2775  0.5079  0.4293  0.4921  0.2827  0.4921  0.4974  0.4869  0.5026  0.4817  0.3037  0.4293  0.2723  0.4188  0.3089  0.6387  0.6387  0.6387  0.2932  0.5497  0.3194  0.5550  0.3770  0.4031
B5W4A7           0.6702  0.6335  0.6178  0.6545  0.6492  0.6492  0.6859  0.6335  0.6597  0.6597  0.6387  0.6283  0.6492  0.5079  0.2304  0.2461  0.5131  0.2827  0.3298  0.4921  0.4974  0.5497  0.4817  0.4921  0.3613  0.5131  0.3037  0.3037  0.5079  0.2775  0.2618  0.5131  0.4031  0.5026  0.2565  0.4974  0.5026  0.4974  0.5131  0.4921  0.3246  0.3927  0.2199  0.4031  0.3351  0.6073  0.6073  0.6073  0.2408  0.5497  0.3508  0.5497  0.3560  0.3927  0.2723
Q7VCH7           0.6963  0.7016  0.6387  0.6754  0.6911  0.6859  0.7016  0.6597  0.6911  0.6963  0.6649  0.6859  0.6911  0.3927  0.5497  0.5550  0.3927  0.5602  0.5550  0.3927  0.3613  0.3351  0.3298  0.3403  0.5131  0.4293  0.5183  0.5183  0.3613  0.5236  0.5550  0.4293  0.5550  0.3455  0.5236  0.3246  0.4031  0.3037  0.3717  0.3037  0.5445  0.5393  0.5445  0.5602  0.5602  0.6492  0.6492  0.6492  0.5393  0.5079  0.5654  0.5026  0.5340  0.5131  0.5183  0.5288
P72666           0.6911  0.6440  0.6387  0.6492  0.6649  0.6597  0.6545  0.6335  0.6545  0.6545  0.6387  0.6335  0.6230  0.5079  0.3822  0.3822  0.5026  0.3508  0.3874  0.5026  0.4974  0.5497  0.4869  0.4817  0.3770  0.5236  0.3351  0.3351  0.5026  0.3927  0.4031  0.5288  0.4136  0.4869  0.3613  0.4764  0.4817  0.4921  0.4974  0.4869  0.3770  0.4346  0.3874  0.4031  0.3927  0.6283  0.6283  0.6283  0.3822  0.5707  0.4031  0.5707  0.3874  0.4188  0.3194  0.3560  0.5602
B1XIV9           0.7173  0.6963  0.6859  0.7016  0.7120  0.7068  0.6911  0.7016  0.7173  0.6963  0.6597  0.6702  0.6806  0.5131  0.3613  0.3351  0.5131  0.3770  0.3979  0.5183  0.5183  0.5550  0.4974  0.4921  0.4241  0.5131  0.3979  0.3979  0.5288  0.4084  0.3613  0.5131  0.4188  0.5079  0.3560  0.5026  0.5236  0.5026  0.5288  0.5026  0.3874  0.4712  0.3560  0.4293  0.3822  0.6492  0.6492  0.6492  0.3717  0.5864  0.4031  0.5969  0.3508  0.4346  0.3613  0.3508  0.5759  0.4346
Q5N2S8           0.6963  0.6754  0.6283  0.6702  0.6702  0.6702  0.7016  0.6545  0.6649  0.6597  0.6754  0.6178  0.6649  0.4450  0.3927  0.3979  0.4450  0.4346  0.4031  0.4136  0.4346  0.5079  0.4346  0.4293  0.4241  0.4764  0.4084  0.4084  0.4293  0.4293  0.4293  0.4712  0.4136  0.4293  0.3927  0.4346  0.4346  0.4346  0.4555  0.4346  0.4084  0.4607  0.3822  0.4084  0.4241  0.6283  0.6283  0.6283  0.4031  0.5288  0.4293  0.5602  0.3874  0.3665  0.4293  0.3874  0.4921  0.4136  0.3770
Q31RH6           0.6963  0.6754  0.6283  0.6702  0.6702  0.6702  0.7016  0.6545  0.6649  0.6597  0.6754  0.6178  0.6649  0.4450  0.3927  0.3979  0.4450  0.4346  0.4031  0.4136  0.4346  0.5079  0.4346  0.4293  0.4241  0.4764  0.4084  0.4084  0.4293  0.4293  0.4293  0.4712  0.4136  0.4293  0.3927  0.4346  0.4346  0.4346  0.4555  0.4346  0.4084  0.4607  0.3822  0.4084  0.4241  0.6283  0.6283  0.6283  0.4031  0.5288  0.4293  0.5602  0.3874  0.3665  0.4293  0.3874  0.4921  0.4136  0.3770  0.0000
A3PCS3           0.6492  0.6963  0.6545  0.7173  0.6702  0.6649  0.6911  0.6545  0.6911  0.6859  0.6230  0.7435  0.6963  0.5236  0.5288  0.5393  0.5288  0.5393  0.5602  0.5340  0.5236  0.4817  0.5131  0.5340  0.5602  0.5131  0.5550  0.5550  0.5340  0.5340  0.5445  0.5079  0.6126  0.5236  0.5445  0.5236  0.5497  0.5131  0.5079  0.5183  0.5445  0.6126  0.5707  0.6178  0.5288  0.6702  0.6702  0.6702  0.5393  0.1832  0.5183  0.1571  0.5707  0.5602  0.5445  0.5602  0.4974  0.5707  0.5864  0.5393  0.5393
A8G4P1           0.6545  0.6754  0.6649  0.7277  0.6754  0.6702  0.6911  0.6545  0.6963  0.6911  0.6335  0.7382  0.6911  0.5288  0.5236  0.5340  0.5340  0.5340  0.5602  0.5236  0.5340  0.4921  0.5131  0.5288  0.5497  0.5131  0.5445  0.5445  0.5340  0.5340  0.5393  0.5079  0.6021  0.5131  0.5393  0.5183  0.5550  0.5079  0.5026  0.5131  0.5340  0.6021  0.5654  0.6126  0.5183  0.6806  0.6806  0.6806  0.5393  0.1937  0.5079  0.1623  0.5602  0.5497  0.5445  0.5550  0.5026  0.5654  0.5812  0.5393  0.5393  0.0628
Q31B19           0.6545  0.6859  0.6545  0.7225  0.6806  0.6754  0.6859  0.6545  0.6963  0.6911  0.6230  0.7382  0.6911  0.5288  0.5236  0.5340  0.5340  0.5340  0.5497  0.5340  0.5288  0.4817  0.5183  0.5393  0.5497  0.5026  0.5497  0.5497  0.5340  0.5288  0.5393  0.5026  0.6073  0.5288  0.5393  0.5236  0.5497  0.5131  0.5131  0.5183  0.5445  0.6126  0.5654  0.6178  0.5288  0.6702  0.6702  0.6702  0.5340  0.1780  0.5183  0.1518  0.5654  0.5550  0.5445  0.5550  0.4974  0.5759  0.5812  0.5393  0.5393  0.0209  0.0576
A2BR00           0.6597  0.6859  0.6492  0.7173  0.6702  0.6649  0.6911  0.6492  0.6911  0.6859  0.6230  0.7330  0.6859  0.5131  0.5131  0.5236  0.5183  0.5393  0.5445  0.5288  0.5183  0.4764  0.5131  0.5288  0.5550  0.5079  0.5445  0.5445  0.5288  0.5340  0.5340  0.5026  0.6073  0.5183  0.5236  0.5183  0.5445  0.5131  0.5026  0.5183  0.5340  0.6021  0.5550  0.6126  0.5288  0.6597  0.6597  0.6597  0.5236  0.1832  0.5236  0.1571  0.5602  0.5393  0.5497  0.5497  0.5026  0.5602  0.5812  0.5393  0.5393  0.0419  0.0628  0.0366


TREE #  1:  ((((((((((((((((25, (((56, (30, (35, (31, ((49, 43), (16, 15)))))), ((55, 18), (((51, 45), 41), (28, 27)))), 19)), 58), (59, 53)), ((44, 33), 42)), ((((65, ((64, 62), 63)), (52, 50)), (((57, 22), (32, 26)), ((37, (((29, 20), 21), ((39, 23), ((17, 14), ((36, 34), 24))))), (40, 38)))), ((61, 60), 54))), (48, (47, 46))), 13), 12), 2), (4, 3)), 11), 7), 1), 10), (9, 8)), 6, 5);   MP score: 2288
lnL(ntime:127  np:128): -11164.604030      +0.000000
  66..67   67..68   68..69   69..70   70..71   71..72   72..73   73..74   74..75   75..76   76..77   77..78   78..79   79..80   80..81   81..25   81..82   82..83   83..84   84..56   84..85   85..30   85..86   86..35   86..87   87..31   87..88   88..89   89..49   89..43   88..90   90..16   90..15   83..91   91..92   92..55   92..18   91..93   93..94   94..95   95..51   95..45   94..41   93..96   96..28   96..27   82..19   80..58   79..97   97..59   97..53   78..98   98..99   99..44   99..33   98..42   77..100 100..101 101..102 102..103 103..65  103..104 104..105 105..64  105..62  104..63  102..106 106..52  106..50  101..107 107..108 108..109 109..57  109..22  108..110 110..32  110..26  107..111 111..112 112..37  112..113 113..114 114..115 115..29  115..20  114..21  113..116 116..117 117..39  117..23  116..118 118..119 119..17  119..14  118..120 120..121 121..36  121..34  120..24  111..122 122..40  122..38  100..123 123..124 124..61  124..60  123..54   76..125 125..48  125..126 126..47  126..46   75..13   74..12   73..2    72..127 127..4   127..3    71..11   70..7    69..1    68..10   67..128 128..9   128..8    66..6    66..5  
 0.086527 0.141930 0.543921 0.134001 0.128206 0.063137 0.065453 0.316381 0.237777 1.223736 0.661979 0.031897 0.094474 0.054408 0.079244 0.489228 0.027145 0.074400 0.058583 0.236351 0.063354 0.235788 0.005640 0.163815 0.146092 0.108564 0.022586 0.018628 0.116615 0.108057 0.049712 0.039517 0.033085 0.026741 0.133554 0.078763 0.126166 0.103738 0.256208 0.059074 0.037675 0.007572 0.062675 0.221371 0.000004 0.000004 0.471349 0.503042 0.102680 0.437458 0.344843 0.089491 0.420229 0.114761 0.070679 0.660050 0.156818 0.580901 1.010118 0.039149 0.029895 0.005975 0.000004 0.011432 0.015060 0.055425 0.104202 0.042936 0.083907 0.224610 0.094656 0.097766 0.387583 0.232816 0.589958 0.000004 0.030449 0.131104 0.067175 0.421531 0.051329 0.032434 0.043251 0.113977 0.273845 0.133497 0.021520 0.034401 0.187180 0.128031 0.023926 0.219357 0.019255 0.000004 0.036838 0.099054 0.031456 0.055797 0.046548 0.093700 0.000004 0.019021 0.000004 0.437557 0.000004 0.000004 0.469979 1.665801 0.000004 0.000004 0.000004 0.000004 1.074429 0.721638 0.481435 0.164031 0.480561 0.412897 0.561852 0.742488 0.606493 0.316496 0.122878 0.207721 0.263452 0.006986 0.024066 0.729074

tree length =  25.02705

((((((((((((((((25: 0.489228, (((56: 0.236351, (30: 0.235788, (35: 0.163815, (31: 0.108564, ((49: 0.116615, 43: 0.108057): 0.018628, (16: 0.039517, 15: 0.033085): 0.049712): 0.022586): 0.146092): 0.005640): 0.063354): 0.058583, ((55: 0.078763, 18: 0.126166): 0.133554, (((51: 0.037675, 45: 0.007572): 0.059074, 41: 0.062675): 0.256208, (28: 0.000004, 27: 0.000004): 0.221371): 0.103738): 0.026741): 0.074400, 19: 0.471349): 0.027145): 0.079244, 58: 0.503042): 0.054408, (59: 0.437458, 53: 0.344843): 0.102680): 0.094474, ((44: 0.114761, 33: 0.070679): 0.420229, 42: 0.660050): 0.089491): 0.031897, ((((65: 0.029895, ((64: 0.011432, 62: 0.015060): 0.000004, 63: 0.055425): 0.005975): 0.039149, (52: 0.042936, 50: 0.083907): 0.104202): 1.010118, (((57: 0.387583, 22: 0.232816): 0.097766, (32: 0.000004, 26: 0.030449): 0.589958): 0.094656, ((37: 0.421531, (((29: 0.113977, 20: 0.273845): 0.043251, 21: 0.133497): 0.032434, ((39: 0.187180, 23: 0.128031): 0.034401, ((17: 0.019255, 14: 0.000004): 0.219357, ((36: 0.031456, 34: 0.055797): 0.099054, 24: 0.046548): 0.036838): 0.023926): 0.021520): 0.051329): 0.067175, (40: 0.000004, 38: 0.019021): 0.093700): 0.131104): 0.224610): 0.580901, ((61: 0.000004, 60: 0.000004): 0.437557, 54: 0.469979): 0.000004): 0.156818): 0.661979, (48: 0.000004, (47: 0.000004, 46: 0.000004): 0.000004): 1.665801): 1.223736, 13: 1.074429): 0.237777, 12: 0.721638): 0.316381, 2: 0.481435): 0.065453, (4: 0.480561, 3: 0.412897): 0.164031): 0.063137, 11: 0.561852): 0.128206, 7: 0.742488): 0.134001, 1: 0.606493): 0.543921, 10: 0.316496): 0.141930, (9: 0.207721, 8: 0.263452): 0.122878): 0.086527, 6: 0.006986, 5: 0.024066);

((((((((((((((((B0JNB1: 0.489228, (((B5W4A7: 0.236351, (Q118D2: 0.235788, (A0YKB5: 0.163815, (B9YR34: 0.108564, ((B2J0A6: 0.116615, A0ZGS9: 0.108057): 0.018628, (Q3M3F3: 0.039517, Q8YS62: 0.033085): 0.049712): 0.022586): 0.146092): 0.005640): 0.063354): 0.058583, ((B4AV10: 0.078763, B7KA67: 0.126166): 0.133554, (((B1WRJ7: 0.037675, A3INV7: 0.007572): 0.059074, Q4C0G4: 0.062675): 0.256208, (C7QWG6: 0.000004, B7JWJ7: 0.000004): 0.221371): 0.103738): 0.026741): 0.074400, B8HQY8: 0.471349): 0.027145): 0.079244, P72666: 0.503042): 0.054408, (B1XIV9: 0.437458, B0CC89: 0.344843): 0.102680): 0.094474, ((Q2JVW2: 0.114761, Q2JMR8: 0.070679): 0.420229, Q7NJ41: 0.660050): 0.089491): 0.031897, ((((A2BR00: 0.029895, ((Q31B19: 0.011432, A3PCS3: 0.015060): 0.000004, A8G4P1: 0.055425): 0.005975): 0.039149, (A2BWR2: 0.042936, Q7V1E1: 0.083907): 0.104202): 1.010118, (((Q7VCH7: 0.387583, A9B9Y0: 0.232816): 0.097766, (A2C1Z5: 0.000004, Q46L58: 0.030449): 0.589958): 0.094656, ((A3YZU7: 0.421531, (((Q7U7D3: 0.113977, A5GTK9: 0.273845): 0.043251, Q3AKE0: 0.133497): 0.032434, ((Q0I9S3: 0.187180, A3Z7B6: 0.128031): 0.034401, ((Q066I5: 0.019255, Q3AXF3: 0.000004): 0.219357, ((A5GLH7: 0.031456, A4CU84: 0.055797): 0.099054, Q05TI4: 0.046548): 0.036838): 0.023926): 0.021520): 0.051329): 0.067175, (A2CA51: 0.000004, Q7V7W0: 0.019021): 0.093700): 0.131104): 0.224610): 0.580901, ((Q31RH6: 0.000004, Q5N2S8: 0.000004): 0.437557, P59157: 0.469979): 0.000004): 0.156818): 0.661979, (B7MNR0: 0.000004, (P06992: 0.000004, B7LVU5: 0.000004): 0.000004): 1.665801): 1.223736, O25972: 1.074429): 0.237777, Q7MAS0: 0.721638): 0.316381, Q30NR7: 0.481435): 0.065453, (A6QCU3: 0.480561, A6Q119: 0.412897): 0.164031): 0.063137, B9L717: 0.561852): 0.128206, D1B0V6: 0.742488): 0.134001, A8EQW4: 0.606493): 0.543921, B9KEA2: 0.316496): 0.141930, (Q4HEA9: 0.207721, Q4HQU0: 0.263452): 0.122878): 0.086527, A7H660: 0.006986, A8FP25: 0.024066);

Detailed output identifying parameters

alpha (gamma, K = 4) =  0.72907
rate:   0.08041  0.37693  0.93518  2.60748
freq:   0.25000  0.25000  0.25000  0.25000

Time used: 25:06
