AAML (in paml version 4.6, August 2012)  306.aa
Model: Empirical for branches,  (../../../bin/LG.dat) dGamma (ncatG=4) ns =  65  ls = 263


Frequencies..
                                    A      R      N      D      C      Q      E      G      H      I      L      K      M      F      P      S      T      W      Y      V
A8EWE4                         0.06464 0.01901 0.07985 0.05703 0.02281 0.04183 0.07224 0.04943 0.02281 0.09886 0.07985 0.10646 0.01521 0.03042 0.02281 0.06464 0.05703 0.00760 0.02281 0.06464
A6Q7P9                         0.07985 0.01521 0.04943 0.06464 0.02281 0.03422 0.08365 0.05323 0.03042 0.09886 0.07224 0.09886 0.01141 0.03042 0.04183 0.06084 0.04563 0.00760 0.02662 0.07224
D1B031                         0.06844 0.02281 0.05323 0.04183 0.02662 0.02662 0.09886 0.05703 0.03042 0.10266 0.05323 0.08745 0.01141 0.03422 0.02662 0.07605 0.06464 0.00760 0.02662 0.08365
A6Q2R7                         0.05703 0.03042 0.06084 0.03042 0.02281 0.02281 0.13688 0.04943 0.01521 0.10646 0.05703 0.10646 0.01901 0.03422 0.03422 0.05323 0.04943 0.00760 0.02662 0.07985
Q4HIM5                         0.07605 0.02281 0.05703 0.04943 0.02281 0.03802 0.08365 0.04183 0.01901 0.10646 0.06844 0.12928 0.01521 0.04183 0.02662 0.04183 0.05703 0.00760 0.01901 0.07605
Q30S81                         0.07224 0.03042 0.06084 0.06844 0.02281 0.03422 0.08365 0.05323 0.01901 0.10266 0.05323 0.09506 0.01521 0.03802 0.03042 0.06844 0.04943 0.00760 0.03802 0.05703
A8FLU3                         0.06084 0.01521 0.06084 0.04183 0.02281 0.04563 0.09125 0.04183 0.01901 0.10646 0.07224 0.13688 0.01521 0.04183 0.02662 0.04563 0.06084 0.00760 0.01901 0.06844
A7H3F3                         0.06084 0.01521 0.06084 0.04183 0.02281 0.04183 0.09125 0.04183 0.01901 0.10646 0.07224 0.13688 0.01901 0.04183 0.02662 0.04943 0.06084 0.00760 0.01901 0.06464
Q7M8Y6                         0.05703 0.03042 0.03802 0.04183 0.03042 0.04563 0.09125 0.06464 0.02662 0.09886 0.07224 0.08745 0.01901 0.03802 0.03422 0.07224 0.06084 0.00760 0.01141 0.07224
B9L9K5                         0.06084 0.03042 0.06084 0.03802 0.01901 0.03422 0.11787 0.04943 0.02281 0.11407 0.06084 0.11027 0.01521 0.02662 0.03042 0.04183 0.04563 0.00760 0.04183 0.07224
B9KD74                         0.05703 0.01521 0.04943 0.04563 0.02281 0.03802 0.10266 0.04563 0.01141 0.09886 0.06844 0.13688 0.01901 0.04183 0.02281 0.05323 0.05703 0.01141 0.02662 0.07605
Q4HSB6                         0.05703 0.01521 0.06844 0.03802 0.02662 0.04563 0.08745 0.04183 0.01901 0.09506 0.08745 0.13308 0.01521 0.03422 0.02281 0.05323 0.05323 0.00760 0.03042 0.06844
P65185                         0.05703 0.01901 0.05703 0.04183 0.02281 0.06084 0.07605 0.04563 0.01521 0.09886 0.08365 0.12548 0.01521 0.02281 0.03042 0.06464 0.05323 0.00760 0.03042 0.07224
B7MNN4                         0.11027 0.06464 0.04183 0.06464 0.01521 0.04183 0.08365 0.05323 0.02281 0.06464 0.07224 0.03422 0.01901 0.02662 0.03042 0.06844 0.04563 0.00760 0.01521 0.11787
P62623                         0.10646 0.06464 0.04183 0.06464 0.01521 0.04183 0.08365 0.05323 0.02281 0.06464 0.07224 0.03802 0.01901 0.02662 0.03042 0.06844 0.04183 0.00760 0.01521 0.12167
B7LVN5                         0.10646 0.06464 0.04183 0.06464 0.01521 0.04183 0.08365 0.05323 0.02281 0.06464 0.07224 0.03802 0.01901 0.02662 0.03042 0.06844 0.04183 0.00760 0.01521 0.12167
A0ZJU9                         0.07605 0.03042 0.05323 0.04183 0.01901 0.06844 0.06844 0.05703 0.03422 0.08365 0.06084 0.06084 0.03802 0.03422 0.01901 0.04943 0.06844 0.01521 0.02662 0.09506
A3IW72                         0.05703 0.02662 0.05703 0.04563 0.01901 0.03042 0.07605 0.06084 0.02662 0.07605 0.07224 0.07985 0.03042 0.03802 0.01901 0.06084 0.07985 0.01521 0.02662 0.10266
Q4C6T2                         0.05323 0.03422 0.05323 0.04183 0.01521 0.03802 0.08365 0.06084 0.02662 0.07224 0.08745 0.06084 0.02281 0.03422 0.01521 0.07224 0.07605 0.01521 0.02662 0.11027
B1XPG7                         0.07224 0.03042 0.05703 0.05703 0.01521 0.02662 0.07605 0.06464 0.03422 0.05323 0.07985 0.06844 0.03042 0.04183 0.01901 0.05323 0.07605 0.01521 0.02662 0.10266
C7QLH9                         0.06084 0.03042 0.04183 0.03802 0.01521 0.04943 0.07605 0.05703 0.03802 0.08745 0.07224 0.06084 0.02662 0.03422 0.02281 0.06844 0.08745 0.01521 0.03042 0.08745
B7K4V8                         0.06084 0.03042 0.04183 0.03802 0.01521 0.04943 0.07605 0.05703 0.03802 0.08745 0.07224 0.06084 0.02662 0.03422 0.02281 0.06844 0.08745 0.01521 0.03042 0.08745
P58674                         0.06084 0.03422 0.04943 0.04183 0.01521 0.06464 0.07605 0.06844 0.02662 0.07985 0.06464 0.06844 0.03042 0.03422 0.01901 0.05703 0.06844 0.01521 0.02281 0.10266
Q3M8X6                         0.06084 0.03042 0.04943 0.04183 0.01521 0.06464 0.07605 0.06844 0.02662 0.07985 0.06464 0.07224 0.03042 0.03422 0.01901 0.05703 0.06844 0.01521 0.02281 0.10266
B7KEG3                         0.06464 0.03802 0.04563 0.05703 0.01521 0.03802 0.07224 0.05323 0.03422 0.06464 0.07605 0.06464 0.03042 0.03422 0.01521 0.06084 0.07985 0.01521 0.02662 0.11407
B4B659                         0.05703 0.03422 0.04943 0.04563 0.01521 0.03422 0.09125 0.06084 0.02662 0.06844 0.06844 0.06084 0.03042 0.04183 0.02281 0.06844 0.07224 0.01521 0.02281 0.11407
A2BUP5                         0.06084 0.02662 0.05323 0.04943 0.01521 0.02281 0.07605 0.04943 0.04563 0.09886 0.06464 0.07605 0.03042 0.04563 0.01521 0.07224 0.07605 0.01141 0.02281 0.08745
A8G2S4                         0.06084 0.02662 0.04943 0.05703 0.01521 0.01901 0.07605 0.04943 0.04943 0.09125 0.07605 0.07605 0.02662 0.04183 0.01901 0.06464 0.07605 0.01141 0.02281 0.09125
A9BDN6                         0.05703 0.05703 0.04943 0.04563 0.01521 0.02662 0.08745 0.06084 0.05323 0.07605 0.08365 0.04563 0.02281 0.04183 0.01901 0.06084 0.07605 0.01141 0.01901 0.09125
Q7VDS2                         0.06084 0.05323 0.04563 0.04563 0.01521 0.01901 0.09125 0.06084 0.05323 0.07605 0.08745 0.06084 0.02281 0.04183 0.01901 0.05703 0.07224 0.01141 0.01901 0.08745
B2IZV5                         0.06084 0.03802 0.04563 0.04943 0.01521 0.05703 0.08365 0.05703 0.03042 0.08365 0.06084 0.06084 0.03042 0.03802 0.01901 0.04943 0.07605 0.01521 0.02662 0.10266
B0JVA7                         0.07224 0.03422 0.04943 0.04563 0.01521 0.03422 0.07985 0.05703 0.03042 0.09125 0.06464 0.05323 0.02662 0.03422 0.02281 0.07224 0.07224 0.01521 0.03422 0.09506
B5W033                         0.06464 0.03422 0.04183 0.04943 0.01521 0.04183 0.09506 0.06084 0.03422 0.08365 0.06844 0.06084 0.03422 0.03422 0.01901 0.06464 0.06844 0.01521 0.02662 0.08745
A5GIF7                         0.05703 0.04943 0.04183 0.04943 0.01521 0.04563 0.07985 0.06084 0.03802 0.06844 0.07985 0.04183 0.02662 0.04183 0.01901 0.06464 0.09125 0.01141 0.01521 0.10266
A3PAY5                         0.06084 0.02281 0.05323 0.05323 0.01521 0.01901 0.07605 0.05323 0.04563 0.08365 0.07605 0.08365 0.02281 0.04943 0.01901 0.06464 0.07605 0.01141 0.01521 0.09886
A2BP63                         0.06084 0.02281 0.05323 0.05703 0.01521 0.01901 0.07224 0.05323 0.04563 0.08365 0.07605 0.08365 0.02281 0.04943 0.01901 0.06464 0.07605 0.01141 0.01521 0.09886
Q7V329                         0.06464 0.02281 0.05323 0.06084 0.01521 0.01901 0.07605 0.04943 0.04943 0.09125 0.07224 0.07985 0.02281 0.04563 0.01901 0.06084 0.07605 0.01141 0.01901 0.09125
A3Z8H7                         0.07224 0.06084 0.03042 0.06084 0.01521 0.03042 0.07985 0.05703 0.03802 0.06464 0.08365 0.03422 0.02662 0.03802 0.03042 0.06084 0.08745 0.01141 0.01901 0.09886
B9YGP6                         0.06464 0.03802 0.04943 0.04563 0.01521 0.06464 0.07985 0.05703 0.02281 0.08745 0.06084 0.06464 0.03422 0.03802 0.02281 0.04943 0.07224 0.01521 0.02662 0.09125
Q8DK29                         0.06844 0.04943 0.04563 0.04183 0.01521 0.03422 0.07985 0.06464 0.03422 0.08745 0.07224 0.04563 0.02281 0.03422 0.03042 0.06084 0.07605 0.01521 0.02662 0.09506
A4CT10                         0.05703 0.04943 0.04563 0.04943 0.01521 0.04943 0.07224 0.06464 0.03802 0.06844 0.07985 0.04183 0.02662 0.04183 0.01901 0.06084 0.09125 0.01141 0.01521 0.10266
A0YN97                         0.06084 0.02281 0.04183 0.05323 0.01901 0.03802 0.08745 0.06464 0.03042 0.09125 0.06464 0.07224 0.03042 0.03422 0.01901 0.06844 0.06844 0.01521 0.02662 0.09125
B1WTZ2                         0.06084 0.02662 0.04943 0.05323 0.01521 0.03042 0.07985 0.06084 0.02662 0.07985 0.07224 0.07605 0.02662 0.03422 0.01901 0.06464 0.07605 0.01521 0.02662 0.10646
B8HWD3                         0.06844 0.03422 0.04183 0.04943 0.01521 0.04563 0.08365 0.06084 0.02662 0.07985 0.07224 0.05703 0.02662 0.03422 0.02662 0.06464 0.06844 0.01521 0.03422 0.09506
Q31CR8                         0.06084 0.02281 0.05703 0.05323 0.01521 0.01521 0.07224 0.05323 0.04563 0.08365 0.07605 0.08365 0.02281 0.04943 0.01901 0.06084 0.08365 0.01141 0.01521 0.09886
B0C4N8                         0.05703 0.02662 0.04943 0.05703 0.01521 0.04183 0.07224 0.06464 0.03042 0.08365 0.07224 0.06084 0.02281 0.03802 0.02662 0.06464 0.08365 0.01521 0.02662 0.09125
A2CCK3                         0.06084 0.04563 0.03422 0.05703 0.01901 0.04183 0.08745 0.06084 0.04563 0.06844 0.09125 0.04183 0.02281 0.04183 0.01901 0.06084 0.07605 0.01141 0.01521 0.09886
Q7V4T7                         0.06084 0.04563 0.03422 0.05703 0.01901 0.04183 0.08745 0.06084 0.04563 0.06844 0.09125 0.04183 0.02281 0.04183 0.01901 0.06084 0.07605 0.01141 0.01521 0.09886
Q0IDE5                         0.06464 0.05323 0.03042 0.04943 0.01521 0.03042 0.07985 0.06084 0.04563 0.06084 0.08745 0.03802 0.02662 0.03802 0.02281 0.06464 0.09125 0.01141 0.01901 0.11027
Q55643                         0.07224 0.03042 0.04563 0.04183 0.01521 0.03422 0.09125 0.06464 0.03422 0.06844 0.07605 0.06084 0.03422 0.03422 0.02662 0.06084 0.07605 0.01521 0.01521 0.10266
Q7U9K4                         0.06844 0.04943 0.03422 0.05703 0.01521 0.03042 0.07985 0.06084 0.03802 0.06084 0.08745 0.03802 0.03422 0.03802 0.02281 0.06464 0.09506 0.01141 0.01521 0.09886
Q05QS6                         0.06464 0.05323 0.03802 0.05323 0.01521 0.03422 0.07985 0.06844 0.03802 0.06084 0.07985 0.03802 0.03042 0.03422 0.02281 0.06084 0.08745 0.01141 0.01901 0.11027
Q3AN10                         0.06084 0.05323 0.03802 0.05703 0.01521 0.03422 0.09125 0.06084 0.03802 0.05703 0.07985 0.03802 0.03042 0.04183 0.02281 0.06084 0.08365 0.01141 0.01901 0.10646
Q063J0                         0.06844 0.04943 0.03802 0.05703 0.01521 0.02662 0.08365 0.06084 0.04183 0.05703 0.08365 0.03802 0.03042 0.04183 0.02281 0.06084 0.08745 0.01141 0.01521 0.11027
Q3B080                         0.06844 0.04943 0.03802 0.05703 0.01521 0.02662 0.08365 0.06084 0.04183 0.05703 0.08365 0.03802 0.03042 0.04183 0.02281 0.06084 0.08745 0.01141 0.01521 0.11027
Q5N249                         0.07605 0.04563 0.03802 0.04943 0.01521 0.04183 0.09506 0.05703 0.03802 0.08745 0.07605 0.04183 0.01521 0.04183 0.03042 0.05323 0.07605 0.01521 0.01901 0.08745
Q31S64                         0.07605 0.04563 0.03802 0.04943 0.01521 0.04183 0.09506 0.05703 0.03802 0.08745 0.07605 0.04183 0.01521 0.04183 0.03042 0.05323 0.07605 0.01521 0.01901 0.08745
A3YXD2                         0.07224 0.06084 0.03802 0.04943 0.01521 0.03042 0.07985 0.06464 0.04183 0.06084 0.07985 0.03042 0.03802 0.03802 0.03042 0.05703 0.07605 0.01141 0.01901 0.10646
Q10WA8                         0.07224 0.01521 0.05323 0.05323 0.01521 0.05323 0.06464 0.06084 0.02662 0.08365 0.06464 0.07605 0.03802 0.03802 0.02281 0.06464 0.07605 0.01521 0.02662 0.07985
A5GWG3                         0.06464 0.06084 0.04183 0.05323 0.01521 0.03042 0.07985 0.06844 0.03422 0.06844 0.09125 0.02662 0.01901 0.03422 0.03042 0.06844 0.07224 0.01141 0.01901 0.11027
Q46HB0                         0.05323 0.04183 0.04563 0.05703 0.01521 0.02281 0.07224 0.06464 0.04943 0.06844 0.07985 0.06464 0.03042 0.04943 0.01901 0.06084 0.07985 0.01141 0.01901 0.09506
A2C096                         0.05323 0.04183 0.04563 0.05703 0.01521 0.02281 0.07224 0.06464 0.04943 0.06844 0.07985 0.06464 0.03042 0.04943 0.01901 0.06084 0.07985 0.01141 0.01901 0.09506
Q2JVA7                         0.07985 0.06464 0.04563 0.04183 0.01521 0.04563 0.08745 0.06084 0.03042 0.08365 0.06464 0.03422 0.01901 0.04943 0.03422 0.04943 0.06084 0.02281 0.02281 0.08745
Q2JII4                         0.08745 0.06084 0.04563 0.04183 0.01521 0.05323 0.08365 0.06084 0.03042 0.08365 0.06084 0.03422 0.01901 0.05323 0.03422 0.04943 0.06084 0.02281 0.01901 0.08365
Q7NG74                         0.08745 0.07224 0.03802 0.05323 0.01521 0.03802 0.08365 0.06084 0.02662 0.06464 0.06844 0.03422 0.03042 0.03802 0.02281 0.04183 0.07224 0.01521 0.02281 0.11407

Homogeneity statistic: X2 = 3.30478 G = 3.25191 

Average                        0.06674 0.03773 0.04750 0.05019 0.01720 0.03773 0.08336 0.05756 0.03311 0.08078 0.07388 0.06674 0.02469 0.03832 0.02398 0.06049 0.07142 0.01228 0.02235 0.09395

# constant sites:     32 (12.17%)
ln Lmax (unconstrained) = -1432.786816

AA distances (raw proportions of different sites)

A8EWE4         
A6Q7P9           0.3232
D1B031           0.3650  0.3840
A6Q2R7           0.3536  0.3498  0.3650
Q4HIM5           0.3802  0.4335  0.3840  0.4183
Q30S81           0.4068  0.3916  0.3878  0.3840  0.4335
A8FLU3           0.3954  0.4259  0.3764  0.4183  0.0760  0.4183
A7H3F3           0.3992  0.4221  0.3726  0.4106  0.0951  0.4106  0.0304
Q7M8Y6           0.4106  0.4411  0.4144  0.3954  0.4335  0.4144  0.4335  0.4335
B9L9K5           0.4221  0.4106  0.3916  0.3004  0.4030  0.4106  0.3954  0.3992  0.4259
B9KD74           0.4259  0.4411  0.3536  0.4068  0.1863  0.4411  0.1787  0.1787  0.4297  0.4068
Q4HSB6           0.4335  0.4677  0.3992  0.4297  0.1901  0.4487  0.1559  0.1673  0.4373  0.4221  0.2053
P65185           0.4221  0.4411  0.4068  0.3878  0.4221  0.4183  0.4144  0.4106  0.3802  0.4411  0.4411  0.4373
B7MNN4           0.6996  0.6920  0.6692  0.6958  0.6806  0.6730  0.6882  0.6844  0.6730  0.6920  0.6768  0.6996  0.7034
P62623           0.6996  0.6920  0.6654  0.6920  0.6806  0.6730  0.6882  0.6844  0.6730  0.6920  0.6730  0.6996  0.7034  0.0076
B7LVN5           0.6996  0.6920  0.6654  0.6920  0.6806  0.6730  0.6882  0.6844  0.6730  0.6920  0.6730  0.6996  0.7034  0.0076  0.0000
A0ZJU9           0.6502  0.6464  0.6692  0.6616  0.6882  0.6882  0.6730  0.6692  0.6958  0.6616  0.6578  0.6692  0.6616  0.7148  0.7148  0.7148
A3IW72           0.6388  0.6464  0.6198  0.6502  0.6654  0.6616  0.6540  0.6540  0.6692  0.6426  0.6388  0.6730  0.6464  0.6996  0.6958  0.6958  0.2053
Q4C6T2           0.6426  0.6426  0.6122  0.6426  0.6692  0.6616  0.6578  0.6578  0.6730  0.6426  0.6426  0.6616  0.6464  0.6844  0.6844  0.6844  0.2395  0.1103
B1XPG7           0.6540  0.6464  0.6388  0.6502  0.6616  0.6692  0.6502  0.6502  0.6882  0.6578  0.6502  0.6616  0.6502  0.7072  0.7072  0.7072  0.2243  0.1825  0.2015
C7QLH9           0.6464  0.6426  0.6464  0.6350  0.6768  0.6806  0.6692  0.6692  0.6958  0.6540  0.6654  0.6806  0.6464  0.6958  0.6996  0.6996  0.2281  0.1749  0.1901  0.2243
B7K4V8           0.6464  0.6426  0.6464  0.6350  0.6768  0.6806  0.6692  0.6692  0.6958  0.6540  0.6654  0.6806  0.6464  0.6958  0.6996  0.6996  0.2281  0.1749  0.1901  0.2243  0.0000
P58674           0.6388  0.6540  0.6616  0.6350  0.6844  0.6844  0.6616  0.6616  0.6806  0.6350  0.6654  0.6654  0.6502  0.7186  0.7186  0.7186  0.1065  0.1749  0.2129  0.2091  0.2091  0.2091
Q3M8X6           0.6388  0.6540  0.6578  0.6350  0.6806  0.6806  0.6578  0.6578  0.6768  0.6388  0.6616  0.6616  0.6464  0.7148  0.7148  0.7148  0.1065  0.1711  0.2091  0.2053  0.2091  0.2091  0.0038
B7KEG3           0.6578  0.6616  0.6502  0.6540  0.6920  0.6730  0.6844  0.6844  0.6920  0.6692  0.6616  0.6844  0.6578  0.6920  0.6920  0.6920  0.2281  0.1521  0.2091  0.2015  0.1597  0.1597  0.1977  0.1977
B4B659           0.6502  0.6692  0.6464  0.6502  0.6844  0.6844  0.6806  0.6806  0.7034  0.6654  0.6464  0.6806  0.6730  0.6882  0.6882  0.6882  0.2433  0.1711  0.2281  0.2015  0.1749  0.1749  0.2129  0.2129  0.0837
A2BUP5           0.6616  0.6578  0.6274  0.6540  0.6502  0.6730  0.6502  0.6464  0.7034  0.6464  0.6388  0.6654  0.6616  0.7148  0.7148  0.7148  0.2966  0.2852  0.2928  0.2700  0.3004  0.3004  0.2852  0.2852  0.2966  0.3004
A8G2S4           0.6692  0.6692  0.6388  0.6616  0.6616  0.6844  0.6540  0.6540  0.7148  0.6464  0.6464  0.6730  0.6654  0.7224  0.7224  0.7224  0.2966  0.2814  0.2928  0.2776  0.2966  0.2966  0.2814  0.2814  0.2890  0.3004  0.0722
A9BDN6           0.6616  0.6844  0.6578  0.6692  0.6768  0.7034  0.6616  0.6578  0.7148  0.6692  0.6806  0.6806  0.6844  0.6996  0.6996  0.6996  0.2890  0.2510  0.2548  0.2624  0.2738  0.2738  0.2662  0.2700  0.2738  0.2852  0.1939  0.1825
Q7VDS2           0.6540  0.6768  0.6464  0.6654  0.6692  0.6920  0.6578  0.6540  0.6996  0.6616  0.6768  0.6730  0.6768  0.6958  0.6958  0.6958  0.2966  0.2510  0.2548  0.2738  0.2776  0.2776  0.2700  0.2738  0.2738  0.2890  0.1977  0.1901  0.0532
B2IZV5           0.6616  0.6540  0.6692  0.6502  0.6768  0.6920  0.6578  0.6578  0.6996  0.6464  0.6654  0.6768  0.6578  0.7148  0.7148  0.7148  0.0913  0.1825  0.2167  0.2053  0.1977  0.1977  0.0875  0.0913  0.2015  0.2167  0.2776  0.2738  0.2624  0.2738
B0JVA7           0.6502  0.6502  0.6350  0.6578  0.6730  0.6806  0.6654  0.6654  0.7034  0.6464  0.6540  0.6806  0.6768  0.7110  0.7110  0.7110  0.1939  0.1711  0.2091  0.2053  0.1787  0.1787  0.1711  0.1749  0.1787  0.1749  0.2890  0.2852  0.2624  0.2662  0.1749
B5W033           0.6654  0.6654  0.6464  0.6464  0.6958  0.6996  0.6882  0.6844  0.6958  0.6464  0.6730  0.6958  0.6616  0.7072  0.7072  0.7072  0.2015  0.1863  0.2091  0.1825  0.2129  0.2129  0.1863  0.1901  0.1863  0.2167  0.2814  0.2776  0.2471  0.2586  0.1635  0.1863
A5GIF7           0.6768  0.6806  0.6692  0.6540  0.6692  0.7034  0.6578  0.6578  0.7110  0.6578  0.6578  0.6692  0.6692  0.6806  0.6806  0.6806  0.2928  0.2662  0.2662  0.2510  0.2662  0.2662  0.2662  0.2662  0.2738  0.2700  0.2395  0.2167  0.1445  0.1597  0.2662  0.2662  0.2510
A3PAY5           0.6730  0.6806  0.6464  0.6578  0.6578  0.6958  0.6426  0.6426  0.7072  0.6616  0.6464  0.6578  0.6578  0.6996  0.6996  0.6996  0.2662  0.2586  0.2776  0.2471  0.2700  0.2700  0.2471  0.2433  0.2700  0.2776  0.1445  0.1255  0.1369  0.1407  0.2471  0.2624  0.2586  0.1825
A2BP63           0.6730  0.6806  0.6464  0.6616  0.6578  0.6920  0.6426  0.6426  0.7110  0.6654  0.6464  0.6578  0.6578  0.7034  0.7034  0.7034  0.2662  0.2586  0.2776  0.2433  0.2738  0.2738  0.2510  0.2471  0.2738  0.2814  0.1483  0.1293  0.1369  0.1407  0.2510  0.2586  0.2624  0.1863  0.0038
Q7V329           0.6730  0.6768  0.6464  0.6616  0.6578  0.6920  0.6540  0.6540  0.7110  0.6730  0.6540  0.6654  0.6578  0.7034  0.7034  0.7034  0.2776  0.2738  0.2852  0.2548  0.2814  0.2814  0.2662  0.2624  0.2852  0.2928  0.1407  0.1521  0.1559  0.1597  0.2510  0.2624  0.2586  0.1939  0.0532  0.0494
A3Z8H7           0.6806  0.6730  0.6616  0.6692  0.6882  0.6882  0.6768  0.6768  0.7072  0.6616  0.6844  0.6844  0.6882  0.6920  0.6920  0.6920  0.2852  0.2548  0.2624  0.2433  0.2586  0.2586  0.2548  0.2586  0.2471  0.2586  0.2319  0.2205  0.1255  0.1407  0.2548  0.2471  0.2357  0.0951  0.1863  0.1901  0.1939
B9YGP6           0.6692  0.6654  0.6692  0.6464  0.6768  0.6806  0.6654  0.6616  0.6996  0.6312  0.6692  0.6730  0.6578  0.7186  0.7186  0.7186  0.1445  0.2205  0.2357  0.2205  0.2129  0.2129  0.1331  0.1293  0.2319  0.2395  0.3004  0.3004  0.2928  0.3042  0.1027  0.2129  0.1939  0.2776  0.2624  0.2662  0.2738  0.2700
Q8DK29           0.6654  0.6578  0.6578  0.6502  0.6882  0.6730  0.6768  0.6806  0.6806  0.6464  0.6692  0.6844  0.6502  0.7072  0.7072  0.7072  0.2167  0.1901  0.2243  0.1977  0.1977  0.1977  0.1901  0.1939  0.1825  0.1901  0.2852  0.2738  0.2433  0.2586  0.1939  0.1749  0.1939  0.2433  0.2624  0.2624  0.2586  0.2129  0.2167
A4CT10           0.6806  0.6844  0.6730  0.6654  0.6768  0.6996  0.6654  0.6654  0.7186  0.6692  0.6692  0.6768  0.6730  0.6958  0.6958  0.6958  0.2852  0.2586  0.2700  0.2471  0.2700  0.2700  0.2624  0.2624  0.2700  0.2662  0.2357  0.2129  0.1369  0.1483  0.2624  0.2624  0.2548  0.0190  0.1825  0.1825  0.1863  0.0989  0.2776  0.2357
A0YN97           0.6578  0.6692  0.6578  0.6388  0.6844  0.6730  0.6806  0.6768  0.6844  0.6388  0.6768  0.6920  0.6464  0.7148  0.7148  0.7148  0.1939  0.1787  0.1939  0.2053  0.1901  0.1901  0.1673  0.1635  0.1825  0.2053  0.2890  0.2852  0.2662  0.2738  0.1597  0.2015  0.1255  0.2662  0.2510  0.2548  0.2586  0.2510  0.1711  0.2053  0.2662
B1WTZ2           0.6464  0.6502  0.6198  0.6464  0.6692  0.6654  0.6578  0.6578  0.6730  0.6464  0.6388  0.6654  0.6464  0.6882  0.6844  0.6844  0.2015  0.0418  0.0951  0.1711  0.1749  0.1749  0.1673  0.1635  0.1521  0.1673  0.2738  0.2662  0.2510  0.2433  0.1749  0.1673  0.1749  0.2548  0.2433  0.2433  0.2586  0.2433  0.2015  0.1901  0.2510  0.1673
B8HWD3           0.6616  0.6388  0.6540  0.6426  0.6692  0.6730  0.6654  0.6616  0.6958  0.6502  0.6464  0.6692  0.6654  0.7110  0.7110  0.7110  0.2015  0.1977  0.2091  0.2053  0.2167  0.2167  0.1749  0.1787  0.1977  0.1901  0.2928  0.2852  0.2662  0.2776  0.1825  0.1787  0.1825  0.2890  0.2738  0.2738  0.2852  0.2586  0.2015  0.1559  0.2814  0.1825  0.1863
Q31CR8           0.6730  0.6844  0.6540  0.6616  0.6540  0.6958  0.6388  0.6388  0.7148  0.6616  0.6426  0.6540  0.6578  0.7034  0.7034  0.7034  0.2776  0.2662  0.2814  0.2510  0.2776  0.2776  0.2624  0.2586  0.2814  0.2890  0.1559  0.1369  0.1407  0.1521  0.2586  0.2700  0.2662  0.1901  0.0266  0.0228  0.0646  0.1977  0.2738  0.2662  0.1863  0.2662  0.2510  0.2776
B0C4N8           0.6654  0.6806  0.6616  0.6578  0.6882  0.6806  0.6844  0.6806  0.6996  0.6730  0.6654  0.6806  0.6692  0.7224  0.7224  0.7224  0.2395  0.2205  0.2548  0.2091  0.2319  0.2319  0.2129  0.2129  0.2053  0.2015  0.3042  0.2928  0.2852  0.2966  0.2281  0.2167  0.2015  0.3042  0.2700  0.2738  0.2852  0.2814  0.2319  0.1901  0.3004  0.2129  0.2091  0.1483  0.2776
A2CCK3           0.6806  0.6806  0.6502  0.6882  0.6768  0.6996  0.6692  0.6692  0.7148  0.6768  0.6730  0.6844  0.6806  0.6920  0.6920  0.6920  0.2928  0.2662  0.2700  0.2662  0.2852  0.2852  0.2700  0.2700  0.2814  0.2852  0.2091  0.1825  0.0837  0.1027  0.2700  0.2738  0.2662  0.1293  0.1559  0.1559  0.1787  0.1217  0.2966  0.2510  0.1217  0.2776  0.2586  0.2776  0.1673  0.2928
Q7V4T7           0.6806  0.6806  0.6540  0.6882  0.6806  0.6996  0.6730  0.6730  0.7148  0.6768  0.6768  0.6882  0.6806  0.6920  0.6920  0.6920  0.2928  0.2662  0.2662  0.2662  0.2852  0.2852  0.2700  0.2700  0.2814  0.2852  0.2129  0.1901  0.0798  0.1065  0.2700  0.2738  0.2662  0.1293  0.1635  0.1635  0.1825  0.1217  0.2966  0.2510  0.1217  0.2776  0.2586  0.2776  0.1749  0.2928  0.0076
Q0IDE5           0.6882  0.6768  0.6654  0.6692  0.6882  0.6920  0.6768  0.6768  0.7072  0.6578  0.6730  0.6882  0.6844  0.6920  0.6920  0.6920  0.2928  0.2586  0.2624  0.2433  0.2776  0.2776  0.2624  0.2662  0.2662  0.2738  0.2395  0.2281  0.1369  0.1521  0.2586  0.2624  0.2471  0.0875  0.1939  0.1977  0.2091  0.0570  0.2814  0.2205  0.0989  0.2586  0.2510  0.2700  0.2053  0.2928  0.1179  0.1179
Q55643           0.6616  0.6540  0.6426  0.6692  0.6958  0.6882  0.6806  0.6806  0.6844  0.6692  0.6692  0.6882  0.6692  0.6844  0.6844  0.6844  0.2281  0.1787  0.1939  0.1711  0.2281  0.2281  0.2053  0.2053  0.2015  0.2053  0.3004  0.2890  0.2586  0.2586  0.2129  0.1787  0.2129  0.2548  0.2852  0.2852  0.2966  0.2395  0.2433  0.1673  0.2510  0.2205  0.1787  0.1939  0.2928  0.2433  0.2510  0.2510  0.2433
Q7U9K4           0.6768  0.6692  0.6540  0.6616  0.6844  0.6882  0.6692  0.6654  0.7072  0.6730  0.6768  0.6768  0.6844  0.7034  0.7034  0.7034  0.2890  0.2548  0.2624  0.2319  0.2624  0.2624  0.2510  0.2548  0.2548  0.2586  0.2357  0.2205  0.1369  0.1483  0.2548  0.2586  0.2433  0.1065  0.1977  0.1977  0.2091  0.0798  0.2776  0.2243  0.0989  0.2548  0.2471  0.2624  0.2015  0.2814  0.1331  0.1331  0.1027  0.2243
Q05QS6           0.6882  0.6806  0.6692  0.6692  0.6844  0.6920  0.6692  0.6692  0.7110  0.6578  0.6768  0.6806  0.6882  0.6920  0.6920  0.6920  0.2928  0.2548  0.2624  0.2433  0.2738  0.2738  0.2471  0.2510  0.2624  0.2662  0.2433  0.2205  0.1293  0.1331  0.2510  0.2586  0.2433  0.0798  0.1901  0.1939  0.2053  0.0684  0.2738  0.2281  0.0837  0.2548  0.2433  0.2624  0.2015  0.2852  0.1065  0.1103  0.0646  0.2357  0.0798
Q3AN10           0.6844  0.6692  0.6578  0.6578  0.6844  0.6920  0.6692  0.6692  0.7148  0.6654  0.6768  0.6806  0.6844  0.6920  0.6920  0.6920  0.2776  0.2510  0.2548  0.2319  0.2471  0.2471  0.2395  0.2433  0.2510  0.2548  0.2205  0.2053  0.1179  0.1331  0.2395  0.2433  0.2281  0.0951  0.1711  0.1749  0.1863  0.0684  0.2624  0.2243  0.0951  0.2357  0.2395  0.2548  0.1787  0.2814  0.1255  0.1255  0.0875  0.2319  0.0532  0.0646
Q063J0           0.6882  0.6730  0.6578  0.6692  0.6882  0.6996  0.6730  0.6730  0.7186  0.6730  0.6768  0.6844  0.6844  0.6958  0.6958  0.6958  0.3004  0.2624  0.2700  0.2395  0.2586  0.2586  0.2586  0.2624  0.2700  0.2738  0.2243  0.2129  0.1331  0.1445  0.2624  0.2700  0.2471  0.1103  0.1825  0.1863  0.1977  0.0875  0.2890  0.2395  0.1103  0.2624  0.2510  0.2700  0.1901  0.2890  0.1255  0.1255  0.0989  0.2357  0.0608  0.0837  0.0494
Q3B080           0.6882  0.6730  0.6578  0.6692  0.6882  0.6996  0.6730  0.6730  0.7186  0.6730  0.6768  0.6844  0.6844  0.6958  0.6958  0.6958  0.3004  0.2624  0.2700  0.2395  0.2586  0.2586  0.2586  0.2624  0.2700  0.2738  0.2243  0.2129  0.1331  0.1445  0.2624  0.2700  0.2471  0.1103  0.1825  0.1863  0.1977  0.0875  0.2890  0.2395  0.1103  0.2624  0.2510  0.2700  0.1901  0.2890  0.1255  0.1255  0.0989  0.2357  0.0608  0.0837  0.0494  0.0000
Q5N249           0.6768  0.6806  0.6540  0.6464  0.6882  0.6920  0.6806  0.6806  0.6996  0.6502  0.6806  0.6882  0.6730  0.6844  0.6844  0.6844  0.2433  0.2129  0.2281  0.2167  0.2281  0.2281  0.1977  0.2015  0.2167  0.2053  0.2738  0.2548  0.2319  0.2510  0.1977  0.1977  0.2053  0.2281  0.2319  0.2357  0.2510  0.2015  0.2167  0.1939  0.2319  0.2015  0.1977  0.1901  0.2433  0.2167  0.2319  0.2319  0.2205  0.2015  0.2167  0.2053  0.2053  0.2167  0.2167
Q31S64           0.6768  0.6806  0.6540  0.6464  0.6882  0.6920  0.6806  0.6806  0.6996  0.6502  0.6806  0.6882  0.6730  0.6844  0.6844  0.6844  0.2433  0.2129  0.2281  0.2167  0.2281  0.2281  0.1977  0.2015  0.2167  0.2053  0.2738  0.2548  0.2319  0.2510  0.1977  0.1977  0.2053  0.2281  0.2319  0.2357  0.2510  0.2015  0.2167  0.1939  0.2319  0.2015  0.1977  0.1901  0.2433  0.2167  0.2319  0.2319  0.2205  0.2015  0.2167  0.2053  0.2053  0.2167  0.2167  0.0000
A3YXD2           0.6806  0.6730  0.6540  0.6654  0.6768  0.6958  0.6730  0.6730  0.7034  0.6578  0.6730  0.6844  0.6806  0.7072  0.7072  0.7072  0.2814  0.2548  0.2700  0.2471  0.2700  0.2700  0.2510  0.2548  0.2662  0.2738  0.2433  0.2243  0.1369  0.1483  0.2510  0.2548  0.2357  0.1369  0.1939  0.1939  0.2053  0.1065  0.2776  0.2243  0.1331  0.2357  0.2471  0.2586  0.1977  0.2776  0.1445  0.1445  0.1255  0.2433  0.1293  0.1141  0.1065  0.1217  0.1217  0.2053  0.2053
Q10WA8           0.6730  0.6692  0.6692  0.6616  0.6882  0.7072  0.6806  0.6768  0.7224  0.6692  0.6806  0.6996  0.6844  0.7262  0.7262  0.7262  0.2662  0.2700  0.2814  0.2928  0.2471  0.2471  0.2395  0.2395  0.2548  0.2662  0.3346  0.3384  0.3422  0.3498  0.2433  0.2395  0.2243  0.3308  0.3270  0.3308  0.3346  0.3232  0.2662  0.2738  0.3346  0.2243  0.2700  0.2624  0.3308  0.2814  0.3460  0.3460  0.3384  0.2776  0.3270  0.3384  0.3118  0.3308  0.3308  0.2852  0.2852  0.3232
A5GWG3           0.6844  0.6540  0.6502  0.6578  0.6692  0.6844  0.6654  0.6616  0.7186  0.6426  0.6654  0.6844  0.6654  0.7034  0.7034  0.7034  0.2928  0.2548  0.2548  0.2281  0.2700  0.2700  0.2662  0.2700  0.2776  0.2624  0.2776  0.2510  0.1787  0.1939  0.2700  0.2471  0.2548  0.1635  0.2395  0.2395  0.2510  0.1445  0.2814  0.2167  0.1635  0.2586  0.2433  0.2510  0.2433  0.2738  0.1787  0.1787  0.1445  0.2243  0.1635  0.1445  0.1369  0.1559  0.1559  0.1939  0.1939  0.1255  0.3460
Q46HB0           0.6768  0.6882  0.6540  0.6806  0.6692  0.7072  0.6730  0.6730  0.6958  0.6882  0.6730  0.6806  0.6654  0.6996  0.6996  0.6996  0.2890  0.2738  0.2700  0.2510  0.2776  0.2776  0.2814  0.2776  0.2814  0.2890  0.2167  0.1939  0.1103  0.1445  0.2700  0.2776  0.2433  0.1673  0.1521  0.1521  0.1635  0.1673  0.2966  0.2586  0.1673  0.2662  0.2662  0.2814  0.1521  0.2814  0.1331  0.1293  0.1673  0.2814  0.1673  0.1711  0.1521  0.1635  0.1635  0.2586  0.2586  0.1483  0.3422  0.2091
A2C096           0.6768  0.6882  0.6540  0.6806  0.6692  0.7072  0.6730  0.6730  0.6958  0.6882  0.6730  0.6806  0.6654  0.6996  0.6996  0.6996  0.2890  0.2738  0.2700  0.2510  0.2776  0.2776  0.2814  0.2776  0.2814  0.2890  0.2167  0.1939  0.1103  0.1445  0.2700  0.2776  0.2433  0.1673  0.1521  0.1521  0.1635  0.1673  0.2966  0.2586  0.1673  0.2662  0.2662  0.2814  0.1521  0.2814  0.1331  0.1293  0.1673  0.2814  0.1673  0.1711  0.1521  0.1635  0.1635  0.2586  0.2586  0.1483  0.3422  0.2091  0.0000
Q2JVA7           0.6920  0.6464  0.6654  0.6578  0.6730  0.6996  0.6768  0.6768  0.7186  0.6502  0.6768  0.7034  0.6806  0.6996  0.6996  0.6996  0.3346  0.3232  0.3536  0.3194  0.3080  0.3080  0.3156  0.3194  0.3384  0.3232  0.3764  0.3688  0.3498  0.3460  0.3042  0.3156  0.2928  0.3422  0.3574  0.3612  0.3612  0.3194  0.3004  0.2890  0.3460  0.3232  0.3042  0.3118  0.3612  0.3270  0.3498  0.3498  0.3346  0.3270  0.3346  0.3384  0.3270  0.3232  0.3232  0.2776  0.2776  0.3498  0.3574  0.3194  0.3840  0.3840
Q2JII4           0.6882  0.6502  0.6654  0.6578  0.6920  0.6996  0.6958  0.6958  0.7148  0.6578  0.6920  0.7186  0.6882  0.6920  0.6920  0.6920  0.3422  0.3270  0.3574  0.3232  0.3118  0.3118  0.3232  0.3270  0.3384  0.3270  0.3802  0.3726  0.3498  0.3422  0.3118  0.3194  0.2928  0.3422  0.3574  0.3612  0.3612  0.3156  0.3080  0.2966  0.3460  0.3270  0.3080  0.3194  0.3650  0.3346  0.3498  0.3498  0.3308  0.3270  0.3346  0.3346  0.3270  0.3232  0.3232  0.2700  0.2700  0.3498  0.3612  0.3232  0.3840  0.3840  0.0380
Q7NG74           0.6920  0.6882  0.6806  0.6692  0.7110  0.7034  0.7072  0.7034  0.7110  0.6730  0.7072  0.7148  0.6996  0.6920  0.6920  0.6920  0.3080  0.3080  0.3080  0.3004  0.3270  0.3270  0.2890  0.2928  0.3156  0.3232  0.3650  0.3498  0.3118  0.3270  0.2928  0.2928  0.2662  0.3156  0.3422  0.3422  0.3384  0.3004  0.3004  0.2776  0.3118  0.2966  0.2966  0.2814  0.3460  0.3194  0.3156  0.3194  0.3080  0.2928  0.2966  0.3042  0.3042  0.3042  0.3042  0.2624  0.2624  0.3042  0.3384  0.3118  0.3536  0.3536  0.3156  0.3080


TREE #  1:  (15, 16, (14, ((((1, 2), (10, 4)), ((6, (3, (11, (12, (8, (5, 7)))))), (9, 13))), (((23, 24), (39, (31, 17))), ((33, (42, 59)), (((44, 46), (((56, 57), (60, (58, ((53, (51, (54, 55))), (((34, 41), (49, ((47, 48), ((29, 30), ((61, 62), ((27, 28), (37, (36, (45, 35))))))))), (38, 52)))))), (40, (65, (63, 64))))), (20, (((21, 22), (25, 26)), ((19, (43, 18)), (32, 50))))))))));   MP score: 1974
lnL(ntime:127  np:128): -10261.808573      +0.000000
  66..15   66..16   66..67   67..14   67..68   68..69   69..70   70..71   71..1    71..2    70..72   72..10   72..4    69..73   73..74   74..6    74..75   75..3    75..76   76..11   76..77   77..12   77..78   78..8    78..79   79..5    79..7    73..80   80..9    80..13   68..81   81..82   82..83   83..23   83..24   82..84   84..39   84..85   85..31   85..17   81..86   86..87   87..33   87..88   88..42   88..59   86..89   89..90   90..91   91..44   91..46   90..92   92..93   93..94   94..56   94..57   93..95   95..60   95..96   96..58   96..97   97..98   98..53   98..99   99..51   99..100 100..54  100..55   97..101 101..102 102..103 103..34  103..41  102..104 104..49  104..105 105..106 106..47  106..48  105..107 107..108 108..29  108..30  107..109 109..110 110..61  110..62  109..111 111..112 112..27  112..28  111..113 113..37  113..114 114..36  114..115 115..45  115..35  101..116 116..38  116..52   92..117 117..40  117..118 118..65  118..119 119..63  119..64   89..120 120..20  120..121 121..122 122..123 123..21  123..22  122..124 124..25  124..26  121..125 125..126 126..19  126..127 127..43  127..18  125..128 128..32  128..50 
 0.000004 0.000004 0.011097 0.000004 3.014170 1.442078 0.047640 0.269263 0.435824 0.469605 0.118046 0.499786 0.274051 0.062350 0.104979 0.681284 0.108121 0.403619 0.521604 0.164862 0.089091 0.162969 0.121161 0.031900 0.012089 0.115947 0.000004 0.253162 0.544403 0.553326 2.533789 0.063269 0.100618 0.000004 0.005430 0.013158 0.132925 0.032348 0.023680 0.129534 0.048161 0.039855 0.103297 0.020198 0.114713 0.365607 0.045606 0.044049 0.067272 0.110178 0.173410 0.036424 0.084002 0.130794 0.000004 0.000004 0.213144 0.104748 0.051475 0.091346 0.092646 0.034319 0.023145 0.009482 0.051041 0.055013 0.000004 0.000004 0.029701 0.012554 0.072738 0.011140 0.017097 0.004770 0.076582 0.131130 0.037331 0.008221 0.002848 0.071894 0.021601 0.009059 0.072319 0.067006 0.104604 0.000004 0.000004 0.139474 0.153362 0.083228 0.033054 0.036208 0.060488 0.017269 0.000004 0.000004 0.034064 0.005306 0.003754 0.076294 0.038726 0.030336 0.175557 0.098622 0.406573 0.452046 0.032359 0.028201 0.022552 0.224021 0.015838 0.088066 0.185268 0.000004 0.000004 0.076273 0.055205 0.084217 0.013139 0.139768 0.137704 0.005654 0.013981 0.050425 0.042259 0.138547 0.244420 0.625477

tree length =  19.85001

(15: 0.000004, 16: 0.000004, (14: 0.000004, ((((1: 0.435824, 2: 0.469605): 0.269263, (10: 0.499786, 4: 0.274051): 0.118046): 0.047640, ((6: 0.681284, (3: 0.403619, (11: 0.164862, (12: 0.162969, (8: 0.031900, (5: 0.115947, 7: 0.000004): 0.012089): 0.121161): 0.089091): 0.521604): 0.108121): 0.104979, (9: 0.544403, 13: 0.553326): 0.253162): 0.062350): 1.442078, (((23: 0.000004, 24: 0.005430): 0.100618, (39: 0.132925, (31: 0.023680, 17: 0.129534): 0.032348): 0.013158): 0.063269, ((33: 0.103297, (42: 0.114713, 59: 0.365607): 0.020198): 0.039855, (((44: 0.110178, 46: 0.173410): 0.067272, (((56: 0.000004, 57: 0.000004): 0.130794, (60: 0.104748, (58: 0.091346, ((53: 0.023145, (51: 0.051041, (54: 0.000004, 55: 0.000004): 0.055013): 0.009482): 0.034319, (((34: 0.011140, 41: 0.017097): 0.072738, (49: 0.076582, ((47: 0.008221, 48: 0.002848): 0.037331, ((29: 0.009059, 30: 0.072319): 0.021601, ((61: 0.000004, 62: 0.000004): 0.104604, ((27: 0.083228, 28: 0.033054): 0.153362, (37: 0.060488, (36: 0.000004, (45: 0.034064, 35: 0.005306): 0.000004): 0.017269): 0.036208): 0.139474): 0.067006): 0.071894): 0.131130): 0.004770): 0.012554, (38: 0.076294, 52: 0.038726): 0.003754): 0.029701): 0.092646): 0.051475): 0.213144): 0.084002, (40: 0.175557, (65: 0.406573, (63: 0.032359, 64: 0.028201): 0.452046): 0.098622): 0.030336): 0.036424): 0.044049, (20: 0.224021, (((21: 0.000004, 22: 0.000004): 0.185268, (25: 0.055205, 26: 0.084217): 0.076273): 0.088066, ((19: 0.137704, (43: 0.013981, 18: 0.050425): 0.005654): 0.139768, (32: 0.138547, 50: 0.244420): 0.042259): 0.013139): 0.015838): 0.022552): 0.045606): 0.048161): 2.533789): 3.014170): 0.011097);

(P62623: 0.000004, B7LVN5: 0.000004, (B7MNN4: 0.000004, ((((A8EWE4: 0.435824, A6Q7P9: 0.469605): 0.269263, (B9L9K5: 0.499786, A6Q2R7: 0.274051): 0.118046): 0.047640, ((Q30S81: 0.681284, (D1B031: 0.403619, (B9KD74: 0.164862, (Q4HSB6: 0.162969, (A7H3F3: 0.031900, (Q4HIM5: 0.115947, A8FLU3: 0.000004): 0.012089): 0.121161): 0.089091): 0.521604): 0.108121): 0.104979, (Q7M8Y6: 0.544403, P65185: 0.553326): 0.253162): 0.062350): 1.442078, (((P58674: 0.000004, Q3M8X6: 0.005430): 0.100618, (B9YGP6: 0.132925, (B2IZV5: 0.023680, A0ZJU9: 0.129534): 0.032348): 0.013158): 0.063269, ((B5W033: 0.103297, (A0YN97: 0.114713, Q10WA8: 0.365607): 0.020198): 0.039855, (((B8HWD3: 0.110178, B0C4N8: 0.173410): 0.067272, (((Q5N249: 0.000004, Q31S64: 0.000004): 0.130794, (A5GWG3: 0.104748, (A3YXD2: 0.091346, ((Q3AN10: 0.023145, (Q7U9K4: 0.051041, (Q063J0: 0.000004, Q3B080: 0.000004): 0.055013): 0.009482): 0.034319, (((A5GIF7: 0.011140, A4CT10: 0.017097): 0.072738, (Q0IDE5: 0.076582, ((A2CCK3: 0.008221, Q7V4T7: 0.002848): 0.037331, ((A9BDN6: 0.009059, Q7VDS2: 0.072319): 0.021601, ((Q46HB0: 0.000004, A2C096: 0.000004): 0.104604, ((A2BUP5: 0.083228, A8G2S4: 0.033054): 0.153362, (Q7V329: 0.060488, (A2BP63: 0.000004, (Q31CR8: 0.034064, A3PAY5: 0.005306): 0.000004): 0.017269): 0.036208): 0.139474): 0.067006): 0.071894): 0.131130): 0.004770): 0.012554, (A3Z8H7: 0.076294, Q05QS6: 0.038726): 0.003754): 0.029701): 0.092646): 0.051475): 0.213144): 0.084002, (Q8DK29: 0.175557, (Q7NG74: 0.406573, (Q2JVA7: 0.032359, Q2JII4: 0.028201): 0.452046): 0.098622): 0.030336): 0.036424): 0.044049, (B1XPG7: 0.224021, (((C7QLH9: 0.000004, B7K4V8: 0.000004): 0.185268, (B7KEG3: 0.055205, B4B659: 0.084217): 0.076273): 0.088066, ((Q4C6T2: 0.137704, (B1WTZ2: 0.013981, A3IW72: 0.050425): 0.005654): 0.139768, (B0JVA7: 0.138547, Q55643: 0.244420): 0.042259): 0.013139): 0.015838): 0.022552): 0.045606): 0.048161): 2.533789): 3.014170): 0.011097);

Detailed output identifying parameters

alpha (gamma, K = 4) =  0.62548
rate:   0.05840  0.32614  0.89378  2.72168
freq:   0.25000  0.25000  0.25000  0.25000

Time used: 24:46
