AAML (in paml version 4.6, August 2012)  295.aa
Model: Empirical for branches,  Global clock  (../../../bin/LG.dat) dGamma (ncatG=4) ns =  65  ls = 232


Frequencies..
                                    A      R      N      D      C      Q      E      G      H      I      L      K      M      F      P      S      T      W      Y      V
A8EVV3                         0.02155 0.03017 0.06897 0.05172 0.00862 0.03017 0.08621 0.06034 0.01724 0.11638 0.09052 0.10776 0.00000 0.06034 0.02586 0.06034 0.04741 0.00000 0.05603 0.06034
D1B2R9                         0.05172 0.04741 0.03017 0.04310 0.02155 0.03017 0.07759 0.07328 0.02586 0.09052 0.09914 0.08190 0.00862 0.06897 0.02155 0.06897 0.04741 0.00000 0.03879 0.07328
Q30QW2                         0.05603 0.04741 0.04310 0.04741 0.00431 0.01293 0.08621 0.06897 0.04741 0.07328 0.10345 0.09052 0.00431 0.06466 0.02155 0.06034 0.05603 0.00000 0.03017 0.08190
A6Q431                         0.05172 0.06466 0.01293 0.06034 0.01293 0.03448 0.05172 0.07328 0.02155 0.09052 0.09483 0.09483 0.01293 0.06466 0.03017 0.06034 0.03879 0.00431 0.03879 0.08621
A6Q7G4                         0.05603 0.06034 0.03448 0.05172 0.01293 0.01724 0.08190 0.07328 0.02586 0.08190 0.10345 0.07759 0.01724 0.04741 0.03017 0.04310 0.05603 0.00431 0.04741 0.07759
Q7M9Y5                         0.06466 0.07328 0.03448 0.02586 0.00431 0.01724 0.09483 0.09052 0.03017 0.06034 0.10776 0.05172 0.00862 0.07328 0.03879 0.06466 0.03879 0.00000 0.03879 0.08190
B9KG19                         0.07328 0.02155 0.06034 0.06897 0.01293 0.03017 0.05603 0.04310 0.01724 0.10345 0.10345 0.14224 0.00431 0.08621 0.01724 0.04310 0.04310 0.00000 0.03017 0.04310
O25719                         0.04741 0.05172 0.03879 0.04741 0.00862 0.04741 0.06897 0.04741 0.02586 0.08190 0.14655 0.09914 0.01293 0.05603 0.03879 0.05603 0.02586 0.00431 0.03017 0.06466
B9L9U1                         0.01724 0.04310 0.07759 0.06466 0.00862 0.02586 0.06466 0.07328 0.02155 0.12500 0.10345 0.11207 0.00862 0.06466 0.02586 0.03879 0.06466 0.00000 0.02155 0.03879
Q4HH79                         0.06897 0.02586 0.04741 0.06466 0.01724 0.04310 0.09914 0.06466 0.00862 0.09052 0.11638 0.11207 0.00431 0.06897 0.00431 0.06466 0.02155 0.00000 0.02586 0.05172
A8FL13                         0.04741 0.02586 0.04741 0.05603 0.01293 0.04310 0.07759 0.07328 0.00862 0.09052 0.11638 0.13362 0.00431 0.09052 0.00431 0.07759 0.01724 0.00000 0.02586 0.04741
A7H3U2                         0.04310 0.03017 0.06034 0.05172 0.01293 0.04310 0.08190 0.07328 0.00862 0.09052 0.12500 0.11207 0.00000 0.08621 0.00431 0.08621 0.02155 0.00000 0.02586 0.04310
Q4HTF0                         0.05172 0.06034 0.03448 0.04310 0.00431 0.03448 0.09914 0.04741 0.02586 0.07759 0.12931 0.11638 0.00431 0.09483 0.00862 0.06466 0.03017 0.00000 0.01724 0.05603
Q05WW9                         0.09052 0.09052 0.02155 0.03879 0.00431 0.07328 0.05172 0.08621 0.02155 0.02586 0.15517 0.00862 0.02155 0.03448 0.04741 0.05603 0.06466 0.01293 0.00862 0.08621
Q5N3A2                         0.08621 0.07759 0.02155 0.04310 0.01293 0.10345 0.03879 0.06897 0.02155 0.03448 0.15517 0.02155 0.00000 0.03448 0.06034 0.05603 0.05172 0.01293 0.01293 0.08621
Q31QZ5                         0.08621 0.07759 0.02155 0.04310 0.01293 0.10345 0.03879 0.06897 0.02155 0.03448 0.15517 0.02155 0.00000 0.03448 0.06034 0.05603 0.05172 0.01293 0.01293 0.08621
B9YK11                         0.04741 0.04741 0.03448 0.05172 0.01293 0.07328 0.06034 0.05603 0.01293 0.06034 0.14224 0.05603 0.00431 0.05172 0.06034 0.03448 0.07759 0.00431 0.01293 0.09914
Q7V8I2                         0.09914 0.08621 0.02155 0.03879 0.00862 0.05603 0.06897 0.07759 0.00862 0.03448 0.14655 0.03017 0.02586 0.03448 0.04741 0.06034 0.05172 0.01293 0.00862 0.08190
A2CB19                         0.09483 0.08621 0.02155 0.03879 0.00862 0.05603 0.06466 0.07759 0.00862 0.02586 0.15517 0.03448 0.02586 0.03448 0.04741 0.05603 0.06034 0.01293 0.00862 0.08190
Q2JJM0                         0.07328 0.09914 0.01724 0.03448 0.01293 0.07759 0.06034 0.07328 0.03017 0.03448 0.13362 0.01293 0.00431 0.04741 0.06897 0.03017 0.06897 0.01724 0.01293 0.09052
Q0IC15                         0.09914 0.10345 0.03017 0.04741 0.00000 0.07328 0.05603 0.08621 0.00862 0.02586 0.15517 0.01724 0.00862 0.03448 0.04741 0.05603 0.03448 0.01293 0.00862 0.09483
Q2JS55                         0.08621 0.09914 0.01724 0.02586 0.00862 0.07328 0.06466 0.07759 0.03017 0.03879 0.13362 0.01293 0.00431 0.04741 0.07328 0.03017 0.05603 0.01724 0.01293 0.09052
B8HX51                         0.08621 0.07328 0.02586 0.03448 0.01293 0.08621 0.06034 0.07328 0.01293 0.03879 0.13362 0.02155 0.00431 0.06034 0.05603 0.04310 0.05603 0.00431 0.02155 0.09483
B2IUA4                         0.04310 0.04741 0.02586 0.03879 0.01293 0.08621 0.06897 0.06466 0.01293 0.05603 0.15086 0.05172 0.00431 0.05172 0.05172 0.04741 0.06897 0.00431 0.01724 0.09483
Q4C9C3                         0.04310 0.07759 0.03017 0.03017 0.01293 0.07328 0.04310 0.06897 0.00862 0.06897 0.13793 0.05603 0.01724 0.04310 0.04310 0.06034 0.06034 0.00431 0.02586 0.09483
Q3MB96                         0.04310 0.06466 0.02155 0.04310 0.00862 0.08190 0.06466 0.06466 0.00862 0.06897 0.12931 0.04310 0.00862 0.04310 0.05603 0.05172 0.06466 0.00862 0.02155 0.10345
B5W1J4                         0.04741 0.07328 0.02155 0.04741 0.01293 0.07328 0.05172 0.07328 0.02155 0.04741 0.15086 0.02586 0.00862 0.04741 0.05603 0.04741 0.07328 0.00431 0.03017 0.08621
B0C6V5                         0.09052 0.03448 0.03017 0.04741 0.01724 0.08190 0.04310 0.06897 0.01724 0.04310 0.13362 0.03017 0.00862 0.04741 0.05603 0.06897 0.06897 0.00862 0.02155 0.08190
Q8YMT1                         0.04741 0.06466 0.02155 0.04741 0.01293 0.07759 0.06466 0.06466 0.00431 0.06466 0.13362 0.04741 0.00431 0.04310 0.05603 0.04741 0.06466 0.00862 0.02155 0.10345
Q3AX17                         0.10776 0.09483 0.02586 0.05172 0.00000 0.06466 0.06466 0.08190 0.02155 0.03017 0.15517 0.03017 0.01293 0.03448 0.04310 0.04741 0.01724 0.01293 0.00862 0.09483
B1WSX8                         0.04741 0.06466 0.03017 0.03879 0.01724 0.07328 0.04310 0.06466 0.01293 0.06897 0.14224 0.06897 0.00431 0.04741 0.04310 0.05603 0.05603 0.00431 0.02155 0.09483
Q46JJ8                         0.06897 0.06034 0.04741 0.03879 0.00000 0.02155 0.06897 0.06034 0.03017 0.07328 0.13793 0.09483 0.00862 0.04310 0.04310 0.06034 0.04310 0.01293 0.01293 0.07328
B4B592                         0.06466 0.05603 0.01724 0.03448 0.02155 0.06466 0.07328 0.07759 0.01724 0.06466 0.14224 0.04741 0.00862 0.04310 0.04741 0.06034 0.06034 0.00862 0.02155 0.06897
Q7VAV6                         0.06034 0.05603 0.03879 0.04310 0.00000 0.03879 0.06034 0.07328 0.01724 0.08190 0.13362 0.08621 0.01293 0.03879 0.04310 0.07328 0.05172 0.00862 0.01293 0.06897
A3J008                         0.05172 0.06897 0.03879 0.03017 0.01293 0.07328 0.03879 0.06897 0.01293 0.06466 0.13793 0.06034 0.00862 0.05172 0.04310 0.05603 0.05603 0.00431 0.02586 0.09483
A2C438                         0.06466 0.05603 0.05172 0.03879 0.00000 0.02155 0.07328 0.06034 0.03448 0.07328 0.13793 0.08621 0.00862 0.04310 0.04310 0.06897 0.04310 0.01293 0.00862 0.07328
B1XK21                         0.09483 0.04741 0.02155 0.03879 0.00862 0.09052 0.04310 0.06897 0.03448 0.05172 0.13793 0.02586 0.00000 0.04310 0.05172 0.05172 0.08621 0.00431 0.03017 0.06897
A0ZGE2                         0.03879 0.05603 0.03017 0.04310 0.01293 0.09052 0.05172 0.06466 0.01724 0.05172 0.15086 0.04310 0.00862 0.04310 0.06034 0.05172 0.06466 0.00431 0.02586 0.09052
A3ZAD2                         0.09914 0.12069 0.01293 0.06466 0.00431 0.05172 0.05603 0.09483 0.01293 0.02155 0.16379 0.00862 0.00862 0.03879 0.04310 0.05172 0.03448 0.01293 0.00862 0.09052
A9BBN6                         0.06897 0.05172 0.03879 0.03448 0.00000 0.04741 0.06897 0.07328 0.00862 0.08190 0.14655 0.08621 0.00862 0.03879 0.05603 0.05172 0.04310 0.01293 0.01724 0.06466
Q060B3                         0.10345 0.09914 0.02586 0.03879 0.00000 0.06466 0.07328 0.08190 0.03017 0.03017 0.15086 0.01724 0.01724 0.03448 0.04310 0.04741 0.02586 0.01293 0.00862 0.09483
B7KL30                         0.07328 0.06034 0.02586 0.03448 0.02155 0.06034 0.07328 0.08190 0.00862 0.06897 0.14224 0.04310 0.00431 0.05172 0.03879 0.05603 0.06034 0.00862 0.01293 0.07328
Q8DIM6                         0.10345 0.07759 0.01724 0.01724 0.01293 0.05172 0.06466 0.07759 0.03017 0.03448 0.16810 0.01293 0.00431 0.03879 0.04310 0.05172 0.06034 0.00431 0.02155 0.10776
Q3AL67                         0.10776 0.09052 0.01293 0.03879 0.00000 0.07759 0.07328 0.08621 0.01724 0.03448 0.15086 0.02155 0.01293 0.03017 0.04310 0.06034 0.03448 0.01293 0.00862 0.08621
B7JZ34                         0.04310 0.05172 0.01724 0.05172 0.01724 0.09914 0.06034 0.05603 0.01724 0.07759 0.12931 0.04741 0.00862 0.04741 0.04310 0.06897 0.05172 0.00431 0.02586 0.08190
Q7V0I4                         0.05172 0.04310 0.05603 0.04310 0.00431 0.03017 0.06034 0.06466 0.00862 0.11638 0.13793 0.10776 0.00431 0.04741 0.03879 0.09052 0.02586 0.00862 0.01293 0.04741
P73651                         0.08621 0.05172 0.04741 0.03017 0.01293 0.09914 0.03879 0.07328 0.02155 0.03448 0.15517 0.05172 0.00862 0.03879 0.05603 0.03879 0.04741 0.01293 0.02155 0.07328
A5GMH6                         0.10776 0.10345 0.01724 0.05603 0.00000 0.06034 0.05172 0.09914 0.01724 0.03448 0.14655 0.01293 0.00862 0.03448 0.04310 0.04741 0.04310 0.01724 0.00862 0.09052
B7MNN0                         0.09914 0.09483 0.02155 0.05603 0.00862 0.05603 0.05172 0.07759 0.01724 0.04310 0.14224 0.03017 0.01293 0.06034 0.03017 0.03448 0.04741 0.00000 0.02155 0.09483
P0AG40                         0.09914 0.09483 0.02155 0.05603 0.00862 0.05603 0.05172 0.07759 0.01724 0.04310 0.14224 0.03017 0.01293 0.06034 0.03017 0.03448 0.04741 0.00000 0.02155 0.09483
B7LVQ3                         0.09914 0.09483 0.02155 0.05603 0.00862 0.05603 0.05172 0.07759 0.01724 0.04310 0.14224 0.03017 0.01293 0.06034 0.03017 0.03448 0.04741 0.00000 0.02155 0.09483
Q7U5U2                         0.09052 0.10345 0.02586 0.04741 0.00000 0.06466 0.06034 0.08621 0.00862 0.03448 0.15086 0.01724 0.01293 0.03448 0.04310 0.05603 0.04310 0.01724 0.00862 0.09483
A0YUA6                         0.06466 0.04310 0.01724 0.03879 0.02155 0.09052 0.06466 0.06897 0.01724 0.06466 0.11207 0.04310 0.01293 0.05172 0.05603 0.03879 0.06034 0.00431 0.03448 0.09483
A2BSJ4                         0.03879 0.05172 0.07759 0.04741 0.00000 0.02586 0.05603 0.06034 0.00862 0.11638 0.12069 0.10345 0.00862 0.04741 0.03879 0.08621 0.03017 0.01293 0.01293 0.05603
C7QXR0                         0.04310 0.05172 0.01724 0.05172 0.01724 0.09914 0.06034 0.05603 0.01724 0.07759 0.13362 0.04741 0.00862 0.04310 0.04310 0.06897 0.05172 0.00431 0.02586 0.08190
Q114F4                         0.05603 0.04741 0.03879 0.04310 0.01724 0.06034 0.06034 0.06034 0.02155 0.06034 0.15517 0.05603 0.00862 0.04741 0.05172 0.04741 0.04741 0.00000 0.03448 0.08621
A3YV82                         0.11638 0.11207 0.02155 0.03879 0.00431 0.04741 0.06897 0.06897 0.01724 0.03017 0.15948 0.00862 0.01293 0.03448 0.04741 0.06034 0.02155 0.01724 0.00862 0.10345
A8G680                         0.03879 0.05603 0.06897 0.04741 0.00000 0.02586 0.05603 0.06034 0.00862 0.11638 0.12069 0.11207 0.00431 0.04741 0.03879 0.08621 0.03017 0.01293 0.01293 0.05603
Q7NP41                         0.09052 0.10345 0.01293 0.04310 0.00431 0.04741 0.07759 0.10345 0.01724 0.03879 0.15948 0.02586 0.00431 0.04741 0.03017 0.03017 0.04310 0.01293 0.02155 0.08621
B0JNR0                         0.04741 0.06034 0.02586 0.03879 0.01293 0.07759 0.05172 0.08190 0.01724 0.06034 0.15086 0.03879 0.01293 0.04741 0.04741 0.05603 0.04741 0.00862 0.02155 0.09483
A2BXY0                         0.04741 0.05603 0.06466 0.05603 0.00000 0.03448 0.05172 0.05603 0.00862 0.11638 0.13793 0.09052 0.00862 0.03879 0.03879 0.08621 0.02586 0.00862 0.01724 0.05603
Q319L8                         0.04310 0.05603 0.08190 0.04310 0.00000 0.03448 0.06034 0.06466 0.00862 0.09914 0.12500 0.07759 0.01293 0.04310 0.04741 0.06897 0.03017 0.01293 0.02586 0.06466
A4CW42                         0.10345 0.10776 0.02155 0.05172 0.00000 0.04310 0.05172 0.09483 0.02155 0.03017 0.14655 0.03017 0.00862 0.03448 0.04310 0.04310 0.04741 0.01724 0.00862 0.09483
A5GUT2                         0.10776 0.09483 0.02155 0.05172 0.00862 0.07759 0.06034 0.09052 0.00862 0.02155 0.15517 0.01293 0.00862 0.03017 0.05172 0.05172 0.02155 0.02155 0.01293 0.09052
A3PEA6                         0.04741 0.04741 0.06897 0.03879 0.00000 0.02586 0.06466 0.06466 0.00862 0.11207 0.12069 0.11207 0.00862 0.04741 0.04310 0.07328 0.03448 0.01293 0.01293 0.05603

Homogeneity statistic: X2 = 8.27169 G = 8.57583 

Average                        0.06910 0.06724 0.03349 0.04463 0.00882 0.05789 0.06253 0.07188 0.01764 0.06273 0.13667 0.05603 0.00882 0.04894 0.04211 0.05597 0.04715 0.00796 0.02036 0.08004

# constant sites:     16 (6.90%)
ln Lmax (unconstrained) = -1252.300044

AA distances (raw proportions of different sites)

A8EVV3         
D1B2R9           0.5560
Q30QW2           0.5086  0.5086
A6Q431           0.5345  0.4741  0.5086
A6Q7G4           0.5172  0.4914  0.5259  0.5086
Q7M9Y5           0.5862  0.5603  0.5517  0.5172  0.5690
B9KG19           0.5862  0.5345  0.5819  0.5819  0.5603  0.6336
O25719           0.5819  0.5948  0.5948  0.5431  0.5560  0.6078  0.5302
B9L9U1           0.5259  0.5129  0.5259  0.5431  0.5603  0.5647  0.6207  0.6164
Q4HH79           0.6078  0.5474  0.5819  0.5733  0.5560  0.6121  0.5000  0.5776  0.5690
A8FL13           0.6164  0.5431  0.5776  0.5776  0.5474  0.6078  0.4871  0.5560  0.5776  0.3362
A7H3U2           0.6164  0.5431  0.5647  0.5905  0.5388  0.6078  0.4957  0.5690  0.5905  0.3319  0.0474
Q4HTF0           0.6336  0.5474  0.6207  0.5690  0.5819  0.6164  0.5129  0.5388  0.6164  0.4224  0.4397  0.4440
Q05WW9           0.7155  0.7241  0.7069  0.7241  0.6897  0.7112  0.7586  0.6897  0.7586  0.7241  0.7284  0.7284  0.7457
Q5N3A2           0.7069  0.6853  0.7112  0.7155  0.7026  0.6897  0.7284  0.6897  0.7155  0.6853  0.7198  0.7069  0.6983  0.5216
Q31QZ5           0.7069  0.6853  0.7112  0.7155  0.7026  0.6897  0.7284  0.6897  0.7155  0.6853  0.7198  0.7069  0.6983  0.5216  0.0000
B9YK11           0.6724  0.6250  0.6767  0.6638  0.6509  0.7069  0.6810  0.6595  0.7112  0.6509  0.6897  0.6897  0.6767  0.5216  0.4310  0.4310
Q7V8I2           0.7069  0.7241  0.7241  0.7371  0.6595  0.7112  0.7500  0.6853  0.7500  0.7198  0.7241  0.7241  0.7371  0.2543  0.5302  0.5302  0.5388
A2CB19           0.7241  0.7198  0.7198  0.7284  0.6681  0.7069  0.7586  0.6983  0.7500  0.7241  0.7284  0.7284  0.7414  0.2500  0.5259  0.5259  0.5302  0.0259
Q2JJM0           0.7328  0.7112  0.7069  0.7284  0.7026  0.7112  0.7371  0.7026  0.7328  0.7198  0.7672  0.7629  0.7069  0.5431  0.4483  0.4483  0.4914  0.5647  0.5647
Q0IC15           0.7241  0.7198  0.7112  0.7328  0.6897  0.6897  0.7629  0.6767  0.7371  0.7198  0.7241  0.7241  0.7198  0.2241  0.5043  0.5043  0.5302  0.2500  0.2457  0.5345
Q2JS55           0.7284  0.7155  0.7069  0.7241  0.7069  0.7112  0.7414  0.7112  0.7328  0.7198  0.7586  0.7543  0.7155  0.5345  0.4612  0.4612  0.4914  0.5517  0.5517  0.0819  0.5388
B8HX51           0.7112  0.6983  0.7198  0.7284  0.6853  0.6940  0.7414  0.7241  0.7414  0.7069  0.7155  0.7069  0.7155  0.5000  0.4397  0.4397  0.3922  0.5172  0.5129  0.4655  0.4914  0.4440
B2IUA4           0.6853  0.6595  0.6810  0.6810  0.6897  0.7155  0.7069  0.6810  0.7284  0.6466  0.7155  0.7155  0.7155  0.5345  0.4181  0.4181  0.1983  0.5560  0.5474  0.4871  0.5733  0.4914  0.4095
Q4C9C3           0.7069  0.6509  0.7026  0.7155  0.6897  0.7112  0.7284  0.7155  0.7284  0.7155  0.6897  0.6810  0.7069  0.5819  0.4655  0.4655  0.4095  0.5905  0.5819  0.4828  0.5647  0.4828  0.4655  0.4224
Q3MB96           0.7026  0.6509  0.6810  0.6853  0.6595  0.6940  0.6853  0.6767  0.7112  0.6853  0.7198  0.7155  0.6940  0.5302  0.4397  0.4397  0.2328  0.5431  0.5431  0.4784  0.5302  0.4828  0.4095  0.2026  0.4009
B5W1J4           0.7026  0.6810  0.6853  0.7026  0.6767  0.6940  0.7112  0.6940  0.7241  0.6853  0.7026  0.6897  0.7414  0.5129  0.4224  0.4224  0.3879  0.5259  0.5216  0.4612  0.5172  0.4655  0.3793  0.3836  0.4310  0.3922
B0C6V5           0.7026  0.6767  0.7069  0.6983  0.6897  0.6983  0.7112  0.7112  0.7241  0.6897  0.6983  0.7026  0.7198  0.5086  0.4440  0.4440  0.4095  0.5259  0.5302  0.4914  0.5216  0.4914  0.3664  0.4224  0.4353  0.3836  0.3664
Q8YMT1           0.7112  0.6552  0.6853  0.6853  0.6681  0.7026  0.6853  0.6810  0.7155  0.6810  0.7198  0.7155  0.6940  0.5345  0.4310  0.4310  0.2241  0.5517  0.5431  0.4784  0.5345  0.4784  0.4052  0.1853  0.3966  0.0388  0.3922  0.3879
Q3AX17           0.7284  0.7026  0.7112  0.7284  0.6810  0.7026  0.7198  0.6767  0.7241  0.7069  0.7026  0.7026  0.7198  0.2802  0.5086  0.5086  0.5172  0.3276  0.3233  0.5431  0.2845  0.5431  0.5216  0.5345  0.5647  0.5259  0.5474  0.5345  0.5259
B1WSX8           0.6940  0.6466  0.6983  0.7026  0.6681  0.6940  0.7198  0.7112  0.7155  0.7198  0.6810  0.6810  0.7155  0.5733  0.4698  0.4698  0.3966  0.5776  0.5733  0.4828  0.5560  0.4828  0.4698  0.4353  0.1466  0.4009  0.4310  0.4009  0.4009  0.5560
Q46JJ8           0.7069  0.7328  0.7155  0.6983  0.6853  0.7414  0.7284  0.6681  0.7328  0.7026  0.7155  0.7284  0.7026  0.3707  0.5603  0.5603  0.5431  0.3491  0.3362  0.6034  0.3621  0.6034  0.5388  0.5560  0.5905  0.5560  0.5603  0.5776  0.5560  0.3793  0.5819
B4B592           0.7026  0.6509  0.6810  0.6724  0.6552  0.6897  0.6983  0.6853  0.7155  0.6853  0.6983  0.6897  0.7069  0.5431  0.4353  0.4353  0.3664  0.5388  0.5345  0.4914  0.5216  0.4871  0.3966  0.3966  0.3448  0.3793  0.3793  0.3836  0.3750  0.5345  0.3190  0.5302
Q7VAV6           0.7069  0.6983  0.6983  0.7112  0.6767  0.7241  0.7543  0.7112  0.6897  0.7026  0.7198  0.7241  0.7328  0.4310  0.5819  0.5819  0.5474  0.3966  0.4009  0.6034  0.4009  0.6034  0.5603  0.5690  0.5690  0.5690  0.5733  0.5690  0.5690  0.4267  0.5603  0.4052  0.5474
A3J008           0.6940  0.6466  0.6983  0.7069  0.6681  0.6853  0.7241  0.7112  0.7198  0.7198  0.6810  0.6810  0.7112  0.5603  0.4526  0.4526  0.3966  0.5690  0.5647  0.4741  0.5474  0.4741  0.4526  0.4138  0.1336  0.3879  0.4224  0.3966  0.3879  0.5517  0.0690  0.5733  0.3147  0.5560
A2C438           0.7112  0.7371  0.7155  0.6940  0.6853  0.7371  0.7328  0.6724  0.7371  0.7026  0.7198  0.7328  0.7112  0.3664  0.5647  0.5647  0.5474  0.3534  0.3405  0.6034  0.3664  0.6034  0.5431  0.5603  0.5991  0.5603  0.5603  0.5776  0.5603  0.3793  0.5905  0.0216  0.5345  0.4095  0.5819
B1XK21           0.7026  0.6897  0.7026  0.7155  0.6810  0.6983  0.7371  0.6983  0.7112  0.6940  0.7284  0.7155  0.7198  0.5259  0.4052  0.4052  0.3879  0.5259  0.5129  0.4957  0.5216  0.4871  0.4052  0.4095  0.4353  0.4095  0.3879  0.4310  0.4138  0.5129  0.4310  0.5733  0.3922  0.5647  0.4224  0.5776
A0ZGE2           0.7198  0.6336  0.6897  0.6853  0.6638  0.7198  0.7026  0.6940  0.7284  0.6552  0.7155  0.7069  0.7155  0.5259  0.4483  0.4483  0.2026  0.5517  0.5474  0.4957  0.5345  0.4914  0.4095  0.2069  0.4095  0.2284  0.3836  0.3966  0.2112  0.5474  0.4095  0.5690  0.3836  0.5517  0.3966  0.5690  0.4181
A3ZAD2           0.7284  0.7414  0.7155  0.7198  0.6810  0.6983  0.7716  0.6983  0.7371  0.7155  0.7371  0.7371  0.7026  0.2112  0.5216  0.5216  0.5216  0.2457  0.2457  0.5431  0.1940  0.5388  0.5000  0.5474  0.5862  0.5474  0.5129  0.5259  0.5474  0.2759  0.5776  0.3707  0.5474  0.3966  0.5733  0.3664  0.5560  0.5431
A9BBN6           0.7026  0.7155  0.7241  0.7155  0.6724  0.7155  0.7328  0.6940  0.7241  0.7069  0.7069  0.7112  0.7069  0.3836  0.5733  0.5733  0.5431  0.3578  0.3534  0.6207  0.3664  0.6078  0.5603  0.5647  0.5690  0.5776  0.5819  0.5776  0.5776  0.3621  0.5647  0.3233  0.5517  0.3448  0.5690  0.3319  0.5905  0.5733  0.3664
Q060B3           0.7284  0.7026  0.7112  0.7241  0.6853  0.7026  0.7284  0.6724  0.7241  0.7198  0.7026  0.7026  0.7241  0.2759  0.5086  0.5086  0.5216  0.3276  0.3233  0.5431  0.2802  0.5474  0.5216  0.5388  0.5603  0.5302  0.5474  0.5345  0.5302  0.0431  0.5560  0.3879  0.5345  0.4353  0.5517  0.3879  0.5086  0.5474  0.2759  0.3707
B7KL30           0.7112  0.6595  0.6767  0.6767  0.6552  0.6810  0.6983  0.6810  0.7328  0.7069  0.7328  0.7241  0.7241  0.5302  0.4181  0.4181  0.3793  0.5431  0.5388  0.4741  0.5172  0.4698  0.3879  0.4052  0.3578  0.3836  0.3405  0.3578  0.3836  0.5474  0.3621  0.5388  0.2500  0.5388  0.3534  0.5431  0.4009  0.3922  0.5474  0.5517  0.5474
Q8DIM6           0.7284  0.7069  0.7112  0.7371  0.6940  0.6983  0.7457  0.7026  0.7586  0.7155  0.7328  0.7284  0.7284  0.5690  0.4655  0.4655  0.4741  0.5948  0.5991  0.4655  0.5733  0.4655  0.4353  0.4741  0.5086  0.4784  0.4440  0.4526  0.4828  0.5647  0.4871  0.5905  0.4612  0.5991  0.4784  0.5948  0.4828  0.5086  0.5690  0.6250  0.5733  0.4440
Q3AL67           0.7371  0.7328  0.7112  0.7112  0.6940  0.7026  0.7500  0.6681  0.7457  0.7112  0.7069  0.7069  0.7069  0.2759  0.5172  0.5172  0.5431  0.2974  0.2974  0.5690  0.2716  0.5603  0.5259  0.5603  0.5905  0.5474  0.5517  0.5302  0.5474  0.2328  0.5819  0.3793  0.5216  0.4181  0.5733  0.3793  0.5560  0.5302  0.2284  0.3491  0.2328  0.5388  0.5819
B7JZ34           0.7026  0.6767  0.7026  0.6724  0.6853  0.7026  0.7457  0.7026  0.7069  0.6853  0.7112  0.7112  0.6940  0.5474  0.4655  0.4655  0.3836  0.5905  0.5862  0.5000  0.5560  0.5000  0.4440  0.3879  0.3448  0.4009  0.4138  0.4138  0.3966  0.5603  0.3362  0.5603  0.3534  0.5388  0.3448  0.5647  0.4267  0.4009  0.5647  0.5647  0.5647  0.3707  0.4957  0.5560
Q7V0I4           0.7198  0.7112  0.7198  0.7198  0.6853  0.7241  0.7414  0.7371  0.7500  0.6897  0.6897  0.6853  0.7328  0.4483  0.6207  0.6207  0.5819  0.4267  0.4267  0.6164  0.4310  0.6078  0.5733  0.5733  0.5776  0.5862  0.5776  0.5733  0.5862  0.4569  0.5905  0.4267  0.5776  0.4397  0.5776  0.4267  0.5819  0.5776  0.4440  0.4224  0.4655  0.5603  0.6595  0.4569  0.5733
P73651           0.7112  0.6638  0.7026  0.6853  0.6767  0.7026  0.7155  0.7026  0.6940  0.6853  0.6940  0.6983  0.7241  0.5216  0.4224  0.4224  0.4655  0.5345  0.5345  0.4914  0.5345  0.4784  0.4526  0.4397  0.4440  0.4440  0.4181  0.4181  0.4397  0.5129  0.4440  0.5862  0.4181  0.5517  0.4353  0.5862  0.4310  0.4397  0.5388  0.5819  0.5129  0.4138  0.4741  0.5216  0.4741  0.5733
A5GMH6           0.7328  0.7241  0.7284  0.7328  0.6897  0.7155  0.7672  0.6940  0.7500  0.7241  0.7026  0.7026  0.7155  0.2414  0.5259  0.5259  0.5388  0.2500  0.2543  0.5474  0.2069  0.5388  0.5216  0.5733  0.5733  0.5647  0.5216  0.5302  0.5690  0.2802  0.5647  0.3578  0.5560  0.3879  0.5603  0.3578  0.5388  0.5560  0.2026  0.3621  0.2802  0.5603  0.5647  0.2543  0.5776  0.4397  0.5431
B7MNN0           0.7284  0.7328  0.7241  0.7457  0.7328  0.7241  0.7802  0.6983  0.7284  0.7543  0.7371  0.7414  0.7716  0.5991  0.6078  0.6078  0.5862  0.5991  0.5991  0.5560  0.6164  0.5474  0.5647  0.5905  0.5647  0.5733  0.5560  0.5560  0.5819  0.6034  0.5733  0.6466  0.5776  0.6638  0.5690  0.6422  0.5690  0.5991  0.6078  0.6422  0.6034  0.5690  0.5862  0.6250  0.5647  0.6681  0.5819  0.5991
P0AG40           0.7284  0.7328  0.7241  0.7457  0.7328  0.7241  0.7802  0.6983  0.7284  0.7543  0.7371  0.7414  0.7716  0.5991  0.6078  0.6078  0.5862  0.5991  0.5991  0.5560  0.6164  0.5474  0.5647  0.5905  0.5647  0.5733  0.5560  0.5560  0.5819  0.6034  0.5733  0.6466  0.5776  0.6638  0.5690  0.6422  0.5690  0.5991  0.6078  0.6422  0.6034  0.5690  0.5862  0.6250  0.5647  0.6681  0.5819  0.5991  0.0000
B7LVQ3           0.7284  0.7328  0.7241  0.7457  0.7328  0.7241  0.7802  0.6983  0.7284  0.7543  0.7371  0.7414  0.7716  0.5991  0.6078  0.6078  0.5862  0.5991  0.5991  0.5560  0.6164  0.5474  0.5647  0.5905  0.5647  0.5733  0.5560  0.5560  0.5819  0.6034  0.5733  0.6466  0.5776  0.6638  0.5690  0.6422  0.5690  0.5991  0.6078  0.6422  0.6034  0.5690  0.5862  0.6250  0.5647  0.6681  0.5819  0.5991  0.0000  0.0000
Q7U5U2           0.7241  0.7198  0.7112  0.7112  0.6940  0.6940  0.7672  0.6853  0.7328  0.7112  0.7241  0.7241  0.7328  0.2716  0.5086  0.5086  0.5216  0.2586  0.2586  0.5431  0.2543  0.5388  0.5172  0.5345  0.5733  0.5345  0.5259  0.5172  0.5345  0.2716  0.5733  0.3793  0.5302  0.4224  0.5647  0.3836  0.5259  0.5431  0.2457  0.3836  0.2586  0.5259  0.5819  0.2155  0.5431  0.4483  0.5345  0.2672  0.5991  0.5991  0.5991
A0YUA6           0.7026  0.6724  0.6940  0.7069  0.6595  0.6897  0.7112  0.7112  0.7284  0.6638  0.6897  0.6940  0.7371  0.5086  0.4569  0.4569  0.4052  0.5474  0.5431  0.4871  0.5216  0.4784  0.4353  0.3707  0.4397  0.4224  0.3233  0.4009  0.4095  0.5259  0.4353  0.5647  0.4138  0.5776  0.4267  0.5647  0.4181  0.4138  0.5259  0.5647  0.5302  0.3879  0.4828  0.5603  0.4009  0.5991  0.4483  0.5345  0.5733  0.5733  0.5733  0.5345
A2BSJ4           0.7284  0.7198  0.7328  0.7328  0.7069  0.7328  0.7586  0.7328  0.7543  0.7155  0.7284  0.7284  0.7457  0.4440  0.6164  0.6164  0.5647  0.4483  0.4440  0.6293  0.4397  0.6207  0.5733  0.5560  0.5819  0.5733  0.5905  0.5905  0.5690  0.4440  0.5776  0.4267  0.5819  0.4353  0.5647  0.4310  0.5733  0.5776  0.4569  0.4224  0.4569  0.5819  0.6638  0.4612  0.5647  0.1466  0.5690  0.4440  0.6810  0.6810  0.6810  0.4612  0.6078
C7QXR0           0.7069  0.6724  0.6983  0.6724  0.6810  0.7026  0.7414  0.6983  0.7112  0.6810  0.7069  0.7069  0.6897  0.5431  0.4612  0.4612  0.3793  0.5862  0.5819  0.4957  0.5517  0.4957  0.4483  0.3836  0.3405  0.3966  0.4095  0.4095  0.3922  0.5560  0.3319  0.5560  0.3491  0.5345  0.3405  0.5603  0.4224  0.3966  0.5603  0.5603  0.5603  0.3664  0.4914  0.5517  0.0043  0.5690  0.4698  0.5733  0.5690  0.5690  0.5690  0.5388  0.3966  0.5690
Q114F4           0.7198  0.6853  0.7155  0.7198  0.6897  0.7026  0.7371  0.7112  0.7284  0.6681  0.6897  0.6853  0.7112  0.5302  0.4310  0.4310  0.3750  0.5345  0.5345  0.4655  0.5259  0.4569  0.4181  0.3836  0.4267  0.3922  0.3319  0.3966  0.3750  0.5345  0.4397  0.5647  0.4138  0.5517  0.4310  0.5647  0.3922  0.3836  0.5431  0.5690  0.5431  0.3922  0.5043  0.5560  0.4095  0.5431  0.4353  0.5431  0.5517  0.5517  0.5517  0.5259  0.3578  0.5647  0.4052
A3YV82           0.7457  0.7112  0.7241  0.7328  0.6767  0.6983  0.7845  0.7155  0.7543  0.7371  0.7414  0.7414  0.7500  0.3491  0.5388  0.5388  0.5302  0.3362  0.3319  0.5517  0.3319  0.5474  0.4698  0.5517  0.5647  0.5517  0.5129  0.5216  0.5474  0.3362  0.5647  0.4138  0.5216  0.4569  0.5560  0.4052  0.5302  0.5431  0.3103  0.4440  0.3362  0.5086  0.5776  0.3362  0.5560  0.4698  0.5172  0.3190  0.6121  0.6121  0.6121  0.3017  0.5431  0.4914  0.5517  0.5129
A8G680           0.7284  0.7155  0.7328  0.7284  0.6983  0.7284  0.7457  0.7328  0.7586  0.7112  0.7241  0.7241  0.7371  0.4440  0.6207  0.6207  0.5690  0.4397  0.4353  0.6293  0.4353  0.6207  0.5647  0.5603  0.5819  0.5690  0.5905  0.5862  0.5690  0.4569  0.5776  0.4181  0.5819  0.4353  0.5647  0.4224  0.5690  0.5733  0.4526  0.4181  0.4655  0.5733  0.6638  0.4569  0.5647  0.1379  0.5647  0.4526  0.6767  0.6767  0.6767  0.4612  0.6034  0.0302  0.5690  0.5603  0.4828
Q7NP41           0.7241  0.7371  0.7155  0.7198  0.7241  0.6983  0.7629  0.7241  0.7371  0.7371  0.7371  0.7284  0.7672  0.5647  0.5517  0.5517  0.5603  0.5690  0.5690  0.5302  0.5517  0.5172  0.5172  0.5474  0.5517  0.5474  0.4871  0.5086  0.5560  0.5776  0.5431  0.5991  0.5517  0.6121  0.5302  0.5991  0.5302  0.5431  0.5517  0.6250  0.5819  0.5431  0.5259  0.5819  0.5690  0.6121  0.5603  0.5560  0.6034  0.6034  0.6034  0.5819  0.5216  0.6379  0.5690  0.5086  0.5690  0.6379
B0JNR0           0.7112  0.6595  0.6983  0.6853  0.6810  0.7069  0.7457  0.6897  0.7457  0.7155  0.6983  0.6897  0.7026  0.5517  0.4310  0.4310  0.4181  0.5603  0.5603  0.5043  0.5474  0.5086  0.4440  0.4267  0.3922  0.4267  0.4095  0.4095  0.4267  0.5345  0.3793  0.5647  0.3707  0.5603  0.3750  0.5647  0.4483  0.4397  0.5302  0.5647  0.5302  0.3922  0.4914  0.5302  0.3750  0.5905  0.4397  0.5172  0.5991  0.5991  0.5991  0.5216  0.4095  0.5819  0.3707  0.4353  0.5129  0.5819  0.5733
A2BXY0           0.7371  0.7112  0.7371  0.7241  0.7069  0.7414  0.7543  0.7371  0.7457  0.6983  0.7112  0.7069  0.7241  0.4569  0.6207  0.6207  0.5776  0.4526  0.4483  0.6164  0.4397  0.6207  0.5690  0.5776  0.5905  0.5905  0.5819  0.5733  0.5862  0.4698  0.5948  0.4224  0.5819  0.4353  0.5819  0.4224  0.5776  0.5776  0.4612  0.4310  0.4784  0.5603  0.6552  0.4698  0.5733  0.0862  0.5733  0.4569  0.6767  0.6767  0.6767  0.4655  0.6034  0.1767  0.5690  0.5517  0.4698  0.1681  0.6293  0.5733
Q319L8           0.7500  0.7284  0.7371  0.7414  0.7112  0.7241  0.7586  0.7457  0.7629  0.7241  0.7414  0.7371  0.7500  0.4267  0.6207  0.6207  0.5819  0.4310  0.4267  0.6207  0.4138  0.6207  0.5690  0.5690  0.5733  0.5862  0.6078  0.5819  0.5862  0.4483  0.5905  0.4397  0.5819  0.4397  0.5733  0.4397  0.5819  0.5776  0.4397  0.4310  0.4526  0.5819  0.6638  0.4526  0.5733  0.2026  0.5560  0.4310  0.6681  0.6681  0.6681  0.4483  0.6034  0.1509  0.5776  0.5647  0.4784  0.1336  0.6379  0.5905  0.1983
A4CW42           0.7371  0.7284  0.7284  0.7284  0.6897  0.7026  0.7586  0.6681  0.7500  0.7284  0.7026  0.7069  0.7069  0.2586  0.5431  0.5431  0.5345  0.2629  0.2672  0.5474  0.2198  0.5474  0.5216  0.5733  0.5819  0.5603  0.5216  0.5302  0.5690  0.2974  0.5733  0.3578  0.5647  0.4009  0.5647  0.3621  0.5474  0.5474  0.2198  0.3664  0.3017  0.5733  0.5690  0.2629  0.5905  0.4569  0.5517  0.0776  0.5991  0.5991  0.5991  0.2845  0.5388  0.4483  0.5862  0.5560  0.3233  0.4483  0.5603  0.5388  0.4655  0.4353
A5GUT2           0.7457  0.7241  0.7198  0.7198  0.7112  0.6983  0.7629  0.7328  0.7543  0.7241  0.7241  0.7241  0.7414  0.3664  0.5216  0.5216  0.5474  0.3750  0.3664  0.5517  0.3707  0.5517  0.5259  0.5517  0.5690  0.5690  0.5345  0.5474  0.5647  0.3793  0.5776  0.4612  0.5345  0.5000  0.5690  0.4569  0.5172  0.5690  0.3664  0.4612  0.3793  0.5388  0.6034  0.3664  0.5819  0.4828  0.5345  0.3578  0.6034  0.6034  0.6034  0.3578  0.5259  0.4828  0.5776  0.5302  0.3664  0.4828  0.5517  0.5302  0.5000  0.4828  0.3750
A3PEA6           0.7414  0.7241  0.7500  0.7371  0.7155  0.7371  0.7543  0.7371  0.7586  0.7284  0.7284  0.7284  0.7371  0.4526  0.6293  0.6293  0.5647  0.4569  0.4526  0.6466  0.4483  0.6379  0.5733  0.5690  0.5905  0.5690  0.5991  0.5862  0.5690  0.4569  0.5862  0.4353  0.5862  0.4353  0.5733  0.4397  0.5733  0.5647  0.4655  0.4310  0.4698  0.5862  0.6724  0.4569  0.5690  0.1552  0.5819  0.4655  0.6810  0.6810  0.6810  0.4698  0.6207  0.0819  0.5733  0.5647  0.5000  0.0819  0.6422  0.6034  0.1853  0.1638  0.4655  0.5086


TREE #  1:  (11, 12, (10, (13, (7, (8, ((2, (5, ((9, (3, 1)), (6, 4)))), ((27, ((50, (49, 51)), 53)), (56, ((((33, 42), (60, ((45, 55), (25, (31, 35))))), ((37, (47, (15, 16))), (((57, (64, ((52, (44, (30, 41))), (((48, 63), (21, (14, 39))), ((18, 19), ((32, 36), (((62, (65, (54, 58))), (46, 61)), (34, 40)))))))), (59, (20, 22))), (43, (23, 28))))), ((26, 29), (24, (17, 38))))))))))));   MP score: 3290
lnL(ntime: 63  np: 64): -16419.130424      +0.000000
  66..11   66..12   66..67   67..10   67..68   68..13   68..69   69..7    69..70   70..8    70..71   71..72   72..2    72..73   73..5    73..74   74..75   75..9    75..76   76..3    76..1    74..77   77..6    77..4    71..78   78..79   79..27   79..80   80..81   81..50   81..82   82..49   82..51   80..53   78..83   83..56   83..84   84..85   85..86   86..87   87..33   87..42   86..88   88..60   88..89   89..90   90..45   90..55   89..91   91..25   91..92   92..31   92..35   85..93   93..94   94..37   94..95   95..47   95..96   96..15   96..16   93..97   97..98   98..99   99..57   99..100 100..64  100..101 101..102 102..52  102..103 103..44  103..104 104..30  104..41  101..105 105..106 106..107 107..48  107..63  106..108 108..21  108..109 109..14  109..39  105..110 110..111 111..18  111..19  110..112 112..113 113..32  113..36  112..114 114..115 115..116 116..62  116..117 117..65  117..118 118..54  118..58  115..119 119..46  119..61  114..120 120..34  120..40   98..121 121..59  121..122 122..20  122..22   97..123 123..43  123..124 124..23  124..28   84..125 125..126 126..26  126..29  125..127 127..24  127..128 128..17  128..38 
 0.995704 0.995704 0.951103 0.922607 0.906100 0.880080 0.727645 0.681562 0.635638 0.594811 0.519398 0.543471 0.567277 0.493168 0.493168 0.000000 0.000000 0.567277 0.558963 0.554516 0.380796 0.187083 0.348145 0.291579 0.002011 0.072966 0.034456 0.549709 0.461633 0.393439 0.000000 0.541659 0.525291 0.374372 0.372299 0.332636 0.187345 0.151832 0.020104 0.323666 0.211198 0.043690 0.176259 0.148000 0.308845 0.013836 0.272735 0.009658 0.265980 0.085114 0.064299 0.037428 0.015046 0.042527 0.211196 0.409467 0.043842 0.432218 0.361507 0.154491 0.020011 0.129766 0.108921 0.804942

tree length =  23.69665

(11: 0.995704, 12: 0.995704, (10: 0.995704, (13: 0.951103, (7: 0.922607, (8: 0.906100, ((2: 0.727645, (5: 0.681562, ((9: 0.594811, (3: 0.519398, 1: 0.519398): 0.075413): 0.040827, (6: 0.543471, 4: 0.543471): 0.092167): 0.045924): 0.046084): 0.152435, ((27: 0.493168, ((50: 0.000000, (49: 0.000000, 51: 0.000000): 0.000000): 0.493167, 53: 0.493168): 0.000000): 0.074109, (56: 0.567277, ((((33: 0.187083, 42: 0.187083): 0.193713, (60: 0.348145, ((45: 0.002011, 55: 0.002011): 0.289569, (25: 0.072966, (31: 0.034456, 35: 0.034456): 0.038511): 0.218613): 0.056566): 0.032651): 0.173721, ((37: 0.461633, (47: 0.393439, (15: 0.000000, 16: 0.000000): 0.393438): 0.068194): 0.088076, (((57: 0.374372, (64: 0.372299, ((52: 0.187345, (44: 0.151832, (30: 0.020104, 41: 0.020104): 0.131728): 0.035513): 0.145290, (((48: 0.043690, 63: 0.043690): 0.167508, (21: 0.176259, (14: 0.148000, 39: 0.148000): 0.028259): 0.034939): 0.112468, ((18: 0.013836, 19: 0.013836): 0.295010, ((32: 0.009658, 36: 0.009658): 0.263076, (((62: 0.064299, (65: 0.037428, (54: 0.015046, 58: 0.015046): 0.022382): 0.026871): 0.020815, (46: 0.042527, 61: 0.042527): 0.042587): 0.180866, (34: 0.211196, 40: 0.211196): 0.054784): 0.006755): 0.036111): 0.014820): 0.008970): 0.039663): 0.002073): 0.150919, (59: 0.409467, (20: 0.043842, 22: 0.043842): 0.365625): 0.115824): 0.016368, (43: 0.432218, (23: 0.361507, 28: 0.361507): 0.070710): 0.109441): 0.008050): 0.004807): 0.004447, ((26: 0.020011, 29: 0.020011): 0.134480, (24: 0.129766, (17: 0.108921, 38: 0.108921): 0.020844): 0.024725): 0.404472): 0.008313): 0.000001): 0.312803): 0.026020): 0.016507): 0.028496): 0.044601): 0.000001);

(A8FL13: 0.995704, A7H3U2: 0.995704, (Q4HH79: 0.995704, (Q4HTF0: 0.951103, (B9KG19: 0.922607, (O25719: 0.906100, ((D1B2R9: 0.727645, (A6Q7G4: 0.681562, ((B9L9U1: 0.594811, (Q30QW2: 0.519398, A8EVV3: 0.519398): 0.075413): 0.040827, (Q7M9Y5: 0.543471, A6Q431: 0.543471): 0.092167): 0.045924): 0.046084): 0.152435, ((B5W1J4: 0.493168, ((P0AG40: 0.000000, (B7MNN0: 0.000000, B7LVQ3: 0.000000): 0.000000): 0.493167, A0YUA6: 0.493168): 0.000000): 0.074109, (Q114F4: 0.567277, ((((B4B592: 0.187083, B7KL30: 0.187083): 0.193713, (B0JNR0: 0.348145, ((B7JZ34: 0.002011, C7QXR0: 0.002011): 0.289569, (Q4C9C3: 0.072966, (B1WSX8: 0.034456, A3J008: 0.034456): 0.038511): 0.218613): 0.056566): 0.032651): 0.173721, ((B1XK21: 0.461633, (P73651: 0.393439, (Q5N3A2: 0.000000, Q31QZ5: 0.000000): 0.393438): 0.068194): 0.088076, (((A3YV82: 0.374372, (A5GUT2: 0.372299, ((Q7U5U2: 0.187345, (Q3AL67: 0.151832, (Q3AX17: 0.020104, Q060B3: 0.020104): 0.131728): 0.035513): 0.145290, (((A5GMH6: 0.043690, A4CW42: 0.043690): 0.167508, (Q0IC15: 0.176259, (Q05WW9: 0.148000, A3ZAD2: 0.148000): 0.028259): 0.034939): 0.112468, ((Q7V8I2: 0.013836, A2CB19: 0.013836): 0.295010, ((Q46JJ8: 0.009658, A2C438: 0.009658): 0.263076, (((Q319L8: 0.064299, (A3PEA6: 0.037428, (A2BSJ4: 0.015046, A8G680: 0.015046): 0.022382): 0.026871): 0.020815, (Q7V0I4: 0.042527, A2BXY0: 0.042527): 0.042587): 0.180866, (Q7VAV6: 0.211196, A9BBN6: 0.211196): 0.054784): 0.006755): 0.036111): 0.014820): 0.008970): 0.039663): 0.002073): 0.150919, (Q7NP41: 0.409467, (Q2JJM0: 0.043842, Q2JS55: 0.043842): 0.365625): 0.115824): 0.016368, (Q8DIM6: 0.432218, (B8HX51: 0.361507, B0C6V5: 0.361507): 0.070710): 0.109441): 0.008050): 0.004807): 0.004447, ((Q3MB96: 0.020011, Q8YMT1: 0.020011): 0.134480, (B2IUA4: 0.129766, (B9YK11: 0.108921, A0ZGE2: 0.108921): 0.020844): 0.024725): 0.404472): 0.008313): 0.000001): 0.312803): 0.026020): 0.016507): 0.028496): 0.044601): 0.000001);

(11_A8FL13, 12_A7H3U2, (10_Q4HH79, (13_Q4HTF0, (7_B9KG19, (8_O25719, ((2_D1B2R9, (5_A6Q7G4, ((9_B9L9U1, (3_Q30QW2, 1_A8EVV3) 76 ) 75 , (6_Q7M9Y5, 4_A6Q431) 77 ) 74 ) 73 ) 72 , ((27_B5W1J4, ((50_P0AG40, (49_B7MNN0, 51_B7LVQ3) 82 ) 81 , 53_A0YUA6) 80 ) 79 , (56_Q114F4, ((((33_B4B592, 42_B7KL30) 87 , (60_B0JNR0, ((45_B7JZ34, 55_C7QXR0) 90 , (25_Q4C9C3, (31_B1WSX8, 35_A3J008) 92 ) 91 ) 89 ) 88 ) 86 , ((37_B1XK21, (47_P73651, (15_Q5N3A2, 16_Q31QZ5) 96 ) 95 ) 94 , (((57_A3YV82, (64_A5GUT2, ((52_Q7U5U2, (44_Q3AL67, (30_Q3AX17, 41_Q060B3) 104 ) 103 ) 102 , (((48_A5GMH6, 63_A4CW42) 107 , (21_Q0IC15, (14_Q05WW9, 39_A3ZAD2) 109 ) 108 ) 106 , ((18_Q7V8I2, 19_A2CB19) 111 , ((32_Q46JJ8, 36_A2C438) 113 , (((62_Q319L8, (65_A3PEA6, (54_A2BSJ4, 58_A8G680) 118 ) 117 ) 116 , (46_Q7V0I4, 61_A2BXY0) 119 ) 115 , (34_Q7VAV6, 40_A9BBN6) 120 ) 114 ) 112 ) 110 ) 105 ) 101 ) 100 ) 99 , (59_Q7NP41, (20_Q2JJM0, 22_Q2JS55) 122 ) 121 ) 98 , (43_Q8DIM6, (23_B8HX51, 28_B0C6V5) 124 ) 123 ) 97 ) 93 ) 85 , ((26_Q3MB96, 29_Q8YMT1) 126 , (24_B2IUA4, (17_B9YK11, 38_A0ZGE2) 128 ) 127 ) 125 ) 84 ) 83 ) 78 ) 71 ) 70 ) 69 ) 68 ) 67 ) 66 ;

Detailed output identifying parameters

alpha (gamma, K = 4) =  0.80494
rate:   0.09661  0.40912  0.95831  2.53596
freq:   0.25000  0.25000  0.25000  0.25000

Time used:  6:36
