AAML (in paml version 4.6, August 2012)  294.aa
Model: Empirical for branches,  (../../../bin/LG.dat) dGamma (ncatG=4) ns =  65  ls = 238


Frequencies..
                                    A      R      N      D      C      Q      E      G      H      I      L      K      M      F      P      S      T      W      Y      V
A8EVQ5                         0.06723 0.02521 0.04202 0.06303 0.00840 0.04202 0.09244 0.03782 0.01681 0.07983 0.04622 0.07563 0.03361 0.05882 0.04622 0.05042 0.06723 0.00000 0.02521 0.12185
A6QAQ6                         0.08403 0.02941 0.05042 0.07563 0.00840 0.04202 0.08824 0.04202 0.02101 0.07983 0.05462 0.04202 0.03361 0.05882 0.04202 0.05882 0.06303 0.00000 0.02101 0.10504
D1B0N7                         0.10084 0.02521 0.07983 0.06303 0.01681 0.03361 0.08824 0.03361 0.02941 0.07983 0.05042 0.05462 0.04202 0.04202 0.04622 0.03782 0.05462 0.00000 0.02521 0.09664
A6Q293                         0.09664 0.02521 0.05882 0.06303 0.00840 0.02521 0.08403 0.04202 0.02941 0.07563 0.05042 0.07143 0.04202 0.04202 0.05042 0.04622 0.04622 0.00420 0.02941 0.10924
A7H318                         0.06723 0.01681 0.05882 0.05462 0.01261 0.03361 0.07983 0.02941 0.02101 0.06303 0.07143 0.10504 0.03782 0.05042 0.05462 0.05462 0.05882 0.00000 0.02941 0.10084
Q4HEX8                         0.09244 0.02941 0.05462 0.05882 0.01261 0.02941 0.07563 0.03361 0.03361 0.07143 0.07143 0.07983 0.03782 0.05042 0.05042 0.05462 0.05882 0.00000 0.02101 0.08403
B9KFM7                         0.07563 0.02101 0.05042 0.05882 0.01681 0.02521 0.07563 0.03782 0.02941 0.06303 0.07143 0.08403 0.02941 0.05042 0.05042 0.07143 0.05462 0.00000 0.02941 0.10504
A8FM72                         0.07143 0.01681 0.05042 0.05882 0.01261 0.03361 0.08403 0.02941 0.02101 0.06303 0.07143 0.10084 0.03782 0.05042 0.05462 0.05882 0.05882 0.00000 0.02941 0.09664
Q7MAA7                         0.09244 0.03361 0.03361 0.05882 0.01261 0.03361 0.09244 0.03361 0.03782 0.06723 0.04622 0.06723 0.03782 0.05042 0.05042 0.06723 0.05462 0.00000 0.02941 0.10084
B9L8X2                         0.08403 0.03361 0.05882 0.05042 0.02101 0.02521 0.09244 0.03782 0.02521 0.07563 0.04202 0.06303 0.03782 0.05042 0.05462 0.04622 0.04622 0.00000 0.02941 0.12605
Q4HT27                         0.08824 0.02521 0.05042 0.05462 0.01261 0.02521 0.07563 0.04202 0.02521 0.05882 0.08403 0.09664 0.02101 0.05462 0.04202 0.06303 0.05462 0.00000 0.02521 0.10084
Q30SW6                         0.11345 0.03361 0.05462 0.05042 0.01261 0.03782 0.07563 0.03361 0.02101 0.07563 0.06723 0.05882 0.03361 0.04622 0.04622 0.05882 0.06303 0.00000 0.01681 0.10084
O25801                         0.09244 0.01261 0.05882 0.04202 0.01261 0.02101 0.07563 0.03782 0.03782 0.07563 0.08403 0.07983 0.01261 0.06303 0.04622 0.07983 0.06303 0.00000 0.02101 0.08403
B1XL17                         0.12185 0.02941 0.04202 0.05042 0.01261 0.05882 0.07143 0.05882 0.01681 0.06303 0.05462 0.03361 0.03361 0.03782 0.08403 0.05462 0.05882 0.00420 0.02101 0.09244
A0YKN4                         0.12185 0.05042 0.04622 0.03361 0.01681 0.05042 0.07983 0.05042 0.02101 0.06723 0.06303 0.02941 0.02521 0.03782 0.07563 0.06723 0.04202 0.00840 0.02101 0.09244
A9BD98                         0.10504 0.04202 0.06303 0.04202 0.01681 0.02521 0.07983 0.04202 0.01681 0.05462 0.09664 0.05462 0.02521 0.02941 0.05882 0.08403 0.04202 0.00420 0.01261 0.10504
B0C143                         0.11765 0.03361 0.05882 0.05042 0.01261 0.05882 0.05462 0.04622 0.02101 0.05882 0.06723 0.03361 0.02521 0.03361 0.08403 0.06303 0.03782 0.00840 0.02101 0.11345
B7KG20                         0.11765 0.02941 0.06303 0.04622 0.01681 0.05882 0.05882 0.05462 0.02101 0.06723 0.06723 0.02941 0.03361 0.03361 0.07143 0.05882 0.05042 0.00420 0.02101 0.09664
Q8DMP2                         0.11345 0.05042 0.05042 0.03782 0.01261 0.05462 0.07143 0.04622 0.02101 0.04622 0.10084 0.04202 0.02521 0.03361 0.08403 0.04622 0.04622 0.00840 0.02101 0.08824
B4AWU0                         0.12185 0.02941 0.05462 0.02941 0.01261 0.04622 0.07983 0.05462 0.02101 0.07563 0.05882 0.05042 0.03361 0.03361 0.07143 0.06723 0.03361 0.00420 0.02101 0.10084
B1X103                         0.11765 0.02941 0.05462 0.05462 0.01261 0.04202 0.07563 0.04622 0.02101 0.07563 0.06723 0.04202 0.02941 0.03361 0.07143 0.06723 0.04622 0.00420 0.02101 0.08824
Q4C2C5                         0.12185 0.02941 0.06303 0.03782 0.01681 0.04622 0.08403 0.05042 0.01681 0.07983 0.06303 0.03782 0.02941 0.03361 0.07143 0.06723 0.03782 0.00420 0.02101 0.08824
B0JL92                         0.09244 0.05042 0.06723 0.03782 0.01681 0.04202 0.07983 0.05042 0.02101 0.05462 0.06303 0.02941 0.02521 0.03782 0.07143 0.07983 0.04622 0.00840 0.01681 0.10924
Q2JHG7                         0.12605 0.06303 0.05042 0.02521 0.01681 0.05882 0.07563 0.04622 0.02101 0.05042 0.09244 0.02521 0.02521 0.03782 0.07983 0.05042 0.02941 0.00420 0.02101 0.10084
Q118P3                         0.11765 0.03361 0.05042 0.03782 0.01261 0.04202 0.07143 0.04622 0.01681 0.04622 0.07563 0.05042 0.03361 0.03782 0.06303 0.07563 0.04622 0.00840 0.01681 0.11765
P49420                         0.09244 0.04202 0.07983 0.03782 0.01261 0.02941 0.07563 0.04202 0.01261 0.07143 0.10084 0.05042 0.02101 0.02941 0.06723 0.08824 0.03361 0.00420 0.01681 0.09244
Q5MZT4                         0.16387 0.04622 0.04202 0.02941 0.01261 0.03782 0.08824 0.05042 0.01681 0.06723 0.08824 0.01681 0.02521 0.03361 0.07563 0.07143 0.04202 0.00420 0.01681 0.07143
Q31M41                         0.16387 0.04622 0.04202 0.02941 0.01261 0.03782 0.08824 0.05042 0.01681 0.06723 0.08824 0.01681 0.02521 0.03361 0.07563 0.07143 0.04202 0.00420 0.01681 0.07143
Q2JTI1                         0.12185 0.06723 0.04622 0.02521 0.01681 0.05882 0.07983 0.05042 0.02521 0.05042 0.09244 0.01681 0.02521 0.03782 0.07143 0.05042 0.03782 0.00420 0.02101 0.10084
A2C5R8                         0.12605 0.06303 0.05042 0.05042 0.01681 0.02941 0.08403 0.04202 0.01681 0.02941 0.10504 0.01681 0.03361 0.03361 0.05882 0.06723 0.04622 0.00420 0.00840 0.11765
A3IT20                         0.11765 0.02941 0.05462 0.04622 0.01261 0.02941 0.08824 0.04622 0.02941 0.06723 0.06723 0.04622 0.03361 0.03361 0.06723 0.06723 0.04622 0.00420 0.02101 0.09244
C7QW47                         0.10924 0.03782 0.05042 0.04202 0.01261 0.02521 0.07563 0.05882 0.02521 0.06723 0.06723 0.05042 0.02521 0.03782 0.07563 0.07143 0.04202 0.00420 0.02101 0.10084
B7JW77                         0.10504 0.03782 0.05042 0.04202 0.01261 0.02521 0.07563 0.05882 0.02521 0.06723 0.06723 0.05042 0.02521 0.03782 0.07983 0.07143 0.04202 0.00420 0.02101 0.10084
Q3M724                         0.12605 0.04202 0.04622 0.03782 0.01681 0.02101 0.08824 0.05042 0.02521 0.05882 0.07563 0.03782 0.02101 0.02941 0.07563 0.07563 0.04622 0.00840 0.01681 0.10084
Q46ID6                         0.06723 0.03782 0.06303 0.04622 0.01261 0.02101 0.07983 0.03782 0.01681 0.06723 0.09664 0.06303 0.02941 0.02941 0.06723 0.10924 0.05462 0.00420 0.01681 0.07983
A0ZER8                         0.11345 0.03361 0.05882 0.04202 0.01681 0.04202 0.06723 0.04622 0.02521 0.06723 0.07983 0.02941 0.02941 0.02941 0.07143 0.07983 0.05042 0.00840 0.01681 0.09244
A2C5B8                         0.06723 0.03782 0.06303 0.04622 0.01261 0.02521 0.07143 0.03782 0.01681 0.07563 0.09664 0.06303 0.02941 0.02941 0.06723 0.10924 0.05042 0.00420 0.01681 0.07983
Q0IE17                         0.12605 0.06303 0.04622 0.04622 0.01261 0.02941 0.07143 0.05882 0.02521 0.01681 0.10924 0.01261 0.02941 0.03361 0.05882 0.07563 0.05462 0.00420 0.00840 0.11765
Q317Y8                         0.07563 0.02941 0.08403 0.05042 0.01261 0.03361 0.07983 0.04202 0.01261 0.06723 0.13445 0.05462 0.02521 0.02941 0.04622 0.07143 0.05042 0.00420 0.01681 0.07983
B5W1F5                         0.10924 0.04622 0.05042 0.05042 0.02101 0.04622 0.06303 0.05882 0.02101 0.04202 0.07143 0.03361 0.02521 0.03782 0.07563 0.05882 0.03782 0.00840 0.02101 0.12185
B9YPN5                         0.10924 0.04202 0.04622 0.02941 0.02101 0.02521 0.08403 0.05462 0.03782 0.07143 0.06723 0.04202 0.02101 0.03782 0.07143 0.07143 0.05042 0.00840 0.01261 0.09664
A5GQ12                         0.14286 0.06303 0.04202 0.02941 0.01261 0.04202 0.07983 0.05042 0.02101 0.02941 0.11765 0.00840 0.02101 0.02101 0.06723 0.07983 0.04202 0.00420 0.00840 0.11765
A3PFE2                         0.05882 0.02941 0.07983 0.04622 0.01261 0.03361 0.08824 0.04622 0.01681 0.06303 0.13445 0.05882 0.02101 0.02521 0.04622 0.08824 0.04622 0.00420 0.01681 0.08403
A2BTN5                         0.06303 0.02941 0.07983 0.04622 0.01261 0.02521 0.08403 0.04202 0.02101 0.07143 0.13445 0.06303 0.02101 0.02521 0.05042 0.08403 0.04622 0.00420 0.01681 0.07983
A3YWM6                         0.14286 0.07143 0.03782 0.03782 0.01681 0.01681 0.09244 0.05042 0.02101 0.03361 0.11345 0.00840 0.01681 0.02941 0.07983 0.06723 0.03782 0.00420 0.00840 0.11345
A4CYI3                         0.13866 0.06723 0.04202 0.05042 0.01261 0.02521 0.07143 0.04622 0.02941 0.02101 0.09244 0.02101 0.03782 0.03782 0.06723 0.06303 0.04622 0.00420 0.00840 0.11765
A8G7F9                         0.06723 0.02521 0.08824 0.03782 0.01261 0.02941 0.08403 0.04622 0.01681 0.05042 0.13866 0.05882 0.02521 0.02521 0.05042 0.08403 0.04622 0.00420 0.01681 0.09244
A5GHT3                         0.14706 0.06723 0.03782 0.04622 0.01261 0.02521 0.07143 0.04622 0.02521 0.02101 0.09664 0.01681 0.04202 0.02941 0.06723 0.06723 0.05042 0.00420 0.00840 0.11765
B8HYL8                         0.13025 0.04202 0.04622 0.05042 0.01681 0.04622 0.05462 0.05042 0.03782 0.05882 0.06303 0.01681 0.02941 0.03782 0.07983 0.05882 0.05042 0.00840 0.01681 0.10504
B2IT88                         0.12185 0.04202 0.05882 0.02521 0.01681 0.03361 0.07983 0.05042 0.02521 0.06723 0.06303 0.03361 0.02101 0.03361 0.06723 0.07143 0.06303 0.00840 0.01261 0.10504
Q7UA34                         0.13445 0.06303 0.05462 0.04622 0.01261 0.02521 0.07983 0.05462 0.01261 0.02521 0.09664 0.01261 0.03361 0.03361 0.06723 0.06723 0.05462 0.00420 0.01261 0.10924
Q7TU21                         0.06723 0.02941 0.08824 0.04622 0.01681 0.02941 0.07563 0.04202 0.01261 0.05882 0.12185 0.06723 0.02101 0.02941 0.04622 0.09244 0.03782 0.00420 0.02101 0.09244
A2BZ40                         0.06723 0.02941 0.08824 0.05462 0.01261 0.03361 0.07143 0.04202 0.01261 0.05882 0.12185 0.06303 0.02101 0.02941 0.05042 0.08824 0.04202 0.00420 0.02101 0.08824
Q3ANI6                         0.13025 0.05882 0.05462 0.04202 0.01261 0.02101 0.07983 0.05882 0.01261 0.02941 0.09244 0.02101 0.03782 0.03782 0.05882 0.07143 0.05042 0.00420 0.01261 0.11345
Q05UM8                         0.13866 0.06303 0.04622 0.05042 0.01261 0.03361 0.06723 0.05042 0.01681 0.02101 0.09244 0.01681 0.03361 0.03782 0.06723 0.08403 0.03782 0.00420 0.00840 0.11765
Q3B0T9                         0.13025 0.06303 0.05042 0.05462 0.01261 0.03361 0.07143 0.05042 0.01681 0.02941 0.10504 0.02101 0.02941 0.03361 0.06303 0.07143 0.04202 0.00420 0.01261 0.10504
Q062N3                         0.12605 0.06723 0.04622 0.05462 0.01261 0.03361 0.07563 0.05462 0.01681 0.02941 0.10084 0.01681 0.02941 0.03361 0.06303 0.07143 0.04202 0.00420 0.01261 0.10924
A3Z413                         0.12605 0.06723 0.05042 0.02941 0.01261 0.03782 0.07563 0.05462 0.02521 0.02941 0.10924 0.01261 0.02941 0.03782 0.07143 0.07143 0.04202 0.00420 0.00840 0.10504
Q7TV81                         0.13025 0.06303 0.04622 0.04202 0.01681 0.03361 0.08403 0.04202 0.02521 0.02941 0.10084 0.01681 0.03361 0.03361 0.05462 0.07143 0.04622 0.00420 0.00840 0.11765
Q8YQY0                         0.12605 0.04622 0.04622 0.03782 0.01681 0.02521 0.08824 0.05042 0.02101 0.05882 0.07143 0.03361 0.02101 0.03361 0.07563 0.07563 0.04622 0.00840 0.01681 0.10084
Q55512                         0.12605 0.03361 0.04622 0.04202 0.01681 0.03782 0.07143 0.05462 0.02941 0.06303 0.06723 0.04622 0.04202 0.03361 0.07563 0.05042 0.05042 0.00420 0.02101 0.08824
Q7NLV2                         0.13866 0.06723 0.02941 0.03782 0.02101 0.03361 0.08403 0.05882 0.03361 0.02941 0.09664 0.01261 0.01261 0.03782 0.07983 0.04622 0.03361 0.00420 0.01261 0.13025
P08390                         0.12185 0.04202 0.03361 0.05882 0.00420 0.05882 0.08403 0.06303 0.00840 0.04202 0.10924 0.02521 0.01681 0.05042 0.05882 0.07563 0.03361 0.00840 0.00420 0.10084
B7MXZ6                         0.12605 0.04202 0.03361 0.05882 0.00420 0.05882 0.08403 0.06303 0.00840 0.04202 0.10924 0.02521 0.01681 0.05042 0.05882 0.07563 0.03361 0.00840 0.00420 0.09664
B7LLF1                         0.12605 0.04202 0.03361 0.05882 0.00420 0.05882 0.08403 0.06303 0.00840 0.04622 0.10924 0.02521 0.01681 0.05042 0.05882 0.07563 0.03361 0.00840 0.00420 0.09244

Homogeneity statistic: X2 = 4.50807 G = 4.61789 

Average                        0.10989 0.04176 0.05385 0.04570 0.01377 0.03601 0.07854 0.04738 0.02165 0.05585 0.08533 0.04215 0.02825 0.03769 0.06387 0.06910 0.04680 0.00440 0.01739 0.10065

# constant sites:     22 (9.24%)
ln Lmax (unconstrained) = -1283.262876

AA distances (raw proportions of different sites)

A8EVQ5         
A6QAQ6           0.1765
D1B0N7           0.2815  0.2647
A6Q293           0.2773  0.2773  0.2605
A7H318           0.2983  0.3235  0.2941  0.3109
Q4HEX8           0.3067  0.3319  0.2983  0.3151  0.1261
B9KFM7           0.2983  0.3193  0.2731  0.3277  0.1555  0.1555
A8FM72           0.3025  0.3319  0.3025  0.3109  0.0168  0.1134  0.1513
Q7MAA7           0.2941  0.2647  0.2899  0.3151  0.2941  0.2983  0.3025  0.2815
B9L8X2           0.2899  0.2773  0.3235  0.3025  0.3487  0.3529  0.3866  0.3445  0.2815
Q4HT27           0.3277  0.3487  0.2857  0.3277  0.1681  0.1639  0.1345  0.1597  0.3361  0.3697
Q30SW6           0.3277  0.3193  0.3319  0.2647  0.3445  0.3613  0.3403  0.3487  0.3193  0.3655  0.3697
O25801           0.4706  0.4664  0.4916  0.5126  0.4580  0.4664  0.4664  0.4496  0.4244  0.4412  0.4454  0.4790
B1XL17           0.5462  0.5294  0.5294  0.5252  0.5168  0.5168  0.5084  0.5210  0.5210  0.5294  0.5084  0.5294  0.5588
A0YKN4           0.5420  0.5168  0.5420  0.5378  0.5252  0.5252  0.5000  0.5294  0.5168  0.5336  0.5126  0.5294  0.5756  0.2395
A9BD98           0.5378  0.5252  0.5630  0.5420  0.5420  0.5378  0.5294  0.5420  0.5378  0.5504  0.5378  0.5672  0.5882  0.3739  0.3824
B0C143           0.5504  0.5294  0.5588  0.5462  0.5462  0.5504  0.5462  0.5462  0.5336  0.5210  0.5462  0.5714  0.5882  0.2647  0.2563  0.4034
B7KG20           0.5588  0.5420  0.5672  0.5420  0.5462  0.5420  0.5462  0.5462  0.5462  0.5042  0.5336  0.5714  0.5546  0.2311  0.2521  0.3782  0.2437
Q8DMP2           0.5504  0.5546  0.5924  0.5462  0.5420  0.5462  0.5504  0.5462  0.5336  0.5336  0.5378  0.5588  0.5798  0.3193  0.3151  0.3866  0.3109  0.3445
B4AWU0           0.5588  0.5462  0.5714  0.5462  0.5336  0.5462  0.5210  0.5378  0.5588  0.5336  0.5126  0.5672  0.5630  0.2605  0.2605  0.3824  0.2521  0.1555  0.3361
B1X103           0.5672  0.5420  0.5798  0.5714  0.5462  0.5504  0.5378  0.5504  0.5294  0.5420  0.5252  0.5756  0.5798  0.2353  0.2311  0.3866  0.2773  0.2101  0.3361  0.2185
Q4C2C5           0.5672  0.5462  0.5714  0.5546  0.5420  0.5420  0.5252  0.5462  0.5462  0.5378  0.5168  0.5714  0.5840  0.2227  0.2353  0.3908  0.2731  0.2185  0.3613  0.2269  0.0672
B0JL92           0.5294  0.5294  0.5588  0.5420  0.5252  0.5294  0.5210  0.5252  0.5168  0.5336  0.5084  0.5546  0.5756  0.2353  0.2395  0.3866  0.2647  0.2521  0.3277  0.2479  0.2437  0.2311
Q2JHG7           0.5546  0.5546  0.5630  0.5420  0.5294  0.5420  0.5462  0.5252  0.5294  0.5252  0.5210  0.5588  0.5672  0.3277  0.3319  0.3571  0.3361  0.3445  0.3319  0.3319  0.3403  0.3445  0.3445
Q118P3           0.5630  0.5588  0.5714  0.5420  0.5462  0.5336  0.5336  0.5462  0.5294  0.5378  0.5252  0.5462  0.5840  0.2941  0.2227  0.3950  0.2899  0.2731  0.3235  0.2773  0.2983  0.2983  0.3067  0.3487
P49420           0.5504  0.5420  0.5756  0.5798  0.5630  0.5462  0.5588  0.5630  0.5378  0.5462  0.5630  0.5924  0.5966  0.3782  0.3866  0.2815  0.3908  0.3697  0.3782  0.3739  0.3445  0.3571  0.3824  0.3824  0.4034
Q5MZT4           0.5546  0.5252  0.5798  0.5504  0.5546  0.5504  0.5294  0.5504  0.5504  0.5378  0.5378  0.5588  0.5798  0.2941  0.2731  0.3655  0.3277  0.2899  0.3319  0.3025  0.2353  0.2353  0.3319  0.3235  0.3277  0.3824
Q31M41           0.5546  0.5252  0.5798  0.5504  0.5546  0.5504  0.5294  0.5504  0.5504  0.5378  0.5378  0.5588  0.5798  0.2941  0.2731  0.3655  0.3277  0.2899  0.3319  0.3025  0.2353  0.2353  0.3319  0.3235  0.3277  0.3824  0.0000
Q2JTI1           0.5630  0.5504  0.5672  0.5504  0.5462  0.5588  0.5588  0.5420  0.5294  0.5336  0.5378  0.5672  0.5756  0.3361  0.3403  0.3571  0.3529  0.3529  0.3403  0.3487  0.3403  0.3529  0.3613  0.0336  0.3655  0.3866  0.3403  0.3403
A2C5R8           0.5546  0.5294  0.5420  0.5504  0.5462  0.5378  0.5462  0.5462  0.5210  0.5336  0.5462  0.5588  0.5882  0.3487  0.3487  0.2899  0.3782  0.3782  0.3613  0.3739  0.3613  0.3824  0.3739  0.3319  0.4076  0.2689  0.3571  0.3571  0.3319
A3IT20           0.5840  0.5588  0.5714  0.5756  0.5462  0.5546  0.5336  0.5504  0.5252  0.5462  0.5210  0.5756  0.5924  0.2353  0.2563  0.3908  0.2857  0.2353  0.3403  0.2395  0.0714  0.0966  0.2647  0.3529  0.2983  0.3613  0.2605  0.2605  0.3571  0.3655
C7QW47           0.5672  0.5420  0.5798  0.5504  0.5252  0.5336  0.5126  0.5294  0.5294  0.5420  0.5210  0.5630  0.5756  0.2227  0.2521  0.3655  0.2563  0.2353  0.3403  0.2227  0.1933  0.2059  0.2395  0.3487  0.2731  0.3445  0.2899  0.2899  0.3613  0.3697  0.1891
B7JW77           0.5672  0.5420  0.5798  0.5504  0.5252  0.5336  0.5126  0.5294  0.5294  0.5378  0.5210  0.5630  0.5756  0.2227  0.2479  0.3697  0.2605  0.2311  0.3361  0.2185  0.1891  0.2059  0.2353  0.3445  0.2773  0.3403  0.2857  0.2857  0.3571  0.3655  0.1891  0.0042
Q3M724           0.5714  0.5546  0.5714  0.5504  0.5462  0.5462  0.5294  0.5504  0.5336  0.5252  0.5168  0.5420  0.5714  0.2689  0.2437  0.4118  0.2857  0.2647  0.3109  0.2731  0.2353  0.2353  0.2899  0.3487  0.2857  0.3697  0.2689  0.2689  0.3613  0.3739  0.2269  0.2899  0.2857
Q46ID6           0.5672  0.5504  0.5840  0.5756  0.5378  0.5630  0.5378  0.5420  0.5420  0.5756  0.5504  0.5714  0.5966  0.4076  0.3866  0.3151  0.4496  0.4034  0.3908  0.3739  0.3697  0.3739  0.3866  0.3950  0.4202  0.2857  0.3950  0.3950  0.3866  0.3067  0.3655  0.3697  0.3655  0.4034
A0ZER8           0.5630  0.5588  0.5840  0.5420  0.5630  0.5588  0.5420  0.5630  0.5294  0.5252  0.5462  0.5546  0.5882  0.2857  0.2605  0.3908  0.3109  0.2437  0.3109  0.2815  0.2563  0.2563  0.2815  0.3571  0.2899  0.3866  0.3067  0.3067  0.3655  0.3950  0.2563  0.2941  0.2899  0.1681  0.4118
A2C5B8           0.5672  0.5588  0.5924  0.5840  0.5462  0.5672  0.5462  0.5504  0.5462  0.5840  0.5588  0.5798  0.6008  0.4076  0.3950  0.3151  0.4496  0.4076  0.3866  0.3824  0.3782  0.3824  0.3950  0.3950  0.4328  0.2815  0.3992  0.3992  0.3908  0.3067  0.3739  0.3824  0.3782  0.4076  0.0168  0.4160
Q0IE17           0.5672  0.5336  0.5882  0.5672  0.5546  0.5504  0.5546  0.5546  0.5504  0.5504  0.5588  0.5714  0.5924  0.3571  0.3571  0.3151  0.3866  0.3445  0.3739  0.3613  0.3403  0.3403  0.3613  0.3361  0.3866  0.3109  0.2899  0.2899  0.3403  0.1933  0.3319  0.3571  0.3529  0.3571  0.3025  0.3866  0.3025
Q317Y8           0.5840  0.5588  0.5714  0.5714  0.5546  0.5672  0.5504  0.5546  0.5504  0.5630  0.5546  0.5630  0.5714  0.4034  0.4328  0.3277  0.4328  0.4370  0.4328  0.4412  0.3992  0.4118  0.4412  0.4160  0.4580  0.3571  0.4370  0.4370  0.4118  0.3529  0.3908  0.4160  0.4160  0.4370  0.3109  0.4286  0.3151  0.3866
B5W1F5           0.5420  0.5420  0.5630  0.5420  0.5336  0.5210  0.5000  0.5336  0.5294  0.5126  0.5210  0.5504  0.5714  0.2437  0.1681  0.3739  0.2311  0.2143  0.3109  0.2311  0.2395  0.2437  0.2437  0.3193  0.2563  0.3697  0.2815  0.2815  0.3319  0.3487  0.2647  0.2521  0.2479  0.2521  0.4118  0.2311  0.4118  0.3487  0.4412
B9YPN5           0.5798  0.5630  0.5672  0.5336  0.5420  0.5504  0.5210  0.5462  0.5336  0.5126  0.5168  0.5462  0.5588  0.3193  0.2647  0.3950  0.3277  0.2857  0.3403  0.2773  0.3067  0.2941  0.3193  0.3445  0.3109  0.4034  0.3109  0.3109  0.3403  0.3992  0.3025  0.3235  0.3193  0.1597  0.4202  0.2311  0.4244  0.4034  0.4286  0.2731
A5GQ12           0.5462  0.5336  0.5630  0.5420  0.5420  0.5336  0.5252  0.5420  0.5210  0.5210  0.5420  0.5420  0.5756  0.3571  0.3319  0.2941  0.3866  0.3697  0.3487  0.3824  0.3655  0.3697  0.3655  0.3151  0.3866  0.3151  0.3319  0.3319  0.3151  0.2311  0.3613  0.3739  0.3697  0.3235  0.3361  0.3571  0.3361  0.2185  0.3655  0.3235  0.3529
A3PFE2           0.5882  0.5630  0.5840  0.5924  0.5546  0.5756  0.5588  0.5546  0.5546  0.5714  0.5588  0.5714  0.5588  0.4160  0.4370  0.3403  0.4412  0.4412  0.4454  0.4454  0.4160  0.4286  0.4328  0.4160  0.4706  0.3529  0.4454  0.4454  0.4118  0.3529  0.4118  0.4328  0.4328  0.4370  0.3151  0.4328  0.3193  0.3992  0.0672  0.4412  0.4286  0.3739
A2BTN5           0.5840  0.5588  0.5840  0.5924  0.5588  0.5756  0.5546  0.5588  0.5462  0.5756  0.5588  0.5756  0.5672  0.4286  0.4328  0.3361  0.4412  0.4412  0.4370  0.4454  0.4160  0.4328  0.4286  0.4202  0.4790  0.3403  0.4412  0.4412  0.4160  0.3487  0.4076  0.4328  0.4286  0.4286  0.2941  0.4286  0.3025  0.3950  0.0672  0.4370  0.4202  0.3655  0.0378
A3YWM6           0.5462  0.5378  0.5588  0.5378  0.5588  0.5504  0.5420  0.5546  0.5084  0.5126  0.5420  0.5420  0.5546  0.3487  0.3151  0.3109  0.3782  0.3782  0.3613  0.3697  0.3529  0.3529  0.3445  0.3151  0.3866  0.3025  0.3067  0.3067  0.3151  0.2269  0.3529  0.3529  0.3487  0.3277  0.3151  0.3655  0.3151  0.2185  0.3739  0.3193  0.3613  0.1387  0.3824  0.3782
A4CYI3           0.5630  0.5420  0.5714  0.5462  0.5462  0.5420  0.5588  0.5462  0.5210  0.5462  0.5588  0.5588  0.5798  0.3571  0.3613  0.3235  0.4034  0.3697  0.3613  0.3824  0.3487  0.3655  0.3739  0.3109  0.4034  0.3109  0.3277  0.3277  0.3109  0.1765  0.3571  0.3445  0.3403  0.3655  0.3151  0.3992  0.3109  0.1849  0.3824  0.3361  0.3950  0.2521  0.3908  0.3950  0.2353
A8G7F9           0.5798  0.5756  0.5798  0.5756  0.5630  0.5672  0.5630  0.5630  0.5546  0.5672  0.5672  0.5714  0.5672  0.4076  0.4244  0.3235  0.4370  0.4286  0.4328  0.4496  0.4160  0.4244  0.4286  0.3992  0.4538  0.3571  0.4328  0.4328  0.3950  0.3361  0.4076  0.4286  0.4244  0.4370  0.3235  0.4244  0.3235  0.3782  0.0798  0.4370  0.4202  0.3487  0.0840  0.0798  0.3739  0.3697
A5GHT3           0.5672  0.5294  0.5672  0.5462  0.5420  0.5462  0.5462  0.5420  0.5210  0.5504  0.5504  0.5504  0.5924  0.3613  0.3613  0.3277  0.4034  0.3697  0.3739  0.3824  0.3487  0.3655  0.3824  0.3277  0.3992  0.3319  0.3235  0.3235  0.3277  0.1891  0.3571  0.3487  0.3445  0.3697  0.3235  0.4034  0.3319  0.1723  0.3950  0.3403  0.3992  0.2479  0.4034  0.3992  0.2521  0.0714  0.3866
B8HYL8           0.5630  0.5336  0.5798  0.5588  0.5378  0.5336  0.5336  0.5420  0.5378  0.5210  0.5378  0.5546  0.5756  0.2437  0.2353  0.4076  0.2059  0.2395  0.3109  0.2689  0.2479  0.2563  0.2773  0.3487  0.2479  0.3866  0.3109  0.3109  0.3529  0.3824  0.2605  0.2353  0.2311  0.2353  0.4328  0.2395  0.4328  0.3824  0.4496  0.1975  0.2815  0.3655  0.4580  0.4538  0.3571  0.3824  0.4580  0.3782
B2IT88           0.5630  0.5546  0.5756  0.5504  0.5630  0.5714  0.5462  0.5672  0.5378  0.5210  0.5420  0.5504  0.5756  0.2815  0.2605  0.3992  0.2773  0.2647  0.3403  0.2647  0.2605  0.2521  0.2857  0.3361  0.3025  0.4034  0.3025  0.3025  0.3403  0.3782  0.2647  0.3025  0.3025  0.1429  0.4202  0.1555  0.4244  0.3782  0.4244  0.2311  0.1681  0.3571  0.4202  0.4202  0.3487  0.3866  0.4328  0.3908  0.2437
Q7UA34           0.5630  0.5546  0.5798  0.5714  0.5588  0.5588  0.5546  0.5588  0.5294  0.5462  0.5630  0.5588  0.5714  0.3445  0.3445  0.2941  0.3697  0.3571  0.3487  0.3613  0.3445  0.3487  0.3529  0.3193  0.3908  0.2731  0.3445  0.3445  0.3193  0.1555  0.3403  0.3277  0.3235  0.3571  0.2857  0.3697  0.2857  0.1513  0.3613  0.3151  0.3824  0.2059  0.3697  0.3655  0.1723  0.1597  0.3487  0.1807  0.3529  0.3613
Q7TU21           0.5882  0.5756  0.5924  0.5714  0.5672  0.5756  0.5756  0.5672  0.5714  0.5882  0.5756  0.6008  0.5882  0.4328  0.4538  0.3361  0.4664  0.4454  0.4496  0.4580  0.4412  0.4580  0.4496  0.4202  0.4874  0.3571  0.4454  0.4454  0.4202  0.3445  0.4328  0.4328  0.4328  0.4496  0.3487  0.4328  0.3529  0.3824  0.2143  0.4496  0.4370  0.3613  0.1975  0.1849  0.3697  0.3824  0.1933  0.3908  0.4748  0.4454  0.3529
A2BZ40           0.5840  0.5756  0.5840  0.5756  0.5630  0.5588  0.5714  0.5630  0.5546  0.5714  0.5714  0.5840  0.5756  0.4370  0.4580  0.3487  0.4706  0.4454  0.4454  0.4664  0.4370  0.4580  0.4454  0.4244  0.4874  0.3571  0.4454  0.4454  0.4244  0.3361  0.4328  0.4370  0.4328  0.4538  0.3277  0.4370  0.3319  0.3739  0.2101  0.4454  0.4496  0.3571  0.2017  0.1765  0.3697  0.3824  0.1933  0.3950  0.4748  0.4622  0.3445  0.0672
Q3ANI6           0.5672  0.5504  0.5714  0.5630  0.5588  0.5588  0.5546  0.5588  0.5294  0.5504  0.5546  0.5588  0.5588  0.3529  0.3529  0.2899  0.3866  0.3571  0.3613  0.3655  0.3529  0.3487  0.3571  0.3361  0.3866  0.2857  0.3487  0.3487  0.3361  0.1849  0.3403  0.3235  0.3277  0.3655  0.2899  0.3782  0.2941  0.1597  0.3529  0.3361  0.3824  0.2269  0.3697  0.3697  0.2143  0.1765  0.3571  0.1765  0.3824  0.3697  0.0882  0.3613  0.3613
Q05UM8           0.5672  0.5420  0.5756  0.5546  0.5630  0.5504  0.5504  0.5630  0.5336  0.5546  0.5630  0.5588  0.6050  0.3487  0.3529  0.3067  0.3739  0.3529  0.3697  0.3697  0.3529  0.3571  0.3613  0.3151  0.3992  0.3109  0.3445  0.3445  0.3151  0.1807  0.3445  0.3571  0.3529  0.3908  0.3151  0.3908  0.3151  0.1345  0.3697  0.3361  0.4118  0.2059  0.3866  0.3824  0.2017  0.1891  0.3613  0.1891  0.3950  0.3950  0.1218  0.3613  0.3655  0.1261
Q3B0T9           0.5798  0.5630  0.5840  0.5630  0.5546  0.5588  0.5588  0.5546  0.5504  0.5504  0.5588  0.5630  0.5672  0.3613  0.3739  0.3067  0.3950  0.3655  0.3655  0.3782  0.3697  0.3655  0.3613  0.3277  0.4202  0.3025  0.3529  0.3529  0.3277  0.1681  0.3613  0.3655  0.3613  0.3824  0.3025  0.3866  0.3025  0.1723  0.3571  0.3403  0.4076  0.2101  0.3655  0.3613  0.2059  0.1975  0.3529  0.2059  0.3866  0.3866  0.1261  0.3697  0.3487  0.1387  0.1345
Q062N3           0.5798  0.5630  0.5882  0.5672  0.5504  0.5546  0.5546  0.5504  0.5378  0.5420  0.5546  0.5546  0.5714  0.3529  0.3697  0.3109  0.3866  0.3571  0.3613  0.3739  0.3613  0.3613  0.3655  0.3235  0.4160  0.2983  0.3445  0.3445  0.3235  0.1765  0.3529  0.3613  0.3571  0.3739  0.3109  0.3824  0.3109  0.1597  0.3571  0.3319  0.4034  0.2017  0.3655  0.3613  0.2017  0.1933  0.3529  0.2017  0.3824  0.3824  0.1092  0.3613  0.3487  0.1218  0.1218  0.0252
A3Z413           0.5630  0.5420  0.5630  0.5504  0.5546  0.5420  0.5588  0.5546  0.5252  0.5336  0.5630  0.5504  0.5924  0.3613  0.3487  0.3151  0.3866  0.3571  0.3655  0.3739  0.3655  0.3697  0.3697  0.3067  0.3950  0.3025  0.3613  0.3613  0.3025  0.1765  0.3697  0.3782  0.3739  0.3739  0.3067  0.3950  0.3067  0.1681  0.3697  0.3445  0.3908  0.2017  0.3739  0.3697  0.1933  0.2101  0.3529  0.2059  0.3992  0.3782  0.1345  0.3613  0.3571  0.1513  0.1008  0.1387  0.1303
Q7TV81           0.5630  0.5420  0.5546  0.5630  0.5588  0.5462  0.5546  0.5588  0.5336  0.5504  0.5588  0.5714  0.6008  0.3571  0.3571  0.3025  0.3908  0.3866  0.3866  0.3866  0.3782  0.3908  0.3866  0.3529  0.4160  0.2899  0.3824  0.3824  0.3529  0.0336  0.3697  0.3782  0.3782  0.3782  0.3319  0.4034  0.3319  0.2185  0.3655  0.3529  0.4118  0.2479  0.3571  0.3571  0.2563  0.1975  0.3487  0.2101  0.3866  0.3782  0.1849  0.3571  0.3571  0.2059  0.2059  0.1975  0.2059  0.2017
Q8YQY0           0.5672  0.5504  0.5672  0.5462  0.5420  0.5420  0.5252  0.5462  0.5294  0.5210  0.5126  0.5378  0.5672  0.2647  0.2353  0.4076  0.2815  0.2605  0.3193  0.2689  0.2311  0.2269  0.2857  0.3403  0.2773  0.3655  0.2647  0.2647  0.3529  0.3697  0.2269  0.2857  0.2815  0.0126  0.3992  0.1765  0.4034  0.3529  0.4328  0.2437  0.1513  0.3235  0.4328  0.4244  0.3235  0.3613  0.4328  0.3655  0.2269  0.1387  0.3529  0.4454  0.4496  0.3613  0.3866  0.3782  0.3697  0.3697  0.3739
Q55512           0.5672  0.5588  0.5756  0.5546  0.5714  0.5672  0.5588  0.5714  0.5714  0.5336  0.5546  0.5882  0.5798  0.2521  0.3025  0.3571  0.2773  0.2353  0.3277  0.2563  0.2311  0.2437  0.2983  0.3571  0.3361  0.3739  0.2857  0.2857  0.3655  0.3697  0.2395  0.2311  0.2269  0.3067  0.3992  0.2773  0.4034  0.3529  0.4286  0.2689  0.3361  0.3739  0.4454  0.4412  0.3445  0.3529  0.4328  0.3571  0.2731  0.3109  0.3277  0.4538  0.4538  0.3445  0.3487  0.3487  0.3445  0.3739  0.3782  0.3025
Q7NLV2           0.5966  0.5798  0.6050  0.5924  0.5756  0.5756  0.5630  0.5756  0.5756  0.5588  0.5630  0.5966  0.6008  0.4076  0.4496  0.4706  0.4412  0.4244  0.4034  0.4244  0.4454  0.4370  0.4622  0.4328  0.4328  0.4790  0.4160  0.4160  0.4328  0.4286  0.4580  0.4160  0.4118  0.4202  0.4916  0.4454  0.4874  0.4412  0.5252  0.4118  0.4244  0.4118  0.5336  0.5336  0.4160  0.4160  0.5210  0.4202  0.4328  0.4412  0.4286  0.5378  0.5294  0.4622  0.4328  0.4454  0.4370  0.4412  0.4412  0.4244  0.4202
P08390           0.7185  0.6933  0.7059  0.6849  0.7143  0.7059  0.7227  0.7143  0.6891  0.7017  0.7227  0.7269  0.7479  0.6891  0.6681  0.6933  0.6891  0.7059  0.6639  0.7017  0.6765  0.6891  0.6807  0.6681  0.6891  0.6765  0.6765  0.6765  0.6723  0.6849  0.6849  0.6681  0.6639  0.6807  0.6849  0.6891  0.6807  0.6681  0.7185  0.6723  0.6807  0.6639  0.7101  0.6975  0.6723  0.6765  0.7059  0.6807  0.6723  0.7017  0.6849  0.6975  0.6849  0.6933  0.6849  0.6723  0.6765  0.6765  0.6891  0.6765  0.6849  0.7185
B7MXZ6           0.7185  0.6891  0.7059  0.6849  0.7143  0.7059  0.7227  0.7143  0.6891  0.6975  0.7227  0.7269  0.7479  0.6891  0.6681  0.6933  0.6891  0.7059  0.6639  0.6975  0.6723  0.6849  0.6807  0.6639  0.6891  0.6765  0.6723  0.6723  0.6681  0.6849  0.6807  0.6681  0.6639  0.6807  0.6849  0.6891  0.6807  0.6639  0.7185  0.6723  0.6807  0.6597  0.7101  0.6975  0.6681  0.6723  0.7059  0.6765  0.6723  0.7017  0.6849  0.6975  0.6849  0.6891  0.6807  0.6681  0.6723  0.6723  0.6891  0.6765  0.6807  0.7185  0.0042
B7LLF1           0.7185  0.6891  0.7059  0.6849  0.7143  0.7059  0.7227  0.7143  0.6891  0.6975  0.7227  0.7269  0.7479  0.6891  0.6681  0.6933  0.6891  0.7059  0.6639  0.6975  0.6723  0.6849  0.6807  0.6639  0.6891  0.6765  0.6723  0.6723  0.6681  0.6849  0.6807  0.6681  0.6639  0.6807  0.6849  0.6891  0.6807  0.6639  0.7185  0.6723  0.6807  0.6597  0.7101  0.6975  0.6681  0.6723  0.7059  0.6765  0.6723  0.7017  0.6849  0.6975  0.6807  0.6891  0.6807  0.6681  0.6723  0.6723  0.6891  0.6765  0.6807  0.7185  0.0084  0.0042


TREE #  1:  (((((((((((20, 18), (61, ((31, 21), 22))), (33, 32)), (23, 14)), (((36, (50, ((60, 34), 41))), ((25, 15), 40)), (49, 17))), (28, 27)), (62, 19)), ((29, 24), ((((59, 30), (((((53, 52), (47, ((44, 43), 39))), (37, 35)), 26), 16)), ((((57, 56), 54), 51), ((38, (48, 46)), (55, 58)))), (45, 42)))), (13, ((((2, 1), ((12, 4), (3, ((11, 7), ((8, 5), 6))))), 9), 10))), 65), 64, 63);   MP score: 2099
lnL(ntime:127  np:128): -10807.500720      +0.000000
  66..67   67..68   68..69   69..70   70..71   71..72   72..73   73..74   74..75   75..76   76..20   76..18   75..77   77..61   77..78   78..79   79..31   79..21   78..22   74..80   80..33   80..32   73..81   81..23   81..14   72..82   82..83   83..84   84..36   84..85   85..50   85..86   86..87   87..60   87..34   86..41   83..88   88..89   89..25   89..15   88..40   82..90   90..49   90..17   71..91   91..28   91..27   70..92   92..62   92..19   69..93   93..94   94..29   94..24   93..95   95..96   96..97   97..98   98..59   98..30   97..99   99..100 100..101 101..102 102..103 103..53  103..52  102..104 104..47  104..105 105..106 106..44  106..43  105..39  101..107 107..37  107..35  100..26   99..16   96..108 108..109 109..110 110..111 111..57  111..56  110..54  109..51  108..112 112..113 113..38  113..114 114..48  114..46  112..115 115..55  115..58   95..116 116..45  116..42   68..117 117..13  117..118 118..119 119..120 120..121 121..2   121..1   120..122 122..123 123..12  123..4   122..124 124..3   124..125 125..126 126..11  126..7   125..127 127..128 128..8   128..5   127..6   119..9   118..10   67..65   66..64   66..63 
 0.000004 3.102132 0.314439 0.072127 0.072310 0.098279 0.038112 0.059774 0.014504 0.129741 0.140956 0.099896 0.036583 0.323095 0.105169 0.032226 0.071929 0.023536 0.038397 0.187457 0.000004 0.005114 0.041940 0.217670 0.187517 0.046328 0.020397 0.153892 0.123836 0.042006 0.063387 0.052441 0.072527 0.000004 0.015274 0.148022 0.051642 0.043656 0.292700 0.106764 0.145368 0.104295 0.131831 0.210433 0.290451 0.000004 0.000004 0.094239 0.763628 0.281085 0.037523 0.292570 0.037241 0.006196 0.210666 0.053313 0.029716 0.131205 0.042198 0.000004 0.185554 0.041923 0.143566 0.417423 0.148744 0.038863 0.045325 0.066276 0.045958 0.017954 0.021189 0.016317 0.028620 0.045463 0.185496 0.019070 0.001537 0.208441 0.327456 0.042688 0.017172 0.024024 0.117988 0.003841 0.028778 0.074846 0.049898 0.032783 0.041118 0.110063 0.154615 0.047365 0.049454 0.032488 0.069036 0.082838 0.080947 0.084220 0.134145 0.566841 0.740880 0.209398 0.089949 0.099631 0.125301 0.104119 0.159044 0.054129 0.115061 0.343544 0.146487 0.054291 0.198893 0.233794 0.041473 0.113800 0.072267 0.037234 0.067635 0.003189 0.016959 0.081956 0.233097 0.222340 0.005148 0.000004 0.005151 0.720172

tree length =  16.93285

(((((((((((20: 0.140956, 18: 0.099896): 0.129741, (61: 0.323095, ((31: 0.071929, 21: 0.023536): 0.032226, 22: 0.038397): 0.105169): 0.036583): 0.014504, (33: 0.000004, 32: 0.005114): 0.187457): 0.059774, (23: 0.217670, 14: 0.187517): 0.041940): 0.038112, (((36: 0.123836, (50: 0.063387, ((60: 0.000004, 34: 0.015274): 0.072527, 41: 0.148022): 0.052441): 0.042006): 0.153892, ((25: 0.292700, 15: 0.106764): 0.043656, 40: 0.145368): 0.051642): 0.020397, (49: 0.131831, 17: 0.210433): 0.104295): 0.046328): 0.098279, (28: 0.000004, 27: 0.000004): 0.290451): 0.072310, (62: 0.763628, 19: 0.281085): 0.094239): 0.072127, ((29: 0.037241, 24: 0.006196): 0.292570, ((((59: 0.042198, 30: 0.000004): 0.131205, (((((53: 0.038863, 52: 0.045325): 0.148744, (47: 0.045958, ((44: 0.016317, 43: 0.028620): 0.021189, 39: 0.045463): 0.017954): 0.066276): 0.417423, (37: 0.019070, 35: 0.001537): 0.185496): 0.143566, 26: 0.208441): 0.041923, 16: 0.327456): 0.185554): 0.029716, ((((57: 0.003841, 56: 0.028778): 0.117988, 54: 0.074846): 0.024024, 51: 0.049898): 0.017172, ((38: 0.110063, (48: 0.047365, 46: 0.049454): 0.154615): 0.041118, (55: 0.069036, 58: 0.082838): 0.032488): 0.032783): 0.042688): 0.053313, (45: 0.084220, 42: 0.134145): 0.080947): 0.210666): 0.037523): 0.314439, (13: 0.740880, ((((2: 0.104119, 1: 0.159044): 0.125301, ((12: 0.343544, 4: 0.146487): 0.115061, (3: 0.198893, ((11: 0.113800, 7: 0.072267): 0.041473, ((8: 0.003189, 5: 0.016959): 0.067635, 6: 0.081956): 0.037234): 0.233794): 0.054291): 0.054129): 0.099631, 9: 0.233097): 0.089949, 10: 0.222340): 0.209398): 0.566841): 3.102132, 65: 0.005148): 0.000004, 64: 0.000004, 63: 0.005151);

(((((((((((B4AWU0: 0.140956, B7KG20: 0.099896): 0.129741, (Q55512: 0.323095, ((A3IT20: 0.071929, B1X103: 0.023536): 0.032226, Q4C2C5: 0.038397): 0.105169): 0.036583): 0.014504, (B7JW77: 0.000004, C7QW47: 0.005114): 0.187457): 0.059774, (B0JL92: 0.217670, B1XL17: 0.187517): 0.041940): 0.038112, (((A0ZER8: 0.123836, (B2IT88: 0.063387, ((Q8YQY0: 0.000004, Q3M724: 0.015274): 0.072527, B9YPN5: 0.148022): 0.052441): 0.042006): 0.153892, ((Q118P3: 0.292700, A0YKN4: 0.106764): 0.043656, B5W1F5: 0.145368): 0.051642): 0.020397, (B8HYL8: 0.131831, B0C143: 0.210433): 0.104295): 0.046328): 0.098279, (Q31M41: 0.000004, Q5MZT4: 0.000004): 0.290451): 0.072310, (Q7NLV2: 0.763628, Q8DMP2: 0.281085): 0.094239): 0.072127, ((Q2JTI1: 0.037241, Q2JHG7: 0.006196): 0.292570, ((((Q7TV81: 0.042198, A2C5R8: 0.000004): 0.131205, (((((A2BZ40: 0.038863, Q7TU21: 0.045325): 0.148744, (A8G7F9: 0.045958, ((A2BTN5: 0.016317, A3PFE2: 0.028620): 0.021189, Q317Y8: 0.045463): 0.017954): 0.066276): 0.417423, (A2C5B8: 0.019070, Q46ID6: 0.001537): 0.185496): 0.143566, P49420: 0.208441): 0.041923, A9BD98: 0.327456): 0.185554): 0.029716, ((((Q062N3: 0.003841, Q3B0T9: 0.028778): 0.117988, Q3ANI6: 0.074846): 0.024024, Q7UA34: 0.049898): 0.017172, ((Q0IE17: 0.110063, (A5GHT3: 0.047365, A4CYI3: 0.049454): 0.154615): 0.041118, (Q05UM8: 0.069036, A3Z413: 0.082838): 0.032488): 0.032783): 0.042688): 0.053313, (A3YWM6: 0.084220, A5GQ12: 0.134145): 0.080947): 0.210666): 0.037523): 0.314439, (O25801: 0.740880, ((((A6QAQ6: 0.104119, A8EVQ5: 0.159044): 0.125301, ((Q30SW6: 0.343544, A6Q293: 0.146487): 0.115061, (D1B0N7: 0.198893, ((Q4HT27: 0.113800, B9KFM7: 0.072267): 0.041473, ((A8FM72: 0.003189, A7H318: 0.016959): 0.067635, Q4HEX8: 0.081956): 0.037234): 0.233794): 0.054291): 0.054129): 0.099631, Q7MAA7: 0.233097): 0.089949, B9L8X2: 0.222340): 0.209398): 0.566841): 3.102132, B7LLF1: 0.005148): 0.000004, B7MXZ6: 0.000004, P08390: 0.005151);

Detailed output identifying parameters

alpha (gamma, K = 4) =  0.72017
rate:   0.07850  0.37289  0.93212  2.61648
freq:   0.25000  0.25000  0.25000  0.25000

Time used: 22:38
