AAML (in paml version 4.6, August 2012)  320.aa
Model: Empirical for branches,  (/Users/dani/Desktop/paml4-1.6/dat/lg.dat) dGamma (ncatG=4) ns =  65  ls = 366


Frequencies..
                                    A      R      N      D      C      Q      E      G      H      I      L      K      M      F      P      S      T      W      Y      V
A8EX43                         0.07377 0.04098 0.04918 0.07923 0.00546 0.03005 0.08197 0.08743 0.01639 0.07377 0.07650 0.06831 0.03005 0.04372 0.04098 0.03552 0.05464 0.00000 0.01366 0.09836
D1B5C9                         0.07923 0.03825 0.04645 0.07104 0.00273 0.03005 0.09016 0.08197 0.01913 0.07923 0.09290 0.07377 0.02186 0.03552 0.04372 0.04098 0.04372 0.00000 0.02459 0.08470
Q7M8B0                         0.09016 0.03552 0.04372 0.06831 0.00000 0.03005 0.08197 0.08470 0.02732 0.06831 0.07650 0.07923 0.04098 0.03552 0.04372 0.04098 0.04098 0.00000 0.01639 0.09563
A7H1D1                         0.07377 0.02732 0.06284 0.07377 0.00000 0.02459 0.07650 0.08743 0.01366 0.08743 0.08470 0.08470 0.03279 0.03825 0.04098 0.04645 0.04645 0.00000 0.01366 0.08470
A8FJK6                         0.07377 0.03005 0.06284 0.07377 0.00000 0.02459 0.07923 0.08743 0.01366 0.08470 0.08470 0.07923 0.03279 0.03825 0.04098 0.04645 0.04645 0.00000 0.01366 0.08743
Q4HEJ4                         0.07377 0.03005 0.06284 0.07377 0.00000 0.02459 0.07923 0.08743 0.01366 0.08470 0.08470 0.07923 0.03279 0.03825 0.04098 0.04645 0.04645 0.00000 0.01366 0.08743
Q4HPP7                         0.07377 0.03005 0.06011 0.07104 0.00273 0.03005 0.07923 0.08470 0.01366 0.08743 0.08743 0.08197 0.03005 0.03825 0.04098 0.04372 0.04372 0.00000 0.01366 0.08743
B9KE32                         0.07650 0.03005 0.06284 0.07104 0.00000 0.02459 0.08197 0.08743 0.01366 0.08197 0.08470 0.08197 0.03279 0.03825 0.04098 0.04645 0.04372 0.00000 0.01366 0.08743
O25225                         0.07104 0.03552 0.04645 0.08197 0.00546 0.02186 0.07377 0.08197 0.01639 0.06011 0.08743 0.07923 0.04098 0.03825 0.04372 0.05191 0.04372 0.00000 0.02186 0.09836
A6Q646                         0.07377 0.04372 0.04372 0.08197 0.00000 0.03005 0.09016 0.08470 0.01913 0.08197 0.09563 0.06831 0.02186 0.03825 0.04645 0.03825 0.03825 0.00273 0.01639 0.08470
Q30UP4                         0.07377 0.03279 0.04098 0.08470 0.00546 0.03005 0.07650 0.08743 0.02459 0.07923 0.07377 0.07923 0.04098 0.03552 0.03825 0.03825 0.04918 0.00000 0.01913 0.09016
A6QCT3                         0.07377 0.03279 0.04098 0.08743 0.00273 0.03825 0.09290 0.08197 0.01913 0.07650 0.07923 0.07377 0.03825 0.03552 0.04098 0.03552 0.04918 0.00273 0.01366 0.08470
B9L646                         0.06831 0.03825 0.04918 0.08470 0.00000 0.01913 0.08743 0.08743 0.01366 0.08197 0.09016 0.08470 0.03005 0.03552 0.04098 0.03552 0.04645 0.00546 0.00820 0.09290
Q8DGN3                         0.08197 0.05464 0.04645 0.07104 0.00820 0.04098 0.07377 0.08470 0.01639 0.07104 0.09836 0.04918 0.01639 0.04098 0.05738 0.03005 0.05738 0.00000 0.01639 0.08470
B4B599                         0.07923 0.05191 0.03552 0.07923 0.00820 0.03825 0.07377 0.08743 0.01913 0.06557 0.09836 0.04918 0.02186 0.04098 0.05191 0.04372 0.04918 0.00000 0.01093 0.09563
B7KGL4                         0.07923 0.05191 0.03552 0.07650 0.00820 0.04098 0.08197 0.08743 0.01913 0.07104 0.09563 0.04645 0.02186 0.04098 0.05191 0.03825 0.05191 0.00000 0.01093 0.09016
Q31N14                         0.06831 0.05464 0.03279 0.07923 0.01366 0.02732 0.07377 0.08470 0.01639 0.06284 0.10656 0.05738 0.02732 0.04372 0.05738 0.04098 0.05191 0.00000 0.00820 0.09290
A3ISS0                         0.07104 0.05191 0.03552 0.08197 0.01093 0.03825 0.07923 0.08743 0.01913 0.06557 0.10109 0.04918 0.01913 0.04098 0.05191 0.04098 0.05191 0.00000 0.01366 0.09016
B1WYL2                         0.06831 0.04918 0.03279 0.08470 0.01093 0.03825 0.07923 0.08743 0.01913 0.06284 0.10109 0.05191 0.01913 0.04098 0.05191 0.04645 0.05191 0.00000 0.01366 0.09016
C7QTH0                         0.07377 0.05191 0.03825 0.07923 0.01093 0.03825 0.07104 0.08743 0.02186 0.07104 0.09290 0.04918 0.02186 0.04098 0.05191 0.04098 0.05738 0.00000 0.01366 0.08743
B7K677                         0.07377 0.05191 0.03825 0.07923 0.01093 0.03825 0.07104 0.08743 0.02186 0.07104 0.09290 0.04918 0.02186 0.04098 0.05191 0.04098 0.05738 0.00000 0.01366 0.08743
Q4C8P6                         0.06557 0.05191 0.03825 0.07923 0.01093 0.04098 0.07923 0.08743 0.01913 0.06557 0.09836 0.04645 0.02459 0.04098 0.05464 0.04918 0.05464 0.00000 0.01093 0.08197
B0C543                         0.07650 0.04645 0.04098 0.08197 0.01366 0.03552 0.07377 0.08743 0.02459 0.05738 0.10109 0.04645 0.02732 0.04098 0.06011 0.03279 0.05738 0.00000 0.01366 0.08197
B5VY23                         0.06831 0.05738 0.03552 0.07650 0.01093 0.03279 0.08197 0.09016 0.01639 0.07104 0.09290 0.04372 0.02459 0.03552 0.05738 0.04645 0.04645 0.00000 0.02186 0.09016
B8HR97                         0.07923 0.05464 0.03552 0.07650 0.01093 0.03552 0.07650 0.08743 0.01639 0.07104 0.09836 0.05191 0.02459 0.04098 0.06011 0.02459 0.06557 0.00000 0.01639 0.07377
Q10WE5                         0.06284 0.05191 0.03279 0.07923 0.01366 0.03552 0.07104 0.08470 0.01913 0.06831 0.09290 0.05738 0.02186 0.03825 0.05191 0.05464 0.05191 0.00000 0.01366 0.09836
P72749                         0.07650 0.05191 0.03825 0.08743 0.01093 0.03552 0.06831 0.09016 0.01913 0.06011 0.10109 0.04918 0.01639 0.04372 0.05464 0.04372 0.05191 0.00000 0.01093 0.09016
A2BW69                         0.04918 0.05191 0.05738 0.07923 0.01093 0.02459 0.06557 0.08470 0.01913 0.07377 0.10109 0.05738 0.01913 0.04645 0.05464 0.05191 0.05191 0.00000 0.01093 0.09016
B9YUJ0                         0.07650 0.05464 0.03279 0.07377 0.00820 0.03552 0.07650 0.09016 0.01913 0.06011 0.09836 0.04918 0.02459 0.03825 0.05191 0.03279 0.05738 0.00273 0.01913 0.09836
Q2JJG6                         0.07377 0.06284 0.03005 0.05464 0.01366 0.03005 0.08470 0.09290 0.02459 0.06557 0.11202 0.04372 0.01913 0.04098 0.05738 0.03005 0.06284 0.00000 0.01366 0.08743
Q05TD1                         0.07923 0.06831 0.03552 0.09836 0.01093 0.03552 0.06011 0.08743 0.01639 0.06557 0.09563 0.04645 0.01913 0.04645 0.05191 0.03552 0.05191 0.00000 0.00820 0.08743
A3Z767                         0.07104 0.06011 0.03552 0.09563 0.01093 0.03825 0.05738 0.08743 0.01913 0.06831 0.09563 0.04918 0.01639 0.04645 0.05738 0.03825 0.05464 0.00000 0.00820 0.09016
Q7V1U3                         0.04918 0.05191 0.05738 0.07650 0.01093 0.02459 0.06831 0.08470 0.01913 0.07377 0.10109 0.05738 0.01913 0.04645 0.05464 0.05191 0.04918 0.00000 0.01093 0.09290
A2BQP7                         0.04918 0.04918 0.05464 0.07923 0.01093 0.02459 0.06831 0.08470 0.01913 0.08197 0.09563 0.06011 0.01913 0.04645 0.05464 0.05738 0.04918 0.00000 0.01093 0.08470
A4CUD7                         0.07104 0.06284 0.03825 0.09290 0.01093 0.03825 0.06011 0.08743 0.01639 0.06831 0.09563 0.04645 0.01639 0.04645 0.05464 0.04098 0.05464 0.00000 0.00820 0.09016
A8G4E0                         0.04918 0.04918 0.05738 0.07650 0.01093 0.02459 0.06831 0.08470 0.01913 0.08197 0.09836 0.06011 0.01639 0.04645 0.05464 0.05464 0.05191 0.00000 0.01093 0.08470
A3PCH0                         0.04918 0.05191 0.05464 0.07923 0.01093 0.02459 0.06831 0.08470 0.01913 0.07923 0.09836 0.05738 0.01913 0.04645 0.05464 0.05738 0.04918 0.00000 0.01093 0.08470
Q31BB5                         0.04918 0.05464 0.05464 0.07923 0.01093 0.02459 0.06831 0.08470 0.01913 0.08197 0.09563 0.05464 0.01913 0.04645 0.05464 0.05738 0.04918 0.00000 0.01093 0.08470
Q7NKF8                         0.07377 0.05738 0.03825 0.07377 0.00546 0.02732 0.07923 0.07923 0.02732 0.07104 0.11202 0.05191 0.01366 0.04098 0.04645 0.04918 0.05191 0.00000 0.01366 0.08743
Q8YPQ2                         0.07923 0.05191 0.03005 0.06831 0.00820 0.03552 0.07923 0.08743 0.01913 0.06557 0.09563 0.05191 0.02732 0.03825 0.04918 0.03552 0.06284 0.00273 0.01913 0.09290
Q3MF49                         0.07923 0.05191 0.03279 0.06831 0.00820 0.03552 0.07923 0.08743 0.01913 0.06557 0.09563 0.05191 0.02732 0.03825 0.04918 0.03279 0.06284 0.00273 0.01913 0.09290
Q7U777                         0.06831 0.06284 0.03552 0.10383 0.01093 0.04372 0.05191 0.08743 0.01639 0.07104 0.09563 0.04372 0.01639 0.04645 0.05191 0.04372 0.05191 0.00000 0.00820 0.09016
A5GLC5                         0.07104 0.06284 0.04098 0.09836 0.01093 0.04372 0.05464 0.08743 0.01639 0.06831 0.09563 0.04372 0.01639 0.04645 0.05464 0.03825 0.05191 0.00000 0.00820 0.09016
B2IV29                         0.07650 0.05191 0.03279 0.07377 0.00820 0.03552 0.07650 0.08743 0.01913 0.06831 0.09836 0.05191 0.02459 0.04098 0.04918 0.03552 0.06284 0.00273 0.01639 0.08743
Q3AK84                         0.07104 0.06284 0.04098 0.09836 0.01093 0.03279 0.05738 0.08743 0.01913 0.07104 0.09563 0.04918 0.01639 0.04645 0.05464 0.03825 0.05464 0.00000 0.00820 0.08470
B1XQH1                         0.08197 0.05191 0.04645 0.08470 0.00820 0.03825 0.07377 0.08470 0.01913 0.06557 0.09290 0.03825 0.02186 0.04098 0.04918 0.04098 0.06011 0.00000 0.01093 0.09016
A0YPA8                         0.06011 0.05191 0.03552 0.07650 0.01093 0.03279 0.08470 0.09290 0.01639 0.07377 0.09836 0.04918 0.02732 0.03825 0.05738 0.04098 0.05464 0.00000 0.01639 0.08197
B7N2L4                         0.07104 0.04918 0.04372 0.09563 0.00820 0.03825 0.05738 0.07650 0.02186 0.06831 0.08470 0.05464 0.02459 0.03825 0.04098 0.04098 0.05738 0.00546 0.01639 0.10656
P32132                         0.07104 0.04918 0.04372 0.09563 0.00820 0.03825 0.05738 0.07650 0.02186 0.06831 0.08470 0.05464 0.02459 0.03825 0.04098 0.04098 0.05738 0.00546 0.01639 0.10656
B7LVH1                         0.07104 0.04918 0.04372 0.09563 0.00820 0.03825 0.05738 0.07650 0.02186 0.06831 0.08470 0.05464 0.02459 0.03825 0.04098 0.04098 0.05738 0.00546 0.01639 0.10656
A0ZIX0                         0.07650 0.05191 0.03552 0.06831 0.01093 0.04098 0.07923 0.08470 0.01913 0.06557 0.09290 0.04918 0.02732 0.04098 0.04918 0.03005 0.06557 0.00273 0.01639 0.09290
A3YZZ3                         0.08470 0.06831 0.03005 0.08743 0.00820 0.03552 0.06011 0.09016 0.01913 0.06284 0.09836 0.04098 0.02186 0.04372 0.06011 0.03552 0.05738 0.00000 0.01093 0.08470
Q46LH0                         0.05738 0.05464 0.04918 0.08197 0.01366 0.03005 0.07377 0.08743 0.01366 0.06284 0.10383 0.06557 0.01093 0.04918 0.05191 0.03552 0.06011 0.00000 0.00820 0.09016
B0JH29                         0.07923 0.04918 0.04098 0.08197 0.00820 0.03825 0.07104 0.08470 0.01913 0.06011 0.09836 0.05191 0.02186 0.04372 0.04645 0.03552 0.05738 0.00000 0.00820 0.10383
Q2JWU4                         0.07650 0.05738 0.03005 0.05738 0.01639 0.03552 0.08470 0.09016 0.01913 0.05464 0.12022 0.04372 0.01366 0.04098 0.06011 0.02732 0.06011 0.00000 0.01639 0.09563
Q3AVI6                         0.07104 0.06284 0.03825 0.09836 0.01093 0.03552 0.05464 0.08743 0.01639 0.07377 0.10109 0.04918 0.01366 0.04645 0.05464 0.04098 0.05191 0.00000 0.00820 0.08470
A2C1J6                         0.05738 0.05464 0.05191 0.08197 0.01366 0.03005 0.07377 0.08743 0.01366 0.06284 0.10383 0.06284 0.01093 0.04918 0.05191 0.03552 0.06011 0.00000 0.00820 0.09016
A2CAB0                         0.07104 0.06557 0.03825 0.08743 0.01093 0.04098 0.06011 0.09016 0.01639 0.07104 0.09836 0.04645 0.01913 0.04645 0.05191 0.03825 0.05738 0.00000 0.00820 0.08197
Q7V801                         0.07104 0.06557 0.03825 0.09016 0.01093 0.04098 0.05738 0.09016 0.01639 0.06831 0.09836 0.04645 0.01913 0.04645 0.05191 0.04098 0.05464 0.00000 0.00820 0.08470
Q0IAM9                         0.06831 0.06831 0.03825 0.09836 0.01366 0.03552 0.05464 0.08743 0.01639 0.06831 0.10383 0.04645 0.01366 0.04645 0.05738 0.03552 0.05464 0.00000 0.00820 0.08470
Q066N2                         0.07377 0.06284 0.04098 0.09836 0.01093 0.03552 0.05464 0.08743 0.01639 0.07377 0.10109 0.04918 0.01366 0.04645 0.05191 0.03825 0.05191 0.00000 0.00820 0.08470
A9BAS0                         0.05738 0.05738 0.03279 0.09016 0.01366 0.03005 0.06011 0.08743 0.01913 0.09016 0.09290 0.06284 0.01639 0.04645 0.05738 0.04645 0.05191 0.00000 0.01366 0.07377
A5GTF9                         0.07923 0.06011 0.03552 0.09016 0.01093 0.03552 0.06011 0.09016 0.01913 0.06557 0.09836 0.04918 0.01366 0.04645 0.05464 0.03825 0.05191 0.00000 0.00820 0.09290
Q7VCA7                         0.06284 0.06284 0.04098 0.07923 0.01366 0.03825 0.06831 0.09016 0.01639 0.07377 0.09836 0.04918 0.01913 0.04918 0.05191 0.04372 0.04918 0.00000 0.01093 0.08197
Q5MZ20                         0.06831 0.05464 0.03279 0.07923 0.01366 0.02732 0.07377 0.08197 0.01639 0.06284 0.10656 0.05738 0.02732 0.04372 0.05738 0.04372 0.05191 0.00000 0.00820 0.09290

Homogeneity statistic: X2 = 1.70761 G = 1.68444 

Average                        0.07070 0.05145 0.04208 0.08159 0.00900 0.03338 0.07179 0.08638 0.01841 0.07083 0.09550 0.05628 0.02261 0.04208 0.05082 0.04111 0.05313 0.00063 0.01282 0.08941

# constant sites:    109 (29.78%)
ln Lmax (unconstrained) = -1933.326734

AA distances (raw proportions of different sites)

A8EX43         
D1B5C9           0.2213
Q7M8B0           0.2213  0.2077
A7H1D1           0.2623  0.2077  0.2322
A8FJK6           0.2596  0.2049  0.2295  0.0082
Q4HEJ4           0.2596  0.2049  0.2295  0.0082  0.0000
Q4HPP7           0.2650  0.2158  0.2377  0.0492  0.0410  0.0410
B9KE32           0.2596  0.2104  0.2322  0.0519  0.0464  0.0464  0.0683
O25225           0.2705  0.2240  0.1694  0.2350  0.2322  0.2322  0.2486  0.2295
A6Q646           0.2596  0.2104  0.2022  0.2459  0.2432  0.2432  0.2514  0.2377  0.2186
Q30UP4           0.2814  0.2541  0.2404  0.2732  0.2732  0.2732  0.2705  0.2787  0.2951  0.2377
A6QCT3           0.2732  0.2760  0.2596  0.2760  0.2814  0.2814  0.2896  0.2787  0.2978  0.2158  0.2923
B9L646           0.2842  0.2678  0.2596  0.2678  0.2705  0.2705  0.2705  0.2568  0.2432  0.2377  0.2951  0.2923
Q8DGN3           0.4454  0.4344  0.4262  0.4590  0.4536  0.4536  0.4508  0.4536  0.4262  0.4071  0.4563  0.4399  0.4235
B4B599           0.4290  0.4208  0.4126  0.4399  0.4399  0.4399  0.4426  0.4481  0.4126  0.4098  0.4344  0.4344  0.4098  0.1721
B7KGL4           0.4317  0.4290  0.4208  0.4399  0.4399  0.4399  0.4399  0.4344  0.4180  0.4016  0.4344  0.4372  0.4016  0.1639  0.0492
Q31N14           0.4262  0.4262  0.4208  0.4481  0.4454  0.4454  0.4454  0.4426  0.4153  0.4290  0.4699  0.4399  0.4126  0.1721  0.1776  0.1776
A3ISS0           0.4235  0.4180  0.4153  0.4290  0.4262  0.4262  0.4290  0.4262  0.4153  0.3989  0.4372  0.4344  0.3934  0.1831  0.1038  0.1011  0.1448
B1WYL2           0.4180  0.4153  0.4126  0.4290  0.4262  0.4262  0.4290  0.4235  0.4071  0.3962  0.4344  0.4290  0.3934  0.1776  0.0956  0.0984  0.1393  0.0219
C7QTH0           0.4235  0.4180  0.4153  0.4262  0.4235  0.4235  0.4262  0.4208  0.4208  0.4126  0.4372  0.4372  0.4126  0.1667  0.1230  0.1175  0.1393  0.0683  0.0683
B7K677           0.4235  0.4180  0.4153  0.4262  0.4235  0.4235  0.4262  0.4208  0.4208  0.4126  0.4372  0.4372  0.4126  0.1667  0.1230  0.1175  0.1393  0.0683  0.0683  0.0000
Q4C8P6           0.4235  0.4262  0.4208  0.4317  0.4290  0.4290  0.4344  0.4290  0.4208  0.4071  0.4481  0.4372  0.4016  0.1858  0.1120  0.1093  0.1503  0.0519  0.0574  0.0792  0.0792
B0C543           0.4317  0.4426  0.4454  0.4590  0.4590  0.4590  0.4536  0.4590  0.4454  0.4344  0.4508  0.4481  0.4481  0.1612  0.1776  0.1749  0.1639  0.1749  0.1694  0.1475  0.1475  0.1721
B5VY23           0.4536  0.4262  0.4262  0.4454  0.4454  0.4454  0.4481  0.4481  0.4508  0.4290  0.4508  0.4426  0.4290  0.1612  0.1667  0.1639  0.1585  0.1776  0.1694  0.1585  0.1585  0.1721  0.1557
B8HR97           0.4481  0.4399  0.4372  0.4481  0.4481  0.4481  0.4426  0.4508  0.4399  0.4344  0.4617  0.4454  0.4290  0.1120  0.1831  0.1776  0.1530  0.1940  0.1858  0.1530  0.1530  0.1831  0.1066  0.1612
Q10WE5           0.4426  0.4344  0.4235  0.4317  0.4317  0.4317  0.4372  0.4372  0.4344  0.4208  0.4344  0.4317  0.4235  0.1858  0.1612  0.1639  0.1612  0.1721  0.1585  0.1585  0.1585  0.1585  0.1667  0.1530  0.1694
P72749           0.4317  0.4262  0.4262  0.4372  0.4344  0.4344  0.4290  0.4262  0.4208  0.3989  0.4481  0.4290  0.4153  0.1858  0.1230  0.1257  0.1557  0.1011  0.0874  0.0929  0.0929  0.1120  0.1612  0.1940  0.1776  0.1694
A2BW69           0.4399  0.4290  0.4372  0.4481  0.4481  0.4481  0.4481  0.4426  0.4399  0.4399  0.4481  0.4536  0.4399  0.2350  0.2240  0.2268  0.1858  0.2213  0.2077  0.2104  0.2104  0.2268  0.2186  0.2404  0.2295  0.2104  0.2158
B9YUJ0           0.4317  0.4208  0.4044  0.4399  0.4399  0.4399  0.4454  0.4344  0.4290  0.4153  0.4344  0.4399  0.4180  0.1612  0.1639  0.1530  0.1393  0.1530  0.1393  0.1257  0.1257  0.1612  0.1448  0.1585  0.1421  0.1421  0.1557  0.2240
Q2JJG6           0.4399  0.4536  0.4508  0.4891  0.4863  0.4863  0.4863  0.4809  0.4617  0.4344  0.4699  0.4645  0.4563  0.1885  0.2049  0.1967  0.1831  0.1940  0.1885  0.1967  0.1967  0.2022  0.2022  0.2077  0.1995  0.2158  0.1913  0.2404  0.1831
Q05TD1           0.4426  0.4399  0.4481  0.4454  0.4454  0.4454  0.4481  0.4454  0.4317  0.4454  0.4508  0.4563  0.4262  0.2486  0.2322  0.2295  0.1803  0.2077  0.2022  0.1967  0.1967  0.2158  0.2186  0.2350  0.2131  0.1995  0.2104  0.1612  0.2022  0.2650
A3Z767           0.4426  0.4508  0.4536  0.4508  0.4508  0.4508  0.4481  0.4481  0.4344  0.4426  0.4536  0.4536  0.4235  0.2377  0.2240  0.2213  0.1858  0.2077  0.1967  0.1995  0.1995  0.2158  0.2022  0.2350  0.2022  0.1885  0.1967  0.1667  0.2077  0.2678  0.0410
Q7V1U3           0.4426  0.4262  0.4372  0.4481  0.4481  0.4481  0.4481  0.4426  0.4399  0.4399  0.4481  0.4536  0.4399  0.2350  0.2240  0.2268  0.1858  0.2213  0.2077  0.2104  0.2104  0.2268  0.2186  0.2404  0.2295  0.2104  0.2158  0.0055  0.2240  0.2404  0.1612  0.1667
A2BQP7           0.4508  0.4235  0.4399  0.4399  0.4399  0.4399  0.4399  0.4344  0.4426  0.4426  0.4481  0.4617  0.4399  0.2268  0.2240  0.2240  0.1913  0.2186  0.2104  0.2077  0.2077  0.2240  0.2295  0.2377  0.2350  0.2104  0.2186  0.0273  0.2268  0.2432  0.1667  0.1721  0.0246
A4CUD7           0.4426  0.4426  0.4481  0.4481  0.4481  0.4481  0.4481  0.4454  0.4317  0.4426  0.4508  0.4536  0.4262  0.2514  0.2377  0.2350  0.1967  0.2158  0.2049  0.2104  0.2104  0.2186  0.2077  0.2404  0.2104  0.1913  0.2077  0.1639  0.2131  0.2705  0.0410  0.0273  0.1639  0.1721
A8G4E0           0.4508  0.4235  0.4399  0.4399  0.4399  0.4399  0.4399  0.4344  0.4454  0.4454  0.4508  0.4645  0.4426  0.2295  0.2268  0.2268  0.1940  0.2213  0.2131  0.2104  0.2104  0.2268  0.2295  0.2377  0.2350  0.2131  0.2213  0.0246  0.2268  0.2432  0.1694  0.1749  0.0246  0.0082  0.1721
A3PCH0           0.4536  0.4262  0.4426  0.4426  0.4426  0.4426  0.4426  0.4372  0.4454  0.4399  0.4508  0.4617  0.4426  0.2240  0.2268  0.2268  0.1885  0.2186  0.2104  0.2131  0.2131  0.2240  0.2268  0.2404  0.2322  0.2131  0.2186  0.0273  0.2295  0.2404  0.1639  0.1694  0.0246  0.0055  0.1694  0.0137
Q31BB5           0.4536  0.4290  0.4454  0.4454  0.4454  0.4454  0.4454  0.4399  0.4481  0.4426  0.4481  0.4645  0.4454  0.2240  0.2295  0.2295  0.1885  0.2213  0.2131  0.2131  0.2131  0.2268  0.2268  0.2377  0.2350  0.2158  0.2213  0.0273  0.2268  0.2377  0.1612  0.1721  0.0246  0.0055  0.1721  0.0137  0.0055
Q7NKF8           0.4590  0.4290  0.4372  0.4645  0.4617  0.4617  0.4672  0.4617  0.4372  0.4317  0.4672  0.4372  0.4399  0.1995  0.2350  0.2377  0.2131  0.2186  0.2213  0.2213  0.2213  0.2240  0.2268  0.2377  0.1995  0.2131  0.2240  0.2486  0.2022  0.2104  0.2541  0.2568  0.2486  0.2514  0.2678  0.2541  0.2486  0.2459
Q8YPQ2           0.4372  0.4262  0.4180  0.4481  0.4481  0.4481  0.4536  0.4454  0.4344  0.4262  0.4344  0.4426  0.4290  0.1803  0.1557  0.1585  0.1530  0.1612  0.1475  0.1339  0.1339  0.1694  0.1585  0.1639  0.1585  0.1612  0.1612  0.2240  0.0410  0.1967  0.2077  0.2158  0.2240  0.2322  0.2213  0.2322  0.2350  0.2322  0.2240
Q3MF49           0.4372  0.4262  0.4153  0.4481  0.4481  0.4481  0.4536  0.4454  0.4344  0.4262  0.4344  0.4454  0.4290  0.1776  0.1530  0.1585  0.1530  0.1612  0.1475  0.1339  0.1339  0.1694  0.1585  0.1612  0.1585  0.1612  0.1612  0.2268  0.0410  0.1967  0.2077  0.2158  0.2268  0.2295  0.2213  0.2295  0.2322  0.2295  0.2268  0.0027
Q7U777           0.4426  0.4399  0.4426  0.4454  0.4454  0.4454  0.4426  0.4454  0.4317  0.4399  0.4481  0.4563  0.4208  0.2459  0.2295  0.2295  0.1940  0.2104  0.2049  0.1967  0.1967  0.2131  0.2213  0.2486  0.2158  0.1885  0.2077  0.1639  0.2158  0.2705  0.0410  0.0383  0.1639  0.1694  0.0301  0.1721  0.1667  0.1694  0.2596  0.2240  0.2240
A5GLC5           0.4426  0.4454  0.4454  0.4536  0.4536  0.4536  0.4508  0.4481  0.4399  0.4372  0.4426  0.4508  0.4208  0.2377  0.2268  0.2240  0.1967  0.2077  0.2022  0.2022  0.2022  0.2131  0.2022  0.2377  0.2077  0.1913  0.1995  0.1694  0.2131  0.2705  0.0492  0.0301  0.1694  0.1749  0.0246  0.1776  0.1721  0.1749  0.2596  0.2240  0.2240  0.0355
B2IV29           0.4454  0.4344  0.4235  0.4399  0.4399  0.4399  0.4481  0.4426  0.4399  0.4290  0.4399  0.4481  0.4290  0.1858  0.1612  0.1612  0.1530  0.1639  0.1530  0.1421  0.1421  0.1667  0.1639  0.1667  0.1585  0.1530  0.1667  0.2322  0.0546  0.1967  0.2186  0.2268  0.2322  0.2322  0.2322  0.2322  0.2350  0.2322  0.2350  0.0437  0.0437  0.2322  0.2322
Q3AK84           0.4454  0.4454  0.4508  0.4481  0.4481  0.4481  0.4454  0.4372  0.4344  0.4399  0.4481  0.4481  0.4153  0.2404  0.2268  0.2213  0.1940  0.2104  0.1995  0.1967  0.1967  0.2104  0.2077  0.2432  0.2049  0.1858  0.1967  0.1612  0.2077  0.2650  0.0383  0.0328  0.1612  0.1667  0.0273  0.1694  0.1639  0.1667  0.2568  0.2158  0.2158  0.0301  0.0273  0.2268
B1XQH1           0.4454  0.4454  0.4454  0.4536  0.4481  0.4481  0.4481  0.4481  0.4344  0.4262  0.4590  0.4426  0.4317  0.1940  0.1339  0.1366  0.1749  0.1230  0.1257  0.1284  0.1284  0.1339  0.1858  0.2104  0.2022  0.1940  0.1175  0.2322  0.1803  0.2077  0.2295  0.2240  0.2322  0.2350  0.2322  0.2377  0.2350  0.2377  0.2432  0.1721  0.1721  0.2350  0.2268  0.1721  0.2240
A0YPA8           0.4536  0.4262  0.4262  0.4399  0.4399  0.4399  0.4399  0.4399  0.4372  0.4235  0.4590  0.4290  0.4290  0.1503  0.1639  0.1585  0.1421  0.1612  0.1448  0.1503  0.1503  0.1585  0.1503  0.0984  0.1503  0.1503  0.1667  0.2131  0.1339  0.1995  0.2350  0.2295  0.2131  0.2158  0.2432  0.2186  0.2158  0.2186  0.2131  0.1366  0.1393  0.2432  0.2377  0.1503  0.2322  0.1831
B7N2L4           0.4699  0.4617  0.4563  0.4454  0.4399  0.4399  0.4481  0.4426  0.4344  0.4317  0.4645  0.4454  0.4044  0.4180  0.4235  0.4180  0.4208  0.4126  0.4153  0.4208  0.4208  0.4153  0.4262  0.4454  0.4344  0.4290  0.4098  0.4262  0.4399  0.4563  0.4344  0.4317  0.4262  0.4290  0.4344  0.4317  0.4290  0.4317  0.4344  0.4399  0.4399  0.4317  0.4317  0.4454  0.4317  0.4126  0.4454
P32132           0.4699  0.4617  0.4563  0.4454  0.4399  0.4399  0.4481  0.4426  0.4344  0.4317  0.4645  0.4454  0.4044  0.4180  0.4235  0.4180  0.4208  0.4126  0.4153  0.4208  0.4208  0.4153  0.4262  0.4454  0.4344  0.4290  0.4098  0.4262  0.4399  0.4563  0.4344  0.4317  0.4262  0.4290  0.4344  0.4317  0.4290  0.4317  0.4344  0.4399  0.4399  0.4317  0.4317  0.4454  0.4317  0.4126  0.4454  0.0000
B7LVH1           0.4699  0.4617  0.4563  0.4454  0.4399  0.4399  0.4481  0.4426  0.4344  0.4317  0.4645  0.4454  0.4044  0.4180  0.4235  0.4180  0.4208  0.4126  0.4153  0.4208  0.4208  0.4153  0.4262  0.4454  0.4344  0.4290  0.4098  0.4262  0.4399  0.4563  0.4344  0.4317  0.4262  0.4290  0.4344  0.4317  0.4290  0.4317  0.4344  0.4399  0.4399  0.4317  0.4317  0.4454  0.4317  0.4126  0.4454  0.0000  0.0000
A0ZIX0           0.4508  0.4372  0.4262  0.4536  0.4536  0.4536  0.4617  0.4563  0.4481  0.4372  0.4454  0.4508  0.4372  0.1803  0.1639  0.1694  0.1557  0.1639  0.1530  0.1393  0.1393  0.1667  0.1639  0.1639  0.1612  0.1612  0.1721  0.2268  0.0574  0.2049  0.2158  0.2240  0.2268  0.2295  0.2295  0.2295  0.2322  0.2295  0.2377  0.0301  0.0273  0.2322  0.2295  0.0492  0.2240  0.1721  0.1503  0.4426  0.4426  0.4426
A3YZZ3           0.4426  0.4399  0.4454  0.4454  0.4454  0.4454  0.4481  0.4481  0.4344  0.4399  0.4617  0.4454  0.4344  0.2432  0.2322  0.2295  0.1995  0.2186  0.2131  0.2022  0.2022  0.2213  0.2104  0.2295  0.2131  0.1995  0.2158  0.1885  0.1995  0.2596  0.0984  0.0984  0.1885  0.1967  0.1066  0.1967  0.1940  0.1967  0.2514  0.2104  0.2104  0.1038  0.1093  0.2268  0.0929  0.2377  0.2295  0.4344  0.4344  0.4344  0.2186
Q46LH0           0.4426  0.4372  0.4372  0.4563  0.4508  0.4508  0.4536  0.4508  0.4208  0.4208  0.4454  0.4508  0.4290  0.2650  0.2596  0.2541  0.2158  0.2322  0.2240  0.2377  0.2377  0.2432  0.2623  0.2732  0.2568  0.2404  0.2377  0.1749  0.2514  0.2760  0.1339  0.1339  0.1749  0.1803  0.1421  0.1831  0.1776  0.1803  0.2951  0.2541  0.2541  0.1393  0.1475  0.2596  0.1366  0.2623  0.2623  0.4317  0.4317  0.4317  0.2623  0.1639
B0JH29           0.4426  0.4290  0.4180  0.4454  0.4399  0.4399  0.4372  0.4426  0.4208  0.4180  0.4454  0.4399  0.4098  0.1639  0.0902  0.0929  0.1612  0.1257  0.1148  0.1148  0.1148  0.1284  0.1831  0.1749  0.1585  0.1694  0.1093  0.2240  0.1503  0.2049  0.2268  0.2186  0.2240  0.2268  0.2322  0.2295  0.2268  0.2322  0.2104  0.1475  0.1475  0.2268  0.2213  0.1503  0.2268  0.1311  0.1612  0.4208  0.4208  0.4208  0.1557  0.2322  0.2596
Q2JWU4           0.4372  0.4536  0.4508  0.4918  0.4891  0.4891  0.4891  0.4836  0.4563  0.4344  0.4699  0.4617  0.4536  0.1967  0.2022  0.2049  0.2022  0.1995  0.1967  0.2022  0.2022  0.2131  0.2049  0.2213  0.2077  0.2350  0.1967  0.2568  0.1913  0.0437  0.2814  0.2842  0.2568  0.2596  0.2869  0.2596  0.2596  0.2568  0.2322  0.2022  0.2022  0.2869  0.2869  0.2049  0.2814  0.2104  0.2131  0.4508  0.4508  0.4508  0.2104  0.2787  0.2787  0.2131
Q3AVI6           0.4536  0.4399  0.4508  0.4481  0.4481  0.4481  0.4481  0.4481  0.4399  0.4508  0.4481  0.4536  0.4262  0.2514  0.2350  0.2377  0.2049  0.2131  0.2049  0.2022  0.2022  0.2213  0.2186  0.2459  0.2213  0.2022  0.2104  0.1667  0.2213  0.2787  0.0601  0.0574  0.1667  0.1694  0.0546  0.1721  0.1694  0.1667  0.2623  0.2322  0.2322  0.0546  0.0519  0.2350  0.0546  0.2322  0.2404  0.4372  0.4372  0.4372  0.2404  0.1175  0.1393  0.2268  0.2869
A2C1J6           0.4426  0.4372  0.4372  0.4563  0.4508  0.4508  0.4536  0.4508  0.4208  0.4208  0.4454  0.4508  0.4290  0.2623  0.2596  0.2541  0.2158  0.2322  0.2213  0.2350  0.2350  0.2432  0.2623  0.2732  0.2541  0.2404  0.2350  0.1721  0.2486  0.2760  0.1339  0.1339  0.1721  0.1776  0.1421  0.1803  0.1749  0.1776  0.2951  0.2514  0.2514  0.1393  0.1475  0.2568  0.1366  0.2596  0.2596  0.4317  0.4317  0.4317  0.2596  0.1639  0.0027  0.2568  0.2787  0.1393
A2CAB0           0.4536  0.4426  0.4481  0.4454  0.4454  0.4454  0.4508  0.4508  0.4372  0.4454  0.4508  0.4563  0.4454  0.2486  0.2432  0.2432  0.2049  0.2268  0.2131  0.2131  0.2131  0.2350  0.2213  0.2432  0.2213  0.2049  0.2186  0.1667  0.2131  0.2650  0.0765  0.0738  0.1667  0.1749  0.0738  0.1749  0.1721  0.1694  0.2514  0.2213  0.2213  0.0738  0.0874  0.2295  0.0820  0.2486  0.2432  0.4426  0.4426  0.4426  0.2295  0.0929  0.1393  0.2377  0.2869  0.0820  0.1366
Q7V801           0.4536  0.4426  0.4481  0.4426  0.4426  0.4426  0.4481  0.4481  0.4290  0.4399  0.4481  0.4508  0.4399  0.2486  0.2377  0.2377  0.2022  0.2213  0.2077  0.2077  0.2077  0.2350  0.2268  0.2459  0.2268  0.2049  0.2131  0.1639  0.2158  0.2678  0.0738  0.0738  0.1639  0.1694  0.0792  0.1721  0.1667  0.1639  0.2514  0.2240  0.2240  0.0738  0.0874  0.2322  0.0820  0.2432  0.2404  0.4372  0.4372  0.4372  0.2322  0.0929  0.1366  0.2322  0.2896  0.0820  0.1339  0.0082
Q0IAM9           0.4508  0.4481  0.4617  0.4536  0.4536  0.4536  0.4536  0.4563  0.4454  0.4481  0.4536  0.4617  0.4344  0.2541  0.2322  0.2322  0.2022  0.2213  0.2104  0.2131  0.2131  0.2322  0.2213  0.2350  0.2268  0.1995  0.2158  0.1585  0.2158  0.2705  0.0464  0.0437  0.1585  0.1639  0.0546  0.1667  0.1612  0.1585  0.2650  0.2268  0.2268  0.0601  0.0546  0.2350  0.0519  0.2459  0.2350  0.4454  0.4454  0.4454  0.2295  0.1038  0.1230  0.2322  0.2814  0.0519  0.1230  0.0847  0.0820
Q066N2           0.4563  0.4399  0.4536  0.4481  0.4481  0.4481  0.4481  0.4536  0.4481  0.4563  0.4536  0.4563  0.4344  0.2568  0.2404  0.2432  0.2131  0.2186  0.2158  0.2104  0.2104  0.2295  0.2213  0.2459  0.2213  0.2077  0.2213  0.1667  0.2213  0.2814  0.0601  0.0628  0.1667  0.1721  0.0546  0.1721  0.1721  0.1694  0.2678  0.2295  0.2295  0.0546  0.0519  0.2322  0.0546  0.2404  0.2459  0.4454  0.4454  0.4454  0.2350  0.1148  0.1393  0.2322  0.2896  0.0109  0.1393  0.0792  0.0847  0.0519
A9BAS0           0.4590  0.4399  0.4590  0.4399  0.4426  0.4426  0.4426  0.4454  0.4235  0.4481  0.4508  0.4536  0.4344  0.2568  0.2459  0.2486  0.2131  0.2322  0.2213  0.2213  0.2213  0.2404  0.2322  0.2568  0.2350  0.2131  0.2213  0.1639  0.2322  0.2760  0.1093  0.1148  0.1639  0.1585  0.1175  0.1639  0.1612  0.1557  0.2650  0.2404  0.2404  0.1148  0.1257  0.2432  0.1093  0.2514  0.2486  0.4290  0.4290  0.4290  0.2432  0.1475  0.1639  0.2596  0.2951  0.1120  0.1639  0.1120  0.1093  0.1148  0.1175
A5GTF9           0.4454  0.4481  0.4481  0.4454  0.4399  0.4399  0.4399  0.4344  0.4262  0.4426  0.4590  0.4617  0.4235  0.2213  0.2350  0.2322  0.1803  0.2049  0.1940  0.1940  0.1940  0.2077  0.1995  0.2377  0.1967  0.2022  0.1967  0.1776  0.2049  0.2486  0.0984  0.1011  0.1803  0.1858  0.1011  0.1858  0.1831  0.1858  0.2432  0.2131  0.2131  0.0929  0.1038  0.2240  0.0956  0.2240  0.2268  0.4180  0.4180  0.4180  0.2213  0.1120  0.1667  0.2213  0.2568  0.1093  0.1639  0.1120  0.1120  0.1230  0.1202  0.1393
Q7VCA7           0.4617  0.4508  0.4699  0.4645  0.4645  0.4645  0.4672  0.4699  0.4481  0.4536  0.4781  0.4672  0.4426  0.2623  0.2459  0.2514  0.2077  0.2240  0.2213  0.2350  0.2350  0.2377  0.2432  0.2377  0.2486  0.2158  0.2377  0.1612  0.2350  0.2705  0.1011  0.1093  0.1612  0.1612  0.1120  0.1667  0.1585  0.1557  0.2541  0.2350  0.2377  0.1148  0.1175  0.2432  0.1120  0.2541  0.2377  0.4344  0.4344  0.4344  0.2322  0.1448  0.1448  0.2568  0.2923  0.1038  0.1448  0.1120  0.1093  0.0984  0.1066  0.1120  0.1612
Q5MZ20           0.4290  0.4290  0.4235  0.4508  0.4481  0.4481  0.4481  0.4454  0.4180  0.4317  0.4727  0.4426  0.4153  0.1749  0.1803  0.1803  0.0027  0.1475  0.1421  0.1421  0.1421  0.1530  0.1667  0.1612  0.1557  0.1639  0.1585  0.1885  0.1421  0.1858  0.1831  0.1885  0.1885  0.1940  0.1995  0.1967  0.1913  0.1913  0.2158  0.1557  0.1557  0.1967  0.1995  0.1557  0.1967  0.1776  0.1448  0.4235  0.4235  0.4235  0.1585  0.2022  0.2186  0.1639  0.2049  0.2077  0.2186  0.2077  0.2049  0.2049  0.2158  0.2158  0.1831  0.2104


TREE #  1:  (49, 48, (50, ((13, (10, (12, ((3, 9), ((2, (8, ((5, 6), (7, 4)))), (11, 1)))))), (((17, 65), (((54, (15, 16)), ((20, 21), ((19, (18, 22)), (27, 46)))), (((24, 47), ((39, (30, 55)), (14, (23, 25)))), (26, (29, (44, (51, (40, 41)))))))), (63, (52, ((58, 59), (((62, 64), ((53, 57), (38, (37, (34, (36, (28, 33))))))), ((60, (56, 61)), (31, (32, ((43, 45), (42, 35)))))))))))));   MP score: 1674
lnL(ntime:127  np:128):  -9650.439450      +0.000000
  66..49   66..48   66..67   67..50   67..68   68..69   69..13   69..70   70..10   70..71   71..12   71..72   72..73   73..3    73..9    72..74   74..75   75..2    75..76   76..8    76..77   77..78   78..5    78..6    77..79   79..7    79..4    74..80   80..11   80..1    68..81   81..82   82..83   83..17   83..65   82..84   84..85   85..86   86..54   86..87   87..15   87..16   85..88   88..89   89..20   89..21   88..90   90..91   91..19   91..92   92..18   92..22   90..93   93..27   93..46   84..94   94..95   95..96   96..24   96..47   95..97   97..98   98..39   98..99   99..30   99..55   97..100 100..14  100..101 101..23  101..25   94..102 102..26  102..103 103..29  103..104 104..44  104..105 105..51  105..106 106..40  106..41   81..107 107..63  107..108 108..52  108..109 109..110 110..58  110..59  109..111 111..112 112..113 113..62  113..64  112..114 114..115 115..53  115..57  114..116 116..38  116..117 117..37  117..118 118..34  118..119 119..36  119..120 120..28  120..33  111..121 121..122 122..60  122..123 123..56  123..61  121..124 124..31  124..125 125..32  125..126 126..127 127..43  127..45  126..128 128..42  128..35 
 0.000004 0.000004 0.000004 0.000004 0.596580 0.412547 0.147660 0.167182 0.122299 0.037677 0.286923 0.075722 0.089938 0.074863 0.212017 0.029683 0.049156 0.132726 0.194338 0.042472 0.018135 0.000004 0.000004 0.000004 0.000004 0.053741 0.009795 0.036286 0.295871 0.263450 0.522258 0.072233 0.093895 0.000004 0.003381 0.042408 0.053109 0.039931 0.064130 0.048809 0.031268 0.038301 0.038458 0.041257 0.000004 0.000004 0.016501 0.035633 0.008947 0.007220 0.012988 0.062804 0.027760 0.053029 0.130364 0.019683 0.033049 0.061973 0.085662 0.064167 0.018640 0.076552 0.223201 0.171983 0.012640 0.046945 0.039594 0.107328 0.047179 0.124451 0.037627 0.000004 0.142171 0.091688 0.013485 0.022491 0.036112 0.017357 0.027645 0.006475 0.003326 0.000004 0.119971 0.055702 0.047788 0.074886 0.045522 0.040873 0.007405 0.002741 0.017440 0.031394 0.020982 0.093181 0.073900 0.018361 0.127056 0.003436 0.000004 0.198262 0.000004 0.003268 0.003291 0.003268 0.000004 0.006571 0.003247 0.023702 0.003213 0.003374 0.026403 0.008328 0.033080 0.035771 0.006797 0.006691 0.006447 0.028586 0.008325 0.021112 0.007103 0.003579 0.019786 0.014848 0.003013 0.025210 0.013154 0.502398

tree length =   7.62230

(49: 0.000004, 48: 0.000004, (50: 0.000004, ((13: 0.147660, (10: 0.122299, (12: 0.286923, ((3: 0.074863, 9: 0.212017): 0.089938, ((2: 0.132726, (8: 0.042472, ((5: 0.000004, 6: 0.000004): 0.000004, (7: 0.053741, 4: 0.009795): 0.000004): 0.018135): 0.194338): 0.049156, (11: 0.295871, 1: 0.263450): 0.036286): 0.029683): 0.075722): 0.037677): 0.167182): 0.412547, (((17: 0.000004, 65: 0.003381): 0.093895, (((54: 0.064130, (15: 0.031268, 16: 0.038301): 0.048809): 0.039931, ((20: 0.000004, 21: 0.000004): 0.041257, ((19: 0.008947, (18: 0.012988, 22: 0.062804): 0.007220): 0.035633, (27: 0.053029, 46: 0.130364): 0.027760): 0.016501): 0.038458): 0.053109, (((24: 0.085662, 47: 0.064167): 0.061973, ((39: 0.223201, (30: 0.012640, 55: 0.046945): 0.171983): 0.076552, (14: 0.107328, (23: 0.124451, 25: 0.037627): 0.047179): 0.039594): 0.018640): 0.033049, (26: 0.142171, (29: 0.013485, (44: 0.036112, (51: 0.027645, (40: 0.003326, 41: 0.000004): 0.006475): 0.017357): 0.022491): 0.091688): 0.000004): 0.019683): 0.042408): 0.072233, (63: 0.055702, (52: 0.074886, ((58: 0.007405, 59: 0.002741): 0.040873, (((62: 0.093181, 64: 0.073900): 0.020982, ((53: 0.003436, 57: 0.000004): 0.127056, (38: 0.000004, (37: 0.003291, (34: 0.000004, (36: 0.003247, (28: 0.003213, 33: 0.003374): 0.023702): 0.006571): 0.003268): 0.003268): 0.198262): 0.018361): 0.031394, ((60: 0.033080, (56: 0.006797, 61: 0.006691): 0.035771): 0.008328, (31: 0.028586, (32: 0.021112, ((43: 0.019786, 45: 0.014848): 0.003579, (42: 0.025210, 35: 0.013154): 0.003013): 0.007103): 0.008325): 0.006447): 0.026403): 0.017440): 0.045522): 0.047788): 0.119971): 0.522258): 0.596580): 0.000004);

(P32132: 0.000004, B7N2L4: 0.000004, (B7LVH1: 0.000004, ((B9L646: 0.147660, (A6Q646: 0.122299, (A6QCT3: 0.286923, ((Q7M8B0: 0.074863, O25225: 0.212017): 0.089938, ((D1B5C9: 0.132726, (B9KE32: 0.042472, ((A8FJK6: 0.000004, Q4HEJ4: 0.000004): 0.000004, (Q4HPP7: 0.053741, A7H1D1: 0.009795): 0.000004): 0.018135): 0.194338): 0.049156, (Q30UP4: 0.295871, A8EX43: 0.263450): 0.036286): 0.029683): 0.075722): 0.037677): 0.167182): 0.412547, (((Q31N14: 0.000004, Q5MZ20: 0.003381): 0.093895, (((B0JH29: 0.064130, (B4B599: 0.031268, B7KGL4: 0.038301): 0.048809): 0.039931, ((C7QTH0: 0.000004, B7K677: 0.000004): 0.041257, ((B1WYL2: 0.008947, (A3ISS0: 0.012988, Q4C8P6: 0.062804): 0.007220): 0.035633, (P72749: 0.053029, B1XQH1: 0.130364): 0.027760): 0.016501): 0.038458): 0.053109, (((B5VY23: 0.085662, A0YPA8: 0.064167): 0.061973, ((Q7NKF8: 0.223201, (Q2JJG6: 0.012640, Q2JWU4: 0.046945): 0.171983): 0.076552, (Q8DGN3: 0.107328, (B0C543: 0.124451, B8HR97: 0.037627): 0.047179): 0.039594): 0.018640): 0.033049, (Q10WE5: 0.142171, (B9YUJ0: 0.013485, (B2IV29: 0.036112, (A0ZIX0: 0.027645, (Q8YPQ2: 0.003326, Q3MF49: 0.000004): 0.006475): 0.017357): 0.022491): 0.091688): 0.000004): 0.019683): 0.042408): 0.072233, (A5GTF9: 0.055702, (A3YZZ3: 0.074886, ((A2CAB0: 0.007405, Q7V801: 0.002741): 0.040873, (((A9BAS0: 0.093181, Q7VCA7: 0.073900): 0.020982, ((Q46LH0: 0.003436, A2C1J6: 0.000004): 0.127056, (Q31BB5: 0.000004, (A3PCH0: 0.003291, (A2BQP7: 0.000004, (A8G4E0: 0.003247, (A2BW69: 0.003213, Q7V1U3: 0.003374): 0.023702): 0.006571): 0.003268): 0.003268): 0.198262): 0.018361): 0.031394, ((Q0IAM9: 0.033080, (Q3AVI6: 0.006797, Q066N2: 0.006691): 0.035771): 0.008328, (Q05TD1: 0.028586, (A3Z767: 0.021112, ((A5GLC5: 0.019786, Q3AK84: 0.014848): 0.003579, (Q7U777: 0.025210, A4CUD7: 0.013154): 0.003013): 0.007103): 0.008325): 0.006447): 0.026403): 0.017440): 0.045522): 0.047788): 0.119971): 0.522258): 0.596580): 0.000004);

Detailed output identifying parameters

alpha (gamma, K = 4) =  0.50240
rate:   0.03383  0.25348  0.82201  2.89068
freq:   0.25000  0.25000  0.25000  0.25000

Time used: 16:46
