AAML (in paml version 4.6, August 2012)  165.aa
Model: Empirical for branches,  (../../../bin/LG.dat) dGamma (ncatG=4) ns =  65  ls = 335


Frequencies..
                                    A      R      N      D      C      Q      E      G      H      I      L      K      M      F      P      S      T      W      Y      V
A8EV89                         0.08060 0.04478 0.07463 0.05672 0.01493 0.02687 0.07164 0.10149 0.01493 0.08657 0.05970 0.06866 0.02687 0.04776 0.01791 0.07164 0.03582 0.00000 0.02687 0.07164
D1B4G9                         0.10149 0.03881 0.03881 0.05075 0.01791 0.02687 0.06567 0.12537 0.02985 0.06866 0.07463 0.05672 0.02090 0.04179 0.02388 0.07164 0.04179 0.00000 0.02687 0.07761
A6QCJ1                         0.09552 0.03881 0.03284 0.06567 0.01493 0.02687 0.06866 0.11642 0.02687 0.05970 0.08060 0.07164 0.02687 0.03582 0.02687 0.05373 0.06866 0.00000 0.02388 0.06567
Q30NY4                         0.08657 0.04478 0.02985 0.06866 0.01493 0.02090 0.07463 0.11045 0.01791 0.08358 0.07164 0.07463 0.02985 0.03881 0.02388 0.07164 0.03881 0.00000 0.02985 0.06866
A6Q1H1                         0.11642 0.05075 0.03582 0.06269 0.00597 0.02388 0.07761 0.10149 0.01493 0.07164 0.07463 0.06269 0.02090 0.04478 0.02687 0.05672 0.04179 0.00597 0.02687 0.07761
B9L7C8                         0.08657 0.05075 0.05373 0.06269 0.00299 0.01194 0.08657 0.10149 0.01493 0.07463 0.06866 0.08358 0.02090 0.04179 0.02687 0.05075 0.04478 0.00597 0.03284 0.07761
P56122                         0.07463 0.06269 0.04478 0.05672 0.01493 0.02388 0.07164 0.11343 0.02388 0.08955 0.08955 0.06269 0.02687 0.04478 0.02687 0.06866 0.03284 0.00000 0.02090 0.05075
B9KE09                         0.07761 0.04179 0.04776 0.06567 0.01194 0.03582 0.05672 0.10448 0.01791 0.07463 0.06269 0.08060 0.02687 0.05970 0.02985 0.07761 0.03284 0.00000 0.03582 0.05970
Q7M841                         0.09254 0.06866 0.03284 0.04478 0.01194 0.01194 0.08657 0.13134 0.02985 0.04776 0.09851 0.04478 0.02388 0.04179 0.03881 0.06567 0.03284 0.00299 0.02090 0.07164
A8FNU6                         0.08955 0.04179 0.04478 0.05970 0.01791 0.01194 0.06567 0.11045 0.02687 0.04478 0.08060 0.08060 0.02090 0.07164 0.02388 0.08060 0.02687 0.00000 0.02090 0.08060
A7H5Y1                         0.08955 0.04179 0.04776 0.05672 0.01791 0.01194 0.06567 0.11045 0.02388 0.04478 0.08060 0.08060 0.02090 0.07164 0.02388 0.08060 0.02985 0.00000 0.02090 0.08060
Q4HF99                         0.08657 0.05075 0.03582 0.06269 0.01493 0.01791 0.06567 0.11343 0.02985 0.03881 0.08657 0.07164 0.02687 0.06567 0.02388 0.08060 0.02687 0.00000 0.02090 0.08060
Q4HNN6                         0.08657 0.05373 0.05075 0.05075 0.01194 0.02388 0.07463 0.10448 0.01493 0.05075 0.08358 0.07761 0.02388 0.05970 0.02090 0.09851 0.02388 0.00000 0.01791 0.07164
B7LLE1                         0.08358 0.07463 0.01791 0.07463 0.01194 0.04478 0.06269 0.11343 0.02388 0.07761 0.07463 0.03881 0.02687 0.02985 0.03881 0.05672 0.05672 0.00299 0.02090 0.06866
P12008                         0.08358 0.07463 0.01791 0.08060 0.01194 0.04478 0.05672 0.11343 0.02388 0.07761 0.07463 0.03881 0.02687 0.02985 0.04179 0.05373 0.05672 0.00299 0.02090 0.06866
B7MY06                         0.08358 0.07463 0.01791 0.07761 0.01194 0.04478 0.05970 0.11343 0.02388 0.07761 0.07463 0.03881 0.02687 0.02985 0.04179 0.05373 0.05672 0.00299 0.02090 0.06866
Q7V364                         0.07164 0.05075 0.04478 0.06567 0.01493 0.03582 0.05075 0.10746 0.02388 0.08060 0.08955 0.08358 0.02985 0.02388 0.03881 0.06567 0.04776 0.00299 0.01194 0.05970
Q31CV7                         0.06866 0.05672 0.05075 0.06567 0.01791 0.02985 0.05970 0.11045 0.02090 0.08060 0.08358 0.07761 0.02687 0.02090 0.03881 0.06866 0.04478 0.00299 0.01194 0.06269
A2BUK4                         0.06567 0.05075 0.04179 0.05970 0.01493 0.03881 0.05970 0.10448 0.02388 0.07761 0.08955 0.08657 0.02687 0.02388 0.03881 0.06866 0.05075 0.00299 0.01194 0.06269
A2BP22                         0.07164 0.05672 0.04179 0.05672 0.01791 0.03284 0.07164 0.10448 0.02388 0.07761 0.08060 0.07463 0.02687 0.02388 0.03881 0.06866 0.05075 0.00299 0.01194 0.06567
B1XIM6                         0.10149 0.07463 0.02985 0.05373 0.02090 0.04179 0.07463 0.11045 0.01791 0.07463 0.05672 0.05970 0.02090 0.02090 0.03582 0.05075 0.05970 0.00000 0.02090 0.07463
A3PAU4                         0.07164 0.05672 0.04478 0.05672 0.01791 0.02985 0.06866 0.10149 0.02388 0.08060 0.08358 0.07761 0.02687 0.02090 0.03881 0.07164 0.05075 0.00299 0.01194 0.06269
A8G2N2                         0.07164 0.05970 0.04776 0.06269 0.01791 0.03582 0.06269 0.10149 0.02090 0.08358 0.08060 0.07463 0.02985 0.02090 0.03881 0.06866 0.04179 0.00299 0.01194 0.06567
C7QT03                         0.06866 0.07164 0.03582 0.05970 0.01791 0.03582 0.07463 0.11045 0.01791 0.08358 0.06269 0.05970 0.01791 0.02090 0.03881 0.05970 0.07164 0.00299 0.01791 0.07164
B7JVZ9                         0.06866 0.07164 0.03582 0.05970 0.01791 0.03582 0.07463 0.11045 0.01791 0.08358 0.06269 0.05970 0.01791 0.02090 0.03881 0.05970 0.07164 0.00299 0.01791 0.07164
B7KIU0                         0.08358 0.06866 0.02388 0.05970 0.01791 0.04179 0.08060 0.10746 0.02090 0.08060 0.06567 0.05672 0.02090 0.02090 0.03284 0.05075 0.07463 0.00299 0.01791 0.07164
A3IMJ5                         0.07463 0.06866 0.02687 0.06567 0.01791 0.02687 0.07761 0.10448 0.01791 0.08060 0.06269 0.07164 0.01791 0.02388 0.03284 0.05970 0.06866 0.00597 0.01791 0.07761
A0YJK5                         0.07164 0.07463 0.03284 0.05373 0.02090 0.03582 0.07463 0.11343 0.01791 0.06567 0.06567 0.05672 0.02388 0.01791 0.04179 0.06269 0.05970 0.00299 0.02090 0.08657
A3YX43                         0.12836 0.08657 0.01791 0.05373 0.01791 0.04179 0.06269 0.10746 0.02090 0.06567 0.07164 0.03582 0.02090 0.02090 0.03881 0.05075 0.05970 0.00299 0.00896 0.08657
B1WRV7                         0.07761 0.07463 0.02388 0.06866 0.01791 0.03284 0.07164 0.10746 0.01791 0.07761 0.06269 0.06269 0.01791 0.02388 0.03284 0.06269 0.06866 0.00597 0.01791 0.07463
B4B3H7                         0.08060 0.06866 0.02388 0.05970 0.01791 0.04478 0.07761 0.11045 0.01791 0.08060 0.05970 0.05672 0.01493 0.02090 0.03582 0.05373 0.06866 0.00299 0.02090 0.08358
P46894                         0.07463 0.08060 0.03881 0.05075 0.01493 0.05075 0.06269 0.10746 0.02090 0.09254 0.07164 0.05373 0.02090 0.02687 0.04478 0.06269 0.05075 0.00299 0.00896 0.06269
Q3MFM3                         0.07761 0.07761 0.02985 0.05672 0.01791 0.03582 0.08060 0.11343 0.02090 0.07463 0.07463 0.05373 0.01493 0.01791 0.04179 0.04179 0.06567 0.00299 0.02388 0.07761
Q8YYP9                         0.07761 0.07761 0.02985 0.05672 0.01791 0.03582 0.08060 0.11343 0.02090 0.07463 0.07463 0.05373 0.01493 0.01791 0.04179 0.04179 0.06567 0.00299 0.02388 0.07761
P23353                         0.09552 0.07164 0.03284 0.05075 0.02090 0.04776 0.08060 0.10149 0.01493 0.08060 0.05970 0.05373 0.02090 0.02388 0.04179 0.05075 0.05970 0.00299 0.02090 0.06866
A9BDJ2                         0.08358 0.07463 0.03881 0.05970 0.01493 0.03881 0.05672 0.10448 0.02090 0.07463 0.07463 0.05672 0.02090 0.02687 0.04478 0.06866 0.04776 0.00299 0.00896 0.08060
Q8DLM1                         0.11343 0.08657 0.02985 0.05672 0.01791 0.03582 0.06866 0.10448 0.01791 0.06269 0.06567 0.04179 0.01791 0.02090 0.03881 0.04478 0.06269 0.00299 0.01791 0.09254
Q31RS5                         0.10149 0.08657 0.01791 0.05373 0.02090 0.03881 0.08358 0.11045 0.01493 0.06866 0.05970 0.04179 0.01791 0.02090 0.03881 0.05373 0.06567 0.00000 0.01791 0.08657
B0C2W2                         0.10448 0.07164 0.02985 0.05075 0.02090 0.05373 0.06567 0.10448 0.02090 0.06866 0.05672 0.04776 0.02090 0.02388 0.04478 0.03582 0.07463 0.00299 0.01791 0.08358
Q4BZH4                         0.08060 0.07164 0.03284 0.05970 0.01791 0.03582 0.07463 0.10746 0.01493 0.08657 0.06567 0.06269 0.01791 0.02388 0.03284 0.05970 0.06567 0.00597 0.02090 0.06269
B5W765                         0.07761 0.07463 0.02388 0.05970 0.01791 0.04776 0.06567 0.10448 0.02388 0.07761 0.07164 0.05373 0.02090 0.02090 0.04179 0.05672 0.06866 0.00299 0.01791 0.07164
A5GIL9                         0.11045 0.08955 0.02388 0.06269 0.01493 0.04776 0.05970 0.10746 0.02090 0.06567 0.06866 0.03582 0.02985 0.02090 0.04776 0.04776 0.05373 0.00299 0.00896 0.08060
B2J1W7                         0.07761 0.07761 0.02985 0.05373 0.02090 0.04179 0.08358 0.11343 0.02090 0.08657 0.06269 0.05075 0.01493 0.02090 0.03881 0.04478 0.06269 0.00299 0.01791 0.07761
B8HNK4                         0.10149 0.08060 0.03284 0.05075 0.01791 0.05373 0.06269 0.10448 0.01791 0.07463 0.06269 0.03881 0.01791 0.02090 0.04179 0.04776 0.06567 0.00299 0.02090 0.08358
Q5N2I0                         0.10149 0.08657 0.01791 0.05672 0.02090 0.03881 0.08358 0.10746 0.01493 0.06866 0.05970 0.04179 0.01791 0.02090 0.03881 0.05373 0.06567 0.00000 0.01791 0.08657
B0JWQ2                         0.08060 0.07463 0.03881 0.05672 0.01791 0.02985 0.07463 0.11045 0.01493 0.08657 0.05970 0.05970 0.02090 0.02985 0.03582 0.05970 0.05970 0.00299 0.01791 0.06866
A4CSU6                         0.11343 0.08657 0.02388 0.04776 0.01493 0.05075 0.06866 0.10746 0.02090 0.07164 0.06866 0.03881 0.02687 0.02090 0.04478 0.04776 0.05373 0.00299 0.00896 0.08060
A0ZEB2                         0.07761 0.07463 0.03582 0.05075 0.02388 0.03582 0.08358 0.11642 0.01791 0.08657 0.06269 0.05373 0.01791 0.02090 0.03881 0.03881 0.06866 0.00299 0.01791 0.07463
Q110N5                         0.06567 0.07463 0.02985 0.04776 0.02090 0.03881 0.07761 0.11045 0.01791 0.07463 0.05672 0.05970 0.02388 0.02090 0.03881 0.05672 0.06567 0.00597 0.02388 0.08955
A5GW34                         0.11940 0.07761 0.02090 0.05373 0.01493 0.04478 0.05672 0.11045 0.02388 0.06269 0.06866 0.04179 0.02687 0.02090 0.04776 0.05373 0.06269 0.00299 0.00896 0.08060
Q7V4Y9                         0.10149 0.06567 0.03881 0.05373 0.01493 0.04776 0.05970 0.10149 0.02388 0.06866 0.07463 0.05373 0.02388 0.02090 0.03881 0.05970 0.05970 0.00299 0.00896 0.08060
A2CCA2                         0.10149 0.06567 0.03881 0.05373 0.01493 0.04776 0.05970 0.10149 0.02388 0.06866 0.07463 0.05373 0.02388 0.02090 0.03881 0.05970 0.05970 0.00299 0.00896 0.08060
B9YPM6                         0.07463 0.06567 0.03284 0.06269 0.01791 0.03284 0.07463 0.11940 0.02090 0.07164 0.06269 0.06269 0.01493 0.03284 0.03582 0.04179 0.06567 0.00299 0.02090 0.08657
Q3AMV2                         0.11045 0.07164 0.02388 0.04776 0.01493 0.05075 0.06269 0.11343 0.02388 0.06567 0.07164 0.05075 0.02090 0.02090 0.04179 0.05672 0.05373 0.00299 0.00896 0.08657
Q3AUR6                         0.10746 0.06567 0.02985 0.04776 0.01493 0.04776 0.06567 0.11642 0.02388 0.07761 0.07164 0.04179 0.02388 0.02090 0.04179 0.05970 0.06269 0.00299 0.00896 0.06866
Q0ID82                         0.11045 0.06866 0.02090 0.05075 0.01493 0.05970 0.05970 0.11343 0.02090 0.06866 0.07463 0.04478 0.02388 0.02090 0.04179 0.05373 0.05970 0.00299 0.01194 0.07761
Q061B2                         0.10448 0.06866 0.02388 0.05075 0.01493 0.04478 0.06567 0.11940 0.02388 0.07761 0.07164 0.04179 0.02687 0.02090 0.04179 0.05970 0.06567 0.00299 0.00896 0.06567
Q05QJ8                         0.11343 0.07463 0.02687 0.05373 0.01493 0.04478 0.06269 0.10746 0.01791 0.06866 0.06866 0.05075 0.02388 0.02388 0.04478 0.05373 0.05373 0.00299 0.00896 0.08358
A3Z8P1                         0.11940 0.08955 0.02388 0.05672 0.01493 0.04179 0.05970 0.11045 0.02687 0.06866 0.07761 0.02687 0.02388 0.02090 0.04776 0.04179 0.06269 0.00299 0.00896 0.07463
Q2JXD0                         0.12537 0.08358 0.02090 0.05075 0.02388 0.05373 0.05672 0.09851 0.02687 0.05373 0.06866 0.02687 0.01493 0.02388 0.04776 0.05075 0.05970 0.00299 0.02090 0.08955
Q2JLD4                         0.11940 0.08657 0.02388 0.04776 0.02090 0.05970 0.05672 0.09851 0.02388 0.05373 0.06866 0.02985 0.01493 0.02388 0.05075 0.04776 0.05970 0.00299 0.02090 0.08955
Q7U9F0                         0.11940 0.06866 0.02090 0.05970 0.01493 0.04776 0.05373 0.11343 0.02090 0.06269 0.07164 0.04478 0.02090 0.02090 0.04478 0.05075 0.06567 0.00299 0.00896 0.08657
A2C058                         0.08060 0.06269 0.04179 0.05672 0.01493 0.03284 0.06269 0.11045 0.02090 0.07164 0.07463 0.06866 0.02090 0.02687 0.04478 0.06269 0.06269 0.00299 0.01194 0.06866
Q46HE7                         0.08060 0.06269 0.04478 0.05672 0.01493 0.03284 0.06269 0.11045 0.02090 0.07463 0.07164 0.06866 0.02090 0.02687 0.04478 0.06567 0.05672 0.00299 0.01194 0.06866
Q7NFY1                         0.12537 0.10149 0.01791 0.04776 0.00896 0.02687 0.06567 0.11940 0.03284 0.05075 0.09851 0.02090 0.02388 0.02388 0.04179 0.04179 0.04776 0.00000 0.02090 0.08358

Homogeneity statistic: X2 = 2.75991 G = 2.78311 

Average                        0.09107 0.06834 0.03284 0.05741 0.01635 0.03729 0.06847 0.10939 0.02117 0.07206 0.07169 0.05621 0.02223 0.02847 0.03770 0.05828 0.05566 0.00262 0.01745 0.07532

# constant sites:     48 (14.33%)
ln Lmax (unconstrained) = -1868.008251

AA distances (raw proportions of different sites)

A8EV89         
D1B4G9           0.2716
A6QCJ1           0.3164  0.3045
Q30NY4           0.3194  0.2985  0.2328
A6Q1H1           0.3284  0.3104  0.2896  0.3045
B9L7C8           0.3463  0.3701  0.3821  0.3701  0.3045
P56122           0.3791  0.3791  0.3940  0.4060  0.3851  0.4388
B9KE09           0.4209  0.4269  0.4269  0.4179  0.4149  0.4507  0.4567
Q7M841           0.4000  0.3851  0.3701  0.3642  0.3761  0.4269  0.4209  0.4239
A8FNU6           0.4000  0.4030  0.4090  0.4090  0.3761  0.4179  0.4507  0.2985  0.4179
A7H5Y1           0.4000  0.4030  0.4060  0.4060  0.3761  0.4179  0.4507  0.3045  0.4149  0.0119
Q4HF99           0.4030  0.3970  0.4090  0.4179  0.3701  0.4328  0.4597  0.2836  0.4119  0.1075  0.1075
Q4HNN6           0.4149  0.3970  0.4000  0.4000  0.3821  0.4358  0.4418  0.2836  0.4149  0.2388  0.2418  0.2537
B7LLE1           0.4806  0.4955  0.4687  0.4716  0.4597  0.4836  0.5284  0.5134  0.4955  0.5254  0.5224  0.5164  0.4985
P12008           0.4836  0.5015  0.4687  0.4746  0.4597  0.4866  0.5313  0.5104  0.4955  0.5284  0.5254  0.5164  0.5015  0.0090
B7MY06           0.4836  0.5015  0.4687  0.4746  0.4597  0.4866  0.5313  0.5134  0.4985  0.5254  0.5224  0.5134  0.5015  0.0060  0.0030
Q7V364           0.5194  0.5373  0.5254  0.5224  0.5194  0.5164  0.5701  0.5284  0.5433  0.5522  0.5582  0.5552  0.5164  0.5015  0.5015  0.5015
Q31CV7           0.5313  0.5343  0.5164  0.5134  0.5224  0.5164  0.5552  0.5254  0.5284  0.5552  0.5612  0.5672  0.5194  0.5104  0.5134  0.5104  0.0985
A2BUK4           0.5254  0.5403  0.5254  0.5194  0.5254  0.5164  0.5642  0.5224  0.5433  0.5522  0.5582  0.5582  0.5194  0.5045  0.5045  0.5045  0.0448  0.1104
A2BP22           0.5313  0.5224  0.5194  0.5104  0.5134  0.5075  0.5582  0.5284  0.5224  0.5463  0.5522  0.5582  0.5194  0.5015  0.5045  0.5015  0.1164  0.0478  0.1194
B1XIM6           0.5373  0.5343  0.5164  0.5134  0.5343  0.5045  0.5522  0.5463  0.5373  0.5731  0.5761  0.5672  0.5373  0.4687  0.4716  0.4716  0.3313  0.3433  0.3343  0.3403
A3PAU4           0.5313  0.5284  0.5164  0.5104  0.5134  0.5075  0.5612  0.5254  0.5284  0.5522  0.5582  0.5642  0.5134  0.5045  0.5075  0.5045  0.1075  0.0328  0.1045  0.0209  0.3433
A8G2N2           0.5403  0.5373  0.5194  0.5104  0.5194  0.5134  0.5672  0.5224  0.5254  0.5493  0.5552  0.5582  0.5224  0.5045  0.5075  0.5045  0.1164  0.0537  0.1313  0.0478  0.3493  0.0478
C7QT03           0.5433  0.5403  0.5224  0.5284  0.5373  0.5164  0.5552  0.5493  0.5343  0.5672  0.5731  0.5731  0.5493  0.4746  0.4776  0.4776  0.3254  0.3194  0.3254  0.3224  0.1672  0.3254  0.3284
B7JVZ9           0.5433  0.5403  0.5224  0.5284  0.5373  0.5164  0.5552  0.5493  0.5343  0.5672  0.5731  0.5731  0.5493  0.4746  0.4776  0.4776  0.3254  0.3194  0.3254  0.3224  0.1672  0.3254  0.3284  0.0000
B7KIU0           0.5433  0.5343  0.5284  0.5224  0.5373  0.5134  0.5582  0.5493  0.5493  0.5642  0.5672  0.5701  0.5552  0.4776  0.4806  0.4776  0.3343  0.3313  0.3313  0.3313  0.1612  0.3343  0.3373  0.1104  0.1104
A3IMJ5           0.5433  0.5463  0.5194  0.5284  0.5403  0.5164  0.5612  0.5433  0.5284  0.5612  0.5672  0.5731  0.5433  0.4657  0.4657  0.4687  0.3284  0.3284  0.3194  0.3284  0.1940  0.3284  0.3373  0.0955  0.0955  0.1224
A0YJK5           0.5522  0.5284  0.5194  0.5075  0.5224  0.5254  0.5582  0.5403  0.5194  0.5731  0.5761  0.5612  0.5433  0.4716  0.4687  0.4716  0.3164  0.3164  0.3164  0.3134  0.1881  0.3164  0.3164  0.1552  0.1552  0.1642  0.1761
A3YX43           0.5493  0.5284  0.5403  0.5104  0.5313  0.5284  0.5791  0.5701  0.5522  0.5672  0.5701  0.5642  0.5582  0.5015  0.5045  0.5045  0.2836  0.2836  0.2776  0.2776  0.2836  0.2866  0.2866  0.2955  0.2955  0.2985  0.2955  0.2806
B1WRV7           0.5433  0.5373  0.5194  0.5284  0.5433  0.5134  0.5672  0.5493  0.5313  0.5672  0.5731  0.5761  0.5433  0.4687  0.4687  0.4716  0.3284  0.3254  0.3194  0.3313  0.1851  0.3313  0.3313  0.0866  0.0866  0.1313  0.0507  0.1642  0.2866
B4B3H7           0.5582  0.5343  0.5164  0.5164  0.5343  0.5164  0.5582  0.5433  0.5373  0.5642  0.5672  0.5642  0.5493  0.4806  0.4776  0.4806  0.3343  0.3373  0.3313  0.3373  0.1433  0.3433  0.3403  0.1015  0.1015  0.0896  0.1104  0.1433  0.2955  0.1134
P46894           0.5493  0.5403  0.5582  0.5493  0.5373  0.5612  0.5851  0.5731  0.5433  0.5821  0.5881  0.5821  0.5612  0.5254  0.5254  0.5254  0.2806  0.2687  0.2716  0.2627  0.3373  0.2657  0.2776  0.3373  0.3373  0.3284  0.3313  0.3313  0.2478  0.3313  0.3403
Q3MFM3           0.5582  0.5463  0.5373  0.5373  0.5433  0.5403  0.5612  0.5582  0.5463  0.5731  0.5791  0.5672  0.5463  0.4866  0.4836  0.4836  0.3254  0.3224  0.3254  0.3134  0.1731  0.3194  0.3224  0.1373  0.1373  0.1463  0.1552  0.1254  0.2776  0.1582  0.1343  0.3284
Q8YYP9           0.5582  0.5463  0.5373  0.5373  0.5433  0.5403  0.5612  0.5582  0.5463  0.5731  0.5791  0.5672  0.5463  0.4866  0.4836  0.4836  0.3254  0.3224  0.3254  0.3134  0.1731  0.3194  0.3224  0.1373  0.1373  0.1463  0.1552  0.1254  0.2776  0.1582  0.1343  0.3284  0.0000
P23353           0.5522  0.5254  0.5224  0.5254  0.5313  0.5015  0.5493  0.5522  0.5582  0.5731  0.5761  0.5791  0.5493  0.4716  0.4746  0.4746  0.3254  0.3224  0.3164  0.3224  0.2119  0.3224  0.3254  0.1582  0.1582  0.1552  0.1582  0.1910  0.2836  0.1612  0.1672  0.3343  0.1701  0.1701
A9BDJ2           0.5552  0.5313  0.5672  0.5313  0.5313  0.5552  0.5731  0.5821  0.5433  0.5821  0.5881  0.5881  0.5731  0.5373  0.5373  0.5373  0.2448  0.2537  0.2478  0.2448  0.3134  0.2478  0.2537  0.3164  0.3164  0.3284  0.3194  0.3104  0.2179  0.3164  0.3313  0.1910  0.3015  0.3015  0.3134
Q8DLM1           0.5612  0.5582  0.5582  0.5552  0.5493  0.5134  0.5731  0.5642  0.5433  0.5851  0.5881  0.5881  0.5582  0.4806  0.4806  0.4836  0.3373  0.3313  0.3343  0.3254  0.1881  0.3284  0.3373  0.1881  0.1881  0.1910  0.2060  0.2030  0.2746  0.2060  0.2060  0.3433  0.1970  0.1970  0.2090  0.3313
Q31RS5           0.5552  0.5373  0.5254  0.5224  0.5403  0.5284  0.5731  0.5642  0.5463  0.5612  0.5642  0.5642  0.5522  0.4806  0.4836  0.4806  0.3313  0.3224  0.3224  0.3224  0.2000  0.3284  0.3254  0.1791  0.1791  0.1791  0.1910  0.1970  0.2358  0.1851  0.1522  0.3164  0.1821  0.1821  0.2000  0.2896  0.2507
B0C2W2           0.5701  0.5612  0.5761  0.5552  0.5642  0.5343  0.5731  0.5642  0.5552  0.5881  0.5910  0.5821  0.5582  0.4896  0.4896  0.4925  0.3493  0.3463  0.3522  0.3463  0.1910  0.3493  0.3552  0.1791  0.1791  0.1791  0.1881  0.1970  0.2866  0.1881  0.1731  0.3552  0.1642  0.1642  0.2209  0.3343  0.1851  0.2239
Q4BZH4           0.5463  0.5403  0.5194  0.5313  0.5493  0.5194  0.5642  0.5522  0.5373  0.5642  0.5701  0.5731  0.5493  0.4776  0.4776  0.4806  0.3343  0.3313  0.3254  0.3373  0.1940  0.3373  0.3373  0.0955  0.0955  0.1373  0.0567  0.1642  0.2925  0.0388  0.1164  0.3343  0.1552  0.1552  0.1672  0.3164  0.2090  0.2030  0.1821
B5W765           0.5522  0.5373  0.5254  0.5463  0.5403  0.5164  0.5642  0.5463  0.5433  0.5582  0.5642  0.5642  0.5403  0.4746  0.4776  0.4776  0.3254  0.3224  0.3254  0.3164  0.2030  0.3254  0.3284  0.1552  0.1552  0.1672  0.1791  0.1433  0.2776  0.1612  0.1701  0.3194  0.1373  0.1373  0.1910  0.3075  0.2000  0.2090  0.2060  0.1731
A5GIL9           0.5612  0.5343  0.5463  0.5224  0.5403  0.5552  0.5821  0.5701  0.5403  0.5731  0.5761  0.5701  0.5672  0.5194  0.5164  0.5164  0.2806  0.2806  0.2776  0.2836  0.2896  0.2866  0.2896  0.2687  0.2687  0.2746  0.2687  0.2716  0.1552  0.2627  0.2746  0.2388  0.2716  0.2716  0.2776  0.2269  0.2955  0.2239  0.3015  0.2776  0.2687
B2J1W7           0.5582  0.5463  0.5343  0.5343  0.5522  0.5373  0.5582  0.5642  0.5522  0.5791  0.5851  0.5731  0.5522  0.4896  0.4866  0.4866  0.3313  0.3194  0.3254  0.3104  0.1701  0.3164  0.3194  0.1313  0.1313  0.1373  0.1552  0.1224  0.2776  0.1552  0.1284  0.3194  0.0567  0.0567  0.1701  0.3075  0.1881  0.1791  0.1672  0.1552  0.1373  0.2687
B8HNK4           0.5701  0.5582  0.5493  0.5612  0.5493  0.5254  0.5642  0.5612  0.5582  0.5910  0.5940  0.5881  0.5612  0.4776  0.4806  0.4806  0.3284  0.3313  0.3313  0.3313  0.1791  0.3343  0.3373  0.1612  0.1612  0.1463  0.1910  0.1642  0.3015  0.1851  0.1522  0.3373  0.1642  0.1642  0.1791  0.3343  0.1313  0.2149  0.1463  0.1881  0.1821  0.2925  0.1582
Q5N2I0           0.5582  0.5403  0.5284  0.5254  0.5433  0.5313  0.5761  0.5672  0.5493  0.5642  0.5672  0.5672  0.5552  0.4836  0.4866  0.4836  0.3343  0.3254  0.3254  0.3254  0.2030  0.3313  0.3284  0.1821  0.1821  0.1821  0.1940  0.2000  0.2388  0.1881  0.1552  0.3194  0.1851  0.1851  0.2030  0.2925  0.2537  0.0030  0.2269  0.2060  0.2119  0.2269  0.1821  0.2179
B0JWQ2           0.5612  0.5493  0.5254  0.5403  0.5493  0.5194  0.5642  0.5522  0.5582  0.5761  0.5821  0.5821  0.5552  0.4836  0.4836  0.4836  0.3313  0.3284  0.3284  0.3373  0.1821  0.3343  0.3373  0.1403  0.1403  0.1552  0.1403  0.1791  0.3075  0.1522  0.1552  0.3343  0.1731  0.1731  0.1761  0.3313  0.2269  0.2179  0.2149  0.1522  0.2030  0.2985  0.1642  0.1881  0.2209
A4CSU6           0.5642  0.5224  0.5433  0.5104  0.5313  0.5552  0.5851  0.5672  0.5343  0.5761  0.5791  0.5731  0.5642  0.5045  0.5075  0.5075  0.2896  0.2896  0.2806  0.2836  0.2836  0.2896  0.2925  0.2716  0.2716  0.2746  0.2746  0.2716  0.1463  0.2657  0.2776  0.2358  0.2776  0.2776  0.2716  0.2239  0.2896  0.2269  0.3045  0.2836  0.2627  0.0418  0.2716  0.2925  0.2299  0.3045
A0ZEB2           0.5433  0.5463  0.5284  0.5254  0.5493  0.5164  0.5672  0.5642  0.5433  0.5672  0.5731  0.5731  0.5582  0.4836  0.4806  0.4806  0.3254  0.3224  0.3224  0.3134  0.1851  0.3194  0.3224  0.1463  0.1463  0.1552  0.1672  0.1313  0.2627  0.1612  0.1463  0.3224  0.0776  0.0776  0.1851  0.3045  0.1970  0.1761  0.1672  0.1612  0.1433  0.2627  0.0567  0.1642  0.1791  0.1910  0.2627
Q110N5           0.5493  0.5582  0.5403  0.5343  0.5493  0.5343  0.5791  0.5552  0.5463  0.5642  0.5672  0.5791  0.5672  0.4896  0.4925  0.4925  0.3284  0.3373  0.3284  0.3373  0.2060  0.3403  0.3463  0.1821  0.1821  0.1701  0.2030  0.1343  0.2896  0.2030  0.1731  0.3224  0.1642  0.1642  0.1940  0.3164  0.2149  0.2090  0.2090  0.1940  0.1582  0.2776  0.1582  0.1761  0.2119  0.2149  0.2746  0.1582
A5GW34           0.5582  0.5224  0.5284  0.5104  0.5373  0.5522  0.5791  0.5731  0.5373  0.5761  0.5791  0.5701  0.5672  0.5224  0.5254  0.5254  0.2866  0.2866  0.2896  0.2866  0.2985  0.2925  0.2985  0.2925  0.2925  0.3015  0.3015  0.2955  0.1254  0.2896  0.2985  0.2418  0.2836  0.2836  0.2955  0.2179  0.3134  0.2448  0.3045  0.3015  0.2746  0.1493  0.2836  0.3134  0.2478  0.3134  0.1433  0.2776  0.2896
Q7V4Y9           0.5493  0.5254  0.5672  0.5313  0.5403  0.5463  0.5910  0.5791  0.5582  0.5791  0.5851  0.5851  0.5821  0.5433  0.5433  0.5433  0.3134  0.3045  0.3134  0.2985  0.3403  0.3075  0.3045  0.3134  0.3134  0.3224  0.3045  0.3134  0.1672  0.3104  0.3194  0.2179  0.3104  0.3104  0.3313  0.1940  0.3343  0.2866  0.3403  0.3164  0.3015  0.1791  0.3164  0.3403  0.2896  0.3254  0.1672  0.3075  0.3284  0.1851
A2CCA2           0.5493  0.5254  0.5672  0.5313  0.5403  0.5463  0.5910  0.5791  0.5582  0.5791  0.5851  0.5851  0.5821  0.5433  0.5433  0.5433  0.3134  0.3045  0.3134  0.2985  0.3403  0.3075  0.3045  0.3134  0.3134  0.3224  0.3045  0.3134  0.1672  0.3104  0.3194  0.2179  0.3104  0.3104  0.3313  0.1940  0.3343  0.2866  0.3403  0.3164  0.3015  0.1791  0.3164  0.3403  0.2896  0.3254  0.1672  0.3075  0.3284  0.1851  0.0000
B9YPM6           0.5582  0.5433  0.5373  0.5343  0.5463  0.5254  0.5761  0.5612  0.5403  0.5582  0.5672  0.5701  0.5612  0.5015  0.5015  0.5015  0.3313  0.3373  0.3313  0.3343  0.2179  0.3373  0.3373  0.1672  0.1672  0.1701  0.1821  0.1672  0.2836  0.1791  0.1672  0.3194  0.1045  0.1045  0.1970  0.3015  0.2149  0.2000  0.1881  0.1761  0.1582  0.2806  0.1134  0.1821  0.2030  0.2149  0.2896  0.1104  0.1821  0.2925  0.3164  0.3164
Q3AMV2           0.5493  0.5284  0.5552  0.5194  0.5403  0.5433  0.5881  0.5672  0.5522  0.5761  0.5791  0.5761  0.5821  0.5164  0.5194  0.5194  0.2866  0.2896  0.2776  0.2836  0.3015  0.2925  0.2955  0.2985  0.2985  0.3015  0.2955  0.2955  0.1403  0.2896  0.3045  0.2239  0.2985  0.2985  0.2955  0.2060  0.3075  0.2507  0.3194  0.2925  0.2955  0.1582  0.2925  0.3164  0.2537  0.3194  0.1463  0.2866  0.3015  0.1582  0.1522  0.1522  0.2955
Q3AUR6           0.5433  0.5343  0.5522  0.5254  0.5433  0.5493  0.5731  0.5642  0.5493  0.5821  0.5851  0.5851  0.5791  0.5254  0.5254  0.5254  0.2925  0.2806  0.2866  0.2776  0.3075  0.2866  0.2866  0.3075  0.3075  0.3045  0.2985  0.3045  0.1493  0.3015  0.3075  0.2090  0.3045  0.3045  0.3015  0.2030  0.3134  0.2507  0.3224  0.3104  0.2985  0.1642  0.2955  0.3194  0.2537  0.3254  0.1552  0.2896  0.3104  0.1672  0.1552  0.1552  0.3075  0.1045
Q0ID82           0.5552  0.5313  0.5612  0.5194  0.5522  0.5552  0.5881  0.5701  0.5493  0.5791  0.5821  0.5791  0.5612  0.4985  0.5015  0.5015  0.2955  0.2955  0.2866  0.2896  0.2955  0.2985  0.3015  0.2776  0.2776  0.2985  0.2806  0.2925  0.1493  0.2746  0.2925  0.2507  0.2925  0.2925  0.2776  0.2388  0.3045  0.2448  0.3104  0.2896  0.2657  0.1284  0.2866  0.3015  0.2478  0.3104  0.1134  0.2806  0.3015  0.1403  0.1761  0.1761  0.2985  0.1582  0.1582
Q061B2           0.5463  0.5343  0.5582  0.5373  0.5493  0.5552  0.5761  0.5672  0.5552  0.5851  0.5881  0.5881  0.5851  0.5313  0.5313  0.5313  0.2925  0.2836  0.2836  0.2776  0.3164  0.2866  0.2896  0.3045  0.3045  0.3045  0.3015  0.3075  0.1612  0.2985  0.3075  0.2090  0.3015  0.3015  0.3015  0.2090  0.3134  0.2507  0.3254  0.3075  0.2955  0.1701  0.2925  0.3194  0.2537  0.3224  0.1612  0.2866  0.3075  0.1731  0.1552  0.1552  0.3075  0.1104  0.0269  0.1672
Q05QJ8           0.5433  0.5194  0.5403  0.5075  0.5343  0.5403  0.5851  0.5642  0.5403  0.5731  0.5761  0.5701  0.5642  0.5134  0.5104  0.5104  0.2806  0.2716  0.2806  0.2627  0.2896  0.2687  0.2716  0.2657  0.2657  0.2746  0.2687  0.2716  0.1284  0.2627  0.2687  0.2209  0.2657  0.2657  0.2866  0.2030  0.2896  0.2209  0.2925  0.2716  0.2657  0.0925  0.2627  0.2836  0.2239  0.2925  0.0925  0.2567  0.2806  0.1284  0.1433  0.1433  0.2746  0.1313  0.1343  0.1075  0.1403
A3Z8P1           0.5552  0.5313  0.5493  0.5313  0.5433  0.5612  0.5791  0.5731  0.5403  0.5821  0.5851  0.5851  0.5701  0.5045  0.5045  0.5045  0.2985  0.2866  0.2985  0.2746  0.2866  0.2806  0.2866  0.2806  0.2806  0.2925  0.2806  0.2925  0.1403  0.2806  0.2925  0.2388  0.2806  0.2806  0.2925  0.2209  0.2806  0.2358  0.2985  0.2896  0.2746  0.1164  0.2806  0.2866  0.2388  0.3164  0.1075  0.2806  0.3015  0.1463  0.1761  0.1761  0.2896  0.1493  0.1582  0.1254  0.1612  0.0955
Q2JXD0           0.5731  0.5463  0.5313  0.5433  0.5254  0.5373  0.5672  0.5552  0.5463  0.5761  0.5791  0.5552  0.5552  0.4657  0.4627  0.4627  0.3433  0.3522  0.3433  0.3373  0.2418  0.3463  0.3493  0.2418  0.2418  0.2388  0.2478  0.2299  0.2716  0.2388  0.2328  0.3552  0.2269  0.2269  0.2478  0.3224  0.2209  0.2299  0.2418  0.2507  0.2269  0.2955  0.2179  0.2299  0.2328  0.2657  0.2806  0.2239  0.2507  0.3045  0.3194  0.3194  0.2537  0.2896  0.2955  0.3015  0.2985  0.2866  0.2866
Q2JLD4           0.5761  0.5463  0.5373  0.5493  0.5313  0.5433  0.5642  0.5582  0.5493  0.5761  0.5791  0.5582  0.5493  0.4746  0.4716  0.4716  0.3493  0.3552  0.3433  0.3403  0.2448  0.3493  0.3552  0.2418  0.2418  0.2388  0.2478  0.2328  0.2806  0.2358  0.2299  0.3522  0.2299  0.2299  0.2567  0.3284  0.2179  0.2328  0.2418  0.2478  0.2209  0.2955  0.2209  0.2239  0.2358  0.2657  0.2836  0.2269  0.2478  0.3075  0.3313  0.3313  0.2567  0.3045  0.3104  0.3015  0.3104  0.2896  0.2925  0.0299
Q7U9F0           0.5552  0.5313  0.5612  0.5284  0.5373  0.5552  0.5821  0.5672  0.5493  0.5851  0.5881  0.5881  0.5821  0.5224  0.5224  0.5224  0.2776  0.2746  0.2716  0.2716  0.3045  0.2806  0.2776  0.3015  0.3015  0.3015  0.2955  0.2955  0.1522  0.2866  0.3075  0.2179  0.2925  0.2925  0.2955  0.1731  0.3134  0.2567  0.3164  0.2985  0.2925  0.1552  0.2925  0.3194  0.2597  0.3164  0.1493  0.2896  0.3075  0.1433  0.1552  0.1552  0.2896  0.0955  0.0985  0.1522  0.1075  0.1343  0.1612  0.2955  0.3104
A2C058           0.5642  0.5433  0.5761  0.5433  0.5284  0.5493  0.5791  0.5701  0.5493  0.5731  0.5791  0.5821  0.5522  0.5343  0.5313  0.5313  0.2836  0.2836  0.2776  0.2776  0.3254  0.2806  0.2896  0.3194  0.3194  0.3164  0.3224  0.3343  0.2358  0.3254  0.3343  0.2299  0.3224  0.3224  0.3313  0.2239  0.3343  0.2955  0.3463  0.3313  0.3045  0.2328  0.3224  0.3433  0.2985  0.3373  0.2299  0.3075  0.3284  0.2358  0.2119  0.2119  0.3313  0.2209  0.1940  0.2299  0.1910  0.2060  0.2299  0.3164  0.3254  0.2149
Q46HE7           0.5701  0.5463  0.5821  0.5493  0.5343  0.5552  0.5851  0.5701  0.5552  0.5731  0.5791  0.5821  0.5522  0.5403  0.5373  0.5373  0.2896  0.2896  0.2836  0.2836  0.3313  0.2866  0.2955  0.3254  0.3254  0.3224  0.3284  0.3403  0.2418  0.3313  0.3403  0.2358  0.3284  0.3284  0.3373  0.2299  0.3433  0.3015  0.3522  0.3373  0.3104  0.2388  0.3284  0.3493  0.3045  0.3433  0.2358  0.3134  0.3343  0.2418  0.2209  0.2209  0.3373  0.2269  0.2000  0.2358  0.1970  0.2119  0.2358  0.3224  0.3313  0.2209  0.0090
Q7NFY1           0.6328  0.6209  0.6418  0.6507  0.6239  0.6209  0.6627  0.6985  0.6209  0.6537  0.6567  0.6478  0.6537  0.6090  0.6090  0.6090  0.6597  0.6627  0.6627  0.6627  0.6328  0.6627  0.6716  0.6239  0.6239  0.6507  0.6328  0.6299  0.6239  0.6209  0.6448  0.6239  0.6299  0.6299  0.6358  0.6388  0.6388  0.6448  0.6269  0.6239  0.6149  0.6209  0.6299  0.6269  0.6478  0.6328  0.6209  0.6269  0.6269  0.6239  0.6418  0.6418  0.6328  0.6239  0.6358  0.6179  0.6388  0.6269  0.6269  0.6149  0.6090  0.6328  0.6418  0.6478
