AAML (in paml version 4.6, August 2012)  166.aa
Model: Empirical for branches,  (../../../bin/LG.dat) dGamma (ncatG=4) ns =  65  ls = 424


Frequencies..
                                    A      R      N      D      C      Q      E      G      H      I      L      K      M      F      P      S      T      W      Y      V
A8EV72                         0.10377 0.05660 0.03774 0.04481 0.00472 0.03774 0.08491 0.09906 0.00943 0.08726 0.08491 0.05189 0.01651 0.02358 0.03066 0.06368 0.05189 0.00000 0.02830 0.08255
Q30QP9                         0.09670 0.06840 0.02594 0.04717 0.00236 0.04245 0.08019 0.09670 0.01179 0.07547 0.08962 0.04009 0.02123 0.02594 0.04245 0.05660 0.05425 0.00000 0.02830 0.09434
Q7MA20                         0.10377 0.05896 0.02830 0.05660 0.00236 0.04717 0.07311 0.09198 0.01179 0.07075 0.08019 0.05425 0.02830 0.02830 0.03774 0.05425 0.04953 0.00000 0.03066 0.09198
D1AZT3                         0.09906 0.05660 0.03774 0.04953 0.00472 0.04481 0.07783 0.09198 0.01415 0.08019 0.08726 0.05425 0.02123 0.02358 0.03538 0.06604 0.04009 0.00000 0.02830 0.08726
A6Q4C2                         0.09906 0.05660 0.03066 0.05425 0.00236 0.04481 0.08019 0.10142 0.01179 0.08491 0.08491 0.05660 0.02123 0.02594 0.04009 0.04717 0.04009 0.00000 0.03066 0.08726
Q4HE28                         0.09434 0.05425 0.03302 0.05189 0.00236 0.04245 0.07547 0.09434 0.01415 0.08255 0.09434 0.06604 0.01887 0.02594 0.03538 0.05896 0.04245 0.00000 0.02830 0.08491
Q4HQX4                         0.09670 0.05660 0.03066 0.04717 0.00236 0.04245 0.08255 0.09434 0.01415 0.08491 0.09434 0.06368 0.01887 0.02358 0.03302 0.06604 0.03774 0.00000 0.03066 0.08019
A6QB61                         0.10142 0.05425 0.03302 0.06132 0.00236 0.04245 0.06604 0.10142 0.01179 0.08962 0.08255 0.04717 0.01651 0.03066 0.03538 0.05189 0.05189 0.00000 0.03066 0.08962
B9KES1                         0.09670 0.05425 0.02358 0.05189 0.00236 0.04009 0.07783 0.09198 0.01179 0.08491 0.09198 0.07075 0.01887 0.02358 0.03538 0.06604 0.03774 0.00000 0.03538 0.08491
A8FJR0                         0.09906 0.05660 0.03302 0.04717 0.00236 0.04245 0.08019 0.09434 0.01415 0.08491 0.09434 0.06368 0.01887 0.02358 0.03538 0.05660 0.04009 0.00000 0.03066 0.08255
B9L7Y5                         0.09670 0.05660 0.03774 0.05189 0.00236 0.03302 0.08491 0.09434 0.01179 0.07783 0.09670 0.05660 0.01887 0.02358 0.03538 0.04953 0.04481 0.00000 0.03538 0.09198
A7H1H9                         0.09906 0.05660 0.03302 0.04717 0.00236 0.04245 0.08019 0.09434 0.01415 0.08255 0.09434 0.06368 0.01887 0.02358 0.03538 0.05660 0.04009 0.00000 0.03066 0.08491
P55987                         0.09670 0.04717 0.02830 0.05425 0.00708 0.04481 0.08019 0.08962 0.01179 0.08255 0.07783 0.06368 0.01887 0.02830 0.03302 0.06604 0.04009 0.00000 0.03774 0.09198
Q8DLP3                         0.11085 0.05660 0.02594 0.05896 0.00472 0.07311 0.05425 0.08962 0.00708 0.08255 0.08962 0.04009 0.01887 0.01887 0.04009 0.06132 0.04717 0.00000 0.03302 0.08726
Q31RF1                         0.11792 0.05660 0.02830 0.05189 0.00472 0.06604 0.06132 0.09434 0.00472 0.08962 0.09198 0.04009 0.01651 0.02123 0.04245 0.05896 0.05189 0.00000 0.02830 0.07311
P08449                         0.11792 0.05660 0.02830 0.05189 0.00236 0.06604 0.06132 0.09434 0.00472 0.08962 0.09198 0.04009 0.01651 0.02123 0.04245 0.05896 0.05189 0.00000 0.03066 0.07311
B2J058                         0.11085 0.05189 0.02123 0.05896 0.00236 0.07311 0.06604 0.08962 0.00472 0.09906 0.08019 0.04717 0.02123 0.01887 0.04245 0.06368 0.05189 0.00000 0.03066 0.06604
Q2JIG0                         0.09434 0.05189 0.02594 0.05425 0.00943 0.07547 0.05896 0.08962 0.00472 0.08962 0.09198 0.04009 0.01651 0.01651 0.04717 0.06604 0.05425 0.00236 0.03538 0.07547
A0ZEZ5                         0.11792 0.05189 0.02358 0.05896 0.00236 0.07311 0.06368 0.09198 0.00472 0.08962 0.07783 0.04481 0.02358 0.02123 0.03774 0.05896 0.05425 0.00000 0.02830 0.07547
P12405                         0.11557 0.05425 0.02123 0.05896 0.00236 0.07547 0.06368 0.09670 0.00472 0.09198 0.07783 0.04717 0.02123 0.02123 0.03538 0.05660 0.05425 0.00000 0.02830 0.07311
Q318U1                         0.10613 0.04953 0.02358 0.06132 0.00472 0.06840 0.06132 0.09906 0.00708 0.08491 0.08726 0.04245 0.02358 0.02123 0.03774 0.06840 0.04953 0.00000 0.02830 0.07547
Q3M9W0                         0.11557 0.05425 0.02123 0.05896 0.00236 0.07547 0.06368 0.09670 0.00472 0.09198 0.07783 0.04717 0.02123 0.02123 0.03538 0.05660 0.05425 0.00000 0.02830 0.07311
Q4C9T0                         0.12028 0.04717 0.02594 0.05425 0.00708 0.06368 0.05896 0.09434 0.00236 0.09434 0.08255 0.04245 0.02123 0.02358 0.04009 0.05896 0.06840 0.00000 0.03066 0.06368
B1WUI2                         0.11557 0.04953 0.02830 0.05660 0.00708 0.06604 0.05896 0.09670 0.00236 0.09434 0.08255 0.03774 0.02123 0.02358 0.04009 0.06840 0.05660 0.00000 0.03066 0.06368
Q7V037                         0.10613 0.04953 0.02830 0.05896 0.00472 0.06604 0.06368 0.09906 0.00708 0.08255 0.08726 0.04481 0.02358 0.02123 0.03774 0.06368 0.04953 0.00000 0.02830 0.07783
Q7VA63                         0.11792 0.04717 0.02358 0.05660 0.00472 0.06132 0.06132 0.09670 0.00708 0.08255 0.08962 0.04953 0.02123 0.02123 0.03538 0.06840 0.04953 0.00000 0.02830 0.07783
A2BYH6                         0.10613 0.04953 0.02594 0.06132 0.00472 0.06604 0.06132 0.09906 0.00708 0.08255 0.08726 0.04481 0.02358 0.02123 0.03774 0.06604 0.04953 0.00000 0.02830 0.07783
Q2JSW1                         0.09670 0.05660 0.03302 0.05189 0.00943 0.07075 0.06132 0.08726 0.00708 0.09670 0.08962 0.03774 0.01651 0.01651 0.04717 0.06132 0.04717 0.00236 0.03538 0.07547
A2BT25                         0.10377 0.04953 0.02358 0.05896 0.00236 0.06840 0.06132 0.09906 0.00708 0.08491 0.08962 0.04245 0.02358 0.02123 0.04245 0.06840 0.04953 0.00000 0.02830 0.07547
A3PET9                         0.10377 0.04953 0.02358 0.05896 0.00236 0.06840 0.06132 0.09906 0.00708 0.08491 0.08962 0.04245 0.02358 0.02123 0.04245 0.06840 0.04953 0.00000 0.02830 0.07547
B7KKR4                         0.11557 0.05189 0.02830 0.05425 0.00472 0.07547 0.05425 0.09198 0.00236 0.08255 0.08255 0.04009 0.02123 0.02123 0.04245 0.06132 0.06132 0.00000 0.03302 0.07547
B9YGZ0                         0.10849 0.05425 0.03066 0.06132 0.00236 0.07075 0.05896 0.09434 0.00472 0.08962 0.08019 0.04717 0.02123 0.02123 0.04009 0.05189 0.05896 0.00000 0.02830 0.07547
A8G6V1                         0.10377 0.04953 0.02358 0.05896 0.00236 0.06840 0.06132 0.09906 0.00708 0.08491 0.08962 0.04245 0.02358 0.02123 0.04245 0.06840 0.04953 0.00000 0.02830 0.07547
B1XHY8                         0.12264 0.05660 0.02594 0.06604 0.00236 0.06840 0.05660 0.09198 0.00708 0.08019 0.08255 0.03774 0.02123 0.02358 0.03774 0.05425 0.05425 0.00000 0.02830 0.08255
B0BZL2                         0.11321 0.05896 0.03066 0.06368 0.00236 0.07075 0.06132 0.08726 0.00472 0.08019 0.09434 0.03538 0.01887 0.01887 0.04245 0.05425 0.04953 0.00000 0.03538 0.07783
Q46J57                         0.10849 0.04481 0.02358 0.05896 0.00472 0.06368 0.05896 0.09906 0.00708 0.08726 0.08726 0.05425 0.02358 0.02123 0.03538 0.06368 0.05189 0.00000 0.02830 0.07783
A3YVM1                         0.11085 0.05425 0.02123 0.05896 0.00472 0.05660 0.05896 0.09434 0.00472 0.08255 0.08962 0.04245 0.02123 0.01887 0.04009 0.07075 0.05660 0.00000 0.03066 0.08255
Q05YF2                         0.12264 0.05189 0.02358 0.05660 0.00472 0.06840 0.05660 0.09670 0.00472 0.07547 0.08962 0.04245 0.02123 0.02123 0.04009 0.06132 0.05425 0.00000 0.03066 0.07783
B8HPK1                         0.10613 0.06132 0.02358 0.04953 0.00236 0.07075 0.06840 0.09198 0.00472 0.06604 0.09670 0.04009 0.01887 0.01887 0.04245 0.05896 0.04953 0.00000 0.03538 0.09434
C7QY10                         0.11792 0.04717 0.02594 0.05425 0.00472 0.06132 0.06132 0.09434 0.00236 0.08255 0.08491 0.04481 0.02358 0.02123 0.03774 0.06368 0.06604 0.00000 0.03066 0.07547
B7K5I8                         0.11792 0.04717 0.02594 0.05425 0.00472 0.06132 0.06132 0.09434 0.00236 0.08255 0.08491 0.04481 0.02358 0.02123 0.03774 0.06368 0.06604 0.00000 0.03066 0.07547
A9BCD9                         0.11321 0.04717 0.02594 0.05189 0.00472 0.06368 0.05896 0.09670 0.00708 0.08255 0.08962 0.04953 0.02123 0.02123 0.03538 0.07311 0.04953 0.00000 0.02830 0.08019
A2C4J5                         0.10849 0.04481 0.02358 0.05896 0.00472 0.06368 0.05896 0.09906 0.00708 0.08726 0.08962 0.05425 0.02123 0.02123 0.03302 0.06132 0.05425 0.00000 0.02830 0.08019
A3IIS2                         0.11557 0.04717 0.02594 0.06132 0.00708 0.06604 0.05660 0.09434 0.00236 0.09198 0.08491 0.04245 0.02123 0.02123 0.04009 0.06604 0.05896 0.00000 0.03066 0.06604
Q7V5S7                         0.10613 0.04717 0.01887 0.06132 0.00236 0.05660 0.05896 0.09670 0.00472 0.08491 0.08962 0.05189 0.02123 0.02123 0.04245 0.07547 0.05189 0.00000 0.02830 0.08019
Q0I7R2                         0.11321 0.05189 0.02123 0.06132 0.00708 0.06604 0.05425 0.09434 0.00472 0.07783 0.09198 0.04245 0.02123 0.02123 0.04009 0.06132 0.05660 0.00000 0.03066 0.08255
B0JWV1                         0.12028 0.05189 0.02594 0.05896 0.00472 0.06840 0.05189 0.09670 0.00236 0.08255 0.08255 0.04481 0.02123 0.02594 0.04009 0.04953 0.06368 0.00000 0.03066 0.07783
A5GV72                         0.11792 0.04953 0.02123 0.05896 0.00472 0.06132 0.05660 0.09906 0.00708 0.07783 0.08726 0.04717 0.02358 0.02123 0.03774 0.06132 0.05189 0.00000 0.03066 0.08491
A4CR63                         0.11085 0.05189 0.02123 0.06368 0.00472 0.06368 0.05189 0.10142 0.00472 0.07547 0.09670 0.04717 0.01887 0.02123 0.04009 0.07075 0.04481 0.00000 0.03066 0.08019
A3Z971                         0.11557 0.05189 0.02358 0.06132 0.00236 0.06604 0.05425 0.09670 0.00472 0.07311 0.09906 0.04717 0.01887 0.02358 0.04245 0.06132 0.05189 0.00000 0.02830 0.07783
Q112Z6                         0.10849 0.05660 0.02594 0.06368 0.00236 0.06604 0.05896 0.09906 0.00236 0.08491 0.08019 0.04717 0.01651 0.02123 0.04009 0.05425 0.05660 0.00000 0.03302 0.08255
Q3AZM1                         0.12264 0.05189 0.02123 0.05896 0.00472 0.06132 0.05425 0.09670 0.00472 0.08491 0.09198 0.04481 0.02594 0.02123 0.03774 0.07311 0.04481 0.00000 0.03066 0.06840
A5GNC8                         0.11085 0.05189 0.02123 0.06368 0.00472 0.06368 0.05189 0.10142 0.00472 0.07547 0.09670 0.04717 0.01887 0.02123 0.04009 0.06604 0.04953 0.00000 0.03066 0.08019
Q3AHK5                         0.12264 0.05189 0.02358 0.05660 0.00472 0.05660 0.06132 0.09434 0.00472 0.08255 0.08726 0.04717 0.02594 0.02123 0.03538 0.06368 0.05425 0.00000 0.03302 0.07311
Q064R2                         0.12264 0.05189 0.02358 0.05896 0.00472 0.06132 0.05425 0.09670 0.00472 0.08019 0.09198 0.04481 0.02594 0.02123 0.03774 0.07075 0.04481 0.00000 0.03066 0.07311
A0YJF0                         0.10849 0.05425 0.02123 0.06368 0.00708 0.05660 0.06604 0.09198 0.00708 0.09434 0.08726 0.04717 0.02123 0.01651 0.04009 0.07547 0.04717 0.00000 0.03302 0.06132
P27179                         0.11085 0.04953 0.02358 0.05660 0.00472 0.07075 0.05425 0.09198 0.00472 0.09198 0.08255 0.04009 0.02594 0.02358 0.04245 0.06840 0.06604 0.00000 0.02830 0.06368
Q7U8W5                         0.12028 0.05189 0.02358 0.05425 0.00472 0.05896 0.06132 0.09434 0.00472 0.08019 0.09198 0.04717 0.02594 0.02123 0.03538 0.07311 0.04717 0.00000 0.03066 0.07311
A2C6X5                         0.10849 0.04717 0.01887 0.06132 0.00472 0.05660 0.05896 0.09906 0.00472 0.08491 0.08726 0.05189 0.02123 0.02123 0.04009 0.07311 0.05189 0.00000 0.02830 0.08019
B5W2W9                         0.11557 0.05425 0.02830 0.05896 0.00472 0.06604 0.06368 0.09434 0.00236 0.08255 0.09198 0.04009 0.02358 0.01887 0.04245 0.05660 0.05425 0.00000 0.03066 0.07075
Q7NCS3                         0.11085 0.06132 0.02830 0.04953 0.00708 0.04953 0.05896 0.09906 0.00236 0.08491 0.10613 0.04009 0.01415 0.01887 0.04481 0.05896 0.05660 0.00000 0.03538 0.07311
B4B4T8                         0.11792 0.04953 0.02594 0.05660 0.00472 0.07547 0.05425 0.09198 0.00236 0.07783 0.08726 0.04245 0.02123 0.02123 0.04245 0.05425 0.06368 0.00000 0.03302 0.07783
B7N2H3                         0.11321 0.06368 0.03302 0.05425 0.00943 0.05189 0.05425 0.09434 0.01415 0.08491 0.08491 0.04245 0.01651 0.02358 0.04009 0.06132 0.04717 0.00000 0.03066 0.08019
P0ABB0                         0.11321 0.06368 0.03302 0.05425 0.00943 0.05189 0.05425 0.09434 0.01415 0.08491 0.08491 0.04245 0.01651 0.02358 0.04009 0.06132 0.04717 0.00000 0.03066 0.08019
B7LK79                         0.11321 0.06368 0.03302 0.05425 0.00943 0.05189 0.05425 0.09434 0.01415 0.08491 0.08491 0.04245 0.01651 0.02358 0.04009 0.06132 0.04717 0.00000 0.03066 0.08019

Homogeneity statistic: X2 = 1.07268 G = 0.94571 

Average                        0.10998 0.05323 0.02645 0.05657 0.00443 0.06052 0.06288 0.09528 0.00686 0.08411 0.08813 0.04692 0.02083 0.02195 0.03904 0.06241 0.05138 0.00007 0.03062 0.07834

# constant sites:    152 (35.85%)
ln Lmax (unconstrained) = -2205.155877

AA distances (raw proportions of different sites)

A8EV72         
Q30QP9           0.1745
Q7MA20           0.1792  0.1533
D1AZT3           0.1722  0.1698  0.1368
A6Q4C2           0.1792  0.1816  0.1580  0.1344
Q4HE28           0.1745  0.1651  0.1604  0.1156  0.1344
Q4HQX4           0.1722  0.1698  0.1675  0.1061  0.1439  0.0354
A6QB61           0.2028  0.2028  0.1745  0.1745  0.1816  0.1934  0.1910
B9KES1           0.1745  0.1651  0.1651  0.1203  0.1439  0.0590  0.0542  0.1769
A8FJR0           0.1745  0.1651  0.1651  0.1156  0.1392  0.0165  0.0259  0.2005  0.0542
B9L7Y5           0.2028  0.2028  0.1981  0.1887  0.1604  0.2005  0.1887  0.2193  0.1840  0.1958
A7H1H9           0.1816  0.1722  0.1722  0.1179  0.1462  0.0236  0.0283  0.2028  0.0566  0.0071  0.1958
P55987           0.2476  0.2264  0.1816  0.2193  0.2264  0.2123  0.2099  0.2429  0.2099  0.2123  0.2618  0.2123
Q8DLP3           0.3231  0.3491  0.3302  0.3160  0.2854  0.3208  0.3255  0.3302  0.3184  0.3208  0.3090  0.3278  0.3443
Q31RF1           0.3278  0.3585  0.3491  0.3255  0.3184  0.3514  0.3491  0.3349  0.3349  0.3491  0.3231  0.3514  0.3656  0.1509
P08449           0.3278  0.3585  0.3491  0.3255  0.3184  0.3514  0.3491  0.3349  0.3349  0.3491  0.3231  0.3514  0.3656  0.1486  0.0024
B2J058           0.3278  0.3561  0.3561  0.3302  0.3066  0.3325  0.3373  0.3467  0.3231  0.3349  0.3160  0.3420  0.3656  0.1604  0.1415  0.1392
Q2JIG0           0.3255  0.3538  0.3420  0.3113  0.2830  0.3231  0.3255  0.3443  0.3231  0.3231  0.3113  0.3278  0.3561  0.1769  0.1958  0.1934  0.1863
A0ZEZ5           0.3325  0.3608  0.3561  0.3231  0.3113  0.3491  0.3538  0.3491  0.3420  0.3491  0.3231  0.3561  0.3656  0.1769  0.1533  0.1509  0.0377  0.2028
P12405           0.3349  0.3632  0.3608  0.3325  0.3090  0.3443  0.3491  0.3467  0.3373  0.3467  0.3302  0.3538  0.3774  0.1722  0.1439  0.1415  0.0307  0.1910  0.0448
Q318U1           0.3373  0.3561  0.3608  0.3396  0.3208  0.3467  0.3491  0.3349  0.3467  0.3514  0.3396  0.3561  0.3726  0.2075  0.1604  0.1580  0.1910  0.2406  0.1934  0.1981
Q3M9W0           0.3349  0.3632  0.3608  0.3325  0.3090  0.3443  0.3491  0.3467  0.3373  0.3467  0.3302  0.3538  0.3774  0.1722  0.1439  0.1415  0.0307  0.1910  0.0448  0.0000  0.1981
Q4C9T0           0.3302  0.3561  0.3491  0.3325  0.3066  0.3373  0.3420  0.3491  0.3302  0.3373  0.3208  0.3420  0.3703  0.1580  0.1604  0.1580  0.1297  0.2123  0.1415  0.1462  0.2075  0.1462
B1WUI2           0.3302  0.3467  0.3443  0.3278  0.3042  0.3302  0.3325  0.3396  0.3184  0.3302  0.3184  0.3349  0.3608  0.1604  0.1651  0.1627  0.1226  0.2146  0.1368  0.1439  0.2005  0.1439  0.0307
Q7V037           0.3420  0.3561  0.3561  0.3443  0.3231  0.3491  0.3467  0.3373  0.3491  0.3491  0.3420  0.3538  0.3656  0.2099  0.1557  0.1533  0.1934  0.2429  0.1910  0.1958  0.0142  0.1958  0.2099  0.2028
Q7VA63           0.3349  0.3467  0.3396  0.3396  0.3208  0.3467  0.3443  0.3373  0.3396  0.3467  0.3349  0.3514  0.3608  0.2005  0.1627  0.1604  0.1934  0.2500  0.1958  0.2005  0.0731  0.2005  0.2028  0.1958  0.0731
A2BYH6           0.3396  0.3585  0.3608  0.3420  0.3208  0.3467  0.3491  0.3349  0.3467  0.3514  0.3396  0.3561  0.3679  0.2075  0.1533  0.1509  0.1910  0.2406  0.1887  0.1934  0.0094  0.1934  0.2075  0.2005  0.0047  0.0731
Q2JSW1           0.3278  0.3491  0.3491  0.3066  0.2807  0.3231  0.3255  0.3396  0.3255  0.3231  0.3113  0.3278  0.3561  0.1722  0.2075  0.2052  0.1863  0.0401  0.2028  0.1910  0.2476  0.1910  0.2170  0.2170  0.2524  0.2571  0.2500
A2BT25           0.3420  0.3585  0.3632  0.3420  0.3208  0.3467  0.3514  0.3373  0.3467  0.3514  0.3396  0.3561  0.3774  0.2028  0.1462  0.1439  0.1958  0.2382  0.1934  0.2005  0.0189  0.2005  0.2052  0.2028  0.0283  0.0873  0.0236  0.2453
A3PET9           0.3420  0.3585  0.3632  0.3420  0.3208  0.3467  0.3514  0.3373  0.3467  0.3514  0.3396  0.3561  0.3774  0.2028  0.1462  0.1439  0.1958  0.2382  0.1934  0.2005  0.0189  0.2005  0.2052  0.2028  0.0283  0.0873  0.0236  0.2453  0.0000
B7KKR4           0.3278  0.3585  0.3608  0.3255  0.3019  0.3349  0.3420  0.3514  0.3325  0.3349  0.3255  0.3396  0.3585  0.1675  0.1675  0.1651  0.1344  0.2028  0.1344  0.1462  0.2028  0.1462  0.0967  0.0920  0.2028  0.2146  0.2005  0.2005  0.2005  0.2005
B9YGZ0           0.3373  0.3608  0.3538  0.3349  0.3184  0.3491  0.3585  0.3491  0.3467  0.3538  0.3373  0.3585  0.3703  0.1840  0.1533  0.1509  0.0519  0.2028  0.0519  0.0425  0.2075  0.0425  0.1509  0.1486  0.2075  0.2146  0.2052  0.1981  0.2075  0.2075  0.1509
A8G6V1           0.3420  0.3585  0.3632  0.3420  0.3208  0.3467  0.3514  0.3373  0.3467  0.3514  0.3396  0.3561  0.3774  0.2028  0.1462  0.1439  0.1958  0.2382  0.1934  0.2005  0.0189  0.2005  0.2052  0.2028  0.0283  0.0873  0.0236  0.2453  0.0000  0.0000  0.2005  0.2075
B1XHY8           0.3278  0.3561  0.3656  0.3349  0.2972  0.3396  0.3443  0.3514  0.3349  0.3373  0.3184  0.3443  0.3750  0.1580  0.1509  0.1486  0.1344  0.1981  0.1344  0.1392  0.1840  0.1392  0.1274  0.1226  0.1840  0.2052  0.1816  0.1934  0.1816  0.1816  0.1226  0.1486  0.1816
B0BZL2           0.3278  0.3608  0.3514  0.3396  0.3066  0.3349  0.3373  0.3467  0.3208  0.3349  0.3184  0.3420  0.3585  0.1250  0.1509  0.1486  0.1439  0.1934  0.1580  0.1486  0.2146  0.1486  0.1439  0.1321  0.2146  0.2146  0.2123  0.1958  0.2075  0.2075  0.1462  0.1509  0.2075  0.1203
Q46J57           0.3325  0.3514  0.3491  0.3255  0.3113  0.3443  0.3443  0.3325  0.3420  0.3443  0.3231  0.3467  0.3726  0.1934  0.1627  0.1604  0.1958  0.2406  0.1934  0.2028  0.0802  0.2028  0.1981  0.2052  0.0849  0.0613  0.0802  0.2453  0.0896  0.0896  0.2193  0.2075  0.0896  0.2052  0.2241
A3YVM1           0.3325  0.3632  0.3585  0.3396  0.3113  0.3420  0.3585  0.3467  0.3491  0.3514  0.3349  0.3561  0.3726  0.2005  0.1486  0.1462  0.2005  0.2476  0.1958  0.2052  0.1274  0.2052  0.2052  0.2099  0.1297  0.1274  0.1250  0.2453  0.1250  0.1250  0.2028  0.2028  0.1250  0.1934  0.2028  0.1274
Q05YF2           0.3467  0.3561  0.3585  0.3396  0.3231  0.3585  0.3585  0.3514  0.3538  0.3585  0.3443  0.3632  0.3679  0.1863  0.1321  0.1297  0.1863  0.2358  0.1863  0.1910  0.1179  0.1910  0.1816  0.1792  0.1179  0.0943  0.1156  0.2382  0.1156  0.1156  0.1910  0.1887  0.1156  0.1958  0.1792  0.1085  0.0943
B8HPK1           0.3278  0.3396  0.3396  0.3208  0.3019  0.3160  0.3184  0.3396  0.3184  0.3137  0.3160  0.3208  0.3538  0.0849  0.1557  0.1533  0.1462  0.1887  0.1651  0.1557  0.2170  0.1557  0.1604  0.1675  0.2170  0.2170  0.2193  0.1863  0.2146  0.2146  0.1580  0.1604  0.2146  0.1533  0.1061  0.2123  0.2052  0.1863
C7QY10           0.3302  0.3467  0.3514  0.3231  0.3160  0.3349  0.3373  0.3420  0.3231  0.3325  0.3208  0.3373  0.3608  0.1580  0.1580  0.1557  0.1321  0.2170  0.1344  0.1462  0.1981  0.1462  0.0519  0.0637  0.2005  0.2052  0.2005  0.2170  0.1958  0.1958  0.0849  0.1462  0.1958  0.1179  0.1368  0.2075  0.2099  0.1769  0.1533
B7K5I8           0.3302  0.3467  0.3514  0.3231  0.3160  0.3349  0.3373  0.3420  0.3231  0.3325  0.3208  0.3373  0.3608  0.1580  0.1580  0.1557  0.1321  0.2170  0.1344  0.1462  0.1981  0.1462  0.0519  0.0637  0.2005  0.2052  0.2005  0.2170  0.1958  0.1958  0.0849  0.1462  0.1958  0.1179  0.1368  0.2075  0.2099  0.1769  0.1533  0.0000
A9BCD9           0.3396  0.3514  0.3467  0.3420  0.3302  0.3514  0.3491  0.3443  0.3514  0.3514  0.3396  0.3561  0.3703  0.2123  0.1722  0.1698  0.1981  0.2429  0.2005  0.2052  0.0708  0.2052  0.2075  0.2052  0.0708  0.0307  0.0708  0.2547  0.0873  0.0873  0.2217  0.2193  0.0873  0.2052  0.2170  0.0613  0.1321  0.1156  0.2170  0.2123  0.2123
A2C4J5           0.3325  0.3467  0.3467  0.3231  0.3090  0.3420  0.3467  0.3302  0.3443  0.3467  0.3255  0.3514  0.3750  0.1981  0.1651  0.1627  0.2005  0.2453  0.1981  0.2028  0.0755  0.2028  0.2028  0.2099  0.0825  0.0613  0.0778  0.2453  0.0849  0.0849  0.2193  0.2052  0.0849  0.2052  0.2241  0.0094  0.1226  0.1038  0.2123  0.2075  0.2075  0.0613
A3IIS2           0.3396  0.3561  0.3538  0.3325  0.3137  0.3443  0.3467  0.3514  0.3302  0.3443  0.3278  0.3491  0.3656  0.1604  0.1604  0.1580  0.1250  0.2146  0.1344  0.1439  0.2028  0.1439  0.0354  0.0165  0.2052  0.1958  0.2028  0.2193  0.2005  0.2005  0.0896  0.1533  0.2005  0.1226  0.1344  0.2052  0.2123  0.1792  0.1651  0.0542  0.0542  0.2052  0.2099
Q7V5S7           0.3396  0.3608  0.3467  0.3349  0.3231  0.3491  0.3585  0.3396  0.3491  0.3561  0.3349  0.3608  0.3774  0.2005  0.1439  0.1415  0.1840  0.2406  0.1816  0.1887  0.1132  0.1887  0.1934  0.1910  0.1132  0.0825  0.1085  0.2476  0.1085  0.1085  0.2028  0.1887  0.1085  0.1958  0.1958  0.0825  0.1179  0.0991  0.2075  0.1981  0.1981  0.0896  0.0825  0.1910
Q0I7R2           0.3467  0.3608  0.3585  0.3396  0.3255  0.3514  0.3585  0.3491  0.3467  0.3538  0.3420  0.3561  0.3821  0.1745  0.1297  0.1274  0.1840  0.2382  0.1792  0.1863  0.1250  0.1863  0.1816  0.1792  0.1250  0.1038  0.1203  0.2453  0.1203  0.1203  0.2005  0.1863  0.1203  0.2052  0.1840  0.1061  0.0967  0.0401  0.1910  0.1863  0.1863  0.1179  0.1085  0.1769  0.0991
B0JWV1           0.3373  0.3679  0.3585  0.3420  0.3231  0.3538  0.3538  0.3608  0.3373  0.3514  0.3467  0.3585  0.3750  0.1745  0.1462  0.1439  0.1533  0.2146  0.1557  0.1557  0.2170  0.1557  0.1085  0.0967  0.2170  0.2193  0.2146  0.2146  0.2075  0.2075  0.0896  0.1627  0.2075  0.1226  0.1486  0.2311  0.2075  0.1816  0.1769  0.0991  0.0991  0.2335  0.2311  0.0967  0.2075  0.1934
A5GV72           0.3420  0.3608  0.3561  0.3396  0.3255  0.3514  0.3632  0.3443  0.3561  0.3585  0.3325  0.3632  0.3797  0.1887  0.1439  0.1415  0.1934  0.2382  0.2005  0.1958  0.1061  0.1958  0.1910  0.1934  0.1061  0.0920  0.1014  0.2476  0.1108  0.1108  0.2052  0.2052  0.1108  0.1981  0.2028  0.0873  0.0967  0.0755  0.2028  0.2005  0.2005  0.1038  0.0849  0.1958  0.0943  0.0778  0.2028
A4CR63           0.3420  0.3632  0.3491  0.3302  0.3231  0.3467  0.3514  0.3349  0.3373  0.3491  0.3396  0.3514  0.3774  0.1792  0.1321  0.1297  0.1816  0.2288  0.1934  0.1816  0.1321  0.1816  0.1863  0.1769  0.1321  0.1108  0.1274  0.2406  0.1297  0.1297  0.1958  0.1887  0.1297  0.2075  0.1792  0.1156  0.1085  0.0590  0.1887  0.1840  0.1840  0.1179  0.1179  0.1745  0.0896  0.0425  0.1863  0.0802
A3Z971           0.3443  0.3538  0.3561  0.3373  0.3137  0.3396  0.3561  0.3467  0.3396  0.3443  0.3349  0.3467  0.3750  0.1816  0.1297  0.1274  0.1769  0.2311  0.1840  0.1840  0.1203  0.1840  0.1816  0.1769  0.1226  0.0991  0.1179  0.2335  0.1108  0.1108  0.1816  0.1816  0.1108  0.1887  0.1698  0.1061  0.0991  0.0330  0.1887  0.1745  0.1745  0.1108  0.1038  0.1745  0.0896  0.0401  0.1769  0.0802  0.0377
Q112Z6           0.3420  0.3703  0.3443  0.3325  0.3137  0.3561  0.3632  0.3443  0.3514  0.3585  0.3373  0.3608  0.3679  0.1486  0.1415  0.1392  0.1156  0.2052  0.1250  0.1203  0.2075  0.1203  0.1392  0.1297  0.2052  0.2028  0.2028  0.2005  0.2052  0.2052  0.1297  0.1226  0.2052  0.1368  0.1462  0.1958  0.2099  0.1910  0.1533  0.1439  0.1439  0.2170  0.2052  0.1250  0.1840  0.1863  0.1509  0.1887  0.1792  0.1863
Q3AZM1           0.3396  0.3679  0.3608  0.3349  0.3208  0.3561  0.3514  0.3467  0.3396  0.3491  0.3349  0.3538  0.3726  0.1934  0.1415  0.1392  0.1722  0.2406  0.1722  0.1840  0.1179  0.1840  0.1840  0.1792  0.1179  0.1085  0.1156  0.2429  0.1132  0.1132  0.1840  0.1910  0.1132  0.1934  0.1792  0.1179  0.1038  0.0613  0.1958  0.1722  0.1722  0.1274  0.1179  0.1769  0.1038  0.0637  0.1816  0.1014  0.0637  0.0613  0.1958
A5GNC8           0.3443  0.3585  0.3443  0.3302  0.3231  0.3467  0.3561  0.3349  0.3420  0.3514  0.3396  0.3538  0.3774  0.1745  0.1321  0.1297  0.1840  0.2264  0.1840  0.1863  0.1344  0.1863  0.1816  0.1769  0.1344  0.1132  0.1297  0.2382  0.1297  0.1297  0.1934  0.1792  0.1297  0.2075  0.1792  0.1085  0.1038  0.0542  0.1863  0.1792  0.1792  0.1203  0.1108  0.1745  0.0873  0.0330  0.1910  0.0802  0.0094  0.0354  0.1745  0.0684
Q3AHK5           0.3396  0.3608  0.3561  0.3325  0.3208  0.3514  0.3514  0.3420  0.3443  0.3491  0.3325  0.3538  0.3797  0.1910  0.1462  0.1439  0.1816  0.2453  0.1792  0.1863  0.1203  0.1863  0.1840  0.1816  0.1226  0.1085  0.1179  0.2476  0.1156  0.1156  0.1840  0.1887  0.1156  0.1958  0.1887  0.1132  0.1061  0.0613  0.1958  0.1816  0.1816  0.1368  0.1132  0.1816  0.1132  0.0731  0.1910  0.1014  0.0849  0.0755  0.1910  0.0401  0.0802
Q064R2           0.3420  0.3632  0.3608  0.3349  0.3208  0.3561  0.3514  0.3467  0.3396  0.3491  0.3325  0.3538  0.3774  0.1910  0.1392  0.1368  0.1745  0.2406  0.1745  0.1840  0.1179  0.1840  0.1816  0.1769  0.1179  0.1061  0.1156  0.2429  0.1132  0.1132  0.1863  0.1910  0.1132  0.1863  0.1792  0.1132  0.1108  0.0542  0.1934  0.1698  0.1698  0.1250  0.1132  0.1745  0.1014  0.0613  0.1792  0.1014  0.0613  0.0542  0.1934  0.0071  0.0660  0.0330
A0YJF0           0.3467  0.3679  0.3538  0.3373  0.3255  0.3491  0.3491  0.3608  0.3373  0.3514  0.3325  0.3514  0.3538  0.1840  0.1627  0.1604  0.1274  0.2052  0.1392  0.1486  0.2028  0.1486  0.1745  0.1580  0.2005  0.2052  0.1981  0.2099  0.2005  0.2005  0.1509  0.1580  0.2005  0.1698  0.1745  0.2146  0.2075  0.1958  0.1840  0.1698  0.1698  0.2123  0.2170  0.1604  0.1981  0.2028  0.1675  0.1981  0.1981  0.1934  0.1344  0.1887  0.2005  0.2005  0.1910
P27179           0.3514  0.3632  0.3632  0.3514  0.3278  0.3608  0.3679  0.3703  0.3561  0.3608  0.3443  0.3656  0.3797  0.1745  0.1627  0.1604  0.1533  0.2170  0.1698  0.1722  0.2099  0.1722  0.0778  0.0778  0.2123  0.2123  0.2123  0.2217  0.2075  0.2075  0.1014  0.1792  0.2075  0.1321  0.1627  0.2170  0.2123  0.1958  0.1698  0.1014  0.1014  0.2170  0.2170  0.0802  0.2075  0.2052  0.1038  0.1981  0.2052  0.2005  0.1580  0.2005  0.2028  0.2075  0.1981  0.1604
Q7U8W5           0.3420  0.3632  0.3585  0.3302  0.3208  0.3538  0.3561  0.3443  0.3443  0.3538  0.3325  0.3585  0.3726  0.1910  0.1486  0.1462  0.1816  0.2382  0.1745  0.1887  0.1156  0.1887  0.1816  0.1816  0.1179  0.1108  0.1132  0.2406  0.1108  0.1108  0.1840  0.1910  0.1108  0.1910  0.1840  0.1108  0.1085  0.0613  0.1981  0.1722  0.1722  0.1344  0.1108  0.1792  0.1132  0.0731  0.1887  0.1038  0.0755  0.0637  0.1934  0.0330  0.0708  0.0212  0.0259  0.1981  0.2052
A2C6X5           0.3420  0.3585  0.3491  0.3373  0.3278  0.3538  0.3608  0.3420  0.3538  0.3608  0.3349  0.3656  0.3774  0.2028  0.1462  0.1439  0.1863  0.2453  0.1840  0.1910  0.1061  0.1910  0.1958  0.1910  0.1061  0.0802  0.1014  0.2524  0.1108  0.1108  0.2052  0.1910  0.1108  0.1981  0.2005  0.0778  0.1179  0.0967  0.2123  0.1981  0.1981  0.0873  0.0778  0.1910  0.0071  0.0991  0.2099  0.0896  0.0896  0.0943  0.1863  0.1038  0.0873  0.1132  0.1014  0.2005  0.2075  0.1132
B5W2W9           0.3514  0.3750  0.3632  0.3325  0.3231  0.3491  0.3491  0.3585  0.3420  0.3467  0.3349  0.3514  0.3774  0.1722  0.1675  0.1651  0.1226  0.2217  0.1392  0.1392  0.1840  0.1392  0.1509  0.1415  0.1863  0.1887  0.1863  0.2170  0.1863  0.1863  0.1509  0.1368  0.1863  0.1415  0.1486  0.2052  0.2028  0.1910  0.1675  0.1415  0.1415  0.1981  0.2052  0.1392  0.1981  0.1981  0.1675  0.1934  0.1910  0.1863  0.1038  0.1769  0.1958  0.1887  0.1792  0.1250  0.1557  0.1840  0.2005
Q7NCS3           0.3538  0.3349  0.3443  0.3373  0.3066  0.3373  0.3396  0.3514  0.3278  0.3373  0.3231  0.3420  0.3679  0.1910  0.2170  0.2146  0.2123  0.2288  0.2311  0.2193  0.2476  0.2193  0.2099  0.2005  0.2476  0.2311  0.2500  0.2217  0.2429  0.2429  0.2146  0.2241  0.2429  0.2075  0.1840  0.2453  0.2382  0.2193  0.1698  0.2217  0.2217  0.2382  0.2406  0.2005  0.2311  0.2193  0.2241  0.2358  0.2170  0.2123  0.2123  0.2170  0.2193  0.2241  0.2146  0.2217  0.2170  0.2241  0.2358  0.2193
B4B4T8           0.3325  0.3679  0.3538  0.3278  0.3066  0.3396  0.3420  0.3538  0.3325  0.3396  0.3278  0.3443  0.3703  0.1675  0.1651  0.1627  0.1415  0.2052  0.1439  0.1509  0.2052  0.1509  0.0943  0.0849  0.2052  0.2099  0.2028  0.2099  0.2028  0.2028  0.0259  0.1557  0.2028  0.1297  0.1392  0.2193  0.2123  0.1887  0.1627  0.0802  0.0802  0.2170  0.2193  0.0825  0.2028  0.1981  0.0802  0.2005  0.1887  0.1816  0.1368  0.1840  0.1887  0.1792  0.1816  0.1557  0.1014  0.1792  0.2052  0.1533  0.2146
B7N2H3           0.3915  0.3797  0.3844  0.3632  0.3750  0.3703  0.3608  0.3868  0.3750  0.3703  0.3892  0.3679  0.3892  0.4104  0.3892  0.3892  0.3703  0.3915  0.3797  0.3797  0.3939  0.3797  0.4033  0.4009  0.3939  0.3962  0.3939  0.3844  0.3986  0.3986  0.3962  0.3844  0.3986  0.3962  0.3939  0.3939  0.3892  0.3939  0.3892  0.3986  0.3986  0.3892  0.3962  0.4009  0.3915  0.3986  0.4033  0.4033  0.3915  0.3915  0.3797  0.3915  0.3939  0.3939  0.3915  0.3750  0.4033  0.3986  0.3939  0.3632  0.3868  0.4009
P0ABB0           0.3915  0.3797  0.3844  0.3632  0.3750  0.3703  0.3608  0.3868  0.3750  0.3703  0.3892  0.3679  0.3892  0.4104  0.3892  0.3892  0.3703  0.3915  0.3797  0.3797  0.3939  0.3797  0.4033  0.4009  0.3939  0.3962  0.3939  0.3844  0.3986  0.3986  0.3962  0.3844  0.3986  0.3962  0.3939  0.3939  0.3892  0.3939  0.3892  0.3986  0.3986  0.3892  0.3962  0.4009  0.3915  0.3986  0.4033  0.4033  0.3915  0.3915  0.3797  0.3915  0.3939  0.3939  0.3915  0.3750  0.4033  0.3986  0.3939  0.3632  0.3868  0.4009  0.0000
B7LK79           0.3915  0.3797  0.3844  0.3632  0.3750  0.3703  0.3608  0.3868  0.3750  0.3703  0.3892  0.3679  0.3892  0.4104  0.3892  0.3892  0.3703  0.3915  0.3797  0.3797  0.3939  0.3797  0.4033  0.4009  0.3939  0.3962  0.3939  0.3844  0.3986  0.3986  0.3962  0.3844  0.3986  0.3962  0.3939  0.3939  0.3892  0.3939  0.3892  0.3986  0.3986  0.3892  0.3962  0.4009  0.3915  0.3986  0.4033  0.4033  0.3915  0.3915  0.3797  0.3915  0.3939  0.3939  0.3915  0.3750  0.4033  0.3986  0.3939  0.3632  0.3868  0.4009  0.0000  0.0000


TREE #  1:  (65, (63, 64), ((11, (5, ((4, (9, (7, (6, (10, 12))))), (8, ((13, 3), (1, 2)))))), (61, ((18, 28), ((35, (39, 14)), (((34, ((47, (31, 62)), (57, ((40, 41), (23, (24, 44)))))), (((32, (20, 22)), (19, 17)), (51, (56, 60)))), ((15, 16), ((37, (48, ((45, 59), ((36, 43), (((25, 27), (21, (33, (30, 29)))), (26, 42)))))), (((54, 58), (52, 55)), (38, (50, (46, (49, 53)))))))))))));   MP score: 1516
lnL(ntime:127  np:128):  -9273.425996      +0.000000
  66..65   66..67   67..63   67..64   66..68   68..69   69..11   69..70   70..5    70..71   71..72   72..4    72..73   73..9    73..74   74..7    74..75   75..6    75..76   76..10   76..12   71..77   77..8    77..78   78..79   79..13   79..3    78..80   80..1    80..2    68..81   81..61   81..82   82..83   83..18   83..28   82..84   84..85   85..35   85..86   86..39   86..14   84..87   87..88   88..89   89..34   89..90   90..91   91..47   91..92   92..31   92..62   90..93   93..57   93..94   94..95   95..40   95..41   94..96   96..23   96..97   97..24   97..44   88..98   98..99   99..100 100..32  100..101 101..20  101..22   99..102 102..19  102..17   98..103 103..51  103..104 104..56  104..60   87..105 105..106 106..15  106..16  105..107 107..108 108..37  108..109 109..48  109..110 110..111 111..45  111..59  110..112 112..113 113..36  113..43  112..114 114..115 115..116 116..25  116..27  115..117 117..21  117..118 118..33  118..119 119..30  119..29  114..120 120..26  120..42  107..121 121..122 122..123 123..54  123..58  122..124 124..52  124..55  121..125 125..38  125..126 126..50  126..127 127..46  127..128 128..49  128..53 
 0.000004 0.000004 0.000004 0.000004 0.742180 0.222959 0.165403 0.035619 0.081576 0.029927 0.018768 0.091420 0.060343 0.038943 0.025525 0.018893 0.020366 0.022543 0.000004 0.000004 0.009647 0.032076 0.206818 0.024845 0.057762 0.239255 0.069604 0.028260 0.154880 0.153971 0.249277 0.187088 0.056457 0.184546 0.030384 0.024820 0.053451 0.026502 0.061050 0.056897 0.048853 0.078732 0.034970 0.026371 0.026031 0.083015 0.058579 0.013222 0.070672 0.045667 0.020112 0.015277 0.029499 0.078198 0.025036 0.052073 0.000004 0.000004 0.009623 0.018338 0.017988 0.007700 0.014124 0.036515 0.067296 0.008700 0.041157 0.021784 0.000004 0.000004 0.006593 0.033643 0.017369 0.037042 0.063971 0.045798 0.126432 0.083531 0.098225 0.047429 0.003158 0.000004 0.121196 0.006566 0.093988 0.021041 0.056595 0.038276 0.056891 0.007332 0.002050 0.029543 0.025267 0.007448 0.004916 0.017982 0.066456 0.008106 0.006192 0.000004 0.004143 0.000335 0.025126 0.000004 0.000004 0.000004 0.000004 0.023193 0.021228 0.021933 0.022038 0.041721 0.015628 0.019467 0.008777 0.011170 0.009218 0.000004 0.011584 0.020099 0.006928 0.018817 0.019411 0.017099 0.027927 0.012743 0.000004 0.499456

tree length =   5.92328

(65: 0.000004, (63: 0.000004, 64: 0.000004): 0.000004, ((11: 0.165403, (5: 0.081576, ((4: 0.091420, (9: 0.038943, (7: 0.018893, (6: 0.022543, (10: 0.000004, 12: 0.009647): 0.000004): 0.020366): 0.025525): 0.060343): 0.018768, (8: 0.206818, ((13: 0.239255, 3: 0.069604): 0.057762, (1: 0.154880, 2: 0.153971): 0.028260): 0.024845): 0.032076): 0.029927): 0.035619): 0.222959, (61: 0.187088, ((18: 0.030384, 28: 0.024820): 0.184546, ((35: 0.061050, (39: 0.048853, 14: 0.078732): 0.056897): 0.026502, (((34: 0.083015, ((47: 0.070672, (31: 0.020112, 62: 0.015277): 0.045667): 0.013222, (57: 0.078198, ((40: 0.000004, 41: 0.000004): 0.052073, (23: 0.018338, (24: 0.007700, 44: 0.014124): 0.017988): 0.009623): 0.025036): 0.029499): 0.058579): 0.026031, (((32: 0.041157, (20: 0.000004, 22: 0.000004): 0.021784): 0.008700, (19: 0.033643, 17: 0.017369): 0.006593): 0.067296, (51: 0.063971, (56: 0.126432, 60: 0.083531): 0.045798): 0.037042): 0.036515): 0.026371, ((15: 0.003158, 16: 0.000004): 0.047429, ((37: 0.093988, (48: 0.056595, ((45: 0.007332, 59: 0.002050): 0.056891, ((36: 0.007448, 43: 0.004916): 0.025267, (((25: 0.006192, 27: 0.000004): 0.008106, (21: 0.000335, (33: 0.000004, (30: 0.000004, 29: 0.000004): 0.000004): 0.025126): 0.004143): 0.066456, (26: 0.021228, 42: 0.021933): 0.023193): 0.017982): 0.029543): 0.038276): 0.021041): 0.006566, (((54: 0.019467, 58: 0.008777): 0.015628, (52: 0.009218, 55: 0.000004): 0.011170): 0.041721, (38: 0.020099, (50: 0.018817, (46: 0.017099, (49: 0.012743, 53: 0.000004): 0.027927): 0.019411): 0.006928): 0.011584): 0.022038): 0.121196): 0.098225): 0.034970): 0.053451): 0.056457): 0.249277): 0.742180);

(B7LK79: 0.000004, (B7N2H3: 0.000004, P0ABB0: 0.000004): 0.000004, ((B9L7Y5: 0.165403, (A6Q4C2: 0.081576, ((D1AZT3: 0.091420, (B9KES1: 0.038943, (Q4HQX4: 0.018893, (Q4HE28: 0.022543, (A8FJR0: 0.000004, A7H1H9: 0.009647): 0.000004): 0.020366): 0.025525): 0.060343): 0.018768, (A6QB61: 0.206818, ((P55987: 0.239255, Q7MA20: 0.069604): 0.057762, (A8EV72: 0.154880, Q30QP9: 0.153971): 0.028260): 0.024845): 0.032076): 0.029927): 0.035619): 0.222959, (Q7NCS3: 0.187088, ((Q2JIG0: 0.030384, Q2JSW1: 0.024820): 0.184546, ((B0BZL2: 0.061050, (B8HPK1: 0.048853, Q8DLP3: 0.078732): 0.056897): 0.026502, (((B1XHY8: 0.083015, ((B0JWV1: 0.070672, (B7KKR4: 0.020112, B4B4T8: 0.015277): 0.045667): 0.013222, (P27179: 0.078198, ((C7QY10: 0.000004, B7K5I8: 0.000004): 0.052073, (Q4C9T0: 0.018338, (B1WUI2: 0.007700, A3IIS2: 0.014124): 0.017988): 0.009623): 0.025036): 0.029499): 0.058579): 0.026031, (((B9YGZ0: 0.041157, (P12405: 0.000004, Q3M9W0: 0.000004): 0.021784): 0.008700, (A0ZEZ5: 0.033643, B2J058: 0.017369): 0.006593): 0.067296, (Q112Z6: 0.063971, (A0YJF0: 0.126432, B5W2W9: 0.083531): 0.045798): 0.037042): 0.036515): 0.026371, ((Q31RF1: 0.003158, P08449: 0.000004): 0.047429, ((A3YVM1: 0.093988, (A5GV72: 0.056595, ((Q7V5S7: 0.007332, A2C6X5: 0.002050): 0.056891, ((Q46J57: 0.007448, A2C4J5: 0.004916): 0.025267, (((Q7V037: 0.006192, A2BYH6: 0.000004): 0.008106, (Q318U1: 0.000335, (A8G6V1: 0.000004, (A3PET9: 0.000004, A2BT25: 0.000004): 0.000004): 0.025126): 0.004143): 0.066456, (Q7VA63: 0.021228, A9BCD9: 0.021933): 0.023193): 0.017982): 0.029543): 0.038276): 0.021041): 0.006566, (((Q3AHK5: 0.019467, Q7U8W5: 0.008777): 0.015628, (Q3AZM1: 0.009218, Q064R2: 0.000004): 0.011170): 0.041721, (Q05YF2: 0.020099, (A3Z971: 0.018817, (Q0I7R2: 0.017099, (A4CR63: 0.012743, A5GNC8: 0.000004): 0.027927): 0.019411): 0.006928): 0.011584): 0.022038): 0.121196): 0.098225): 0.034970): 0.053451): 0.056457): 0.249277): 0.742180);

Detailed output identifying parameters

alpha (gamma, K = 4) =  0.49946
rate:   0.03329  0.25156  0.81987  2.89528
freq:   0.25000  0.25000  0.25000  0.25000

Time used: 22:54
