AAML (in paml version 4.6, August 2012)  274.aa
Model: Empirical for branches,  (../../../bin/LG.dat) dGamma (ncatG=5) ns =  65  ls = 195


Frequencies..
                                    A      R      N      D      C      Q      E      G      H      I      L      K      M      F      P      S      T      W      Y      V
A8ETG0                         0.05128 0.02564 0.05641 0.04615 0.01538 0.02051 0.08718 0.04615 0.04103 0.09744 0.09744 0.10256 0.02564 0.04615 0.05128 0.04103 0.03077 0.00000 0.06667 0.05128
A6Q9M5                         0.07179 0.05128 0.03077 0.05128 0.02051 0.03077 0.09231 0.05641 0.03077 0.05641 0.11282 0.08718 0.01026 0.04103 0.05641 0.03590 0.04103 0.00000 0.06667 0.05641
D1B079                         0.08205 0.04615 0.03590 0.04103 0.01538 0.02564 0.09744 0.04615 0.06154 0.03590 0.13846 0.08718 0.01538 0.04615 0.04615 0.01026 0.04103 0.00000 0.04615 0.08205
Q30RM0                         0.06154 0.03077 0.03590 0.05641 0.01538 0.02564 0.09231 0.04615 0.04103 0.08205 0.12308 0.11795 0.01026 0.05128 0.04103 0.04103 0.03077 0.00000 0.04103 0.05641
A8FL65                         0.05128 0.03590 0.05641 0.04103 0.02564 0.02051 0.09744 0.05128 0.03590 0.07179 0.12821 0.09744 0.00513 0.07692 0.04103 0.02051 0.03077 0.00000 0.05641 0.05641
A7H4G8                         0.06154 0.03077 0.06154 0.03077 0.03077 0.02051 0.10769 0.04615 0.03590 0.07692 0.12821 0.10256 0.00513 0.07692 0.04103 0.02051 0.02564 0.00000 0.05128 0.04615
B9KFZ7                         0.05128 0.02564 0.06154 0.07179 0.02051 0.03077 0.06667 0.05128 0.03590 0.06667 0.12821 0.09744 0.00513 0.06667 0.04103 0.02051 0.03590 0.00000 0.04103 0.08205
A6Q327                         0.07179 0.04615 0.04103 0.04615 0.01538 0.04103 0.09744 0.04615 0.03077 0.08718 0.10256 0.08205 0.00000 0.04103 0.06154 0.02564 0.03590 0.00000 0.06667 0.06154
B9LAD7                         0.05641 0.04103 0.05641 0.05641 0.01538 0.02051 0.09744 0.04103 0.04103 0.09231 0.07179 0.10769 0.01538 0.04615 0.05128 0.00513 0.04103 0.01026 0.05641 0.07692
Q7MQR3                         0.09231 0.06154 0.02564 0.03590 0.02051 0.03590 0.08718 0.05641 0.04615 0.04615 0.13846 0.07692 0.01026 0.03590 0.05128 0.03590 0.02051 0.00513 0.05128 0.06667
Q4HRP7                         0.07692 0.03077 0.04103 0.05128 0.02564 0.01538 0.08718 0.05128 0.03590 0.05641 0.15897 0.10769 0.00513 0.06154 0.04103 0.03077 0.03077 0.00000 0.05128 0.04103
Q4HHW9                         0.06154 0.05641 0.05128 0.05128 0.02051 0.03077 0.09744 0.05128 0.03077 0.04615 0.14872 0.07179 0.00513 0.07179 0.04615 0.03077 0.02564 0.00000 0.04615 0.05641
O26093                         0.05641 0.03590 0.04615 0.03590 0.01538 0.03077 0.08205 0.05641 0.03590 0.09231 0.10769 0.07692 0.01026 0.07692 0.05128 0.07179 0.04103 0.00000 0.04103 0.03590
B5VU92                         0.08718 0.07179 0.02051 0.04615 0.02051 0.05128 0.10256 0.05128 0.01538 0.05128 0.09231 0.05128 0.01538 0.05128 0.04103 0.06667 0.05641 0.01538 0.01538 0.07692
Q110H0                         0.09231 0.03590 0.03590 0.05641 0.02051 0.05128 0.06667 0.05641 0.02051 0.07692 0.08205 0.07692 0.01538 0.05641 0.05128 0.04103 0.05641 0.01538 0.03077 0.06154
P73335                         0.12821 0.06667 0.02051 0.07179 0.01538 0.06154 0.06154 0.04615 0.03077 0.04615 0.09231 0.03590 0.02051 0.07179 0.05641 0.01538 0.05641 0.01538 0.01026 0.07692
C7QUR7                         0.09744 0.04615 0.02564 0.04103 0.02051 0.07692 0.07692 0.04615 0.03077 0.06154 0.11282 0.04615 0.01026 0.05128 0.04103 0.05128 0.05641 0.02564 0.02051 0.06154
B7JWV0                         0.09744 0.04615 0.02564 0.04103 0.02051 0.07692 0.07692 0.04615 0.03077 0.06154 0.11282 0.04615 0.01026 0.05128 0.04103 0.05128 0.05641 0.02564 0.02051 0.06154
B7KG03                         0.09744 0.04615 0.03077 0.04103 0.02564 0.06154 0.09744 0.04103 0.02564 0.06667 0.11282 0.05641 0.00513 0.04615 0.05128 0.04103 0.04615 0.02564 0.01538 0.06667
Q8DJN5                         0.12821 0.05641 0.01538 0.03590 0.02564 0.07692 0.07692 0.04615 0.02564 0.03077 0.11282 0.03590 0.01538 0.06154 0.05641 0.04103 0.05641 0.02051 0.01538 0.06667
B8HTW1                         0.09744 0.08205 0.02051 0.04615 0.02051 0.06154 0.06154 0.06667 0.02051 0.03077 0.11795 0.03077 0.01538 0.05641 0.05641 0.04103 0.05128 0.01538 0.03077 0.07692
B4B2W0                         0.10256 0.04615 0.03590 0.03590 0.02051 0.06154 0.08718 0.04103 0.02051 0.07179 0.10769 0.05641 0.00513 0.04615 0.05128 0.05641 0.03590 0.02051 0.02051 0.07692
B7LT38                         0.07692 0.07692 0.03590 0.07179 0.01538 0.04103 0.08718 0.06154 0.03077 0.03590 0.10769 0.02564 0.01026 0.04103 0.04615 0.03077 0.05641 0.00000 0.04103 0.10769
Q4C3Y0                         0.09231 0.04103 0.03077 0.05641 0.02051 0.06154 0.07692 0.04615 0.03590 0.04615 0.11282 0.08205 0.01026 0.05641 0.04103 0.04103 0.04103 0.01538 0.01538 0.07692
Q2JR81                         0.12821 0.08205 0.01538 0.03590 0.02051 0.07692 0.08718 0.03590 0.02564 0.04615 0.11282 0.02051 0.00513 0.05128 0.05641 0.05128 0.05128 0.01026 0.01538 0.07179
B7MTN0                         0.08718 0.07692 0.03590 0.07179 0.01538 0.03590 0.08718 0.06154 0.03590 0.03590 0.10769 0.02564 0.01026 0.04103 0.04615 0.02564 0.05128 0.00000 0.04103 0.10769
P0AFQ7                         0.08718 0.07692 0.03590 0.07179 0.01538 0.03590 0.08718 0.06154 0.03590 0.03590 0.10769 0.02564 0.01026 0.04103 0.04615 0.02564 0.05128 0.00000 0.04103 0.10769
Q7NI17                         0.12308 0.09744 0.01538 0.06154 0.01538 0.03077 0.08718 0.04615 0.02051 0.04103 0.09744 0.03590 0.02051 0.05128 0.06154 0.02564 0.04103 0.01538 0.01538 0.09744
A3IJJ4                         0.09231 0.04615 0.04103 0.05128 0.02051 0.07692 0.06667 0.04103 0.03590 0.06154 0.11282 0.06667 0.01026 0.05128 0.04103 0.04103 0.04615 0.01538 0.01538 0.06667
B0JGK5                         0.08718 0.06667 0.02564 0.05641 0.02051 0.07179 0.07692 0.04103 0.03077 0.06667 0.07179 0.04103 0.01538 0.06667 0.05128 0.05128 0.05128 0.02051 0.01538 0.07179
Q2JIZ6                         0.13846 0.06154 0.02051 0.02564 0.02051 0.06154 0.09231 0.04103 0.02051 0.05641 0.09744 0.03590 0.00513 0.04615 0.05641 0.05641 0.04615 0.01538 0.02564 0.07692
B0C2C9                         0.09231 0.05641 0.02564 0.04103 0.03077 0.07692 0.06667 0.04103 0.03077 0.03077 0.09231 0.03077 0.02051 0.05641 0.04103 0.05128 0.07179 0.01538 0.02051 0.10769
B1XHW5                         0.10769 0.07692 0.01538 0.06154 0.01538 0.04615 0.09231 0.03590 0.03077 0.03077 0.13333 0.04615 0.01026 0.06667 0.04615 0.04103 0.04615 0.01538 0.00513 0.07692
B1WZT8                         0.09744 0.04103 0.04103 0.06667 0.02051 0.07692 0.05128 0.04103 0.03590 0.05641 0.10769 0.06667 0.01026 0.05641 0.04615 0.03590 0.04615 0.01538 0.01538 0.07179
Q3M5D1                         0.12308 0.05128 0.01538 0.05128 0.02051 0.06667 0.06667 0.05128 0.02564 0.07179 0.09231 0.05128 0.01538 0.05128 0.03590 0.06154 0.05128 0.02051 0.01538 0.06154
B2J197                         0.11282 0.04615 0.03077 0.04103 0.02051 0.04615 0.07692 0.04615 0.03077 0.06154 0.09231 0.05128 0.01026 0.05128 0.03590 0.06667 0.05128 0.02051 0.02564 0.08205
Q8YWL2                         0.11795 0.05128 0.01538 0.05128 0.02051 0.06667 0.06667 0.05128 0.02564 0.05641 0.09231 0.04615 0.01538 0.05128 0.03590 0.07179 0.04615 0.02051 0.01538 0.08205
A2BT62                         0.07692 0.03077 0.04615 0.04615 0.02564 0.03077 0.11282 0.03590 0.03590 0.07692 0.10256 0.07692 0.02051 0.05641 0.05128 0.05128 0.03590 0.01026 0.02564 0.05128
B9YNQ3                         0.11282 0.04615 0.03077 0.03590 0.02051 0.06667 0.06154 0.05641 0.02564 0.06154 0.08718 0.05128 0.01538 0.05641 0.04103 0.05641 0.05128 0.02051 0.03590 0.06667
A8G6Y7                         0.08205 0.03590 0.04103 0.05128 0.02564 0.03077 0.10769 0.03590 0.03077 0.08205 0.09744 0.07692 0.02051 0.05128 0.05128 0.05128 0.03077 0.01026 0.03590 0.05128
A0ZH95                         0.11795 0.05128 0.02564 0.03590 0.02564 0.04615 0.08718 0.04615 0.03077 0.05128 0.09231 0.04615 0.02051 0.04615 0.05128 0.05641 0.05128 0.02051 0.02564 0.07179
Q063W1                         0.11282 0.09231 0.01538 0.07692 0.03077 0.02051 0.07179 0.04615 0.03077 0.01538 0.11795 0.02051 0.02051 0.05128 0.07179 0.03077 0.04615 0.01026 0.01026 0.10769
A9BCH7                         0.09231 0.06154 0.02564 0.07692 0.02564 0.03590 0.06154 0.04103 0.02564 0.05128 0.12821 0.05641 0.02051 0.06154 0.06154 0.05128 0.03077 0.01538 0.00513 0.07179
A3PEX5                         0.07692 0.03590 0.04615 0.05128 0.02564 0.02564 0.10769 0.03590 0.03590 0.07692 0.10256 0.07692 0.02051 0.05641 0.05128 0.05128 0.03590 0.01026 0.02564 0.05128
Q46J21                         0.07692 0.04103 0.03590 0.05128 0.02051 0.03077 0.08718 0.04615 0.04103 0.04615 0.10769 0.07692 0.02564 0.06667 0.05128 0.07692 0.01538 0.01026 0.01026 0.08205
A2C4N3                         0.07692 0.04103 0.03590 0.05128 0.02051 0.03077 0.08718 0.04615 0.04103 0.04615 0.10769 0.07692 0.02564 0.06667 0.05128 0.07692 0.01538 0.01026 0.01026 0.08205
Q7V005                         0.08718 0.05128 0.02564 0.07692 0.04103 0.02051 0.07692 0.03590 0.03077 0.07692 0.09231 0.06154 0.02051 0.05128 0.05128 0.08205 0.02051 0.01026 0.03077 0.05641
Q31N18                         0.13333 0.09231 0.01026 0.05641 0.01538 0.03077 0.08205 0.04615 0.02564 0.04103 0.10769 0.02051 0.01538 0.05641 0.04615 0.05641 0.05641 0.01538 0.01026 0.08205
A5GNH4                         0.11282 0.08718 0.01538 0.06154 0.02564 0.03077 0.09231 0.04615 0.03077 0.02051 0.11795 0.02051 0.02564 0.05128 0.06667 0.04615 0.04103 0.01026 0.01026 0.08718
A0YLV0                         0.08205 0.05128 0.03077 0.06154 0.02051 0.07692 0.06154 0.04615 0.02564 0.05128 0.11795 0.04103 0.01538 0.05641 0.04615 0.03590 0.06154 0.01026 0.03077 0.07692
Q3AHX4                         0.09744 0.10256 0.01538 0.07692 0.03077 0.02051 0.08205 0.05641 0.03077 0.02051 0.11795 0.01538 0.02051 0.05128 0.06667 0.03590 0.04103 0.01026 0.01026 0.09744
A2C6S7                         0.10256 0.09744 0.02051 0.06667 0.03077 0.03077 0.07692 0.04615 0.02564 0.02564 0.13846 0.01026 0.01538 0.03590 0.07179 0.05128 0.04103 0.01026 0.02051 0.08205
Q3AZA5                         0.10769 0.09231 0.01538 0.07692 0.03077 0.02564 0.06667 0.04615 0.03077 0.01538 0.11795 0.02051 0.02051 0.05128 0.06667 0.03590 0.05128 0.01026 0.01026 0.10769
Q318Q6                         0.07692 0.04103 0.05641 0.04615 0.02564 0.03077 0.10769 0.03590 0.02564 0.08205 0.10256 0.06667 0.02051 0.06154 0.05128 0.04615 0.03590 0.01026 0.02564 0.05128
Q7V5P0                         0.10256 0.09744 0.02051 0.06667 0.03077 0.03077 0.07692 0.04615 0.02564 0.02564 0.13333 0.01026 0.01538 0.04103 0.07179 0.05128 0.04103 0.01026 0.02051 0.08205
A4CR13                         0.12308 0.09231 0.01538 0.06667 0.03077 0.03077 0.08718 0.04103 0.03077 0.02051 0.11282 0.02051 0.02051 0.05641 0.06667 0.03077 0.04103 0.01026 0.00513 0.09744
Q5MZ24                         0.13333 0.09231 0.01026 0.05641 0.01538 0.03077 0.08205 0.04615 0.02564 0.04103 0.10769 0.02051 0.01538 0.05128 0.04615 0.06154 0.05641 0.01538 0.01026 0.08205
A5GVF4                         0.12308 0.08205 0.01026 0.04615 0.02051 0.05128 0.08205 0.06154 0.03590 0.02564 0.12308 0.02051 0.02564 0.03590 0.05641 0.04615 0.04103 0.01026 0.02051 0.08205
Q05WE6                         0.12308 0.08718 0.01538 0.08205 0.02564 0.02564 0.07179 0.05128 0.02564 0.03077 0.11282 0.02564 0.02051 0.04615 0.06154 0.04103 0.04615 0.01026 0.01538 0.08205
Q7VA28                         0.08718 0.06667 0.01026 0.06154 0.02051 0.02051 0.07692 0.05641 0.03077 0.03590 0.12821 0.05641 0.01538 0.06667 0.05641 0.06154 0.03590 0.01026 0.01538 0.08718
Q0I7L5                         0.12821 0.08205 0.01026 0.08205 0.02564 0.02564 0.06667 0.04615 0.02564 0.02051 0.10769 0.03077 0.02051 0.05641 0.06154 0.04615 0.04103 0.01026 0.01026 0.10256
A3Z9C6                         0.11795 0.10769 0.02051 0.05128 0.03077 0.02564 0.10256 0.05128 0.02564 0.02564 0.12308 0.01026 0.01538 0.05128 0.06154 0.03590 0.04103 0.01026 0.01026 0.08205
A2BYL2                         0.08205 0.05128 0.04103 0.04615 0.03077 0.02051 0.08718 0.03590 0.03077 0.07692 0.10256 0.08205 0.02051 0.05128 0.05128 0.06667 0.02051 0.01026 0.04103 0.05128
A3YVR4                         0.12308 0.08205 0.01026 0.07179 0.02564 0.04615 0.07179 0.05641 0.02564 0.02051 0.13846 0.01026 0.01538 0.04103 0.06667 0.04103 0.03590 0.01026 0.02051 0.08718
Q7U8K5                         0.09744 0.10769 0.02051 0.08205 0.02564 0.02051 0.07179 0.05641 0.02564 0.02051 0.12308 0.02051 0.02051 0.04615 0.06667 0.03590 0.04103 0.01026 0.01026 0.09744

Homogeneity statistic: X2 = 6.61678 G = 6.81172 

Average                        0.09546 0.06099 0.02935 0.05475 0.02249 0.04174 0.08268 0.04750 0.03085 0.05112 0.11132 0.05270 0.01483 0.05357 0.05183 0.04434 0.04237 0.01105 0.02611 0.07495

# constant sites:     30 (15.38%)
ln Lmax (unconstrained) = -999.140637

AA distances (raw proportions of different sites)

A8ETG0         
A6Q9M5           0.3231
D1B079           0.3744  0.3949
Q30RM0           0.3538  0.3641  0.3846
A8FL65           0.3590  0.4359  0.3949  0.4103
A7H4G8           0.3641  0.4462  0.3692  0.4154  0.0410
B9KFZ7           0.3641  0.4103  0.3846  0.3744  0.3487  0.3590
A6Q327           0.4000  0.4256  0.4410  0.3949  0.4051  0.4205  0.4359
B9LAD7           0.3949  0.4051  0.4718  0.4051  0.4667  0.4769  0.4410  0.3744
Q7MQR3           0.3949  0.3846  0.3692  0.4205  0.4667  0.4564  0.4256  0.4410  0.4615
Q4HRP7           0.3795  0.4256  0.3744  0.4410  0.2718  0.2769  0.3128  0.4513  0.4667  0.4359
Q4HHW9           0.4154  0.4410  0.3795  0.4410  0.1846  0.1897  0.3692  0.4256  0.4821  0.4667  0.2410
O26093           0.3949  0.4256  0.4615  0.4462  0.4718  0.4769  0.4462  0.3846  0.4615  0.4308  0.4667  0.4718
B5VU92           0.5897  0.5846  0.6256  0.6103  0.5897  0.6000  0.6410  0.6000  0.6000  0.6205  0.6103  0.6000  0.6154
Q110H0           0.5897  0.5897  0.6205  0.6051  0.6103  0.6205  0.6308  0.6103  0.6051  0.6051  0.6359  0.6205  0.6256  0.2667
P73335           0.6256  0.6154  0.6154  0.6462  0.6256  0.6359  0.6564  0.6256  0.6205  0.6308  0.6564  0.6154  0.6462  0.3077  0.3231
C7QUR7           0.6103  0.6103  0.6462  0.6513  0.6205  0.6308  0.6564  0.6154  0.6359  0.6051  0.6410  0.6154  0.6410  0.2718  0.2974  0.2769
B7JWV0           0.6103  0.6103  0.6462  0.6513  0.6205  0.6308  0.6564  0.6154  0.6359  0.6051  0.6410  0.6154  0.6410  0.2718  0.2974  0.2769  0.0000
B7KG03           0.5897  0.6103  0.6513  0.6462  0.6308  0.6410  0.6667  0.6154  0.6154  0.6308  0.6615  0.6718  0.6308  0.3026  0.3179  0.3231  0.2769  0.2769
Q8DJN5           0.6103  0.6205  0.6308  0.6462  0.6154  0.6256  0.6718  0.6051  0.6154  0.6256  0.6564  0.6256  0.6462  0.3436  0.3641  0.3385  0.3538  0.3538  0.3436
B8HTW1           0.6051  0.6103  0.6256  0.6359  0.6256  0.6410  0.6513  0.5897  0.6000  0.6205  0.6513  0.6308  0.6410  0.3333  0.3231  0.3179  0.3333  0.3333  0.3487  0.2974
B4B2W0           0.6051  0.6000  0.6462  0.6462  0.6154  0.6256  0.6462  0.5949  0.6103  0.6256  0.6462  0.6256  0.6103  0.2667  0.3077  0.2872  0.2359  0.2359  0.1692  0.3385  0.3333
B7LT38           0.6205  0.5487  0.5744  0.6051  0.5949  0.5949  0.5641  0.5795  0.6154  0.5897  0.5744  0.5795  0.6205  0.5282  0.5641  0.5282  0.5333  0.5333  0.5641  0.5744  0.5385  0.5385
Q4C3Y0           0.6205  0.6103  0.6154  0.6308  0.6256  0.6410  0.6359  0.6205  0.6103  0.6256  0.6462  0.6308  0.6359  0.3231  0.3128  0.2667  0.2205  0.2205  0.2821  0.3846  0.3282  0.2821  0.5385
Q2JR81           0.6410  0.6205  0.6615  0.6410  0.6205  0.6256  0.6359  0.6000  0.6513  0.6308  0.6256  0.6103  0.6769  0.4564  0.4308  0.4410  0.4667  0.4667  0.4308  0.4103  0.4718  0.4513  0.5487  0.4769
B7MTN0           0.6256  0.5487  0.5744  0.6103  0.6000  0.6000  0.5692  0.5795  0.6154  0.5949  0.5846  0.5846  0.6154  0.5282  0.5641  0.5231  0.5385  0.5385  0.5692  0.5744  0.5436  0.5436  0.0256  0.5333  0.5487
P0AFQ7           0.6256  0.5487  0.5744  0.6103  0.6000  0.6000  0.5692  0.5795  0.6154  0.5949  0.5846  0.5846  0.6154  0.5282  0.5641  0.5231  0.5385  0.5385  0.5692  0.5744  0.5436  0.5436  0.0256  0.5333  0.5487  0.0000
Q7NI17           0.6205  0.6000  0.6256  0.6410  0.6308  0.6359  0.6462  0.6000  0.6154  0.6308  0.6308  0.6103  0.6564  0.4205  0.3846  0.3641  0.4103  0.4103  0.4103  0.3949  0.4205  0.4154  0.5795  0.4103  0.3846  0.5744  0.5744
A3IJJ4           0.6103  0.6000  0.6051  0.6256  0.6154  0.6256  0.6359  0.6154  0.6051  0.6308  0.6256  0.6205  0.6308  0.3231  0.3282  0.3026  0.2308  0.2308  0.2974  0.3692  0.3231  0.2821  0.5538  0.1179  0.4923  0.5436  0.5436  0.4308
B0JGK5           0.6359  0.6103  0.6513  0.6462  0.6308  0.6410  0.6615  0.6410  0.6462  0.6359  0.6615  0.6410  0.6513  0.3385  0.3436  0.3282  0.3179  0.3179  0.3179  0.3692  0.3590  0.3026  0.5795  0.3487  0.4667  0.5744  0.5744  0.4410  0.3333
Q2JIZ6           0.6256  0.6103  0.6308  0.6256  0.6103  0.6154  0.6256  0.5692  0.6462  0.6154  0.6103  0.6154  0.6513  0.4462  0.4205  0.4513  0.4513  0.4513  0.4205  0.4051  0.4513  0.4256  0.5487  0.4667  0.1282  0.5385  0.5385  0.3897  0.4718  0.4462
B0C2C9           0.6359  0.6359  0.6359  0.6462  0.6308  0.6462  0.6513  0.6103  0.6462  0.6205  0.6718  0.6462  0.6462  0.3641  0.3487  0.3692  0.3436  0.3436  0.3897  0.3590  0.3333  0.3590  0.5538  0.3641  0.4821  0.5538  0.5538  0.4154  0.3897  0.4103  0.4615
B1XHW5           0.6410  0.6308  0.6410  0.6205  0.6154  0.6256  0.6513  0.6256  0.6256  0.6359  0.6462  0.6256  0.6667  0.3333  0.3590  0.2974  0.2974  0.2974  0.3487  0.3590  0.3333  0.3231  0.5179  0.3026  0.4256  0.5128  0.5128  0.3590  0.2974  0.3795  0.4308  0.3487
B1WZT8           0.6308  0.6154  0.6154  0.6410  0.6256  0.6359  0.6462  0.6154  0.6205  0.6359  0.6308  0.6256  0.6410  0.3179  0.3026  0.2667  0.2256  0.2256  0.2667  0.3641  0.3333  0.2564  0.5538  0.1282  0.4821  0.5487  0.5487  0.4051  0.1026  0.3179  0.4667  0.3744  0.2718
Q3M5D1           0.6256  0.6000  0.6462  0.6256  0.6205  0.6359  0.6410  0.6051  0.6256  0.6359  0.6462  0.6410  0.6462  0.3077  0.2923  0.2923  0.2821  0.2821  0.3385  0.3026  0.3077  0.3077  0.5795  0.3128  0.4513  0.5744  0.5744  0.3949  0.3231  0.3077  0.4410  0.3692  0.3487  0.3128
B2J197           0.6256  0.6051  0.6462  0.6359  0.6205  0.6308  0.6615  0.6103  0.6154  0.6308  0.6462  0.6359  0.6513  0.3026  0.2872  0.3179  0.3026  0.3026  0.3385  0.3333  0.3333  0.3179  0.5795  0.3436  0.4564  0.5744  0.5744  0.3846  0.3282  0.3282  0.4513  0.3897  0.3590  0.3231  0.1795
Q8YWL2           0.6359  0.6103  0.6513  0.6462  0.6256  0.6410  0.6410  0.6205  0.6308  0.6359  0.6513  0.6462  0.6564  0.3077  0.2923  0.2974  0.2923  0.2923  0.3436  0.3026  0.3077  0.3026  0.5897  0.3179  0.4615  0.5846  0.5846  0.3949  0.3282  0.3026  0.4513  0.3744  0.3692  0.3179  0.0410  0.1846
A2BT62           0.6359  0.6308  0.6667  0.6103  0.6205  0.6256  0.6256  0.6462  0.6513  0.6359  0.6513  0.6564  0.6667  0.4513  0.4359  0.4462  0.4615  0.4615  0.4564  0.5077  0.4872  0.4513  0.5846  0.4718  0.5282  0.5846  0.5846  0.5026  0.4821  0.4718  0.5333  0.4667  0.4308  0.4718  0.4718  0.4667  0.4769
B9YNQ3           0.6513  0.6256  0.6615  0.6359  0.6462  0.6564  0.6718  0.6205  0.6359  0.6308  0.6718  0.6564  0.6564  0.3538  0.3538  0.3538  0.3179  0.3179  0.3692  0.3590  0.3590  0.3641  0.5846  0.3385  0.4974  0.5795  0.5795  0.4154  0.3231  0.3487  0.4667  0.4205  0.3744  0.3231  0.2103  0.1692  0.2256  0.5026
A8G6Y7           0.6462  0.6410  0.6667  0.6205  0.6308  0.6359  0.6308  0.6564  0.6718  0.6359  0.6564  0.6564  0.6769  0.4564  0.4308  0.4513  0.4667  0.4667  0.4718  0.5077  0.4923  0.4615  0.5846  0.4667  0.5282  0.5846  0.5846  0.5026  0.4821  0.4718  0.5282  0.4769  0.4462  0.4821  0.4769  0.4615  0.4821  0.0564  0.5026
A0ZH95           0.6359  0.6308  0.6615  0.6564  0.6462  0.6564  0.6615  0.6051  0.6256  0.6410  0.6564  0.6410  0.6513  0.3282  0.3282  0.3231  0.2974  0.2974  0.3385  0.3026  0.3385  0.3436  0.5641  0.3436  0.4769  0.5590  0.5590  0.3744  0.3538  0.3590  0.4718  0.3846  0.3641  0.3436  0.1897  0.2051  0.1897  0.4923  0.2410  0.4872
Q063W1           0.6718  0.6359  0.6359  0.6667  0.6615  0.6667  0.6615  0.6462  0.6256  0.6410  0.6769  0.6359  0.6923  0.4256  0.4359  0.3795  0.4615  0.4615  0.4615  0.4462  0.4256  0.4410  0.5487  0.4462  0.5077  0.5538  0.5538  0.4462  0.4769  0.4718  0.5282  0.4359  0.4359  0.4667  0.4564  0.4359  0.4513  0.4256  0.4564  0.4205  0.4205
A9BCH7           0.6564  0.6410  0.6462  0.6256  0.6359  0.6359  0.6718  0.6256  0.6359  0.6462  0.6667  0.6410  0.6615  0.4513  0.4513  0.4256  0.4564  0.4564  0.4718  0.4974  0.4667  0.4564  0.5949  0.4308  0.5436  0.5949  0.5949  0.4769  0.4564  0.4821  0.5590  0.4462  0.4154  0.4564  0.4821  0.4821  0.4821  0.4103  0.4974  0.4103  0.4718  0.2923
A3PEX5           0.6462  0.6410  0.6615  0.6205  0.6308  0.6359  0.6308  0.6615  0.6718  0.6308  0.6513  0.6615  0.6769  0.4615  0.4205  0.4513  0.4667  0.4667  0.4667  0.5077  0.4974  0.4615  0.5846  0.4615  0.5333  0.5846  0.5846  0.5128  0.4769  0.4667  0.5333  0.4769  0.4513  0.4718  0.4769  0.4667  0.4821  0.0513  0.5026  0.0513  0.4974  0.4205  0.4051
Q46J21           0.6667  0.6154  0.6615  0.6308  0.6359  0.6462  0.6667  0.6154  0.6308  0.6359  0.6667  0.6462  0.6513  0.4513  0.4462  0.4615  0.4667  0.4667  0.4821  0.5128  0.4974  0.4769  0.6103  0.4615  0.5385  0.6154  0.6154  0.5128  0.4872  0.4667  0.5333  0.4667  0.4513  0.4872  0.4718  0.4667  0.4718  0.4154  0.4974  0.4000  0.4564  0.3590  0.3333  0.4051
A2C4N3           0.6667  0.6154  0.6615  0.6308  0.6359  0.6462  0.6667  0.6154  0.6308  0.6359  0.6667  0.6462  0.6513  0.4513  0.4462  0.4615  0.4667  0.4667  0.4821  0.5128  0.4974  0.4769  0.6103  0.4615  0.5385  0.6154  0.6154  0.5128  0.4872  0.4667  0.5333  0.4667  0.4513  0.4872  0.4718  0.4667  0.4718  0.4154  0.4974  0.4000  0.4564  0.3590  0.3333  0.4051  0.0000
Q7V005           0.6718  0.6769  0.6974  0.6667  0.6462  0.6462  0.6769  0.6410  0.6462  0.6564  0.6769  0.6564  0.6872  0.4769  0.4205  0.4410  0.4513  0.4513  0.4718  0.4872  0.4923  0.4718  0.6103  0.4410  0.5179  0.6103  0.6103  0.5026  0.4769  0.4974  0.5179  0.4513  0.4308  0.4667  0.4667  0.4667  0.4769  0.2564  0.4974  0.2308  0.4667  0.4205  0.3897  0.2359  0.4103  0.4103
Q31N18           0.6564  0.6308  0.6769  0.6513  0.6410  0.6513  0.6718  0.6410  0.6667  0.6359  0.6667  0.6359  0.6718  0.3538  0.4000  0.3436  0.3641  0.3641  0.4103  0.3795  0.4103  0.3897  0.5744  0.3744  0.4205  0.5641  0.5641  0.3795  0.3897  0.4154  0.4103  0.4308  0.3436  0.3846  0.3385  0.3641  0.3487  0.4667  0.3897  0.4718  0.3641  0.4359  0.4718  0.4718  0.4872  0.4872  0.4410
A5GNH4           0.6667  0.6359  0.6513  0.6308  0.6410  0.6513  0.6667  0.6308  0.6308  0.6462  0.6667  0.6308  0.6615  0.4000  0.4462  0.3846  0.4667  0.4667  0.4667  0.4769  0.4615  0.4513  0.5590  0.4462  0.5179  0.5590  0.5590  0.4410  0.4872  0.4872  0.5333  0.4410  0.4103  0.4718  0.4718  0.4513  0.4718  0.4051  0.4821  0.4051  0.4410  0.1487  0.2974  0.4103  0.3487  0.3487  0.4103  0.4205
A0YLV0           0.6462  0.6051  0.6205  0.6410  0.6359  0.6410  0.6359  0.6410  0.6410  0.6564  0.6308  0.6154  0.6308  0.2718  0.3231  0.3077  0.2974  0.2974  0.3436  0.3692  0.3436  0.3077  0.5333  0.3333  0.4769  0.5333  0.5333  0.4308  0.3282  0.3641  0.4667  0.3846  0.3333  0.3179  0.3282  0.3026  0.3282  0.4769  0.3538  0.4718  0.3538  0.4256  0.4564  0.4821  0.5026  0.5026  0.4718  0.4205  0.4308
Q3AHX4           0.6769  0.6410  0.6462  0.6564  0.6410  0.6564  0.6667  0.6513  0.6462  0.6615  0.6667  0.6256  0.6821  0.4154  0.4410  0.3846  0.4667  0.4667  0.4718  0.4718  0.4564  0.4513  0.5487  0.4513  0.5179  0.5538  0.5538  0.4359  0.4923  0.4769  0.5282  0.4308  0.4205  0.4667  0.4667  0.4513  0.4667  0.4154  0.4769  0.4051  0.4462  0.1333  0.2718  0.4051  0.3641  0.3641  0.3949  0.4205  0.1282  0.4205
A2C6S7           0.6667  0.6410  0.6667  0.6667  0.6667  0.6769  0.6769  0.6359  0.6513  0.6462  0.6718  0.6615  0.6718  0.4359  0.4359  0.4205  0.4615  0.4615  0.4410  0.4359  0.4205  0.4564  0.5795  0.4462  0.5026  0.5846  0.5846  0.4513  0.4769  0.4821  0.5179  0.4615  0.4359  0.4564  0.4513  0.4462  0.4513  0.4205  0.4615  0.4359  0.4359  0.2205  0.2974  0.4256  0.3795  0.3795  0.4256  0.4462  0.2256  0.4462  0.2154
Q3AZA5           0.6769  0.6359  0.6359  0.6667  0.6615  0.6667  0.6615  0.6462  0.6308  0.6462  0.6769  0.6410  0.6974  0.4359  0.4359  0.3897  0.4718  0.4718  0.4667  0.4462  0.4308  0.4410  0.5487  0.4462  0.5128  0.5538  0.5538  0.4513  0.4718  0.4667  0.5282  0.4308  0.4308  0.4615  0.4513  0.4359  0.4462  0.4256  0.4513  0.4205  0.4308  0.0154  0.2872  0.4205  0.3538  0.3538  0.4154  0.4410  0.1538  0.4256  0.1385  0.2205
Q318Q6           0.6564  0.6513  0.6769  0.6359  0.6410  0.6462  0.6462  0.6667  0.6769  0.6462  0.6718  0.6615  0.6769  0.4564  0.4205  0.4462  0.4462  0.4462  0.4615  0.5026  0.4872  0.4615  0.5897  0.4564  0.5333  0.5897  0.5897  0.5077  0.4667  0.4667  0.5436  0.4718  0.4410  0.4615  0.4769  0.4615  0.4821  0.0821  0.5026  0.0718  0.4923  0.4205  0.4051  0.0718  0.4051  0.4051  0.2308  0.4667  0.4051  0.4667  0.4051  0.4308  0.4256
Q7V5P0           0.6667  0.6410  0.6667  0.6667  0.6667  0.6769  0.6769  0.6359  0.6513  0.6462  0.6718  0.6615  0.6718  0.4359  0.4359  0.4205  0.4615  0.4615  0.4410  0.4359  0.4205  0.4564  0.5795  0.4462  0.5026  0.5846  0.5846  0.4513  0.4769  0.4821  0.5179  0.4615  0.4359  0.4564  0.4513  0.4462  0.4513  0.4205  0.4615  0.4359  0.4359  0.2205  0.2974  0.4256  0.3795  0.3795  0.4256  0.4462  0.2256  0.4462  0.2154  0.0051  0.2205  0.4308
A4CR13           0.6769  0.6513  0.6564  0.6410  0.6513  0.6615  0.6769  0.6513  0.6462  0.6564  0.6872  0.6513  0.6718  0.4205  0.4564  0.3846  0.4769  0.4769  0.4667  0.4769  0.4667  0.4615  0.5692  0.4564  0.5179  0.5692  0.5692  0.4308  0.4923  0.4872  0.5385  0.4462  0.4103  0.4769  0.4821  0.4564  0.4821  0.4256  0.4872  0.4205  0.4564  0.1641  0.2872  0.4256  0.3538  0.3538  0.4205  0.4308  0.0821  0.4308  0.1231  0.2462  0.1744  0.4205  0.2462
Q5MZ24           0.6564  0.6308  0.6769  0.6513  0.6410  0.6513  0.6718  0.6410  0.6667  0.6359  0.6667  0.6359  0.6718  0.3590  0.4051  0.3487  0.3692  0.3692  0.4154  0.3846  0.4154  0.3949  0.5744  0.3795  0.4256  0.5641  0.5641  0.3846  0.3949  0.4205  0.4154  0.4359  0.3487  0.3897  0.3436  0.3692  0.3538  0.4718  0.3949  0.4769  0.3692  0.4410  0.4769  0.4769  0.4923  0.4923  0.4462  0.0051  0.4256  0.4256  0.4256  0.4513  0.4462  0.4718  0.4513  0.4359
A5GVF4           0.6821  0.6564  0.6667  0.6615  0.6667  0.6718  0.6923  0.6564  0.6513  0.6615  0.6923  0.6564  0.6769  0.4359  0.4462  0.4000  0.4513  0.4513  0.4308  0.4564  0.4410  0.4615  0.6051  0.4359  0.5436  0.6000  0.6000  0.4410  0.4821  0.4974  0.5436  0.4205  0.4359  0.4615  0.4615  0.4718  0.4462  0.4564  0.4974  0.4462  0.4513  0.2667  0.3077  0.4462  0.3897  0.3897  0.4256  0.4564  0.2359  0.4308  0.2462  0.2923  0.2667  0.4410  0.2923  0.2359  0.4615
Q05WE6           0.6564  0.6410  0.6410  0.6462  0.6359  0.6410  0.6667  0.6564  0.6308  0.6462  0.6615  0.6308  0.6615  0.4205  0.4308  0.3897  0.4564  0.4564  0.4564  0.4718  0.4513  0.4564  0.5744  0.4410  0.5436  0.5744  0.5744  0.4256  0.4769  0.4923  0.5436  0.4359  0.4154  0.4462  0.4872  0.4667  0.4872  0.4410  0.4872  0.4308  0.4513  0.1949  0.2821  0.4308  0.3641  0.3641  0.4205  0.4308  0.1641  0.4103  0.1487  0.2308  0.1949  0.4308  0.2308  0.1641  0.4359  0.2308
Q7VA28           0.6615  0.6205  0.6359  0.6256  0.6359  0.6359  0.6667  0.6359  0.6359  0.6308  0.6821  0.6410  0.6769  0.4410  0.4256  0.4359  0.4615  0.4615  0.4718  0.4410  0.4462  0.4462  0.6051  0.4564  0.5487  0.6103  0.6103  0.4667  0.4821  0.4872  0.5282  0.4359  0.4359  0.4821  0.4564  0.4410  0.4564  0.4205  0.4667  0.4154  0.4667  0.2615  0.2308  0.4154  0.3179  0.3179  0.4154  0.4615  0.2821  0.4359  0.2718  0.2615  0.2564  0.4154  0.2564  0.2872  0.4667  0.3077  0.2872
Q0I7L5           0.6872  0.6359  0.6513  0.6615  0.6667  0.6667  0.6667  0.6410  0.6359  0.6513  0.6769  0.6462  0.6821  0.4462  0.4410  0.4051  0.4821  0.4821  0.4769  0.4667  0.4410  0.4667  0.5692  0.4513  0.5282  0.5641  0.5641  0.4359  0.4821  0.4769  0.5231  0.4513  0.4154  0.4667  0.4667  0.4462  0.4667  0.4359  0.4615  0.4359  0.4564  0.1744  0.2872  0.4308  0.3333  0.3333  0.4154  0.4359  0.1897  0.4256  0.1846  0.2462  0.1744  0.4256  0.2462  0.1897  0.4410  0.2410  0.1795  0.2872
A3Z9C6           0.6718  0.6564  0.6513  0.6667  0.6462  0.6513  0.6667  0.6513  0.6462  0.6462  0.6615  0.6308  0.6769  0.4154  0.4205  0.3949  0.4615  0.4615  0.4564  0.4513  0.4154  0.4462  0.5641  0.4462  0.4974  0.5641  0.5641  0.4205  0.4718  0.4718  0.5128  0.4410  0.4103  0.4615  0.4513  0.4410  0.4462  0.4205  0.4564  0.4256  0.4359  0.1744  0.2718  0.4154  0.3744  0.3744  0.4205  0.4359  0.1949  0.4205  0.1436  0.1949  0.1795  0.4154  0.1949  0.1744  0.4410  0.2308  0.1744  0.2821  0.1897
A2BYL2           0.6718  0.6615  0.7128  0.6564  0.6513  0.6564  0.6718  0.6308  0.6359  0.6513  0.6769  0.6667  0.6615  0.4718  0.4308  0.4462  0.4462  0.4462  0.4769  0.4974  0.4923  0.4667  0.5897  0.4462  0.5179  0.5897  0.5897  0.5128  0.4821  0.5026  0.5231  0.4513  0.4359  0.4769  0.4615  0.4615  0.4769  0.2410  0.4923  0.2256  0.4718  0.4256  0.4000  0.2256  0.3949  0.3949  0.1128  0.4462  0.4154  0.4667  0.4103  0.4410  0.4205  0.2308  0.4410  0.4256  0.4513  0.4359  0.4308  0.4205  0.4256  0.4256
A3YVR4           0.6667  0.6410  0.6513  0.6667  0.6564  0.6615  0.6923  0.6513  0.6667  0.6462  0.6923  0.6462  0.6821  0.4359  0.4359  0.4154  0.4667  0.4667  0.4410  0.4359  0.4410  0.4667  0.5897  0.4513  0.5026  0.5795  0.5795  0.4308  0.4872  0.4923  0.5026  0.4462  0.4359  0.4769  0.4513  0.4462  0.4513  0.4410  0.4667  0.4359  0.4410  0.1897  0.2872  0.4308  0.3744  0.3744  0.4256  0.4308  0.2051  0.4308  0.1846  0.1949  0.1949  0.4308  0.1949  0.2000  0.4359  0.2308  0.1795  0.2718  0.2051  0.2000  0.4308
Q7U8K5           0.6872  0.6564  0.6615  0.6667  0.6462  0.6615  0.6769  0.6615  0.6564  0.6615  0.6718  0.6308  0.6872  0.4205  0.4462  0.3949  0.4615  0.4615  0.4564  0.4667  0.4462  0.4615  0.5692  0.4564  0.5128  0.5744  0.5744  0.4256  0.4821  0.4615  0.5231  0.4359  0.4205  0.4718  0.4667  0.4564  0.4667  0.4205  0.4769  0.4103  0.4513  0.1385  0.2769  0.4205  0.3744  0.3744  0.4051  0.4256  0.1538  0.4256  0.0769  0.2154  0.1436  0.4154  0.2154  0.1590  0.4308  0.2513  0.1641  0.2667  0.1795  0.1692  0.4154  0.1692


TREE #  1:  (26, (23, 27), (((4, (1, ((2, (10, 13)), (8, 9)))), (3, (7, (11, (12, (5, 6)))))), ((25, 31), (28, ((48, 57), (16, ((33, (((44, ((38, 40), 54)), (47, 63)), ((45, 46), (60, (43, ((62, (((51, (65, (42, 53))), (49, 56)), (59, (58, 61)))), (64, (52, 55)))))))), ((21, (20, 32)), (((35, 37), (41, (36, 39))), ((14, 50), (15, (30, ((19, 22), ((17, 18), (34, (24, 29))))))))))))))));   MP score: 2107
lnL(ntime:127  np:128): -10648.028082      +0.000000
  66..26   66..67   67..23   67..27   66..68   68..69   69..70   70..4    70..71   71..1    71..72   72..73   73..2    73..74   74..10   74..13   72..75   75..8    75..9    69..76   76..3    76..77   77..7    77..78   78..11   78..79   79..12   79..80   80..5    80..6    68..81   81..82   82..25   82..31   81..83   83..28   83..84   84..85   85..48   85..57   84..86   86..16   86..87   87..88   88..33   88..89   89..90   90..91   91..44   91..92   92..93   93..38   93..40   92..54   90..94   94..47   94..63   89..95   95..96   96..45   96..46   95..97   97..60   97..98   98..43   98..99   99..100 100..62  100..101 101..102 102..103 103..51  103..104 104..65  104..105 105..42  105..53  102..106 106..49  106..56  101..107 107..59  107..108 108..58  108..61   99..109 109..64  109..110 110..52  110..55   87..111 111..112 112..21  112..113 113..20  113..32  111..114 114..115 115..116 116..35  116..37  115..117 117..41  117..118 118..36  118..39  114..119 119..120 120..14  120..50  119..121 121..15  121..122 122..30  122..123 123..124 124..19  124..22  123..125 125..126 126..17  126..18  125..127 127..34  127..128 128..24  128..29 
 0.000004 0.000004 0.023046 0.000004 0.603235 0.742552 0.031778 0.319577 0.058771 0.213591 0.038546 0.066427 0.292408 0.086932 0.409040 0.398467 0.111679 0.324559 0.304920 0.037460 0.376298 0.100199 0.196824 0.144232 0.148101 0.115349 0.107671 0.104741 0.013469 0.024354 0.479492 0.277562 0.071476 0.064751 0.109562 0.316017 0.072540 0.324164 0.000004 0.004443 0.075712 0.196312 0.029195 0.064102 0.144106 0.297344 0.314171 0.140696 0.005053 0.015224 0.002755 0.029263 0.022196 0.047880 0.073409 0.074397 0.043404 0.148891 0.271178 0.000004 0.000004 0.130502 0.140021 0.032192 0.149743 0.148445 0.018042 0.094694 0.039425 0.023463 0.036150 0.034332 0.006487 0.051991 0.125626 0.005308 0.008803 0.072430 0.041515 0.039334 0.031695 0.093739 0.039899 0.231746 0.111858 0.032526 0.116118 0.138378 0.000004 0.004643 0.062226 0.048635 0.202304 0.022574 0.214633 0.284830 0.031156 0.130482 0.063392 0.010269 0.024468 0.002240 0.132458 0.049461 0.063665 0.118882 0.022764 0.051596 0.141653 0.208708 0.008597 0.223167 0.021805 0.273116 0.034232 0.119058 0.137208 0.046812 0.049720 0.094883 0.000004 0.000004 0.130691 0.034873 0.028721 0.076685 0.035959 0.683917

tree length =  14.31059

(26: 0.000004, (23: 0.023046, 27: 0.000004): 0.000004, (((4: 0.319577, (1: 0.213591, ((2: 0.292408, (10: 0.409040, 13: 0.398467): 0.086932): 0.066427, (8: 0.324559, 9: 0.304920): 0.111679): 0.038546): 0.058771): 0.031778, (3: 0.376298, (7: 0.196824, (11: 0.148101, (12: 0.107671, (5: 0.013469, 6: 0.024354): 0.104741): 0.115349): 0.144232): 0.100199): 0.037460): 0.742552, ((25: 0.071476, 31: 0.064751): 0.277562, (28: 0.316017, ((48: 0.000004, 57: 0.004443): 0.324164, (16: 0.196312, ((33: 0.144106, (((44: 0.005053, ((38: 0.029263, 40: 0.022196): 0.002755, 54: 0.047880): 0.015224): 0.140696, (47: 0.074397, 63: 0.043404): 0.073409): 0.314171, ((45: 0.000004, 46: 0.000004): 0.271178, (60: 0.140021, (43: 0.149743, ((62: 0.094694, (((51: 0.034332, (65: 0.051991, (42: 0.005308, 53: 0.008803): 0.125626): 0.006487): 0.036150, (49: 0.041515, 56: 0.039334): 0.072430): 0.023463, (59: 0.093739, (58: 0.231746, 61: 0.111858): 0.039899): 0.031695): 0.039425): 0.018042, (64: 0.116118, (52: 0.000004, 55: 0.004643): 0.138378): 0.032526): 0.148445): 0.032192): 0.130502): 0.148891): 0.297344): 0.064102, ((21: 0.202304, (20: 0.214633, 32: 0.284830): 0.022574): 0.048635, (((35: 0.010269, 37: 0.024468): 0.063392, (41: 0.132458, (36: 0.063665, 39: 0.118882): 0.049461): 0.002240): 0.130482, ((14: 0.141653, 50: 0.208708): 0.051596, (15: 0.223167, (30: 0.273116, ((19: 0.137208, 22: 0.046812): 0.119058, ((17: 0.000004, 18: 0.000004): 0.094883, (34: 0.034873, (24: 0.076685, 29: 0.035959): 0.028721): 0.130691): 0.049720): 0.034232): 0.021805): 0.008597): 0.022764): 0.031156): 0.062226): 0.029195): 0.075712): 0.072540): 0.109562): 0.479492): 0.603235);

(B7MTN0: 0.000004, (B7LT38: 0.023046, P0AFQ7: 0.000004): 0.000004, (((Q30RM0: 0.319577, (A8ETG0: 0.213591, ((A6Q9M5: 0.292408, (Q7MQR3: 0.409040, O26093: 0.398467): 0.086932): 0.066427, (A6Q327: 0.324559, B9LAD7: 0.304920): 0.111679): 0.038546): 0.058771): 0.031778, (D1B079: 0.376298, (B9KFZ7: 0.196824, (Q4HRP7: 0.148101, (Q4HHW9: 0.107671, (A8FL65: 0.013469, A7H4G8: 0.024354): 0.104741): 0.115349): 0.144232): 0.100199): 0.037460): 0.742552, ((Q2JR81: 0.071476, Q2JIZ6: 0.064751): 0.277562, (Q7NI17: 0.316017, ((Q31N18: 0.000004, Q5MZ24: 0.004443): 0.324164, (P73335: 0.196312, ((B1XHW5: 0.144106, (((A3PEX5: 0.005053, ((A2BT62: 0.029263, A8G6Y7: 0.022196): 0.002755, Q318Q6: 0.047880): 0.015224): 0.140696, (Q7V005: 0.074397, A2BYL2: 0.043404): 0.073409): 0.314171, ((Q46J21: 0.000004, A2C4N3: 0.000004): 0.271178, (Q7VA28: 0.140021, (A9BCH7: 0.149743, ((A3Z9C6: 0.094694, (((Q3AHX4: 0.034332, (Q7U8K5: 0.051991, (Q063W1: 0.005308, Q3AZA5: 0.008803): 0.125626): 0.006487): 0.036150, (A5GNH4: 0.041515, A4CR13: 0.039334): 0.072430): 0.023463, (Q05WE6: 0.093739, (A5GVF4: 0.231746, Q0I7L5: 0.111858): 0.039899): 0.031695): 0.039425): 0.018042, (A3YVR4: 0.116118, (A2C6S7: 0.000004, Q7V5P0: 0.004643): 0.138378): 0.032526): 0.148445): 0.032192): 0.130502): 0.148891): 0.297344): 0.064102, ((B8HTW1: 0.202304, (Q8DJN5: 0.214633, B0C2C9: 0.284830): 0.022574): 0.048635, (((Q3M5D1: 0.010269, Q8YWL2: 0.024468): 0.063392, (A0ZH95: 0.132458, (B2J197: 0.063665, B9YNQ3: 0.118882): 0.049461): 0.002240): 0.130482, ((B5VU92: 0.141653, A0YLV0: 0.208708): 0.051596, (Q110H0: 0.223167, (B0JGK5: 0.273116, ((B7KG03: 0.137208, B4B2W0: 0.046812): 0.119058, ((C7QUR7: 0.000004, B7JWV0: 0.000004): 0.094883, (B1WZT8: 0.034873, (Q4C3Y0: 0.076685, A3IJJ4: 0.035959): 0.028721): 0.130691): 0.049720): 0.034232): 0.021805): 0.008597): 0.022764): 0.031156): 0.062226): 0.029195): 0.075712): 0.072540): 0.109562): 0.479492): 0.603235);

Detailed output identifying parameters

alpha (gamma, K = 5) =  0.68392
rate:   0.05041  0.24491  0.58337  1.17866  2.94264
freq:   0.20000  0.20000  0.20000  0.20000  0.20000

Time used: 20:37
