AAML (in paml version 4.6, August 2012)  301.aa
Model: Empirical_F for branches,  (../../../bin/LG.dat) dGamma (ncatG=5) ns =  65  ls = 139


Frequencies..
                                    A      R      N      D      C      Q      E      G      H      I      L      K      M      F      P      S      T      W      Y      V
A8EW84                         0.02878 0.04317 0.06475 0.02878 0.00719 0.06475 0.13669 0.03597 0.00719 0.09353 0.14388 0.13669 0.00000 0.04317 0.00000 0.09353 0.02878 0.00000 0.03597 0.00719
A6Q326                         0.05755 0.06475 0.03597 0.03597 0.00719 0.04317 0.12950 0.03597 0.00719 0.05755 0.11511 0.14388 0.02878 0.04317 0.02158 0.08633 0.02158 0.00000 0.02158 0.04317
D1B077                         0.10791 0.07914 0.04317 0.02878 0.00719 0.02878 0.10791 0.07194 0.02878 0.05755 0.15108 0.08633 0.01439 0.01439 0.01439 0.05036 0.02878 0.00719 0.02878 0.04317
Q30RL9                         0.05036 0.06475 0.05036 0.06475 0.00000 0.03597 0.12950 0.05036 0.00000 0.07914 0.15108 0.10791 0.00000 0.04317 0.00000 0.07914 0.02878 0.00000 0.03597 0.02878
B9KFZ5                         0.06475 0.04317 0.05755 0.02878 0.00719 0.01439 0.15108 0.03597 0.00719 0.05036 0.19424 0.15108 0.01439 0.02158 0.00000 0.10791 0.00719 0.00000 0.02158 0.02158
Q7M8J6                         0.09353 0.07194 0.04317 0.02158 0.00719 0.03597 0.12230 0.06475 0.01439 0.00000 0.21583 0.09353 0.00719 0.01439 0.02158 0.08633 0.02878 0.00719 0.02158 0.02878
A8FL63                         0.05036 0.03597 0.08633 0.03597 0.00719 0.03597 0.12950 0.02878 0.02158 0.06475 0.17986 0.17266 0.01439 0.02158 0.00000 0.05755 0.02158 0.00000 0.02878 0.00719
B9L9Y1                         0.04317 0.05755 0.07194 0.05036 0.00000 0.00719 0.15827 0.03597 0.00000 0.09353 0.15108 0.12230 0.01439 0.02158 0.00719 0.05755 0.02878 0.00000 0.05036 0.02878
A7H4H0                         0.05036 0.03597 0.07194 0.03597 0.00719 0.03597 0.12230 0.02878 0.02158 0.06475 0.19424 0.17986 0.02158 0.02158 0.00000 0.06475 0.00719 0.00000 0.02878 0.00719
Q4HRP9                         0.04317 0.05036 0.07194 0.05755 0.00719 0.00719 0.12950 0.04317 0.01439 0.05036 0.20863 0.13669 0.00719 0.02878 0.00000 0.07194 0.01439 0.00000 0.02878 0.02878
A6Q9M7                         0.09353 0.04317 0.04317 0.03597 0.00000 0.03597 0.10072 0.07914 0.01439 0.03597 0.16547 0.09353 0.04317 0.02878 0.01439 0.07194 0.05036 0.00000 0.02158 0.02878
Q4HHW7                         0.05755 0.03597 0.10072 0.04317 0.00000 0.02878 0.11511 0.02878 0.00719 0.07194 0.17986 0.13669 0.01439 0.02158 0.00000 0.07914 0.03597 0.00000 0.02158 0.02158
O25943                         0.05755 0.04317 0.04317 0.03597 0.02158 0.02878 0.10791 0.07194 0.03597 0.04317 0.16547 0.10072 0.02878 0.02158 0.01439 0.10072 0.02158 0.00000 0.02878 0.02878
B5W994                         0.07914 0.05755 0.02158 0.05036 0.02158 0.07914 0.10791 0.08633 0.00719 0.05755 0.11511 0.05755 0.02878 0.02878 0.05036 0.05036 0.05036 0.00000 0.02878 0.02158
P05824                         0.12230 0.05036 0.00719 0.05036 0.00000 0.14388 0.07914 0.05755 0.07914 0.05036 0.10072 0.02878 0.02158 0.02158 0.03597 0.06475 0.05036 0.00000 0.02158 0.01439
B7MYA8                         0.12230 0.05036 0.01439 0.05036 0.00000 0.13669 0.07194 0.05755 0.08633 0.04317 0.10072 0.02878 0.02158 0.02158 0.03597 0.06475 0.05755 0.00000 0.02158 0.01439
A0YKZ6                         0.07914 0.02878 0.02158 0.02878 0.02158 0.11511 0.10072 0.06475 0.01439 0.06475 0.12230 0.10072 0.01439 0.02878 0.04317 0.02878 0.05755 0.00000 0.03597 0.02878
A5GX26                         0.16547 0.10791 0.01439 0.04317 0.00719 0.10072 0.08633 0.07194 0.02158 0.01439 0.14388 0.03597 0.02158 0.03597 0.04317 0.02878 0.02878 0.00000 0.00000 0.02878
B7LUV8                         0.11511 0.05036 0.01439 0.05036 0.00000 0.13669 0.07194 0.05755 0.08633 0.04317 0.10072 0.02878 0.02158 0.02158 0.03597 0.06475 0.05755 0.00000 0.02158 0.02158
A2CE40                         0.10791 0.10072 0.05755 0.02878 0.00719 0.06475 0.09353 0.07914 0.00719 0.00000 0.14388 0.06475 0.04317 0.04317 0.03597 0.04317 0.02878 0.00000 0.00719 0.04317
Q3MAY2                         0.08633 0.04317 0.01439 0.01439 0.02158 0.07914 0.11511 0.06475 0.00000 0.06475 0.11511 0.10072 0.02158 0.03597 0.04317 0.07914 0.06475 0.00000 0.01439 0.02158
Q8YMH2                         0.08633 0.04317 0.01439 0.02158 0.02158 0.08633 0.10791 0.06475 0.00000 0.05755 0.11511 0.09353 0.02158 0.03597 0.04317 0.07914 0.07194 0.00000 0.01439 0.02158
Q7NNY7                         0.12950 0.11511 0.02158 0.03597 0.00000 0.02878 0.12230 0.11511 0.00719 0.01439 0.14388 0.04317 0.01439 0.02158 0.03597 0.05036 0.04317 0.00719 0.01439 0.03597
C7QWY0                         0.05755 0.04317 0.02878 0.04317 0.01439 0.10072 0.09353 0.06475 0.00000 0.05755 0.11511 0.09353 0.01439 0.02878 0.04317 0.07194 0.05036 0.00000 0.03597 0.04317
Q2JRL3                         0.11511 0.07194 0.00719 0.02878 0.01439 0.10791 0.11511 0.08633 0.02878 0.00719 0.13669 0.03597 0.02878 0.02878 0.03597 0.05755 0.03597 0.00719 0.00719 0.04317
B7JYV6                         0.05755 0.04317 0.02878 0.04317 0.01439 0.10072 0.09353 0.06475 0.00000 0.05755 0.11511 0.09353 0.01439 0.02878 0.04317 0.07194 0.05036 0.00000 0.03597 0.04317
Q05UV8                         0.10791 0.08633 0.02878 0.05755 0.01439 0.10791 0.08633 0.08633 0.02878 0.01439 0.15108 0.02878 0.02158 0.02878 0.03597 0.04317 0.03597 0.00000 0.00000 0.03597
B8HMN7                         0.12230 0.05755 0.00719 0.03597 0.01439 0.17266 0.07194 0.06475 0.00000 0.05036 0.15108 0.03597 0.01439 0.04317 0.05036 0.03597 0.05755 0.00000 0.00719 0.00719
Q5MZL6                         0.10791 0.06475 0.02158 0.02878 0.02158 0.12950 0.10791 0.07194 0.00000 0.02878 0.15108 0.04317 0.01439 0.02878 0.05036 0.03597 0.05036 0.00719 0.02158 0.01439
Q31MB0                         0.10791 0.06475 0.02158 0.02878 0.02158 0.12950 0.10791 0.07194 0.00000 0.02878 0.15108 0.04317 0.01439 0.02878 0.05036 0.03597 0.05036 0.00719 0.02158 0.01439
B4AZE9                         0.07194 0.03597 0.02878 0.02878 0.01439 0.08633 0.11511 0.06475 0.00719 0.06475 0.13669 0.09353 0.02158 0.02878 0.03597 0.07914 0.02878 0.00000 0.02878 0.02878
A4CWU5                         0.12230 0.10072 0.02158 0.06475 0.01439 0.10072 0.06475 0.08633 0.02158 0.01439 0.13669 0.02158 0.02878 0.03597 0.03597 0.06475 0.02878 0.00000 0.00719 0.02878
B0JJL0                         0.05755 0.04317 0.02158 0.01439 0.01439 0.11511 0.12230 0.07914 0.00000 0.05755 0.11511 0.07194 0.01439 0.03597 0.03597 0.06475 0.05036 0.00000 0.03597 0.05036
Q3AG65                         0.11511 0.11511 0.02878 0.05755 0.00719 0.07914 0.05755 0.08633 0.01439 0.00719 0.15827 0.04317 0.02158 0.03597 0.04317 0.05036 0.04317 0.00000 0.00719 0.02878
Q2JNB2                         0.10791 0.07914 0.01439 0.03597 0.02158 0.12230 0.09353 0.07914 0.01439 0.02158 0.12950 0.03597 0.02158 0.02158 0.05036 0.04317 0.04317 0.00719 0.00719 0.05036
A5GPU1                         0.12230 0.11511 0.02158 0.07194 0.01439 0.09353 0.07194 0.08633 0.01439 0.01439 0.14388 0.02158 0.02878 0.03597 0.03597 0.05036 0.03597 0.00000 0.00000 0.02158
B0C985                         0.13669 0.03597 0.00719 0.02878 0.01439 0.14388 0.08633 0.07194 0.02158 0.04317 0.13669 0.07194 0.01439 0.02878 0.02158 0.06475 0.04317 0.00000 0.02158 0.00719
Q4BZL9                         0.06475 0.04317 0.05036 0.04317 0.02158 0.05036 0.12230 0.05755 0.00000 0.07914 0.12230 0.10791 0.01439 0.03597 0.03597 0.05755 0.03597 0.00000 0.02878 0.02878
P74374                         0.08633 0.04317 0.00719 0.01439 0.01439 0.10791 0.10791 0.07194 0.00719 0.05036 0.12230 0.09353 0.01439 0.03597 0.02158 0.07194 0.05755 0.00000 0.02878 0.04317
Q7V9F1                         0.05036 0.04317 0.06475 0.05755 0.01439 0.05755 0.07914 0.06475 0.00719 0.05036 0.17266 0.09353 0.00000 0.05036 0.02878 0.09353 0.02158 0.00000 0.02878 0.02158
A3PFK1                         0.04317 0.04317 0.08633 0.05755 0.01439 0.09353 0.05755 0.05755 0.00000 0.07914 0.12950 0.08633 0.02158 0.07914 0.01439 0.09353 0.02158 0.00000 0.00719 0.01439
B7KBG4                         0.06475 0.03597 0.00719 0.03597 0.02158 0.08633 0.12230 0.06475 0.00719 0.09353 0.11511 0.10072 0.01439 0.03597 0.04317 0.05036 0.05036 0.00000 0.02878 0.02158
A3IGT4                         0.06475 0.03597 0.05036 0.03597 0.02158 0.04317 0.10791 0.05755 0.00000 0.05755 0.11511 0.11511 0.01439 0.03597 0.03597 0.07194 0.05036 0.00000 0.03597 0.05036
B1XP16                         0.11511 0.04317 0.00719 0.04317 0.02158 0.09353 0.07914 0.07194 0.00719 0.03597 0.12230 0.09353 0.02158 0.02878 0.03597 0.06475 0.04317 0.00000 0.02878 0.04317
Q46I65                         0.02158 0.04317 0.08633 0.04317 0.00719 0.05036 0.07194 0.05755 0.00000 0.09353 0.10072 0.12230 0.00719 0.04317 0.02878 0.12230 0.03597 0.00000 0.02878 0.03597
A3Z3U2                         0.11511 0.10791 0.02158 0.05036 0.00719 0.08633 0.08633 0.10791 0.03597 0.00000 0.16547 0.02158 0.01439 0.02878 0.04317 0.05036 0.01439 0.00000 0.00000 0.04317
A2BTU4                         0.03597 0.04317 0.08633 0.05755 0.00719 0.08633 0.05036 0.06475 0.00719 0.06475 0.12230 0.08633 0.01439 0.07194 0.01439 0.12230 0.04317 0.00000 0.00719 0.01439
Q118I9                         0.06475 0.03597 0.02158 0.01439 0.02158 0.06475 0.14388 0.07914 0.03597 0.05755 0.12950 0.08633 0.01439 0.02878 0.02878 0.05755 0.06475 0.00000 0.02878 0.02158
B2IXX3                         0.09353 0.04317 0.03597 0.01439 0.01439 0.09353 0.10791 0.06475 0.00000 0.05755 0.11511 0.07914 0.02158 0.04317 0.03597 0.05755 0.07914 0.00000 0.02158 0.02158
A2C5J3                         0.02158 0.05036 0.09353 0.04317 0.00719 0.04317 0.07194 0.05755 0.00000 0.10072 0.10072 0.12230 0.00719 0.04317 0.02878 0.11511 0.02878 0.00000 0.02878 0.03597
A0ZMK2                         0.11511 0.04317 0.01439 0.01439 0.02878 0.10072 0.10791 0.06475 0.00719 0.05755 0.11511 0.07194 0.02878 0.03597 0.04317 0.05755 0.06475 0.00000 0.02158 0.00719
Q7V3S0                         0.13669 0.10791 0.03597 0.07914 0.00719 0.06475 0.05036 0.08633 0.02878 0.01439 0.16547 0.02878 0.02878 0.03597 0.04317 0.05036 0.01439 0.00000 0.00719 0.01439
A8G7L7                         0.02878 0.05036 0.08633 0.05755 0.00719 0.08633 0.04317 0.03597 0.00000 0.07194 0.13669 0.11511 0.01439 0.07914 0.02158 0.12230 0.02878 0.00000 0.00719 0.00719
B9YKU2                         0.06475 0.05036 0.05036 0.00719 0.01439 0.10072 0.11511 0.06475 0.00719 0.06475 0.11511 0.06475 0.02878 0.03597 0.04317 0.05036 0.07914 0.00000 0.02158 0.02158
Q317S8                         0.03597 0.05755 0.10072 0.05755 0.00719 0.07914 0.06475 0.05036 0.00719 0.06475 0.13669 0.08633 0.00719 0.07194 0.02158 0.11511 0.02158 0.00000 0.00000 0.01439
Q7TU16                         0.04317 0.03597 0.07914 0.05755 0.00000 0.07194 0.07914 0.04317 0.00000 0.05755 0.13669 0.09353 0.00719 0.07914 0.01439 0.11511 0.04317 0.00000 0.01439 0.02878
A9BDS0                         0.07194 0.06475 0.07914 0.05036 0.00000 0.08633 0.07194 0.05755 0.01439 0.05036 0.15827 0.05755 0.00719 0.04317 0.02878 0.09353 0.02878 0.00000 0.01439 0.02158
Q0I5Z5                         0.11511 0.11511 0.02878 0.04317 0.02158 0.06475 0.08633 0.07914 0.02158 0.01439 0.15108 0.03597 0.03597 0.03597 0.02878 0.05755 0.03597 0.00000 0.00719 0.02158
A3YWF9                         0.12950 0.11511 0.00719 0.04317 0.01439 0.09353 0.09353 0.10072 0.00719 0.02158 0.14388 0.02158 0.02158 0.03597 0.03597 0.05755 0.03597 0.00000 0.00000 0.02158
B1WRD7                         0.06475 0.04317 0.04317 0.04317 0.02158 0.04317 0.10791 0.05755 0.00000 0.05755 0.12950 0.11511 0.02158 0.02878 0.04317 0.05755 0.04317 0.00000 0.03597 0.04317
Q062F9                         0.14388 0.10791 0.02158 0.07914 0.00000 0.05036 0.07914 0.08633 0.03597 0.02158 0.18705 0.02878 0.01439 0.02878 0.03597 0.05755 0.01439 0.00000 0.00000 0.00719
Q3AUF4                         0.15108 0.10791 0.02158 0.07914 0.00000 0.05036 0.07914 0.08633 0.03597 0.02878 0.17266 0.02878 0.01439 0.03597 0.02878 0.05036 0.02158 0.00000 0.00000 0.00719
Q7U3A9                         0.12950 0.12950 0.02158 0.06475 0.00000 0.10791 0.05036 0.09353 0.01439 0.01439 0.15827 0.02878 0.02158 0.03597 0.03597 0.05036 0.01439 0.00000 0.00719 0.02158
A2BZA0                         0.03597 0.03597 0.07914 0.06475 0.00000 0.06475 0.10072 0.04317 0.00000 0.07194 0.14388 0.08633 0.00719 0.06475 0.01439 0.11511 0.04317 0.00000 0.00719 0.02158
Q8DHP6                         0.11511 0.07194 0.00719 0.03597 0.01439 0.11511 0.07914 0.07194 0.02878 0.02878 0.13669 0.02878 0.01439 0.02158 0.03597 0.08633 0.05036 0.01439 0.01439 0.02878

Homogeneity statistic: X2 = 13.44964 G = 13.80051 

Average                        0.08500 0.06187 0.03951 0.04206 0.01118 0.07847 0.09696 0.06608 0.01472 0.04770 0.14101 0.07814 0.01793 0.03553 0.02977 0.06918 0.03885 0.00100 0.01926 0.02579

# constant sites:      8 (5.76%)
ln Lmax (unconstrained) = -681.209745

AA distances (raw proportions of different sites)

A8EW84         
A6Q326           0.4604
D1B077           0.5540  0.5612
Q30RL9           0.5324  0.5396  0.6043
B9KFZ5           0.5396  0.5899  0.5468  0.6115
Q7M8J6           0.5540  0.5827  0.5683  0.5971  0.5899
A8FL63           0.5468  0.5683  0.5540  0.5755  0.3381  0.5827
B9L9Y1           0.5108  0.5180  0.6331  0.5396  0.5324  0.5755  0.5468
A7H4H0           0.5324  0.5612  0.5612  0.5612  0.3309  0.5755  0.0504  0.5324
Q4HRP9           0.5612  0.6043  0.5540  0.5971  0.4245  0.6115  0.3525  0.5683  0.3525
A6Q9M7           0.5755  0.5827  0.6187  0.5827  0.6187  0.6115  0.6475  0.5468  0.6259  0.6043
Q4HHW7           0.5396  0.5827  0.5899  0.6115  0.3741  0.6187  0.3094  0.5540  0.3094  0.3525  0.6403
O25943           0.6691  0.6619  0.6978  0.7266  0.6763  0.6835  0.6619  0.7194  0.6547  0.6906  0.6978  0.6691
B5W994           0.6978  0.7338  0.7554  0.7338  0.7266  0.7266  0.7338  0.7194  0.7410  0.7410  0.7122  0.7338  0.7626
P05824           0.7626  0.7626  0.7626  0.7626  0.7770  0.7482  0.7770  0.7698  0.7770  0.7770  0.7626  0.7698  0.8417  0.6763
B7MYA8           0.7626  0.7626  0.7626  0.7626  0.7770  0.7482  0.7770  0.7698  0.7770  0.7770  0.7626  0.7770  0.8417  0.6763  0.0216
A0YKZ6           0.7266  0.7050  0.7626  0.7410  0.6763  0.7050  0.6835  0.7122  0.6978  0.7482  0.7194  0.7338  0.7986  0.3453  0.6763  0.6763
A5GX26           0.7482  0.7194  0.7770  0.7770  0.7482  0.7410  0.7482  0.7626  0.7626  0.7842  0.7338  0.7554  0.7914  0.5683  0.6835  0.6906  0.5324
B7LUV8           0.7626  0.7626  0.7626  0.7626  0.7770  0.7482  0.7770  0.7698  0.7770  0.7770  0.7626  0.7770  0.8417  0.6763  0.0288  0.0072  0.6763  0.6978
A2CE40           0.7410  0.7266  0.7842  0.7770  0.7410  0.7482  0.7626  0.7338  0.7770  0.7914  0.7410  0.7338  0.7698  0.5540  0.7482  0.7482  0.5468  0.3453  0.7482
Q3MAY2           0.7122  0.6835  0.7698  0.7266  0.6835  0.7194  0.7194  0.7266  0.7194  0.7266  0.6835  0.6763  0.7554  0.4029  0.6978  0.6978  0.3022  0.5396  0.6978  0.5683
Q8YMH2           0.7194  0.6906  0.7698  0.7266  0.6906  0.7194  0.7266  0.7266  0.7266  0.7338  0.6906  0.6691  0.7626  0.3957  0.6906  0.6906  0.3022  0.5396  0.6906  0.5683  0.0216
Q7NNY7           0.7554  0.7482  0.7266  0.7914  0.7554  0.7194  0.7698  0.7482  0.7770  0.7626  0.7050  0.7554  0.7986  0.5324  0.7122  0.7122  0.5036  0.5468  0.7122  0.5755  0.5180  0.5180
C7QWY0           0.7194  0.6978  0.7698  0.7482  0.7050  0.7338  0.7266  0.7194  0.7338  0.7554  0.7554  0.7266  0.7698  0.4317  0.6763  0.6835  0.3525  0.5612  0.6835  0.5827  0.3813  0.3813  0.5180
Q2JRL3           0.7410  0.7338  0.7842  0.7698  0.6763  0.7194  0.7410  0.7338  0.7338  0.7410  0.6835  0.7266  0.7986  0.4460  0.6906  0.6978  0.4101  0.5899  0.6978  0.5612  0.4604  0.4532  0.4964  0.4388
B7JYV6           0.7194  0.6978  0.7698  0.7482  0.7050  0.7338  0.7266  0.7194  0.7338  0.7554  0.7554  0.7266  0.7698  0.4317  0.6763  0.6835  0.3525  0.5612  0.6835  0.5827  0.3813  0.3813  0.5180  0.0000  0.4388
Q05UV8           0.7842  0.7266  0.7770  0.7842  0.7410  0.7626  0.7626  0.7626  0.7698  0.7698  0.7554  0.7554  0.8345  0.5180  0.6763  0.6763  0.5180  0.3669  0.6835  0.3309  0.5612  0.5612  0.5612  0.5468  0.5396  0.5468
B8HMN7           0.7698  0.7554  0.7842  0.7698  0.7626  0.7194  0.7482  0.7842  0.7554  0.7914  0.7266  0.7626  0.7842  0.4460  0.6978  0.6978  0.3813  0.5324  0.6978  0.5540  0.4029  0.4101  0.5540  0.4964  0.4820  0.4964  0.5324
Q5MZL6           0.7410  0.7194  0.7338  0.7770  0.7266  0.7122  0.7554  0.7482  0.7626  0.7626  0.7266  0.7554  0.8058  0.4460  0.6763  0.6763  0.3669  0.5180  0.6763  0.5396  0.4101  0.4029  0.4892  0.4317  0.4532  0.4317  0.5108  0.4388
Q31MB0           0.7410  0.7194  0.7338  0.7770  0.7266  0.7122  0.7554  0.7482  0.7626  0.7626  0.7266  0.7554  0.8058  0.4460  0.6763  0.6763  0.3669  0.5180  0.6763  0.5396  0.4101  0.4029  0.4892  0.4317  0.4532  0.4317  0.5108  0.4388  0.0000
B4AZE9           0.7050  0.6906  0.7626  0.7194  0.6906  0.7194  0.7194  0.7122  0.7338  0.7482  0.7338  0.7338  0.7698  0.3957  0.6763  0.6763  0.3237  0.5396  0.6763  0.5468  0.3381  0.3453  0.5036  0.2806  0.4532  0.2806  0.5252  0.4460  0.4317  0.4317
A4CWU5           0.7914  0.7626  0.7698  0.7914  0.7842  0.7626  0.8129  0.7986  0.8201  0.7842  0.7698  0.7842  0.8273  0.5827  0.6978  0.6978  0.5755  0.4245  0.6978  0.4029  0.5827  0.5755  0.5396  0.5899  0.5899  0.5899  0.3525  0.5755  0.5324  0.5324  0.5612
B0JJL0           0.6978  0.6978  0.7266  0.7194  0.6763  0.7050  0.7266  0.6978  0.7266  0.7626  0.7410  0.7122  0.7698  0.4532  0.6906  0.6835  0.3741  0.5755  0.6835  0.5468  0.4029  0.3957  0.5036  0.2950  0.4388  0.2950  0.5540  0.4748  0.4245  0.4245  0.3309  0.5827
Q3AG65           0.7698  0.7482  0.7698  0.7842  0.7626  0.7554  0.7842  0.7770  0.7842  0.7698  0.7482  0.7842  0.8129  0.5540  0.7050  0.7122  0.5612  0.3813  0.7122  0.4029  0.5899  0.5899  0.5468  0.5899  0.5899  0.5899  0.3597  0.5612  0.5324  0.5324  0.5683  0.3525  0.5971
Q2JNB2           0.7626  0.7338  0.7770  0.7842  0.6978  0.7194  0.7482  0.7410  0.7410  0.7626  0.6906  0.7266  0.7986  0.4532  0.6906  0.6978  0.4029  0.5827  0.6978  0.5612  0.4604  0.4532  0.4964  0.4532  0.1439  0.4532  0.5324  0.4532  0.4748  0.4748  0.4748  0.5683  0.4604  0.5827
A5GPU1           0.7986  0.7554  0.7842  0.7986  0.7914  0.7698  0.8201  0.7986  0.8273  0.7986  0.7698  0.7986  0.8489  0.5683  0.6906  0.6906  0.5755  0.4173  0.6978  0.4029  0.5755  0.5755  0.5396  0.5971  0.5899  0.5971  0.3381  0.5683  0.5396  0.5396  0.5612  0.1223  0.5971  0.3597  0.5612
B0C985           0.7698  0.7194  0.7554  0.7698  0.7482  0.7410  0.7410  0.7770  0.7410  0.7626  0.7050  0.7266  0.7842  0.4676  0.7050  0.7050  0.3957  0.5108  0.7050  0.5396  0.3813  0.3813  0.5252  0.4460  0.4676  0.4460  0.5396  0.3885  0.4245  0.4245  0.4388  0.5755  0.4460  0.5396  0.4748  0.5683
Q4BZL9           0.7482  0.7266  0.7338  0.7338  0.7122  0.7410  0.7194  0.7194  0.7338  0.7626  0.7410  0.7554  0.7698  0.4245  0.6906  0.6978  0.3597  0.5540  0.6978  0.5612  0.3957  0.3957  0.5324  0.2590  0.4748  0.2590  0.5540  0.4964  0.4604  0.4604  0.2734  0.5755  0.3165  0.5683  0.5036  0.5755  0.4676
P74374           0.7554  0.7482  0.7554  0.7482  0.7050  0.6906  0.7554  0.7194  0.7554  0.7770  0.6978  0.7482  0.7554  0.4676  0.7050  0.7050  0.3741  0.5755  0.7050  0.5755  0.3957  0.3885  0.5612  0.3813  0.4604  0.3813  0.5827  0.4317  0.4317  0.4317  0.3669  0.5755  0.3597  0.5971  0.4748  0.5683  0.4245  0.3813
Q7V9F1           0.7482  0.7050  0.7698  0.7266  0.7554  0.7698  0.6978  0.7122  0.6978  0.7194  0.6906  0.7338  0.7842  0.6331  0.7266  0.7266  0.6331  0.5683  0.7266  0.5683  0.6115  0.6187  0.6403  0.6331  0.6187  0.6331  0.5899  0.6115  0.6619  0.6619  0.6259  0.5755  0.6475  0.5755  0.6187  0.5899  0.5971  0.5971  0.6403
A3PFK1           0.7122  0.7482  0.8489  0.7626  0.7914  0.8129  0.7554  0.7338  0.7626  0.7914  0.7554  0.7770  0.8058  0.6763  0.7338  0.7338  0.7050  0.6043  0.7338  0.5683  0.6619  0.6691  0.6978  0.6835  0.6691  0.6835  0.6259  0.6906  0.6763  0.6763  0.6547  0.5971  0.6906  0.6115  0.7050  0.5971  0.6691  0.6619  0.6835  0.6115
B7KBG4           0.7194  0.6978  0.7698  0.7338  0.7122  0.7194  0.7410  0.7266  0.7338  0.7338  0.7338  0.7482  0.7770  0.3813  0.6763  0.6835  0.3237  0.5683  0.6835  0.5899  0.3669  0.3669  0.5180  0.2518  0.4388  0.2518  0.5396  0.4604  0.4388  0.4388  0.2230  0.5755  0.3309  0.5755  0.4388  0.5827  0.4532  0.2806  0.3741  0.6403  0.6691
A3IGT4           0.7626  0.7122  0.7626  0.7410  0.6906  0.7554  0.7194  0.7122  0.7410  0.7554  0.7338  0.7554  0.7554  0.4388  0.7122  0.7050  0.3669  0.5468  0.7050  0.5612  0.3813  0.3813  0.5252  0.2302  0.4604  0.2302  0.5396  0.5180  0.4532  0.4532  0.2662  0.5827  0.3453  0.5755  0.4964  0.5827  0.4748  0.1367  0.3813  0.6115  0.6547  0.2806
B1XP16           0.7554  0.6906  0.7770  0.7410  0.7050  0.7050  0.7194  0.7266  0.7122  0.7698  0.7122  0.7410  0.7770  0.4532  0.6978  0.6978  0.3237  0.5108  0.6978  0.5683  0.3525  0.3525  0.5396  0.3525  0.4173  0.3525  0.5396  0.4101  0.4317  0.4317  0.3525  0.5612  0.4029  0.5324  0.4029  0.5612  0.3957  0.4029  0.3669  0.5971  0.6835  0.3381  0.3669
Q46I65           0.7338  0.7410  0.7986  0.7770  0.7482  0.7842  0.7698  0.7482  0.7698  0.7482  0.7338  0.7482  0.7698  0.6475  0.7122  0.7122  0.5971  0.6259  0.7122  0.5755  0.5971  0.6043  0.6475  0.6115  0.6259  0.6115  0.5755  0.6691  0.6115  0.6115  0.6403  0.5683  0.6259  0.5540  0.6331  0.5827  0.6475  0.6259  0.6475  0.6187  0.6043  0.6043  0.5899  0.6115
A3Z3U2           0.7842  0.7338  0.7914  0.7914  0.7698  0.7338  0.7842  0.7842  0.7842  0.7410  0.7482  0.7626  0.8129  0.5683  0.7122  0.7122  0.5612  0.3813  0.7122  0.3597  0.5755  0.5755  0.5612  0.6043  0.5683  0.6043  0.2662  0.5827  0.5324  0.5324  0.5755  0.3237  0.5899  0.4101  0.5755  0.3381  0.5683  0.5899  0.6187  0.5396  0.6259  0.5971  0.5899  0.5612  0.5827
A2BTU4           0.7050  0.7482  0.8417  0.7626  0.7914  0.7986  0.7554  0.7338  0.7554  0.7842  0.7626  0.7770  0.7986  0.6763  0.7410  0.7410  0.7050  0.6043  0.7410  0.5683  0.6547  0.6619  0.6978  0.6906  0.6547  0.6906  0.6331  0.6906  0.6835  0.6835  0.6547  0.6115  0.6906  0.6259  0.6906  0.6043  0.6691  0.6691  0.6763  0.6043  0.1079  0.6763  0.6619  0.6835  0.6115  0.6187
Q118I9           0.7194  0.7050  0.7482  0.7266  0.7122  0.6978  0.7266  0.7266  0.7194  0.7410  0.7194  0.7554  0.7482  0.3957  0.6978  0.6978  0.2950  0.5540  0.6978  0.5827  0.3813  0.3885  0.5252  0.4101  0.4604  0.4101  0.5683  0.4532  0.4820  0.4820  0.3885  0.6043  0.4388  0.5899  0.4820  0.6115  0.4388  0.3957  0.4388  0.6331  0.6906  0.3813  0.4317  0.4101  0.6187  0.6115  0.6906
B2IXX3           0.7482  0.6835  0.7698  0.7266  0.7266  0.7266  0.7338  0.7338  0.7410  0.7338  0.7194  0.6978  0.7770  0.3813  0.6763  0.6763  0.3237  0.5396  0.6763  0.5683  0.1799  0.1799  0.5180  0.3741  0.4748  0.3741  0.5540  0.3885  0.4173  0.4173  0.3597  0.5755  0.4101  0.5683  0.4604  0.5612  0.3885  0.3957  0.4245  0.6187  0.6475  0.3597  0.3957  0.3813  0.6115  0.5899  0.6547  0.3525
A2C5J3           0.7338  0.7410  0.7986  0.7698  0.7554  0.7914  0.7770  0.7410  0.7770  0.7554  0.7338  0.7554  0.7698  0.6547  0.7266  0.7266  0.6043  0.6259  0.7266  0.5755  0.6043  0.6115  0.6403  0.6115  0.6331  0.6115  0.5755  0.6691  0.6187  0.6187  0.6475  0.5755  0.6403  0.5612  0.6403  0.5899  0.6619  0.6259  0.6547  0.6115  0.6043  0.6187  0.5899  0.6187  0.0360  0.5827  0.6115  0.6115  0.6187
A0ZMK2           0.7482  0.6978  0.7626  0.7194  0.7338  0.7122  0.7554  0.7410  0.7626  0.7554  0.7050  0.7266  0.7842  0.4101  0.6691  0.6763  0.3237  0.5252  0.6763  0.5683  0.1799  0.1871  0.5036  0.3741  0.4388  0.3741  0.5540  0.3813  0.3957  0.3957  0.3309  0.5827  0.3885  0.5755  0.4532  0.5683  0.3669  0.3957  0.4388  0.6187  0.6691  0.3669  0.3885  0.3597  0.6115  0.5683  0.6619  0.3453  0.1799  0.6115
Q7V3S0           0.7842  0.7482  0.7698  0.8058  0.7770  0.7338  0.7842  0.7770  0.7842  0.7698  0.7338  0.7842  0.8201  0.5827  0.6978  0.7050  0.5755  0.3957  0.7050  0.4245  0.6043  0.6043  0.5396  0.5971  0.5899  0.5971  0.3813  0.5612  0.5612  0.5612  0.5827  0.3741  0.6115  0.1007  0.5827  0.3597  0.5468  0.5899  0.6043  0.5755  0.6187  0.5899  0.5971  0.5468  0.5612  0.4173  0.6331  0.5971  0.5827  0.5612  0.5827
A8G7L7           0.6978  0.7338  0.8345  0.7554  0.7770  0.7986  0.7482  0.7554  0.7554  0.7626  0.7698  0.7554  0.7842  0.6906  0.7410  0.7410  0.7266  0.6115  0.7410  0.6043  0.6763  0.6835  0.7050  0.6763  0.6835  0.6763  0.6115  0.6978  0.6978  0.6978  0.6763  0.6043  0.7050  0.6259  0.6978  0.6115  0.6835  0.6763  0.6906  0.6115  0.1727  0.6619  0.6763  0.6906  0.5971  0.6043  0.1799  0.7122  0.6763  0.5971  0.6835  0.6259
B9YKU2           0.7266  0.6835  0.7770  0.7194  0.7050  0.7050  0.7194  0.7194  0.7194  0.7482  0.7050  0.7050  0.7842  0.3885  0.6835  0.6835  0.3381  0.5540  0.6835  0.5468  0.2158  0.2158  0.5324  0.3885  0.4460  0.3885  0.5036  0.4101  0.4460  0.4460  0.3525  0.5899  0.3885  0.5612  0.4460  0.5755  0.4245  0.4173  0.4245  0.6187  0.6619  0.3957  0.3957  0.3741  0.6115  0.5683  0.6547  0.3741  0.2302  0.6187  0.2014  0.5755  0.6835
Q317S8           0.6978  0.7266  0.8489  0.7554  0.7842  0.8058  0.7482  0.7266  0.7554  0.7698  0.7554  0.7626  0.7986  0.6691  0.7482  0.7482  0.6763  0.5971  0.7482  0.5612  0.6475  0.6547  0.7050  0.6763  0.6763  0.6763  0.6115  0.6978  0.6691  0.6691  0.6403  0.5899  0.6906  0.6259  0.6906  0.5971  0.6619  0.6619  0.6978  0.5899  0.1942  0.6403  0.6619  0.6619  0.6043  0.5971  0.1942  0.6906  0.6403  0.6043  0.6691  0.6331  0.1799  0.6619
Q7TU16           0.7554  0.7482  0.8489  0.7554  0.8129  0.8129  0.7914  0.7482  0.7986  0.7770  0.7482  0.7770  0.8058  0.7122  0.7626  0.7626  0.6906  0.6331  0.7626  0.6043  0.6691  0.6691  0.6978  0.7050  0.6978  0.7050  0.6547  0.6763  0.6763  0.6763  0.6763  0.6331  0.6906  0.6475  0.7050  0.6259  0.6763  0.6835  0.6763  0.6115  0.3669  0.6619  0.6691  0.6906  0.6475  0.6475  0.3669  0.6906  0.6763  0.6475  0.6763  0.6475  0.3453  0.6547  0.3381
A9BDS0           0.7554  0.7554  0.8129  0.7482  0.7338  0.7626  0.7698  0.7554  0.7698  0.7842  0.7194  0.7770  0.7842  0.5899  0.7194  0.7122  0.5683  0.5108  0.7122  0.4820  0.5683  0.5612  0.6187  0.5971  0.5683  0.5971  0.4892  0.6043  0.5971  0.5971  0.5971  0.5324  0.6115  0.5396  0.5827  0.5396  0.5899  0.5971  0.6331  0.5683  0.6187  0.5899  0.5899  0.5612  0.5612  0.4964  0.6187  0.5971  0.5683  0.5612  0.5755  0.5180  0.6331  0.5612  0.5899  0.6547
Q0I5Z5           0.7482  0.7482  0.8129  0.7914  0.7410  0.7842  0.7698  0.7626  0.7698  0.7770  0.7626  0.7410  0.8129  0.5899  0.7338  0.7338  0.5396  0.3957  0.7266  0.3453  0.5396  0.5324  0.5899  0.5683  0.5468  0.5683  0.3453  0.5683  0.5252  0.5252  0.5252  0.3597  0.5612  0.4317  0.5612  0.3669  0.5252  0.5755  0.5827  0.5612  0.5755  0.5755  0.5827  0.5612  0.5755  0.3597  0.5683  0.5683  0.5468  0.5827  0.5540  0.4388  0.5899  0.5252  0.5612  0.6115  0.5180
A3YWF9           0.7698  0.7410  0.7914  0.7770  0.7914  0.7626  0.7986  0.7986  0.7842  0.7698  0.7266  0.7698  0.8058  0.5683  0.7050  0.7050  0.5540  0.4029  0.7122  0.4532  0.5324  0.5324  0.5180  0.5540  0.5612  0.5540  0.3813  0.5108  0.5612  0.5612  0.5468  0.4101  0.5755  0.4532  0.5468  0.3813  0.5252  0.5683  0.5755  0.5468  0.6043  0.5180  0.5683  0.5108  0.6259  0.4101  0.5899  0.5683  0.5180  0.6331  0.5036  0.4388  0.6115  0.5252  0.5827  0.5971  0.5396  0.4173
B1WRD7           0.7554  0.7050  0.7554  0.7410  0.6978  0.7410  0.7266  0.7050  0.7410  0.7554  0.7338  0.7554  0.7554  0.4388  0.7122  0.7050  0.3597  0.5324  0.7050  0.5396  0.3741  0.3741  0.5252  0.2302  0.4676  0.2302  0.5252  0.5036  0.4676  0.4676  0.2662  0.5540  0.3237  0.5612  0.4892  0.5540  0.4892  0.1223  0.3669  0.5971  0.6619  0.2590  0.0863  0.3885  0.6043  0.5683  0.6691  0.4245  0.3957  0.6187  0.3957  0.5827  0.6763  0.4029  0.6619  0.6835  0.5683  0.5683  0.5540
Q062F9           0.7626  0.7482  0.7914  0.7698  0.7770  0.7338  0.7698  0.7626  0.7626  0.7626  0.7410  0.7626  0.7914  0.5612  0.6978  0.6978  0.5612  0.3813  0.7050  0.3741  0.5899  0.5899  0.5612  0.6043  0.5755  0.6043  0.3453  0.5612  0.5683  0.5683  0.5612  0.3741  0.6115  0.3165  0.5683  0.3453  0.5324  0.5683  0.6043  0.5396  0.5683  0.5899  0.5971  0.5612  0.5899  0.3597  0.5827  0.5971  0.5755  0.5899  0.5683  0.3022  0.5899  0.5612  0.5755  0.6187  0.5180  0.3453  0.4029  0.5683
Q3AUF4           0.7626  0.7482  0.7986  0.7626  0.7770  0.7410  0.7698  0.7698  0.7626  0.7554  0.7410  0.7482  0.7914  0.5755  0.6978  0.6978  0.5683  0.4029  0.7050  0.3885  0.5899  0.5899  0.5683  0.5971  0.5827  0.5971  0.3597  0.5683  0.5827  0.5827  0.5755  0.3957  0.6187  0.3381  0.5755  0.3597  0.5396  0.5827  0.6187  0.5396  0.5755  0.5899  0.6115  0.5612  0.5899  0.3669  0.5899  0.6043  0.5755  0.5899  0.5683  0.3237  0.5971  0.5612  0.5827  0.6115  0.5324  0.3597  0.4029  0.5827  0.0360
Q7U3A9           0.7986  0.7410  0.8058  0.7626  0.7698  0.7842  0.7986  0.7986  0.7986  0.7914  0.7626  0.7626  0.8129  0.5899  0.7122  0.7194  0.5468  0.3957  0.7194  0.3957  0.5899  0.5899  0.5612  0.5971  0.5612  0.5971  0.3597  0.5612  0.5540  0.5540  0.5683  0.3669  0.5827  0.2302  0.5540  0.3597  0.5468  0.5971  0.6115  0.5971  0.6115  0.5755  0.6043  0.5540  0.5899  0.3813  0.6259  0.5827  0.5612  0.5899  0.5540  0.2590  0.6187  0.5540  0.6187  0.6403  0.5252  0.3885  0.4173  0.5827  0.2374  0.2518
A2BZA0           0.7554  0.7338  0.8345  0.7482  0.8058  0.8058  0.7698  0.7482  0.7770  0.7770  0.7554  0.7698  0.7914  0.7194  0.7626  0.7626  0.6906  0.6475  0.7626  0.6115  0.6619  0.6691  0.6906  0.6978  0.6906  0.6978  0.6547  0.6763  0.6619  0.6619  0.6691  0.6115  0.6763  0.6547  0.6835  0.6187  0.6763  0.6475  0.6619  0.6115  0.3597  0.6691  0.6547  0.6978  0.6187  0.6547  0.3453  0.6978  0.6763  0.6187  0.6763  0.6547  0.3309  0.6691  0.3381  0.1655  0.6691  0.6043  0.6187  0.6619  0.6043  0.6043  0.6331
Q8DHP6           0.7698  0.7194  0.7914  0.7338  0.7338  0.7122  0.7410  0.7698  0.7626  0.7770  0.7338  0.7482  0.7986  0.6043  0.6763  0.6835  0.5755  0.5612  0.6835  0.6043  0.5755  0.5612  0.5899  0.5827  0.5755  0.5827  0.6043  0.5971  0.5540  0.5540  0.6115  0.6187  0.6043  0.5899  0.5971  0.6187  0.5971  0.6043  0.6403  0.6763  0.6906  0.6115  0.6259  0.5971  0.7122  0.5827  0.6978  0.6187  0.5540  0.7194  0.5755  0.5683  0.6906  0.5827  0.6978  0.6906  0.6331  0.6043  0.5755  0.6115  0.5827  0.5755  0.5827  0.6978


TREE #  1:  ((((((((((((((((37, 28), ((((((((60, 43), 38), (26, 24)), (42, 31)), 33), 39), 44), ((54, ((51, 49), (22, 21))), (48, (17, 14))))), ((35, 25), 23)), (30, 29)), (((64, 56), ((55, (47, 41)), 53)), (((((63, (52, 34)), (62, 61)), (((58, (36, 32)), (46, 27)), (18, 59))), 20), (((50, 45), 40), 57)))), 65), ((19, 15), 16)), 2), 1), (8, (4, 11))), (13, 6)), 3), 5), 12), 10), 9, 7);   MP score: 2223
lnL(ntime:127  np:128): -10528.519493      +0.000000
  66..67   67..68   68..69   69..70   70..71   71..72   72..73   73..74   74..75   75..76   76..77   77..78   78..79   79..80   80..81   81..37   81..28   80..82   82..83   83..84   84..85   85..86   86..87   87..88   88..89   89..60   89..43   88..38   87..90   90..26   90..24   86..91   91..42   91..31   85..33   84..39   83..44   82..92   92..93   93..54   93..94   94..95   95..51   95..49   94..96   96..22   96..21   92..97   97..48   97..98   98..17   98..14   79..99   99..100 100..35  100..25   99..23   78..101 101..30  101..29   77..102 102..103 103..104 104..64  104..56  103..105 105..106 106..55  106..107 107..47  107..41  105..53  102..108 108..109 109..110 110..111 111..112 112..63  112..113 113..52  113..34  111..114 114..62  114..61  110..115 115..116 116..117 117..58  117..118 118..36  118..32  116..119 119..46  119..27  115..120 120..18  120..59  109..20  108..121 121..122 122..123 123..50  123..45  122..40  121..57   76..65   75..124 124..125 125..19  125..15  124..16   74..2    73..1    72..126 126..8   126..127 127..4   127..11   71..128 128..13  128..6    70..3    69..5    68..12   67..10   66..9    66..7  
 0.165022 0.025535 0.124949 0.496492 0.129838 0.176295 0.088365 0.126884 2.260172 0.209092 0.321029 0.225368 0.105195 0.158617 0.202259 0.343671 0.388751 0.000004 0.094269 0.140339 0.050322 0.059388 0.037278 0.143604 0.021591 0.036628 0.053530 0.098822 0.136374 0.000004 0.000004 0.072895 0.132165 0.178948 0.357172 0.359804 0.343597 0.000004 0.196834 0.173565 0.013727 0.010401 0.100736 0.119931 0.118147 0.020476 0.000004 0.041321 0.353762 0.022733 0.136989 0.512616 0.133058 0.428374 0.091444 0.068341 0.839047 0.491195 0.000004 0.000004 0.321972 1.211910 0.359788 0.080432 0.124878 0.041133 0.000004 0.105522 0.068897 0.053617 0.058367 0.091513 0.058233 0.167969 0.128668 0.271834 0.094907 0.129650 0.205174 0.083789 0.025829 0.204027 0.037504 0.000004 0.000004 0.000004 0.100232 0.356867 0.275340 0.070121 0.073107 0.075436 0.276631 0.166142 0.110489 0.349108 0.494461 0.296324 0.071858 0.132898 1.040773 0.034053 0.000004 1.130598 0.634218 0.559607 1.878889 0.000004 0.006565 0.020743 0.000004 0.512816 0.421026 0.072223 0.707063 0.005511 1.006171 1.367408 0.347469 2.366368 0.831704 0.891444 0.368918 0.233828 0.421818 0.024627 0.024633 0.756142

tree length =  33.42011

((((((((((((((((37: 0.343671, 28: 0.388751): 0.202259, ((((((((60: 0.036628, 43: 0.053530): 0.021591, 38: 0.098822): 0.143604, (26: 0.000004, 24: 0.000004): 0.136374): 0.037278, (42: 0.132165, 31: 0.178948): 0.072895): 0.059388, 33: 0.357172): 0.050322, 39: 0.359804): 0.140339, 44: 0.343597): 0.094269, ((54: 0.173565, ((51: 0.100736, 49: 0.119931): 0.010401, (22: 0.020476, 21: 0.000004): 0.118147): 0.013727): 0.196834, (48: 0.353762, (17: 0.136989, 14: 0.512616): 0.022733): 0.041321): 0.000004): 0.000004): 0.158617, ((35: 0.091444, 25: 0.068341): 0.428374, 23: 0.839047): 0.133058): 0.105195, (30: 0.000004, 29: 0.000004): 0.491195): 0.225368, (((64: 0.080432, 56: 0.124878): 0.359788, ((55: 0.105522, (47: 0.053617, 41: 0.058367): 0.068897): 0.000004, 53: 0.091513): 0.041133): 1.211910, (((((63: 0.129650, (52: 0.083789, 34: 0.025829): 0.205174): 0.094907, (62: 0.037504, 61: 0.000004): 0.204027): 0.271834, (((58: 0.356867, (36: 0.070121, 32: 0.073107): 0.275340): 0.100232, (46: 0.276631, 27: 0.166142): 0.075436): 0.000004, (18: 0.349108, 59: 0.494461): 0.110489): 0.000004): 0.128668, 20: 0.296324): 0.167969, (((50: 0.034053, 45: 0.000004): 1.040773, 40: 1.130598): 0.132898, 57: 0.634218): 0.071858): 0.058233): 0.321972): 0.321029, 65: 0.559607): 0.209092, ((19: 0.006565, 15: 0.020743): 0.000004, 16: 0.000004): 1.878889): 2.260172, 2: 0.512816): 0.126884, 1: 0.421026): 0.088365, (8: 0.707063, (4: 1.006171, 11: 1.367408): 0.005511): 0.072223): 0.176295, (13: 2.366368, 6: 0.831704): 0.347469): 0.129838, 3: 0.891444): 0.496492, 5: 0.368918): 0.124949, 12: 0.233828): 0.025535, 10: 0.421818): 0.165022, 9: 0.024627, 7: 0.024633);

((((((((((((((((B0C985: 0.343671, B8HMN7: 0.388751): 0.202259, ((((((((B1WRD7: 0.036628, A3IGT4: 0.053530): 0.021591, Q4BZL9: 0.098822): 0.143604, (B7JYV6: 0.000004, C7QWY0: 0.000004): 0.136374): 0.037278, (B7KBG4: 0.132165, B4AZE9: 0.178948): 0.072895): 0.059388, B0JJL0: 0.357172): 0.050322, P74374: 0.359804): 0.140339, B1XP16: 0.343597): 0.094269, ((B9YKU2: 0.173565, ((A0ZMK2: 0.100736, B2IXX3: 0.119931): 0.010401, (Q8YMH2: 0.020476, Q3MAY2: 0.000004): 0.118147): 0.013727): 0.196834, (Q118I9: 0.353762, (A0YKZ6: 0.136989, B5W994: 0.512616): 0.022733): 0.041321): 0.000004): 0.000004): 0.158617, ((Q2JNB2: 0.091444, Q2JRL3: 0.068341): 0.428374, Q7NNY7: 0.839047): 0.133058): 0.105195, (Q31MB0: 0.000004, Q5MZL6: 0.000004): 0.491195): 0.225368, (((A2BZA0: 0.080432, Q7TU16: 0.124878): 0.359788, ((Q317S8: 0.105522, (A2BTU4: 0.053617, A3PFK1: 0.058367): 0.068897): 0.000004, A8G7L7: 0.091513): 0.041133): 1.211910, (((((Q7U3A9: 0.129650, (Q7V3S0: 0.083789, Q3AG65: 0.025829): 0.205174): 0.094907, (Q3AUF4: 0.037504, Q062F9: 0.000004): 0.204027): 0.271834, (((Q0I5Z5: 0.356867, (A5GPU1: 0.070121, A4CWU5: 0.073107): 0.275340): 0.100232, (A3Z3U2: 0.276631, Q05UV8: 0.166142): 0.075436): 0.000004, (A5GX26: 0.349108, A3YWF9: 0.494461): 0.110489): 0.000004): 0.128668, A2CE40: 0.296324): 0.167969, (((A2C5J3: 0.034053, Q46I65: 0.000004): 1.040773, Q7V9F1: 1.130598): 0.132898, A9BDS0: 0.634218): 0.071858): 0.058233): 0.321972): 0.321029, Q8DHP6: 0.559607): 0.209092, ((B7LUV8: 0.006565, P05824: 0.020743): 0.000004, B7MYA8: 0.000004): 1.878889): 2.260172, A6Q326: 0.512816): 0.126884, A8EW84: 0.421026): 0.088365, (B9L9Y1: 0.707063, (Q30RL9: 1.006171, A6Q9M7: 1.367408): 0.005511): 0.072223): 0.176295, (O25943: 2.366368, Q7M8J6: 0.831704): 0.347469): 0.129838, D1B077: 0.891444): 0.496492, B9KFZ5: 0.368918): 0.124949, Q4HHW7: 0.233828): 0.025535, Q4HRP9: 0.421818): 0.165022, A7H4H0: 0.024627, A8FL63: 0.024633);

Detailed output identifying parameters

alpha (gamma, K = 5) =  0.75614
rate:   0.06324  0.27526  0.61696  1.19437  2.85018
freq:   0.20000  0.20000  0.20000  0.20000  0.20000

Time used: 20:58
