AAML (in paml version 4.6, August 2012)  248.aa
Model: Empirical for branches,  Global clock  (../../../bin/LG.dat) dGamma (ncatG=4) ns =  65  ls = 198


Frequencies..
                                    A      R      N      D      C      Q      E      G      H      I      L      K      M      F      P      S      T      W      Y      V
A8ERY1                         0.09091 0.02525 0.06061 0.07576 0.01515 0.03535 0.04040 0.07071 0.05051 0.08586 0.14646 0.06566 0.03030 0.05051 0.02525 0.04545 0.03535 0.00000 0.01010 0.04040
A6Q1L2                         0.10101 0.02525 0.04040 0.07576 0.01010 0.06061 0.03535 0.06566 0.03535 0.07576 0.15152 0.06566 0.02525 0.04040 0.03030 0.04040 0.04545 0.00000 0.03535 0.04040
B9L6S8                         0.10606 0.02020 0.05051 0.07071 0.00505 0.02020 0.05556 0.06566 0.03030 0.06566 0.16162 0.07576 0.02525 0.04040 0.03030 0.04545 0.04040 0.00000 0.04545 0.04545
A6Q6L6                         0.09596 0.04545 0.02525 0.09596 0.00505 0.03535 0.06566 0.06566 0.03030 0.06061 0.14646 0.04040 0.03535 0.04040 0.03535 0.03535 0.05051 0.00000 0.03030 0.06061
D1B4C9                         0.11111 0.04040 0.02525 0.06566 0.01010 0.02525 0.05051 0.07576 0.05051 0.05556 0.16667 0.03030 0.03030 0.05556 0.03535 0.04545 0.04040 0.00000 0.02020 0.06566
Q4HF89                         0.11111 0.02020 0.07071 0.05556 0.01010 0.02525 0.06061 0.06061 0.04545 0.08586 0.16667 0.07071 0.02525 0.05051 0.03030 0.02525 0.05051 0.00000 0.01515 0.02020
A8FNV6                         0.10606 0.02020 0.05051 0.06566 0.01010 0.03030 0.05556 0.05556 0.04545 0.07576 0.16667 0.07576 0.02020 0.06061 0.02525 0.03535 0.05051 0.00000 0.01010 0.04040
A7H5Z1                         0.10606 0.02020 0.05051 0.06566 0.01010 0.03030 0.05556 0.05556 0.04545 0.07576 0.16667 0.07576 0.02020 0.06061 0.02525 0.03535 0.05051 0.00000 0.01010 0.04040
Q30TR3                         0.11111 0.03535 0.05051 0.07071 0.00505 0.02525 0.05051 0.07576 0.03535 0.07071 0.15152 0.03535 0.02020 0.04545 0.04040 0.04040 0.05051 0.00000 0.03535 0.05051
Q7M8G0                         0.13636 0.05051 0.02020 0.05051 0.00505 0.02525 0.06566 0.08586 0.05051 0.04040 0.16162 0.04040 0.02020 0.03535 0.04040 0.04040 0.03535 0.01010 0.03535 0.05051
B9KEJ6                         0.11111 0.02525 0.05051 0.06566 0.01010 0.03030 0.06566 0.07071 0.03535 0.09596 0.16667 0.07071 0.02020 0.06061 0.02020 0.02020 0.04545 0.00505 0.01515 0.01515
Q4HQ39                         0.11111 0.02020 0.04545 0.06061 0.01515 0.02525 0.06061 0.05051 0.03535 0.06566 0.17677 0.07071 0.02525 0.06566 0.02020 0.04040 0.05556 0.00000 0.03030 0.02525
O25583                         0.07576 0.02525 0.05556 0.05556 0.02020 0.03030 0.06061 0.05556 0.05556 0.07071 0.17172 0.06061 0.02525 0.05556 0.02020 0.04545 0.05051 0.00000 0.03535 0.03030
Q7VBG5                         0.11111 0.05556 0.02525 0.08081 0.01515 0.01515 0.06566 0.09091 0.02525 0.06061 0.13636 0.04040 0.02525 0.01515 0.04040 0.06566 0.04545 0.00000 0.01515 0.07071
A8G5D9                         0.09596 0.05051 0.02020 0.07071 0.02020 0.01010 0.07071 0.10101 0.02525 0.07071 0.14141 0.03030 0.03030 0.01010 0.05051 0.06566 0.05051 0.00000 0.02020 0.06566
Q46K06                         0.11111 0.05556 0.01010 0.07576 0.02525 0.01010 0.07576 0.10101 0.02525 0.06566 0.15657 0.04545 0.02525 0.01010 0.04040 0.05051 0.04545 0.00000 0.02020 0.05051
A5GRZ5                         0.13131 0.05556 0.01010 0.08081 0.01010 0.01515 0.06061 0.09091 0.02525 0.05556 0.16162 0.02525 0.02525 0.01010 0.04545 0.07576 0.05051 0.00000 0.02020 0.05051
Q2JX96                         0.14141 0.05051 0.01010 0.06061 0.01515 0.02525 0.06566 0.09091 0.04040 0.07071 0.12121 0.02525 0.02525 0.02020 0.04040 0.05051 0.04545 0.00000 0.03030 0.07071
Q31AF5                         0.09596 0.05051 0.02020 0.07071 0.02020 0.01010 0.07071 0.10101 0.02525 0.07071 0.14141 0.03030 0.03030 0.01515 0.05051 0.06566 0.05051 0.00000 0.02020 0.06061
A2C3L2                         0.11111 0.05556 0.01010 0.07071 0.02525 0.01010 0.07576 0.10606 0.02525 0.06566 0.15657 0.04545 0.02525 0.01010 0.04040 0.05051 0.04545 0.00000 0.02020 0.05051
A3PDH4                         0.09596 0.05051 0.02525 0.07576 0.02020 0.01010 0.06566 0.10101 0.02525 0.06566 0.14141 0.03030 0.03030 0.01515 0.05051 0.06566 0.04545 0.00000 0.02020 0.06566
Q0IBG8                         0.13636 0.06566 0.02020 0.08081 0.01515 0.01515 0.05556 0.09091 0.02525 0.04545 0.14141 0.01515 0.04545 0.01010 0.04040 0.06061 0.04040 0.00000 0.02020 0.07576
A4CVN2                         0.12626 0.06566 0.01515 0.07071 0.01515 0.01010 0.06566 0.09091 0.02525 0.04040 0.15152 0.02020 0.03535 0.01010 0.05556 0.06061 0.04040 0.00000 0.02020 0.08081
A2BRP8                         0.09596 0.05051 0.02020 0.07071 0.02020 0.01010 0.06566 0.10101 0.02525 0.06566 0.14141 0.03535 0.03030 0.01515 0.05051 0.06566 0.05051 0.00000 0.02020 0.06566
A2BX56                         0.09596 0.05051 0.02525 0.07071 0.02020 0.01010 0.07071 0.10101 0.02525 0.07071 0.14646 0.03030 0.03030 0.01010 0.05051 0.06566 0.04545 0.00000 0.02020 0.06061
Q2JKH5                         0.13636 0.05051 0.01010 0.06061 0.01515 0.03030 0.06566 0.09091 0.03535 0.07576 0.12626 0.02525 0.02020 0.02525 0.04040 0.04545 0.05051 0.00000 0.02525 0.07071
Q7V119                         0.09596 0.05051 0.02525 0.06566 0.01515 0.01010 0.07071 0.10606 0.02525 0.06566 0.13636 0.03030 0.03030 0.02020 0.04545 0.07576 0.04545 0.00000 0.02020 0.06566
A3Z1J3                         0.14141 0.06061 0.01010 0.06061 0.01515 0.02525 0.07576 0.10101 0.02525 0.04545 0.16162 0.02020 0.02525 0.01010 0.04545 0.04545 0.04545 0.00000 0.02020 0.06566
A5GM30                         0.12626 0.06566 0.01515 0.07071 0.01515 0.01010 0.07071 0.09091 0.02525 0.04040 0.15152 0.02020 0.03535 0.01010 0.05051 0.06061 0.04040 0.00000 0.02020 0.08081
Q7V6P0                         0.11616 0.06061 0.01010 0.07576 0.02525 0.01515 0.07576 0.10101 0.02525 0.05556 0.15152 0.02525 0.02525 0.01515 0.05556 0.04545 0.03535 0.00000 0.01515 0.07071
A0YSZ6                         0.10606 0.04040 0.01515 0.06566 0.02020 0.03535 0.07071 0.09596 0.03030 0.07576 0.11111 0.03535 0.03535 0.02020 0.03030 0.04040 0.06566 0.00000 0.03535 0.07071
Q5N420                         0.13636 0.05051 0.02020 0.07071 0.01515 0.02525 0.05556 0.07576 0.03030 0.07071 0.13131 0.02525 0.02020 0.01515 0.05051 0.04545 0.06061 0.00000 0.03030 0.07071
Q31Q61                         0.13636 0.05051 0.02020 0.07071 0.01515 0.02525 0.05556 0.07576 0.03030 0.07071 0.13131 0.02525 0.02020 0.01515 0.05051 0.04545 0.06061 0.00000 0.03030 0.07071
Q05XT4                         0.12626 0.06061 0.01010 0.08081 0.02020 0.01010 0.06566 0.09596 0.02525 0.04545 0.15152 0.03030 0.03030 0.01010 0.05051 0.04545 0.04545 0.00000 0.02020 0.07576
B1WS34                         0.09596 0.06061 0.02525 0.07576 0.01515 0.02525 0.06061 0.08586 0.02525 0.07071 0.13636 0.03030 0.03535 0.01515 0.02525 0.05051 0.07071 0.00000 0.03535 0.06061
P72683                         0.12626 0.05556 0.01515 0.07071 0.02020 0.03030 0.06061 0.09091 0.02525 0.07071 0.13636 0.02525 0.02020 0.02020 0.04040 0.04040 0.07071 0.00000 0.03030 0.05051
A2C874                         0.11616 0.06061 0.01010 0.07071 0.02525 0.02020 0.07576 0.10101 0.02525 0.06061 0.14646 0.03030 0.02525 0.01515 0.04545 0.04545 0.04040 0.00000 0.01515 0.07071
B7KEP4                         0.09596 0.04545 0.02020 0.06061 0.01515 0.02020 0.07576 0.09091 0.02525 0.08081 0.12121 0.04040 0.03535 0.01515 0.04040 0.04545 0.08081 0.00000 0.03535 0.05556
A9BB38                         0.12121 0.05556 0.01010 0.07576 0.02020 0.01515 0.07071 0.09091 0.02525 0.07576 0.13131 0.03535 0.02525 0.01010 0.04040 0.06566 0.04545 0.00000 0.02020 0.06566
B8HXR9                         0.12626 0.04545 0.02020 0.05556 0.02525 0.02525 0.06566 0.09091 0.03030 0.06061 0.11111 0.03030 0.04040 0.01515 0.02525 0.03535 0.06566 0.00505 0.04040 0.08586
B2J443                         0.10606 0.06061 0.03030 0.06061 0.02525 0.01515 0.07576 0.09091 0.02525 0.08586 0.12626 0.03030 0.04040 0.01515 0.02525 0.03535 0.05556 0.00000 0.03030 0.06566
A0ZAD3                         0.11111 0.05556 0.03030 0.07071 0.02020 0.02525 0.06061 0.09091 0.02525 0.09596 0.11111 0.03030 0.04040 0.02020 0.02525 0.05051 0.04545 0.00000 0.03535 0.05556
Q4BXI3                         0.09091 0.05051 0.02525 0.07576 0.02020 0.02525 0.06061 0.08586 0.03030 0.07071 0.13131 0.03030 0.03030 0.02020 0.02525 0.05051 0.07071 0.00000 0.03535 0.07071
C7QR25                         0.09091 0.05051 0.03030 0.07071 0.01515 0.02020 0.06061 0.09596 0.03030 0.07576 0.14646 0.04040 0.02525 0.01515 0.03030 0.04040 0.08586 0.00000 0.03535 0.04040
B7K1V4                         0.09091 0.05051 0.03030 0.07071 0.01515 0.02020 0.06061 0.09596 0.03030 0.07576 0.14646 0.04040 0.02525 0.01515 0.03030 0.04040 0.08586 0.00000 0.03535 0.04040
B1XJV9                         0.12626 0.04040 0.02525 0.06566 0.02020 0.03535 0.06566 0.08586 0.02525 0.07071 0.12121 0.03030 0.03535 0.01515 0.03030 0.03030 0.06566 0.00000 0.03030 0.08081
B4AY71                         0.09596 0.04545 0.02525 0.05556 0.01515 0.02525 0.07071 0.09596 0.02525 0.08586 0.12626 0.04040 0.03535 0.02020 0.03535 0.04545 0.08081 0.00000 0.03030 0.04545
Q8Z085                         0.10606 0.05556 0.02525 0.07071 0.02020 0.02525 0.06061 0.09091 0.02525 0.09091 0.11111 0.02525 0.04040 0.02020 0.03030 0.05051 0.05556 0.00000 0.03535 0.06061
Q3M9L9                         0.10101 0.05556 0.02525 0.07576 0.02020 0.02525 0.06061 0.09091 0.02525 0.09091 0.11111 0.02525 0.04040 0.02020 0.03030 0.05051 0.05051 0.00000 0.03535 0.06566
Q8DMU1                         0.12121 0.04040 0.02020 0.06061 0.02020 0.01515 0.06566 0.09091 0.03535 0.07071 0.11616 0.04040 0.04040 0.01515 0.03535 0.04040 0.05556 0.00000 0.04545 0.07071
Q3AYX0                         0.12626 0.06061 0.00505 0.07576 0.01515 0.01010 0.07576 0.10101 0.03030 0.05556 0.14141 0.03030 0.02525 0.01010 0.04545 0.05051 0.04545 0.00000 0.02020 0.07576
B5W5L4                         0.10606 0.05051 0.01515 0.06061 0.02525 0.02020 0.06566 0.10101 0.02525 0.07071 0.12121 0.03535 0.03535 0.02020 0.03535 0.03535 0.06566 0.00000 0.03535 0.07576
Q065C8                         0.12626 0.05556 0.00505 0.08586 0.01515 0.01515 0.06566 0.10101 0.03030 0.05556 0.14141 0.03030 0.02525 0.01010 0.04545 0.05051 0.04545 0.00000 0.02020 0.07576
Q3AIB5                         0.12626 0.06061 0.00505 0.07071 0.01515 0.01515 0.07576 0.10606 0.02525 0.05556 0.15152 0.02525 0.02525 0.01010 0.04545 0.05051 0.05051 0.00000 0.02020 0.06566
Q10X45                         0.10101 0.04040 0.03030 0.06061 0.02020 0.03030 0.05556 0.09091 0.03030 0.08081 0.12121 0.05051 0.03030 0.02020 0.02525 0.05556 0.05051 0.00000 0.03535 0.07071
B0C3J1                         0.13636 0.03535 0.02020 0.06061 0.01515 0.02525 0.06061 0.08586 0.03535 0.06566 0.11616 0.04545 0.03030 0.02020 0.04545 0.04040 0.05556 0.00000 0.03030 0.07576
Q7NNJ5                         0.11111 0.07071 0.00505 0.08081 0.02020 0.03030 0.05051 0.10101 0.02525 0.05051 0.13636 0.03030 0.03535 0.01010 0.03030 0.05051 0.05556 0.00000 0.05051 0.05556
A3Z7U9                         0.13636 0.06566 0.00505 0.07071 0.01515 0.01515 0.07576 0.09091 0.02525 0.04545 0.15152 0.02020 0.03030 0.01010 0.05556 0.04545 0.04545 0.00000 0.02020 0.07576
B0JU89                         0.11616 0.05051 0.02525 0.06061 0.01515 0.02525 0.06061 0.10101 0.02020 0.08081 0.13636 0.03030 0.03030 0.02020 0.03030 0.05051 0.06061 0.00000 0.03030 0.05556
Q7U881                         0.12626 0.06061 0.00505 0.07071 0.01515 0.02020 0.07576 0.09596 0.02525 0.05556 0.14646 0.02525 0.03030 0.01010 0.05051 0.05051 0.04040 0.00000 0.02020 0.07576
B7LMG6                         0.13131 0.06061 0.01515 0.08586 0.01515 0.03535 0.04545 0.09596 0.03030 0.06061 0.12121 0.02525 0.03030 0.03030 0.04040 0.05556 0.04040 0.00000 0.02020 0.06061
B7MQD6                         0.13636 0.06061 0.01515 0.08586 0.01515 0.03535 0.04545 0.09091 0.03030 0.06061 0.12121 0.02525 0.03030 0.03030 0.04040 0.05556 0.04040 0.00000 0.02020 0.06061
P22939                         0.13636 0.06061 0.01515 0.08586 0.01515 0.03535 0.04545 0.09091 0.03030 0.06061 0.12121 0.02525 0.03030 0.03030 0.04040 0.05556 0.04040 0.00000 0.02020 0.06061
A3ISY7                         0.09596 0.05051 0.02525 0.07576 0.01515 0.02525 0.06061 0.08586 0.02525 0.07576 0.13636 0.03535 0.03535 0.01515 0.02525 0.05051 0.06566 0.00000 0.03535 0.06566
B9YVG6                         0.09596 0.07071 0.04040 0.04545 0.02020 0.01010 0.06061 0.07576 0.03535 0.07071 0.11616 0.04545 0.03535 0.02020 0.04040 0.05051 0.05051 0.01010 0.04040 0.06566

Homogeneity statistic: X2 = 4.69453 G = 4.23484 

Average                        0.11344 0.04926 0.02378 0.06977 0.01655 0.02238 0.06317 0.08819 0.03038 0.06760 0.14002 0.03683 0.02953 0.02292 0.03792 0.04848 0.05206 0.00047 0.02673 0.06053

# constant sites:     33 (16.67%)
ln Lmax (unconstrained) = -1009.935406

AA distances (raw proportions of different sites)

A8ERY1         
A6Q1L2           0.3485
B9L6S8           0.3687  0.3535
A6Q6L6           0.3687  0.3232  0.3586
D1B4C9           0.3687  0.3737  0.3687  0.3838
Q4HF89           0.3434  0.4040  0.3788  0.3990  0.3586
A8FNV6           0.3232  0.4091  0.3838  0.4040  0.3687  0.1768
A7H5Z1           0.3232  0.4091  0.3838  0.4040  0.3687  0.1768  0.0000
Q30TR3           0.3788  0.3939  0.3030  0.3535  0.4141  0.3788  0.4040  0.4040
Q7M8G0           0.4040  0.4141  0.3889  0.4040  0.3333  0.3939  0.4192  0.4192  0.3889
B9KEJ6           0.3687  0.4040  0.4343  0.4091  0.4091  0.2222  0.2626  0.2626  0.4293  0.4192
Q4HQ39           0.3636  0.4242  0.4192  0.4242  0.3939  0.2020  0.2121  0.2121  0.4091  0.4192  0.2475
O25583           0.4343  0.4545  0.3939  0.5051  0.3990  0.4192  0.4646  0.4646  0.4394  0.4293  0.4596  0.4545
Q7VBG5           0.5606  0.5808  0.5253  0.5909  0.5707  0.5707  0.5707  0.5707  0.5657  0.5758  0.5859  0.5657  0.6111
A8G5D9           0.6061  0.6212  0.5657  0.6212  0.6111  0.5707  0.5758  0.5758  0.5859  0.5909  0.5909  0.5808  0.6263  0.2020
Q46K06           0.6061  0.6010  0.5455  0.6111  0.5859  0.5707  0.5505  0.5505  0.5808  0.5808  0.5758  0.5758  0.6212  0.1768  0.1616
A5GRZ5           0.5808  0.5859  0.5505  0.5758  0.5657  0.5657  0.5505  0.5505  0.5657  0.5758  0.5657  0.5556  0.6162  0.1818  0.1717  0.1667
Q2JX96           0.5808  0.5960  0.5758  0.5859  0.6111  0.5960  0.5758  0.5758  0.5960  0.6010  0.6010  0.6061  0.6414  0.3030  0.3283  0.2929  0.2980
Q31AF5           0.6061  0.6212  0.5657  0.6212  0.6111  0.5707  0.5758  0.5758  0.5859  0.5909  0.5909  0.5808  0.6263  0.2020  0.0051  0.1616  0.1717  0.3283
A2C3L2           0.6061  0.6010  0.5455  0.6111  0.5859  0.5707  0.5505  0.5505  0.5808  0.5808  0.5758  0.5758  0.6212  0.1818  0.1667  0.0051  0.1717  0.2929  0.1667
A3PDH4           0.6061  0.6263  0.5606  0.6162  0.6162  0.5758  0.5758  0.5758  0.5808  0.5960  0.5909  0.5859  0.6313  0.2020  0.0202  0.1616  0.1667  0.3384  0.0152  0.1667
Q0IBG8           0.5758  0.5960  0.5758  0.5909  0.5808  0.5909  0.5909  0.5909  0.5909  0.5758  0.6010  0.5859  0.6364  0.1667  0.2020  0.1869  0.1818  0.2929  0.2020  0.1919  0.2071
A4CVN2           0.6010  0.6061  0.5808  0.5808  0.5909  0.5758  0.5657  0.5657  0.5808  0.5808  0.5859  0.5808  0.6313  0.1768  0.1667  0.1717  0.1616  0.2727  0.1667  0.1768  0.1717  0.0960
A2BRP8           0.6111  0.6263  0.5707  0.6162  0.6111  0.5808  0.5808  0.5808  0.5909  0.5909  0.6010  0.5707  0.6364  0.1970  0.0152  0.1717  0.1768  0.3384  0.0101  0.1768  0.0202  0.2020  0.1667
A2BX56           0.6061  0.6212  0.5657  0.6212  0.6111  0.5707  0.5758  0.5758  0.5859  0.5909  0.5859  0.5859  0.6263  0.2020  0.0101  0.1616  0.1717  0.3283  0.0101  0.1667  0.0152  0.2020  0.1667  0.0202
Q2JKH5           0.5909  0.6010  0.5909  0.5758  0.6111  0.5960  0.5808  0.5808  0.6111  0.6061  0.6010  0.6061  0.6566  0.3131  0.3333  0.2980  0.3030  0.0354  0.3333  0.2980  0.3434  0.3131  0.2879  0.3434  0.3333
Q7V119           0.6162  0.6212  0.5707  0.6212  0.6061  0.5859  0.5808  0.5808  0.5909  0.5758  0.5960  0.5758  0.6263  0.2020  0.0354  0.1768  0.1818  0.3333  0.0303  0.1818  0.0354  0.2121  0.1818  0.0303  0.0303  0.3384
A3Z1J3           0.5960  0.6061  0.5606  0.5909  0.5657  0.5657  0.5505  0.5505  0.5859  0.5606  0.5859  0.5657  0.6313  0.1667  0.1566  0.1364  0.1010  0.2626  0.1566  0.1364  0.1566  0.1414  0.1263  0.1515  0.1566  0.2677  0.1667
A5GM30           0.6010  0.6061  0.5808  0.5808  0.5909  0.5859  0.5758  0.5758  0.5909  0.5808  0.5960  0.5909  0.6313  0.1717  0.1717  0.1667  0.1566  0.2677  0.1717  0.1717  0.1768  0.0960  0.0152  0.1717  0.1717  0.2828  0.1869  0.1212
Q7V6P0           0.5960  0.6010  0.5606  0.5960  0.5758  0.5707  0.5556  0.5556  0.5859  0.5758  0.5859  0.5606  0.6061  0.1414  0.1465  0.1061  0.1465  0.2929  0.1465  0.1111  0.1465  0.1566  0.1465  0.1465  0.1465  0.2980  0.1616  0.1010  0.1414
A0YSZ6           0.5909  0.6162  0.6010  0.5909  0.5960  0.5909  0.5960  0.5960  0.6061  0.6010  0.5909  0.5960  0.6263  0.3182  0.3283  0.3182  0.3131  0.2323  0.3283  0.3232  0.3384  0.3131  0.3182  0.3384  0.3283  0.2323  0.3485  0.3182  0.3131  0.3081
Q5N420           0.5859  0.5707  0.5758  0.5606  0.5960  0.5859  0.5808  0.5808  0.5808  0.5707  0.6010  0.5758  0.6263  0.2929  0.3232  0.2828  0.2727  0.2424  0.3232  0.2828  0.3333  0.2980  0.2828  0.3333  0.3232  0.2273  0.3232  0.2828  0.2879  0.2980  0.2727
Q31Q61           0.5859  0.5707  0.5758  0.5606  0.5960  0.5859  0.5808  0.5808  0.5808  0.5707  0.6010  0.5758  0.6263  0.2929  0.3232  0.2828  0.2727  0.2424  0.3232  0.2828  0.3333  0.2980  0.2828  0.3333  0.3232  0.2273  0.3232  0.2828  0.2879  0.2980  0.2727  0.0000
Q05XT4           0.6010  0.6111  0.5556  0.5909  0.5808  0.5707  0.5556  0.5556  0.5758  0.5808  0.5859  0.5657  0.6212  0.1414  0.1313  0.1263  0.1212  0.2778  0.1313  0.1313  0.1212  0.1414  0.0960  0.1263  0.1313  0.2929  0.1414  0.0859  0.1010  0.0758  0.3131  0.2980  0.2980
B1WS34           0.5960  0.5960  0.5758  0.5606  0.5909  0.5909  0.5859  0.5859  0.5758  0.5960  0.5909  0.5960  0.6414  0.2929  0.3384  0.3232  0.2929  0.2677  0.3384  0.3283  0.3384  0.3131  0.3131  0.3434  0.3384  0.2677  0.3434  0.3131  0.3081  0.3081  0.2071  0.2778  0.2778  0.3081
P72683           0.6111  0.6061  0.5859  0.5909  0.6061  0.6010  0.5960  0.5960  0.6061  0.5960  0.6111  0.6061  0.6313  0.3131  0.3384  0.3283  0.3131  0.2374  0.3384  0.3333  0.3485  0.3333  0.2980  0.3485  0.3384  0.2323  0.3434  0.3081  0.3030  0.3131  0.2222  0.2576  0.2576  0.2980  0.1970
A2C874           0.6061  0.6061  0.5707  0.5960  0.5758  0.5707  0.5505  0.5505  0.5960  0.5758  0.5859  0.5707  0.6061  0.1616  0.1515  0.1212  0.1566  0.2929  0.1515  0.1263  0.1515  0.1717  0.1566  0.1515  0.1515  0.2980  0.1667  0.1162  0.1465  0.0303  0.3131  0.3232  0.3232  0.0909  0.3081  0.3131
B7KEP4           0.5758  0.6010  0.5859  0.5707  0.6010  0.5859  0.5859  0.5859  0.5960  0.5909  0.5909  0.5960  0.6313  0.3182  0.3384  0.3333  0.3182  0.2273  0.3384  0.3333  0.3485  0.3333  0.3182  0.3485  0.3384  0.2273  0.3485  0.3232  0.3131  0.3232  0.1414  0.2727  0.2727  0.3182  0.1364  0.1768  0.3283
A9BB38           0.6061  0.6010  0.5404  0.5909  0.5707  0.5808  0.5657  0.5657  0.5606  0.5909  0.6010  0.5707  0.6313  0.1313  0.1768  0.1515  0.1869  0.3434  0.1768  0.1566  0.1717  0.1970  0.1970  0.1717  0.1768  0.3485  0.1768  0.1667  0.2020  0.1465  0.3737  0.3232  0.3232  0.1465  0.3232  0.3485  0.1616  0.3636
B8HXR9           0.6111  0.6111  0.6162  0.6111  0.5909  0.6263  0.6111  0.6111  0.6313  0.5960  0.6111  0.6212  0.6667  0.3384  0.3636  0.3232  0.3232  0.2323  0.3636  0.3232  0.3737  0.3283  0.3333  0.3636  0.3636  0.2273  0.3586  0.3081  0.3283  0.3081  0.2323  0.3030  0.3030  0.3081  0.2323  0.2576  0.3131  0.1970  0.3535
B2J443           0.5758  0.6061  0.6010  0.5960  0.6010  0.5808  0.5808  0.5808  0.6010  0.5960  0.5808  0.5960  0.6364  0.3485  0.3333  0.3232  0.3434  0.2424  0.3333  0.3283  0.3333  0.3283  0.3333  0.3434  0.3333  0.2374  0.3485  0.3232  0.3283  0.3182  0.1919  0.3182  0.3182  0.3232  0.2323  0.2677  0.3182  0.1970  0.3586  0.2172
A0ZAD3           0.6010  0.6010  0.6010  0.6162  0.6111  0.5960  0.5960  0.5960  0.6010  0.6111  0.6010  0.6010  0.6465  0.3333  0.3333  0.3030  0.3131  0.2424  0.3333  0.3081  0.3434  0.3232  0.2980  0.3434  0.3333  0.2424  0.3384  0.3030  0.2879  0.3182  0.2020  0.2828  0.2828  0.3232  0.2475  0.2626  0.3182  0.2071  0.3485  0.2071  0.1465
Q4BXI3           0.6010  0.6061  0.5707  0.5657  0.6010  0.5960  0.5909  0.5909  0.5859  0.6010  0.6010  0.6061  0.6465  0.2980  0.3434  0.3283  0.2980  0.2727  0.3434  0.3333  0.3434  0.3182  0.3182  0.3485  0.3434  0.2677  0.3485  0.3131  0.3131  0.3131  0.2121  0.2879  0.2879  0.3131  0.0354  0.2020  0.3131  0.1465  0.3232  0.2222  0.2424  0.2576
C7QR25           0.5909  0.6010  0.5859  0.5606  0.5909  0.5808  0.5859  0.5859  0.5909  0.6010  0.6010  0.5960  0.6465  0.3232  0.3384  0.3535  0.3232  0.2727  0.3384  0.3586  0.3384  0.3485  0.3586  0.3384  0.3384  0.2677  0.3434  0.3384  0.3535  0.3283  0.1919  0.3030  0.3030  0.3434  0.1263  0.1970  0.3283  0.1465  0.3384  0.2525  0.2273  0.2626  0.1313
B7K1V4           0.5909  0.6010  0.5859  0.5606  0.5909  0.5808  0.5859  0.5859  0.5909  0.6010  0.6010  0.5960  0.6465  0.3232  0.3384  0.3535  0.3232  0.2727  0.3384  0.3586  0.3384  0.3485  0.3586  0.3384  0.3384  0.2677  0.3434  0.3384  0.3535  0.3283  0.1919  0.3030  0.3030  0.3434  0.1263  0.1970  0.3283  0.1465  0.3384  0.2525  0.2273  0.2626  0.1313  0.0000
B1XJV9           0.5960  0.5909  0.5909  0.5859  0.5909  0.5758  0.5859  0.5859  0.5960  0.5960  0.5859  0.6061  0.6414  0.2980  0.3182  0.3030  0.2879  0.2475  0.3182  0.3081  0.3283  0.3030  0.2828  0.3283  0.3182  0.2374  0.3384  0.2778  0.2828  0.2828  0.2222  0.2475  0.2475  0.2727  0.2121  0.2222  0.2980  0.1869  0.3384  0.2071  0.2374  0.2273  0.2172  0.2323  0.2323
B4AY71           0.5859  0.6010  0.5960  0.5758  0.5960  0.5808  0.5909  0.5909  0.5960  0.5960  0.5859  0.5960  0.6414  0.3283  0.3283  0.3333  0.3182  0.2323  0.3283  0.3333  0.3333  0.3333  0.3333  0.3384  0.3232  0.2323  0.3333  0.3182  0.3283  0.3232  0.1414  0.2677  0.2677  0.3283  0.1414  0.1869  0.3283  0.0556  0.3586  0.2020  0.1818  0.1919  0.1566  0.1414  0.1414  0.1970
Q8Z085           0.5909  0.6061  0.6010  0.6010  0.6162  0.6010  0.5960  0.5960  0.6162  0.6010  0.6010  0.6111  0.6515  0.3384  0.3535  0.3232  0.3535  0.2525  0.3535  0.3283  0.3636  0.3232  0.3131  0.3535  0.3535  0.2525  0.3586  0.3182  0.3030  0.3384  0.2121  0.2778  0.2778  0.3434  0.2576  0.2778  0.3434  0.2172  0.3737  0.2172  0.1364  0.0960  0.2677  0.2626  0.2626  0.2424  0.1869
Q3M9L9           0.5960  0.6111  0.6061  0.6010  0.6162  0.6061  0.6010  0.6010  0.6212  0.6010  0.6061  0.6162  0.6566  0.3485  0.3485  0.3232  0.3485  0.2576  0.3485  0.3283  0.3586  0.3232  0.3131  0.3485  0.3485  0.2576  0.3535  0.3182  0.3030  0.3333  0.2071  0.2879  0.2879  0.3384  0.2677  0.2828  0.3384  0.2222  0.3737  0.2172  0.1414  0.0808  0.2778  0.2677  0.2677  0.2525  0.1919  0.0202
Q8DMU1           0.5808  0.5909  0.5909  0.6010  0.5909  0.5909  0.5909  0.5909  0.6162  0.5758  0.5909  0.5859  0.6465  0.3182  0.3535  0.3131  0.3283  0.2020  0.3535  0.3131  0.3636  0.3030  0.3081  0.3535  0.3535  0.2020  0.3485  0.3131  0.3081  0.3182  0.2071  0.2778  0.2778  0.2980  0.2323  0.2323  0.3182  0.1768  0.3434  0.1364  0.1970  0.2273  0.2374  0.2374  0.2374  0.2323  0.1919  0.2222  0.2222
Q3AYX0           0.6010  0.5909  0.5758  0.5909  0.5758  0.5808  0.5657  0.5657  0.6010  0.5707  0.5960  0.5657  0.6263  0.1616  0.1515  0.1465  0.1364  0.2879  0.1515  0.1515  0.1515  0.1414  0.1364  0.1515  0.1515  0.2879  0.1566  0.0960  0.1313  0.0859  0.3030  0.2828  0.2828  0.0808  0.3131  0.3131  0.0960  0.3182  0.1768  0.3030  0.3182  0.3232  0.3182  0.3283  0.3283  0.2727  0.3182  0.3333  0.3384  0.3030
B5W5L4           0.6061  0.6162  0.6061  0.6010  0.6111  0.6010  0.5960  0.5960  0.6111  0.5859  0.6010  0.6212  0.6515  0.3182  0.3333  0.2980  0.3232  0.2121  0.3333  0.3030  0.3434  0.3131  0.2828  0.3434  0.3333  0.2071  0.3535  0.2980  0.2778  0.3081  0.1414  0.2727  0.2727  0.3182  0.2323  0.2323  0.3131  0.1717  0.3586  0.1768  0.1919  0.1818  0.2323  0.2222  0.2222  0.2020  0.1717  0.1768  0.1768  0.1717  0.3081
Q065C8           0.5960  0.5859  0.5707  0.5859  0.5808  0.5808  0.5758  0.5758  0.6010  0.5657  0.5960  0.5707  0.6263  0.1566  0.1616  0.1616  0.1414  0.2879  0.1616  0.1667  0.1616  0.1414  0.1414  0.1616  0.1616  0.2879  0.1667  0.1111  0.1364  0.1010  0.2980  0.2828  0.2828  0.0859  0.3131  0.3081  0.1111  0.3182  0.1919  0.3081  0.3232  0.3333  0.3182  0.3283  0.3283  0.2828  0.3131  0.3333  0.3384  0.3081  0.0152  0.3182
Q3AIB5           0.5960  0.5859  0.5657  0.5808  0.5707  0.5707  0.5556  0.5556  0.5859  0.5758  0.5859  0.5606  0.6212  0.1465  0.1515  0.1263  0.1263  0.2828  0.1515  0.1313  0.1515  0.1364  0.1313  0.1515  0.1515  0.2778  0.1616  0.0859  0.1263  0.0707  0.3030  0.2677  0.2677  0.0808  0.3081  0.3081  0.0808  0.3182  0.1566  0.3081  0.3182  0.3232  0.3131  0.3232  0.3232  0.2677  0.3131  0.3333  0.3384  0.3131  0.0354  0.3081  0.0505
Q10X45           0.6061  0.6010  0.5960  0.5960  0.6111  0.5859  0.5960  0.5960  0.5960  0.6061  0.6061  0.6061  0.6364  0.3081  0.3535  0.3182  0.3232  0.2424  0.3535  0.3232  0.3586  0.3182  0.3081  0.3535  0.3535  0.2475  0.3636  0.3333  0.3081  0.3283  0.1566  0.2727  0.2727  0.3182  0.2121  0.2071  0.3232  0.1768  0.3535  0.2172  0.2071  0.1818  0.2172  0.2323  0.2323  0.2222  0.1667  0.1970  0.2071  0.1919  0.3283  0.1515  0.3232  0.3283
B0C3J1           0.5960  0.5960  0.6010  0.5960  0.6010  0.6162  0.5909  0.5909  0.6061  0.6061  0.6061  0.5960  0.6515  0.3131  0.3485  0.3081  0.2929  0.2020  0.3485  0.3131  0.3535  0.3182  0.3131  0.3434  0.3485  0.2121  0.3434  0.2980  0.3081  0.2929  0.2121  0.2778  0.2778  0.2980  0.2424  0.2525  0.3030  0.2071  0.3485  0.1616  0.2424  0.2222  0.2424  0.2475  0.2475  0.2424  0.1919  0.2374  0.2424  0.1869  0.3030  0.2222  0.3030  0.2980  0.2222
Q7NNJ5           0.5707  0.5909  0.6111  0.5657  0.6010  0.6061  0.6061  0.6061  0.6010  0.6010  0.6111  0.6061  0.6515  0.3838  0.3788  0.3586  0.3384  0.2828  0.3788  0.3636  0.3838  0.3636  0.3485  0.3838  0.3788  0.2828  0.3838  0.3434  0.3434  0.3485  0.2980  0.2980  0.2980  0.3535  0.3131  0.3030  0.3586  0.2828  0.3889  0.3081  0.2980  0.2879  0.3182  0.2980  0.2980  0.3030  0.2929  0.3131  0.3131  0.3182  0.3283  0.2980  0.3384  0.3182  0.3030  0.3081
A3Z7U9           0.5909  0.5909  0.5657  0.5808  0.5657  0.5657  0.5606  0.5606  0.5808  0.5657  0.5859  0.5707  0.6212  0.1465  0.1566  0.1515  0.1364  0.2525  0.1566  0.1566  0.1566  0.1313  0.1010  0.1566  0.1566  0.2677  0.1667  0.0808  0.0960  0.0960  0.2980  0.2778  0.2778  0.0455  0.2980  0.2828  0.1111  0.2980  0.1818  0.3081  0.3081  0.3081  0.3081  0.3384  0.3384  0.2525  0.3030  0.3131  0.3232  0.2929  0.0707  0.2929  0.0758  0.0657  0.3081  0.2828  0.3232
B0JU89           0.6162  0.6111  0.6061  0.5909  0.6212  0.6111  0.6061  0.6061  0.6010  0.6212  0.6212  0.6212  0.6566  0.3283  0.3535  0.3384  0.3333  0.2273  0.3535  0.3434  0.3636  0.3434  0.3485  0.3636  0.3535  0.2273  0.3636  0.3434  0.3434  0.3283  0.1919  0.2828  0.2828  0.3434  0.1667  0.1970  0.3333  0.1010  0.3636  0.2172  0.2121  0.2222  0.1667  0.1616  0.1616  0.2222  0.1162  0.2273  0.2323  0.2222  0.3283  0.2172  0.3232  0.3232  0.1970  0.2323  0.2980  0.3283
Q7U881           0.5960  0.5909  0.5707  0.5808  0.5758  0.5707  0.5606  0.5606  0.5909  0.5707  0.5808  0.5758  0.6212  0.1566  0.1566  0.1465  0.1364  0.2626  0.1566  0.1515  0.1566  0.1515  0.1212  0.1566  0.1566  0.2677  0.1717  0.1010  0.1162  0.0808  0.2879  0.2828  0.2828  0.0758  0.3030  0.2929  0.0909  0.3030  0.1869  0.2980  0.3081  0.3081  0.3081  0.3182  0.3182  0.2475  0.3030  0.3232  0.3283  0.3081  0.0505  0.2929  0.0556  0.0404  0.3131  0.2879  0.3131  0.0556  0.3131
B7LMG6           0.6061  0.6061  0.5707  0.6162  0.6111  0.5859  0.5707  0.5707  0.5657  0.5505  0.5909  0.6212  0.5960  0.4899  0.4899  0.4899  0.4899  0.5051  0.4899  0.4899  0.4848  0.5051  0.4848  0.4949  0.4899  0.5202  0.5051  0.4899  0.5000  0.5000  0.5303  0.5152  0.5152  0.4798  0.5303  0.5354  0.5000  0.5455  0.4899  0.5556  0.5051  0.5354  0.5303  0.5253  0.5253  0.5202  0.5455  0.5253  0.5303  0.5404  0.4949  0.5303  0.4949  0.4899  0.5253  0.5455  0.5505  0.4747  0.5455  0.4848
B7MQD6           0.6061  0.6061  0.5758  0.6162  0.6111  0.5859  0.5707  0.5707  0.5657  0.5556  0.5960  0.6212  0.5960  0.4899  0.4899  0.4899  0.4899  0.5051  0.4899  0.4899  0.4848  0.5051  0.4848  0.4949  0.4899  0.5202  0.5051  0.4899  0.5000  0.5000  0.5253  0.5152  0.5152  0.4798  0.5253  0.5303  0.5000  0.5404  0.4899  0.5556  0.5000  0.5303  0.5253  0.5202  0.5202  0.5202  0.5404  0.5202  0.5253  0.5404  0.4949  0.5303  0.4949  0.4899  0.5202  0.5455  0.5455  0.4747  0.5404  0.4848  0.0051
P22939           0.6061  0.6061  0.5758  0.6162  0.6111  0.5859  0.5707  0.5707  0.5657  0.5556  0.5960  0.6212  0.5960  0.4899  0.4899  0.4899  0.4899  0.5051  0.4899  0.4899  0.4848  0.5051  0.4848  0.4949  0.4899  0.5202  0.5051  0.4899  0.5000  0.5000  0.5253  0.5152  0.5152  0.4798  0.5253  0.5303  0.5000  0.5404  0.4899  0.5556  0.5000  0.5303  0.5253  0.5202  0.5202  0.5202  0.5404  0.5202  0.5253  0.5404  0.4949  0.5303  0.4949  0.4899  0.5202  0.5455  0.5455  0.4747  0.5404  0.4848  0.0051  0.0000
A3ISY7           0.5960  0.5909  0.5707  0.5606  0.5909  0.5859  0.5859  0.5859  0.5859  0.5960  0.5909  0.5960  0.6465  0.2929  0.3333  0.3232  0.2980  0.2626  0.3333  0.3283  0.3333  0.3182  0.3232  0.3384  0.3333  0.2626  0.3384  0.3081  0.3182  0.3081  0.2071  0.2879  0.2879  0.3081  0.0253  0.2071  0.3081  0.1364  0.3232  0.2374  0.2273  0.2424  0.0505  0.1263  0.1263  0.2172  0.1465  0.2525  0.2626  0.2323  0.3030  0.2374  0.3030  0.2980  0.2172  0.2475  0.3131  0.2879  0.1667  0.2929  0.5202  0.5152  0.5152
B9YVG6           0.6566  0.6566  0.6465  0.6667  0.6667  0.6515  0.6414  0.6414  0.6818  0.6566  0.6515  0.6667  0.7020  0.4343  0.4394  0.4091  0.4293  0.3333  0.4394  0.4141  0.4495  0.4192  0.4192  0.4495  0.4394  0.3333  0.4495  0.4091  0.4141  0.4141  0.3182  0.3939  0.3939  0.4192  0.3434  0.3889  0.4242  0.3131  0.4646  0.3030  0.2424  0.2374  0.3535  0.3535  0.3535  0.3283  0.3030  0.2475  0.2424  0.3283  0.4141  0.2980  0.4242  0.4091  0.3232  0.3131  0.3636  0.3990  0.3182  0.3990  0.5909  0.5859  0.5859  0.3434


TREE #  1:  (7, 8, (6, (12, (11, ((5, (13, 10)), (1, (2, (4, (9, (3, ((62, (61, 63)), (((32, 33), (57, ((18, 26), (56, ((40, 50), (((42, (48, 49)), (41, 65)), ((46, ((38, 47), (59, (36, ((44, 45), (64, (35, 43))))))), (52, (55, 31))))))))), ((28, 17), (((60, (54, (51, 53))), ((22, (23, 29)), (34, 58))), ((21, ((25, 27), (19, (24, 15)))), ((30, 37), ((16, 20), (14, 39))))))))))))))))));   MP score: 1423
lnL(ntime: 63  np: 64):  -8030.007990      +0.000000
  66..7    66..8    66..67   67..6    67..68   68..12   68..69   69..11   69..70   70..71   71..5    71..72   72..13   72..10   70..73   73..1    73..74   74..2    74..75   75..4    75..76   76..9    76..77   77..3    77..78   78..79   79..62   79..80   80..61   80..63   78..81   81..82   82..83   83..32   83..33   82..84   84..57   84..85   85..86   86..18   86..26   85..87   87..56   87..88   88..89   89..40   89..50   88..90   90..91   91..92   92..42   92..93   93..48   93..49   91..94   94..41   94..65   90..95   95..96   96..46   96..97   97..98   98..38   98..47   97..99   99..59   99..100 100..36  100..101 101..102 102..44  102..45  101..103 103..64  103..104 104..35  104..43   95..105 105..52  105..106 106..55  106..31   81..107 107..108 108..28  108..17  107..109 109..110 110..111 111..60  111..112 112..54  112..113 113..51  113..53  110..114 114..115 115..22  115..116 116..23  116..29  114..117 117..34  117..58  109..118 118..119 119..21  119..120 120..121 121..25  121..27  120..122 122..19  122..123 123..24  123..15  118..124 124..125 125..30  125..37  124..126 126..127 127..16  127..20  126..128 128..14  128..39 
 0.593809 0.593809 0.593808 0.589092 0.531379 0.441616 0.408295 0.521629 0.517087 0.512501 0.493570 0.493570 0.368848 0.001566 0.001566 0.264536 0.245064 0.000000 0.217594 0.209732 0.023123 0.184533 0.176516 0.103496 0.160585 0.119337 0.064179 0.011570 0.110680 0.155984 0.145776 0.109203 0.044225 0.107000 0.093326 0.071493 0.000000 0.020023 0.014859 0.112695 0.095046 0.126760 0.084490 0.122162 0.095866 0.038763 0.037060 0.007985 0.095866 0.054849 0.009162 0.040632 0.115534 0.014067 0.012003 0.012003 0.005984 0.005984 0.101556 0.022839 0.092449 0.002830 0.062933 0.648496

tree length =  11.87212

(7: 0.593809, 8: 0.593809, (6: 0.593809, (12: 0.593808, (11: 0.589092, ((5: 0.441616, (13: 0.408295, 10: 0.408295): 0.033320): 0.089763, (1: 0.521629, (2: 0.517087, (4: 0.512501, (9: 0.493570, (3: 0.493570, ((62: 0.001566, (61: 0.001566, 63: 0.001566): 0.000000): 0.367282, (((32: 0.000000, 33: 0.000000): 0.245064, (57: 0.217594, ((18: 0.023123, 26: 0.023123): 0.186608, (56: 0.184533, ((40: 0.103496, 50: 0.103496): 0.073020, (((42: 0.064179, (48: 0.011570, 49: 0.011570): 0.052609): 0.055159, (41: 0.110680, 65: 0.110680): 0.008657): 0.041248, ((46: 0.145776, ((38: 0.044225, 47: 0.044225): 0.064978, (59: 0.107000, (36: 0.093326, ((44: 0.000000, 45: 0.000000): 0.071493, (64: 0.020023, (35: 0.014859, 43: 0.014859): 0.005164): 0.051470): 0.021834): 0.013673): 0.002204): 0.036573): 0.010208, (52: 0.112695, (55: 0.095046, 31: 0.095046): 0.017648): 0.043289): 0.004602): 0.015930): 0.008017): 0.025199): 0.007862): 0.027470): 0.019472, ((28: 0.084490, 17: 0.084490): 0.042270, (((60: 0.038763, (54: 0.037060, (51: 0.007985, 53: 0.007985): 0.029075): 0.001704): 0.057103, ((22: 0.054849, (23: 0.009162, 29: 0.009162): 0.045687): 0.041017, (34: 0.040632, 58: 0.040632): 0.055234): 0.000000): 0.026296, ((21: 0.014067, ((25: 0.012003, 27: 0.012003): 0.000000, (19: 0.005984, (24: 0.005984, 15: 0.005984): 0.000000): 0.006019): 0.002064): 0.101467, ((30: 0.022839, 37: 0.022839): 0.078716, ((16: 0.002830, 20: 0.002830): 0.089619, (14: 0.062933, 39: 0.062933): 0.029516): 0.009107): 0.013979): 0.006628): 0.004598): 0.137776): 0.104311): 0.124722): 0.000000): 0.018931): 0.004585): 0.004542): 0.009750): 0.057713): 0.004716): 0.000001): 0.000001);

(A8FNV6: 0.593809, A7H5Z1: 0.593809, (Q4HF89: 0.593809, (Q4HQ39: 0.593808, (B9KEJ6: 0.589092, ((D1B4C9: 0.441616, (O25583: 0.408295, Q7M8G0: 0.408295): 0.033320): 0.089763, (A8ERY1: 0.521629, (A6Q1L2: 0.517087, (A6Q6L6: 0.512501, (Q30TR3: 0.493570, (B9L6S8: 0.493570, ((B7MQD6: 0.001566, (B7LMG6: 0.001566, P22939: 0.001566): 0.000000): 0.367282, (((Q5N420: 0.000000, Q31Q61: 0.000000): 0.245064, (Q7NNJ5: 0.217594, ((Q2JX96: 0.023123, Q2JKH5: 0.023123): 0.186608, (B0C3J1: 0.184533, ((B8HXR9: 0.103496, Q8DMU1: 0.103496): 0.073020, (((A0ZAD3: 0.064179, (Q8Z085: 0.011570, Q3M9L9: 0.011570): 0.052609): 0.055159, (B2J443: 0.110680, B9YVG6: 0.110680): 0.008657): 0.041248, ((B1XJV9: 0.145776, ((B7KEP4: 0.044225, B4AY71: 0.044225): 0.064978, (B0JU89: 0.107000, (P72683: 0.093326, ((C7QR25: 0.000000, B7K1V4: 0.000000): 0.071493, (A3ISY7: 0.020023, (B1WS34: 0.014859, Q4BXI3: 0.014859): 0.005164): 0.051470): 0.021834): 0.013673): 0.002204): 0.036573): 0.010208, (B5W5L4: 0.112695, (Q10X45: 0.095046, A0YSZ6: 0.095046): 0.017648): 0.043289): 0.004602): 0.015930): 0.008017): 0.025199): 0.007862): 0.027470): 0.019472, ((A3Z1J3: 0.084490, A5GRZ5: 0.084490): 0.042270, (((Q7U881: 0.038763, (Q3AIB5: 0.037060, (Q3AYX0: 0.007985, Q065C8: 0.007985): 0.029075): 0.001704): 0.057103, ((Q0IBG8: 0.054849, (A4CVN2: 0.009162, A5GM30: 0.009162): 0.045687): 0.041017, (Q05XT4: 0.040632, A3Z7U9: 0.040632): 0.055234): 0.000000): 0.026296, ((A3PDH4: 0.014067, ((A2BX56: 0.012003, Q7V119: 0.012003): 0.000000, (Q31AF5: 0.005984, (A2BRP8: 0.005984, A8G5D9: 0.005984): 0.000000): 0.006019): 0.002064): 0.101467, ((Q7V6P0: 0.022839, A2C874: 0.022839): 0.078716, ((Q46K06: 0.002830, A2C3L2: 0.002830): 0.089619, (Q7VBG5: 0.062933, A9BB38: 0.062933): 0.029516): 0.009107): 0.013979): 0.006628): 0.004598): 0.137776): 0.104311): 0.124722): 0.000000): 0.018931): 0.004585): 0.004542): 0.009750): 0.057713): 0.004716): 0.000001): 0.000001);

(7_A8FNV6, 8_A7H5Z1, (6_Q4HF89, (12_Q4HQ39, (11_B9KEJ6, ((5_D1B4C9, (13_O25583, 10_Q7M8G0) 72 ) 71 , (1_A8ERY1, (2_A6Q1L2, (4_A6Q6L6, (9_Q30TR3, (3_B9L6S8, ((62_B7MQD6, (61_B7LMG6, 63_P22939) 80 ) 79 , (((32_Q5N420, 33_Q31Q61) 83 , (57_Q7NNJ5, ((18_Q2JX96, 26_Q2JKH5) 86 , (56_B0C3J1, ((40_B8HXR9, 50_Q8DMU1) 89 , (((42_A0ZAD3, (48_Q8Z085, 49_Q3M9L9) 93 ) 92 , (41_B2J443, 65_B9YVG6) 94 ) 91 , ((46_B1XJV9, ((38_B7KEP4, 47_B4AY71) 98 , (59_B0JU89, (36_P72683, ((44_C7QR25, 45_B7K1V4) 102 , (64_A3ISY7, (35_B1WS34, 43_Q4BXI3) 104 ) 103 ) 101 ) 100 ) 99 ) 97 ) 96 , (52_B5W5L4, (55_Q10X45, 31_A0YSZ6) 106 ) 105 ) 95 ) 90 ) 88 ) 87 ) 85 ) 84 ) 82 , ((28_A3Z1J3, 17_A5GRZ5) 108 , (((60_Q7U881, (54_Q3AIB5, (51_Q3AYX0, 53_Q065C8) 113 ) 112 ) 111 , ((22_Q0IBG8, (23_A4CVN2, 29_A5GM30) 116 ) 115 , (34_Q05XT4, 58_A3Z7U9) 117 ) 114 ) 110 , ((21_A3PDH4, ((25_A2BX56, 27_Q7V119) 121 , (19_Q31AF5, (24_A2BRP8, 15_A8G5D9) 123 ) 122 ) 120 ) 119 , ((30_Q7V6P0, 37_A2C874) 125 , ((16_Q46K06, 20_A2C3L2) 127 , (14_Q7VBG5, 39_A9BB38) 128 ) 126 ) 124 ) 118 ) 109 ) 107 ) 81 ) 78 ) 77 ) 76 ) 75 ) 74 ) 73 ) 70 ) 69 ) 68 ) 67 ) 66 ;

Detailed output identifying parameters

alpha (gamma, K = 4) =  0.64850
rate:   0.06324  0.33818  0.90418  2.69440
freq:   0.25000  0.25000  0.25000  0.25000

Time used:  5:48
