AAML (in paml version 4.6, August 2012)  292.aa
Model: Empirical for branches,  (../../../bin/LG.dat) dGamma (ncatG=4) ns =  65  ls = 284


Frequencies..
                                    A      R      N      D      C      Q      E      G      H      I      L      K      M      F      P      S      T      W      Y      V
A8EVH0                         0.05986 0.02817 0.03521 0.07042 0.01056 0.01408 0.08451 0.05282 0.02113 0.10563 0.09155 0.13380 0.02817 0.02817 0.03169 0.03521 0.04930 0.00704 0.04225 0.07042
D1B1T7                         0.05986 0.03521 0.03873 0.05282 0.00352 0.05282 0.07394 0.04577 0.02113 0.12324 0.10915 0.09859 0.02113 0.03521 0.02817 0.05986 0.05282 0.00704 0.03169 0.04930
A6Q3Q3                         0.05282 0.03521 0.03521 0.05634 0.00352 0.02817 0.08099 0.04930 0.02113 0.10211 0.11620 0.11972 0.02113 0.03873 0.04225 0.03521 0.04930 0.00704 0.03521 0.07042
A6QAX0                         0.05634 0.03873 0.03521 0.04930 0.00000 0.03169 0.10211 0.05986 0.02465 0.09155 0.09155 0.11268 0.03169 0.04577 0.02465 0.04577 0.05282 0.00352 0.02465 0.07746
Q7M8Z8                         0.06690 0.03169 0.02465 0.04930 0.00352 0.04225 0.08803 0.07042 0.02113 0.06690 0.11620 0.10563 0.02465 0.04930 0.03873 0.05986 0.03521 0.00704 0.02113 0.07746
Q30QS6                         0.05282 0.03521 0.04577 0.05986 0.00352 0.03873 0.07746 0.06338 0.01408 0.11268 0.09507 0.10211 0.02817 0.03873 0.03169 0.07042 0.03521 0.00352 0.03169 0.05986
B9L5M2                         0.04930 0.03169 0.03169 0.05986 0.00000 0.01056 0.10563 0.06690 0.02113 0.09155 0.14085 0.12676 0.01408 0.02465 0.03873 0.04225 0.02817 0.01056 0.04225 0.06338
B9KGA1                         0.05986 0.02465 0.05986 0.05634 0.00352 0.03169 0.06338 0.02817 0.02817 0.13380 0.09859 0.12676 0.02113 0.03873 0.02817 0.06338 0.04225 0.00352 0.04225 0.04577
A8FL79                         0.05634 0.02465 0.05282 0.05634 0.00352 0.02465 0.07042 0.03873 0.02465 0.08803 0.13028 0.13028 0.01408 0.04577 0.02465 0.08803 0.04577 0.00352 0.03169 0.04577
Q4HHY1                         0.04577 0.02113 0.06690 0.04930 0.01408 0.03169 0.06690 0.03521 0.01761 0.11268 0.11972 0.12676 0.01761 0.05634 0.02817 0.07746 0.04225 0.00352 0.02817 0.03873
A7H4F3                         0.05282 0.02465 0.06338 0.05282 0.00704 0.02465 0.07746 0.03521 0.02113 0.08803 0.12676 0.12676 0.01056 0.05282 0.02113 0.08803 0.04577 0.00352 0.02817 0.04930
Q4HS36                         0.05986 0.02465 0.03873 0.04577 0.01056 0.04930 0.07746 0.02465 0.02817 0.08803 0.13380 0.11972 0.02113 0.04930 0.02465 0.08099 0.04225 0.00352 0.02465 0.05282
P56059                         0.07042 0.02465 0.04225 0.05282 0.01761 0.05634 0.07394 0.03873 0.02817 0.07746 0.13732 0.11620 0.02465 0.03873 0.02465 0.07042 0.02465 0.00704 0.02113 0.05282
Q2JHI1                         0.09859 0.07042 0.02113 0.04577 0.00704 0.06338 0.04577 0.06338 0.02817 0.08099 0.12324 0.03873 0.00352 0.02113 0.06690 0.04577 0.04930 0.01056 0.02465 0.09155
Q7ND14                         0.05986 0.08803 0.02113 0.03873 0.00000 0.04225 0.07042 0.08451 0.02113 0.07394 0.10211 0.04930 0.01761 0.02817 0.05282 0.05986 0.04930 0.00704 0.02465 0.10915
A0ZHM4                         0.06690 0.05986 0.02465 0.04577 0.00352 0.07394 0.05634 0.07746 0.02113 0.10211 0.10563 0.04930 0.01408 0.03521 0.05634 0.04577 0.05634 0.00704 0.01761 0.08099
A0YYZ5                         0.04930 0.06338 0.02465 0.04225 0.00000 0.09155 0.04930 0.08099 0.02465 0.10211 0.10211 0.04577 0.01761 0.02465 0.05986 0.05634 0.05282 0.00704 0.02465 0.08099
Q3M4H1                         0.06338 0.05282 0.02113 0.04225 0.00352 0.06690 0.06338 0.07394 0.03169 0.09155 0.10563 0.05634 0.01056 0.02817 0.05282 0.05282 0.05634 0.00704 0.02113 0.09859
Q8YYD8                         0.06690 0.05282 0.01761 0.03873 0.00352 0.06690 0.06690 0.07394 0.03169 0.09155 0.10563 0.05986 0.01056 0.02817 0.05634 0.04930 0.05282 0.00704 0.02113 0.09859
B9YMS4                         0.07394 0.05282 0.01761 0.04577 0.00352 0.05986 0.07042 0.07746 0.02465 0.10563 0.10915 0.06338 0.01056 0.03169 0.04225 0.04577 0.05986 0.00704 0.01761 0.08099
B2J752                         0.07042 0.05282 0.02113 0.04225 0.00352 0.06690 0.07042 0.07394 0.01761 0.10211 0.10915 0.05282 0.01408 0.02817 0.04930 0.06338 0.04930 0.00704 0.02113 0.08451
Q110F4                         0.06690 0.05282 0.02465 0.04225 0.00000 0.08803 0.05282 0.08099 0.01056 0.11972 0.10563 0.05634 0.01761 0.01761 0.03873 0.04577 0.04930 0.01056 0.03169 0.08803
A9BBP7                         0.04577 0.07042 0.03873 0.02817 0.01056 0.05634 0.08099 0.07394 0.02817 0.07746 0.12324 0.04225 0.01056 0.03873 0.05282 0.05986 0.04930 0.01056 0.01408 0.08803
Q8DMQ5                         0.08099 0.08451 0.02113 0.03169 0.00352 0.07042 0.05634 0.07394 0.03169 0.07394 0.10563 0.03521 0.01056 0.02817 0.06690 0.02465 0.07042 0.00704 0.03169 0.09155
B0C2B8                         0.07394 0.05634 0.01761 0.03169 0.00704 0.07746 0.04577 0.05986 0.02465 0.09155 0.11620 0.07394 0.02113 0.02817 0.05986 0.03873 0.06338 0.00704 0.02113 0.08451
Q46JI9                         0.04225 0.04930 0.04577 0.03521 0.01761 0.03873 0.07746 0.07042 0.02113 0.10563 0.09507 0.08099 0.01056 0.05634 0.04577 0.07394 0.04225 0.01056 0.01408 0.06690
Q5N2D4                         0.08803 0.06690 0.01761 0.04225 0.00352 0.07746 0.06338 0.07042 0.01761 0.08099 0.09859 0.04225 0.02113 0.02817 0.05634 0.05282 0.05634 0.00704 0.02113 0.08803
Q31RX7                         0.08803 0.06690 0.01761 0.04225 0.00352 0.07746 0.06338 0.07042 0.01761 0.08099 0.09859 0.04225 0.02113 0.02817 0.05634 0.05282 0.05634 0.00704 0.02113 0.08803
A2BSK2                         0.03873 0.05986 0.04930 0.04225 0.00704 0.03169 0.08451 0.07394 0.01761 0.09155 0.10563 0.08451 0.01761 0.03873 0.03873 0.05986 0.04930 0.00704 0.02113 0.08099
A2BXY8                         0.03169 0.03873 0.04577 0.03521 0.00704 0.02817 0.07394 0.07042 0.01761 0.10211 0.11268 0.10915 0.01761 0.03521 0.03521 0.06690 0.05986 0.00704 0.02113 0.08451
Q2JV43                         0.09155 0.07042 0.01761 0.04225 0.00704 0.05986 0.04930 0.07042 0.03169 0.07394 0.11268 0.04225 0.00704 0.02465 0.07042 0.04577 0.04577 0.01056 0.02465 0.10211
A8G691                         0.03169 0.05634 0.05634 0.04225 0.00704 0.03521 0.07746 0.07042 0.01761 0.08803 0.10563 0.08803 0.01761 0.03873 0.03873 0.06338 0.04930 0.00704 0.01761 0.09155
B0JVJ7                         0.06690 0.05986 0.04577 0.03873 0.00000 0.04930 0.07042 0.07042 0.01408 0.08803 0.10915 0.05986 0.01408 0.03521 0.04930 0.06338 0.05634 0.00704 0.02465 0.07746
A2C447                         0.04225 0.04930 0.03873 0.03521 0.01761 0.03873 0.07746 0.07042 0.02113 0.11268 0.09859 0.08099 0.01056 0.04930 0.04577 0.07394 0.04225 0.01056 0.01761 0.06690
B1XPH0                         0.08451 0.06690 0.02817 0.04225 0.00000 0.07746 0.05634 0.07042 0.02113 0.10211 0.10563 0.06690 0.01056 0.02817 0.04930 0.03521 0.04930 0.00704 0.02113 0.07746
B5W9G1                         0.05634 0.05282 0.02817 0.04577 0.00000 0.07746 0.04577 0.07746 0.02465 0.09155 0.10563 0.06338 0.01761 0.02465 0.04225 0.05634 0.05634 0.01056 0.03169 0.09155
Q7U5T2                         0.09155 0.07042 0.01408 0.03521 0.01056 0.05282 0.07746 0.09155 0.02465 0.05282 0.13028 0.03873 0.02465 0.01056 0.05634 0.04930 0.04577 0.01056 0.01408 0.09859
Q319K8                         0.03521 0.05634 0.05634 0.03873 0.00704 0.03169 0.08451 0.07042 0.01408 0.09155 0.11268 0.08099 0.02113 0.03521 0.03873 0.06338 0.04930 0.00704 0.02113 0.08451
Q7V0H6                         0.03873 0.03521 0.05634 0.03873 0.00704 0.02817 0.07394 0.07042 0.01761 0.09507 0.11620 0.10211 0.01761 0.03169 0.03873 0.05986 0.05282 0.00704 0.01761 0.09507
C7QM72                         0.05282 0.04577 0.04225 0.03521 0.00000 0.08099 0.07394 0.07394 0.01408 0.10915 0.09859 0.05282 0.01408 0.02817 0.05282 0.04930 0.05986 0.00704 0.02817 0.08099
B7K414                         0.05634 0.04577 0.04225 0.03521 0.00000 0.08099 0.07042 0.07394 0.01408 0.10915 0.09859 0.05282 0.01408 0.02817 0.05282 0.04930 0.05986 0.00704 0.02817 0.08099
A3PEB4                         0.03873 0.05634 0.05634 0.04225 0.01056 0.03169 0.08451 0.07042 0.01761 0.09507 0.10563 0.08099 0.02113 0.03873 0.03873 0.05986 0.04930 0.00704 0.01761 0.07746
Q7VAU9                         0.04225 0.05986 0.04225 0.03521 0.01056 0.03521 0.06338 0.08803 0.01408 0.09507 0.10915 0.07746 0.01056 0.03873 0.05282 0.06690 0.04577 0.01056 0.01408 0.08803
A5GUR1                         0.05634 0.07042 0.02465 0.03873 0.00704 0.04225 0.08451 0.08803 0.02465 0.04930 0.14085 0.04577 0.02113 0.01761 0.05986 0.05986 0.04577 0.00352 0.01408 0.10563
A5GMI7                         0.08451 0.07042 0.01408 0.04225 0.01408 0.06338 0.07394 0.08451 0.02465 0.04930 0.13380 0.03521 0.01761 0.01056 0.06690 0.03873 0.04577 0.01056 0.01408 0.10563
Q55526                         0.06338 0.06338 0.02817 0.03521 0.00352 0.08099 0.05986 0.07042 0.01761 0.07746 0.10211 0.04930 0.01056 0.03873 0.05634 0.05986 0.06338 0.00704 0.02113 0.09155
A3INF0                         0.04577 0.04930 0.03873 0.03521 0.00000 0.07394 0.05986 0.07394 0.01761 0.12676 0.09155 0.07042 0.01408 0.03169 0.04577 0.05634 0.06690 0.00704 0.02817 0.06690
Q05WY4                         0.08099 0.06338 0.02465 0.04225 0.01056 0.06690 0.07394 0.07394 0.02465 0.04930 0.12676 0.04225 0.01761 0.01408 0.05986 0.04577 0.05282 0.01056 0.01408 0.10563
Q3AL77                         0.09859 0.07042 0.01761 0.03521 0.01056 0.04930 0.07746 0.08451 0.02113 0.04577 0.13732 0.04225 0.01761 0.01056 0.05634 0.03873 0.04930 0.01056 0.01761 0.10915
B1WT49                         0.04930 0.04225 0.04225 0.03521 0.00000 0.07042 0.06338 0.07042 0.01408 0.12324 0.08803 0.07746 0.01408 0.03169 0.04930 0.05634 0.06690 0.00704 0.02465 0.07394
Q4C234                         0.05634 0.04577 0.04577 0.03521 0.00000 0.06690 0.06338 0.07394 0.01408 0.12676 0.09155 0.07394 0.01761 0.03169 0.04577 0.05986 0.05634 0.00704 0.02817 0.05986
Q0IC35                         0.07746 0.07394 0.02113 0.05282 0.01056 0.04930 0.06690 0.08451 0.01761 0.05986 0.14085 0.04225 0.01761 0.01408 0.05634 0.04930 0.04577 0.01056 0.01408 0.09507
Q7V8J1                         0.08099 0.07394 0.01761 0.03169 0.01761 0.05986 0.08099 0.08451 0.02113 0.04930 0.13380 0.03521 0.01761 0.01056 0.05634 0.04577 0.04225 0.01056 0.01761 0.11268
Q3AX07                         0.07394 0.07042 0.01761 0.04930 0.01056 0.04930 0.06690 0.08451 0.03169 0.04930 0.14085 0.04225 0.01761 0.01056 0.05634 0.04930 0.04930 0.01056 0.01761 0.10211
Q060C5                         0.07394 0.07042 0.01761 0.04930 0.01056 0.04930 0.06690 0.08451 0.02817 0.04930 0.14085 0.04225 0.01761 0.01056 0.05634 0.04930 0.04930 0.01056 0.02113 0.10211
A3ZAC0                         0.09155 0.07042 0.01408 0.04577 0.01408 0.05986 0.06690 0.07746 0.02465 0.05634 0.14085 0.03873 0.01408 0.01056 0.06338 0.04225 0.04225 0.01056 0.01408 0.10211
B7KA73                         0.07042 0.05282 0.04225 0.03873 0.00000 0.06338 0.06690 0.07042 0.01761 0.08099 0.11620 0.05282 0.01761 0.03169 0.05282 0.05634 0.04577 0.00704 0.02465 0.09155
A2CB29                         0.08099 0.07394 0.01761 0.03169 0.01408 0.05986 0.08099 0.08451 0.02113 0.04930 0.13380 0.03873 0.01761 0.01408 0.06338 0.03873 0.04225 0.01056 0.01408 0.11268
A3YV73                         0.09507 0.07746 0.02113 0.03521 0.00704 0.03521 0.07394 0.07746 0.02113 0.04225 0.15141 0.03873 0.00704 0.02113 0.06690 0.06338 0.03521 0.00704 0.01408 0.10915
A4CW55                         0.08803 0.07394 0.01408 0.04225 0.01408 0.05986 0.07042 0.08099 0.02465 0.04930 0.13380 0.03521 0.01761 0.01056 0.06338 0.04225 0.04930 0.01056 0.01408 0.10563
P06616                         0.07042 0.06338 0.03521 0.05282 0.00352 0.02817 0.08451 0.07394 0.02817 0.08803 0.09155 0.06338 0.02817 0.02817 0.03521 0.05282 0.04930 0.01056 0.02465 0.08803
B7MYJ7                         0.07042 0.06338 0.03521 0.05634 0.00352 0.02817 0.08099 0.07394 0.02817 0.08803 0.09155 0.06338 0.02817 0.02817 0.03521 0.05282 0.04930 0.01056 0.02465 0.08803
B7LUZ8                         0.07042 0.06338 0.03521 0.05634 0.00352 0.02817 0.08099 0.07394 0.02817 0.08803 0.09155 0.06338 0.02817 0.02817 0.03521 0.05282 0.04930 0.01056 0.02465 0.08803
B8HSV1                         0.07746 0.05282 0.01761 0.04577 0.00000 0.05634 0.04930 0.08099 0.02113 0.07394 0.11972 0.05634 0.01761 0.02817 0.05634 0.05634 0.06690 0.00704 0.02113 0.09507
B4AZE1                         0.06338 0.04930 0.04577 0.03873 0.00000 0.06690 0.07042 0.07042 0.02113 0.08451 0.10563 0.05282 0.01408 0.02817 0.05282 0.04930 0.05282 0.00704 0.02817 0.09859

Homogeneity statistic: X2 = 5.03094 G = 5.19183 

Average                        0.06457 0.05460 0.03277 0.04334 0.00612 0.05233 0.07080 0.06999 0.02183 0.08640 0.11360 0.06950 0.01717 0.02985 0.04756 0.05482 0.04995 0.00785 0.02291 0.08402

# constant sites:     29 (10.21%)
ln Lmax (unconstrained) = -1578.648687

AA distances (raw proportions of different sites)

A8EVH0         
D1B1T7           0.3592
A6Q3Q3           0.3873  0.3345
A6QAX0           0.3768  0.3838  0.3099
Q7M8Z8           0.3979  0.3979  0.3697  0.3662
Q30QS6           0.3979  0.3944  0.3873  0.3627  0.4225
B9L5M2           0.4296  0.4437  0.3627  0.4049  0.4789  0.4542
B9KGA1           0.4718  0.5000  0.4648  0.5246  0.5317  0.4930  0.5317
A8FL79           0.5000  0.5176  0.4824  0.5423  0.5387  0.5176  0.5458  0.3275
Q4HHY1           0.5141  0.5211  0.4930  0.5528  0.5599  0.5211  0.5493  0.3521  0.1901
A7H4F3           0.5106  0.5317  0.4965  0.5528  0.5528  0.5317  0.5599  0.3380  0.0423  0.2042
Q4HS36           0.5317  0.5599  0.5176  0.5775  0.5704  0.5423  0.5739  0.3944  0.2500  0.2570  0.2606
P56059           0.5211  0.4965  0.4754  0.4648  0.4261  0.4754  0.5000  0.5845  0.5669  0.5739  0.5775  0.5880
Q2JHI1           0.6549  0.6303  0.6268  0.6620  0.6303  0.6549  0.6268  0.6866  0.6655  0.6549  0.6761  0.6831  0.6761
Q7ND14           0.6620  0.6127  0.5951  0.6127  0.6197  0.6479  0.6056  0.7042  0.6761  0.6690  0.6866  0.6937  0.6620  0.3592
A0ZHM4           0.6549  0.6268  0.6268  0.6373  0.6303  0.6549  0.6162  0.6725  0.6655  0.6549  0.6761  0.6866  0.6655  0.3345  0.3486
A0YYZ5           0.6514  0.6092  0.6268  0.6514  0.6303  0.6549  0.5986  0.6761  0.6514  0.6479  0.6585  0.6866  0.6690  0.3380  0.3451  0.1866
Q3M4H1           0.6479  0.6338  0.6162  0.6338  0.6373  0.6549  0.6127  0.6655  0.6585  0.6514  0.6655  0.6866  0.6585  0.3310  0.3662  0.1232  0.2042
Q8YYD8           0.6514  0.6338  0.6197  0.6338  0.6373  0.6549  0.6056  0.6655  0.6549  0.6479  0.6620  0.6866  0.6585  0.3275  0.3627  0.1232  0.2007  0.0141
B9YMS4           0.6444  0.6549  0.6373  0.6479  0.6303  0.6514  0.6197  0.6796  0.6690  0.6655  0.6761  0.6901  0.6690  0.3732  0.3944  0.1620  0.2394  0.1268  0.1303
B2J752           0.6585  0.6479  0.6338  0.6408  0.6232  0.6655  0.6268  0.6690  0.6655  0.6549  0.6725  0.6901  0.6655  0.3556  0.3697  0.1408  0.2289  0.1162  0.1197  0.1338
Q110F4           0.6585  0.6197  0.6373  0.6479  0.6268  0.6549  0.6092  0.6725  0.6655  0.6620  0.6796  0.7113  0.6796  0.3732  0.3803  0.2148  0.2148  0.2324  0.2289  0.2430  0.2289
A9BBP7           0.6761  0.6408  0.6021  0.6338  0.6232  0.6549  0.6162  0.6901  0.6549  0.6549  0.6690  0.6796  0.6620  0.4155  0.4472  0.4155  0.4190  0.4225  0.4225  0.4437  0.4331  0.4190
Q8DMQ5           0.6796  0.6549  0.6092  0.6303  0.6444  0.6549  0.6162  0.7113  0.6901  0.6901  0.6972  0.6866  0.6866  0.3732  0.3944  0.3908  0.3697  0.3803  0.3732  0.4049  0.3944  0.3908  0.4261
B0C2B8           0.6655  0.6373  0.6162  0.6479  0.6444  0.6761  0.6056  0.6690  0.6655  0.6585  0.6761  0.7007  0.6585  0.3521  0.3873  0.1972  0.2324  0.2359  0.2359  0.2500  0.2430  0.2606  0.4366  0.3697
Q46JI9           0.6725  0.6268  0.6373  0.6549  0.6268  0.6373  0.6408  0.6831  0.6408  0.6514  0.6549  0.6761  0.6796  0.4401  0.4930  0.4331  0.4437  0.4472  0.4472  0.4472  0.4472  0.4683  0.3592  0.4577  0.4507
Q5N2D4           0.6761  0.6338  0.5951  0.6444  0.6232  0.6549  0.6197  0.6972  0.6866  0.6761  0.6972  0.7077  0.6620  0.3521  0.3592  0.2817  0.2782  0.2887  0.2887  0.3099  0.2923  0.2923  0.4225  0.3803  0.2817  0.4472
Q31RX7           0.6761  0.6338  0.5951  0.6444  0.6232  0.6549  0.6197  0.6972  0.6866  0.6761  0.6972  0.7077  0.6620  0.3521  0.3592  0.2817  0.2782  0.2887  0.2887  0.3099  0.2923  0.2923  0.4225  0.3803  0.2817  0.4472  0.0000
A2BSK2           0.6761  0.6514  0.6232  0.6549  0.6444  0.6620  0.6162  0.6690  0.6585  0.6620  0.6620  0.6690  0.6972  0.4754  0.4789  0.4754  0.4789  0.4789  0.4824  0.4824  0.4789  0.4894  0.4648  0.4824  0.4683  0.4049  0.4683  0.4683
A2BXY8           0.6725  0.6444  0.6197  0.6479  0.6303  0.6373  0.6021  0.6761  0.6514  0.6549  0.6620  0.6690  0.6866  0.4577  0.4683  0.4542  0.4437  0.4648  0.4683  0.4754  0.4648  0.4683  0.4437  0.4859  0.4472  0.3908  0.4507  0.4507  0.1725
Q2JV43           0.6549  0.6338  0.6092  0.6549  0.6268  0.6620  0.6197  0.6866  0.6725  0.6620  0.6866  0.6866  0.6690  0.0810  0.3592  0.3099  0.3028  0.2923  0.2887  0.3415  0.3275  0.3627  0.4190  0.3697  0.3310  0.4261  0.3415  0.3415  0.4613  0.4366
A8G691           0.6761  0.6479  0.6197  0.6444  0.6479  0.6620  0.6197  0.6690  0.6620  0.6585  0.6655  0.6725  0.7042  0.4824  0.4754  0.4789  0.4789  0.4754  0.4789  0.4859  0.4824  0.4930  0.4577  0.4894  0.4648  0.4120  0.4683  0.4683  0.0493  0.1796  0.4648
B0JVJ7           0.6620  0.6338  0.6021  0.6373  0.6303  0.6620  0.5986  0.6901  0.6655  0.6655  0.6690  0.7042  0.6690  0.3873  0.3838  0.2500  0.2887  0.2641  0.2676  0.2782  0.2641  0.3028  0.4648  0.3979  0.2817  0.4648  0.3204  0.3204  0.4577  0.4507  0.3592  0.4577
A2C447           0.6761  0.6303  0.6408  0.6549  0.6303  0.6408  0.6408  0.6866  0.6444  0.6549  0.6585  0.6796  0.6831  0.4401  0.4930  0.4366  0.4437  0.4472  0.4472  0.4472  0.4472  0.4683  0.3592  0.4577  0.4507  0.0141  0.4472  0.4472  0.4085  0.3944  0.4261  0.4155  0.4648
B1XPH0           0.6725  0.6338  0.6021  0.6338  0.6408  0.6549  0.6232  0.6866  0.6796  0.6831  0.6901  0.7077  0.6338  0.3697  0.3979  0.2887  0.3099  0.2993  0.2958  0.3239  0.3099  0.3099  0.4401  0.3592  0.2782  0.4824  0.3099  0.3099  0.4754  0.4613  0.3451  0.4683  0.3099  0.4824
B5W9G1           0.6620  0.6197  0.6268  0.6444  0.6373  0.6549  0.6021  0.6655  0.6620  0.6549  0.6761  0.6937  0.6514  0.3627  0.3662  0.2042  0.1901  0.2077  0.2077  0.2324  0.2289  0.2183  0.4331  0.3697  0.2500  0.4437  0.2887  0.2887  0.4401  0.4190  0.3415  0.4437  0.2817  0.4437  0.2993
Q7U5T2           0.6725  0.6373  0.6303  0.6444  0.6056  0.6655  0.6162  0.7218  0.6796  0.7077  0.6937  0.6866  0.6690  0.4049  0.4120  0.4049  0.4014  0.4014  0.4014  0.4190  0.4120  0.4014  0.2958  0.4014  0.4120  0.3521  0.4014  0.4014  0.4296  0.4366  0.3979  0.4401  0.4261  0.3521  0.4049  0.4155
Q319K8           0.6831  0.6549  0.6232  0.6514  0.6514  0.6585  0.6092  0.6690  0.6620  0.6549  0.6655  0.6761  0.6972  0.4754  0.4648  0.4613  0.4718  0.4718  0.4754  0.4683  0.4648  0.4789  0.4542  0.4718  0.4613  0.3768  0.4577  0.4577  0.0915  0.1725  0.4648  0.1127  0.4366  0.3803  0.4648  0.4331  0.4296
Q7V0H6           0.6725  0.6479  0.6197  0.6514  0.6444  0.6408  0.5986  0.6690  0.6444  0.6585  0.6514  0.6655  0.6796  0.4648  0.4683  0.4613  0.4577  0.4718  0.4754  0.4824  0.4683  0.4718  0.4472  0.4859  0.4577  0.3979  0.4648  0.4648  0.1373  0.0704  0.4577  0.1620  0.4648  0.4014  0.4577  0.4331  0.4225  0.1444
C7QM72           0.6690  0.6408  0.6127  0.6268  0.6127  0.6479  0.6056  0.6761  0.6655  0.6620  0.6761  0.7007  0.6796  0.3697  0.3697  0.2641  0.2746  0.2782  0.2746  0.2993  0.2782  0.2887  0.4542  0.3944  0.2676  0.4507  0.3345  0.3345  0.4683  0.4577  0.3521  0.4683  0.2359  0.4472  0.3134  0.2782  0.4261  0.4507  0.4718
B7K414           0.6690  0.6408  0.6127  0.6268  0.6162  0.6479  0.6056  0.6796  0.6655  0.6620  0.6761  0.7007  0.6796  0.3662  0.3697  0.2676  0.2746  0.2746  0.2711  0.2993  0.2817  0.2852  0.4507  0.3908  0.2711  0.4542  0.3380  0.3380  0.4683  0.4577  0.3486  0.4683  0.2359  0.4507  0.3099  0.2746  0.4261  0.4507  0.4718  0.0035
A3PEB4           0.6831  0.6479  0.6197  0.6514  0.6479  0.6655  0.6232  0.6690  0.6585  0.6620  0.6620  0.6655  0.7042  0.4859  0.4789  0.4789  0.4789  0.4824  0.4859  0.4824  0.4824  0.4930  0.4718  0.4859  0.4718  0.4120  0.4683  0.4683  0.0352  0.1761  0.4648  0.0528  0.4613  0.4155  0.4754  0.4437  0.4401  0.0951  0.1549  0.4683  0.4683
Q7VAU9           0.6831  0.6373  0.6162  0.6549  0.6479  0.6479  0.6338  0.7007  0.6514  0.6690  0.6655  0.6866  0.7042  0.4331  0.4401  0.4331  0.4296  0.4401  0.4401  0.4472  0.4401  0.4437  0.3028  0.4577  0.4472  0.3415  0.4507  0.4507  0.4261  0.4190  0.4437  0.4261  0.4613  0.3451  0.4542  0.4366  0.3169  0.4155  0.4225  0.4648  0.4648  0.4366
A5GUR1           0.6901  0.6479  0.6197  0.6585  0.6373  0.6761  0.6162  0.7077  0.6866  0.6866  0.6937  0.7077  0.6831  0.4120  0.4225  0.3838  0.3838  0.3979  0.3979  0.4085  0.4085  0.4120  0.3556  0.4190  0.3803  0.3979  0.3697  0.3697  0.4155  0.4120  0.4049  0.4120  0.4155  0.3979  0.4014  0.4085  0.2852  0.4085  0.4190  0.4331  0.4331  0.4155  0.3451
A5GMI7           0.6831  0.6408  0.6303  0.6549  0.6162  0.6655  0.6197  0.7183  0.6796  0.6901  0.6901  0.6937  0.6866  0.3908  0.4085  0.3768  0.3979  0.3873  0.3873  0.4049  0.3944  0.3979  0.2993  0.4190  0.3979  0.3592  0.3979  0.3979  0.4190  0.4331  0.3838  0.4155  0.4331  0.3592  0.3944  0.4261  0.1514  0.4155  0.4261  0.4120  0.4120  0.4190  0.2993  0.2923
Q55526           0.6761  0.6444  0.6092  0.6444  0.6408  0.6761  0.6092  0.6937  0.6972  0.6937  0.7077  0.7148  0.6831  0.3979  0.4085  0.3099  0.3239  0.3063  0.3028  0.3239  0.3239  0.3310  0.4718  0.3627  0.2887  0.4648  0.3345  0.3345  0.4859  0.4824  0.3732  0.4930  0.2746  0.4648  0.2993  0.3063  0.4085  0.4718  0.4894  0.2923  0.2887  0.4894  0.4894  0.3732  0.3979
A3INF0           0.6725  0.6338  0.6162  0.6268  0.6373  0.6549  0.6021  0.6690  0.6549  0.6514  0.6725  0.7042  0.6796  0.3768  0.3979  0.2606  0.2641  0.2570  0.2535  0.2817  0.2641  0.2641  0.4648  0.3908  0.2535  0.4577  0.3451  0.3451  0.4613  0.4366  0.3521  0.4577  0.2465  0.4577  0.3028  0.2500  0.4472  0.4401  0.4577  0.1937  0.1901  0.4648  0.4648  0.4120  0.4437  0.2711
Q05WY4           0.6866  0.6303  0.6197  0.6514  0.6232  0.6549  0.6162  0.7254  0.6761  0.7042  0.6866  0.7042  0.6761  0.3979  0.3979  0.4049  0.4049  0.4014  0.4014  0.4190  0.4085  0.4120  0.3063  0.4049  0.4014  0.3556  0.3944  0.3944  0.4296  0.4155  0.3873  0.4155  0.4261  0.3556  0.3944  0.4225  0.1831  0.4120  0.4190  0.4085  0.4085  0.4296  0.3310  0.2852  0.1303  0.4085  0.4507
Q3AL77           0.6831  0.6444  0.6303  0.6514  0.6232  0.6690  0.6127  0.7324  0.6831  0.7113  0.6972  0.6937  0.6796  0.3944  0.4120  0.4049  0.3944  0.4049  0.4014  0.4225  0.4225  0.4190  0.2958  0.4049  0.4049  0.3556  0.4085  0.4085  0.4190  0.4261  0.3803  0.4190  0.4261  0.3556  0.4014  0.4120  0.0810  0.4120  0.4085  0.4296  0.4296  0.4225  0.3204  0.2817  0.1725  0.4190  0.4507  0.1796
B1WT49           0.6655  0.6268  0.6162  0.6303  0.6338  0.6514  0.5986  0.6690  0.6690  0.6690  0.6796  0.7042  0.6796  0.3944  0.4049  0.2817  0.2711  0.2923  0.2887  0.3028  0.2923  0.2746  0.4754  0.3873  0.2817  0.4507  0.3415  0.3415  0.4613  0.4296  0.3732  0.4577  0.2535  0.4507  0.3063  0.2746  0.4507  0.4401  0.4472  0.1937  0.1937  0.4577  0.4577  0.4190  0.4331  0.2923  0.0986  0.4366  0.4366
Q4C234           0.6655  0.6373  0.6268  0.6373  0.6444  0.6585  0.5986  0.6725  0.6620  0.6549  0.6690  0.7007  0.6901  0.3944  0.4049  0.2782  0.2782  0.2852  0.2817  0.3099  0.2887  0.2887  0.4577  0.4014  0.2782  0.4507  0.3592  0.3592  0.4683  0.4401  0.3768  0.4613  0.2359  0.4507  0.2993  0.2711  0.4401  0.4437  0.4577  0.1761  0.1725  0.4683  0.4472  0.4120  0.4437  0.2887  0.1162  0.4401  0.4366  0.0951
Q0IC35           0.6901  0.6338  0.6232  0.6549  0.6127  0.6690  0.6092  0.7148  0.6866  0.6937  0.6972  0.6937  0.6761  0.4049  0.4085  0.3873  0.3944  0.3873  0.3873  0.4049  0.4049  0.4190  0.2993  0.4296  0.3944  0.3275  0.4049  0.4049  0.4120  0.4014  0.3873  0.4085  0.4366  0.3310  0.4049  0.4155  0.1725  0.3979  0.3944  0.4155  0.4155  0.4120  0.2923  0.2817  0.1162  0.4331  0.4401  0.1479  0.1690  0.4401  0.4437
Q7V8J1           0.6761  0.6338  0.6162  0.6408  0.6092  0.6514  0.6021  0.7218  0.6725  0.6901  0.6901  0.7007  0.6620  0.4190  0.4225  0.4085  0.4049  0.3908  0.3873  0.4225  0.4225  0.4120  0.2923  0.4331  0.4190  0.3486  0.3979  0.3979  0.4190  0.4261  0.4085  0.4225  0.4331  0.3521  0.4331  0.4225  0.1444  0.4085  0.4120  0.4261  0.4261  0.4225  0.3099  0.2958  0.1761  0.4366  0.4577  0.1901  0.1444  0.4542  0.4613  0.1796
Q3AX07           0.6725  0.6408  0.6197  0.6549  0.6056  0.6761  0.6197  0.7218  0.6796  0.7077  0.6937  0.6937  0.6761  0.3838  0.4190  0.3944  0.3944  0.3908  0.3908  0.4049  0.4085  0.4014  0.3169  0.4085  0.4085  0.3345  0.3979  0.3979  0.4296  0.4190  0.3838  0.4331  0.4296  0.3345  0.4155  0.4085  0.1232  0.4225  0.4190  0.4296  0.4296  0.4366  0.3275  0.2817  0.1972  0.4261  0.4401  0.2113  0.1232  0.4472  0.4472  0.1725  0.1585
Q060C5           0.6725  0.6408  0.6197  0.6549  0.6056  0.6761  0.6232  0.7218  0.6796  0.7077  0.6937  0.6937  0.6761  0.3873  0.4190  0.3944  0.3979  0.3908  0.3908  0.4049  0.4085  0.4014  0.3204  0.4155  0.4085  0.3345  0.3979  0.3979  0.4296  0.4190  0.3908  0.4331  0.4296  0.3310  0.4190  0.4120  0.1303  0.4225  0.4190  0.4296  0.4296  0.4366  0.3275  0.2887  0.2007  0.4296  0.4401  0.2183  0.1268  0.4472  0.4472  0.1761  0.1655  0.0106
A3ZAC0           0.6796  0.6408  0.6268  0.6479  0.6127  0.6585  0.6056  0.7254  0.6866  0.6972  0.6972  0.6937  0.6690  0.3873  0.4014  0.3732  0.3944  0.3838  0.3838  0.4049  0.3944  0.4085  0.3028  0.4120  0.3908  0.3521  0.3944  0.3944  0.4225  0.4085  0.3803  0.4155  0.4261  0.3521  0.3908  0.4225  0.1479  0.4085  0.4085  0.4190  0.4190  0.4261  0.3028  0.2852  0.1162  0.4155  0.4542  0.1232  0.1585  0.4437  0.4437  0.1268  0.1761  0.1796  0.1831
B7KA73           0.6585  0.6444  0.6021  0.6373  0.6232  0.6620  0.6021  0.6866  0.6620  0.6655  0.6725  0.7007  0.6585  0.3732  0.3803  0.2430  0.2535  0.2430  0.2394  0.2676  0.2641  0.2746  0.4507  0.3732  0.2500  0.4542  0.3169  0.3169  0.4683  0.4472  0.3451  0.4718  0.2113  0.4577  0.2993  0.2535  0.4261  0.4577  0.4613  0.1901  0.1866  0.4718  0.4542  0.4120  0.4085  0.2500  0.2113  0.4225  0.4261  0.2218  0.2148  0.4120  0.4049  0.4155  0.4155  0.4085
A2CB29           0.6761  0.6338  0.6162  0.6479  0.6127  0.6585  0.6056  0.7254  0.6761  0.6937  0.6937  0.6972  0.6690  0.4120  0.4225  0.4120  0.4014  0.3944  0.3908  0.4296  0.4261  0.4120  0.2923  0.4261  0.4155  0.3521  0.3944  0.3944  0.4190  0.4261  0.4014  0.4261  0.4366  0.3556  0.4331  0.4261  0.1444  0.4085  0.4120  0.4296  0.4296  0.4225  0.3028  0.2923  0.1725  0.4331  0.4613  0.1901  0.1408  0.4542  0.4613  0.1796  0.0246  0.1585  0.1655  0.1725  0.4155
A3YV73           0.6972  0.6549  0.6092  0.6514  0.6338  0.6761  0.5986  0.7148  0.6866  0.7007  0.6972  0.7077  0.6796  0.4120  0.4155  0.3838  0.3944  0.3873  0.3838  0.3979  0.4085  0.4120  0.3310  0.4155  0.3944  0.4049  0.3697  0.3697  0.4261  0.4225  0.4049  0.4296  0.4366  0.4049  0.4120  0.4049  0.2606  0.4085  0.4190  0.4366  0.4366  0.4261  0.3380  0.2183  0.2500  0.3944  0.4366  0.2535  0.2535  0.4331  0.4437  0.2535  0.2570  0.2606  0.2641  0.2394  0.4014  0.2500
A4CW55           0.6901  0.6479  0.6373  0.6585  0.6162  0.6725  0.6268  0.7254  0.6866  0.6901  0.6972  0.7007  0.6831  0.3944  0.4120  0.3838  0.3944  0.3873  0.3873  0.4120  0.3979  0.4014  0.3063  0.4155  0.3979  0.3556  0.4049  0.4049  0.4225  0.4261  0.3873  0.4190  0.4366  0.3556  0.3944  0.4225  0.1585  0.4120  0.4261  0.4155  0.4155  0.4261  0.3028  0.2923  0.0211  0.4014  0.4472  0.1268  0.1761  0.4401  0.4472  0.1127  0.1725  0.1937  0.1972  0.1092  0.4120  0.1690  0.2535
P06616           0.6761  0.6866  0.6549  0.6549  0.6338  0.6761  0.6162  0.6620  0.6831  0.6831  0.6866  0.7007  0.6232  0.6408  0.6338  0.6021  0.6197  0.6127  0.6162  0.6268  0.6056  0.6232  0.6303  0.6197  0.6056  0.6444  0.6127  0.6127  0.6197  0.6232  0.6338  0.6197  0.6232  0.6408  0.6127  0.6232  0.6232  0.6197  0.6268  0.6303  0.6338  0.6197  0.6690  0.6162  0.6268  0.6338  0.6232  0.6303  0.6162  0.6197  0.6338  0.6232  0.6268  0.6162  0.6127  0.6232  0.6197  0.6338  0.6303  0.6197
B7MYJ7           0.6761  0.6866  0.6549  0.6585  0.6373  0.6761  0.6162  0.6620  0.6831  0.6831  0.6866  0.7007  0.6232  0.6408  0.6338  0.6021  0.6197  0.6127  0.6162  0.6268  0.6056  0.6232  0.6338  0.6197  0.6056  0.6444  0.6127  0.6127  0.6197  0.6232  0.6338  0.6162  0.6232  0.6408  0.6127  0.6232  0.6232  0.6197  0.6268  0.6303  0.6338  0.6197  0.6690  0.6162  0.6268  0.6338  0.6232  0.6303  0.6162  0.6197  0.6338  0.6232  0.6268  0.6162  0.6127  0.6232  0.6232  0.6338  0.6303  0.6197  0.0035
B7LUZ8           0.6761  0.6866  0.6549  0.6585  0.6373  0.6761  0.6162  0.6620  0.6831  0.6831  0.6866  0.7007  0.6232  0.6408  0.6338  0.6021  0.6197  0.6127  0.6162  0.6268  0.6056  0.6232  0.6338  0.6197  0.6056  0.6444  0.6127  0.6127  0.6197  0.6232  0.6338  0.6162  0.6232  0.6408  0.6127  0.6232  0.6232  0.6197  0.6268  0.6303  0.6338  0.6197  0.6690  0.6162  0.6268  0.6338  0.6232  0.6303  0.6162  0.6197  0.6338  0.6232  0.6268  0.6162  0.6127  0.6232  0.6232  0.6338  0.6303  0.6197  0.0035  0.0000
B8HSV1           0.6655  0.6162  0.6092  0.6338  0.6232  0.6585  0.6232  0.6901  0.6901  0.6866  0.7007  0.7077  0.6514  0.3099  0.3592  0.2394  0.2606  0.2324  0.2324  0.2570  0.2535  0.2500  0.4014  0.3451  0.2394  0.4401  0.2676  0.2676  0.4683  0.4577  0.3063  0.4718  0.2852  0.4401  0.2817  0.2711  0.3803  0.4577  0.4613  0.2852  0.2817  0.4718  0.4261  0.3592  0.3662  0.2923  0.2817  0.3662  0.3803  0.3028  0.2958  0.3732  0.3803  0.3768  0.3768  0.3697  0.2535  0.3873  0.3697  0.3697  0.6162  0.6162  0.6162
B4AZE1           0.6655  0.6514  0.6162  0.6408  0.6373  0.6690  0.6162  0.6937  0.6796  0.6725  0.6866  0.7077  0.6761  0.3627  0.3732  0.2570  0.2641  0.2641  0.2606  0.2711  0.2676  0.2711  0.4507  0.3873  0.2641  0.4718  0.3099  0.3099  0.4718  0.4542  0.3451  0.4718  0.1972  0.4718  0.2993  0.2606  0.4296  0.4613  0.4718  0.2042  0.2007  0.4718  0.4613  0.4120  0.4120  0.2641  0.2077  0.4225  0.4261  0.2113  0.2183  0.4261  0.4261  0.4190  0.4190  0.4155  0.0880  0.4331  0.4049  0.4190  0.6373  0.6338  0.6338  0.2606


TREE #  1:  (((62, 61), 63), ((((((6, 4), 1), ((((9, 11), (10, 12)), 8), 2)), (13, 5)), 3), 7), (((((((((((47, 50), 51), (40, 41)), ((65, 57), 33)), 46), 35), (((17, 36), 22), (((18, 19), (21, 20)), 16))), ((24, 64), 25)), ((28, 27), ((59, 44), ((((37, 49), (54, 55)), (((45, 60), 52), (56, 48))), (((((39, 30), (((42, 29), 32), 38)), (34, 26)), (43, 23)), (58, 53)))))), (14, 31)), 15));   MP score: 2853
lnL(ntime:127  np:128): -14441.183671      +0.000000
  66..67   67..68   68..62   68..61   67..63   66..69   69..70   70..71   71..72   72..73   73..74   74..6    74..4    73..1    72..75   75..76   76..77   77..78   78..9    78..11   77..79   79..10   79..12   76..8    75..2    71..80   80..13   80..5    70..3    69..7    66..81   81..82   82..83   83..84   84..85   85..86   86..87   87..88   88..89   89..90   90..91   91..47   91..50   90..51   89..92   92..40   92..41   88..93   93..94   94..65   94..57   93..33   87..46   86..35   85..95   95..96   96..97   97..17   97..36   96..22   95..98   98..99   99..100 100..18  100..19   99..101 101..21  101..20   98..16   84..102 102..103 103..24  103..64  102..25   83..104 104..105 105..28  105..27  104..106 106..107 107..59  107..44  106..108 108..109 109..110 110..111 111..37  111..49  110..112 112..54  112..55  109..113 113..114 114..115 115..45  115..60  114..52  113..116 116..56  116..48  108..117 117..118 118..119 119..120 120..121 121..39  121..30  120..122 122..123 123..124 124..42  124..29  123..32  122..38  119..125 125..34  125..26  118..126 126..43  126..23  117..127 127..58  127..53   82..128 128..14  128..31   81..15 
 1.638596 0.000004 0.000004 0.004216 0.000004 1.225737 0.246652 0.129659 0.013599 0.042629 0.129530 0.457268 0.285501 0.430742 0.052123 0.627120 0.238573 0.082000 0.006583 0.044381 0.069690 0.131147 0.268846 0.279577 0.421335 0.236070 0.761578 0.306301 0.173921 0.348900 0.796761 0.034563 0.149390 0.077101 0.026077 0.087253 0.080229 0.030002 0.078680 0.098302 0.027382 0.075047 0.049720 0.046775 0.128185 0.004074 0.000004 0.042349 0.082955 0.062130 0.052275 0.231837 0.328722 0.345301 0.055719 0.022551 0.033451 0.117887 0.186339 0.242441 0.108702 0.049924 0.052477 0.006357 0.010196 0.028150 0.093269 0.106075 0.073612 0.024316 0.054129 0.604350 0.215908 0.202277 0.061576 0.241983 0.000004 0.000004 0.451104 0.061956 0.144348 0.251629 0.182673 0.021874 0.058683 0.024687 0.058038 0.064130 0.119446 0.003850 0.009285 0.093092 0.013172 0.061921 0.012620 0.014945 0.105328 0.019987 0.088814 0.097160 0.022524 0.188528 0.105996 0.714631 0.087168 0.018680 0.068734 0.057190 0.055412 0.002333 0.025947 0.016732 0.046890 0.051248 0.346484 0.017034 0.000004 0.046612 0.333236 0.308579 0.096357 0.009978 0.021452 0.354884 0.102809 0.003321 0.466841 0.683164

tree length =  19.70745

(((62: 0.000004, 61: 0.004216): 0.000004, 63: 0.000004): 1.638596, ((((((6: 0.457268, 4: 0.285501): 0.129530, 1: 0.430742): 0.042629, ((((9: 0.006583, 11: 0.044381): 0.082000, (10: 0.131147, 12: 0.268846): 0.069690): 0.238573, 8: 0.279577): 0.627120, 2: 0.421335): 0.052123): 0.013599, (13: 0.761578, 5: 0.306301): 0.236070): 0.129659, 3: 0.173921): 0.246652, 7: 0.348900): 1.225737, (((((((((((47: 0.075047, 50: 0.049720): 0.027382, 51: 0.046775): 0.098302, (40: 0.004074, 41: 0.000004): 0.128185): 0.078680, ((65: 0.062130, 57: 0.052275): 0.082955, 33: 0.231837): 0.042349): 0.030002, 46: 0.328722): 0.080229, 35: 0.345301): 0.087253, (((17: 0.117887, 36: 0.186339): 0.033451, 22: 0.242441): 0.022551, (((18: 0.006357, 19: 0.010196): 0.052477, (21: 0.093269, 20: 0.106075): 0.028150): 0.049924, 16: 0.073612): 0.108702): 0.055719): 0.026077, ((24: 0.604350, 64: 0.215908): 0.054129, 25: 0.202277): 0.024316): 0.077101, ((28: 0.000004, 27: 0.000004): 0.241983, ((59: 0.144348, 44: 0.251629): 0.061956, ((((37: 0.058038, 49: 0.064130): 0.024687, (54: 0.003850, 55: 0.009285): 0.119446): 0.058683, (((45: 0.012620, 60: 0.014945): 0.061921, 52: 0.105328): 0.013172, (56: 0.088814, 48: 0.097160): 0.019987): 0.093092): 0.021874, (((((39: 0.018680, 30: 0.068734): 0.087168, (((42: 0.025947, 29: 0.016732): 0.002333, 32: 0.046890): 0.055412, 38: 0.051248): 0.057190): 0.714631, (34: 0.017034, 26: 0.000004): 0.346484): 0.105996, (43: 0.333236, 23: 0.308579): 0.046612): 0.188528, (58: 0.009978, 53: 0.021452): 0.096357): 0.022524): 0.182673): 0.451104): 0.061576): 0.149390, (14: 0.102809, 31: 0.003321): 0.354884): 0.034563, 15: 0.466841): 0.796761);

(((B7MYJ7: 0.000004, P06616: 0.004216): 0.000004, B7LUZ8: 0.000004): 1.638596, ((((((Q30QS6: 0.457268, A6QAX0: 0.285501): 0.129530, A8EVH0: 0.430742): 0.042629, ((((A8FL79: 0.006583, A7H4F3: 0.044381): 0.082000, (Q4HHY1: 0.131147, Q4HS36: 0.268846): 0.069690): 0.238573, B9KGA1: 0.279577): 0.627120, D1B1T7: 0.421335): 0.052123): 0.013599, (P56059: 0.761578, Q7M8Z8: 0.306301): 0.236070): 0.129659, A6Q3Q3: 0.173921): 0.246652, B9L5M2: 0.348900): 1.225737, (((((((((((A3INF0: 0.075047, B1WT49: 0.049720): 0.027382, Q4C234: 0.046775): 0.098302, (C7QM72: 0.004074, B7K414: 0.000004): 0.128185): 0.078680, ((B4AZE1: 0.062130, B7KA73: 0.052275): 0.082955, B0JVJ7: 0.231837): 0.042349): 0.030002, Q55526: 0.328722): 0.080229, B1XPH0: 0.345301): 0.087253, (((A0YYZ5: 0.117887, B5W9G1: 0.186339): 0.033451, Q110F4: 0.242441): 0.022551, (((Q3M4H1: 0.006357, Q8YYD8: 0.010196): 0.052477, (B2J752: 0.093269, B9YMS4: 0.106075): 0.028150): 0.049924, A0ZHM4: 0.073612): 0.108702): 0.055719): 0.026077, ((Q8DMQ5: 0.604350, B8HSV1: 0.215908): 0.054129, B0C2B8: 0.202277): 0.024316): 0.077101, ((Q31RX7: 0.000004, Q5N2D4: 0.000004): 0.241983, ((A3YV73: 0.144348, A5GUR1: 0.251629): 0.061956, ((((Q7U5T2: 0.058038, Q3AL77: 0.064130): 0.024687, (Q3AX07: 0.003850, Q060C5: 0.009285): 0.119446): 0.058683, (((A5GMI7: 0.012620, A4CW55: 0.014945): 0.061921, Q0IC35: 0.105328): 0.013172, (A3ZAC0: 0.088814, Q05WY4: 0.097160): 0.019987): 0.093092): 0.021874, (((((Q7V0H6: 0.018680, A2BXY8: 0.068734): 0.087168, (((A3PEB4: 0.025947, A2BSK2: 0.016732): 0.002333, A8G691: 0.046890): 0.055412, Q319K8: 0.051248): 0.057190): 0.714631, (A2C447: 0.017034, Q46JI9: 0.000004): 0.346484): 0.105996, (Q7VAU9: 0.333236, A9BBP7: 0.308579): 0.046612): 0.188528, (A2CB29: 0.009978, Q7V8J1: 0.021452): 0.096357): 0.022524): 0.182673): 0.451104): 0.061576): 0.149390, (Q2JHI1: 0.102809, Q2JV43: 0.003321): 0.354884): 0.034563, Q7ND14: 0.466841): 0.796761);

Detailed output identifying parameters

alpha (gamma, K = 4) =  0.68316
rate:   0.07060  0.35548  0.91847  2.65546
freq:   0.25000  0.25000  0.25000  0.25000

Time used: 29:20
