AAML (in paml version 4.6, August 2012)  212.aa
Model: Empirical for branches,  Global clock  (../../../bin/DCMut.dat) dGamma (ncatG=4) ns =  65  ls = 104


Frequencies..
                                    A      R      N      D      C      Q      E      G      H      I      L      K      M      F      P      S      T      W      Y      V
A8EW88                         0.03846 0.09615 0.02885 0.02885 0.01923 0.02885 0.03846 0.08654 0.02885 0.05769 0.07692 0.12500 0.00962 0.00962 0.05769 0.04808 0.07692 0.00000 0.02885 0.11538
B9KFG9                         0.03846 0.09615 0.03846 0.01923 0.01923 0.02885 0.04808 0.08654 0.02885 0.04808 0.08654 0.11538 0.00962 0.00962 0.05769 0.05769 0.06731 0.00000 0.02885 0.11538
Q4HE09                         0.03846 0.09615 0.03846 0.01923 0.01923 0.02885 0.04808 0.08654 0.02885 0.04808 0.08654 0.11538 0.00962 0.00962 0.05769 0.05769 0.06731 0.00000 0.02885 0.11538
A7H4P7                         0.03846 0.09615 0.03846 0.01923 0.01923 0.02885 0.04808 0.08654 0.02885 0.04808 0.08654 0.11538 0.00962 0.00962 0.05769 0.05769 0.06731 0.00000 0.02885 0.11538
Q4HS68                         0.03846 0.09615 0.03846 0.01923 0.01923 0.02885 0.04808 0.08654 0.02885 0.05769 0.08654 0.11538 0.00000 0.00962 0.05769 0.05769 0.06731 0.00000 0.02885 0.11538
A8FKR5                         0.03846 0.09615 0.03846 0.01923 0.01923 0.02885 0.04808 0.08654 0.02885 0.04808 0.08654 0.11538 0.00962 0.00962 0.05769 0.05769 0.06731 0.00000 0.02885 0.11538
D1AZC5                         0.03846 0.08654 0.03846 0.02885 0.01923 0.02885 0.03846 0.08654 0.02885 0.05769 0.07692 0.12500 0.00962 0.00962 0.05769 0.05769 0.06731 0.00000 0.02885 0.11538
Q30TP5                         0.03846 0.09615 0.02885 0.01923 0.01923 0.03846 0.03846 0.07692 0.02885 0.06731 0.07692 0.10577 0.01923 0.00962 0.05769 0.06731 0.06731 0.00000 0.02885 0.11538
A6Q1M5                         0.03846 0.09615 0.02885 0.01923 0.01923 0.02885 0.03846 0.07692 0.02885 0.06731 0.07692 0.12500 0.00962 0.00000 0.06731 0.05769 0.06731 0.00000 0.03846 0.11538
A6Q6I4                         0.04808 0.09615 0.02885 0.01923 0.01923 0.03846 0.03846 0.08654 0.02885 0.06731 0.07692 0.12500 0.00962 0.00962 0.05769 0.05769 0.05769 0.00000 0.02885 0.10577
B9L7J8                         0.03846 0.09615 0.02885 0.01923 0.01923 0.03846 0.02885 0.08654 0.02885 0.05769 0.07692 0.10577 0.00962 0.00000 0.06731 0.06731 0.06731 0.00000 0.03846 0.12500
Q7MA55                         0.04808 0.09615 0.03846 0.01923 0.01923 0.02885 0.03846 0.07692 0.02885 0.08654 0.07692 0.11538 0.00962 0.00962 0.06731 0.05769 0.06731 0.00000 0.02885 0.08654
A0ZFB8                         0.04808 0.12500 0.01923 0.01923 0.01923 0.05769 0.03846 0.07692 0.02885 0.06731 0.06731 0.07692 0.01923 0.00962 0.06731 0.03846 0.10577 0.00000 0.02885 0.08654
Q3MDM2                         0.04808 0.12500 0.01923 0.01923 0.01923 0.05769 0.03846 0.07692 0.02885 0.06731 0.06731 0.07692 0.01923 0.00962 0.06731 0.03846 0.10577 0.00000 0.02885 0.08654
Q8YP60                         0.04808 0.12500 0.01923 0.01923 0.01923 0.05769 0.03846 0.07692 0.02885 0.06731 0.06731 0.07692 0.01923 0.00962 0.06731 0.03846 0.10577 0.00000 0.02885 0.08654
B2J5A8                         0.04808 0.12500 0.02885 0.01923 0.01923 0.06731 0.03846 0.07692 0.02885 0.06731 0.06731 0.06731 0.01923 0.00962 0.06731 0.03846 0.09615 0.00000 0.02885 0.08654
P63199                         0.03846 0.11538 0.02885 0.02885 0.01923 0.03846 0.03846 0.07692 0.02885 0.07692 0.06731 0.08654 0.01923 0.00962 0.06731 0.03846 0.10577 0.00000 0.02885 0.08654
P63200                         0.03846 0.11538 0.02885 0.02885 0.01923 0.03846 0.03846 0.07692 0.02885 0.07692 0.06731 0.08654 0.01923 0.00962 0.06731 0.03846 0.10577 0.00000 0.02885 0.08654
B0JSE3                         0.05769 0.12500 0.01923 0.02885 0.01923 0.04808 0.02885 0.07692 0.02885 0.06731 0.07692 0.08654 0.00962 0.00962 0.06731 0.04808 0.08654 0.00000 0.02885 0.08654
B9YNG2                         0.04808 0.12500 0.01923 0.01923 0.01923 0.05769 0.03846 0.07692 0.02885 0.06731 0.07692 0.06731 0.01923 0.00962 0.06731 0.04808 0.09615 0.00000 0.02885 0.08654
Q7NEF4                         0.06731 0.13462 0.01923 0.01923 0.01923 0.03846 0.02885 0.08654 0.02885 0.06731 0.06731 0.06731 0.01923 0.00962 0.06731 0.03846 0.09615 0.00000 0.02885 0.09615
P74230                         0.04808 0.11538 0.01923 0.01923 0.01923 0.05769 0.02885 0.07692 0.02885 0.05769 0.07692 0.08654 0.00962 0.00962 0.06731 0.05769 0.08654 0.00000 0.02885 0.10577
C7QS65                         0.04808 0.11538 0.01923 0.01923 0.01923 0.04808 0.02885 0.07692 0.02885 0.06731 0.08654 0.09615 0.00962 0.00962 0.06731 0.05769 0.08654 0.00000 0.02885 0.08654
B7JUP8                         0.04808 0.11538 0.01923 0.01923 0.01923 0.04808 0.02885 0.07692 0.02885 0.06731 0.08654 0.09615 0.00962 0.00962 0.06731 0.05769 0.08654 0.00000 0.02885 0.08654
B7K837                         0.04808 0.11538 0.01923 0.01923 0.01923 0.05769 0.02885 0.07692 0.02885 0.06731 0.07692 0.08654 0.00962 0.00962 0.06731 0.04808 0.09615 0.00000 0.02885 0.09615
B8HVS0                         0.03846 0.11538 0.01923 0.01923 0.01923 0.04808 0.03846 0.07692 0.02885 0.06731 0.07692 0.08654 0.01923 0.00962 0.06731 0.05769 0.09615 0.00000 0.02885 0.08654
B4AVR7                         0.03846 0.11538 0.01923 0.01923 0.01923 0.06731 0.02885 0.07692 0.02885 0.07692 0.07692 0.07692 0.00962 0.00962 0.06731 0.06731 0.08654 0.00000 0.02885 0.08654
Q3AMT3                         0.04808 0.12500 0.01923 0.01923 0.01923 0.02885 0.03846 0.08654 0.02885 0.05769 0.08654 0.07692 0.00962 0.00962 0.05769 0.06731 0.09615 0.00000 0.02885 0.09615
Q05QG6                         0.04808 0.12500 0.02885 0.01923 0.01923 0.03846 0.03846 0.08654 0.02885 0.06731 0.07692 0.06731 0.00962 0.00962 0.05769 0.06731 0.08654 0.00000 0.02885 0.09615
Q7U4D4                         0.04808 0.12500 0.01923 0.01923 0.01923 0.02885 0.03846 0.08654 0.02885 0.05769 0.08654 0.07692 0.00962 0.00962 0.05769 0.06731 0.09615 0.00000 0.02885 0.09615
A0YL60                         0.05769 0.11538 0.01923 0.01923 0.01923 0.03846 0.02885 0.07692 0.02885 0.06731 0.07692 0.08654 0.01923 0.00962 0.06731 0.05769 0.09615 0.00000 0.02885 0.08654
Q2JUX7                         0.07692 0.12500 0.01923 0.01923 0.01923 0.03846 0.03846 0.08654 0.02885 0.06731 0.06731 0.07692 0.01923 0.00962 0.06731 0.02885 0.08654 0.00000 0.02885 0.09615
Q46IW1                         0.03846 0.12500 0.01923 0.01923 0.01923 0.02885 0.03846 0.09615 0.02885 0.04808 0.09615 0.07692 0.00962 0.00962 0.05769 0.05769 0.10577 0.00000 0.02885 0.09615
A4CSS2                         0.04808 0.11538 0.01923 0.01923 0.01923 0.03846 0.03846 0.08654 0.02885 0.06731 0.07692 0.07692 0.00962 0.00962 0.05769 0.07692 0.09615 0.00000 0.02885 0.08654
A5GIP3                         0.04808 0.11538 0.01923 0.01923 0.01923 0.03846 0.03846 0.08654 0.02885 0.06731 0.07692 0.07692 0.00962 0.00962 0.05769 0.07692 0.09615 0.00000 0.02885 0.08654
A2C4U8                         0.03846 0.12500 0.01923 0.01923 0.01923 0.02885 0.03846 0.09615 0.02885 0.04808 0.09615 0.07692 0.00962 0.00962 0.05769 0.04808 0.11538 0.00000 0.02885 0.09615
A3Z8S5                         0.05769 0.12500 0.01923 0.01923 0.01923 0.03846 0.03846 0.08654 0.03846 0.06731 0.08654 0.06731 0.00962 0.00962 0.05769 0.05769 0.08654 0.00000 0.02885 0.08654
Q0ID56                         0.05769 0.12500 0.01923 0.01923 0.01923 0.03846 0.03846 0.08654 0.03846 0.06731 0.08654 0.06731 0.00962 0.00962 0.05769 0.04808 0.09615 0.00000 0.02885 0.08654
Q118Z5                         0.04808 0.11538 0.01923 0.02885 0.01923 0.05769 0.02885 0.07692 0.02885 0.06731 0.06731 0.06731 0.01923 0.00962 0.06731 0.05769 0.10577 0.00000 0.02885 0.08654
P59168                         0.03846 0.12500 0.01923 0.01923 0.01923 0.04808 0.03846 0.08654 0.02885 0.06731 0.08654 0.07692 0.01923 0.00962 0.06731 0.03846 0.09615 0.00000 0.02885 0.08654
A3ISJ6                         0.05769 0.11538 0.01923 0.01923 0.01923 0.04808 0.02885 0.07692 0.02885 0.06731 0.07692 0.09615 0.00962 0.00962 0.06731 0.05769 0.08654 0.00000 0.02885 0.08654
B1WQY7                         0.05769 0.11538 0.01923 0.01923 0.01923 0.04808 0.02885 0.07692 0.02885 0.06731 0.07692 0.09615 0.00962 0.00962 0.06731 0.05769 0.08654 0.00000 0.02885 0.08654
Q4C681                         0.05769 0.11538 0.01923 0.01923 0.01923 0.04808 0.02885 0.07692 0.02885 0.06731 0.07692 0.09615 0.00962 0.00962 0.06731 0.05769 0.08654 0.00000 0.02885 0.08654
Q3AW56                         0.03846 0.12500 0.01923 0.01923 0.01923 0.02885 0.03846 0.08654 0.02885 0.06731 0.08654 0.07692 0.00962 0.00962 0.05769 0.06731 0.09615 0.00000 0.02885 0.09615
B1XI66                         0.04808 0.11538 0.01923 0.01923 0.01923 0.04808 0.02885 0.07692 0.02885 0.05769 0.08654 0.09615 0.00962 0.00962 0.06731 0.04808 0.08654 0.00000 0.03846 0.09615
Q060Y8                         0.04808 0.12500 0.01923 0.01923 0.01923 0.02885 0.03846 0.08654 0.02885 0.06731 0.08654 0.07692 0.00962 0.00962 0.05769 0.05769 0.09615 0.00000 0.02885 0.09615
Q2JMY0                         0.07692 0.12500 0.01923 0.01923 0.01923 0.03846 0.03846 0.07692 0.02885 0.06731 0.06731 0.06731 0.01923 0.00962 0.06731 0.04808 0.08654 0.00000 0.02885 0.09615
P0A0X4                         0.03846 0.09615 0.02885 0.01923 0.01923 0.02885 0.04808 0.06731 0.02885 0.05769 0.07692 0.12500 0.00962 0.00962 0.06731 0.04808 0.07692 0.00000 0.02885 0.12500
B0CCD3                         0.03846 0.11538 0.02885 0.01923 0.01923 0.03846 0.02885 0.07692 0.02885 0.06731 0.06731 0.08654 0.01923 0.00962 0.06731 0.05769 0.10577 0.00000 0.03846 0.08654
B7N1C3                         0.06731 0.11538 0.04808 0.01923 0.03846 0.02885 0.03846 0.08654 0.02885 0.02885 0.07692 0.07692 0.00962 0.00962 0.05769 0.03846 0.07692 0.00000 0.02885 0.12500
P0A7S3                         0.06731 0.11538 0.04808 0.01923 0.03846 0.02885 0.03846 0.08654 0.02885 0.02885 0.07692 0.07692 0.00962 0.00962 0.05769 0.03846 0.07692 0.00000 0.02885 0.12500
B7LS48                         0.06731 0.11538 0.04808 0.01923 0.03846 0.02885 0.03846 0.08654 0.02885 0.02885 0.07692 0.07692 0.00962 0.00962 0.05769 0.03846 0.07692 0.00000 0.02885 0.12500
A9BCK3                         0.03846 0.14423 0.01923 0.01923 0.01923 0.02885 0.03846 0.07692 0.02885 0.05769 0.09615 0.06731 0.00962 0.00962 0.06731 0.05769 0.10577 0.00000 0.02885 0.08654
A3PF00                         0.03846 0.11538 0.01923 0.01923 0.01923 0.01923 0.03846 0.08654 0.02885 0.04808 0.09615 0.08654 0.00962 0.00962 0.06731 0.07692 0.09615 0.00000 0.02885 0.09615
A8G711                         0.04808 0.11538 0.01923 0.01923 0.01923 0.01923 0.03846 0.08654 0.02885 0.04808 0.09615 0.08654 0.00962 0.00962 0.06731 0.06731 0.09615 0.00000 0.02885 0.09615
A2BT86                         0.04808 0.11538 0.01923 0.01923 0.01923 0.01923 0.03846 0.08654 0.02885 0.04808 0.09615 0.08654 0.00962 0.00962 0.06731 0.06731 0.09615 0.00000 0.02885 0.09615
Q7VA02                         0.03846 0.14423 0.01923 0.01923 0.01923 0.03846 0.03846 0.07692 0.02885 0.05769 0.09615 0.05769 0.00962 0.00962 0.06731 0.05769 0.10577 0.00000 0.02885 0.08654
Q318N2                         0.03846 0.12500 0.01923 0.01923 0.01923 0.01923 0.03846 0.08654 0.02885 0.05769 0.09615 0.07692 0.00962 0.00962 0.06731 0.07692 0.09615 0.00000 0.02885 0.08654
A5GW11                         0.03846 0.13462 0.01923 0.01923 0.01923 0.03846 0.03846 0.07692 0.02885 0.06731 0.08654 0.05769 0.00962 0.00962 0.06731 0.06731 0.10577 0.00000 0.02885 0.08654
Q7UZY4                         0.03846 0.12500 0.01923 0.01923 0.01923 0.01923 0.03846 0.08654 0.02885 0.05769 0.09615 0.07692 0.00962 0.00962 0.06731 0.07692 0.09615 0.00000 0.02885 0.08654
A2BYN7                         0.03846 0.12500 0.01923 0.01923 0.01923 0.01923 0.03846 0.08654 0.02885 0.05769 0.09615 0.07692 0.00962 0.00962 0.06731 0.07692 0.09615 0.00000 0.02885 0.08654
Q7V503                         0.04808 0.13462 0.01923 0.01923 0.01923 0.03846 0.03846 0.07692 0.03846 0.06731 0.08654 0.05769 0.00962 0.00962 0.06731 0.04808 0.10577 0.00000 0.02885 0.08654
A2CC84                         0.04808 0.13462 0.01923 0.01923 0.01923 0.03846 0.03846 0.07692 0.03846 0.06731 0.08654 0.05769 0.00962 0.00962 0.06731 0.04808 0.10577 0.00000 0.02885 0.08654
A3YXL7                         0.03846 0.13462 0.01923 0.01923 0.01923 0.03846 0.03846 0.08654 0.03846 0.06731 0.08654 0.05769 0.00962 0.00962 0.06731 0.04808 0.10577 0.00000 0.02885 0.08654
B5W3X6                         0.04808 0.11538 0.01923 0.02885 0.01923 0.03846 0.02885 0.07692 0.02885 0.06731 0.06731 0.08654 0.01923 0.00962 0.06731 0.05769 0.10577 0.00000 0.02885 0.08654

Homogeneity statistic: X2 = 1.84863 G = 1.83010 

Average                        0.04704 0.11686 0.02426 0.02027 0.02012 0.03802 0.03698 0.08195 0.02959 0.06154 0.08092 0.08580 0.01198 0.00932 0.06391 0.05547 0.09024 0.00000 0.02944 0.09630

# constant sites:     62 (59.62%)
ln Lmax (unconstrained) = -392.080398

AA distances (raw proportions of different sites)

A8EW88         
B9KFG9           0.0385
Q4HE09           0.0385  0.0000
A7H4P7           0.0385  0.0000  0.0000
Q4HS68           0.0577  0.0192  0.0192  0.0192
A8FKR5           0.0385  0.0000  0.0000  0.0000  0.0192
D1AZC5           0.0481  0.0577  0.0577  0.0577  0.0769  0.0577
Q30TP5           0.0865  0.0769  0.0769  0.0769  0.0962  0.0769  0.0865
A6Q1M5           0.0577  0.0673  0.0673  0.0673  0.0865  0.0673  0.0577  0.0769
A6Q6I4           0.0769  0.0769  0.0769  0.0769  0.0865  0.0769  0.0769  0.0481  0.0769
B9L7J8           0.0769  0.0769  0.0769  0.0769  0.0962  0.0769  0.0769  0.0769  0.0385  0.0962
Q7MA55           0.0865  0.0769  0.0769  0.0769  0.0865  0.0769  0.0865  0.0769  0.0481  0.0769  0.0769
A0ZFB8           0.2019  0.1923  0.1923  0.1923  0.2019  0.1923  0.2115  0.2019  0.1923  0.2115  0.2212  0.1538
Q3MDM2           0.2019  0.1923  0.1923  0.1923  0.2019  0.1923  0.2115  0.2019  0.1923  0.2115  0.2212  0.1538  0.0000
Q8YP60           0.2019  0.1923  0.1923  0.1923  0.2019  0.1923  0.2115  0.2019  0.1923  0.2115  0.2212  0.1538  0.0000  0.0000
B2J5A8           0.2115  0.2019  0.2019  0.2019  0.2115  0.2019  0.2115  0.2115  0.2019  0.2212  0.2115  0.1635  0.0192  0.0192  0.0192
P63199           0.2019  0.1827  0.1827  0.1827  0.1827  0.1827  0.2019  0.1923  0.1827  0.2019  0.2115  0.1442  0.0481  0.0481  0.0481  0.0577
P63200           0.2019  0.1827  0.1827  0.1827  0.1827  0.1827  0.2019  0.1923  0.1827  0.2019  0.2115  0.1442  0.0481  0.0481  0.0481  0.0577  0.0000
B0JSE3           0.2019  0.1923  0.1923  0.1923  0.2019  0.1923  0.2115  0.2019  0.1923  0.1923  0.2212  0.1538  0.0577  0.0577  0.0577  0.0673  0.0673  0.0673
B9YNG2           0.2115  0.2019  0.2019  0.2019  0.2115  0.2019  0.2212  0.2115  0.2019  0.2212  0.2212  0.1635  0.0192  0.0192  0.0192  0.0192  0.0577  0.0577  0.0673
Q7NEF4           0.2115  0.2019  0.2019  0.2019  0.2115  0.2019  0.2212  0.2115  0.2019  0.2212  0.2212  0.1635  0.0769  0.0769  0.0769  0.0769  0.0865  0.0865  0.0865  0.0769
P74230           0.1827  0.1731  0.1731  0.1731  0.1923  0.1731  0.1827  0.1731  0.1827  0.1731  0.1923  0.1635  0.0769  0.0769  0.0769  0.0865  0.0769  0.0769  0.0481  0.0769  0.1058
C7QS65           0.2019  0.1923  0.1923  0.1923  0.2019  0.1923  0.2019  0.1923  0.1827  0.1827  0.2115  0.1538  0.0673  0.0673  0.0673  0.0769  0.0673  0.0673  0.0288  0.0673  0.1058  0.0288
B7JUP8           0.2019  0.1923  0.1923  0.1923  0.2019  0.1923  0.2019  0.1923  0.1827  0.1827  0.2115  0.1538  0.0673  0.0673  0.0673  0.0769  0.0673  0.0673  0.0288  0.0673  0.1058  0.0288  0.0000
B7K837           0.1923  0.1827  0.1827  0.1827  0.2019  0.1827  0.1923  0.1827  0.1731  0.1827  0.2019  0.1538  0.0577  0.0577  0.0577  0.0769  0.0673  0.0673  0.0385  0.0769  0.0962  0.0192  0.0288  0.0288
B8HVS0           0.2115  0.2019  0.2019  0.2019  0.2115  0.2019  0.2115  0.1827  0.1923  0.2115  0.2019  0.1635  0.0673  0.0673  0.0673  0.0673  0.0577  0.0577  0.0769  0.0577  0.0865  0.0769  0.0481  0.0481  0.0769
B4AVR7           0.2115  0.2019  0.2019  0.2019  0.2019  0.2019  0.2115  0.2019  0.1923  0.2019  0.2019  0.1635  0.0769  0.0769  0.0769  0.0673  0.0673  0.0673  0.0577  0.0673  0.0962  0.0385  0.0385  0.0385  0.0385  0.0673
Q3AMT3           0.2115  0.2019  0.2019  0.2019  0.2115  0.2019  0.2212  0.2115  0.2212  0.2212  0.2308  0.1923  0.1058  0.1058  0.1058  0.1154  0.1154  0.1154  0.0962  0.1154  0.1154  0.1154  0.0865  0.0865  0.0962  0.0865  0.1058
Q05QG6           0.2115  0.2019  0.2019  0.2019  0.2212  0.2019  0.2019  0.1923  0.2115  0.2212  0.2212  0.1923  0.1154  0.1154  0.1154  0.1058  0.1154  0.1154  0.1058  0.1154  0.1346  0.1154  0.1058  0.1058  0.1058  0.0865  0.1154  0.0577
Q7U4D4           0.2115  0.2019  0.2019  0.2019  0.2115  0.2019  0.2212  0.2115  0.2212  0.2212  0.2308  0.1923  0.1058  0.1058  0.1058  0.1154  0.1154  0.1154  0.0962  0.1154  0.1154  0.1154  0.0865  0.0865  0.0962  0.0865  0.1058  0.0000  0.0577
A0YL60           0.2115  0.1923  0.1923  0.1923  0.2019  0.1923  0.2115  0.1923  0.1923  0.2115  0.2019  0.1538  0.0481  0.0481  0.0481  0.0577  0.0481  0.0481  0.0769  0.0481  0.0865  0.0769  0.0673  0.0673  0.0769  0.0481  0.0769  0.1154  0.1154  0.1154
Q2JUX7           0.2212  0.2115  0.2115  0.2115  0.2212  0.2115  0.2308  0.2212  0.2115  0.2019  0.2308  0.1731  0.0769  0.0769  0.0769  0.0769  0.0865  0.0865  0.0673  0.0769  0.0865  0.0962  0.0865  0.0865  0.0865  0.0865  0.0962  0.1346  0.1346  0.1346  0.0865
Q46IW1           0.2019  0.1923  0.1923  0.1923  0.2019  0.1923  0.2019  0.2115  0.2212  0.2019  0.2212  0.2019  0.1346  0.1346  0.1346  0.1442  0.1442  0.1442  0.1346  0.1442  0.1635  0.1346  0.1250  0.1250  0.1346  0.1250  0.1442  0.0865  0.0865  0.0865  0.1538  0.1442
A4CSS2           0.2115  0.2019  0.2019  0.2019  0.2115  0.2019  0.2212  0.2019  0.2212  0.2212  0.2308  0.1923  0.0962  0.0962  0.0962  0.1058  0.1058  0.1058  0.0962  0.1058  0.1250  0.1154  0.0962  0.0962  0.0962  0.0769  0.1058  0.0385  0.0288  0.0385  0.1058  0.1250  0.0865
A5GIP3           0.2115  0.2019  0.2019  0.2019  0.2115  0.2019  0.2212  0.2019  0.2212  0.2212  0.2308  0.1923  0.0962  0.0962  0.0962  0.1058  0.1058  0.1058  0.0962  0.1058  0.1250  0.1154  0.0962  0.0962  0.0962  0.0769  0.1058  0.0385  0.0288  0.0385  0.1058  0.1250  0.0865  0.0000
A2C4U8           0.2019  0.1923  0.1923  0.1923  0.2019  0.1923  0.2019  0.2115  0.2212  0.2019  0.2212  0.2019  0.1250  0.1250  0.1250  0.1346  0.1346  0.1346  0.1250  0.1346  0.1538  0.1250  0.1154  0.1154  0.1250  0.1154  0.1346  0.0769  0.0769  0.0769  0.1442  0.1346  0.0096  0.0769  0.0769
A3Z8S5           0.2212  0.2115  0.2115  0.2115  0.2212  0.2115  0.2212  0.2115  0.2212  0.2212  0.2404  0.1923  0.1154  0.1154  0.1154  0.1154  0.1154  0.1154  0.1058  0.1154  0.1250  0.1250  0.0962  0.0962  0.1154  0.0865  0.1154  0.0577  0.0288  0.0577  0.1250  0.1346  0.0769  0.0385  0.0385  0.0673
Q0ID56           0.2212  0.2115  0.2115  0.2115  0.2212  0.2115  0.2212  0.2115  0.2212  0.2212  0.2404  0.1923  0.1154  0.1154  0.1154  0.1154  0.1154  0.1154  0.1058  0.1154  0.1250  0.1250  0.0962  0.0962  0.1154  0.0865  0.1154  0.0577  0.0385  0.0577  0.1250  0.1346  0.0673  0.0481  0.0481  0.0577  0.0096
Q118Z5           0.2308  0.2212  0.2212  0.2212  0.2308  0.2212  0.2308  0.2019  0.2115  0.2308  0.2115  0.1827  0.0865  0.0865  0.0865  0.0865  0.0769  0.0769  0.1058  0.0769  0.1058  0.0962  0.0865  0.0865  0.0962  0.0481  0.0865  0.1250  0.1154  0.1250  0.0481  0.1058  0.1635  0.1058  0.1058  0.1538  0.1250  0.1250
P59168           0.2115  0.2019  0.2019  0.2019  0.2115  0.2019  0.2212  0.2115  0.2019  0.2212  0.2212  0.1731  0.0577  0.0577  0.0577  0.0577  0.0577  0.0577  0.0673  0.0481  0.0769  0.0962  0.0673  0.0673  0.0865  0.0481  0.0865  0.0962  0.1058  0.0962  0.0673  0.0673  0.1154  0.0962  0.0962  0.1058  0.0962  0.0962  0.0865
A3ISJ6           0.2019  0.1923  0.1923  0.1923  0.2019  0.1923  0.2019  0.1923  0.1827  0.1827  0.2115  0.1442  0.0577  0.0577  0.0577  0.0673  0.0673  0.0673  0.0192  0.0577  0.0962  0.0288  0.0096  0.0096  0.0288  0.0577  0.0385  0.0962  0.1058  0.0962  0.0577  0.0769  0.1346  0.0962  0.0962  0.1250  0.1058  0.1058  0.0865  0.0769
B1WQY7           0.2019  0.1923  0.1923  0.1923  0.2019  0.1923  0.2019  0.1923  0.1827  0.1827  0.2115  0.1442  0.0577  0.0577  0.0577  0.0673  0.0673  0.0673  0.0192  0.0577  0.0962  0.0288  0.0096  0.0096  0.0288  0.0577  0.0385  0.0962  0.1058  0.0962  0.0577  0.0769  0.1346  0.0962  0.0962  0.1250  0.1058  0.1058  0.0865  0.0769  0.0000
Q4C681           0.2019  0.1923  0.1923  0.1923  0.2019  0.1923  0.2019  0.1923  0.1827  0.1827  0.2115  0.1442  0.0577  0.0577  0.0577  0.0673  0.0673  0.0673  0.0192  0.0577  0.0962  0.0288  0.0096  0.0096  0.0288  0.0577  0.0385  0.0962  0.1058  0.0962  0.0577  0.0769  0.1346  0.0962  0.0962  0.1250  0.1058  0.1058  0.0865  0.0769  0.0000  0.0000
Q3AW56           0.2115  0.2019  0.2019  0.2019  0.2115  0.2019  0.2212  0.2115  0.2212  0.2212  0.2308  0.1923  0.0962  0.0962  0.0962  0.1058  0.1058  0.1058  0.0865  0.1058  0.1250  0.1058  0.0769  0.0769  0.0865  0.0769  0.0962  0.0192  0.0577  0.0192  0.1058  0.1250  0.0769  0.0385  0.0385  0.0673  0.0577  0.0577  0.1154  0.0865  0.0865  0.0865  0.0865
B1XI66           0.1923  0.1827  0.1827  0.1827  0.1923  0.1827  0.1923  0.1827  0.1923  0.1731  0.2019  0.1635  0.0769  0.0769  0.0769  0.0865  0.0769  0.0769  0.0481  0.0769  0.1154  0.0288  0.0192  0.0192  0.0481  0.0577  0.0577  0.1058  0.1154  0.1058  0.0769  0.0962  0.1154  0.1058  0.1058  0.1058  0.1058  0.1058  0.0962  0.0769  0.0288  0.0288  0.0288  0.0962
Q060Y8           0.2115  0.2019  0.2019  0.2019  0.2115  0.2019  0.2212  0.2212  0.2212  0.2212  0.2404  0.1923  0.0962  0.0962  0.0962  0.1058  0.1058  0.1058  0.0865  0.1058  0.1154  0.1058  0.0769  0.0769  0.0865  0.0865  0.0962  0.0288  0.0673  0.0288  0.1154  0.1250  0.0769  0.0481  0.0481  0.0673  0.0481  0.0481  0.1250  0.0865  0.0865  0.0865  0.0865  0.0096  0.0962
Q2JMY0           0.2212  0.2115  0.2115  0.2115  0.2212  0.2115  0.2308  0.2212  0.2115  0.2115  0.2308  0.1731  0.0673  0.0673  0.0673  0.0673  0.0769  0.0769  0.0481  0.0673  0.0673  0.0769  0.0673  0.0673  0.0673  0.0769  0.0769  0.1154  0.1250  0.1154  0.0769  0.0481  0.1538  0.1154  0.1154  0.1442  0.1154  0.1154  0.0962  0.0673  0.0577  0.0577  0.0577  0.1058  0.0865  0.0962
P0A0X4           0.0865  0.0769  0.0769  0.0769  0.0962  0.0769  0.0865  0.0577  0.0673  0.0673  0.0769  0.0673  0.1827  0.1827  0.1827  0.1923  0.1731  0.1731  0.1827  0.1923  0.1923  0.1538  0.1731  0.1731  0.1635  0.1827  0.1827  0.2115  0.2019  0.2115  0.1827  0.1923  0.1923  0.2115  0.2115  0.1923  0.2115  0.2115  0.2019  0.1923  0.1731  0.1731  0.1731  0.2115  0.1635  0.2115  0.2019
B0CCD3           0.2115  0.2019  0.2019  0.2019  0.2115  0.2019  0.2115  0.1923  0.1923  0.2115  0.2019  0.1635  0.0673  0.0673  0.0673  0.0673  0.0577  0.0577  0.0769  0.0577  0.0865  0.0769  0.0577  0.0577  0.0769  0.0288  0.0673  0.0962  0.0962  0.0962  0.0481  0.0865  0.1346  0.0865  0.0865  0.1250  0.1058  0.1058  0.0481  0.0577  0.0577  0.0577  0.0577  0.0865  0.0577  0.0962  0.0769  0.1827
B7N1C3           0.2212  0.2212  0.2212  0.2212  0.2308  0.2212  0.2404  0.2404  0.2500  0.2308  0.2404  0.2404  0.2692  0.2692  0.2692  0.2692  0.2692  0.2692  0.2596  0.2692  0.2596  0.2500  0.2596  0.2596  0.2596  0.2692  0.2596  0.2500  0.2596  0.2500  0.2692  0.2596  0.2692  0.2596  0.2596  0.2692  0.2500  0.2500  0.2788  0.2692  0.2596  0.2596  0.2596  0.2596  0.2500  0.2500  0.2596  0.2500  0.2692
P0A7S3           0.2212  0.2212  0.2212  0.2212  0.2308  0.2212  0.2404  0.2404  0.2500  0.2308  0.2404  0.2404  0.2692  0.2692  0.2692  0.2692  0.2692  0.2692  0.2596  0.2692  0.2596  0.2500  0.2596  0.2596  0.2596  0.2692  0.2596  0.2500  0.2596  0.2500  0.2692  0.2596  0.2692  0.2596  0.2596  0.2692  0.2500  0.2500  0.2788  0.2692  0.2596  0.2596  0.2596  0.2596  0.2500  0.2500  0.2596  0.2500  0.2692  0.0000
B7LS48           0.2212  0.2212  0.2212  0.2212  0.2308  0.2212  0.2404  0.2404  0.2500  0.2308  0.2404  0.2404  0.2692  0.2692  0.2692  0.2692  0.2692  0.2692  0.2596  0.2692  0.2596  0.2500  0.2596  0.2596  0.2596  0.2692  0.2596  0.2500  0.2596  0.2500  0.2692  0.2596  0.2692  0.2596  0.2596  0.2692  0.2500  0.2500  0.2788  0.2692  0.2596  0.2596  0.2596  0.2596  0.2500  0.2500  0.2596  0.2500  0.2692  0.0000  0.0000
A9BCK3           0.2212  0.2115  0.2115  0.2115  0.2212  0.2115  0.2212  0.2115  0.2019  0.2212  0.2115  0.1827  0.1058  0.1058  0.1058  0.1154  0.1058  0.1058  0.1058  0.1154  0.1250  0.1250  0.1058  0.1058  0.1058  0.0962  0.1154  0.0673  0.0769  0.0673  0.1154  0.1154  0.0673  0.0769  0.0769  0.0577  0.0769  0.0769  0.1250  0.0962  0.1154  0.1154  0.1154  0.0577  0.1154  0.0673  0.1154  0.1923  0.1058  0.2788  0.2788  0.2788
A3PF00           0.2115  0.2019  0.2019  0.2019  0.2115  0.2019  0.2115  0.2212  0.1923  0.2308  0.2019  0.1923  0.1346  0.1346  0.1346  0.1346  0.1154  0.1154  0.1346  0.1250  0.1442  0.1250  0.1058  0.1058  0.1250  0.0962  0.1154  0.0962  0.1154  0.0962  0.1154  0.1442  0.1154  0.1058  0.1058  0.1058  0.1154  0.1154  0.1250  0.1250  0.1154  0.1154  0.1154  0.0865  0.1154  0.0962  0.1442  0.2019  0.1058  0.2788  0.2788  0.2788  0.0577
A8G711           0.2115  0.2019  0.2019  0.2019  0.2115  0.2019  0.2115  0.2308  0.1923  0.2308  0.2115  0.1923  0.1346  0.1346  0.1346  0.1346  0.1154  0.1154  0.1346  0.1250  0.1346  0.1250  0.1058  0.1058  0.1250  0.1058  0.1154  0.1058  0.1250  0.1058  0.1250  0.1442  0.1154  0.1154  0.1154  0.1058  0.1058  0.1058  0.1346  0.1250  0.1154  0.1154  0.1154  0.0962  0.1154  0.0865  0.1346  0.2019  0.1154  0.2692  0.2692  0.2692  0.0673  0.0096
A2BT86           0.2115  0.2019  0.2019  0.2019  0.2115  0.2019  0.2115  0.2308  0.1923  0.2308  0.2115  0.1923  0.1346  0.1346  0.1346  0.1346  0.1154  0.1154  0.1346  0.1250  0.1346  0.1250  0.1058  0.1058  0.1250  0.1058  0.1154  0.1058  0.1250  0.1058  0.1250  0.1442  0.1154  0.1154  0.1154  0.1058  0.1058  0.1058  0.1346  0.1250  0.1154  0.1154  0.1154  0.0962  0.1154  0.0865  0.1346  0.2019  0.1154  0.2692  0.2692  0.2692  0.0673  0.0096  0.0000
Q7VA02           0.2308  0.2212  0.2212  0.2212  0.2308  0.2212  0.2308  0.2019  0.2115  0.2308  0.2212  0.1923  0.1058  0.1058  0.1058  0.1154  0.1058  0.1058  0.1058  0.1154  0.1250  0.1250  0.1058  0.1058  0.1058  0.0865  0.1154  0.0673  0.0673  0.0673  0.1154  0.1250  0.0769  0.0673  0.0673  0.0673  0.0673  0.0673  0.1154  0.0962  0.1154  0.1154  0.1154  0.0577  0.1154  0.0673  0.1154  0.2019  0.1058  0.2788  0.2788  0.2788  0.0096  0.0673  0.0769  0.0769
Q318N2           0.2212  0.2115  0.2115  0.2115  0.2212  0.2115  0.2308  0.2212  0.2115  0.2308  0.2212  0.1923  0.1250  0.1250  0.1250  0.1250  0.1154  0.1154  0.1154  0.1154  0.1250  0.1250  0.1058  0.1058  0.1250  0.0962  0.1154  0.0865  0.1058  0.0865  0.1154  0.1250  0.1058  0.0962  0.0962  0.0962  0.1058  0.1058  0.1250  0.1058  0.1154  0.1154  0.1154  0.0769  0.1154  0.0865  0.1250  0.2019  0.1058  0.2885  0.2885  0.2885  0.0385  0.0192  0.0288  0.0288  0.0481
A5GW11           0.2308  0.2212  0.2212  0.2212  0.2308  0.2212  0.2308  0.2019  0.2115  0.2308  0.2212  0.1827  0.0962  0.0962  0.0962  0.1058  0.1058  0.1058  0.0962  0.1058  0.1154  0.1154  0.0962  0.0962  0.0962  0.0769  0.1058  0.0673  0.0577  0.0673  0.1058  0.1154  0.0769  0.0577  0.0577  0.0673  0.0577  0.0481  0.1058  0.0865  0.1058  0.1058  0.1058  0.0577  0.1058  0.0673  0.1058  0.2019  0.0962  0.2788  0.2788  0.2788  0.0385  0.0962  0.1058  0.1058  0.0288  0.0769
Q7UZY4           0.2212  0.2115  0.2115  0.2115  0.2212  0.2115  0.2308  0.2212  0.2115  0.2308  0.2212  0.1923  0.1250  0.1250  0.1250  0.1250  0.1154  0.1154  0.1154  0.1154  0.1250  0.1250  0.1058  0.1058  0.1250  0.0962  0.1154  0.0865  0.1058  0.0865  0.1154  0.1250  0.1058  0.0962  0.0962  0.0962  0.1058  0.1058  0.1250  0.1058  0.1154  0.1154  0.1154  0.0769  0.1154  0.0865  0.1250  0.2019  0.1058  0.2885  0.2885  0.2885  0.0385  0.0192  0.0288  0.0288  0.0481  0.0000  0.0769
A2BYN7           0.2212  0.2115  0.2115  0.2115  0.2212  0.2115  0.2308  0.2212  0.2115  0.2308  0.2212  0.1923  0.1250  0.1250  0.1250  0.1250  0.1154  0.1154  0.1154  0.1154  0.1250  0.1250  0.1058  0.1058  0.1250  0.0962  0.1154  0.0865  0.1058  0.0865  0.1154  0.1250  0.1058  0.0962  0.0962  0.0962  0.1058  0.1058  0.1250  0.1058  0.1154  0.1154  0.1154  0.0769  0.1154  0.0865  0.1250  0.2019  0.1058  0.2885  0.2885  0.2885  0.0385  0.0192  0.0288  0.0288  0.0481  0.0000  0.0769  0.0000
Q7V503           0.2308  0.2212  0.2212  0.2212  0.2308  0.2212  0.2308  0.2115  0.2115  0.2308  0.2308  0.1827  0.0962  0.0962  0.0962  0.1058  0.0962  0.0962  0.0962  0.1058  0.1058  0.1154  0.0962  0.0962  0.0962  0.0865  0.1058  0.0769  0.0673  0.0769  0.1154  0.1154  0.0865  0.0673  0.0673  0.0769  0.0481  0.0481  0.1154  0.0865  0.1058  0.1058  0.1058  0.0673  0.1058  0.0577  0.0962  0.2019  0.1058  0.2692  0.2692  0.2692  0.0385  0.0962  0.0865  0.0865  0.0288  0.0769  0.0288  0.0769  0.0769
A2CC84           0.2308  0.2212  0.2212  0.2212  0.2308  0.2212  0.2308  0.2115  0.2115  0.2308  0.2308  0.1827  0.0962  0.0962  0.0962  0.1058  0.0962  0.0962  0.0962  0.1058  0.1058  0.1154  0.0962  0.0962  0.0962  0.0865  0.1058  0.0769  0.0673  0.0769  0.1154  0.1154  0.0865  0.0673  0.0673  0.0769  0.0481  0.0481  0.1154  0.0865  0.1058  0.1058  0.1058  0.0673  0.1058  0.0577  0.0962  0.2019  0.1058  0.2692  0.2692  0.2692  0.0385  0.0962  0.0865  0.0865  0.0288  0.0769  0.0288  0.0769  0.0769  0.0000
A3YXL7           0.2308  0.2212  0.2212  0.2212  0.2308  0.2212  0.2308  0.2115  0.2115  0.2308  0.2308  0.1827  0.0962  0.0962  0.0962  0.1058  0.0962  0.0962  0.0962  0.1058  0.1154  0.1154  0.0962  0.0962  0.0962  0.0865  0.1058  0.0769  0.0673  0.0769  0.1154  0.1058  0.0769  0.0673  0.0673  0.0673  0.0577  0.0577  0.1154  0.0769  0.1058  0.1058  0.1058  0.0673  0.1058  0.0673  0.1058  0.2019  0.1058  0.2788  0.2788  0.2788  0.0385  0.0962  0.0962  0.0962  0.0288  0.0769  0.0288  0.0769  0.0769  0.0096  0.0096
B5W3X6           0.2115  0.2019  0.2019  0.2019  0.2115  0.2019  0.2115  0.1923  0.1923  0.2115  0.2019  0.1635  0.0577  0.0577  0.0577  0.0673  0.0481  0.0481  0.0865  0.0577  0.0962  0.0769  0.0673  0.0673  0.0769  0.0481  0.0769  0.1154  0.1154  0.1154  0.0192  0.0962  0.1538  0.1058  0.1058  0.1442  0.1250  0.1250  0.0385  0.0673  0.0673  0.0673  0.0673  0.1058  0.0769  0.1154  0.0865  0.1827  0.0385  0.2692  0.2692  0.2692  0.1154  0.1154  0.1250  0.1250  0.1154  0.1154  0.1058  0.1154  0.1154  0.1154  0.1154  0.1154
