AAML (in paml version 4.6, August 2012)  213.aa
Model: Empirical for branches,  Global clock  (../../../bin/LG.dat) dGamma (ncatG=4) ns =  65  ls = 116


Frequencies..
                                    A      R      N      D      C      Q      E      G      H      I      L      K      M      F      P      S      T      W      Y      V
A8ETK3                         0.08621 0.10345 0.05172 0.05172 0.00862 0.01724 0.05172 0.08621 0.01724 0.06897 0.09483 0.12069 0.04310 0.01724 0.01724 0.02586 0.05172 0.00000 0.04310 0.04310
B9KEH3                         0.06897 0.11207 0.01724 0.06034 0.00000 0.02586 0.05172 0.09483 0.02586 0.07759 0.08621 0.12931 0.03448 0.00862 0.01724 0.03448 0.06034 0.00000 0.04310 0.05172
A8FNQ4                         0.06897 0.11207 0.01724 0.06034 0.00000 0.02586 0.05172 0.09483 0.01724 0.07759 0.08621 0.12931 0.03448 0.01724 0.01724 0.03448 0.05172 0.00000 0.04310 0.06034
A7H5U2                         0.06897 0.11207 0.01724 0.06034 0.00000 0.02586 0.05172 0.09483 0.01724 0.07759 0.08621 0.12931 0.03448 0.01724 0.01724 0.03448 0.05172 0.00000 0.04310 0.06034
Q4HDV1                         0.06897 0.11207 0.01724 0.06034 0.00000 0.02586 0.05172 0.09483 0.01724 0.07759 0.08621 0.12931 0.03448 0.01724 0.01724 0.03448 0.06034 0.00000 0.04310 0.05172
Q4HRY7                         0.06897 0.11207 0.01724 0.06034 0.00000 0.02586 0.05172 0.09483 0.01724 0.06897 0.08621 0.12931 0.03448 0.01724 0.01724 0.03448 0.06034 0.00000 0.04310 0.06034
Q30TS6                         0.06897 0.12069 0.02586 0.06897 0.00862 0.01724 0.04310 0.09483 0.02586 0.07759 0.08621 0.11207 0.02586 0.00000 0.01724 0.03448 0.06034 0.00000 0.05172 0.06034
A6QCS1                         0.06897 0.12931 0.03448 0.06897 0.00862 0.03448 0.02586 0.08621 0.01724 0.07759 0.09483 0.09483 0.02586 0.00000 0.01724 0.01724 0.10345 0.00000 0.04310 0.05172
D1B4E0                         0.07759 0.11207 0.00862 0.06034 0.00000 0.02586 0.04310 0.10345 0.01724 0.06897 0.07759 0.11207 0.04310 0.01724 0.01724 0.04310 0.06897 0.00000 0.03448 0.06897
A6Q1K1                         0.07759 0.12931 0.03448 0.06034 0.00862 0.00862 0.04310 0.08621 0.01724 0.07759 0.07759 0.10345 0.03448 0.00000 0.02586 0.01724 0.06034 0.00000 0.06034 0.07759
P56020                         0.05172 0.09483 0.02586 0.05172 0.00000 0.02586 0.06034 0.08621 0.01724 0.07759 0.08621 0.13793 0.02586 0.00862 0.01724 0.06897 0.04310 0.00000 0.04310 0.07759
Q7M8F4                         0.06034 0.10345 0.02586 0.06034 0.00000 0.02586 0.04310 0.07759 0.00862 0.07759 0.10345 0.12931 0.02586 0.00000 0.01724 0.06897 0.06034 0.00000 0.04310 0.06897
B9L6U0                         0.03448 0.11207 0.03448 0.04310 0.00862 0.02586 0.07759 0.08621 0.00862 0.10345 0.10345 0.12069 0.01724 0.00000 0.03448 0.01724 0.06897 0.00000 0.05172 0.05172
Q2JL76                         0.07759 0.18103 0.02586 0.05172 0.00000 0.03448 0.06034 0.08621 0.00862 0.08621 0.07759 0.04310 0.01724 0.00000 0.02586 0.00862 0.10345 0.00000 0.03448 0.07759
Q2JUJ3                         0.08621 0.18103 0.03448 0.06034 0.00000 0.03448 0.05172 0.07759 0.00862 0.08621 0.07759 0.04310 0.01724 0.00000 0.02586 0.00862 0.09483 0.00000 0.03448 0.07759
B7N183                         0.09483 0.12931 0.01724 0.05172 0.00862 0.01724 0.05172 0.09483 0.02586 0.10345 0.07759 0.07759 0.02586 0.00862 0.03448 0.05172 0.05172 0.00000 0.01724 0.06034
P0A7S9                         0.09483 0.12931 0.01724 0.05172 0.00862 0.01724 0.05172 0.09483 0.02586 0.10345 0.07759 0.07759 0.02586 0.00862 0.03448 0.05172 0.05172 0.00000 0.01724 0.06034
B7LRR5                         0.09483 0.12931 0.01724 0.05172 0.00862 0.01724 0.05172 0.09483 0.02586 0.10345 0.07759 0.07759 0.02586 0.00862 0.03448 0.05172 0.05172 0.00000 0.01724 0.06034
Q3MF99                         0.07759 0.18103 0.03448 0.06897 0.00000 0.03448 0.05172 0.10345 0.00862 0.06034 0.08621 0.02586 0.02586 0.00000 0.02586 0.02586 0.06897 0.00000 0.03448 0.08621
B5W6R0                         0.06897 0.18103 0.02586 0.06897 0.00000 0.02586 0.04310 0.09483 0.00862 0.06897 0.08621 0.03448 0.03448 0.00000 0.02586 0.03448 0.07759 0.00000 0.03448 0.08621
Q8YPK1                         0.07759 0.18103 0.03448 0.06897 0.00000 0.03448 0.05172 0.10345 0.00862 0.06897 0.07759 0.02586 0.02586 0.00000 0.02586 0.02586 0.06897 0.00000 0.03448 0.08621
Q110C9                         0.06897 0.18103 0.02586 0.07759 0.00000 0.02586 0.06034 0.08621 0.00862 0.07759 0.07759 0.02586 0.03448 0.00000 0.02586 0.04310 0.06897 0.00000 0.03448 0.07759
A0ZG53                         0.06897 0.18103 0.02586 0.06034 0.00862 0.02586 0.06034 0.10345 0.00862 0.06897 0.09483 0.02586 0.02586 0.00000 0.02586 0.03448 0.06897 0.00000 0.03448 0.07759
A0YJS2                         0.06897 0.18103 0.02586 0.06034 0.00000 0.03448 0.05172 0.09483 0.00862 0.06034 0.08621 0.04310 0.03448 0.00000 0.02586 0.02586 0.07759 0.00862 0.03448 0.07759
B0JY40                         0.07759 0.18103 0.03448 0.06897 0.00000 0.02586 0.05172 0.08621 0.00862 0.05172 0.09483 0.02586 0.01724 0.00000 0.02586 0.03448 0.07759 0.00862 0.04310 0.08621
B4B3P6                         0.06897 0.18103 0.03448 0.06897 0.00000 0.03448 0.06034 0.08621 0.00862 0.06897 0.10345 0.02586 0.01724 0.00000 0.02586 0.03448 0.07759 0.00000 0.04310 0.06034
B9YIU3                         0.06897 0.18103 0.04310 0.06897 0.00862 0.03448 0.05172 0.10345 0.00862 0.08621 0.08621 0.02586 0.02586 0.00000 0.02586 0.02586 0.06034 0.00000 0.03448 0.06034
Q8DML1                         0.09483 0.18966 0.02586 0.07759 0.00862 0.01724 0.04310 0.08621 0.00862 0.08621 0.09483 0.03448 0.02586 0.00000 0.02586 0.01724 0.08621 0.00000 0.03448 0.04310
P73299                         0.06034 0.18103 0.02586 0.08621 0.00000 0.01724 0.05172 0.09483 0.01724 0.06897 0.10345 0.03448 0.01724 0.00000 0.02586 0.03448 0.06897 0.00862 0.04310 0.06034
B7KI09                         0.06034 0.18103 0.04310 0.06897 0.00000 0.02586 0.05172 0.08621 0.00862 0.06897 0.10345 0.03448 0.01724 0.00000 0.02586 0.03448 0.07759 0.00862 0.04310 0.06034
C7QS40                         0.06897 0.18966 0.04310 0.06034 0.00000 0.03448 0.06897 0.09483 0.00862 0.06897 0.08621 0.01724 0.01724 0.00862 0.02586 0.01724 0.07759 0.00862 0.03448 0.06897
B7K226                         0.06897 0.18966 0.04310 0.06034 0.00000 0.03448 0.06897 0.09483 0.00862 0.06897 0.08621 0.01724 0.01724 0.00862 0.02586 0.01724 0.07759 0.00862 0.03448 0.06897
B2ITN3                         0.06897 0.18103 0.03448 0.06897 0.00000 0.03448 0.05172 0.10345 0.00862 0.07759 0.08621 0.02586 0.01724 0.00000 0.02586 0.02586 0.07759 0.00000 0.03448 0.07759
B0C432                         0.08621 0.18103 0.03448 0.06034 0.00000 0.03448 0.04310 0.10345 0.00862 0.06034 0.07759 0.02586 0.02586 0.00000 0.02586 0.04310 0.06897 0.00862 0.03448 0.07759
Q4C150                         0.05172 0.18103 0.03448 0.06897 0.00862 0.03448 0.06034 0.11207 0.00862 0.06897 0.08621 0.03448 0.01724 0.00000 0.02586 0.02586 0.06897 0.00862 0.03448 0.06897
O24708                         0.09483 0.17241 0.01724 0.06897 0.00000 0.02586 0.05172 0.09483 0.00862 0.06897 0.07759 0.05172 0.02586 0.00000 0.03448 0.02586 0.07759 0.00000 0.02586 0.07759
Q31L28                         0.09483 0.17241 0.01724 0.06897 0.00000 0.02586 0.05172 0.09483 0.00862 0.06897 0.07759 0.05172 0.02586 0.00000 0.03448 0.02586 0.07759 0.00000 0.02586 0.07759
A3IQ26                         0.04310 0.18966 0.03448 0.06897 0.00862 0.03448 0.06897 0.10345 0.00862 0.06897 0.08621 0.02586 0.01724 0.00000 0.02586 0.03448 0.06897 0.00862 0.03448 0.06897
B1XJI6                         0.06034 0.18966 0.04310 0.06897 0.00000 0.03448 0.04310 0.08621 0.00862 0.06897 0.08621 0.02586 0.01724 0.00000 0.02586 0.03448 0.07759 0.00000 0.04310 0.08621
Q7NFF2                         0.04310 0.18103 0.04310 0.03448 0.00862 0.03448 0.06897 0.09483 0.00862 0.09483 0.10345 0.03448 0.01724 0.01724 0.03448 0.02586 0.06897 0.00000 0.01724 0.06897
B1WQT3                         0.05172 0.18966 0.03448 0.06897 0.00000 0.03448 0.06034 0.10345 0.00862 0.06897 0.08621 0.02586 0.01724 0.00000 0.02586 0.03448 0.06897 0.00862 0.04310 0.06897
B8HMS6                         0.06897 0.18966 0.03448 0.06034 0.00862 0.03448 0.05172 0.10345 0.01724 0.07759 0.08621 0.01724 0.02586 0.00000 0.02586 0.01724 0.08621 0.00000 0.03448 0.06034
Q7UZW4                         0.05172 0.17241 0.02586 0.06897 0.00862 0.02586 0.04310 0.09483 0.00862 0.06897 0.07759 0.06034 0.03448 0.00862 0.02586 0.05172 0.07759 0.00000 0.01724 0.07759
A2BYR5                         0.06034 0.17241 0.02586 0.06897 0.00862 0.03448 0.04310 0.08621 0.00862 0.07759 0.08621 0.05172 0.02586 0.00862 0.02586 0.05172 0.06897 0.00000 0.01724 0.07759
A3PF27                         0.06034 0.17241 0.02586 0.06034 0.00862 0.02586 0.05172 0.09483 0.00862 0.06034 0.09483 0.06034 0.02586 0.00862 0.02586 0.04310 0.08621 0.00000 0.01724 0.06897
A8G741                         0.06034 0.17241 0.02586 0.06034 0.00862 0.02586 0.05172 0.09483 0.00862 0.06034 0.09483 0.06034 0.02586 0.00862 0.02586 0.04310 0.08621 0.00000 0.01724 0.06897
A2BTB7                         0.06034 0.17241 0.02586 0.06034 0.00862 0.02586 0.05172 0.10345 0.00862 0.06034 0.09483 0.06034 0.02586 0.00862 0.02586 0.03448 0.08621 0.00000 0.01724 0.06897
Q318K5                         0.06897 0.17241 0.02586 0.06034 0.00862 0.02586 0.05172 0.09483 0.00862 0.06897 0.09483 0.06034 0.02586 0.00862 0.02586 0.04310 0.06897 0.00000 0.01724 0.06897
Q3AMQ1                         0.06897 0.17241 0.02586 0.06897 0.00862 0.04310 0.04310 0.10345 0.00862 0.06034 0.10345 0.05172 0.02586 0.00000 0.02586 0.02586 0.06897 0.00000 0.02586 0.06897
A5GVY1                         0.08621 0.17241 0.00862 0.06034 0.00862 0.04310 0.04310 0.09483 0.00862 0.05172 0.08621 0.05172 0.03448 0.00862 0.02586 0.04310 0.08621 0.00000 0.01724 0.06897
A3YUJ8                         0.07759 0.17241 0.01724 0.07759 0.00862 0.04310 0.03448 0.10345 0.00862 0.06034 0.09483 0.06034 0.02586 0.00862 0.02586 0.01724 0.06897 0.00000 0.01724 0.07759
A5GIS4                         0.07759 0.17241 0.01724 0.06897 0.00862 0.04310 0.04310 0.10345 0.00862 0.06897 0.07759 0.05172 0.02586 0.00862 0.02586 0.01724 0.09483 0.00000 0.01724 0.06897
Q05QD4                         0.06897 0.18103 0.01724 0.06897 0.00862 0.04310 0.04310 0.11207 0.00862 0.06034 0.06897 0.04310 0.02586 0.00862 0.03448 0.01724 0.09483 0.00000 0.01724 0.07759
A2CC49                         0.07759 0.17241 0.01724 0.06897 0.00862 0.03448 0.04310 0.09483 0.00862 0.06897 0.09483 0.06034 0.02586 0.00862 0.02586 0.01724 0.08621 0.00000 0.01724 0.06897
A3Z8V9                         0.07759 0.18103 0.01724 0.07759 0.00862 0.03448 0.03448 0.10345 0.00862 0.07759 0.07759 0.05172 0.02586 0.00000 0.03448 0.01724 0.08621 0.00000 0.02586 0.06034
A9BCM6                         0.07759 0.17241 0.01724 0.06897 0.00862 0.03448 0.04310 0.09483 0.00862 0.06034 0.09483 0.06034 0.02586 0.00862 0.02586 0.03448 0.06897 0.00000 0.01724 0.07759
A4CSN7                         0.07759 0.17241 0.01724 0.06897 0.00862 0.03448 0.04310 0.10345 0.00862 0.07759 0.08621 0.06034 0.02586 0.00862 0.02586 0.01724 0.08621 0.00000 0.01724 0.06034
Q0ID26                         0.07759 0.17241 0.03448 0.06897 0.00862 0.03448 0.04310 0.08621 0.00862 0.07759 0.07759 0.06034 0.02586 0.00862 0.02586 0.02586 0.08621 0.00000 0.01724 0.06034
Q7V9Y3                         0.07759 0.17241 0.02586 0.06897 0.00862 0.04310 0.04310 0.09483 0.00862 0.07759 0.09483 0.05172 0.02586 0.00862 0.02586 0.02586 0.07759 0.00000 0.01724 0.05172
Q46IT0                         0.06034 0.17241 0.01724 0.06034 0.00862 0.04310 0.06897 0.08621 0.00862 0.07759 0.08621 0.05172 0.02586 0.00862 0.02586 0.04310 0.06897 0.00000 0.01724 0.06897
A2C4X9                         0.06897 0.17241 0.01724 0.06897 0.00862 0.04310 0.06034 0.09483 0.00862 0.07759 0.08621 0.05172 0.02586 0.00862 0.02586 0.02586 0.06897 0.00000 0.01724 0.06897
Q060U2                         0.09483 0.17241 0.01724 0.06897 0.00862 0.03448 0.04310 0.10345 0.00862 0.06897 0.07759 0.06034 0.02586 0.00862 0.02586 0.01724 0.06897 0.00000 0.01724 0.07759
Q7V525                         0.07759 0.17241 0.01724 0.07759 0.00862 0.03448 0.04310 0.08621 0.00862 0.06897 0.09483 0.06034 0.02586 0.00862 0.02586 0.01724 0.08621 0.00000 0.01724 0.06897
Q3AW72                         0.09483 0.17241 0.01724 0.06897 0.00862 0.03448 0.04310 0.10345 0.00862 0.07759 0.07759 0.06034 0.02586 0.00862 0.02586 0.01724 0.06897 0.00000 0.01724 0.06897
Q7U4H9                         0.07759 0.18103 0.01724 0.08621 0.00862 0.04310 0.03448 0.09483 0.00862 0.05172 0.08621 0.04310 0.02586 0.00862 0.03448 0.02586 0.07759 0.00000 0.01724 0.07759

Homogeneity statistic: X2 = 4.81762 G = 4.80454 

Average                        0.07175 0.16300 0.02626 0.06485 0.00504 0.03064 0.05040 0.09509 0.01141 0.07308 0.08727 0.05995 0.02586 0.00557 0.02573 0.03090 0.07308 0.00133 0.03024 0.06857

# constant sites:     34 (29.31%)
ln Lmax (unconstrained) = -508.953486

AA distances (raw proportions of different sites)

A8ETK3         
B9KEH3           0.1638
A8FNQ4           0.1638  0.0172
A7H5U2           0.1638  0.0172  0.0000
Q4HDV1           0.1724  0.0086  0.0086  0.0086
Q4HRY7           0.1724  0.0172  0.0172  0.0172  0.0086
Q30TS6           0.2069  0.1552  0.1724  0.1724  0.1638  0.1724
A6QCS1           0.2069  0.1810  0.1897  0.1897  0.1810  0.1897  0.2155
D1B4E0           0.1897  0.1552  0.1638  0.1638  0.1552  0.1466  0.2155  0.2500
A6Q1K1           0.2155  0.1810  0.1724  0.1724  0.1810  0.1897  0.2069  0.2414  0.2241
P56020           0.2069  0.2155  0.2069  0.2069  0.2155  0.2069  0.2845  0.3017  0.1897  0.2328
Q7M8F4           0.2241  0.1810  0.1724  0.1724  0.1810  0.1897  0.2500  0.2586  0.2155  0.2155  0.1293
B9L6U0           0.2759  0.2414  0.2500  0.2500  0.2414  0.2500  0.2759  0.2586  0.3017  0.2155  0.2759  0.2586
Q2JL76           0.3707  0.3448  0.3534  0.3534  0.3448  0.3362  0.4052  0.3621  0.3534  0.3362  0.3879  0.3966  0.3707
Q2JUJ3           0.3793  0.3534  0.3621  0.3621  0.3534  0.3448  0.4138  0.3707  0.3621  0.3448  0.3966  0.4052  0.3793  0.0259
B7N183           0.4483  0.4397  0.4397  0.4397  0.4397  0.4397  0.4483  0.4397  0.4224  0.4310  0.4569  0.4483  0.4224  0.4052  0.4138
P0A7S9           0.4483  0.4397  0.4397  0.4397  0.4397  0.4397  0.4483  0.4397  0.4224  0.4310  0.4569  0.4483  0.4224  0.4052  0.4138  0.0000
B7LRR5           0.4483  0.4397  0.4397  0.4397  0.4397  0.4397  0.4483  0.4397  0.4224  0.4310  0.4569  0.4483  0.4224  0.4052  0.4138  0.0000  0.0000
Q3MF99           0.3966  0.3534  0.3621  0.3621  0.3534  0.3448  0.3966  0.3966  0.3276  0.3707  0.3966  0.4138  0.4052  0.1810  0.1810  0.4310  0.4310  0.4310
B5W6R0           0.3793  0.3448  0.3534  0.3534  0.3448  0.3362  0.3966  0.3621  0.3190  0.3534  0.3879  0.4052  0.3879  0.1810  0.1810  0.4397  0.4397  0.4397  0.0948
Q8YPK1           0.4052  0.3621  0.3707  0.3707  0.3621  0.3534  0.4052  0.4052  0.3362  0.3793  0.4052  0.4224  0.4138  0.1897  0.1897  0.4397  0.4397  0.4397  0.0086  0.1034
Q110C9           0.3879  0.3276  0.3362  0.3362  0.3276  0.3362  0.3879  0.3707  0.3276  0.3621  0.3966  0.3879  0.4052  0.2241  0.2241  0.4397  0.4397  0.4397  0.0948  0.0690  0.1034
A0ZG53           0.3879  0.3448  0.3534  0.3534  0.3448  0.3362  0.3879  0.3879  0.3276  0.3448  0.3879  0.4052  0.3879  0.1983  0.1983  0.4224  0.4224  0.4224  0.0603  0.1121  0.0690  0.1379
A0YJS2           0.3966  0.3448  0.3534  0.3534  0.3448  0.3362  0.4138  0.3879  0.3276  0.3707  0.3793  0.3966  0.3879  0.1810  0.1897  0.4397  0.4397  0.4397  0.1034  0.0862  0.1121  0.1121  0.1379
B0JY40           0.4224  0.3966  0.4052  0.4052  0.3966  0.3879  0.4310  0.4224  0.3707  0.3793  0.4138  0.4224  0.4310  0.2155  0.2241  0.4655  0.4655  0.4655  0.1207  0.1638  0.1293  0.1897  0.1638  0.1552
B4B3P6           0.4224  0.3879  0.3966  0.3966  0.3879  0.3793  0.4310  0.4052  0.3793  0.3879  0.4138  0.4310  0.4224  0.2241  0.2155  0.4569  0.4569  0.4569  0.1034  0.1379  0.1121  0.1638  0.1466  0.1638  0.0948
B9YIU3           0.3966  0.3534  0.3621  0.3621  0.3534  0.3621  0.3534  0.3879  0.3534  0.3621  0.4224  0.4224  0.3966  0.2241  0.2241  0.4397  0.4397  0.4397  0.0517  0.1207  0.0603  0.1293  0.0603  0.1552  0.1552  0.1293
Q8DML1           0.3879  0.3621  0.3707  0.3707  0.3621  0.3707  0.3966  0.3621  0.3534  0.3448  0.4138  0.4138  0.3793  0.1552  0.1466  0.4138  0.4138  0.4138  0.1638  0.1293  0.1724  0.1724  0.1638  0.1638  0.1983  0.1724  0.1379
P73299           0.4138  0.3707  0.3793  0.3793  0.3707  0.3621  0.4224  0.4052  0.3793  0.3707  0.3966  0.4138  0.4224  0.2672  0.2759  0.4569  0.4569  0.4569  0.1724  0.1983  0.1810  0.2155  0.2069  0.1897  0.1207  0.1207  0.1983  0.2241
B7KI09           0.4224  0.3879  0.3966  0.3966  0.3879  0.3793  0.4397  0.3966  0.3879  0.3966  0.4138  0.4224  0.4224  0.2328  0.2328  0.4569  0.4569  0.4569  0.1293  0.1466  0.1379  0.1897  0.1638  0.1638  0.1034  0.0603  0.1552  0.1897  0.0948
C7QS40           0.4224  0.3879  0.3966  0.3966  0.3879  0.3793  0.4397  0.4138  0.3879  0.3793  0.4224  0.4397  0.4138  0.2069  0.1983  0.4914  0.4914  0.4914  0.1379  0.1466  0.1466  0.1897  0.1638  0.1552  0.1034  0.0948  0.1638  0.1897  0.1552  0.1207
B7K226           0.4224  0.3879  0.3966  0.3966  0.3879  0.3793  0.4397  0.4138  0.3879  0.3793  0.4224  0.4397  0.4138  0.2069  0.1983  0.4914  0.4914  0.4914  0.1379  0.1466  0.1466  0.1897  0.1638  0.1552  0.1034  0.0948  0.1638  0.1897  0.1552  0.1207  0.0000
B2ITN3           0.4310  0.3879  0.3966  0.3966  0.3879  0.3793  0.4310  0.4052  0.3621  0.4052  0.4138  0.4310  0.4052  0.2328  0.2328  0.4569  0.4569  0.4569  0.0517  0.1293  0.0431  0.1466  0.0948  0.1552  0.1552  0.1207  0.0862  0.1983  0.1983  0.1466  0.1724  0.1724
B0C432           0.4138  0.3879  0.3966  0.3966  0.3879  0.3966  0.4138  0.3966  0.3276  0.3707  0.4138  0.4224  0.4224  0.2500  0.2500  0.4397  0.4397  0.4397  0.1810  0.1983  0.1897  0.1983  0.2155  0.1810  0.2328  0.2241  0.1983  0.1810  0.2759  0.2414  0.2241  0.2241  0.2155
Q4C150           0.4483  0.4138  0.4224  0.4224  0.4138  0.4052  0.4397  0.4483  0.3793  0.4052  0.4310  0.4655  0.4569  0.2500  0.2500  0.5086  0.5086  0.5086  0.1379  0.1724  0.1466  0.1983  0.1638  0.1810  0.1207  0.1207  0.1552  0.2241  0.1638  0.1379  0.0862  0.0862  0.1552  0.2155
O24708           0.4224  0.3621  0.3707  0.3707  0.3621  0.3621  0.4310  0.4224  0.3793  0.3793  0.4224  0.4310  0.4310  0.1983  0.1983  0.4138  0.4138  0.4138  0.1724  0.1552  0.1810  0.1897  0.1724  0.1638  0.2414  0.2241  0.1983  0.1897  0.2672  0.2328  0.2241  0.2241  0.2069  0.2241  0.2414
Q31L28           0.4224  0.3621  0.3707  0.3707  0.3621  0.3621  0.4310  0.4224  0.3793  0.3793  0.4224  0.4310  0.4310  0.1983  0.1983  0.4138  0.4138  0.4138  0.1724  0.1552  0.1810  0.1897  0.1724  0.1638  0.2414  0.2241  0.1983  0.1897  0.2672  0.2328  0.2241  0.2241  0.2069  0.2241  0.2414  0.0000
A3IQ26           0.4483  0.3966  0.4052  0.4052  0.3966  0.3879  0.4224  0.4310  0.3793  0.4052  0.4224  0.4483  0.4397  0.2414  0.2328  0.5000  0.5000  0.5000  0.1379  0.1638  0.1466  0.1897  0.1638  0.1638  0.1034  0.1034  0.1552  0.2069  0.1466  0.1293  0.0690  0.0690  0.1724  0.2241  0.0345  0.2500  0.2500
B1XJI6           0.4483  0.4052  0.4138  0.4138  0.4052  0.4138  0.4483  0.4138  0.4224  0.4052  0.4397  0.4397  0.4310  0.2500  0.2500  0.4569  0.4569  0.4569  0.1466  0.1897  0.1379  0.1810  0.2069  0.2069  0.1724  0.1207  0.1724  0.1983  0.1638  0.1121  0.1638  0.1638  0.1379  0.2241  0.1552  0.2414  0.2414  0.1638
Q7NFF2           0.4224  0.4138  0.4224  0.4224  0.4138  0.4052  0.4483  0.3966  0.4138  0.4052  0.4224  0.4224  0.3793  0.2328  0.2500  0.4310  0.4310  0.4310  0.2759  0.2759  0.2845  0.3190  0.2845  0.2845  0.2931  0.2931  0.2845  0.2672  0.3190  0.2931  0.2672  0.2672  0.2672  0.3190  0.3017  0.2931  0.2931  0.3017  0.3017
B1WQT3           0.4483  0.3966  0.4052  0.4052  0.3966  0.3879  0.4224  0.4310  0.3793  0.4052  0.4310  0.4483  0.4397  0.2328  0.2241  0.4914  0.4914  0.4914  0.1293  0.1552  0.1379  0.1810  0.1552  0.1638  0.0948  0.0862  0.1466  0.1983  0.1379  0.1121  0.0517  0.0517  0.1638  0.2155  0.0345  0.2414  0.2414  0.0172  0.1466  0.3017
B8HMS6           0.4224  0.3966  0.4052  0.4052  0.3966  0.3879  0.4224  0.3966  0.3621  0.3879  0.4224  0.4310  0.3966  0.1897  0.1983  0.4138  0.4138  0.4138  0.1466  0.1552  0.1552  0.1810  0.1724  0.1638  0.2241  0.1897  0.1552  0.1379  0.2586  0.2155  0.1983  0.1983  0.1810  0.1810  0.2241  0.2155  0.2155  0.2155  0.2155  0.2500  0.2069
Q7UZW4           0.4741  0.4483  0.4569  0.4569  0.4483  0.4397  0.4914  0.4483  0.4138  0.4310  0.4483  0.4483  0.4397  0.2759  0.2845  0.4138  0.4138  0.4138  0.2500  0.2672  0.2586  0.2931  0.2500  0.2672  0.2672  0.2845  0.2759  0.2672  0.2931  0.2672  0.3190  0.3190  0.2759  0.3190  0.3103  0.2759  0.2759  0.3017  0.3017  0.3103  0.3017  0.2672
A2BYR5           0.4741  0.4310  0.4397  0.4397  0.4310  0.4224  0.4741  0.4483  0.4138  0.4310  0.4483  0.4483  0.4310  0.2586  0.2672  0.4224  0.4224  0.4224  0.2500  0.2586  0.2586  0.2845  0.2500  0.2586  0.2759  0.2759  0.2759  0.2586  0.2845  0.2586  0.3103  0.3103  0.2759  0.3103  0.3103  0.2672  0.2672  0.2931  0.2931  0.3017  0.2931  0.2586  0.0431
A3PF27           0.4828  0.4569  0.4655  0.4655  0.4569  0.4483  0.4828  0.4483  0.4224  0.4224  0.4569  0.4655  0.4483  0.2586  0.2672  0.4310  0.4310  0.4310  0.2414  0.2586  0.2500  0.2845  0.2414  0.2672  0.2759  0.2586  0.2672  0.2500  0.2845  0.2414  0.2931  0.2931  0.2672  0.3103  0.2845  0.2759  0.2759  0.2845  0.2759  0.3190  0.2759  0.2586  0.0603  0.0690
A8G741           0.4828  0.4569  0.4655  0.4655  0.4569  0.4483  0.4828  0.4483  0.4224  0.4224  0.4569  0.4655  0.4483  0.2586  0.2672  0.4310  0.4310  0.4310  0.2414  0.2586  0.2500  0.2845  0.2414  0.2672  0.2759  0.2586  0.2672  0.2500  0.2845  0.2414  0.2931  0.2931  0.2672  0.3103  0.2845  0.2759  0.2759  0.2845  0.2759  0.3190  0.2759  0.2586  0.0603  0.0690  0.0000
A2BTB7           0.4828  0.4569  0.4655  0.4655  0.4569  0.4483  0.4828  0.4483  0.4224  0.4224  0.4569  0.4655  0.4483  0.2586  0.2672  0.4224  0.4224  0.4224  0.2414  0.2586  0.2500  0.2845  0.2414  0.2672  0.2759  0.2586  0.2672  0.2500  0.2845  0.2414  0.2931  0.2931  0.2672  0.3103  0.2845  0.2845  0.2845  0.2845  0.2759  0.3190  0.2759  0.2586  0.0690  0.0776  0.0086  0.0086
Q318K5           0.4828  0.4655  0.4655  0.4655  0.4655  0.4569  0.4914  0.4655  0.4310  0.4224  0.4569  0.4655  0.4569  0.2759  0.2845  0.4224  0.4224  0.4224  0.2586  0.2759  0.2672  0.3017  0.2586  0.2845  0.2931  0.2759  0.2845  0.2672  0.2931  0.2586  0.3103  0.3103  0.2845  0.3276  0.3017  0.2931  0.2931  0.3017  0.2931  0.3276  0.2931  0.2759  0.0603  0.0690  0.0172  0.0172  0.0259
Q3AMQ1           0.4741  0.4052  0.4138  0.4138  0.4052  0.4138  0.4655  0.4397  0.4397  0.4224  0.4741  0.4655  0.4397  0.2759  0.2672  0.4397  0.4397  0.4397  0.2328  0.2586  0.2414  0.2586  0.2414  0.2759  0.2759  0.2672  0.2241  0.2500  0.2931  0.2759  0.2931  0.2931  0.2586  0.2759  0.2931  0.2759  0.2759  0.2931  0.2759  0.3276  0.2845  0.2414  0.1638  0.1638  0.1810  0.1810  0.1724  0.1810
A5GVY1           0.4914  0.4224  0.4310  0.4310  0.4224  0.4138  0.4569  0.4310  0.4138  0.4224  0.4483  0.4569  0.4483  0.2500  0.2586  0.4310  0.4310  0.4310  0.2328  0.2586  0.2414  0.2672  0.2241  0.2586  0.2586  0.2500  0.2414  0.2586  0.2759  0.2672  0.2845  0.2845  0.2586  0.2931  0.2759  0.2759  0.2759  0.2586  0.2931  0.3017  0.2500  0.2414  0.1466  0.1466  0.1466  0.1466  0.1466  0.1638  0.1638
A3YUJ8           0.5000  0.4397  0.4397  0.4397  0.4397  0.4310  0.4655  0.4741  0.4397  0.4310  0.4741  0.4828  0.4741  0.2845  0.2759  0.4569  0.4569  0.4569  0.2414  0.2672  0.2500  0.2759  0.2759  0.2586  0.2759  0.2586  0.2672  0.2845  0.2845  0.2759  0.2759  0.2759  0.2586  0.3017  0.2759  0.2759  0.2759  0.2672  0.2672  0.3017  0.2672  0.2586  0.1983  0.1724  0.1724  0.1724  0.1638  0.1552  0.1466  0.1379
A5GIS4           0.4914  0.4310  0.4397  0.4397  0.4310  0.4397  0.4741  0.4397  0.4397  0.4310  0.4741  0.4569  0.4483  0.2759  0.2672  0.4655  0.4655  0.4655  0.2500  0.2759  0.2586  0.2759  0.2586  0.2759  0.2672  0.2672  0.2500  0.2586  0.2931  0.2759  0.2931  0.2931  0.2586  0.2845  0.2759  0.2586  0.2586  0.2845  0.2759  0.3190  0.2845  0.2500  0.1466  0.1379  0.1379  0.1379  0.1293  0.1552  0.1034  0.1638  0.1379
Q05QD4           0.4914  0.4483  0.4569  0.4569  0.4483  0.4397  0.4828  0.4483  0.4224  0.4397  0.4655  0.4655  0.4569  0.2759  0.2672  0.4655  0.4655  0.4655  0.2586  0.2759  0.2672  0.3017  0.2586  0.2759  0.2759  0.2759  0.2759  0.2845  0.2931  0.2759  0.3017  0.3017  0.2672  0.3017  0.2845  0.2586  0.2586  0.2931  0.3017  0.3017  0.2931  0.2672  0.1466  0.1379  0.1379  0.1379  0.1293  0.1552  0.1379  0.1724  0.1552  0.0431
A2CC49           0.4914  0.4483  0.4483  0.4483  0.4483  0.4397  0.4914  0.4655  0.4310  0.4397  0.4655  0.4741  0.4655  0.2759  0.2759  0.4569  0.4569  0.4569  0.2759  0.2759  0.2845  0.3103  0.2759  0.2672  0.2845  0.2845  0.2931  0.2759  0.2845  0.2759  0.3103  0.3103  0.2845  0.3190  0.3017  0.2759  0.2759  0.3017  0.3103  0.3103  0.3017  0.2586  0.1638  0.1379  0.1638  0.1638  0.1552  0.1552  0.1121  0.1724  0.1121  0.0690  0.0862
A3Z8V9           0.4828  0.4224  0.4310  0.4310  0.4224  0.4310  0.4741  0.4483  0.4483  0.4224  0.4655  0.4483  0.4397  0.2759  0.2672  0.4741  0.4741  0.4741  0.2672  0.2845  0.2759  0.2931  0.2672  0.2845  0.2845  0.2845  0.2672  0.2672  0.2931  0.2845  0.3103  0.3103  0.2759  0.3017  0.2931  0.2586  0.2586  0.3017  0.2931  0.2931  0.3017  0.2672  0.1638  0.1552  0.1724  0.1724  0.1638  0.1724  0.1034  0.1897  0.1379  0.0517  0.0603  0.0776
A9BCM6           0.5086  0.4655  0.4655  0.4655  0.4655  0.4569  0.5000  0.4828  0.4569  0.4569  0.4741  0.4828  0.4655  0.2672  0.2845  0.4138  0.4138  0.4138  0.2845  0.2931  0.2931  0.3190  0.2931  0.2931  0.3017  0.3103  0.3103  0.2845  0.3190  0.3017  0.3362  0.3362  0.3017  0.3362  0.3276  0.2931  0.2931  0.3362  0.3190  0.3190  0.3276  0.2759  0.1293  0.1207  0.1293  0.1293  0.1207  0.1121  0.1379  0.1552  0.1207  0.1379  0.1466  0.0948  0.1293
A4CSN7           0.4914  0.4310  0.4397  0.4397  0.4310  0.4397  0.4741  0.4483  0.4397  0.4310  0.4741  0.4569  0.4483  0.2845  0.2759  0.4569  0.4569  0.4569  0.2672  0.2759  0.2759  0.2931  0.2672  0.2759  0.2845  0.2845  0.2672  0.2586  0.2931  0.2759  0.3103  0.3103  0.2759  0.3017  0.2931  0.2672  0.2672  0.3017  0.2931  0.3103  0.3017  0.2672  0.1379  0.1293  0.1466  0.1466  0.1379  0.1466  0.0948  0.1724  0.1293  0.0259  0.0603  0.0431  0.0345  0.1121
Q0ID26           0.5000  0.4483  0.4483  0.4483  0.4483  0.4569  0.4828  0.4569  0.4483  0.4397  0.4741  0.4655  0.4655  0.3017  0.2931  0.4569  0.4569  0.4569  0.2931  0.2931  0.3017  0.3103  0.2931  0.2931  0.3103  0.3017  0.2931  0.2759  0.3103  0.2931  0.3276  0.3276  0.3017  0.3103  0.3190  0.2759  0.2759  0.3190  0.3103  0.3190  0.3190  0.2931  0.1724  0.1552  0.1724  0.1724  0.1724  0.1552  0.1293  0.1897  0.1293  0.0776  0.0948  0.0603  0.0776  0.1121  0.0517
Q7V9Y3           0.4914  0.4397  0.4483  0.4483  0.4397  0.4310  0.4741  0.4569  0.4310  0.4397  0.4569  0.4655  0.4397  0.2759  0.2586  0.4483  0.4483  0.4483  0.2414  0.2586  0.2500  0.2759  0.2500  0.2759  0.2672  0.2414  0.2586  0.2414  0.2759  0.2586  0.2672  0.2672  0.2500  0.2931  0.2672  0.2672  0.2672  0.2672  0.2759  0.3103  0.2586  0.2414  0.1379  0.1207  0.1293  0.1293  0.1207  0.1293  0.1293  0.1552  0.1207  0.0948  0.1121  0.0948  0.1121  0.0948  0.0862  0.1034
Q46IT0           0.5086  0.4655  0.4655  0.4655  0.4655  0.4569  0.4828  0.4828  0.4655  0.4655  0.4828  0.5000  0.4741  0.2845  0.2845  0.4655  0.4655  0.4655  0.3017  0.3103  0.3103  0.3362  0.2931  0.3190  0.3276  0.3017  0.2845  0.2931  0.3276  0.3190  0.3362  0.3362  0.3103  0.3534  0.3190  0.2931  0.2931  0.3017  0.3276  0.3362  0.3103  0.2931  0.1552  0.1379  0.1379  0.1379  0.1466  0.1293  0.1638  0.1638  0.1552  0.1207  0.1379  0.1207  0.1552  0.1207  0.1293  0.1379  0.1207
A2C4X9           0.5086  0.4655  0.4655  0.4655  0.4655  0.4569  0.4828  0.4828  0.4569  0.4655  0.4828  0.5000  0.4741  0.2845  0.2845  0.4483  0.4483  0.4483  0.3017  0.3103  0.3103  0.3362  0.2931  0.3190  0.3276  0.3017  0.2845  0.2931  0.3276  0.3190  0.3362  0.3362  0.3103  0.3534  0.3190  0.3017  0.3017  0.3017  0.3276  0.3362  0.3103  0.2931  0.1638  0.1466  0.1466  0.1466  0.1379  0.1379  0.1552  0.1638  0.1379  0.1207  0.1379  0.1207  0.1379  0.1121  0.1293  0.1466  0.1207  0.0259
Q060U2           0.5000  0.4483  0.4483  0.4483  0.4483  0.4397  0.4914  0.4741  0.4310  0.4483  0.4741  0.4828  0.4741  0.2845  0.2759  0.4397  0.4397  0.4397  0.2586  0.2672  0.2672  0.3017  0.2586  0.2759  0.3017  0.2845  0.2759  0.2759  0.3017  0.2759  0.3017  0.3017  0.2672  0.3103  0.2845  0.2586  0.2586  0.3017  0.3103  0.3276  0.2931  0.2586  0.1466  0.1379  0.1379  0.1379  0.1293  0.1207  0.0948  0.1810  0.1121  0.0603  0.0776  0.0603  0.0862  0.1034  0.0517  0.0776  0.0948  0.1207  0.1121
Q7V525           0.5000  0.4569  0.4569  0.4569  0.4569  0.4483  0.5000  0.4741  0.4397  0.4483  0.4741  0.4741  0.4741  0.2845  0.2845  0.4655  0.4655  0.4655  0.2845  0.2845  0.2931  0.3017  0.2845  0.2759  0.2931  0.2931  0.3017  0.2845  0.2931  0.2845  0.3190  0.3190  0.2931  0.3276  0.3103  0.2845  0.2845  0.3103  0.3190  0.3190  0.3103  0.2672  0.1724  0.1466  0.1724  0.1724  0.1638  0.1638  0.1207  0.1810  0.1207  0.0776  0.0948  0.0086  0.0862  0.1034  0.0517  0.0690  0.1034  0.1293  0.1293  0.0690
Q3AW72           0.5000  0.4483  0.4483  0.4483  0.4483  0.4397  0.4828  0.4741  0.4397  0.4569  0.4828  0.4914  0.4828  0.2931  0.2845  0.4310  0.4310  0.4310  0.2672  0.2759  0.2759  0.3103  0.2672  0.2845  0.3103  0.2845  0.2672  0.2672  0.3017  0.2759  0.3103  0.3103  0.2759  0.3190  0.2931  0.2672  0.2672  0.3103  0.3103  0.3362  0.3017  0.2500  0.1552  0.1466  0.1466  0.1466  0.1379  0.1293  0.0948  0.1897  0.1207  0.0690  0.0862  0.0690  0.0948  0.1121  0.0603  0.0862  0.1034  0.1121  0.1034  0.0086  0.0776
Q7U4H9           0.5086  0.4483  0.4569  0.4569  0.4483  0.4397  0.4914  0.4655  0.4397  0.4569  0.4828  0.4914  0.4828  0.3190  0.3103  0.4569  0.4569  0.4569  0.3017  0.3017  0.3103  0.3276  0.3017  0.3103  0.3276  0.3190  0.3103  0.3017  0.3017  0.3190  0.3448  0.3448  0.3103  0.3276  0.3362  0.2672  0.2672  0.3448  0.3276  0.3448  0.3362  0.2931  0.1810  0.1638  0.1897  0.1897  0.1810  0.1897  0.1207  0.1638  0.1638  0.1293  0.0948  0.1293  0.1293  0.1466  0.1293  0.1379  0.1552  0.1638  0.1638  0.1121  0.1379  0.1121


TREE #  1:  (17, 16, (18, (((10, 13), (9, (((2, ((3, 4), (6, 5))), (7, (8, 1))), (11, 12)))), ((14, 15), (40, ((28, ((((26, ((30, (39, 29)), (25, ((31, 32), (41, (35, 38)))))), ((19, (33, 21)), (27, 23))), (24, ((36, 37), (20, 22)))), (42, 34))), (50, (51, ((59, (56, ((60, 61), ((48, (47, (46, 45))), (43, 44))))), (49, ((62, 64), (52, (57, ((58, (54, 63)), (55, (53, 65))))))))))))))));   MP score: 530
lnL(ntime: 63  np: 64):  -3281.806804      +0.000000
  66..17   66..16   66..67   67..18   67..68   68..69   69..70   70..10   70..13   69..71   71..9    71..72   72..73   73..74   74..2    74..75   75..76   76..3    76..4    75..77   77..6    77..5    73..78   78..7    78..79   79..8    79..1    72..80   80..11   80..12   68..81   81..82   82..14   82..15   81..83   83..40   83..84   84..85   85..28   85..86   86..87   87..88   88..89   89..26   89..90   90..91   91..30   91..92   92..39   92..29   90..93   93..25   93..94   94..95   95..31   95..32   94..96   96..41   96..97   97..35   97..38   88..98   98..99   99..19   99..100 100..33  100..21   98..101 101..27  101..23   87..102 102..24  102..103 103..104 104..36  104..37  103..105 105..20  105..22   86..106 106..42  106..34   84..107 107..50  107..108 108..51  108..109 109..110 110..59  110..111 111..56  111..112 112..113 113..60  113..61  112..114 114..115 115..48  115..116 116..47  116..117 117..46  117..45  114..118 118..43  118..44  109..119 119..49  119..120 120..121 121..62  121..64  120..122 122..52  122..123 123..57  123..124 124..125 125..58  125..126 126..54  126..63  124..127 127..55  127..128 128..53  128..65 
 0.366637 0.366637 0.275233 0.163345 0.134374 0.145475 0.145474 0.129899 0.011231 0.005154 0.000000 0.005154 0.111350 0.111350 0.066677 0.202509 0.016817 0.199662 0.186667 0.155977 0.143193 0.121569 0.104001 0.071527 0.068569 0.054349 0.051149 0.054886 0.032275 0.000000 0.015318 0.011294 0.041622 0.031898 0.022769 0.026801 0.098287 0.089862 0.000000 0.050392 0.121736 0.117477 0.101190 0.088884 0.077121 0.071644 0.063419 0.011950 0.026830 0.011542 0.004047 0.000000 0.015008 0.069050 0.056366 0.005106 0.045726 0.045726 0.045726 0.030487 0.004180 0.038303 0.028624 0.584892

tree length =   5.70280

(17: 0.366637, 16: 0.366637, (18: 0.366637, (((10: 0.134374, 13: 0.134374): 0.028970, (9: 0.145475, (((2: 0.011231, ((3: 0.000000, 4: 0.000000): 0.005154, (6: 0.005154, 5: 0.005154): 0.000000): 0.006077): 0.118668, (7: 0.111350, (8: 0.111350, 1: 0.111350): 0.000000): 0.018548): 0.015576, (11: 0.066677, 12: 0.066677): 0.078797): 0.000000): 0.017870): 0.111888, ((14: 0.016817, 15: 0.016817): 0.185692, (40: 0.199662, ((28: 0.155977, ((((26: 0.071527, ((30: 0.054349, (39: 0.051149, 29: 0.051149): 0.003199): 0.014220, (25: 0.054886, ((31: 0.000000, 32: 0.000000): 0.032275, (41: 0.015318, (35: 0.011294, 38: 0.011294): 0.004024): 0.016957): 0.022611): 0.013683): 0.002958): 0.032474, ((19: 0.031898, (33: 0.022769, 21: 0.022769): 0.009128): 0.009725, (27: 0.026801, 23: 0.026801): 0.014821): 0.062378): 0.017568, (24: 0.098287, ((36: 0.000000, 37: 0.000000): 0.089862, (20: 0.050392, 22: 0.050392): 0.039470): 0.008425): 0.023282): 0.021624, (42: 0.121736, 34: 0.121736): 0.021457): 0.012784): 0.030690, (50: 0.117477, (51: 0.101190, ((59: 0.077121, (56: 0.071644, ((60: 0.011950, 61: 0.011950): 0.051468, ((48: 0.011542, (47: 0.004047, (46: 0.000000, 45: 0.000000): 0.004047): 0.007495): 0.015288, (43: 0.015008, 44: 0.015008): 0.011822): 0.036588): 0.008225): 0.005478): 0.011763, (49: 0.069050, ((62: 0.005106, 64: 0.005106): 0.051260, (52: 0.045726, (57: 0.045726, ((58: 0.030487, (54: 0.004180, 63: 0.004180): 0.026307): 0.015239, (55: 0.038303, (53: 0.028624, 65: 0.028624): 0.009680): 0.007423): 0.000000): 0.000000): 0.010640): 0.012684): 0.019834): 0.012306): 0.016287): 0.069190): 0.012995): 0.002847): 0.072724): 0.091404): 0.000000);

(P0A7S9: 0.366637, B7N183: 0.366637, (B7LRR5: 0.366637, (((A6Q1K1: 0.134374, B9L6U0: 0.134374): 0.028970, (D1B4E0: 0.145475, (((B9KEH3: 0.011231, ((A8FNQ4: 0.000000, A7H5U2: 0.000000): 0.005154, (Q4HRY7: 0.005154, Q4HDV1: 0.005154): 0.000000): 0.006077): 0.118668, (Q30TS6: 0.111350, (A6QCS1: 0.111350, A8ETK3: 0.111350): 0.000000): 0.018548): 0.015576, (P56020: 0.066677, Q7M8F4: 0.066677): 0.078797): 0.000000): 0.017870): 0.111888, ((Q2JL76: 0.016817, Q2JUJ3: 0.016817): 0.185692, (Q7NFF2: 0.199662, ((Q8DML1: 0.155977, ((((B4B3P6: 0.071527, ((B7KI09: 0.054349, (B1XJI6: 0.051149, P73299: 0.051149): 0.003199): 0.014220, (B0JY40: 0.054886, ((C7QS40: 0.000000, B7K226: 0.000000): 0.032275, (B1WQT3: 0.015318, (Q4C150: 0.011294, A3IQ26: 0.011294): 0.004024): 0.016957): 0.022611): 0.013683): 0.002958): 0.032474, ((Q3MF99: 0.031898, (B2ITN3: 0.022769, Q8YPK1: 0.022769): 0.009128): 0.009725, (B9YIU3: 0.026801, A0ZG53: 0.026801): 0.014821): 0.062378): 0.017568, (A0YJS2: 0.098287, ((O24708: 0.000000, Q31L28: 0.000000): 0.089862, (B5W6R0: 0.050392, Q110C9: 0.050392): 0.039470): 0.008425): 0.023282): 0.021624, (B8HMS6: 0.121736, B0C432: 0.121736): 0.021457): 0.012784): 0.030690, (A5GVY1: 0.117477, (A3YUJ8: 0.101190, ((Q7V9Y3: 0.077121, (A9BCM6: 0.071644, ((Q46IT0: 0.011950, A2C4X9: 0.011950): 0.051468, ((Q318K5: 0.011542, (A2BTB7: 0.004047, (A8G741: 0.000000, A3PF27: 0.000000): 0.004047): 0.007495): 0.015288, (Q7UZW4: 0.015008, A2BYR5: 0.015008): 0.011822): 0.036588): 0.008225): 0.005478): 0.011763, (Q3AMQ1: 0.069050, ((Q060U2: 0.005106, Q3AW72: 0.005106): 0.051260, (A5GIS4: 0.045726, (A4CSN7: 0.045726, ((Q0ID26: 0.030487, (A2CC49: 0.004180, Q7V525: 0.004180): 0.026307): 0.015239, (A3Z8V9: 0.038303, (Q05QD4: 0.028624, Q7U4H9: 0.028624): 0.009680): 0.007423): 0.000000): 0.000000): 0.010640): 0.012684): 0.019834): 0.012306): 0.016287): 0.069190): 0.012995): 0.002847): 0.072724): 0.091404): 0.000000);

(17_P0A7S9, 16_B7N183, (18_B7LRR5, (((10_A6Q1K1, 13_B9L6U0) 70 , (9_D1B4E0, (((2_B9KEH3, ((3_A8FNQ4, 4_A7H5U2) 76 , (6_Q4HRY7, 5_Q4HDV1) 77 ) 75 ) 74 , (7_Q30TS6, (8_A6QCS1, 1_A8ETK3) 79 ) 78 ) 73 , (11_P56020, 12_Q7M8F4) 80 ) 72 ) 71 ) 69 , ((14_Q2JL76, 15_Q2JUJ3) 82 , (40_Q7NFF2, ((28_Q8DML1, ((((26_B4B3P6, ((30_B7KI09, (39_B1XJI6, 29_P73299) 92 ) 91 , (25_B0JY40, ((31_C7QS40, 32_B7K226) 95 , (41_B1WQT3, (35_Q4C150, 38_A3IQ26) 97 ) 96 ) 94 ) 93 ) 90 ) 89 , ((19_Q3MF99, (33_B2ITN3, 21_Q8YPK1) 100 ) 99 , (27_B9YIU3, 23_A0ZG53) 101 ) 98 ) 88 , (24_A0YJS2, ((36_O24708, 37_Q31L28) 104 , (20_B5W6R0, 22_Q110C9) 105 ) 103 ) 102 ) 87 , (42_B8HMS6, 34_B0C432) 106 ) 86 ) 85 , (50_A5GVY1, (51_A3YUJ8, ((59_Q7V9Y3, (56_A9BCM6, ((60_Q46IT0, 61_A2C4X9) 113 , ((48_Q318K5, (47_A2BTB7, (46_A8G741, 45_A3PF27) 117 ) 116 ) 115 , (43_Q7UZW4, 44_A2BYR5) 118 ) 114 ) 112 ) 111 ) 110 , (49_Q3AMQ1, ((62_Q060U2, 64_Q3AW72) 121 , (52_A5GIS4, (57_A4CSN7, ((58_Q0ID26, (54_A2CC49, 63_Q7V525) 126 ) 125 , (55_A3Z8V9, (53_Q05QD4, 65_Q7U4H9) 128 ) 127 ) 124 ) 123 ) 122 ) 120 ) 119 ) 109 ) 108 ) 107 ) 84 ) 83 ) 81 ) 68 ) 67 ) 66 ;

Detailed output identifying parameters

alpha (gamma, K = 4) =  0.58489
rate:   0.05001  0.30377  0.87341  2.77281
freq:   0.25000  0.25000  0.25000  0.25000

Time used:  2:33
