AAML (in paml version 4.6, August 2012)  198.aa
Model: Empirical for branches,  Global clock  (../../../bin/LG.dat) dGamma (ncatG=4) ns =  65  ls = 408


Frequencies..
                                    A      R      N      D      C      Q      E      G      H      I      L      K      M      F      P      S      T      W      Y      V
A8ER43                         0.05637 0.04167 0.04167 0.07353 0.01716 0.02696 0.05882 0.09804 0.01225 0.09314 0.07598 0.07598 0.02206 0.03186 0.03922 0.05392 0.05882 0.01225 0.03186 0.07843
Q30UH5                         0.06127 0.05147 0.04412 0.07108 0.01961 0.02206 0.07353 0.10294 0.01961 0.08824 0.09559 0.07353 0.01716 0.02696 0.03431 0.04657 0.04902 0.01225 0.03186 0.05882
B9KF91                         0.05882 0.04657 0.03922 0.07353 0.01471 0.01471 0.07598 0.10539 0.01961 0.07843 0.10049 0.08088 0.02206 0.01961 0.03186 0.04657 0.04412 0.01225 0.04412 0.07108
A8FNG4                         0.07598 0.04902 0.04167 0.06618 0.01471 0.01471 0.07843 0.09804 0.02206 0.08824 0.09559 0.07598 0.02451 0.02451 0.03431 0.03922 0.04657 0.01225 0.03922 0.05882
A7H5L7                         0.07598 0.04902 0.04167 0.06618 0.01471 0.01471 0.07843 0.09804 0.02206 0.09069 0.09559 0.07598 0.02206 0.02451 0.03431 0.03922 0.04657 0.01225 0.03922 0.05882
D1B4C2                         0.06373 0.04902 0.03922 0.06373 0.01961 0.01471 0.07108 0.11765 0.02206 0.07598 0.09314 0.05882 0.01961 0.03186 0.03922 0.03922 0.06373 0.01225 0.02941 0.07598
Q4HPN8                         0.06863 0.05147 0.04412 0.06618 0.01471 0.01716 0.08088 0.09804 0.02451 0.07598 0.10294 0.07598 0.01961 0.02941 0.02941 0.03922 0.04412 0.01225 0.03186 0.07353
Q4HEB3                         0.06863 0.04657 0.04412 0.07598 0.01225 0.01471 0.06863 0.10049 0.02451 0.08578 0.09804 0.07843 0.02206 0.02206 0.03186 0.04412 0.04657 0.01225 0.04167 0.06127
A6Q6M5                         0.07598 0.04657 0.02451 0.07353 0.01471 0.01716 0.07598 0.10784 0.02941 0.06863 0.08088 0.07108 0.03186 0.03431 0.04657 0.03186 0.05637 0.00980 0.03186 0.07108
A6Q5H2                         0.07108 0.05147 0.03922 0.07108 0.01225 0.02206 0.08333 0.09804 0.02206 0.08824 0.09314 0.06863 0.01961 0.02451 0.03431 0.03676 0.05147 0.01225 0.04412 0.05637
Q7M7V8                         0.07598 0.05637 0.02206 0.06618 0.01961 0.01716 0.07598 0.10784 0.02451 0.07353 0.08088 0.06863 0.02696 0.02696 0.03922 0.04657 0.05147 0.00980 0.03922 0.07108
B9L6S4                         0.06618 0.03676 0.04902 0.07108 0.00735 0.02206 0.06863 0.10539 0.02206 0.08333 0.07843 0.08824 0.01716 0.01716 0.03431 0.03186 0.05392 0.01225 0.04902 0.08578
P56137                         0.06373 0.04412 0.03186 0.07108 0.02451 0.01716 0.06863 0.08088 0.02206 0.07353 0.08578 0.09559 0.01961 0.03676 0.04167 0.04902 0.05882 0.00735 0.03676 0.07108
B9YWA2                         0.05882 0.05392 0.02696 0.06373 0.02206 0.04657 0.06618 0.09804 0.02206 0.08578 0.10049 0.03922 0.01961 0.02206 0.05147 0.02696 0.07353 0.00980 0.03922 0.07353
Q4C522                         0.05637 0.04657 0.02941 0.05882 0.02206 0.03676 0.07353 0.10049 0.01961 0.08088 0.10049 0.05147 0.00735 0.02206 0.04902 0.04412 0.06863 0.00980 0.03922 0.08333
B1XIL5                         0.07108 0.04902 0.02451 0.07598 0.01961 0.02696 0.06373 0.10049 0.02206 0.08088 0.09559 0.04902 0.01225 0.02696 0.04902 0.04167 0.06127 0.00980 0.03431 0.08578
Q10ZD0                         0.06618 0.05147 0.03922 0.07108 0.02206 0.02206 0.05392 0.09804 0.01716 0.08333 0.08578 0.06373 0.02451 0.01961 0.04657 0.03922 0.06127 0.00980 0.03676 0.08824
A3IQS4                         0.05882 0.04657 0.03186 0.06127 0.02206 0.04657 0.07108 0.09314 0.01961 0.08578 0.10049 0.04412 0.01225 0.02451 0.04657 0.04412 0.06863 0.00980 0.03922 0.07353
B1WSJ0                         0.05882 0.04657 0.03186 0.06373 0.02206 0.04167 0.06863 0.09559 0.01961 0.08578 0.10049 0.04657 0.00980 0.02451 0.04657 0.04412 0.07108 0.00980 0.03922 0.07353
Q8YMZ0                         0.05882 0.05637 0.02696 0.06863 0.02451 0.03676 0.06618 0.09559 0.02206 0.08333 0.10049 0.04167 0.01961 0.01961 0.04902 0.03676 0.07353 0.00980 0.03676 0.07353
C7QXC5                         0.06127 0.04902 0.02696 0.06618 0.01961 0.03431 0.06373 0.10294 0.01716 0.08578 0.10539 0.05147 0.01225 0.02451 0.04902 0.04657 0.06373 0.00980 0.03922 0.07108
B7JXN4                         0.06127 0.04902 0.02696 0.06618 0.01961 0.03431 0.06373 0.10294 0.01716 0.08578 0.10539 0.05147 0.01225 0.02451 0.04902 0.04657 0.06373 0.00980 0.03922 0.07108
B7KCX9                         0.06373 0.05392 0.03186 0.06618 0.02206 0.03922 0.06618 0.09804 0.01716 0.09069 0.09559 0.04167 0.01225 0.02206 0.03922 0.04902 0.06618 0.00980 0.04167 0.07353
P73290                         0.06373 0.05392 0.02206 0.07598 0.02206 0.03431 0.06127 0.09069 0.02451 0.07598 0.10784 0.04412 0.01225 0.02451 0.05392 0.03431 0.07353 0.00980 0.03676 0.07843
Q3MBG1                         0.06127 0.05637 0.02696 0.07108 0.02451 0.03431 0.06373 0.09559 0.01961 0.07843 0.10784 0.04412 0.01961 0.01961 0.04902 0.03676 0.07353 0.00980 0.03676 0.07108
B4B8Q6                         0.07353 0.05147 0.03676 0.05882 0.02206 0.03431 0.06618 0.09559 0.01716 0.08578 0.09559 0.04167 0.01471 0.02451 0.03922 0.04657 0.06127 0.00980 0.04167 0.08333
A0ZIR3                         0.05882 0.05637 0.02696 0.06127 0.02451 0.03431 0.07108 0.09559 0.01961 0.08578 0.10539 0.03922 0.01471 0.01961 0.05147 0.03922 0.07353 0.00980 0.04167 0.07108
B0CBU2                         0.06127 0.05392 0.02696 0.07598 0.02206 0.02206 0.06127 0.09314 0.02696 0.07598 0.08824 0.04902 0.01961 0.02451 0.04902 0.04167 0.06618 0.00980 0.04167 0.09069
Q5N1D4                         0.06618 0.05392 0.01961 0.07108 0.02206 0.03676 0.05882 0.10539 0.02696 0.08333 0.10049 0.03676 0.01225 0.01716 0.04657 0.04657 0.06863 0.01225 0.03431 0.08088
Q31KI0                         0.06618 0.05392 0.01961 0.07108 0.02206 0.03676 0.05882 0.10539 0.02696 0.08333 0.10049 0.03676 0.01225 0.01716 0.04657 0.04657 0.06863 0.01225 0.03431 0.08088
B2J8B7                         0.05637 0.05637 0.02451 0.07108 0.02206 0.04167 0.06373 0.09804 0.01961 0.08333 0.10294 0.03922 0.01716 0.01961 0.04902 0.03922 0.07353 0.00980 0.03922 0.07353
Q2JQX5                         0.08333 0.05392 0.01716 0.05882 0.01716 0.03922 0.06127 0.10049 0.02206 0.08333 0.10294 0.03922 0.00980 0.01961 0.05637 0.02696 0.05882 0.00980 0.05637 0.08333
B0JXF6                         0.06373 0.05637 0.02941 0.05882 0.02206 0.03676 0.06373 0.09314 0.01961 0.09314 0.10294 0.04412 0.01225 0.01716 0.04657 0.04412 0.07108 0.00980 0.04167 0.07353
Q0I8J6                         0.06863 0.06863 0.01961 0.07843 0.01961 0.02696 0.05392 0.11029 0.01716 0.06618 0.11275 0.03676 0.01961 0.01961 0.04902 0.04902 0.06373 0.00735 0.03431 0.07843
A4CRZ9                         0.07108 0.07353 0.02206 0.08333 0.02206 0.03431 0.05392 0.11029 0.02206 0.06373 0.11029 0.02696 0.01961 0.01716 0.04412 0.04167 0.05637 0.00735 0.03431 0.08578
A5GJD1                         0.07598 0.07353 0.02206 0.07598 0.02206 0.03186 0.05637 0.11275 0.02206 0.06373 0.11029 0.02696 0.01961 0.01716 0.04412 0.03922 0.05882 0.00735 0.03431 0.08578
Q8DLG2                         0.08088 0.06618 0.01961 0.06618 0.01961 0.03186 0.06863 0.10049 0.01961 0.07843 0.11520 0.03922 0.01225 0.01716 0.04657 0.03676 0.06127 0.00980 0.03431 0.07598
B7MSJ5                         0.06863 0.05882 0.02941 0.06863 0.00980 0.02451 0.06863 0.10539 0.01471 0.04657 0.10539 0.05392 0.02451 0.02696 0.03431 0.03922 0.08088 0.00980 0.03922 0.09069
P0A7D4                         0.06863 0.05882 0.02941 0.06863 0.00980 0.02451 0.06863 0.10539 0.01471 0.04657 0.10539 0.05392 0.02451 0.02696 0.03431 0.03922 0.08088 0.00980 0.03922 0.09069
B7LLV9                         0.06863 0.05882 0.02941 0.06863 0.00980 0.02451 0.06863 0.10539 0.01471 0.04657 0.10539 0.05392 0.02451 0.02696 0.03431 0.03922 0.08088 0.00980 0.03922 0.09069
Q7V2H1                         0.05637 0.05392 0.03922 0.07598 0.02206 0.02451 0.05392 0.10294 0.01716 0.09314 0.10539 0.06618 0.01471 0.01716 0.03676 0.04657 0.05882 0.00735 0.03676 0.07108
Q05YI6                         0.06373 0.06618 0.02206 0.07353 0.01961 0.02941 0.06373 0.11275 0.01716 0.06618 0.11029 0.04412 0.02206 0.01961 0.04167 0.04412 0.05882 0.00735 0.03431 0.08333
Q3ALR7                         0.06618 0.06373 0.02451 0.07108 0.01961 0.04167 0.06127 0.10784 0.01961 0.06373 0.11275 0.03186 0.01471 0.01961 0.04657 0.04167 0.06618 0.00735 0.03186 0.08824
A3YZG4                         0.07108 0.07353 0.01961 0.07353 0.01961 0.03186 0.06373 0.10784 0.02206 0.06618 0.11520 0.02451 0.01961 0.01716 0.05147 0.03186 0.06373 0.00735 0.03676 0.08333
Q7V6A8                         0.06373 0.07108 0.02696 0.07108 0.02206 0.04412 0.06127 0.10539 0.02206 0.07108 0.11275 0.02451 0.01716 0.01961 0.04412 0.03922 0.06373 0.00735 0.03186 0.08088
A5GSC3                         0.07843 0.06373 0.02206 0.07598 0.02206 0.03676 0.05637 0.10784 0.02206 0.05392 0.11765 0.02941 0.01471 0.01716 0.04167 0.04902 0.06127 0.00735 0.03431 0.08824
A2C7N3                         0.06373 0.07108 0.02696 0.07108 0.02206 0.04167 0.06127 0.10539 0.02206 0.07108 0.11520 0.02696 0.01471 0.01961 0.04412 0.03676 0.06618 0.00735 0.03186 0.08088
A3Z5K7                         0.06618 0.06863 0.01961 0.07108 0.01961 0.03676 0.05882 0.11520 0.01716 0.06373 0.10784 0.02941 0.02206 0.01961 0.04412 0.04167 0.06863 0.00735 0.03431 0.08824
Q3AWR7                         0.06373 0.06863 0.02206 0.07353 0.01961 0.02941 0.06127 0.11275 0.01716 0.06618 0.11275 0.04167 0.01961 0.01961 0.04167 0.04412 0.06127 0.00735 0.03431 0.08333
B8HY86                         0.07353 0.06127 0.02451 0.06618 0.02451 0.03186 0.06373 0.09559 0.02451 0.07598 0.10784 0.03676 0.01471 0.01716 0.05147 0.03186 0.07108 0.00980 0.03676 0.08088
A9BEC8                         0.06373 0.05882 0.02451 0.06373 0.02206 0.03431 0.07353 0.09804 0.01716 0.07598 0.10294 0.05882 0.01716 0.01961 0.04657 0.04167 0.05392 0.00735 0.03431 0.08578
Q7U5D4                         0.07353 0.06863 0.02206 0.07353 0.01961 0.03431 0.06127 0.10784 0.01961 0.06127 0.11520 0.03186 0.01716 0.01961 0.04412 0.03676 0.06618 0.00735 0.03186 0.08824
A0YIG7                         0.07108 0.05637 0.02696 0.06373 0.02696 0.03186 0.07353 0.09559 0.01471 0.07843 0.09559 0.04167 0.01225 0.01961 0.04657 0.04657 0.06127 0.00980 0.03676 0.09069
Q31C27                         0.04902 0.05637 0.04167 0.07598 0.02206 0.02451 0.05147 0.10049 0.01716 0.08333 0.10539 0.06863 0.01471 0.01961 0.03676 0.05392 0.06127 0.00735 0.03186 0.07843
Q05RN2                         0.06863 0.06373 0.01961 0.07843 0.02206 0.02941 0.06127 0.11275 0.02206 0.06373 0.11275 0.03431 0.01716 0.01961 0.04412 0.03922 0.06373 0.00735 0.03186 0.08824
B5VXV3                         0.06863 0.05392 0.02206 0.07108 0.02206 0.03186 0.06618 0.10294 0.01716 0.07598 0.09804 0.04657 0.01716 0.01961 0.04657 0.03676 0.06863 0.00980 0.03676 0.08824
A8G3M2                         0.05147 0.05147 0.03922 0.07843 0.02206 0.02451 0.05147 0.10294 0.01716 0.08824 0.10784 0.06863 0.01471 0.01961 0.03676 0.05392 0.05882 0.00735 0.03186 0.07353
A2BVG8                         0.05147 0.05147 0.03676 0.07598 0.02451 0.02451 0.05392 0.10294 0.01716 0.08578 0.10539 0.07108 0.01471 0.01961 0.03431 0.04902 0.06127 0.00735 0.03431 0.07843
A3PBN1                         0.05147 0.05147 0.03676 0.07598 0.02206 0.02206 0.05392 0.10294 0.01716 0.08824 0.10539 0.07108 0.01471 0.01961 0.03676 0.05637 0.05882 0.00735 0.03186 0.07598
Q7VD77                         0.06127 0.04902 0.02696 0.06373 0.02451 0.01716 0.07108 0.10294 0.01961 0.08333 0.10049 0.07353 0.01716 0.02206 0.04657 0.03676 0.06373 0.00735 0.03186 0.08088
Q2JQ36                         0.08088 0.05392 0.01716 0.06127 0.01716 0.03922 0.06127 0.10049 0.02206 0.08824 0.10294 0.03922 0.00980 0.02206 0.05637 0.02696 0.06373 0.00980 0.05147 0.07598
A2BPY8                         0.05147 0.05147 0.03922 0.07598 0.02206 0.02206 0.05392 0.10294 0.01716 0.09069 0.10539 0.06863 0.01471 0.01961 0.03676 0.05637 0.05882 0.00735 0.03186 0.07353
Q46GR9                         0.05392 0.05637 0.03431 0.07108 0.02206 0.02941 0.06373 0.10294 0.01961 0.09069 0.10294 0.05882 0.01961 0.01961 0.04412 0.03922 0.05637 0.00735 0.03431 0.07353
A2C0W6                         0.05392 0.05637 0.03431 0.07108 0.02206 0.02941 0.06373 0.10294 0.01961 0.09069 0.10294 0.05882 0.01961 0.01961 0.04412 0.03922 0.05637 0.00735 0.03431 0.07353
Q7NG93                         0.07108 0.06373 0.02451 0.04657 0.02451 0.02696 0.07843 0.10049 0.02451 0.06373 0.10294 0.03922 0.00980 0.02696 0.05882 0.02696 0.06863 0.00980 0.03676 0.09559

Homogeneity statistic: X2 = 1.67838 G = 1.69259 

Average                        0.06527 0.05588 0.02945 0.06961 0.02002 0.02952 0.06505 0.10215 0.02017 0.07771 0.10200 0.05170 0.01723 0.02198 0.04344 0.04148 0.06271 0.00935 0.03692 0.07836

# constant sites:     96 (23.53%)
ln Lmax (unconstrained) = -2259.536708

AA distances (raw proportions of different sites)

A8ER43         
Q30UH5           0.2426
B9KF91           0.3186  0.3064
A8FNG4           0.3211  0.3333  0.1691
A7H5L7           0.3211  0.3333  0.1716  0.0025
D1B4C2           0.3162  0.2941  0.3456  0.3554  0.3554
Q4HPN8           0.3333  0.3333  0.1863  0.1078  0.1103  0.3676
Q4HEB3           0.3211  0.3407  0.1716  0.0515  0.0539  0.3456  0.1250
A6Q6M5           0.3309  0.2794  0.3456  0.3971  0.3946  0.3309  0.3824  0.3995
A6Q5H2           0.3382  0.3358  0.3750  0.3676  0.3676  0.3211  0.3775  0.3676  0.3358
Q7M7V8           0.3873  0.3554  0.4020  0.4338  0.4363  0.3652  0.4216  0.4338  0.3505  0.3603
B9L6S4           0.3971  0.3627  0.4191  0.4093  0.4093  0.3922  0.4167  0.4167  0.3946  0.3725  0.4167
P56137           0.4608  0.4461  0.4755  0.4779  0.4779  0.4314  0.4779  0.4828  0.4485  0.4681  0.4363  0.4853
B9YWA2           0.5172  0.4975  0.5319  0.5392  0.5392  0.4975  0.5392  0.5368  0.5270  0.4902  0.5098  0.5368  0.5221
Q4C522           0.5172  0.4926  0.5294  0.5441  0.5441  0.5074  0.5417  0.5417  0.5245  0.5196  0.5221  0.5221  0.5343  0.1863
B1XIL5           0.5147  0.5025  0.5417  0.5539  0.5539  0.5098  0.5539  0.5515  0.5319  0.5123  0.5221  0.5196  0.5221  0.2108  0.1936
Q10ZD0           0.5172  0.5025  0.5564  0.5539  0.5539  0.5147  0.5539  0.5588  0.5270  0.5147  0.5074  0.5270  0.5147  0.1985  0.2328  0.2377
A3IQS4           0.5196  0.4902  0.5368  0.5490  0.5490  0.5172  0.5490  0.5515  0.5245  0.5147  0.5294  0.5270  0.5392  0.1740  0.0711  0.1863  0.2230
B1WSJ0           0.5245  0.4926  0.5392  0.5515  0.5515  0.5074  0.5515  0.5539  0.5221  0.5172  0.5221  0.5245  0.5343  0.1789  0.0662  0.1863  0.2157  0.0196
Q8YMZ0           0.5221  0.5025  0.5392  0.5417  0.5417  0.5074  0.5417  0.5368  0.5294  0.5000  0.5147  0.5392  0.5368  0.0809  0.1716  0.2059  0.1887  0.1716  0.1740
C7QXC5           0.5221  0.4975  0.5368  0.5392  0.5392  0.5245  0.5392  0.5392  0.5319  0.5123  0.5172  0.5147  0.5417  0.1667  0.1176  0.1765  0.2181  0.1127  0.1225  0.1691
B7JXN4           0.5221  0.4975  0.5368  0.5392  0.5392  0.5245  0.5392  0.5392  0.5319  0.5123  0.5172  0.5147  0.5417  0.1667  0.1176  0.1765  0.2181  0.1127  0.1225  0.1691  0.0000
B7KCX9           0.5245  0.4926  0.5490  0.5515  0.5515  0.5172  0.5539  0.5539  0.5294  0.5000  0.5270  0.5221  0.5441  0.1765  0.1324  0.1691  0.2108  0.1152  0.1103  0.1740  0.1299  0.1299
P73290           0.5294  0.5074  0.5490  0.5466  0.5466  0.5147  0.5515  0.5490  0.5245  0.5123  0.5123  0.5270  0.5368  0.1789  0.1495  0.1985  0.2181  0.1471  0.1422  0.1642  0.1446  0.1446  0.1691
Q3MBG1           0.5221  0.5025  0.5368  0.5417  0.5417  0.5049  0.5417  0.5368  0.5294  0.5000  0.5147  0.5343  0.5368  0.0882  0.1814  0.2083  0.1838  0.1814  0.1838  0.0172  0.1740  0.1740  0.1765  0.1642
B4B8Q6           0.5319  0.5000  0.5515  0.5564  0.5564  0.5221  0.5539  0.5588  0.5319  0.5123  0.5368  0.5172  0.5368  0.1887  0.1471  0.2010  0.2279  0.1348  0.1324  0.1887  0.1544  0.1544  0.0662  0.1789  0.1887
A0ZIR3           0.5319  0.5000  0.5392  0.5441  0.5441  0.5000  0.5417  0.5490  0.5221  0.5025  0.5147  0.5245  0.5294  0.0956  0.1765  0.2132  0.1863  0.1765  0.1740  0.0833  0.1716  0.1716  0.1838  0.1691  0.0858  0.1936
B0CBU2           0.5319  0.5147  0.5662  0.5711  0.5711  0.5270  0.5662  0.5686  0.5294  0.5270  0.5196  0.5294  0.5270  0.1863  0.2230  0.2279  0.2059  0.2181  0.2132  0.1863  0.2206  0.2206  0.2206  0.1936  0.1912  0.2279  0.1838
Q5N1D4           0.5319  0.5025  0.5539  0.5539  0.5539  0.5098  0.5613  0.5539  0.5245  0.5074  0.5123  0.5221  0.5343  0.1740  0.1912  0.1912  0.2181  0.1887  0.1863  0.1593  0.1912  0.1912  0.1789  0.1789  0.1691  0.1936  0.1691  0.1912
Q31KI0           0.5319  0.5025  0.5539  0.5539  0.5539  0.5098  0.5613  0.5539  0.5245  0.5074  0.5123  0.5221  0.5343  0.1740  0.1912  0.1912  0.2181  0.1887  0.1863  0.1593  0.1912  0.1912  0.1789  0.1789  0.1691  0.1936  0.1691  0.1912  0.0000
B2J8B7           0.5270  0.5025  0.5417  0.5466  0.5466  0.5074  0.5417  0.5441  0.5343  0.5025  0.5172  0.5319  0.5294  0.0931  0.1838  0.2059  0.1814  0.1716  0.1765  0.0833  0.1789  0.1789  0.1691  0.1740  0.0833  0.1814  0.0809  0.1716  0.1593  0.1593
Q2JQX5           0.5392  0.5098  0.5417  0.5417  0.5417  0.5270  0.5392  0.5466  0.5441  0.5221  0.5147  0.5392  0.5368  0.2623  0.2377  0.2377  0.2647  0.2426  0.2426  0.2598  0.2304  0.2304  0.2328  0.2377  0.2598  0.2304  0.2500  0.2672  0.2475  0.2475  0.2377
B0JXF6           0.5294  0.4926  0.5441  0.5441  0.5441  0.5098  0.5441  0.5466  0.5392  0.5123  0.5147  0.5294  0.5490  0.1765  0.1397  0.1814  0.2279  0.1397  0.1397  0.1740  0.1348  0.1348  0.1299  0.1446  0.1789  0.1544  0.1814  0.2353  0.1814  0.1814  0.1814  0.2426
Q0I8J6           0.5319  0.5245  0.5564  0.5662  0.5662  0.5172  0.5613  0.5588  0.5368  0.5343  0.5123  0.5343  0.5417  0.2843  0.2598  0.3015  0.3015  0.2721  0.2672  0.2623  0.2696  0.2696  0.2892  0.2574  0.2623  0.2892  0.2819  0.2966  0.2525  0.2525  0.2770  0.3015  0.2917
A4CRZ9           0.5294  0.5245  0.5515  0.5686  0.5686  0.5196  0.5686  0.5662  0.5368  0.5417  0.5270  0.5343  0.5441  0.2819  0.2672  0.3015  0.3015  0.2794  0.2770  0.2672  0.2672  0.2672  0.2941  0.2475  0.2647  0.2892  0.2770  0.2794  0.2475  0.2475  0.2721  0.3039  0.2770  0.1005
A5GJD1           0.5319  0.5270  0.5515  0.5686  0.5686  0.5123  0.5662  0.5637  0.5417  0.5417  0.5245  0.5392  0.5392  0.2770  0.2647  0.2966  0.2990  0.2770  0.2721  0.2696  0.2672  0.2672  0.2941  0.2525  0.2672  0.2892  0.2696  0.2892  0.2500  0.2500  0.2647  0.3015  0.2745  0.0931  0.0221
Q8DLG2           0.5123  0.5147  0.5441  0.5588  0.5588  0.5172  0.5564  0.5539  0.5245  0.5049  0.4951  0.5123  0.5123  0.2059  0.2255  0.2034  0.2451  0.2206  0.2255  0.2059  0.2010  0.2010  0.2206  0.2279  0.2059  0.2328  0.2034  0.2402  0.1863  0.1863  0.2034  0.2426  0.2304  0.2721  0.2672  0.2647
B7MSJ5           0.5392  0.5172  0.5196  0.5172  0.5172  0.5147  0.5123  0.5147  0.5270  0.5074  0.4926  0.5172  0.5392  0.4877  0.4853  0.4877  0.5025  0.4926  0.4951  0.4951  0.4804  0.4804  0.5000  0.4926  0.4951  0.5025  0.4877  0.4902  0.4902  0.4902  0.4828  0.4951  0.4902  0.5196  0.5270  0.5221  0.4755
P0A7D4           0.5392  0.5172  0.5196  0.5172  0.5172  0.5147  0.5123  0.5147  0.5270  0.5074  0.4926  0.5172  0.5392  0.4877  0.4853  0.4877  0.5025  0.4926  0.4951  0.4951  0.4804  0.4804  0.5000  0.4926  0.4951  0.5025  0.4877  0.4902  0.4902  0.4902  0.4828  0.4951  0.4902  0.5196  0.5270  0.5221  0.4755  0.0000
B7LLV9           0.5392  0.5172  0.5196  0.5172  0.5172  0.5147  0.5123  0.5147  0.5270  0.5074  0.4926  0.5172  0.5392  0.4877  0.4853  0.4877  0.5025  0.4926  0.4951  0.4951  0.4804  0.4804  0.5000  0.4926  0.4951  0.5025  0.4877  0.4902  0.4902  0.4902  0.4828  0.4951  0.4902  0.5196  0.5270  0.5221  0.4755  0.0000  0.0000
Q7V2H1           0.5294  0.5147  0.5441  0.5662  0.5662  0.5343  0.5588  0.5588  0.5319  0.5123  0.5098  0.5196  0.5392  0.3186  0.2843  0.3260  0.3088  0.2966  0.2941  0.3039  0.2892  0.2892  0.3088  0.2843  0.3039  0.3039  0.3064  0.3186  0.2794  0.2794  0.3015  0.3358  0.3137  0.1789  0.1789  0.1838  0.3015  0.5294  0.5294  0.5294
Q05YI6           0.5294  0.5074  0.5564  0.5588  0.5588  0.5098  0.5588  0.5515  0.5319  0.5319  0.5147  0.5294  0.5319  0.2843  0.2696  0.3064  0.3039  0.2819  0.2819  0.2696  0.2696  0.2696  0.2941  0.2623  0.2745  0.2868  0.2868  0.2990  0.2525  0.2525  0.2794  0.3088  0.2843  0.0956  0.1176  0.1176  0.2721  0.5172  0.5172  0.5172  0.1789
Q3ALR7           0.5417  0.5172  0.5686  0.5760  0.5760  0.5147  0.5735  0.5735  0.5270  0.5417  0.5147  0.5368  0.5417  0.2917  0.2745  0.3162  0.3015  0.2843  0.2819  0.2770  0.2794  0.2794  0.3015  0.2549  0.2794  0.2966  0.2794  0.3039  0.2500  0.2500  0.2819  0.2990  0.2868  0.1029  0.1029  0.0980  0.2721  0.5294  0.5294  0.5294  0.1863  0.0833
A3YZG4           0.5392  0.5172  0.5466  0.5662  0.5686  0.5221  0.5637  0.5613  0.5294  0.5368  0.5172  0.5392  0.5319  0.2672  0.2574  0.2966  0.2868  0.2672  0.2672  0.2598  0.2598  0.2598  0.2868  0.2426  0.2500  0.2868  0.2623  0.2819  0.2304  0.2304  0.2549  0.2941  0.2794  0.1324  0.1152  0.1176  0.2451  0.5049  0.5049  0.5049  0.1912  0.1397  0.1324
Q7V6A8           0.5539  0.5172  0.5588  0.5735  0.5735  0.5123  0.5711  0.5662  0.5319  0.5417  0.5270  0.5441  0.5441  0.2843  0.2402  0.2917  0.3039  0.2598  0.2574  0.2696  0.2623  0.2623  0.2794  0.2525  0.2672  0.2770  0.2696  0.2868  0.2353  0.2353  0.2672  0.2868  0.2696  0.1324  0.1176  0.1225  0.2647  0.5172  0.5172  0.5172  0.1765  0.1299  0.1103  0.1299
A5GSC3           0.5466  0.5417  0.5613  0.5637  0.5637  0.5221  0.5760  0.5637  0.5490  0.5392  0.5123  0.5245  0.5319  0.2721  0.2525  0.2990  0.3088  0.2623  0.2598  0.2672  0.2525  0.2525  0.2794  0.2475  0.2647  0.2819  0.2770  0.2868  0.2353  0.2353  0.2721  0.3015  0.2623  0.1618  0.1422  0.1397  0.2525  0.5098  0.5098  0.5098  0.2206  0.1569  0.1642  0.1569  0.1667
A2C7N3           0.5588  0.5196  0.5613  0.5760  0.5760  0.5172  0.5735  0.5686  0.5319  0.5417  0.5270  0.5441  0.5466  0.2892  0.2475  0.2966  0.3064  0.2672  0.2647  0.2745  0.2696  0.2696  0.2868  0.2549  0.2721  0.2843  0.2770  0.2941  0.2426  0.2426  0.2745  0.2941  0.2745  0.1373  0.1250  0.1299  0.2721  0.5221  0.5221  0.5221  0.1789  0.1348  0.1103  0.1324  0.0074  0.1740
A3Z5K7           0.5392  0.5172  0.5539  0.5686  0.5686  0.5098  0.5711  0.5613  0.5221  0.5441  0.5221  0.5294  0.5417  0.2843  0.2623  0.2990  0.3015  0.2770  0.2745  0.2745  0.2672  0.2672  0.2966  0.2574  0.2745  0.2917  0.2794  0.2868  0.2525  0.2525  0.2696  0.3039  0.2745  0.0980  0.0760  0.0711  0.2794  0.5245  0.5245  0.5245  0.1740  0.0882  0.0956  0.1275  0.1201  0.1422  0.1275
Q3AWR7           0.5368  0.5123  0.5613  0.5637  0.5637  0.5123  0.5637  0.5564  0.5343  0.5368  0.5172  0.5294  0.5368  0.2892  0.2745  0.3113  0.3064  0.2868  0.2843  0.2745  0.2745  0.2745  0.2990  0.2598  0.2794  0.2917  0.2892  0.3015  0.2574  0.2574  0.2843  0.3137  0.2892  0.1005  0.1201  0.1225  0.2770  0.5196  0.5196  0.5196  0.1814  0.0098  0.0784  0.1446  0.1324  0.1593  0.1324  0.0956
B8HY86           0.5245  0.5123  0.5490  0.5466  0.5466  0.5049  0.5490  0.5466  0.5417  0.5025  0.5172  0.5221  0.5172  0.1716  0.2230  0.1912  0.2034  0.2181  0.2181  0.1667  0.2010  0.2010  0.2034  0.1912  0.1667  0.2206  0.1716  0.1765  0.1740  0.1740  0.1667  0.2328  0.2108  0.2647  0.2598  0.2549  0.1716  0.4877  0.4877  0.4877  0.3015  0.2745  0.2770  0.2549  0.2549  0.2598  0.2598  0.2696  0.2794
A9BEC8           0.5515  0.5270  0.5637  0.5711  0.5711  0.5172  0.5662  0.5662  0.5294  0.5368  0.5196  0.5270  0.5441  0.2868  0.2745  0.3113  0.2892  0.2819  0.2745  0.2843  0.2868  0.2868  0.2990  0.2525  0.2819  0.2819  0.2770  0.2917  0.2549  0.2549  0.2647  0.3113  0.2770  0.1544  0.1520  0.1520  0.2917  0.5123  0.5123  0.5123  0.1887  0.1593  0.1618  0.1593  0.1446  0.1765  0.1471  0.1348  0.1642  0.2819
Q7U5D4           0.5466  0.5294  0.5686  0.5735  0.5735  0.5098  0.5711  0.5711  0.5294  0.5441  0.5221  0.5319  0.5368  0.2917  0.2696  0.3113  0.3113  0.2819  0.2794  0.2819  0.2745  0.2745  0.3015  0.2598  0.2794  0.2917  0.2892  0.2941  0.2525  0.2525  0.2819  0.3088  0.2868  0.0980  0.0956  0.0931  0.2745  0.5196  0.5196  0.5196  0.1936  0.0809  0.0613  0.1275  0.1078  0.1569  0.1127  0.0809  0.0858  0.2745  0.1544
A0YIG7           0.5319  0.5098  0.5539  0.5564  0.5564  0.5074  0.5515  0.5588  0.5294  0.5319  0.5270  0.5368  0.5490  0.2034  0.1936  0.2304  0.2206  0.1936  0.1961  0.1838  0.2034  0.2034  0.2108  0.1936  0.1863  0.2059  0.1887  0.2279  0.1789  0.1789  0.1765  0.2574  0.1912  0.2868  0.2843  0.2819  0.2279  0.5074  0.5074  0.5074  0.3088  0.2819  0.2794  0.2672  0.2770  0.2843  0.2794  0.2868  0.2819  0.2083  0.2941  0.2868
Q31C27           0.5392  0.5196  0.5539  0.5760  0.5760  0.5392  0.5539  0.5735  0.5319  0.5196  0.5098  0.5221  0.5319  0.3284  0.2941  0.3407  0.3137  0.3088  0.3088  0.3039  0.3039  0.3039  0.3186  0.2917  0.2990  0.3113  0.3186  0.3309  0.2770  0.2770  0.3015  0.3407  0.3162  0.1814  0.1961  0.2034  0.3064  0.5172  0.5172  0.5172  0.0686  0.1838  0.1936  0.1887  0.1863  0.2328  0.1887  0.1912  0.1887  0.3137  0.1936  0.2034  0.3015
Q05RN2           0.5515  0.5294  0.5662  0.5711  0.5711  0.5172  0.5711  0.5637  0.5392  0.5417  0.5196  0.5368  0.5392  0.2819  0.2672  0.2868  0.2966  0.2770  0.2745  0.2647  0.2549  0.2549  0.2868  0.2377  0.2623  0.2868  0.2794  0.2892  0.2353  0.2353  0.2696  0.3064  0.2647  0.1005  0.0931  0.0858  0.2696  0.5147  0.5147  0.5147  0.1789  0.1201  0.1005  0.1127  0.1152  0.1422  0.1225  0.0980  0.1225  0.2623  0.1569  0.0931  0.2745  0.1789
B5VXV3           0.5343  0.5196  0.5564  0.5539  0.5539  0.5098  0.5564  0.5515  0.5441  0.5270  0.5319  0.5368  0.5343  0.1789  0.1912  0.1961  0.1814  0.1887  0.1887  0.1691  0.1740  0.1740  0.1887  0.1618  0.1716  0.2034  0.1667  0.2010  0.1642  0.1642  0.1569  0.2304  0.1789  0.2500  0.2475  0.2426  0.2059  0.4877  0.4877  0.4877  0.3015  0.2451  0.2500  0.2353  0.2451  0.2549  0.2525  0.2377  0.2525  0.1544  0.2574  0.2598  0.1422  0.3015  0.2451
A8G3M2           0.5392  0.5196  0.5515  0.5711  0.5711  0.5392  0.5490  0.5686  0.5343  0.5123  0.5098  0.5196  0.5343  0.3235  0.2892  0.3358  0.3088  0.3088  0.3088  0.3088  0.2990  0.2990  0.3186  0.2917  0.3064  0.3137  0.3162  0.3162  0.2745  0.2745  0.3039  0.3382  0.3137  0.1887  0.1985  0.2059  0.3015  0.5196  0.5196  0.5196  0.0564  0.1912  0.2010  0.1912  0.1912  0.2353  0.1936  0.1912  0.1961  0.3064  0.1985  0.2059  0.2990  0.0319  0.1838  0.3015
A2BVG8           0.5392  0.5270  0.5490  0.5711  0.5711  0.5392  0.5588  0.5637  0.5368  0.5172  0.5123  0.5245  0.5368  0.3162  0.2941  0.3309  0.3113  0.3039  0.3015  0.3039  0.2917  0.2917  0.3137  0.2843  0.3015  0.3088  0.3113  0.3162  0.2843  0.2843  0.3039  0.3382  0.3186  0.1789  0.1912  0.1887  0.3039  0.5270  0.5270  0.5270  0.0392  0.1838  0.1961  0.1912  0.1936  0.2206  0.1961  0.1814  0.1887  0.3015  0.1912  0.2010  0.3088  0.0760  0.1814  0.3015  0.0662
A3PBN1           0.5441  0.5221  0.5564  0.5760  0.5760  0.5392  0.5588  0.5735  0.5392  0.5172  0.5147  0.5147  0.5368  0.3260  0.2892  0.3358  0.3088  0.3064  0.3064  0.3113  0.2966  0.2966  0.3186  0.2892  0.3064  0.3137  0.3162  0.3211  0.2745  0.2745  0.3064  0.3407  0.3113  0.1912  0.1961  0.2034  0.3015  0.5270  0.5270  0.5270  0.0588  0.1936  0.2034  0.1936  0.1936  0.2304  0.1961  0.1863  0.1985  0.3064  0.1985  0.2083  0.3015  0.0319  0.1789  0.3015  0.0147  0.0711
Q7VD77           0.5490  0.5294  0.5515  0.5637  0.5637  0.5172  0.5515  0.5588  0.5319  0.5294  0.5245  0.5245  0.5368  0.3162  0.2819  0.3284  0.3088  0.2892  0.2843  0.3039  0.2941  0.2941  0.3113  0.2868  0.3039  0.3015  0.3064  0.3186  0.2696  0.2696  0.2990  0.3186  0.3039  0.1765  0.1838  0.1912  0.3064  0.5245  0.5245  0.5245  0.1838  0.1814  0.1838  0.1814  0.1740  0.2108  0.1765  0.1667  0.1863  0.2917  0.1250  0.1765  0.3186  0.1838  0.1838  0.2770  0.1912  0.1961  0.1912
Q2JQ36           0.5368  0.5098  0.5392  0.5417  0.5417  0.5294  0.5392  0.5466  0.5392  0.5196  0.5147  0.5441  0.5368  0.2647  0.2377  0.2402  0.2770  0.2426  0.2426  0.2647  0.2304  0.2304  0.2377  0.2426  0.2647  0.2353  0.2549  0.2721  0.2475  0.2475  0.2402  0.0270  0.2500  0.3039  0.3064  0.3039  0.2426  0.4926  0.4926  0.4926  0.3358  0.3113  0.3015  0.2990  0.2892  0.3015  0.2966  0.3064  0.3162  0.2402  0.3137  0.3113  0.2623  0.3407  0.3088  0.2377  0.3382  0.3407  0.3407  0.3211
A2BPY8           0.5466  0.5196  0.5539  0.5735  0.5735  0.5368  0.5564  0.5711  0.5343  0.5147  0.5123  0.5245  0.5368  0.3260  0.2917  0.3358  0.3064  0.3088  0.3088  0.3113  0.2990  0.2990  0.3186  0.2917  0.3064  0.3137  0.3162  0.3186  0.2745  0.2745  0.3064  0.3358  0.3137  0.1936  0.2010  0.2083  0.3064  0.5245  0.5245  0.5245  0.0588  0.1961  0.2010  0.1985  0.1863  0.2377  0.1887  0.1936  0.2010  0.3064  0.2034  0.2108  0.3015  0.0343  0.1863  0.3015  0.0147  0.0711  0.0098  0.1912  0.3358
Q46GR9           0.5441  0.5147  0.5441  0.5637  0.5637  0.5196  0.5539  0.5588  0.5147  0.5319  0.5074  0.5270  0.5441  0.2990  0.2745  0.3284  0.3039  0.2892  0.2868  0.2990  0.2917  0.2917  0.3064  0.2745  0.2990  0.3064  0.2917  0.3064  0.2598  0.2598  0.3015  0.3284  0.3039  0.1765  0.1838  0.1863  0.2917  0.5221  0.5221  0.5221  0.1520  0.1740  0.1789  0.1691  0.1593  0.2010  0.1618  0.1789  0.1765  0.2843  0.1520  0.1740  0.2917  0.1691  0.1814  0.2843  0.1716  0.1593  0.1740  0.1520  0.3309  0.1716
A2C0W6           0.5441  0.5147  0.5441  0.5637  0.5637  0.5196  0.5539  0.5588  0.5147  0.5319  0.5074  0.5270  0.5441  0.2990  0.2745  0.3284  0.3039  0.2892  0.2868  0.2990  0.2917  0.2917  0.3064  0.2745  0.2990  0.3064  0.2917  0.3064  0.2598  0.2598  0.3015  0.3284  0.3039  0.1765  0.1838  0.1863  0.2917  0.5221  0.5221  0.5221  0.1520  0.1740  0.1789  0.1691  0.1593  0.2010  0.1618  0.1789  0.1765  0.2843  0.1520  0.1740  0.2917  0.1691  0.1814  0.2843  0.1716  0.1593  0.1740  0.1520  0.3309  0.1716  0.0000
Q7NG93           0.5490  0.5270  0.5515  0.5686  0.5686  0.5172  0.5613  0.5686  0.5417  0.5294  0.5343  0.5319  0.5392  0.2647  0.2623  0.2598  0.2819  0.2647  0.2647  0.2647  0.2574  0.2574  0.2672  0.2696  0.2647  0.2574  0.2574  0.2525  0.2549  0.2549  0.2500  0.2525  0.2696  0.3333  0.3235  0.3137  0.2525  0.5147  0.5147  0.5147  0.3578  0.3358  0.3284  0.3088  0.3088  0.3284  0.3137  0.3186  0.3407  0.2475  0.3211  0.3211  0.2696  0.3676  0.3211  0.2402  0.3652  0.3652  0.3652  0.3358  0.2549  0.3676  0.3309  0.3309


TREE #  1:  (4, 5, (8, (7, (3, (1, (2, (6, ((11, (13, ((39, (40, 38)), (17, (((27, 31), (14, (20, 25))), (((50, 28), (((29, 30), (44, (((51, 60), ((63, 64), (41, (58, (54, (57, (59, 62))))))), ((45, 47), ((34, ((42, 49), (52, 43))), (48, (46, (55, (35, 36))))))))), (37, (65, (32, 61))))), ((53, 56), (16, ((23, 26), ((33, (21, 22)), (24, (15, (18, 19))))))))))))), (9, (10, 12))))))))));   MP score: 2670
lnL(ntime: 63  np: 64): -15361.051146      +0.000000
  66..4    66..5    66..67   67..8    67..68   68..7    68..69   69..3    69..70   70..1    70..71   71..2    71..72   72..6    72..73   73..74   74..11   74..75   75..13   75..76   76..77   77..39   77..78   78..40   78..38   76..79   79..17   79..80   80..81   81..82   82..27   82..31   81..83   83..14   83..84   84..20   84..25   80..85   85..86   86..87   87..50   87..28   86..88   88..89   89..90   90..29   90..30   89..91   91..44   91..92   92..93   93..94   94..51   94..60   93..95   95..96   96..63   96..64   95..97   97..41   97..98   98..58   98..99   99..54   99..100 100..57  100..101 101..59  101..62   92..102 102..103 103..45  103..47  102..104 104..105 105..34  105..106 106..107 107..42  107..49  106..108 108..52  108..43  104..109 109..48  109..110 110..46  110..111 111..55  111..112 112..35  112..36   88..113 113..37  113..114 114..65  114..115 115..32  115..61   85..116 116..117 117..53  117..56  116..118 118..16  118..119 119..120 120..23  120..26  119..121 121..122 122..33  122..123 123..21  123..22  121..124 124..24  124..125 125..15  125..126 126..18  126..19   73..127 127..9   127..128 128..10  128..12 
 0.490260 0.490259 0.490259 0.475097 0.435074 0.430165 0.424389 0.418008 0.403723 0.393329 0.338680 0.000000 0.000000 0.211427 0.208413 0.073783 0.060240 0.061525 0.010966 0.207137 0.204420 0.154904 0.198636 0.187726 0.000000 0.124003 0.116432 0.103255 0.071750 0.084477 0.000000 0.032146 0.030030 0.012718 0.006818 0.004336 0.103084 0.004420 0.085716 0.067927 0.052841 0.005275 0.039007 0.077494 0.072448 0.064733 0.014616 0.181342 0.147590 0.013048 0.200578 0.118974 0.151153 0.124502 0.045723 0.108843 0.093868 0.000000 0.094070 0.043904 0.011468 0.379726 0.325958 0.549928

tree length =  10.56321

(4: 0.490260, 5: 0.490260, (8: 0.490259, (7: 0.490259, (3: 0.475097, (1: 0.435074, (2: 0.430165, (6: 0.424389, ((11: 0.403723, (13: 0.393329, ((39: 0.000000, (40: 0.000000, 38: 0.000000): 0.000000): 0.338680, (17: 0.211427, (((27: 0.060240, 31: 0.060240): 0.013543, (14: 0.061525, (20: 0.010966, 25: 0.010966): 0.050559): 0.012258): 0.134630, (((50: 0.154904, 28: 0.154904): 0.049516, (((29: 0.000000, 30: 0.000000): 0.187726, (44: 0.124003, (((51: 0.071750, 60: 0.071750): 0.031505, ((63: 0.000000, 64: 0.000000): 0.084476, (41: 0.032146, (58: 0.030030, (54: 0.012718, (57: 0.006818, (59: 0.004336, 62: 0.004336): 0.002482): 0.005900): 0.017312): 0.002116): 0.052331): 0.018779): 0.013177, ((45: 0.004420, 47: 0.004420): 0.098663, ((34: 0.067927, ((42: 0.005275, 49: 0.005275): 0.047566, (52: 0.039007, 43: 0.039007): 0.013835): 0.015085): 0.017790, (48: 0.077494, (46: 0.072448, (55: 0.064733, (35: 0.014616, 36: 0.014616): 0.050117): 0.007714): 0.005046): 0.008223): 0.017367): 0.013349): 0.007570): 0.063723): 0.010910, (37: 0.181342, (65: 0.147590, (32: 0.013048, 61: 0.013048): 0.134542): 0.033752): 0.017294): 0.005784): 0.002717, ((53: 0.118974, 56: 0.118974): 0.081604, (16: 0.151153, ((23: 0.045723, 26: 0.045723): 0.078779, ((33: 0.093868, (21: 0.000000, 22: 0.000000): 0.093868): 0.014975, (24: 0.094070, (15: 0.043904, (18: 0.011468, 19: 0.011468): 0.032436): 0.050166): 0.014774): 0.015659): 0.026651): 0.049425): 0.006559): 0.001276): 0.003014): 0.127254): 0.054649): 0.010394): 0.014285, (9: 0.379726, (10: 0.325958, 12: 0.325958): 0.053768): 0.038282): 0.006381): 0.005776): 0.004909): 0.040023): 0.015162): 0.000000): 0.000000);

(A8FNG4: 0.490260, A7H5L7: 0.490260, (Q4HEB3: 0.490259, (Q4HPN8: 0.490259, (B9KF91: 0.475097, (A8ER43: 0.435074, (Q30UH5: 0.430165, (D1B4C2: 0.424389, ((Q7M7V8: 0.403723, (P56137: 0.393329, ((P0A7D4: 0.000000, (B7LLV9: 0.000000, B7MSJ5: 0.000000): 0.000000): 0.338680, (Q10ZD0: 0.211427, (((A0ZIR3: 0.060240, B2J8B7: 0.060240): 0.013543, (B9YWA2: 0.061525, (Q8YMZ0: 0.010966, Q3MBG1: 0.010966): 0.050559): 0.012258): 0.134630, (((B8HY86: 0.154904, B0CBU2: 0.154904): 0.049516, (((Q5N1D4: 0.000000, Q31KI0: 0.000000): 0.187726, (A3YZG4: 0.124003, (((A9BEC8: 0.071750, Q7VD77: 0.071750): 0.031505, ((Q46GR9: 0.000000, A2C0W6: 0.000000): 0.084476, (Q7V2H1: 0.032146, (A2BVG8: 0.030030, (Q31C27: 0.012718, (A8G3M2: 0.006818, (A3PBN1: 0.004336, A2BPY8: 0.004336): 0.002482): 0.005900): 0.017312): 0.002116): 0.052331): 0.018779): 0.013177, ((Q7V6A8: 0.004420, A2C7N3: 0.004420): 0.098663, ((Q0I8J6: 0.067927, ((Q05YI6: 0.005275, Q3AWR7: 0.005275): 0.047566, (Q7U5D4: 0.039007, Q3ALR7: 0.039007): 0.013835): 0.015085): 0.017790, (A3Z5K7: 0.077494, (A5GSC3: 0.072448, (Q05RN2: 0.064733, (A4CRZ9: 0.014616, A5GJD1: 0.014616): 0.050117): 0.007714): 0.005046): 0.008223): 0.017367): 0.013349): 0.007570): 0.063723): 0.010910, (Q8DLG2: 0.181342, (Q7NG93: 0.147590, (Q2JQX5: 0.013048, Q2JQ36: 0.013048): 0.134542): 0.033752): 0.017294): 0.005784): 0.002717, ((A0YIG7: 0.118974, B5VXV3: 0.118974): 0.081604, (B1XIL5: 0.151153, ((B7KCX9: 0.045723, B4B8Q6: 0.045723): 0.078779, ((B0JXF6: 0.093868, (C7QXC5: 0.000000, B7JXN4: 0.000000): 0.093868): 0.014975, (P73290: 0.094070, (Q4C522: 0.043904, (A3IQS4: 0.011468, B1WSJ0: 0.011468): 0.032436): 0.050166): 0.014774): 0.015659): 0.026651): 0.049425): 0.006559): 0.001276): 0.003014): 0.127254): 0.054649): 0.010394): 0.014285, (A6Q6M5: 0.379726, (A6Q5H2: 0.325958, B9L6S4: 0.325958): 0.053768): 0.038282): 0.006381): 0.005776): 0.004909): 0.040023): 0.015162): 0.000000): 0.000000);

(4_A8FNG4, 5_A7H5L7, (8_Q4HEB3, (7_Q4HPN8, (3_B9KF91, (1_A8ER43, (2_Q30UH5, (6_D1B4C2, ((11_Q7M7V8, (13_P56137, ((39_P0A7D4, (40_B7LLV9, 38_B7MSJ5) 78 ) 77 , (17_Q10ZD0, (((27_A0ZIR3, 31_B2J8B7) 82 , (14_B9YWA2, (20_Q8YMZ0, 25_Q3MBG1) 84 ) 83 ) 81 , (((50_B8HY86, 28_B0CBU2) 87 , (((29_Q5N1D4, 30_Q31KI0) 90 , (44_A3YZG4, (((51_A9BEC8, 60_Q7VD77) 94 , ((63_Q46GR9, 64_A2C0W6) 96 , (41_Q7V2H1, (58_A2BVG8, (54_Q31C27, (57_A8G3M2, (59_A3PBN1, 62_A2BPY8) 101 ) 100 ) 99 ) 98 ) 97 ) 95 ) 93 , ((45_Q7V6A8, 47_A2C7N3) 103 , ((34_Q0I8J6, ((42_Q05YI6, 49_Q3AWR7) 107 , (52_Q7U5D4, 43_Q3ALR7) 108 ) 106 ) 105 , (48_A3Z5K7, (46_A5GSC3, (55_Q05RN2, (35_A4CRZ9, 36_A5GJD1) 112 ) 111 ) 110 ) 109 ) 104 ) 102 ) 92 ) 91 ) 89 , (37_Q8DLG2, (65_Q7NG93, (32_Q2JQX5, 61_Q2JQ36) 115 ) 114 ) 113 ) 88 ) 86 , ((53_A0YIG7, 56_B5VXV3) 117 , (16_B1XIL5, ((23_B7KCX9, 26_B4B8Q6) 120 , ((33_B0JXF6, (21_C7QXC5, 22_B7JXN4) 123 ) 122 , (24_P73290, (15_Q4C522, (18_A3IQS4, 19_B1WSJ0) 126 ) 125 ) 124 ) 121 ) 119 ) 118 ) 116 ) 85 ) 80 ) 79 ) 76 ) 75 ) 74 , (9_A6Q6M5, (10_A6Q5H2, 12_B9L6S4) 128 ) 127 ) 73 ) 72 ) 71 ) 70 ) 69 ) 68 ) 67 ) 66 ;

Detailed output identifying parameters

alpha (gamma, K = 4) =  0.54993
rate:   0.04297  0.28327  0.85345  2.82031
freq:   0.25000  0.25000  0.25000  0.25000

Time used:  9:51
