AAML (in paml version 4.6, August 2012)  309.aa
Model: Empirical for branches,  (../../../bin/LG.dat) dGamma (ncatG=4) ns =  65  ls = 194


Frequencies..
                                    A      R      N      D      C      Q      E      G      H      I      L      K      M      F      P      S      T      W      Y      V
A8EWH7                         0.05670 0.02577 0.06701 0.05155 0.01546 0.02062 0.08247 0.06701 0.01031 0.10825 0.07216 0.10825 0.00515 0.07216 0.02062 0.07216 0.03608 0.00000 0.05670 0.05155
Q30TG0                         0.07732 0.03093 0.05155 0.02062 0.00515 0.03093 0.09278 0.07732 0.02062 0.05670 0.10825 0.06186 0.01031 0.07732 0.03608 0.08247 0.03093 0.00000 0.05670 0.07216
A6Q523                         0.07216 0.02577 0.03608 0.04124 0.01031 0.04124 0.07732 0.07732 0.02577 0.07732 0.09278 0.08763 0.01546 0.05670 0.04124 0.06186 0.05155 0.00000 0.03608 0.07216
D1B3H5                         0.08247 0.04124 0.04124 0.03093 0.01546 0.02577 0.06701 0.08247 0.03608 0.02577 0.11856 0.06186 0.02577 0.07216 0.02577 0.07732 0.04124 0.00000 0.03608 0.09278
B9L8F3                         0.04124 0.04639 0.05155 0.07732 0.00515 0.00515 0.08763 0.08247 0.01546 0.08763 0.09278 0.06701 0.02062 0.06701 0.04639 0.06701 0.03093 0.00000 0.05155 0.05670
A6Q782                         0.07216 0.03093 0.03608 0.05670 0.01031 0.02062 0.05155 0.08763 0.02062 0.04124 0.11856 0.05670 0.01031 0.07732 0.06186 0.07732 0.07216 0.00000 0.03608 0.06186
Q7MS13                         0.09278 0.05155 0.03093 0.01546 0.00000 0.02062 0.12371 0.09794 0.01031 0.05670 0.12371 0.03608 0.02062 0.06701 0.04639 0.09794 0.02062 0.01031 0.03093 0.04639
A8FMF7                         0.03608 0.01031 0.05670 0.05670 0.02577 0.04124 0.07216 0.05670 0.01031 0.06701 0.17526 0.09794 0.01031 0.06701 0.02062 0.09794 0.03608 0.00515 0.02577 0.03093
A7H2Q3                         0.03608 0.01546 0.06186 0.05670 0.02577 0.04124 0.07216 0.05670 0.00515 0.06701 0.17010 0.09278 0.01031 0.06701 0.02062 0.09794 0.03608 0.00515 0.02577 0.03608
Q4HSC5                         0.05670 0.02062 0.06701 0.04639 0.03093 0.00000 0.09278 0.06186 0.01031 0.06186 0.15979 0.10825 0.02577 0.07216 0.02062 0.07732 0.01546 0.00000 0.02577 0.04639
Q4HGP8                         0.02577 0.01546 0.06186 0.04124 0.03093 0.03093 0.08763 0.05670 0.01546 0.07732 0.15464 0.08247 0.01031 0.07732 0.02577 0.08247 0.05155 0.00515 0.02062 0.04639
B9KCU2                         0.04639 0.00515 0.04639 0.06701 0.02062 0.04124 0.06186 0.07732 0.01031 0.08763 0.13402 0.09794 0.01031 0.07732 0.02062 0.08247 0.04639 0.00000 0.02577 0.04124
O25984                         0.07216 0.02062 0.05670 0.04639 0.01546 0.03093 0.08247 0.07216 0.02062 0.06186 0.14433 0.09278 0.01031 0.06701 0.01546 0.07732 0.04124 0.00515 0.03093 0.03608
A2C1Z6                         0.04639 0.02577 0.05670 0.06701 0.01546 0.03608 0.06186 0.07732 0.00515 0.09794 0.13918 0.10825 0.02062 0.03093 0.03608 0.09278 0.02577 0.01031 0.00515 0.04124
Q46L57                         0.05155 0.02577 0.06186 0.06186 0.01546 0.03608 0.06186 0.07732 0.00515 0.09794 0.13918 0.10825 0.02577 0.03093 0.03608 0.08763 0.02062 0.01031 0.00515 0.04124
B5W4A6                         0.11340 0.04639 0.03608 0.05155 0.00515 0.03608 0.04639 0.08763 0.01546 0.08763 0.13402 0.02062 0.03093 0.02062 0.05155 0.07216 0.05155 0.01031 0.01546 0.06701
Q7NPF3                         0.12887 0.05670 0.02062 0.04124 0.01031 0.04639 0.04639 0.08247 0.02577 0.03093 0.15979 0.01546 0.02062 0.01546 0.05670 0.06186 0.05155 0.01031 0.01031 0.10825
B1XK39                         0.08247 0.04124 0.03093 0.05155 0.02062 0.04639 0.05155 0.10309 0.02062 0.07216 0.13402 0.02062 0.03093 0.02062 0.05670 0.04639 0.05670 0.01031 0.02577 0.07732
A2BWR1                         0.06186 0.01031 0.09278 0.07216 0.01546 0.01546 0.05670 0.08247 0.00515 0.12371 0.11340 0.09794 0.02062 0.05155 0.02062 0.07216 0.02577 0.00515 0.03093 0.02577
A2BR01                         0.06701 0.02062 0.09278 0.05670 0.02062 0.02577 0.06701 0.08247 0.00515 0.08763 0.15464 0.06701 0.01546 0.04124 0.02062 0.07732 0.03608 0.00515 0.02062 0.03608
Q31B18                         0.06186 0.02062 0.09794 0.05155 0.02062 0.02577 0.06701 0.08763 0.00515 0.08247 0.15464 0.06701 0.01546 0.04124 0.02062 0.08763 0.02577 0.00515 0.02062 0.04124
Q2JLP6                         0.13918 0.04639 0.01546 0.02577 0.01031 0.05670 0.06186 0.10825 0.03093 0.05155 0.16495 0.02577 0.01546 0.01031 0.04124 0.05670 0.03608 0.01546 0.02062 0.06701
P72663                         0.11856 0.04639 0.02577 0.05670 0.01546 0.04639 0.03608 0.09794 0.03093 0.06701 0.14433 0.02062 0.02577 0.01546 0.05155 0.05670 0.05670 0.01031 0.01031 0.06701
Q7U7D2                         0.11856 0.07216 0.02062 0.05155 0.02062 0.05155 0.05155 0.09278 0.01546 0.03093 0.15464 0.01031 0.02062 0.03608 0.06186 0.08247 0.02577 0.01546 0.00515 0.06186
A3PCS4                         0.06186 0.02062 0.10309 0.05155 0.02062 0.02062 0.06186 0.08763 0.01031 0.08763 0.15464 0.06701 0.01546 0.04639 0.02062 0.07732 0.03093 0.00515 0.02062 0.03608
Q7V1E2                         0.06186 0.01546 0.08247 0.05670 0.01546 0.01546 0.05670 0.08247 0.00515 0.11856 0.11340 0.10309 0.02062 0.05155 0.02062 0.07732 0.02577 0.00515 0.03608 0.03608
Q8DLJ1                         0.11856 0.04639 0.03093 0.03608 0.01546 0.07216 0.04639 0.09278 0.01546 0.04124 0.18557 0.03608 0.02577 0.01546 0.04639 0.03093 0.04124 0.01031 0.02577 0.06701
C7QMB6                         0.07216 0.04124 0.02577 0.05670 0.01546 0.04639 0.06701 0.10309 0.02577 0.05155 0.15464 0.03608 0.02577 0.01546 0.05670 0.04124 0.05670 0.01031 0.02577 0.07216
B7K0T8                         0.07216 0.04124 0.02577 0.05670 0.01546 0.04639 0.06701 0.10309 0.02577 0.05155 0.15464 0.03608 0.02577 0.01546 0.05670 0.04124 0.05670 0.01031 0.02577 0.07216
B9YR33                         0.10825 0.03608 0.02577 0.03608 0.01031 0.04124 0.05670 0.08763 0.02062 0.07216 0.14433 0.03608 0.02577 0.01031 0.04639 0.07216 0.05155 0.01031 0.03093 0.07732
Q5N2S7                         0.09794 0.06701 0.01031 0.04124 0.01546 0.06701 0.06186 0.11856 0.01546 0.04639 0.15464 0.01546 0.02062 0.04124 0.05670 0.06701 0.03093 0.00515 0.01031 0.05670
Q31RH7                         0.09794 0.06701 0.01031 0.04124 0.01546 0.06701 0.06186 0.11856 0.01546 0.04639 0.15464 0.01546 0.02062 0.04124 0.05670 0.06701 0.03093 0.00515 0.01031 0.05670
Q2JQU4                         0.12887 0.06186 0.01546 0.02577 0.01031 0.06701 0.05670 0.10825 0.02577 0.05155 0.17526 0.01546 0.01546 0.01031 0.04124 0.05155 0.03608 0.01546 0.01546 0.07216
A0YKB4                         0.12371 0.03608 0.01546 0.05155 0.01031 0.05155 0.05155 0.09278 0.02062 0.06701 0.14433 0.03608 0.02577 0.01546 0.04639 0.05670 0.05155 0.01031 0.02062 0.07216
Q4BZL7                         0.07216 0.03093 0.04124 0.05155 0.01546 0.05670 0.05155 0.09794 0.02062 0.06701 0.13918 0.04124 0.02062 0.01546 0.04124 0.05670 0.06701 0.01031 0.02577 0.07732
Q3AKD9                         0.12371 0.06186 0.02062 0.07216 0.02577 0.04124 0.04124 0.09794 0.01546 0.02577 0.15979 0.01546 0.02577 0.03093 0.05155 0.08247 0.03093 0.01546 0.00515 0.05670
Q3M3F2                         0.08247 0.03608 0.02577 0.03608 0.01546 0.03093 0.06701 0.09278 0.03608 0.06701 0.13918 0.04124 0.02062 0.01031 0.04639 0.07732 0.04639 0.01031 0.02577 0.09278
B7K961                         0.08763 0.05155 0.02062 0.04639 0.01546 0.05155 0.04639 0.09794 0.02062 0.06701 0.14433 0.02577 0.02577 0.01546 0.05670 0.05155 0.06186 0.01031 0.03608 0.06701
Q10VR1                         0.09278 0.04639 0.03093 0.03093 0.01031 0.01546 0.06701 0.09278 0.02577 0.07216 0.14433 0.04124 0.04124 0.01031 0.04639 0.08247 0.04639 0.01031 0.03093 0.06186
Q8YS61                         0.07732 0.04124 0.02577 0.03608 0.01546 0.02577 0.06701 0.09278 0.04639 0.06186 0.13918 0.03093 0.02062 0.01031 0.04639 0.08247 0.04639 0.01031 0.02577 0.09794
A8G4P2                         0.06186 0.02062 0.09278 0.05670 0.02062 0.02577 0.05670 0.08247 0.00515 0.09278 0.14433 0.06701 0.01546 0.05155 0.02062 0.08247 0.04124 0.00515 0.01546 0.04124
A9B9Y1                         0.09278 0.04124 0.04124 0.05155 0.02062 0.02577 0.06186 0.09278 0.00515 0.06701 0.13402 0.05155 0.02062 0.03608 0.05670 0.09278 0.02062 0.01546 0.01031 0.06186
B0JNB0                         0.08763 0.05155 0.01546 0.04124 0.02577 0.02577 0.05670 0.08247 0.03093 0.06701 0.13918 0.02577 0.02577 0.03608 0.05670 0.05155 0.07216 0.01031 0.01546 0.08247
A0ZGT0                         0.12887 0.04124 0.03093 0.03093 0.01031 0.03093 0.05670 0.08247 0.01546 0.07216 0.13918 0.05670 0.02062 0.01031 0.04639 0.06186 0.05155 0.01031 0.02577 0.07732
A5GTK8                         0.13918 0.04639 0.03608 0.04639 0.01546 0.05155 0.04124 0.09278 0.01546 0.02577 0.19588 0.02062 0.01546 0.02062 0.04639 0.08247 0.02577 0.01031 0.01546 0.05670
B0CC88                         0.10825 0.03608 0.01546 0.05155 0.01031 0.04639 0.05670 0.10309 0.02577 0.05155 0.14948 0.04124 0.03093 0.02062 0.05670 0.04639 0.04124 0.01031 0.02577 0.07216
B2J0A5                         0.09278 0.05155 0.02062 0.03608 0.01031 0.04124 0.05670 0.10309 0.02577 0.05670 0.13402 0.03608 0.02062 0.01546 0.05155 0.06701 0.05155 0.01031 0.02577 0.09278
Q7VCH6                         0.06701 0.02577 0.04124 0.04639 0.02062 0.03608 0.06701 0.10309 0.01031 0.07216 0.13402 0.06186 0.02062 0.05155 0.05670 0.07732 0.03608 0.01546 0.00515 0.05155
B7LSI2                         0.08763 0.05670 0.03608 0.05670 0.02062 0.02062 0.05670 0.10309 0.01546 0.05670 0.13402 0.02577 0.01546 0.04639 0.04124 0.05155 0.06186 0.01031 0.02062 0.08247
B7MTZ2                         0.08763 0.05670 0.03093 0.05670 0.02062 0.02062 0.05670 0.10309 0.02062 0.05670 0.12887 0.02577 0.02062 0.04639 0.04124 0.05155 0.06186 0.01031 0.02062 0.08247
P62615                         0.08763 0.05670 0.03093 0.05670 0.02062 0.02062 0.05670 0.10309 0.02062 0.05670 0.12887 0.02577 0.02062 0.04639 0.04124 0.05155 0.06186 0.01031 0.02062 0.08247
B4B2K9                         0.09794 0.03608 0.03093 0.05155 0.02062 0.06186 0.05155 0.09278 0.01546 0.06186 0.16495 0.02577 0.02062 0.01031 0.04124 0.05155 0.06186 0.01031 0.02577 0.06701
B8HU41                         0.07732 0.04124 0.02062 0.04124 0.01031 0.08247 0.04124 0.09794 0.03093 0.03608 0.18041 0.02577 0.02577 0.01031 0.05670 0.05670 0.04124 0.01546 0.03093 0.07732
A3YZU8                         0.10309 0.06186 0.02062 0.04124 0.01546 0.05670 0.05670 0.12371 0.01546 0.03093 0.18041 0.01031 0.02062 0.02577 0.06701 0.06186 0.02577 0.01031 0.00515 0.06701
Q7V7W1                         0.09278 0.06186 0.03608 0.04124 0.02062 0.05155 0.05670 0.11340 0.01546 0.03093 0.15464 0.01546 0.02577 0.04124 0.04124 0.09794 0.02062 0.01546 0.00515 0.06186
A2CA52                         0.10309 0.05155 0.03608 0.04124 0.02062 0.05670 0.05155 0.11340 0.02062 0.03093 0.15464 0.01546 0.02577 0.04639 0.04124 0.08763 0.02062 0.01546 0.00515 0.06186
A3IMJ9                         0.07216 0.03608 0.03093 0.05155 0.01546 0.07732 0.05155 0.09278 0.02062 0.07732 0.13918 0.03093 0.02062 0.01546 0.05155 0.04639 0.05670 0.01031 0.02577 0.07732
Q066I6                         0.12371 0.04124 0.02062 0.04639 0.02577 0.05155 0.04124 0.09278 0.01031 0.02062 0.16495 0.01546 0.03608 0.03093 0.06186 0.08247 0.03608 0.01546 0.01031 0.07216
A5GLH6                         0.10825 0.06701 0.02062 0.05670 0.03093 0.03608 0.06186 0.08763 0.02577 0.02577 0.16495 0.01546 0.02577 0.03093 0.06186 0.08247 0.02062 0.01546 0.00515 0.05670
B1WVT0                         0.06186 0.03608 0.03093 0.05155 0.01546 0.07732 0.05155 0.09794 0.01546 0.08247 0.13918 0.03608 0.02062 0.01546 0.05155 0.05670 0.05670 0.01031 0.02577 0.06701
Q3AXF4                         0.12371 0.04639 0.02577 0.04639 0.02062 0.05155 0.05155 0.09278 0.00515 0.02062 0.16495 0.01546 0.03093 0.03093 0.05155 0.07732 0.03608 0.01546 0.01546 0.07732
A3Z7B7                         0.12371 0.06701 0.02062 0.05155 0.02577 0.04639 0.05155 0.09794 0.01546 0.02062 0.17010 0.01546 0.02577 0.02577 0.07216 0.06186 0.03093 0.01546 0.00515 0.05670
A4CU85                         0.09278 0.07732 0.02577 0.05155 0.02577 0.02062 0.06701 0.10309 0.01546 0.02062 0.16495 0.02062 0.03093 0.02577 0.06701 0.07732 0.02577 0.01546 0.00515 0.06701
Q0I9S4                         0.11856 0.05155 0.03608 0.05155 0.03608 0.06186 0.03608 0.09794 0.03093 0.03093 0.14948 0.01031 0.03093 0.03093 0.05155 0.07216 0.02577 0.01546 0.00515 0.05670
Q05TI3                         0.12371 0.04124 0.03093 0.05155 0.03093 0.03608 0.05670 0.10309 0.01546 0.04639 0.14433 0.02062 0.02577 0.02577 0.05670 0.07732 0.03093 0.01546 0.00515 0.06186

Homogeneity statistic: X2 = 8.36301 G = 8.50435 

Average                        0.08771 0.04084 0.03854 0.04814 0.01745 0.04005 0.06059 0.09167 0.01792 0.06019 0.14552 0.04489 0.02149 0.03592 0.04433 0.07026 0.04076 0.00936 0.02117 0.06320

# constant sites:     14 (7.22%)
ln Lmax (unconstrained) = -1009.827632

AA distances (raw proportions of different sites)

A8EWH7         
Q30TG0           0.4485
A6Q523           0.5258  0.4742
D1B3H5           0.4897  0.4381  0.5206
B9L8F3           0.5155  0.4691  0.5361  0.5103
A6Q782           0.5206  0.5052  0.5103  0.5000  0.5000
Q7MS13           0.5206  0.4691  0.5103  0.5103  0.5361  0.5206
A8FMF7           0.6134  0.5464  0.5825  0.5567  0.5619  0.6082  0.5619
A7H2Q3           0.6186  0.5464  0.5876  0.5567  0.5619  0.6134  0.5670  0.0155
Q4HSC5           0.5722  0.5258  0.5464  0.5361  0.5567  0.5722  0.5722  0.3351  0.3351
Q4HGP8           0.6082  0.5619  0.5619  0.5515  0.5309  0.5928  0.5928  0.2423  0.2474  0.3196
B9KCU2           0.6134  0.5619  0.5619  0.5670  0.5928  0.6392  0.5979  0.4072  0.4072  0.3763  0.4124
O25984           0.5928  0.5773  0.6082  0.5619  0.6237  0.5773  0.6186  0.6340  0.6340  0.6134  0.6340  0.6495
A2C1Z6           0.6598  0.6804  0.6649  0.6907  0.6546  0.6959  0.6959  0.6546  0.6598  0.6753  0.6804  0.6856  0.7113
Q46L57           0.6649  0.6856  0.6753  0.6907  0.6649  0.7010  0.6907  0.6546  0.6598  0.6753  0.6856  0.6856  0.7113  0.0309
B5W4A6           0.6856  0.6804  0.6495  0.7113  0.6804  0.6753  0.6546  0.7165  0.7268  0.7062  0.7268  0.7526  0.7165  0.5258  0.5206
Q7NPF3           0.7268  0.7010  0.7062  0.6907  0.6959  0.6598  0.6856  0.7165  0.7268  0.7165  0.7320  0.7371  0.7216  0.5567  0.5567  0.3866
B1XK39           0.6907  0.6907  0.7010  0.7062  0.6753  0.6959  0.6959  0.7010  0.7062  0.7010  0.7216  0.7526  0.7113  0.4794  0.4794  0.3093  0.3866
A2BWR1           0.6649  0.6907  0.6753  0.6856  0.6907  0.6856  0.6701  0.6701  0.6753  0.6392  0.6856  0.6959  0.7010  0.4330  0.4381  0.5619  0.6340  0.5619
A2BR01           0.6856  0.6959  0.6649  0.6856  0.6856  0.6959  0.6907  0.6649  0.6753  0.6598  0.6701  0.7062  0.7165  0.4175  0.4227  0.5515  0.5722  0.5309  0.2474
Q31B18           0.6856  0.6959  0.6753  0.6804  0.6907  0.7062  0.6959  0.6753  0.6856  0.6649  0.6856  0.7113  0.7165  0.4124  0.4175  0.5464  0.5773  0.5361  0.2629  0.0412
Q2JLP6           0.7371  0.6907  0.7113  0.6856  0.7010  0.6959  0.6856  0.7010  0.7113  0.7010  0.7320  0.7371  0.7113  0.5361  0.5361  0.4021  0.3918  0.3866  0.5825  0.5258  0.5309
P72663           0.7165  0.6959  0.7113  0.7165  0.7113  0.6959  0.7062  0.6907  0.6959  0.7165  0.7062  0.7526  0.7268  0.4897  0.4845  0.3660  0.3814  0.2680  0.5979  0.5567  0.5670  0.3918
Q7U7D2           0.7062  0.6856  0.6907  0.6753  0.6959  0.7010  0.6907  0.6804  0.6856  0.6959  0.6959  0.7113  0.7320  0.4021  0.4021  0.5052  0.4948  0.4485  0.5052  0.4433  0.4485  0.4742  0.4845
A3PCS4           0.6753  0.7010  0.6753  0.6753  0.6907  0.7010  0.6907  0.6598  0.6701  0.6546  0.6649  0.7062  0.7216  0.4124  0.4175  0.5567  0.5928  0.5361  0.2474  0.0567  0.0619  0.5309  0.5464  0.4433
Q7V1E2           0.6546  0.6856  0.6701  0.6959  0.6804  0.6959  0.6701  0.6753  0.6804  0.6392  0.6804  0.7062  0.6959  0.4278  0.4330  0.5412  0.6340  0.5464  0.1237  0.2732  0.2784  0.5773  0.5825  0.4845  0.2629
Q8DLJ1           0.7062  0.6753  0.6804  0.6804  0.7010  0.6701  0.6546  0.6907  0.6959  0.6907  0.6959  0.7268  0.7320  0.5309  0.5361  0.3814  0.4072  0.3866  0.5825  0.5412  0.5464  0.3918  0.4175  0.5052  0.5412  0.5567
C7QMB6           0.7062  0.6753  0.6753  0.6804  0.6753  0.6907  0.6753  0.6856  0.6907  0.6701  0.7113  0.7216  0.7062  0.5412  0.5361  0.3402  0.3866  0.2887  0.5722  0.5670  0.5722  0.3918  0.2732  0.5052  0.5619  0.5619  0.3711
B7K0T8           0.7062  0.6753  0.6753  0.6804  0.6753  0.6907  0.6753  0.6856  0.6907  0.6701  0.7113  0.7216  0.7062  0.5412  0.5361  0.3402  0.3866  0.2887  0.5722  0.5670  0.5722  0.3918  0.2732  0.5052  0.5619  0.5619  0.3711  0.0000
B9YR33           0.7113  0.6959  0.6753  0.7010  0.6907  0.7113  0.6959  0.7165  0.7113  0.7010  0.7268  0.7268  0.7371  0.5309  0.5258  0.3093  0.3814  0.3247  0.5722  0.5567  0.5670  0.4227  0.3299  0.5052  0.5619  0.5619  0.4021  0.2887  0.2887
Q5N2S7           0.7113  0.6804  0.7113  0.6907  0.7010  0.7113  0.6701  0.6959  0.6959  0.6907  0.7165  0.7216  0.7371  0.5052  0.5000  0.4485  0.4381  0.3763  0.5979  0.5515  0.5515  0.4072  0.3814  0.4072  0.5567  0.5825  0.4021  0.3866  0.3866  0.4330
Q31RH7           0.7113  0.6804  0.7113  0.6907  0.7010  0.7113  0.6701  0.6959  0.6959  0.6907  0.7165  0.7216  0.7371  0.5052  0.5000  0.4485  0.4381  0.3763  0.5979  0.5515  0.5515  0.4072  0.3814  0.4072  0.5567  0.5825  0.4021  0.3866  0.3866  0.4330  0.0000
Q2JQU4           0.7371  0.7062  0.7113  0.7062  0.6959  0.6907  0.6856  0.7062  0.7062  0.6959  0.7268  0.7474  0.7165  0.5464  0.5464  0.4278  0.3969  0.4021  0.5722  0.5412  0.5464  0.1237  0.4021  0.4794  0.5464  0.5670  0.4227  0.4072  0.4072  0.4227  0.4227  0.4227
A0YKB4           0.7165  0.6804  0.6753  0.7268  0.7010  0.7062  0.6959  0.7371  0.7423  0.7268  0.7320  0.7526  0.7474  0.5155  0.5052  0.2423  0.3557  0.3351  0.5876  0.5567  0.5619  0.3763  0.3093  0.5206  0.5619  0.5722  0.3557  0.2887  0.2887  0.2784  0.4278  0.4278  0.3763
Q4BZL7           0.7010  0.6907  0.7113  0.7010  0.6959  0.6959  0.7010  0.6907  0.6959  0.6907  0.7113  0.7268  0.7320  0.5412  0.5361  0.3557  0.4021  0.2732  0.5567  0.5515  0.5515  0.4021  0.3299  0.5052  0.5515  0.5464  0.4072  0.1907  0.1907  0.3351  0.4175  0.4175  0.4175  0.3093
Q3AKD9           0.7113  0.6907  0.7113  0.6907  0.7062  0.7010  0.7010  0.6753  0.6804  0.6959  0.6907  0.7113  0.7320  0.4021  0.4124  0.5361  0.5258  0.4794  0.4897  0.4381  0.4485  0.4691  0.4948  0.1649  0.4485  0.4794  0.5206  0.5258  0.5258  0.5309  0.3814  0.3814  0.4794  0.5258  0.5000
Q3M3F2           0.7010  0.6856  0.6804  0.6907  0.6804  0.6959  0.6701  0.7165  0.7216  0.7062  0.7165  0.7216  0.7423  0.5309  0.5258  0.3402  0.3866  0.2990  0.5619  0.5412  0.5515  0.4278  0.3247  0.5103  0.5464  0.5670  0.3866  0.2474  0.2474  0.1959  0.4330  0.4330  0.4330  0.2732  0.2938  0.5258
B7K961           0.7010  0.7010  0.6856  0.6753  0.7113  0.6753  0.6804  0.6959  0.7010  0.6753  0.7062  0.7268  0.7113  0.5361  0.5309  0.3093  0.3660  0.2629  0.5722  0.5567  0.5619  0.3969  0.3144  0.4948  0.5670  0.5619  0.3608  0.2010  0.2010  0.2887  0.3814  0.3814  0.3969  0.3041  0.2423  0.5103  0.2784
Q10VR1           0.6959  0.6907  0.6804  0.7165  0.6546  0.7062  0.6649  0.7320  0.7423  0.7113  0.7216  0.7577  0.7423  0.5619  0.5515  0.2680  0.4021  0.3402  0.5619  0.5619  0.5773  0.4072  0.3814  0.5309  0.5619  0.5464  0.4072  0.3144  0.3144  0.2990  0.4588  0.4588  0.4278  0.2320  0.3144  0.5567  0.2990  0.3299
Q8YS61           0.7010  0.6856  0.6753  0.6907  0.6804  0.7010  0.6649  0.7165  0.7216  0.7062  0.7165  0.7216  0.7423  0.5361  0.5309  0.3454  0.3969  0.3041  0.5619  0.5412  0.5515  0.4227  0.3402  0.5052  0.5412  0.5619  0.3918  0.2526  0.2526  0.2010  0.4330  0.4330  0.4330  0.2938  0.3041  0.5206  0.0412  0.2835  0.3093
A8G4P2           0.6856  0.7010  0.6649  0.6907  0.6804  0.7062  0.6856  0.6701  0.6804  0.6701  0.6804  0.7062  0.7320  0.4278  0.4330  0.5670  0.5876  0.5515  0.2732  0.0825  0.0876  0.5361  0.5722  0.4536  0.0979  0.2887  0.5464  0.5825  0.5825  0.5670  0.5515  0.5515  0.5515  0.5876  0.5773  0.4639  0.5670  0.5825  0.5876  0.5619
A9B9Y1           0.6907  0.6856  0.6495  0.7062  0.6701  0.6959  0.6804  0.6804  0.6856  0.6959  0.6804  0.7268  0.7320  0.3608  0.3557  0.5155  0.5515  0.4794  0.4691  0.4381  0.4330  0.5052  0.4948  0.3041  0.4381  0.4588  0.5155  0.5309  0.5309  0.5052  0.4588  0.4588  0.5155  0.5206  0.5206  0.3041  0.5155  0.5258  0.5361  0.5103  0.4278
B0JNB0           0.7268  0.7165  0.7165  0.7216  0.7113  0.6959  0.7165  0.7165  0.7268  0.7320  0.7320  0.7732  0.7474  0.5412  0.5464  0.3608  0.4227  0.2990  0.6031  0.5670  0.5773  0.4227  0.3144  0.5103  0.5619  0.5876  0.3866  0.2990  0.2990  0.3608  0.3866  0.3866  0.4381  0.3763  0.3402  0.5206  0.3557  0.2835  0.3763  0.3660  0.5722  0.5515
A0ZGT0           0.7010  0.7320  0.6959  0.7268  0.7113  0.7165  0.6907  0.7423  0.7474  0.7268  0.7371  0.7526  0.7629  0.5412  0.5361  0.3299  0.3711  0.3351  0.5670  0.5361  0.5464  0.4124  0.3196  0.5258  0.5412  0.5722  0.4124  0.2835  0.2835  0.1856  0.4485  0.4485  0.3969  0.2474  0.3144  0.5412  0.1701  0.3041  0.2938  0.1907  0.5567  0.5464  0.3608
A5GTK8           0.7268  0.6753  0.6701  0.6753  0.7010  0.6907  0.6804  0.6392  0.6392  0.6804  0.6649  0.7062  0.7165  0.4897  0.4897  0.5464  0.5361  0.5000  0.5155  0.4588  0.4639  0.4948  0.5361  0.3814  0.4691  0.5052  0.5206  0.5619  0.5619  0.5515  0.4794  0.4794  0.5052  0.5773  0.5464  0.3557  0.5670  0.5464  0.5773  0.5670  0.4794  0.4072  0.5464  0.5876
B0CC88           0.7216  0.6907  0.6907  0.6959  0.6856  0.7113  0.6959  0.7113  0.7165  0.6959  0.7165  0.7165  0.7526  0.5206  0.5206  0.3505  0.3814  0.3247  0.5773  0.5361  0.5464  0.4021  0.3454  0.4588  0.5464  0.5619  0.3196  0.3299  0.3299  0.3505  0.3608  0.3608  0.3918  0.2990  0.3454  0.4639  0.3505  0.3196  0.3763  0.3557  0.5515  0.4897  0.3454  0.3454  0.5103
B2J0A5           0.7010  0.7010  0.6856  0.7062  0.6959  0.6959  0.6753  0.7371  0.7371  0.7216  0.7320  0.7423  0.7577  0.5258  0.5206  0.3041  0.3711  0.3247  0.5670  0.5567  0.5567  0.4227  0.3144  0.5155  0.5515  0.5567  0.3763  0.2423  0.2423  0.1753  0.4175  0.4175  0.4124  0.2474  0.2990  0.5309  0.1546  0.2732  0.2887  0.1495  0.5722  0.5258  0.3608  0.1289  0.5722  0.3454
Q7VCH6           0.6907  0.6649  0.6546  0.6701  0.6598  0.6804  0.6804  0.6959  0.7010  0.6701  0.6546  0.7010  0.7165  0.4072  0.3969  0.5155  0.5412  0.4897  0.4639  0.4536  0.4588  0.5052  0.5000  0.3505  0.4588  0.4536  0.5412  0.5103  0.5103  0.5155  0.4794  0.4794  0.5258  0.5361  0.5155  0.3351  0.5052  0.5258  0.5464  0.5052  0.4381  0.3041  0.5567  0.5412  0.4588  0.5000  0.5052
B7LSI2           0.6907  0.6856  0.7216  0.6804  0.7010  0.6856  0.6701  0.7113  0.7216  0.7216  0.7113  0.7423  0.7474  0.6495  0.6443  0.6289  0.6546  0.6340  0.6186  0.6082  0.6237  0.6701  0.6392  0.6289  0.6082  0.6031  0.6134  0.6392  0.6392  0.6340  0.6753  0.6753  0.6701  0.6443  0.6392  0.6186  0.6340  0.6186  0.6289  0.6340  0.6289  0.6340  0.6546  0.6495  0.6495  0.6392  0.6237  0.6289
B7MTZ2           0.6907  0.6856  0.7216  0.6856  0.7010  0.6907  0.6701  0.7165  0.7268  0.7268  0.7165  0.7423  0.7423  0.6546  0.6495  0.6340  0.6598  0.6392  0.6237  0.6186  0.6289  0.6753  0.6443  0.6289  0.6134  0.6082  0.6186  0.6443  0.6443  0.6392  0.6753  0.6753  0.6753  0.6495  0.6443  0.6134  0.6392  0.6237  0.6340  0.6392  0.6340  0.6289  0.6598  0.6546  0.6546  0.6392  0.6289  0.6340  0.0103
P62615           0.6907  0.6856  0.7216  0.6856  0.7010  0.6907  0.6701  0.7165  0.7268  0.7268  0.7165  0.7423  0.7423  0.6546  0.6495  0.6340  0.6598  0.6392  0.6237  0.6186  0.6289  0.6753  0.6443  0.6289  0.6134  0.6082  0.6186  0.6443  0.6443  0.6392  0.6753  0.6753  0.6753  0.6495  0.6443  0.6134  0.6392  0.6237  0.6340  0.6392  0.6340  0.6289  0.6598  0.6546  0.6546  0.6392  0.6289  0.6340  0.0103  0.0000
B4B2K9           0.7165  0.7113  0.7010  0.6959  0.7216  0.6959  0.7113  0.6907  0.6959  0.6753  0.7113  0.7268  0.7216  0.5309  0.5258  0.3299  0.3557  0.2887  0.5979  0.5670  0.5722  0.3969  0.3041  0.4948  0.5773  0.5825  0.3866  0.2113  0.2113  0.3093  0.4021  0.4021  0.3969  0.2887  0.2268  0.5206  0.2990  0.1340  0.3402  0.3196  0.5876  0.5258  0.3041  0.2990  0.5361  0.3454  0.2938  0.5464  0.6495  0.6546  0.6546
B8HU41           0.7371  0.6701  0.6907  0.6753  0.6598  0.6804  0.6701  0.6959  0.7010  0.6907  0.7062  0.7216  0.7268  0.5309  0.5258  0.3660  0.3711  0.3557  0.5979  0.5619  0.5619  0.4175  0.3711  0.5000  0.5619  0.5876  0.2990  0.2835  0.2835  0.3557  0.4227  0.4227  0.4381  0.3247  0.3505  0.5258  0.3093  0.3299  0.3454  0.3196  0.5722  0.5052  0.4072  0.3660  0.5464  0.3299  0.3196  0.5155  0.6289  0.6340  0.6340  0.3402
A3YZU8           0.7474  0.6959  0.6907  0.7010  0.6959  0.6856  0.6907  0.6856  0.6907  0.7165  0.7010  0.7268  0.7526  0.4536  0.4536  0.5258  0.4948  0.4691  0.4948  0.4433  0.4588  0.4691  0.5000  0.2938  0.4433  0.4845  0.4794  0.5258  0.5258  0.5309  0.4330  0.4330  0.4691  0.5258  0.5155  0.3041  0.5258  0.5155  0.5412  0.5258  0.4588  0.3711  0.5258  0.5567  0.3041  0.4742  0.5412  0.4278  0.6134  0.6186  0.6186  0.5309  0.4897
Q7V7W1           0.7216  0.6701  0.6907  0.7010  0.7010  0.7268  0.6804  0.6856  0.6907  0.6959  0.6907  0.7062  0.7423  0.3866  0.3814  0.5155  0.5206  0.4691  0.4948  0.4175  0.4175  0.4948  0.4794  0.2423  0.4227  0.4794  0.5103  0.5309  0.5309  0.5258  0.4175  0.4175  0.5000  0.5000  0.5155  0.2371  0.5206  0.5155  0.5361  0.5155  0.4278  0.2887  0.5464  0.5361  0.3557  0.4691  0.5155  0.3660  0.6340  0.6340  0.6340  0.5206  0.5103  0.3093
A2CA52           0.7268  0.6649  0.6907  0.7010  0.7062  0.7268  0.6753  0.6856  0.6907  0.6907  0.6907  0.7010  0.7423  0.3918  0.3866  0.5155  0.5206  0.4691  0.5000  0.4227  0.4227  0.4948  0.4794  0.2474  0.4278  0.4845  0.5155  0.5309  0.5309  0.5258  0.4175  0.4175  0.5103  0.5000  0.5103  0.2423  0.5206  0.5155  0.5361  0.5155  0.4330  0.2887  0.5464  0.5361  0.3557  0.4742  0.5155  0.3608  0.6392  0.6392  0.6392  0.5206  0.5103  0.3144  0.0258
A3IMJ9           0.7062  0.7062  0.7010  0.7113  0.6959  0.6959  0.6907  0.7113  0.7165  0.6959  0.7165  0.7268  0.7371  0.5412  0.5309  0.3351  0.3969  0.2629  0.5670  0.5773  0.5722  0.4175  0.3196  0.5103  0.5722  0.5567  0.3814  0.2062  0.2062  0.3299  0.4278  0.4278  0.4227  0.3093  0.1237  0.5309  0.2990  0.2371  0.3196  0.3041  0.5979  0.5258  0.3351  0.3144  0.5670  0.3608  0.2835  0.5052  0.6546  0.6598  0.6598  0.2320  0.3454  0.5206  0.5361  0.5361
Q066I6           0.7320  0.7062  0.7010  0.7062  0.7216  0.6907  0.7010  0.6753  0.6804  0.7113  0.7010  0.7216  0.7320  0.4072  0.4072  0.5155  0.5103  0.4639  0.5103  0.4485  0.4536  0.4330  0.4742  0.1959  0.4588  0.4948  0.4845  0.5206  0.5206  0.5258  0.3969  0.3969  0.4536  0.5206  0.5052  0.1701  0.5155  0.5155  0.5361  0.5103  0.4691  0.2990  0.5052  0.5361  0.3608  0.4691  0.5258  0.3660  0.6289  0.6237  0.6237  0.5103  0.4948  0.2990  0.2526  0.2526  0.5206
A5GLH6           0.7268  0.6753  0.6907  0.7062  0.6959  0.7062  0.6649  0.6649  0.6701  0.6856  0.6753  0.7216  0.7474  0.4175  0.4175  0.5258  0.5103  0.4691  0.4897  0.4330  0.4381  0.4794  0.4794  0.2526  0.4330  0.4691  0.5206  0.5309  0.5309  0.5155  0.4072  0.4072  0.4897  0.5206  0.5206  0.2423  0.5155  0.5206  0.5361  0.5103  0.4433  0.3041  0.5258  0.5309  0.3711  0.4742  0.5000  0.3557  0.5979  0.5979  0.5979  0.5155  0.5052  0.2887  0.2423  0.2474  0.5361  0.2526
B1WVT0           0.7010  0.7062  0.7010  0.7113  0.6907  0.7010  0.6907  0.7113  0.7165  0.7010  0.7165  0.7320  0.7371  0.5361  0.5258  0.3557  0.4021  0.2835  0.5515  0.5619  0.5619  0.4330  0.3351  0.5052  0.5619  0.5515  0.3969  0.2165  0.2165  0.3196  0.4278  0.4278  0.4330  0.3041  0.1134  0.5206  0.2887  0.2474  0.3144  0.2938  0.5876  0.5206  0.3505  0.3041  0.5619  0.3505  0.2835  0.5052  0.6392  0.6443  0.6443  0.2474  0.3454  0.5206  0.5155  0.5206  0.0567  0.5155  0.5206
Q3AXF4           0.7371  0.6959  0.7010  0.7113  0.7216  0.6856  0.6856  0.6701  0.6753  0.7010  0.6959  0.7165  0.7268  0.4124  0.4124  0.5206  0.5103  0.4639  0.5052  0.4433  0.4485  0.4485  0.4639  0.2062  0.4536  0.4897  0.5000  0.5258  0.5258  0.5206  0.3918  0.3918  0.4536  0.5206  0.5103  0.1804  0.5103  0.5206  0.5361  0.5052  0.4691  0.3093  0.5155  0.5206  0.3711  0.4742  0.5206  0.3711  0.6392  0.6340  0.6340  0.5206  0.4948  0.2887  0.2526  0.2526  0.5258  0.0567  0.2474  0.5206
A3Z7B7           0.7320  0.6856  0.6804  0.7010  0.7010  0.7113  0.6804  0.6753  0.6804  0.6804  0.6804  0.7113  0.7526  0.4175  0.4124  0.5155  0.4897  0.4588  0.5155  0.4433  0.4485  0.4691  0.4794  0.2113  0.4536  0.5000  0.5103  0.5155  0.5155  0.5000  0.3969  0.3969  0.4897  0.5000  0.5155  0.1959  0.4897  0.4948  0.5361  0.4845  0.4588  0.2784  0.5309  0.5206  0.3351  0.4485  0.5000  0.3505  0.6237  0.6186  0.6186  0.4897  0.4845  0.3299  0.2320  0.2371  0.5361  0.2268  0.2216  0.5258  0.2320
A4CU85           0.7371  0.6701  0.6959  0.7010  0.6907  0.7113  0.6856  0.6701  0.6753  0.6856  0.6701  0.7216  0.7629  0.4433  0.4433  0.5412  0.5103  0.4794  0.5155  0.4639  0.4639  0.4742  0.5000  0.2680  0.4639  0.5052  0.5206  0.5258  0.5258  0.5258  0.4072  0.4072  0.4897  0.5309  0.5206  0.2216  0.5206  0.5206  0.5515  0.5155  0.4845  0.3247  0.5258  0.5412  0.3557  0.4742  0.5155  0.3454  0.6082  0.6134  0.6134  0.5206  0.5103  0.3196  0.2835  0.2887  0.5361  0.2680  0.1392  0.5258  0.2784  0.2010
Q0I9S4           0.7474  0.7113  0.7165  0.7268  0.6959  0.7423  0.7010  0.6907  0.6959  0.7113  0.7062  0.7268  0.7526  0.4227  0.4175  0.5309  0.5206  0.4794  0.5000  0.4227  0.4278  0.4897  0.5052  0.2371  0.4278  0.4897  0.5155  0.5258  0.5258  0.5258  0.4381  0.4381  0.5052  0.5206  0.5258  0.2371  0.5258  0.5258  0.5464  0.5206  0.4381  0.3351  0.5567  0.5361  0.3505  0.4845  0.5258  0.3711  0.6289  0.6237  0.6237  0.5155  0.5000  0.3041  0.2577  0.2629  0.5412  0.2577  0.2577  0.5258  0.2629  0.1907  0.2784
Q05TI3           0.7423  0.6907  0.6959  0.7268  0.6959  0.7320  0.6907  0.6804  0.6856  0.6907  0.6856  0.7268  0.7526  0.4124  0.4072  0.5361  0.5309  0.4794  0.4948  0.4381  0.4433  0.4794  0.4845  0.2629  0.4433  0.4742  0.5258  0.5258  0.5258  0.5103  0.4278  0.4278  0.4948  0.5103  0.5309  0.2268  0.5103  0.5206  0.5464  0.5000  0.4485  0.2835  0.5412  0.5412  0.3402  0.4742  0.5206  0.3505  0.6082  0.6031  0.6031  0.5155  0.5052  0.3093  0.2629  0.2629  0.5361  0.2526  0.2268  0.5258  0.2577  0.1907  0.2423  0.2216


TREE #  1:  (8, 9, (11, (10, (12, (5, ((4, (1, 2)), ((7, ((49, (50, 51)), (53, (27, (46, ((17, (((31, 32), ((45, 54), ((((55, 56), (((14, 15), ((19, 26), (21, (41, (20, 25))))), (42, 48))), ((59, 63), (62, (64, 65)))), (24, (36, (58, 61)))))), (22, 33))), (((30, (47, (44, (37, 40)))), (39, (16, 34))), ((43, ((38, 52), ((28, 29), (35, (57, 60))))), (18, 23))))))))), (3, (6, 13)))))))));   MP score: 2413
lnL(ntime:127  np:128): -11792.323475      +0.000000
  66..8    66..9    66..67   67..11   67..68   68..10   68..69   69..12   69..70   70..5    70..71   71..72   72..4    72..73   73..1    73..2    71..74   74..75   75..7    75..76   76..77   77..49   77..78   78..50   78..51   76..79   79..53   79..80   80..27   80..81   81..46   81..82   82..83   83..17   83..84   84..85   85..86   86..31   86..32   85..87   87..88   88..45   88..54   87..89   89..90   90..91   91..92   92..55   92..56   91..93   93..94   94..95   95..14   95..15   94..96   96..97   97..19   97..26   96..98   98..21   98..99   99..41   99..100 100..20  100..25   93..101 101..42  101..48   90..102 102..103 103..59  103..63  102..104 104..62  104..105 105..64  105..65   89..106 106..24  106..107 107..36  107..108 108..58  108..61   84..109 109..22  109..33   82..110 110..111 111..112 112..30  112..113 113..47  113..114 114..44  114..115 115..37  115..40  111..116 116..39  116..117 117..16  117..34  110..118 118..119 119..43  119..120 120..121 121..38  121..52  120..122 122..123 123..28  123..29  122..124 124..35  124..125 125..57  125..60  118..126 126..18  126..23   74..127 127..3   127..128 128..6   128..13 
 0.005482 0.008512 0.168639 0.156456 0.146978 0.216424 0.157708 0.295172 0.534620 0.511742 0.171194 0.039631 0.517157 0.064241 0.473705 0.334241 0.079297 0.113067 0.489450 1.640210 1.350106 0.000004 0.009751 0.000004 0.000004 0.606248 0.171367 0.049036 0.250531 0.053315 0.211410 0.060123 0.045184 0.372265 0.088915 0.205995 0.205709 0.000004 0.000004 0.471505 0.197226 0.337431 0.195054 0.029642 0.034846 0.042008 0.133849 0.004819 0.020511 0.144545 0.232325 0.303885 0.015271 0.013631 0.442535 0.189740 0.054279 0.081352 0.076973 0.019344 0.000004 0.066514 0.000004 0.019421 0.039939 0.053395 0.134649 0.340355 0.055389 0.130049 0.098407 0.080883 0.040212 0.085177 0.018436 0.173942 0.177149 0.047678 0.111748 0.020060 0.080526 0.128257 0.018134 0.042038 0.346697 0.025953 0.110463 0.042285 0.098190 0.104808 0.102624 0.044837 0.045824 0.023746 0.083454 0.100176 0.010154 0.029699 0.070496 0.176356 0.008281 0.199827 0.107379 0.032287 0.046174 0.287467 0.033879 0.097815 0.073001 0.087155 0.029709 0.102546 0.000004 0.000004 0.090005 0.053109 0.054400 0.036118 0.021430 0.075359 0.183821 0.220727 0.090036 0.509279 0.231397 0.501968 1.187422 0.818970

tree length =  20.58340

(8: 0.005482, 9: 0.008512, (11: 0.156456, (10: 0.216424, (12: 0.295172, (5: 0.511742, ((4: 0.517157, (1: 0.473705, 2: 0.334241): 0.064241): 0.039631, ((7: 0.489450, ((49: 0.000004, (50: 0.000004, 51: 0.000004): 0.009751): 1.350106, (53: 0.171367, (27: 0.250531, (46: 0.211410, ((17: 0.372265, (((31: 0.000004, 32: 0.000004): 0.205709, ((45: 0.337431, 54: 0.195054): 0.197226, ((((55: 0.004819, 56: 0.020511): 0.133849, (((14: 0.015271, 15: 0.013631): 0.303885, ((19: 0.054279, 26: 0.081352): 0.189740, (21: 0.019344, (41: 0.066514, (20: 0.019421, 25: 0.039939): 0.000004): 0.000004): 0.076973): 0.442535): 0.232325, (42: 0.134649, 48: 0.340355): 0.053395): 0.144545): 0.042008, ((59: 0.098407, 63: 0.080883): 0.130049, (62: 0.085177, (64: 0.173942, 65: 0.177149): 0.018436): 0.040212): 0.055389): 0.034846, (24: 0.111748, (36: 0.080526, (58: 0.018134, 61: 0.042038): 0.128257): 0.020060): 0.047678): 0.029642): 0.471505): 0.205995, (22: 0.025953, 33: 0.110463): 0.346697): 0.088915): 0.045184, (((30: 0.102624, (47: 0.045824, (44: 0.083454, (37: 0.010154, 40: 0.029699): 0.100176): 0.023746): 0.044837): 0.104808, (39: 0.176356, (16: 0.199827, 34: 0.107379): 0.008281): 0.070496): 0.098190, ((43: 0.287467, ((38: 0.073001, 52: 0.087155): 0.097815, ((28: 0.000004, 29: 0.000004): 0.102546, (35: 0.053109, (57: 0.036118, 60: 0.021430): 0.054400): 0.090005): 0.029709): 0.033879): 0.046174, (18: 0.183821, 23: 0.220727): 0.075359): 0.032287): 0.042285): 0.060123): 0.053315): 0.049036): 0.606248): 1.640210): 0.113067, (3: 0.509279, (6: 0.501968, 13: 1.187422): 0.231397): 0.090036): 0.079297): 0.171194): 0.534620): 0.157708): 0.146978): 0.168639);

(A8FMF7: 0.005482, A7H2Q3: 0.008512, (Q4HGP8: 0.156456, (Q4HSC5: 0.216424, (B9KCU2: 0.295172, (B9L8F3: 0.511742, ((D1B3H5: 0.517157, (A8EWH7: 0.473705, Q30TG0: 0.334241): 0.064241): 0.039631, ((Q7MS13: 0.489450, ((B7LSI2: 0.000004, (B7MTZ2: 0.000004, P62615: 0.000004): 0.009751): 1.350106, (B8HU41: 0.171367, (Q8DLJ1: 0.250531, (B0CC88: 0.211410, ((Q7NPF3: 0.372265, (((Q5N2S7: 0.000004, Q31RH7: 0.000004): 0.205709, ((A5GTK8: 0.337431, A3YZU8: 0.195054): 0.197226, ((((Q7V7W1: 0.004819, A2CA52: 0.020511): 0.133849, (((A2C1Z6: 0.015271, Q46L57: 0.013631): 0.303885, ((A2BWR1: 0.054279, Q7V1E2: 0.081352): 0.189740, (Q31B18: 0.019344, (A8G4P2: 0.066514, (A2BR01: 0.019421, A3PCS4: 0.039939): 0.000004): 0.000004): 0.076973): 0.442535): 0.232325, (A9B9Y1: 0.134649, Q7VCH6: 0.340355): 0.053395): 0.144545): 0.042008, ((A5GLH6: 0.098407, A4CU85: 0.080883): 0.130049, (A3Z7B7: 0.085177, (Q0I9S4: 0.173942, Q05TI3: 0.177149): 0.018436): 0.040212): 0.055389): 0.034846, (Q7U7D2: 0.111748, (Q3AKD9: 0.080526, (Q066I6: 0.018134, Q3AXF4: 0.042038): 0.128257): 0.020060): 0.047678): 0.029642): 0.471505): 0.205995, (Q2JLP6: 0.025953, Q2JQU4: 0.110463): 0.346697): 0.088915): 0.045184, (((B9YR33: 0.102624, (B2J0A5: 0.045824, (A0ZGT0: 0.083454, (Q3M3F2: 0.010154, Q8YS61: 0.029699): 0.100176): 0.023746): 0.044837): 0.104808, (Q10VR1: 0.176356, (B5W4A6: 0.199827, A0YKB4: 0.107379): 0.008281): 0.070496): 0.098190, ((B0JNB0: 0.287467, ((B7K961: 0.073001, B4B2K9: 0.087155): 0.097815, ((C7QMB6: 0.000004, B7K0T8: 0.000004): 0.102546, (Q4BZL7: 0.053109, (A3IMJ9: 0.036118, B1WVT0: 0.021430): 0.054400): 0.090005): 0.029709): 0.033879): 0.046174, (B1XK39: 0.183821, P72663: 0.220727): 0.075359): 0.032287): 0.042285): 0.060123): 0.053315): 0.049036): 0.606248): 1.640210): 0.113067, (A6Q523: 0.509279, (A6Q782: 0.501968, O25984: 1.187422): 0.231397): 0.090036): 0.079297): 0.171194): 0.534620): 0.157708): 0.146978): 0.168639);

Detailed output identifying parameters

alpha (gamma, K = 4) =  0.81897
rate:   0.09959  0.41466  0.96208  2.52368
freq:   0.25000  0.25000  0.25000  0.25000

Time used: 24:07
