AAML (in paml version 4.6, August 2012)  229.aa
Model: Empirical for branches,  (../../../bin/LG.dat) dGamma (ncatG=4) ns =  65  ls = 329


Frequencies..
                                    A      R      N      D      C      Q      E      G      H      I      L      K      M      F      P      S      T      W      Y      V
A8ERD1                         0.06079 0.03951 0.06687 0.06687 0.01520 0.03343 0.05775 0.06991 0.02736 0.06687 0.08511 0.06991 0.03647 0.06687 0.03647 0.06079 0.06383 0.00912 0.03951 0.02736
D1B2G8                         0.06687 0.04559 0.03951 0.06079 0.01520 0.02128 0.06079 0.07295 0.03647 0.05775 0.09119 0.06687 0.03951 0.07295 0.03647 0.06383 0.06079 0.00304 0.03951 0.04863
Q30S46                         0.07903 0.05471 0.03951 0.06687 0.01520 0.01520 0.07903 0.07295 0.02736 0.06991 0.09119 0.06079 0.03647 0.05775 0.03040 0.05471 0.06383 0.00304 0.04559 0.03647
A6Q906                         0.06383 0.05775 0.03951 0.06991 0.01520 0.02432 0.06687 0.07599 0.02128 0.06991 0.07599 0.05775 0.03647 0.05471 0.03647 0.04559 0.08207 0.00608 0.04863 0.05167
B9KFT3                         0.06991 0.04255 0.05167 0.06991 0.01824 0.01824 0.06079 0.06383 0.02736 0.06991 0.09422 0.07903 0.03951 0.06991 0.03040 0.06991 0.04255 0.00304 0.03951 0.03951
A6Q3Y5                         0.07295 0.05167 0.05167 0.06383 0.01520 0.03343 0.05167 0.06991 0.02432 0.05775 0.09422 0.06991 0.02736 0.05471 0.03040 0.05471 0.06991 0.00304 0.05775 0.04559
Q4HTQ3                         0.05775 0.04559 0.06383 0.05167 0.02128 0.03040 0.07295 0.05775 0.03040 0.04863 0.09726 0.06383 0.03343 0.07903 0.02736 0.06687 0.05471 0.00304 0.04255 0.05167
Q4HEW1                         0.06383 0.04863 0.06079 0.06383 0.01520 0.02128 0.06991 0.06991 0.03343 0.06383 0.09119 0.07903 0.02736 0.07599 0.02432 0.05471 0.05167 0.00304 0.03951 0.04255
A7H331                         0.06079 0.05167 0.06687 0.06079 0.01520 0.01824 0.06079 0.07295 0.03343 0.05167 0.09119 0.06687 0.03343 0.07599 0.03040 0.06079 0.05775 0.00304 0.03951 0.04863
A8FM59                         0.06079 0.05167 0.06991 0.06383 0.01824 0.01824 0.05471 0.06991 0.03040 0.05167 0.09119 0.06991 0.03343 0.07599 0.03040 0.06079 0.05775 0.00304 0.03951 0.04863
Q7M8N8                         0.06079 0.06687 0.04559 0.05471 0.01216 0.01520 0.07599 0.07599 0.04255 0.06383 0.10638 0.04255 0.02128 0.05471 0.04559 0.05775 0.06383 0.00912 0.04559 0.03951
B9L8E1                         0.05775 0.05167 0.05167 0.06383 0.01216 0.00912 0.06991 0.07295 0.02736 0.07599 0.09119 0.06991 0.03040 0.06687 0.03647 0.05775 0.05471 0.00608 0.05167 0.04255
O08314                         0.08511 0.03951 0.04559 0.05167 0.01520 0.02128 0.06079 0.07295 0.03951 0.05167 0.13070 0.07295 0.03040 0.04863 0.03647 0.06687 0.04559 0.00304 0.03951 0.04255
B7MPG7                         0.04863 0.06991 0.03343 0.08207 0.02128 0.02736 0.06079 0.09726 0.03040 0.06687 0.08207 0.04863 0.03951 0.04255 0.05167 0.03951 0.04255 0.01216 0.04255 0.06079
P0A847                         0.04863 0.06991 0.03343 0.08207 0.02128 0.02736 0.06079 0.09726 0.03040 0.06687 0.08207 0.04863 0.03951 0.04255 0.05167 0.03951 0.04255 0.01216 0.04255 0.06079
B7LMI1                         0.04863 0.06991 0.03343 0.08207 0.02128 0.02736 0.06079 0.09726 0.03040 0.06687 0.08207 0.04863 0.03951 0.04255 0.05167 0.03951 0.04255 0.01216 0.04255 0.06079
Q5N367                         0.09119 0.08511 0.03040 0.05167 0.02128 0.04255 0.07295 0.07599 0.03040 0.06079 0.10030 0.02128 0.02128 0.04255 0.04863 0.03951 0.05167 0.01216 0.03040 0.06991
Q8GAA6                         0.09119 0.08511 0.03040 0.05167 0.02128 0.04255 0.07295 0.07599 0.03040 0.06079 0.10030 0.02128 0.02128 0.04255 0.04863 0.03951 0.05167 0.01216 0.03040 0.06991
Q2JR27                         0.09422 0.08207 0.02432 0.04255 0.02736 0.03951 0.05775 0.08207 0.03951 0.06079 0.09726 0.02432 0.02432 0.03040 0.06991 0.03343 0.04863 0.01520 0.03647 0.06991
Q2JNZ8                         0.08815 0.08511 0.02432 0.03951 0.02432 0.04255 0.05775 0.07903 0.03951 0.06991 0.08815 0.02432 0.02432 0.03343 0.06383 0.04559 0.05471 0.01520 0.03343 0.06687
B2J4T8                         0.07903 0.06991 0.02736 0.03647 0.02128 0.03951 0.06991 0.08511 0.02736 0.07295 0.09422 0.02736 0.02736 0.03951 0.05775 0.03951 0.08511 0.01520 0.03040 0.05471
A0YJH8                         0.09119 0.06991 0.03040 0.03647 0.01824 0.04863 0.07599 0.06991 0.03040 0.06687 0.10334 0.02432 0.02128 0.04559 0.06079 0.04863 0.05775 0.01216 0.03040 0.05775
Q3M6M6                         0.09119 0.06079 0.02432 0.03647 0.01824 0.04559 0.07295 0.08207 0.03040 0.07295 0.09119 0.03343 0.03343 0.03951 0.05471 0.03951 0.06991 0.01520 0.03040 0.05775
Q112A6                         0.08207 0.06991 0.02736 0.05167 0.02128 0.03951 0.06687 0.08815 0.02736 0.06687 0.10638 0.02736 0.02128 0.04559 0.05471 0.04559 0.05167 0.01520 0.03040 0.06079
B8HX02                         0.09119 0.07295 0.02432 0.04255 0.02128 0.04863 0.06687 0.08207 0.02736 0.06687 0.10638 0.02432 0.01824 0.04559 0.04863 0.05775 0.06383 0.01216 0.03040 0.04863
Q7NMG4                         0.11854 0.08207 0.01520 0.04559 0.02736 0.04255 0.05167 0.08511 0.03040 0.03647 0.10638 0.01216 0.02432 0.04559 0.05775 0.03647 0.06079 0.00912 0.02432 0.08815
Q8YVT9                         0.09119 0.06383 0.02736 0.03647 0.01824 0.04559 0.07295 0.08207 0.02736 0.07295 0.09119 0.03343 0.03343 0.03951 0.05471 0.03951 0.06687 0.01520 0.03040 0.05775
Q8CWM7                         0.12462 0.06991 0.01824 0.03951 0.02736 0.05167 0.06079 0.07295 0.03343 0.06383 0.10030 0.01824 0.02736 0.03647 0.05775 0.03647 0.04863 0.01216 0.03040 0.06991
B0C6Z6                         0.09726 0.06687 0.02736 0.04863 0.01824 0.06079 0.05167 0.07599 0.02432 0.06687 0.10030 0.01824 0.02736 0.04559 0.05167 0.05775 0.06383 0.01216 0.02736 0.05775
B0JSW7                         0.09119 0.06687 0.02432 0.03343 0.01824 0.05167 0.06383 0.08511 0.03040 0.08511 0.10334 0.03343 0.02432 0.04255 0.04863 0.05471 0.06079 0.01216 0.02736 0.04255
B7KCS6                         0.08815 0.06991 0.02432 0.03951 0.02128 0.05775 0.06687 0.07903 0.03040 0.06991 0.10030 0.03343 0.02736 0.04255 0.05167 0.03951 0.06383 0.01216 0.03040 0.05167
B9YVE3                         0.09726 0.06079 0.03343 0.04255 0.02128 0.03951 0.06079 0.07599 0.02736 0.07295 0.08815 0.02736 0.03040 0.03951 0.05775 0.04255 0.06991 0.01520 0.03343 0.06383
B4B2C6                         0.08207 0.06991 0.02736 0.03343 0.01824 0.04255 0.07903 0.08207 0.03040 0.06383 0.10334 0.03647 0.03040 0.04255 0.05167 0.04255 0.06383 0.01216 0.02736 0.06079
B5W944                         0.10638 0.07295 0.02432 0.05471 0.01824 0.03343 0.05775 0.07599 0.02736 0.06383 0.09726 0.02128 0.02736 0.04255 0.05775 0.04255 0.06383 0.00912 0.03040 0.07295
A0ZC57                         0.08207 0.06991 0.02128 0.05167 0.01824 0.04559 0.06687 0.08511 0.03040 0.06383 0.09422 0.02432 0.03040 0.03951 0.05471 0.04863 0.06687 0.01520 0.03343 0.05775
C7QX99                         0.07295 0.07295 0.02432 0.04255 0.01824 0.05471 0.06687 0.09119 0.02432 0.06991 0.10334 0.02432 0.02432 0.04863 0.06079 0.03343 0.06991 0.00912 0.03040 0.05775
B7K5R2                         0.07295 0.07295 0.02432 0.04255 0.01824 0.05471 0.06687 0.09422 0.02432 0.06991 0.10334 0.02432 0.02432 0.04863 0.06079 0.03040 0.06991 0.00912 0.03040 0.05775
A2C0A4                         0.06991 0.04559 0.03343 0.04863 0.03040 0.04559 0.05471 0.09422 0.04255 0.06079 0.09726 0.04863 0.03343 0.04255 0.05167 0.05775 0.05775 0.01216 0.01824 0.05471
Q4CAE3                         0.08207 0.07295 0.02736 0.05471 0.01824 0.02736 0.06079 0.08815 0.02432 0.06383 0.10638 0.03343 0.02432 0.04559 0.05775 0.04863 0.06079 0.01216 0.03040 0.06079
Q46HA3                         0.06991 0.04863 0.03343 0.04863 0.03040 0.04255 0.05775 0.09422 0.04255 0.06383 0.09726 0.04559 0.03040 0.04255 0.05167 0.05775 0.05775 0.01216 0.01824 0.05471
A3IRI4                         0.07599 0.06991 0.02736 0.04863 0.01824 0.04255 0.06079 0.08511 0.02432 0.06079 0.10942 0.02432 0.02736 0.04255 0.06079 0.03951 0.07295 0.01216 0.03040 0.06687
A5GWF5                         0.10334 0.06079 0.01824 0.04559 0.03343 0.05167 0.06687 0.08207 0.04863 0.03343 0.10030 0.01824 0.03040 0.03951 0.06079 0.06079 0.04863 0.01520 0.01216 0.06991
B1WZE5                         0.07903 0.06991 0.02432 0.04863 0.01824 0.03951 0.06079 0.08815 0.02736 0.06991 0.10942 0.02736 0.02432 0.04255 0.05775 0.03647 0.07295 0.01216 0.03040 0.06079
Q0IDF3                         0.08511 0.08207 0.03343 0.06079 0.02736 0.04255 0.04863 0.10030 0.04559 0.04559 0.10638 0.00304 0.03647 0.03951 0.05775 0.03647 0.06383 0.01216 0.01216 0.06079
A3PAZ2                         0.05775 0.04255 0.06079 0.05167 0.02128 0.02432 0.05167 0.07295 0.04255 0.07599 0.09422 0.06383 0.01824 0.05471 0.04863 0.08207 0.04863 0.00912 0.02432 0.05471
B1XMN5                         0.08815 0.06991 0.02736 0.05167 0.01824 0.05167 0.06991 0.08207 0.03040 0.06383 0.10030 0.03647 0.03040 0.04255 0.04559 0.03647 0.04863 0.01216 0.02432 0.06991
A2BP70                         0.05167 0.03951 0.05775 0.05167 0.01824 0.03040 0.04863 0.07295 0.03951 0.07295 0.09422 0.06991 0.01824 0.05471 0.04863 0.08207 0.05775 0.00912 0.02736 0.05471
Q31CR1                         0.05167 0.04255 0.05775 0.05167 0.02128 0.03040 0.04559 0.07599 0.04255 0.07903 0.09726 0.06687 0.02128 0.05775 0.04863 0.07903 0.05167 0.00912 0.02128 0.04863
A2BUQ2                         0.05775 0.04255 0.06079 0.05471 0.02128 0.02736 0.04863 0.07599 0.03951 0.07295 0.09726 0.06687 0.02128 0.06079 0.04863 0.06687 0.05775 0.01216 0.01520 0.05167
Q55983                         0.09422 0.07295 0.02432 0.05167 0.01824 0.06383 0.04255 0.08815 0.03343 0.06687 0.10942 0.01824 0.03040 0.04255 0.04863 0.03647 0.06991 0.01216 0.02736 0.04863
A9BDP3                         0.06079 0.05167 0.04255 0.05167 0.02432 0.03343 0.06991 0.09422 0.04559 0.07295 0.11246 0.03040 0.02432 0.03647 0.05471 0.06079 0.05167 0.01216 0.01824 0.05167
A4CT19                         0.09726 0.08207 0.03040 0.06079 0.02432 0.03951 0.05167 0.08815 0.04863 0.03951 0.10638 0.00608 0.03647 0.03951 0.05775 0.03951 0.06079 0.01216 0.01216 0.06687
A8G2T1                         0.05471 0.04255 0.06383 0.05471 0.02128 0.02432 0.04863 0.07295 0.04255 0.07295 0.09726 0.06383 0.02128 0.05471 0.04559 0.08207 0.05471 0.00912 0.02128 0.05167
A2CCL1                         0.09726 0.07295 0.03040 0.06079 0.02736 0.05471 0.04863 0.08207 0.04559 0.06383 0.11246 0.00608 0.01824 0.03951 0.05167 0.05167 0.05775 0.01216 0.01216 0.05471
A3YXN9                         0.10638 0.08207 0.02128 0.04559 0.02432 0.03951 0.04863 0.10334 0.04255 0.04255 0.10334 0.00304 0.03343 0.03951 0.05775 0.05167 0.05775 0.01216 0.01216 0.07295
A5GIE9                         0.09422 0.08511 0.02736 0.05471 0.02432 0.03343 0.06079 0.09119 0.04863 0.03951 0.10638 0.00608 0.03647 0.03951 0.05775 0.03647 0.06687 0.01216 0.01216 0.06687
Q7TUM6                         0.09422 0.07295 0.03040 0.05775 0.02736 0.05471 0.04863 0.08511 0.04863 0.06383 0.10942 0.00608 0.01824 0.03951 0.05167 0.05167 0.06079 0.01216 0.01216 0.05471
Q7TUG0                         0.05471 0.04559 0.05775 0.05471 0.02128 0.02736 0.05471 0.07295 0.04559 0.07599 0.08815 0.06079 0.02128 0.05775 0.04559 0.08207 0.04863 0.01216 0.01520 0.05775
A3Z8H3                         0.10334 0.08511 0.02128 0.05775 0.02736 0.03343 0.05471 0.09422 0.05167 0.03951 0.11246 0.00304 0.03040 0.03647 0.05471 0.03343 0.06687 0.01216 0.01520 0.06687
Q3AN18                         0.09119 0.07903 0.02736 0.05775 0.02736 0.03343 0.04863 0.09726 0.04863 0.04559 0.09726 0.00912 0.03343 0.03951 0.05471 0.04255 0.07295 0.01216 0.01216 0.06991
Q063I1                         0.09119 0.07903 0.03647 0.06383 0.02736 0.03951 0.04255 0.09422 0.04559 0.04559 0.10030 0.01216 0.03343 0.03951 0.05471 0.03951 0.06687 0.01216 0.01216 0.06383
Q3B088                         0.09422 0.07903 0.03951 0.06687 0.02736 0.03647 0.03951 0.09726 0.04559 0.04559 0.10334 0.00912 0.03343 0.03951 0.05167 0.03951 0.06383 0.01216 0.01216 0.06383
Q05QT6                         0.08511 0.07295 0.02432 0.07295 0.02736 0.03951 0.04559 0.09726 0.04863 0.03647 0.11246 0.01216 0.03343 0.03647 0.05471 0.03951 0.06991 0.01216 0.01520 0.06383
Q7TTX7                         0.09119 0.07599 0.03040 0.06383 0.02736 0.03040 0.04559 0.09726 0.04863 0.04559 0.10334 0.00912 0.03343 0.03951 0.06079 0.03951 0.06687 0.01216 0.01216 0.06687
Q7VDR5                         0.07599 0.05471 0.03647 0.06383 0.03040 0.03951 0.05471 0.07599 0.04255 0.05775 0.10638 0.03343 0.02432 0.04559 0.04863 0.05471 0.05471 0.01216 0.01824 0.06991

Homogeneity statistic: X2 = 3.97875 G = 4.07002 

Average                        0.07982 0.06458 0.03591 0.05401 0.02137 0.03708 0.05976 0.08244 0.03535 0.06177 0.09918 0.03605 0.02871 0.04756 0.04999 0.05004 0.05986 0.01066 0.02829 0.05756

# constant sites:     71 (21.58%)
ln Lmax (unconstrained) = -1800.475934

AA distances (raw proportions of different sites)

A8ERD1         
D1B2G8           0.2432
Q30S46           0.2644  0.2705
A6Q906           0.2705  0.2736  0.2371
B9KFT3           0.2584  0.2736  0.3556  0.3435
A6Q3Y5           0.2857  0.2523  0.2523  0.2948  0.3131
Q4HTQ3           0.2796  0.2918  0.3769  0.3495  0.2006  0.3131
Q4HEW1           0.2614  0.2766  0.3556  0.3556  0.2067  0.2918  0.2036
A7H331           0.2857  0.2796  0.3708  0.3556  0.2036  0.3161  0.2128  0.1307
A8FM59           0.2857  0.2766  0.3708  0.3556  0.2036  0.3222  0.2036  0.1307  0.0182
Q7M8N8           0.3161  0.3313  0.3283  0.3435  0.3860  0.3374  0.3982  0.3891  0.4195  0.4134
B9L8E1           0.3009  0.2827  0.3222  0.3222  0.3191  0.2918  0.3587  0.3343  0.3526  0.3587  0.2766
O08314           0.3708  0.3647  0.3982  0.4195  0.4012  0.3799  0.4012  0.3951  0.4103  0.4073  0.3739  0.3678
B7MPG7           0.5228  0.4924  0.4833  0.5015  0.5532  0.5106  0.5532  0.5471  0.5623  0.5623  0.5046  0.4863  0.5258
P0A847           0.5228  0.4924  0.4833  0.5015  0.5532  0.5106  0.5532  0.5471  0.5623  0.5623  0.5046  0.4863  0.5258  0.0000
B7LMI1           0.5228  0.4924  0.4833  0.5015  0.5532  0.5106  0.5532  0.5471  0.5623  0.5623  0.5046  0.4863  0.5258  0.0000  0.0000
Q5N367           0.5593  0.5866  0.5471  0.5562  0.5957  0.5471  0.5836  0.5927  0.6109  0.6079  0.5532  0.5653  0.5836  0.5137  0.5137  0.5137
Q8GAA6           0.5593  0.5866  0.5471  0.5562  0.5957  0.5471  0.5836  0.5927  0.6109  0.6079  0.5532  0.5653  0.5836  0.5137  0.5137  0.5137  0.0000
Q2JR27           0.5471  0.5319  0.5532  0.5380  0.5502  0.5502  0.5471  0.5623  0.5714  0.5714  0.5502  0.5410  0.5775  0.5198  0.5198  0.5198  0.3100  0.3100
Q2JNZ8           0.5532  0.5471  0.5623  0.5410  0.5562  0.5532  0.5623  0.5684  0.5775  0.5775  0.5593  0.5471  0.5836  0.5198  0.5198  0.5198  0.2918  0.2918  0.0790
B2J4T8           0.5593  0.5623  0.5532  0.5562  0.5957  0.5441  0.5745  0.5805  0.5897  0.5836  0.5562  0.5623  0.5805  0.5167  0.5167  0.5167  0.1976  0.1976  0.3222  0.2918
A0YJH8           0.5714  0.5684  0.5745  0.5775  0.5927  0.5532  0.5805  0.5836  0.6018  0.6018  0.5684  0.5623  0.5988  0.5380  0.5380  0.5380  0.2219  0.2219  0.3283  0.3100  0.1884
Q3M6M6           0.5653  0.5745  0.5623  0.5502  0.5897  0.5471  0.5714  0.5836  0.5957  0.5897  0.5532  0.5623  0.5775  0.5228  0.5228  0.5228  0.1763  0.1763  0.3131  0.2857  0.0881  0.2067
Q112A6           0.5653  0.5653  0.5623  0.5745  0.5684  0.5319  0.5745  0.5745  0.5957  0.5957  0.5653  0.5562  0.5805  0.5137  0.5137  0.5137  0.2432  0.2432  0.3343  0.3191  0.2219  0.1672  0.2310
B8HX02           0.5714  0.5714  0.5653  0.5653  0.5957  0.5471  0.5836  0.5897  0.6018  0.5957  0.5684  0.5593  0.5775  0.5198  0.5198  0.5198  0.2219  0.2219  0.3404  0.3283  0.2401  0.2249  0.2401  0.2462
Q7NMG4           0.5775  0.5593  0.5775  0.5684  0.5897  0.5775  0.5684  0.5745  0.5836  0.5836  0.5653  0.5745  0.5897  0.5167  0.5167  0.5167  0.3009  0.3009  0.3343  0.3404  0.3161  0.3161  0.3283  0.3374  0.3191
Q8YVT9           0.5684  0.5775  0.5653  0.5532  0.5897  0.5502  0.5714  0.5866  0.5988  0.5927  0.5532  0.5653  0.5775  0.5228  0.5228  0.5228  0.1733  0.1733  0.3131  0.2857  0.0942  0.2097  0.0061  0.2340  0.2371  0.3283
Q8CWM7           0.5745  0.5593  0.5623  0.5775  0.5897  0.5593  0.5836  0.5684  0.5897  0.5897  0.5653  0.5502  0.5714  0.5258  0.5258  0.5258  0.2979  0.2979  0.3161  0.2979  0.2644  0.2462  0.2736  0.2796  0.2705  0.3100  0.2766
B0C6Z6           0.5866  0.5897  0.5836  0.5805  0.5927  0.5653  0.5897  0.5957  0.6109  0.6079  0.5714  0.5745  0.5957  0.5380  0.5380  0.5380  0.2432  0.2432  0.3343  0.3191  0.2432  0.2310  0.2371  0.2462  0.1763  0.3283  0.2340  0.2736
B0JSW7           0.5775  0.5866  0.5623  0.5684  0.6018  0.5562  0.5927  0.5957  0.5957  0.5957  0.5502  0.5502  0.5927  0.5350  0.5350  0.5350  0.2705  0.2705  0.3435  0.3283  0.2766  0.2888  0.2827  0.2736  0.2948  0.3404  0.2796  0.3283  0.2888
B7KCS6           0.5745  0.5836  0.5775  0.5805  0.5897  0.5653  0.5836  0.5927  0.5988  0.5957  0.5714  0.5714  0.5927  0.5471  0.5471  0.5471  0.2188  0.2188  0.3313  0.3131  0.2249  0.2584  0.2432  0.2553  0.2766  0.3252  0.2401  0.3009  0.2827  0.1884
B9YVE3           0.5775  0.5836  0.5866  0.5714  0.6109  0.5562  0.5957  0.5957  0.6109  0.6049  0.5866  0.5866  0.5897  0.5410  0.5410  0.5410  0.2158  0.2158  0.3343  0.3131  0.1094  0.2310  0.1155  0.2492  0.2675  0.3526  0.1185  0.2766  0.2736  0.2948  0.2705
B4B2C6           0.5775  0.5866  0.5653  0.5805  0.5866  0.5684  0.5836  0.5897  0.5897  0.5866  0.5866  0.5684  0.5836  0.5258  0.5258  0.5258  0.2067  0.2067  0.3465  0.3313  0.2340  0.2614  0.2432  0.2462  0.2675  0.3374  0.2432  0.3161  0.2675  0.2128  0.1003  0.2736
B5W944           0.5897  0.5927  0.5836  0.5927  0.6079  0.5684  0.5897  0.5988  0.6079  0.6049  0.5805  0.5684  0.6049  0.5350  0.5350  0.5350  0.2280  0.2280  0.3435  0.3283  0.2036  0.1854  0.2097  0.2219  0.2280  0.3100  0.2128  0.2584  0.2310  0.3009  0.2857  0.2280  0.2766
A0ZC57           0.5745  0.5684  0.5623  0.5532  0.5957  0.5593  0.5836  0.5897  0.6018  0.5957  0.5562  0.5745  0.5836  0.5319  0.5319  0.5319  0.1976  0.1976  0.3070  0.2857  0.1094  0.2067  0.1064  0.2371  0.2523  0.3131  0.1094  0.2523  0.2644  0.2796  0.2371  0.1307  0.2675  0.2158
C7QX99           0.5653  0.5836  0.5805  0.5653  0.5927  0.5593  0.5805  0.5836  0.5957  0.5957  0.5714  0.5745  0.5866  0.5350  0.5350  0.5350  0.2462  0.2462  0.3404  0.3222  0.2432  0.2644  0.2523  0.2644  0.2827  0.3404  0.2492  0.3191  0.2827  0.2219  0.1945  0.2675  0.2128  0.2766  0.2584
B7K5R2           0.5653  0.5836  0.5805  0.5653  0.5927  0.5593  0.5805  0.5836  0.5957  0.5957  0.5714  0.5745  0.5836  0.5319  0.5319  0.5319  0.2432  0.2432  0.3374  0.3191  0.2401  0.2614  0.2492  0.2644  0.2796  0.3374  0.2462  0.3161  0.2796  0.2219  0.1915  0.2644  0.2097  0.2736  0.2553  0.0030
A2C0A4           0.5957  0.5775  0.5927  0.5927  0.5957  0.5957  0.5957  0.6109  0.6140  0.6109  0.5957  0.5897  0.5836  0.5319  0.5319  0.5319  0.3830  0.3830  0.4012  0.3982  0.3982  0.3739  0.3891  0.3799  0.3678  0.4164  0.3860  0.3769  0.3799  0.3860  0.3769  0.4103  0.3951  0.3860  0.3708  0.3982  0.3982
Q4CAE3           0.5684  0.5623  0.5532  0.5532  0.5775  0.5471  0.5805  0.5684  0.5745  0.5684  0.5653  0.5684  0.5775  0.5258  0.5258  0.5258  0.2432  0.2432  0.3313  0.3222  0.2401  0.2462  0.2462  0.2340  0.2584  0.3404  0.2432  0.3040  0.2644  0.2371  0.2249  0.2584  0.2219  0.2553  0.2492  0.1550  0.1520  0.3708
Q46HA3           0.5957  0.5714  0.5957  0.5897  0.5988  0.5957  0.5897  0.6049  0.6079  0.6049  0.5957  0.5836  0.5866  0.5319  0.5319  0.5319  0.3799  0.3799  0.3951  0.3921  0.3921  0.3678  0.3830  0.3799  0.3647  0.4134  0.3799  0.3769  0.3769  0.3860  0.3769  0.4073  0.3951  0.3799  0.3678  0.3951  0.3951  0.0152  0.3739
A3IRI4           0.5836  0.5745  0.5684  0.5593  0.5957  0.5532  0.5927  0.5775  0.5897  0.5836  0.5805  0.5836  0.5897  0.5319  0.5319  0.5319  0.2432  0.2432  0.3435  0.3283  0.2280  0.2553  0.2401  0.2492  0.2705  0.3465  0.2371  0.3100  0.2675  0.2310  0.2158  0.2462  0.2067  0.2523  0.2462  0.1459  0.1429  0.3982  0.0760  0.4012
A5GWF5           0.5988  0.5805  0.6079  0.5714  0.6079  0.5775  0.5897  0.6018  0.6049  0.6018  0.5805  0.5866  0.6079  0.5441  0.5441  0.5441  0.3131  0.3131  0.3799  0.3647  0.3435  0.3435  0.3495  0.3556  0.3343  0.3678  0.3465  0.3495  0.3556  0.3495  0.3556  0.3526  0.3556  0.3343  0.3252  0.3617  0.3587  0.3161  0.3374  0.3161  0.3465
B1WZE5           0.5805  0.5745  0.5714  0.5532  0.5866  0.5502  0.5866  0.5775  0.5927  0.5866  0.5745  0.5745  0.5866  0.5228  0.5228  0.5228  0.2310  0.2310  0.3283  0.3131  0.2188  0.2492  0.2310  0.2340  0.2644  0.3404  0.2280  0.2979  0.2553  0.2249  0.2097  0.2432  0.2006  0.2492  0.2432  0.1185  0.1155  0.3921  0.0729  0.3951  0.0365  0.3495
Q0IDF3           0.6079  0.5745  0.5988  0.6049  0.6201  0.6018  0.6231  0.6109  0.6140  0.6140  0.5957  0.5897  0.6049  0.5198  0.5198  0.5198  0.3374  0.3374  0.3708  0.3617  0.3587  0.3435  0.3435  0.3678  0.3647  0.3951  0.3435  0.3799  0.3526  0.3860  0.3678  0.3739  0.3769  0.3647  0.3465  0.3769  0.3739  0.2584  0.3587  0.2492  0.3708  0.2553  0.3708
A3PAZ2           0.6018  0.6049  0.5897  0.6079  0.6079  0.6018  0.6018  0.6201  0.6322  0.6292  0.5988  0.5988  0.6231  0.5623  0.5623  0.5623  0.4559  0.4559  0.4894  0.4772  0.4559  0.4620  0.4620  0.4438  0.4590  0.4833  0.4559  0.4772  0.4681  0.4316  0.4347  0.4802  0.4377  0.4590  0.4590  0.4529  0.4529  0.3465  0.4377  0.3495  0.4590  0.3891  0.4559  0.3739
B1XMN5           0.5957  0.5957  0.5805  0.5988  0.5988  0.5593  0.5957  0.5988  0.6140  0.6109  0.5866  0.5775  0.5745  0.5623  0.5623  0.5623  0.2188  0.2188  0.3495  0.3495  0.2492  0.2280  0.2523  0.2553  0.2979  0.3708  0.2523  0.3161  0.2827  0.2766  0.2401  0.2736  0.2371  0.2705  0.2644  0.2432  0.2401  0.4164  0.2584  0.4134  0.2584  0.3708  0.2492  0.3891  0.4772
A2BP70           0.5988  0.6079  0.5897  0.6109  0.6140  0.6018  0.6109  0.6261  0.6383  0.6322  0.6018  0.6018  0.6140  0.5623  0.5623  0.5623  0.4559  0.4559  0.4863  0.4802  0.4620  0.4650  0.4681  0.4407  0.4650  0.4863  0.4620  0.4772  0.4742  0.4377  0.4316  0.4863  0.4407  0.4620  0.4590  0.4590  0.4590  0.3495  0.4407  0.3556  0.4620  0.3921  0.4590  0.3739  0.0334  0.4833
Q31CR1           0.5957  0.6049  0.5897  0.6079  0.6140  0.6018  0.6079  0.6140  0.6292  0.6261  0.6109  0.6079  0.6109  0.5593  0.5593  0.5593  0.4590  0.4590  0.4924  0.4863  0.4650  0.4711  0.4742  0.4468  0.4650  0.4863  0.4681  0.4833  0.4742  0.4407  0.4407  0.4894  0.4498  0.4681  0.4650  0.4620  0.4620  0.3556  0.4559  0.3556  0.4772  0.3951  0.4742  0.3769  0.0517  0.4833  0.0517
A2BUQ2           0.5866  0.5988  0.5927  0.6079  0.6018  0.5897  0.6049  0.6018  0.6140  0.6079  0.5988  0.5897  0.5988  0.5502  0.5502  0.5502  0.4620  0.4620  0.4802  0.4802  0.4650  0.4711  0.4681  0.4559  0.4681  0.5015  0.4681  0.4894  0.4711  0.4438  0.4620  0.4863  0.4559  0.4650  0.4681  0.4590  0.4590  0.3617  0.4407  0.3647  0.4650  0.4043  0.4529  0.3891  0.1368  0.4894  0.1337  0.1337
Q55983           0.5927  0.6018  0.5714  0.5836  0.6079  0.5745  0.5866  0.6018  0.6049  0.6018  0.5866  0.5988  0.5957  0.5502  0.5502  0.5502  0.2219  0.2219  0.3404  0.3313  0.2340  0.2705  0.2432  0.2614  0.2705  0.3283  0.2401  0.3070  0.2796  0.2280  0.2188  0.2614  0.2340  0.2705  0.2432  0.2340  0.2310  0.3921  0.2128  0.3951  0.2158  0.3374  0.2067  0.3647  0.4377  0.2310  0.4468  0.4498  0.4529
A9BDP3           0.5927  0.5684  0.5805  0.5866  0.6018  0.5775  0.5957  0.5927  0.5897  0.5897  0.6018  0.5897  0.6049  0.5410  0.5410  0.5410  0.3830  0.3830  0.4195  0.4286  0.3951  0.3830  0.3921  0.3921  0.3860  0.4195  0.3921  0.4195  0.4134  0.3982  0.3799  0.4255  0.3799  0.4073  0.3860  0.4012  0.4012  0.2644  0.3921  0.2614  0.4134  0.3404  0.4103  0.2492  0.3374  0.4255  0.3313  0.3313  0.3465  0.3891
A4CT19           0.6140  0.5866  0.6140  0.5957  0.6109  0.6049  0.6049  0.6231  0.6201  0.6140  0.5927  0.6049  0.6018  0.5350  0.5350  0.5350  0.3465  0.3465  0.3860  0.3678  0.3587  0.3617  0.3495  0.3708  0.3769  0.3982  0.3495  0.3799  0.3526  0.3769  0.3495  0.3678  0.3617  0.3617  0.3404  0.3647  0.3617  0.2675  0.3435  0.2675  0.3556  0.2614  0.3526  0.1216  0.3617  0.3921  0.3647  0.3769  0.3739  0.3647  0.2614
A8G2T1           0.5988  0.6049  0.5957  0.6018  0.6079  0.5988  0.6049  0.6140  0.6292  0.6261  0.6049  0.6018  0.6201  0.5623  0.5623  0.5623  0.4468  0.4468  0.4954  0.4833  0.4590  0.4620  0.4650  0.4468  0.4620  0.4802  0.4590  0.4711  0.4742  0.4347  0.4286  0.4772  0.4286  0.4590  0.4590  0.4498  0.4498  0.3526  0.4407  0.3526  0.4620  0.3951  0.4590  0.3830  0.0486  0.4772  0.0517  0.0547  0.1337  0.4377  0.3343  0.3678
A2CCL1           0.6201  0.6018  0.6049  0.6109  0.6049  0.6109  0.6140  0.6170  0.6261  0.6261  0.6018  0.6018  0.6079  0.5502  0.5502  0.5502  0.3313  0.3313  0.3921  0.3891  0.3587  0.3495  0.3617  0.3556  0.3435  0.3921  0.3587  0.3769  0.3617  0.3587  0.3495  0.3617  0.3708  0.3526  0.3374  0.3647  0.3647  0.2401  0.3495  0.2401  0.3617  0.2705  0.3587  0.1824  0.3495  0.3891  0.3495  0.3587  0.3647  0.3465  0.2766  0.1793  0.3435
A3YXN9           0.6170  0.5897  0.5897  0.6079  0.5988  0.6049  0.6079  0.6018  0.6079  0.6049  0.5957  0.6049  0.5927  0.5228  0.5228  0.5228  0.3343  0.3343  0.3526  0.3526  0.3556  0.3435  0.3465  0.3526  0.3647  0.3891  0.3435  0.3678  0.3495  0.3587  0.3435  0.3769  0.3678  0.3647  0.3343  0.3678  0.3647  0.2736  0.3435  0.2736  0.3617  0.2766  0.3556  0.1763  0.3951  0.3799  0.3951  0.3982  0.3951  0.3465  0.2796  0.1854  0.4012  0.2097
A5GIE9           0.6201  0.5866  0.6109  0.5927  0.6140  0.6079  0.6049  0.6201  0.6140  0.6079  0.5897  0.6049  0.5988  0.5410  0.5410  0.5410  0.3404  0.3404  0.3830  0.3647  0.3526  0.3556  0.3435  0.3678  0.3708  0.3921  0.3435  0.3769  0.3526  0.3708  0.3465  0.3647  0.3587  0.3617  0.3374  0.3617  0.3587  0.2644  0.3404  0.2614  0.3526  0.2523  0.3526  0.1185  0.3647  0.3891  0.3678  0.3769  0.3799  0.3617  0.2644  0.0304  0.3739  0.1884  0.1854
Q7TUM6           0.6201  0.6018  0.6079  0.6170  0.6109  0.6140  0.6170  0.6201  0.6261  0.6261  0.6018  0.6018  0.6049  0.5471  0.5471  0.5471  0.3374  0.3374  0.3982  0.3951  0.3587  0.3526  0.3678  0.3587  0.3465  0.3951  0.3647  0.3799  0.3678  0.3647  0.3526  0.3678  0.3739  0.3587  0.3435  0.3708  0.3708  0.2371  0.3556  0.2371  0.3678  0.2736  0.3647  0.1824  0.3526  0.3951  0.3526  0.3617  0.3617  0.3495  0.2766  0.1793  0.3465  0.0091  0.2067  0.1884
Q7TUG0           0.6079  0.6079  0.5897  0.6079  0.6109  0.6018  0.6049  0.6140  0.6292  0.6261  0.6109  0.6079  0.6201  0.5502  0.5502  0.5502  0.4529  0.4529  0.4833  0.4742  0.4498  0.4529  0.4559  0.4316  0.4529  0.4802  0.4498  0.4711  0.4590  0.4316  0.4347  0.4742  0.4438  0.4529  0.4468  0.4468  0.4468  0.3556  0.4407  0.3556  0.4620  0.3891  0.4590  0.3678  0.0608  0.4772  0.0699  0.0486  0.1125  0.4407  0.3343  0.3647  0.0699  0.3435  0.3860  0.3647  0.3465
A3Z8H3           0.6109  0.5836  0.5957  0.6018  0.6079  0.6079  0.6079  0.6109  0.6170  0.6140  0.5897  0.6109  0.5897  0.5319  0.5319  0.5319  0.3191  0.3191  0.3708  0.3587  0.3495  0.3343  0.3374  0.3435  0.3556  0.3769  0.3374  0.3678  0.3526  0.3556  0.3374  0.3617  0.3465  0.3495  0.3313  0.3617  0.3587  0.2553  0.3404  0.2553  0.3587  0.2584  0.3526  0.1094  0.3617  0.3769  0.3587  0.3526  0.3708  0.3495  0.2401  0.1125  0.3587  0.1824  0.1672  0.1094  0.1854  0.3435
Q3AN18           0.6140  0.5836  0.6049  0.6049  0.6261  0.5927  0.6322  0.6322  0.6383  0.6353  0.6018  0.5988  0.6231  0.5410  0.5410  0.5410  0.3222  0.3222  0.3708  0.3647  0.3526  0.3526  0.3526  0.3799  0.3495  0.3799  0.3526  0.3556  0.3556  0.3769  0.3587  0.3647  0.3617  0.3617  0.3495  0.3739  0.3708  0.2796  0.3526  0.2736  0.3587  0.2371  0.3587  0.1550  0.3678  0.3799  0.3678  0.3799  0.3860  0.3495  0.2614  0.1763  0.3739  0.2036  0.2128  0.1672  0.2067  0.3647  0.1733
Q063I1           0.6109  0.5927  0.6018  0.6018  0.6079  0.6018  0.6079  0.6170  0.6170  0.6140  0.6140  0.6109  0.6079  0.5471  0.5471  0.5471  0.3343  0.3343  0.3708  0.3708  0.3587  0.3708  0.3587  0.3860  0.3647  0.3891  0.3587  0.3708  0.3739  0.3678  0.3708  0.3678  0.3617  0.3647  0.3465  0.3708  0.3678  0.2553  0.3556  0.2523  0.3647  0.2523  0.3647  0.1824  0.3678  0.3891  0.3647  0.3678  0.3647  0.3435  0.2584  0.1793  0.3587  0.2036  0.2188  0.1763  0.2067  0.3556  0.1672  0.1125
Q3B088           0.6079  0.5957  0.6018  0.6079  0.6079  0.6018  0.6140  0.6170  0.6231  0.6201  0.6109  0.6170  0.6140  0.5532  0.5532  0.5532  0.3313  0.3313  0.3739  0.3739  0.3617  0.3739  0.3617  0.3860  0.3617  0.3860  0.3617  0.3769  0.3647  0.3678  0.3708  0.3708  0.3678  0.3647  0.3495  0.3708  0.3678  0.2584  0.3587  0.2614  0.3647  0.2553  0.3647  0.1824  0.3739  0.3891  0.3708  0.3739  0.3708  0.3435  0.2644  0.1824  0.3647  0.1976  0.2097  0.1824  0.2006  0.3617  0.1641  0.1033  0.0213
Q05QT6           0.5988  0.5745  0.5897  0.5988  0.6049  0.5897  0.6109  0.6109  0.6079  0.6049  0.5988  0.6049  0.5927  0.5198  0.5198  0.5198  0.3313  0.3313  0.3860  0.3708  0.3587  0.3587  0.3526  0.3617  0.3495  0.3951  0.3526  0.3799  0.3587  0.3739  0.3587  0.3769  0.3678  0.3587  0.3435  0.3708  0.3678  0.2462  0.3526  0.2432  0.3678  0.2644  0.3678  0.0881  0.3587  0.3982  0.3587  0.3587  0.3708  0.3556  0.2584  0.1155  0.3617  0.1763  0.1854  0.1094  0.1793  0.3465  0.1003  0.1489  0.1581  0.1489
Q7TTX7           0.6049  0.5836  0.5957  0.6079  0.6109  0.5866  0.6231  0.6170  0.6261  0.6231  0.5957  0.5927  0.6261  0.5410  0.5410  0.5410  0.3283  0.3283  0.3708  0.3647  0.3556  0.3617  0.3647  0.3708  0.3587  0.3708  0.3647  0.3556  0.3526  0.3617  0.3495  0.3799  0.3526  0.3556  0.3526  0.3617  0.3587  0.2918  0.3495  0.2888  0.3526  0.2584  0.3526  0.1459  0.3465  0.3739  0.3465  0.3587  0.3617  0.3343  0.2614  0.1611  0.3526  0.2036  0.2158  0.1641  0.2067  0.3435  0.1672  0.0760  0.1277  0.1185  0.1429
Q7VDR5           0.6049  0.5805  0.6079  0.5988  0.5897  0.5988  0.5866  0.5988  0.5988  0.5957  0.6079  0.5988  0.5988  0.5350  0.5350  0.5350  0.3769  0.3769  0.4134  0.4134  0.3860  0.3769  0.3982  0.3951  0.3799  0.4164  0.3951  0.3951  0.3921  0.3799  0.3678  0.4043  0.3799  0.4043  0.3739  0.3921  0.3921  0.2432  0.3860  0.2432  0.4103  0.3100  0.4012  0.2766  0.3404  0.4043  0.3374  0.3404  0.3526  0.3769  0.2249  0.2736  0.3374  0.2523  0.2796  0.2827  0.2523  0.3343  0.2523  0.2888  0.2675  0.2705  0.2766  0.2827


TREE #  1:  (9, 10, (8, (7, (5, (1, ((6, (3, 4)), (2, ((12, (13, 11)), ((16, (15, 14)), ((19, 20), (26, (28, (((25, 29), (34, (22, 24))), (((23, 27), (32, (21, 35))), ((17, 18), ((((31, 33), (30, ((36, 37), (43, (41, 39))))), (50, 46)), (42, (((61, 62), (60, 64)), ((59, ((52, 56), (44, 63))), (55, ((54, 57), ((38, 40), ((49, (58, (48, (53, (45, 47))))), (51, 65))))))))))))))))))))))));   MP score: 2626
lnL(ntime:127  np:128): -13920.579751      +0.000000
  66..9    66..10   66..67   67..8    67..68   68..7    68..69   69..5    69..70   70..1    70..71   71..72   72..6    72..73   73..3    73..4    71..74   74..2    74..75   75..76   76..12   76..77   77..13   77..11   75..78   78..79   79..16   79..80   80..15   80..14   78..81   81..82   82..19   82..20   81..83   83..26   83..84   84..28   84..85   85..86   86..87   87..25   87..29   86..88   88..34   88..89   89..22   89..24   85..90   90..91   91..92   92..23   92..27   91..93   93..32   93..94   94..21   94..35   90..95   95..96   96..17   96..18   95..97   97..98   98..99   99..100 100..31  100..33   99..101 101..30  101..102 102..103 103..36  103..37  102..104 104..43  104..105 105..41  105..39   98..106 106..50  106..46   97..107 107..42  107..108 108..109 109..110 110..61  110..62  109..111 111..60  111..64  108..112 112..113 113..59  113..114 114..115 115..52  115..56  114..116 116..44  116..63  112..117 117..55  117..118 118..119 119..54  119..57  118..120 120..121 121..38  121..40  120..122 122..123 123..49  123..124 124..58  124..125 125..48  125..126 126..53  126..127 127..45  127..47  122..128 128..51  128..65 
 0.011116 0.010110 0.101213 0.086924 0.077690 0.158526 0.067485 0.127386 0.189675 0.158761 0.091630 0.040443 0.261213 0.109046 0.202647 0.224912 0.030963 0.162358 0.032128 0.128113 0.219264 0.070189 0.555404 0.271474 0.654186 0.735094 0.000004 0.000004 0.000004 0.000004 0.859691 0.186982 0.102338 0.003171 0.165248 0.434115 0.036707 0.287890 0.074174 0.027328 0.133094 0.141759 0.131138 0.038312 0.183472 0.050300 0.083249 0.197037 0.029409 0.099802 0.048683 0.000004 0.007028 0.021197 0.099640 0.006584 0.045057 0.100901 0.050009 0.142267 0.000004 0.000004 0.017115 0.056428 0.072082 0.075039 0.048677 0.080756 0.039154 0.192752 0.105943 0.079448 0.003583 0.000004 0.086132 0.000004 0.019592 0.026809 0.081280 0.045209 0.170476 0.222076 0.393942 0.175150 0.183271 0.068250 0.073903 0.018032 0.007204 0.031060 0.036189 0.060925 0.031236 0.025846 0.066105 0.018835 0.087457 0.023681 0.013397 0.031524 0.068190 0.052164 0.045458 0.168481 0.050332 0.126112 0.010349 0.000004 0.116590 0.189973 0.005535 0.012103 0.042430 0.444199 0.098217 0.038473 0.018043 0.023751 0.020249 0.011868 0.030301 0.009761 0.020157 0.017967 0.046748 0.223840 0.186827 0.564632

tree length =  13.41125

(9: 0.011116, 10: 0.010110, (8: 0.086924, (7: 0.158526, (5: 0.127386, (1: 0.158761, ((6: 0.261213, (3: 0.202647, 4: 0.224912): 0.109046): 0.040443, (2: 0.162358, ((12: 0.219264, (13: 0.555404, 11: 0.271474): 0.070189): 0.128113, ((16: 0.000004, (15: 0.000004, 14: 0.000004): 0.000004): 0.735094, ((19: 0.102338, 20: 0.003171): 0.186982, (26: 0.434115, (28: 0.287890, (((25: 0.141759, 29: 0.131138): 0.133094, (34: 0.183472, (22: 0.083249, 24: 0.197037): 0.050300): 0.038312): 0.027328, (((23: 0.000004, 27: 0.007028): 0.048683, (32: 0.099640, (21: 0.045057, 35: 0.100901): 0.006584): 0.021197): 0.099802, ((17: 0.000004, 18: 0.000004): 0.142267, ((((31: 0.048677, 33: 0.080756): 0.075039, (30: 0.192752, ((36: 0.003583, 37: 0.000004): 0.079448, (43: 0.000004, (41: 0.026809, 39: 0.081280): 0.019592): 0.086132): 0.105943): 0.039154): 0.072082, (50: 0.170476, 46: 0.222076): 0.045209): 0.056428, (42: 0.175150, (((61: 0.018032, 62: 0.007204): 0.073903, (60: 0.036189, 64: 0.060925): 0.031060): 0.068250, ((59: 0.066105, ((52: 0.023681, 56: 0.013397): 0.087457, (44: 0.068190, 63: 0.052164): 0.031524): 0.018835): 0.025846, (55: 0.168481, ((54: 0.010349, 57: 0.000004): 0.126112, ((38: 0.005535, 40: 0.012103): 0.189973, ((49: 0.098217, (58: 0.018043, (48: 0.020249, (53: 0.030301, (45: 0.020157, 47: 0.017967): 0.009761): 0.011868): 0.023751): 0.038473): 0.444199, (51: 0.223840, 65: 0.186827): 0.046748): 0.042430): 0.116590): 0.050332): 0.045458): 0.031236): 0.183271): 0.393942): 0.017115): 0.050009): 0.029409): 0.074174): 0.036707): 0.165248): 0.859691): 0.654186): 0.032128): 0.030963): 0.091630): 0.189675): 0.067485): 0.077690): 0.101213);

(A7H331: 0.011116, A8FM59: 0.010110, (Q4HEW1: 0.086924, (Q4HTQ3: 0.158526, (B9KFT3: 0.127386, (A8ERD1: 0.158761, ((A6Q3Y5: 0.261213, (Q30S46: 0.202647, A6Q906: 0.224912): 0.109046): 0.040443, (D1B2G8: 0.162358, ((B9L8E1: 0.219264, (O08314: 0.555404, Q7M8N8: 0.271474): 0.070189): 0.128113, ((B7LMI1: 0.000004, (P0A847: 0.000004, B7MPG7: 0.000004): 0.000004): 0.735094, ((Q2JR27: 0.102338, Q2JNZ8: 0.003171): 0.186982, (Q7NMG4: 0.434115, (Q8CWM7: 0.287890, (((B8HX02: 0.141759, B0C6Z6: 0.131138): 0.133094, (B5W944: 0.183472, (A0YJH8: 0.083249, Q112A6: 0.197037): 0.050300): 0.038312): 0.027328, (((Q3M6M6: 0.000004, Q8YVT9: 0.007028): 0.048683, (B9YVE3: 0.099640, (B2J4T8: 0.045057, A0ZC57: 0.100901): 0.006584): 0.021197): 0.099802, ((Q5N367: 0.000004, Q8GAA6: 0.000004): 0.142267, ((((B7KCS6: 0.048677, B4B2C6: 0.080756): 0.075039, (B0JSW7: 0.192752, ((C7QX99: 0.003583, B7K5R2: 0.000004): 0.079448, (B1WZE5: 0.000004, (A3IRI4: 0.026809, Q4CAE3: 0.081280): 0.019592): 0.086132): 0.105943): 0.039154): 0.072082, (Q55983: 0.170476, B1XMN5: 0.222076): 0.045209): 0.056428, (A5GWF5: 0.175150, (((Q063I1: 0.018032, Q3B088: 0.007204): 0.073903, (Q3AN18: 0.036189, Q7TTX7: 0.060925): 0.031060): 0.068250, ((A3Z8H3: 0.066105, ((A4CT19: 0.023681, A5GIE9: 0.013397): 0.087457, (Q0IDF3: 0.068190, Q05QT6: 0.052164): 0.031524): 0.018835): 0.025846, (A3YXN9: 0.168481, ((A2CCL1: 0.010349, Q7TUM6: 0.000004): 0.126112, ((A2C0A4: 0.005535, Q46HA3: 0.012103): 0.189973, ((A2BUQ2: 0.098217, (Q7TUG0: 0.018043, (Q31CR1: 0.020249, (A8G2T1: 0.030301, (A3PAZ2: 0.020157, A2BP70: 0.017967): 0.009761): 0.011868): 0.023751): 0.038473): 0.444199, (A9BDP3: 0.223840, Q7VDR5: 0.186827): 0.046748): 0.042430): 0.116590): 0.050332): 0.045458): 0.031236): 0.183271): 0.393942): 0.017115): 0.050009): 0.029409): 0.074174): 0.036707): 0.165248): 0.859691): 0.654186): 0.032128): 0.030963): 0.091630): 0.189675): 0.067485): 0.077690): 0.101213);

Detailed output identifying parameters

alpha (gamma, K = 4) =  0.56463
rate:   0.04591  0.29203  0.86214  2.79992
freq:   0.25000  0.25000  0.25000  0.25000

Time used: 34:21
