AAML (in paml version 4.6, August 2012)  282.aa
Model: Empirical_F for branches,  Global clock  (../../../bin/LG.dat) dGamma (ncatG=5) ns =  65  ls = 635


Frequencies..
                                    A      R      N      D      C      Q      E      G      H      I      L      K      M      F      P      S      T      W      Y      V
A8EU65                         0.06457 0.03622 0.05984 0.05197 0.00630 0.02047 0.10079 0.04409 0.00787 0.08346 0.10866 0.09606 0.02047 0.06929 0.02992 0.05669 0.03465 0.00472 0.03622 0.06772
D1B350                         0.09291 0.04094 0.03622 0.04724 0.00630 0.02520 0.09291 0.04882 0.00787 0.07717 0.11496 0.07244 0.02362 0.07717 0.04094 0.06142 0.03465 0.00630 0.04252 0.05039
A6Q2Y7                         0.06929 0.04567 0.04252 0.05669 0.00315 0.01890 0.10394 0.05197 0.00945 0.07402 0.11181 0.08661 0.01417 0.07087 0.03307 0.04724 0.04094 0.01102 0.04252 0.06614
Q30RW2                         0.07087 0.05039 0.04094 0.05197 0.00157 0.01732 0.10709 0.04252 0.01102 0.08189 0.11181 0.08346 0.02047 0.06299 0.02677 0.07559 0.03937 0.00630 0.03150 0.06614
A6QAZ2                         0.08976 0.05512 0.03622 0.06929 0.00157 0.01732 0.09764 0.04724 0.00787 0.08189 0.10551 0.07559 0.02677 0.04882 0.03465 0.05039 0.04252 0.00630 0.03780 0.06772
B9L938                         0.06299 0.03465 0.05512 0.07402 0.00787 0.01102 0.11024 0.04094 0.00787 0.08661 0.10394 0.11339 0.01575 0.05669 0.03150 0.04094 0.03150 0.01260 0.03780 0.06457
Q7MAJ4                         0.08346 0.05039 0.02992 0.02992 0.00472 0.03465 0.10236 0.05039 0.01417 0.06457 0.15748 0.06929 0.01732 0.05354 0.04567 0.06929 0.03937 0.00945 0.02992 0.04409
A8FMT9                         0.07559 0.02992 0.06614 0.03937 0.00630 0.04409 0.10236 0.03937 0.01260 0.08661 0.11654 0.09606 0.01890 0.06929 0.02047 0.05984 0.03150 0.00315 0.04094 0.04094
B9KFU8                         0.07087 0.02835 0.05669 0.05039 0.01102 0.04252 0.09291 0.03465 0.00945 0.08819 0.11654 0.09764 0.02047 0.06614 0.01890 0.06614 0.03465 0.00472 0.03937 0.05039
A7H2E5                         0.06929 0.02992 0.06457 0.04094 0.00630 0.04409 0.09921 0.03622 0.01260 0.08819 0.11654 0.09921 0.01890 0.06929 0.02047 0.06299 0.03622 0.00315 0.04094 0.04094
Q4HH37                         0.07559 0.03150 0.06457 0.04252 0.00630 0.04409 0.09764 0.03780 0.01260 0.08819 0.11811 0.09449 0.01890 0.06614 0.01890 0.06614 0.02992 0.00315 0.04252 0.04094
Q4HSP6                         0.06929 0.02992 0.05512 0.03780 0.00787 0.02992 0.10866 0.03307 0.01575 0.07717 0.12598 0.09921 0.01575 0.07874 0.02677 0.07244 0.02992 0.00315 0.04252 0.04094
P56454                         0.06142 0.03307 0.04724 0.04252 0.00787 0.04094 0.09291 0.04094 0.02362 0.07717 0.13228 0.10709 0.01102 0.07087 0.03465 0.05512 0.02677 0.00315 0.03307 0.05827
B2J6I4                         0.09449 0.06142 0.02677 0.05827 0.00157 0.05512 0.07874 0.05039 0.00787 0.06299 0.12913 0.04567 0.00787 0.04252 0.04882 0.04882 0.05512 0.00945 0.02835 0.08661
B1WW07                         0.07559 0.05669 0.04094 0.06299 0.00630 0.05827 0.09134 0.05512 0.00787 0.08346 0.11339 0.05669 0.02047 0.04724 0.04094 0.03937 0.04882 0.00787 0.02047 0.06614
Q3MF18                         0.08504 0.06457 0.02835 0.05039 0.00157 0.05197 0.07402 0.05984 0.00945 0.05827 0.12598 0.04252 0.00630 0.04409 0.05197 0.05197 0.06772 0.00945 0.02677 0.08976
Q8YPT0                         0.08661 0.06457 0.03307 0.05039 0.00157 0.05354 0.07244 0.06299 0.00630 0.05512 0.12283 0.04252 0.00630 0.04252 0.05354 0.04882 0.06457 0.00945 0.02677 0.09606
A0YQR7                         0.08031 0.06299 0.03622 0.05512 0.00315 0.06299 0.08346 0.05197 0.01102 0.06772 0.12126 0.04567 0.00945 0.04724 0.04882 0.04567 0.05669 0.00945 0.02047 0.08031
A0ZCB7                         0.09921 0.06142 0.03307 0.05197 0.00157 0.04409 0.07717 0.05197 0.00787 0.07244 0.12441 0.04567 0.00945 0.04567 0.05197 0.04567 0.06614 0.00787 0.02520 0.07717
Q4C3U0                         0.07087 0.06142 0.04094 0.06299 0.00630 0.06457 0.09134 0.05512 0.00630 0.08819 0.11339 0.04724 0.01890 0.04882 0.04094 0.03937 0.05197 0.00787 0.02047 0.06299
C7QMN0                         0.07874 0.06457 0.03937 0.05669 0.00630 0.06142 0.07717 0.06299 0.01417 0.07402 0.11496 0.02835 0.01417 0.04724 0.04724 0.04252 0.06614 0.00945 0.02362 0.07087
B7K2F9                         0.07874 0.06457 0.03937 0.05669 0.00630 0.06142 0.07717 0.06299 0.01417 0.07402 0.11496 0.02835 0.01417 0.04724 0.04724 0.04252 0.06614 0.00945 0.02362 0.07087
A3INN8                         0.07717 0.05669 0.04094 0.07087 0.00630 0.05827 0.08819 0.05197 0.00630 0.08819 0.11339 0.05669 0.01732 0.04567 0.04252 0.03465 0.05039 0.00787 0.02047 0.06614
Q31SB9                         0.12283 0.07087 0.01890 0.06299 0.00630 0.06614 0.05984 0.05827 0.01260 0.04094 0.13701 0.02362 0.01102 0.04094 0.05039 0.05354 0.05354 0.01102 0.01890 0.08031
B5VYQ2                         0.09606 0.05827 0.04252 0.06299 0.00157 0.03937 0.07559 0.05669 0.01260 0.07402 0.11654 0.05197 0.01417 0.04409 0.05354 0.03937 0.04882 0.00945 0.02047 0.08189
Q5N201                         0.12283 0.07087 0.01890 0.06299 0.00630 0.06614 0.05984 0.05827 0.01260 0.03937 0.13701 0.02362 0.01102 0.04094 0.05039 0.05354 0.05512 0.01102 0.01890 0.08031
Q10WA6                         0.08661 0.04724 0.04567 0.05197 0.00315 0.04567 0.07874 0.04882 0.00630 0.08189 0.12126 0.08031 0.01417 0.04882 0.04252 0.03937 0.05512 0.00945 0.02520 0.06772
B4AZ65                         0.07717 0.06142 0.03465 0.05354 0.00315 0.05984 0.08819 0.04882 0.00945 0.06772 0.12441 0.04567 0.01260 0.04252 0.05197 0.04724 0.05512 0.01102 0.02205 0.08346
Q2JR10                         0.11181 0.09449 0.01732 0.05197 0.00630 0.06772 0.07087 0.06614 0.01102 0.03307 0.13701 0.01732 0.01575 0.03465 0.05827 0.03622 0.03937 0.01732 0.02677 0.08661
B9YP96                         0.08661 0.06299 0.03307 0.05039 0.00157 0.04567 0.07874 0.05669 0.00945 0.06142 0.12598 0.05512 0.00787 0.04567 0.04882 0.05512 0.05827 0.00787 0.02520 0.08346
B7KD52                         0.06929 0.06299 0.03465 0.06299 0.00315 0.05984 0.08346 0.05354 0.00945 0.07244 0.11654 0.03937 0.01260 0.04567 0.04882 0.05354 0.05197 0.00945 0.02520 0.08504
Q55690                         0.09921 0.05984 0.02677 0.07244 0.00787 0.06299 0.06614 0.07087 0.01102 0.05354 0.13543 0.03307 0.01732 0.04252 0.04882 0.03465 0.05039 0.00945 0.02362 0.07402
Q8DGX0                         0.12283 0.07874 0.01575 0.04409 0.00787 0.05669 0.06929 0.06457 0.01417 0.04724 0.13701 0.02205 0.00945 0.03937 0.05197 0.03622 0.06142 0.01417 0.02205 0.08504
P00961                         0.13071 0.06929 0.03307 0.06772 0.00472 0.03780 0.07717 0.05354 0.01417 0.05039 0.11024 0.05669 0.02362 0.04409 0.04094 0.02992 0.04882 0.01102 0.01890 0.07717
B7LTH3                         0.12913 0.06929 0.03307 0.06772 0.00472 0.03780 0.07717 0.05354 0.01417 0.05039 0.11024 0.05669 0.02362 0.04409 0.04094 0.03150 0.04882 0.01102 0.01890 0.07717
Q2JIU4                         0.11339 0.08976 0.01732 0.05197 0.00787 0.07402 0.06929 0.06772 0.01102 0.03307 0.13386 0.01575 0.01575 0.03622 0.05984 0.03465 0.03780 0.01575 0.02520 0.08976
B7N1L1                         0.12913 0.06929 0.03307 0.06614 0.00472 0.03780 0.07874 0.05354 0.01417 0.05039 0.11024 0.05669 0.02362 0.04409 0.04094 0.03150 0.04882 0.01102 0.01890 0.07717
Q7NK34                         0.13701 0.08819 0.01102 0.04409 0.00945 0.03780 0.08819 0.07559 0.01102 0.03465 0.13858 0.02047 0.01102 0.04409 0.05039 0.03307 0.04882 0.01102 0.01575 0.08976
B1XK79                         0.11654 0.06142 0.02362 0.06457 0.00315 0.04724 0.08346 0.07244 0.00945 0.05984 0.11811 0.03937 0.01732 0.04409 0.04252 0.03150 0.05039 0.00787 0.02205 0.08504
B0CD57                         0.09606 0.05197 0.02205 0.06457 0.00315 0.06299 0.07244 0.05827 0.01575 0.05669 0.11969 0.04882 0.00945 0.04409 0.04409 0.04882 0.06457 0.01102 0.01890 0.08661
Q066M7                         0.11339 0.09449 0.01732 0.07402 0.01102 0.06457 0.06142 0.07087 0.01575 0.03937 0.13543 0.01890 0.01260 0.03780 0.04252 0.05039 0.03622 0.01102 0.01260 0.08031
B0JVW9                         0.09134 0.07244 0.02835 0.05827 0.00472 0.04724 0.07874 0.05197 0.00787 0.08189 0.11811 0.02835 0.01575 0.04724 0.04724 0.05039 0.07087 0.00787 0.02362 0.06772
Q3AXJ5                         0.11339 0.10079 0.01732 0.06929 0.01102 0.05669 0.07244 0.06614 0.01417 0.03622 0.13543 0.02047 0.01417 0.03780 0.04252 0.05197 0.03622 0.00945 0.01417 0.08031
Q7TTV3                         0.10394 0.09764 0.01890 0.07087 0.00945 0.06142 0.07244 0.06614 0.01260 0.03307 0.14488 0.01890 0.01417 0.03622 0.05354 0.05512 0.02362 0.00945 0.01102 0.08661
B8HKQ1                         0.09606 0.07244 0.03307 0.05984 0.00472 0.07559 0.06299 0.04882 0.00945 0.06929 0.13858 0.03150 0.01575 0.04724 0.04409 0.03937 0.04724 0.00945 0.02047 0.07402
Q3AK99                         0.12283 0.08819 0.01417 0.06142 0.00787 0.06457 0.07717 0.06772 0.00945 0.02835 0.14016 0.02362 0.01417 0.04094 0.04882 0.05512 0.02992 0.00945 0.00787 0.08819
A5GTG2                         0.14331 0.08819 0.01260 0.06299 0.02047 0.06614 0.07559 0.06142 0.00945 0.02992 0.14961 0.02047 0.01575 0.03150 0.04252 0.06142 0.02047 0.01102 0.01102 0.06614
A5GLC9                         0.09921 0.09291 0.02047 0.06142 0.01575 0.06142 0.07402 0.06772 0.01417 0.03150 0.14488 0.02047 0.01575 0.03465 0.04882 0.06457 0.02835 0.01102 0.00787 0.08504
A2BQP4                         0.04094 0.03780 0.06929 0.05197 0.00945 0.01417 0.09134 0.04409 0.00787 0.09606 0.13071 0.11181 0.00787 0.05827 0.02520 0.07717 0.02992 0.00787 0.02520 0.06299
Q7VCB0                         0.06457 0.06457 0.04882 0.04882 0.00630 0.03150 0.08504 0.05669 0.00787 0.06614 0.14016 0.05827 0.01260 0.05039 0.03465 0.08976 0.03150 0.01102 0.01890 0.07244
Q31BB8                         0.03465 0.04252 0.07244 0.05039 0.00787 0.02362 0.08661 0.04094 0.01102 0.09291 0.12913 0.10079 0.00630 0.06142 0.02362 0.08346 0.03307 0.00787 0.02205 0.06929
A3PCG7                         0.04409 0.04094 0.07087 0.05039 0.00945 0.01417 0.09921 0.03937 0.00630 0.09764 0.12913 0.10394 0.00945 0.05827 0.02362 0.07874 0.02835 0.00787 0.02677 0.06142
A8G4D7                         0.03465 0.04252 0.07087 0.05354 0.01417 0.02677 0.08661 0.04567 0.00945 0.11181 0.11496 0.09764 0.01260 0.05827 0.02520 0.08031 0.02520 0.00630 0.02677 0.05669
A9BAS3                         0.05197 0.07087 0.04882 0.05354 0.00787 0.04094 0.06299 0.04882 0.01260 0.07087 0.15276 0.04567 0.01260 0.04094 0.04409 0.09764 0.03780 0.00945 0.01890 0.07087
Q7V1U6                         0.03307 0.04252 0.08661 0.04567 0.00945 0.02047 0.08819 0.04724 0.01102 0.10079 0.11181 0.09291 0.01260 0.06457 0.02520 0.08346 0.03937 0.00630 0.02520 0.05354
Q0IAN3                         0.10551 0.08976 0.01732 0.07244 0.01575 0.05197 0.06457 0.06142 0.01732 0.03150 0.14173 0.02835 0.01575 0.02992 0.03937 0.08031 0.02677 0.01102 0.01575 0.08346
Q05TD6                         0.12913 0.09134 0.01417 0.06929 0.01102 0.06457 0.06457 0.07087 0.01260 0.02835 0.14331 0.02047 0.01102 0.03307 0.04567 0.05197 0.02677 0.00945 0.01575 0.08661
A3Z778                         0.12126 0.10551 0.01732 0.05669 0.01260 0.05512 0.07244 0.06614 0.01575 0.02992 0.13858 0.01890 0.00945 0.02992 0.04724 0.05197 0.02835 0.01102 0.01417 0.09764
A3YZZ0                         0.13071 0.09291 0.01575 0.04882 0.00945 0.05512 0.07244 0.06772 0.01417 0.02520 0.16063 0.01890 0.01260 0.03150 0.05512 0.06772 0.01732 0.01260 0.00945 0.08189
A4CUD3                         0.10551 0.08819 0.02520 0.06299 0.01102 0.06142 0.06457 0.07087 0.01417 0.02677 0.14646 0.02362 0.01575 0.03780 0.04882 0.05827 0.03465 0.01102 0.00945 0.08346
Q46LH3                         0.05039 0.05827 0.04882 0.06929 0.00787 0.02677 0.07087 0.04252 0.01260 0.06929 0.14016 0.07402 0.01260 0.04882 0.03780 0.08819 0.04567 0.01102 0.02362 0.06142
A2C1J3                         0.05039 0.05669 0.05039 0.06457 0.00787 0.02677 0.07087 0.04567 0.01260 0.07087 0.14016 0.07717 0.01260 0.04882 0.03780 0.08504 0.04567 0.01102 0.02362 0.06142
Q7TV14                         0.11496 0.08819 0.02047 0.05197 0.01260 0.03622 0.08031 0.06457 0.01732 0.02992 0.16378 0.03307 0.01890 0.02992 0.04094 0.06142 0.03307 0.01102 0.01417 0.07717
A2BW72                         0.04409 0.04567 0.07717 0.04252 0.01260 0.02677 0.08346 0.04724 0.00787 0.10394 0.11024 0.09764 0.00945 0.06142 0.02520 0.08031 0.03622 0.00630 0.03150 0.05039
A2CAA6                         0.11496 0.08819 0.01575 0.05512 0.01260 0.03622 0.08189 0.06457 0.01732 0.02992 0.16220 0.03150 0.01890 0.02992 0.04094 0.06457 0.03307 0.01102 0.01417 0.07717

Homogeneity statistic: X2 = 5.85943 G = 5.98451 

Average                        0.08899 0.06362 0.03704 0.05662 0.00717 0.04581 0.08150 0.05471 0.01144 0.06336 0.12809 0.05437 0.01456 0.04816 0.04111 0.05572 0.04259 0.00916 0.02377 0.07220

# constant sites:     53 (8.35%)
ln Lmax (unconstrained) = -4016.182089

AA distances (raw proportions of different sites)

A8EU65         
D1B350           0.4189
A6Q2Y7           0.4220  0.3921
Q30RW2           0.4441  0.4142  0.4063
A6QAZ2           0.4520  0.4520  0.4299  0.4441
B9L938           0.4394  0.4551  0.4268  0.4535  0.4661
Q7MAJ4           0.4740  0.4567  0.4772  0.5071  0.4992  0.5118
A8FMT9           0.4724  0.4756  0.4850  0.4866  0.5008  0.4772  0.5433
B9KFU8           0.4835  0.5008  0.4819  0.5055  0.5118  0.4819  0.5465  0.2992
A7H2E5           0.4756  0.4772  0.4850  0.4898  0.5102  0.4866  0.5417  0.0236  0.3024
Q4HH37           0.4882  0.4819  0.4819  0.4976  0.5102  0.4740  0.5433  0.0913  0.2961  0.0961
Q4HSP6           0.4913  0.4693  0.4913  0.5039  0.5291  0.5039  0.5449  0.2677  0.3260  0.2724  0.2898
P56454           0.5465  0.5307  0.5354  0.5291  0.5496  0.5717  0.5465  0.5606  0.5465  0.5591  0.5622  0.5465
B2J6I4           0.6409  0.6457  0.6252  0.6457  0.6378  0.6709  0.6614  0.6535  0.6535  0.6583  0.6535  0.6709  0.6866
B1WW07           0.6457  0.6740  0.6520  0.6583  0.6724  0.6693  0.6614  0.6614  0.6772  0.6661  0.6661  0.6803  0.7008  0.3543
Q3MF18           0.6520  0.6551  0.6378  0.6457  0.6425  0.6724  0.6677  0.6693  0.6567  0.6724  0.6709  0.6819  0.7039  0.2094  0.3417
Q8YPT0           0.6504  0.6520  0.6362  0.6457  0.6378  0.6787  0.6661  0.6693  0.6614  0.6724  0.6709  0.6819  0.7055  0.2110  0.3543  0.0488
A0YQR7           0.6409  0.6283  0.6378  0.6346  0.6362  0.6614  0.6551  0.6646  0.6551  0.6677  0.6630  0.6614  0.6929  0.3055  0.3465  0.2976  0.2929
A0ZCB7           0.6409  0.6346  0.6283  0.6457  0.6394  0.6756  0.6472  0.6677  0.6661  0.6724  0.6677  0.6661  0.6929  0.1890  0.3276  0.2094  0.2173  0.3071
Q4C3U0           0.6472  0.6693  0.6488  0.6567  0.6646  0.6740  0.6598  0.6661  0.6724  0.6740  0.6693  0.6819  0.6898  0.3449  0.1102  0.3370  0.3433  0.3543  0.3386
C7QMN0           0.6520  0.6646  0.6457  0.6598  0.6457  0.6803  0.6661  0.6614  0.6724  0.6693  0.6693  0.6850  0.6898  0.3244  0.2630  0.3118  0.3150  0.3323  0.3339  0.2646
B7K2F9           0.6520  0.6646  0.6457  0.6598  0.6457  0.6803  0.6661  0.6614  0.6724  0.6693  0.6693  0.6850  0.6898  0.3244  0.2630  0.3118  0.3150  0.3323  0.3339  0.2646  0.0000
A3INN8           0.6551  0.6724  0.6567  0.6551  0.6756  0.6677  0.6677  0.6677  0.6803  0.6740  0.6740  0.6803  0.6992  0.3465  0.0693  0.3449  0.3543  0.3575  0.3244  0.1181  0.2661  0.2661
Q31SB9           0.6677  0.6520  0.6472  0.6520  0.6472  0.6740  0.6551  0.6693  0.6756  0.6724  0.6709  0.6803  0.6866  0.3748  0.4157  0.3638  0.3606  0.3685  0.3780  0.4315  0.3858  0.3858  0.4142
B5VYQ2           0.6394  0.6331  0.6425  0.6425  0.6362  0.6661  0.6614  0.6646  0.6677  0.6740  0.6709  0.6583  0.6882  0.3354  0.3669  0.3276  0.3323  0.2819  0.3134  0.3654  0.3528  0.3528  0.3701  0.3748
Q5N201           0.6677  0.6535  0.6472  0.6535  0.6488  0.6740  0.6567  0.6693  0.6756  0.6724  0.6709  0.6803  0.6866  0.3764  0.4173  0.3654  0.3622  0.3701  0.3795  0.4331  0.3874  0.3874  0.4157  0.0016  0.3764
Q10WA6           0.6394  0.6520  0.6315  0.6488  0.6331  0.6630  0.6614  0.6520  0.6614  0.6598  0.6567  0.6756  0.6929  0.3433  0.3449  0.3228  0.3276  0.2850  0.3291  0.3638  0.3496  0.3496  0.3496  0.3858  0.3165  0.3874
B4AZ65           0.6567  0.6724  0.6583  0.6567  0.6630  0.6756  0.6693  0.6693  0.6677  0.6787  0.6740  0.6772  0.6866  0.3465  0.3024  0.3386  0.3496  0.3307  0.3417  0.3118  0.2819  0.2819  0.2961  0.4016  0.3480  0.4031  0.3575
Q2JR10           0.6709  0.6693  0.6677  0.6803  0.6535  0.6882  0.6646  0.6724  0.6913  0.6756  0.6772  0.6819  0.6976  0.4646  0.4835  0.4740  0.4693  0.4646  0.4598  0.4803  0.4583  0.4583  0.4819  0.4488  0.4819  0.4504  0.4898  0.4693
B9YP96           0.6331  0.6441  0.6441  0.6520  0.6535  0.6661  0.6614  0.6598  0.6598  0.6614  0.6598  0.6661  0.6866  0.2189  0.3654  0.2031  0.2094  0.3181  0.2189  0.3575  0.3465  0.3465  0.3591  0.3858  0.3417  0.3858  0.3528  0.3559  0.4913
B7KD52           0.6583  0.6598  0.6488  0.6409  0.6520  0.6661  0.6630  0.6567  0.6693  0.6630  0.6583  0.6709  0.6898  0.3417  0.2929  0.3307  0.3402  0.3354  0.3480  0.2992  0.2850  0.2850  0.3008  0.4047  0.3622  0.4063  0.3717  0.1496  0.4693  0.3543
Q55690           0.6740  0.6709  0.6520  0.6504  0.6709  0.6803  0.6646  0.6661  0.6756  0.6709  0.6740  0.6787  0.6929  0.3921  0.3638  0.3780  0.3890  0.3921  0.3811  0.3669  0.3339  0.3339  0.3559  0.4000  0.3906  0.4000  0.4016  0.3386  0.4583  0.4031  0.3559
Q8DGX0           0.6693  0.6614  0.6472  0.6614  0.6677  0.6929  0.6535  0.6803  0.6772  0.6803  0.6724  0.6724  0.7087  0.4299  0.4520  0.4220  0.4189  0.4236  0.4362  0.4661  0.4299  0.4299  0.4551  0.4205  0.4346  0.4220  0.4346  0.4189  0.4740  0.4394  0.4205  0.4220
P00961           0.6614  0.6724  0.6488  0.6787  0.6535  0.6520  0.6598  0.6803  0.6677  0.6866  0.6835  0.6756  0.6898  0.6488  0.6551  0.6315  0.6346  0.6441  0.6520  0.6535  0.6457  0.6457  0.6520  0.6299  0.6331  0.6299  0.6268  0.6551  0.6551  0.6504  0.6614  0.6409  0.6409
B7LTH3           0.6614  0.6724  0.6488  0.6787  0.6535  0.6520  0.6598  0.6803  0.6661  0.6850  0.6819  0.6740  0.6882  0.6488  0.6551  0.6315  0.6346  0.6441  0.6520  0.6535  0.6457  0.6457  0.6520  0.6315  0.6331  0.6315  0.6268  0.6551  0.6551  0.6504  0.6614  0.6409  0.6409  0.0016
Q2JIU4           0.6772  0.6756  0.6740  0.6898  0.6614  0.6976  0.6661  0.6819  0.7024  0.6850  0.6850  0.6929  0.7039  0.4630  0.4850  0.4740  0.4724  0.4646  0.4614  0.4835  0.4598  0.4598  0.4835  0.4583  0.4803  0.4598  0.4866  0.4677  0.0646  0.4929  0.4677  0.4614  0.4772  0.6677  0.6677
B7N1L1           0.6630  0.6740  0.6488  0.6787  0.6551  0.6504  0.6598  0.6819  0.6661  0.6866  0.6819  0.6740  0.6882  0.6488  0.6551  0.6315  0.6346  0.6441  0.6520  0.6535  0.6457  0.6457  0.6504  0.6315  0.6331  0.6315  0.6268  0.6551  0.6551  0.6504  0.6614  0.6409  0.6409  0.0031  0.0016  0.6677
Q7NK34           0.6693  0.6630  0.6646  0.6567  0.6488  0.6803  0.6362  0.6724  0.6913  0.6819  0.6724  0.6803  0.7087  0.4850  0.5087  0.4913  0.4819  0.4787  0.5039  0.5118  0.4913  0.4913  0.5213  0.4488  0.4961  0.4504  0.5008  0.4898  0.4646  0.5087  0.4929  0.5024  0.4819  0.6362  0.6378  0.4693  0.6378
B1XK79           0.6551  0.6661  0.6441  0.6598  0.6441  0.6866  0.6535  0.6535  0.6756  0.6567  0.6709  0.6756  0.6945  0.3496  0.3228  0.3480  0.3480  0.3433  0.3543  0.3402  0.2913  0.2913  0.3244  0.3874  0.3764  0.3874  0.3858  0.3118  0.4331  0.3732  0.3134  0.3402  0.4346  0.6457  0.6457  0.4268  0.6457  0.4630
B0CD57           0.6630  0.6614  0.6472  0.6583  0.6457  0.6630  0.6567  0.6520  0.6551  0.6520  0.6598  0.6661  0.7134  0.3543  0.3669  0.3402  0.3323  0.3528  0.3402  0.3937  0.3795  0.3795  0.3685  0.3591  0.3638  0.3606  0.3669  0.3937  0.4756  0.3591  0.3827  0.3953  0.4016  0.6299  0.6315  0.4787  0.6315  0.4850  0.3874
Q066M7           0.6740  0.6661  0.6693  0.6835  0.6756  0.7087  0.6677  0.6992  0.6976  0.6992  0.7039  0.6882  0.7260  0.5543  0.5622  0.5417  0.5370  0.5449  0.5496  0.5669  0.5402  0.5402  0.5559  0.5181  0.5465  0.5197  0.5559  0.5433  0.5606  0.5559  0.5622  0.5591  0.5638  0.6346  0.6346  0.5717  0.6346  0.5559  0.5276  0.5370
B0JVW9           0.6598  0.6535  0.6457  0.6535  0.6472  0.6598  0.6693  0.6535  0.6677  0.6614  0.6551  0.6740  0.6945  0.3559  0.3291  0.3606  0.3732  0.3528  0.3496  0.3370  0.3055  0.3055  0.3276  0.4047  0.3701  0.4063  0.3843  0.3118  0.4630  0.3654  0.3055  0.3559  0.4299  0.6551  0.6551  0.4614  0.6551  0.4929  0.3323  0.3906  0.5701
Q3AXJ5           0.6740  0.6677  0.6614  0.6819  0.6740  0.7008  0.6630  0.6961  0.6945  0.6976  0.7008  0.6882  0.7213  0.5465  0.5575  0.5354  0.5307  0.5417  0.5449  0.5606  0.5339  0.5339  0.5512  0.5102  0.5386  0.5118  0.5465  0.5417  0.5543  0.5528  0.5575  0.5496  0.5496  0.6362  0.6362  0.5638  0.6362  0.5559  0.5244  0.5354  0.0614  0.5622
Q7TTV3           0.6598  0.6488  0.6724  0.6772  0.6630  0.6976  0.6551  0.6850  0.6961  0.6850  0.6850  0.6850  0.7071  0.5370  0.5449  0.5370  0.5260  0.5433  0.5417  0.5528  0.5465  0.5465  0.5512  0.5008  0.5370  0.5024  0.5591  0.5465  0.5654  0.5417  0.5512  0.5496  0.5496  0.6425  0.6425  0.5701  0.6425  0.5433  0.5417  0.5354  0.3008  0.5559  0.2913
B8HKQ1           0.6630  0.6551  0.6677  0.6693  0.6598  0.6913  0.6677  0.6835  0.6772  0.6866  0.6850  0.6756  0.6835  0.3606  0.3969  0.3701  0.3748  0.3685  0.3732  0.4157  0.4063  0.4063  0.3969  0.3969  0.3764  0.3984  0.3969  0.4094  0.4693  0.3780  0.4189  0.4236  0.4031  0.6346  0.6346  0.4772  0.6346  0.4945  0.4252  0.3906  0.5795  0.4110  0.5748  0.5386
Q3AK99           0.6630  0.6425  0.6598  0.6756  0.6787  0.7008  0.6457  0.6961  0.6961  0.6976  0.7008  0.6866  0.7291  0.5543  0.5591  0.5354  0.5307  0.5528  0.5480  0.5543  0.5512  0.5512  0.5528  0.5134  0.5354  0.5150  0.5496  0.5433  0.5748  0.5433  0.5575  0.5433  0.5465  0.6472  0.6472  0.5795  0.6472  0.5465  0.5339  0.5449  0.2378  0.5622  0.2331  0.2520  0.5638
A5GTG2           0.6756  0.6740  0.6819  0.6756  0.6740  0.7008  0.6787  0.6882  0.6898  0.6945  0.6913  0.6929  0.7181  0.5386  0.5307  0.5433  0.5354  0.5449  0.5402  0.5386  0.5323  0.5323  0.5339  0.5071  0.5228  0.5087  0.5543  0.5339  0.5717  0.5417  0.5260  0.5417  0.5260  0.6488  0.6504  0.5764  0.6504  0.5543  0.5354  0.5370  0.3953  0.5417  0.3858  0.3890  0.5417  0.4000
A5GLC9           0.6819  0.6630  0.6614  0.6756  0.6756  0.7039  0.6882  0.7024  0.7228  0.7024  0.7055  0.7181  0.7197  0.5669  0.5827  0.5512  0.5449  0.5433  0.5559  0.5827  0.5685  0.5685  0.5748  0.5228  0.5575  0.5244  0.5559  0.5654  0.5654  0.5622  0.5764  0.5654  0.5606  0.6551  0.6551  0.5795  0.6551  0.5717  0.5528  0.5480  0.3559  0.5669  0.3496  0.3480  0.5622  0.3417  0.3937
A2BQP4           0.6661  0.6787  0.6677  0.6913  0.6961  0.6614  0.6866  0.6425  0.6677  0.6441  0.6504  0.6567  0.7024  0.6331  0.6063  0.6299  0.6283  0.6016  0.6205  0.6220  0.6157  0.6157  0.6236  0.6394  0.6220  0.6394  0.6016  0.6378  0.6677  0.6236  0.6362  0.6362  0.6441  0.6882  0.6882  0.6724  0.6898  0.6394  0.6346  0.6283  0.6016  0.6346  0.6031  0.6110  0.6299  0.6047  0.5921  0.6157
Q7VCB0           0.6772  0.6929  0.6724  0.6803  0.6803  0.6835  0.6787  0.7071  0.6882  0.7102  0.7055  0.7024  0.7134  0.5543  0.5543  0.5528  0.5496  0.5543  0.5465  0.5512  0.5528  0.5528  0.5528  0.5543  0.5496  0.5559  0.5622  0.5606  0.6110  0.5622  0.5701  0.5512  0.5764  0.6488  0.6504  0.6189  0.6504  0.6094  0.5827  0.5512  0.4614  0.5748  0.4630  0.4677  0.5559  0.4677  0.4331  0.4866  0.5654
Q31BB8           0.6724  0.6787  0.6677  0.6992  0.6992  0.6709  0.6882  0.6740  0.6835  0.6772  0.6740  0.6646  0.7071  0.6299  0.6110  0.6283  0.6268  0.6063  0.6283  0.6173  0.6031  0.6031  0.6252  0.6362  0.6236  0.6362  0.6031  0.6331  0.6630  0.6220  0.6394  0.6299  0.6362  0.6819  0.6819  0.6693  0.6803  0.6488  0.6394  0.6173  0.5984  0.6488  0.6031  0.6110  0.6205  0.6031  0.5969  0.6126  0.1213  0.5701
A3PCG7           0.6772  0.6803  0.6693  0.6929  0.7024  0.6614  0.6866  0.6535  0.6677  0.6551  0.6551  0.6630  0.7039  0.6378  0.6126  0.6346  0.6331  0.6079  0.6268  0.6220  0.6173  0.6173  0.6268  0.6457  0.6189  0.6457  0.6063  0.6394  0.6630  0.6236  0.6409  0.6362  0.6472  0.6913  0.6913  0.6677  0.6898  0.6488  0.6425  0.6331  0.6031  0.6362  0.6031  0.6157  0.6299  0.6047  0.5984  0.6189  0.0472  0.5685  0.1134
A8G4D7           0.6819  0.6772  0.6756  0.6882  0.7039  0.6756  0.6882  0.6850  0.6945  0.6866  0.6835  0.6898  0.7134  0.6205  0.6110  0.6315  0.6331  0.5937  0.6126  0.6110  0.6157  0.6157  0.6189  0.6268  0.6157  0.6283  0.5890  0.6315  0.6583  0.6268  0.6283  0.6268  0.6315  0.6945  0.6945  0.6598  0.6945  0.6457  0.6252  0.6079  0.5937  0.6315  0.5953  0.6079  0.6220  0.5921  0.5874  0.6047  0.2630  0.5417  0.2598  0.2740
A9BAS3           0.6898  0.6961  0.6693  0.6976  0.6835  0.6945  0.6913  0.7213  0.7276  0.7228  0.7244  0.7150  0.7102  0.5748  0.5606  0.5559  0.5575  0.5685  0.5701  0.5701  0.5622  0.5622  0.5669  0.5465  0.5701  0.5465  0.5701  0.5890  0.6189  0.5717  0.5874  0.5827  0.5717  0.6693  0.6693  0.6252  0.6693  0.6126  0.5937  0.5591  0.4835  0.5795  0.4772  0.4945  0.5732  0.4929  0.4551  0.5008  0.5701  0.4094  0.5559  0.5717  0.5685
Q7V1U6           0.6945  0.7008  0.7024  0.7071  0.7197  0.6850  0.7071  0.6850  0.6945  0.6898  0.6866  0.6882  0.7213  0.6441  0.6252  0.6425  0.6441  0.6079  0.6252  0.6189  0.6283  0.6283  0.6331  0.6472  0.6173  0.6488  0.6157  0.6425  0.6677  0.6299  0.6409  0.6425  0.6504  0.7039  0.7039  0.6693  0.7039  0.6567  0.6488  0.6157  0.5874  0.6441  0.5953  0.6110  0.6362  0.6016  0.6031  0.6268  0.2835  0.5417  0.2630  0.2819  0.1984  0.5591
Q0IAN3           0.6898  0.6614  0.6961  0.6913  0.6835  0.7087  0.6740  0.7165  0.7071  0.7181  0.7118  0.7134  0.7165  0.5685  0.5717  0.5717  0.5732  0.5638  0.5685  0.5780  0.5827  0.5827  0.5701  0.5307  0.5606  0.5323  0.5669  0.5764  0.6000  0.5669  0.5732  0.5764  0.5748  0.6551  0.6551  0.6079  0.6535  0.5764  0.5701  0.5591  0.3575  0.5890  0.3622  0.3402  0.5543  0.3449  0.4000  0.3071  0.6142  0.4646  0.6189  0.6189  0.6094  0.4945  0.6142
Q05TD6           0.6882  0.6661  0.6850  0.6835  0.6866  0.7055  0.6693  0.7087  0.7055  0.7150  0.7055  0.7071  0.7150  0.5496  0.5622  0.5449  0.5417  0.5496  0.5496  0.5575  0.5528  0.5528  0.5591  0.5213  0.5465  0.5228  0.5528  0.5591  0.5764  0.5512  0.5685  0.5480  0.5496  0.6409  0.6409  0.5795  0.6409  0.5591  0.5417  0.5543  0.3071  0.5591  0.3055  0.2850  0.5543  0.2882  0.3748  0.3402  0.6142  0.4583  0.6205  0.6173  0.6126  0.4787  0.6205  0.3150
A3Z778           0.6756  0.6567  0.6819  0.6898  0.6787  0.7118  0.6661  0.6898  0.6945  0.6961  0.7008  0.6835  0.7102  0.5559  0.5543  0.5559  0.5575  0.5528  0.5591  0.5559  0.5480  0.5480  0.5512  0.5197  0.5512  0.5197  0.5654  0.5512  0.5669  0.5512  0.5638  0.5559  0.5465  0.6346  0.6346  0.5685  0.6346  0.5433  0.5260  0.5685  0.3165  0.5606  0.3102  0.3008  0.5496  0.3134  0.3764  0.3512  0.6063  0.4709  0.6047  0.6142  0.6079  0.4913  0.6268  0.3307  0.2551
A3YZZ0           0.6913  0.6724  0.6677  0.6866  0.6803  0.7055  0.6614  0.6882  0.7008  0.6913  0.6945  0.6898  0.7228  0.5244  0.5543  0.5307  0.5244  0.5354  0.5197  0.5559  0.5402  0.5402  0.5465  0.5134  0.5276  0.5150  0.5417  0.5354  0.5575  0.5417  0.5402  0.5543  0.5402  0.6472  0.6472  0.5591  0.6472  0.5559  0.5307  0.5307  0.3748  0.5622  0.3748  0.3669  0.5323  0.3654  0.3386  0.3732  0.6079  0.4315  0.6079  0.6142  0.6000  0.4567  0.6142  0.3669  0.3638  0.3591
A4CUD3           0.6945  0.6693  0.6709  0.6898  0.6882  0.7118  0.6835  0.7055  0.7181  0.7055  0.7055  0.7150  0.7150  0.5685  0.5874  0.5543  0.5496  0.5575  0.5638  0.5795  0.5717  0.5717  0.5795  0.5197  0.5638  0.5213  0.5591  0.5685  0.5811  0.5606  0.5811  0.5669  0.5685  0.6504  0.6504  0.5921  0.6504  0.5701  0.5543  0.5559  0.3528  0.5780  0.3465  0.3417  0.5717  0.3276  0.3937  0.1102  0.6205  0.4929  0.6094  0.6189  0.6079  0.5008  0.6236  0.3024  0.3402  0.3433  0.3764
Q46LH3           0.6835  0.6913  0.6866  0.6850  0.6819  0.6756  0.7039  0.6882  0.7087  0.6929  0.6913  0.6945  0.7181  0.5906  0.5732  0.5732  0.5701  0.5843  0.5874  0.5764  0.5669  0.5669  0.5764  0.5764  0.5764  0.5780  0.5780  0.5874  0.6063  0.5921  0.5843  0.5937  0.5984  0.6740  0.6740  0.6110  0.6740  0.6126  0.5921  0.5748  0.4898  0.6031  0.4882  0.5165  0.6016  0.5071  0.4756  0.5213  0.5386  0.4252  0.5433  0.5402  0.5449  0.4362  0.5433  0.5165  0.5024  0.5024  0.4756  0.5244
A2C1J3           0.6835  0.6913  0.6866  0.6850  0.6819  0.6787  0.7024  0.6898  0.7150  0.6945  0.6961  0.6976  0.7197  0.5953  0.5764  0.5748  0.5717  0.5906  0.5890  0.5795  0.5669  0.5669  0.5795  0.5827  0.5811  0.5843  0.5843  0.5937  0.6110  0.5953  0.5906  0.5937  0.6016  0.6756  0.6756  0.6157  0.6756  0.6157  0.5906  0.5811  0.4961  0.6079  0.4929  0.5197  0.6016  0.5071  0.4772  0.5276  0.5433  0.4252  0.5496  0.5449  0.5465  0.4362  0.5465  0.5197  0.5087  0.5071  0.4787  0.5276  0.0205
Q7TV14           0.6913  0.6835  0.6787  0.6945  0.6913  0.6945  0.6693  0.7008  0.6913  0.7039  0.6992  0.6945  0.6976  0.5386  0.5433  0.5433  0.5417  0.5417  0.5449  0.5543  0.5559  0.5559  0.5480  0.5307  0.5354  0.5323  0.5449  0.5449  0.5795  0.5512  0.5528  0.5606  0.5512  0.6630  0.6646  0.5890  0.6646  0.5701  0.5496  0.5276  0.3953  0.5512  0.3984  0.4031  0.5591  0.3953  0.3465  0.4157  0.5843  0.3953  0.5811  0.5827  0.5811  0.4299  0.5890  0.4000  0.3906  0.4000  0.3370  0.4094  0.4646  0.4677
A2BW72           0.6992  0.6898  0.6850  0.6945  0.7055  0.6803  0.7008  0.6803  0.6835  0.6819  0.6724  0.6882  0.7165  0.6252  0.6173  0.6236  0.6220  0.6047  0.6220  0.6157  0.6236  0.6236  0.6252  0.6409  0.6189  0.6425  0.6063  0.6362  0.6693  0.6252  0.6378  0.6283  0.6504  0.7087  0.7087  0.6709  0.7087  0.6535  0.6425  0.6189  0.6047  0.6425  0.6031  0.6142  0.6331  0.6142  0.6000  0.6205  0.2850  0.5512  0.2898  0.2913  0.2157  0.5685  0.1638  0.6205  0.6252  0.6220  0.6031  0.6268  0.5417  0.5433  0.5890
A2CAA6           0.6929  0.6803  0.6819  0.6961  0.6898  0.6945  0.6709  0.7039  0.6945  0.7071  0.7024  0.6929  0.6976  0.5402  0.5449  0.5449  0.5417  0.5417  0.5465  0.5559  0.5559  0.5559  0.5480  0.5307  0.5402  0.5323  0.5465  0.5433  0.5795  0.5528  0.5512  0.5606  0.5528  0.6630  0.6646  0.5890  0.6646  0.5732  0.5496  0.5323  0.3953  0.5512  0.3969  0.4000  0.5606  0.3937  0.3386  0.4173  0.5827  0.3921  0.5795  0.5811  0.5780  0.4283  0.5890  0.3937  0.3858  0.3969  0.3276  0.4126  0.4583  0.4614  0.0189  0.5874


TREE #  1:  (37, (34, 35), ((13, (7, ((3, (5, 4)), (2, (1, (6, (9, (12, (11, (8, 10)))))))))), ((((56, (48, 60)), ((57, 58), (44, (46, (41, 43))))), (59, (47, ((63, 65), (50, (54, (((51, (49, 52)), (53, (55, 64))), (61, 62)))))))), ((38, (29, 36)), ((24, 26), ((40, (33, 45)), ((((14, 19), (30, (16, 17))), (27, (25, 18))), (42, ((32, 39), ((28, 31), ((21, 22), (20, (15, 23)))))))))))));   MP score: 8487
lnL(ntime: 63  np: 64): -42618.192940      +0.000000
  66..37   66..67   67..34   67..35   66..68   68..69   69..13   69..70   70..7    70..71   71..72   72..3    72..73   73..5    73..4    71..74   74..2    74..75   75..1    75..76   76..6    76..77   77..9    77..78   78..12   78..79   79..11   79..80   80..8    80..10   68..81   81..82   82..83   83..84   84..56   84..85   85..48   85..60   83..86   86..87   87..57   87..58   86..88   88..44   88..89   89..46   89..90   90..41   90..43   82..91   91..59   91..92   92..47   92..93   93..94   94..63   94..65   93..95   95..50   95..96   96..54   96..97   97..98   98..99   99..51   99..100 100..49  100..52   98..101 101..53  101..102 102..55  102..64   97..103 103..61  103..62   81..104 104..105 105..38  105..106 106..29  106..36  104..107 107..108 108..24  108..26  107..109 109..110 110..40  110..111 111..33  111..45  109..112 112..113 113..114 114..115 115..14  115..19  114..116 116..30  116..117 117..16  117..17  113..118 118..27  118..119 119..25  119..18  112..120 120..42  120..121 121..122 122..32  122..39  121..123 123..124 124..28  124..31  123..125 125..126 126..21  126..22  125..127 127..20  127..128 128..15  128..23 
 1.297419 0.000825 1.107981 0.695613 0.629874 0.539064 0.479002 0.416552 0.511487 0.496711 0.444962 0.215341 0.180112 0.047402 0.011218 0.846809 0.598171 0.370354 0.264512 0.063030 0.305813 0.197134 0.225860 0.160447 0.029440 0.555676 0.543618 0.528108 0.010356 0.473158 0.458139 0.416547 0.151539 0.055571 0.019850 0.117462 0.074901 0.009324 0.609950 0.505946 0.034318 0.471142 0.000797 0.434753 0.411116 0.363943 0.361374 0.300526 0.154766 0.118788 0.126977 0.025615 0.251935 0.208899 0.304655 0.281575 0.237211 0.255226 0.086089 0.199944 0.000000 0.059469 0.033028 0.854511

tree length =  21.98226

(37: 1.297419, (34: 0.000825, 35: 0.000825): 1.296594, ((13: 0.695613, (7: 0.629874, ((3: 0.479002, (5: 0.416552, 4: 0.416552): 0.062450): 0.060062, (2: 0.511487, (1: 0.496711, (6: 0.444962, (9: 0.215341, (12: 0.180112, (11: 0.047402, (8: 0.011218, 10: 0.011218): 0.036183): 0.132710): 0.035230): 0.229620): 0.051749): 0.014775): 0.027578): 0.090810): 0.065739): 0.412368, ((((56: 0.264512, (48: 0.063030, 60: 0.063030): 0.201482): 0.105842, ((57: 0.197134, 58: 0.197134): 0.108679, (44: 0.225860, (46: 0.160447, (41: 0.029440, 43: 0.029440): 0.131007): 0.065413): 0.079954): 0.064541): 0.227817, (59: 0.555676, (47: 0.543618, ((63: 0.010356, 65: 0.010356): 0.517752, (50: 0.473158, (54: 0.458139, (((51: 0.055571, (49: 0.019850, 52: 0.019850): 0.035721): 0.095968, (53: 0.117462, (55: 0.074901, 64: 0.074901): 0.042561): 0.034077): 0.265008, (61: 0.009324, 62: 0.009324): 0.407224): 0.041592): 0.015019): 0.054950): 0.015510): 0.012058): 0.042495): 0.248638, ((38: 0.505946, (29: 0.034318, 36: 0.034318): 0.471628): 0.104004, ((24: 0.000797, 26: 0.000797): 0.470345, ((40: 0.411116, (33: 0.363943, 45: 0.363943): 0.047173): 0.023637, ((((14: 0.118788, 19: 0.118788): 0.035978, (30: 0.126977, (16: 0.025615, 17: 0.025615): 0.101362): 0.027789): 0.145759, (27: 0.251935, (25: 0.208899, 18: 0.208899): 0.043035): 0.048591): 0.060848, (42: 0.304655, ((32: 0.237211, 39: 0.237211): 0.044364, ((28: 0.086089, 31: 0.086089): 0.169137, ((21: 0.000000, 22: 0.000000): 0.199944, (20: 0.059469, (15: 0.033028, 23: 0.033028): 0.026441): 0.140476): 0.055282): 0.026349): 0.023079): 0.056719): 0.073380): 0.036389): 0.138809): 0.236859): 0.261172): 0.189438);

(B7N1L1: 1.297419, (P00961: 0.000825, B7LTH3: 0.000825): 1.296594, ((P56454: 0.695613, (Q7MAJ4: 0.629874, ((A6Q2Y7: 0.479002, (A6QAZ2: 0.416552, Q30RW2: 0.416552): 0.062450): 0.060062, (D1B350: 0.511487, (A8EU65: 0.496711, (B9L938: 0.444962, (B9KFU8: 0.215341, (Q4HSP6: 0.180112, (Q4HH37: 0.047402, (A8FMT9: 0.011218, A7H2E5: 0.011218): 0.036183): 0.132710): 0.035230): 0.229620): 0.051749): 0.014775): 0.027578): 0.090810): 0.065739): 0.412368, ((((Q0IAN3: 0.264512, (A5GLC9: 0.063030, A4CUD3: 0.063030): 0.201482): 0.105842, ((Q05TD6: 0.197134, A3Z778: 0.197134): 0.108679, (Q7TTV3: 0.225860, (Q3AK99: 0.160447, (Q066M7: 0.029440, Q3AXJ5: 0.029440): 0.131007): 0.065413): 0.079954): 0.064541): 0.227817, (A3YZZ0: 0.555676, (A5GTG2: 0.543618, ((Q7TV14: 0.010356, A2CAA6: 0.010356): 0.517752, (Q7VCB0: 0.473158, (A9BAS3: 0.458139, (((Q31BB8: 0.055571, (A2BQP4: 0.019850, A3PCG7: 0.019850): 0.035721): 0.095968, (A8G4D7: 0.117462, (Q7V1U6: 0.074901, A2BW72: 0.074901): 0.042561): 0.034077): 0.265008, (Q46LH3: 0.009324, A2C1J3: 0.009324): 0.407224): 0.041592): 0.015019): 0.054950): 0.015510): 0.012058): 0.042495): 0.248638, ((Q7NK34: 0.505946, (Q2JR10: 0.034318, Q2JIU4: 0.034318): 0.471628): 0.104004, ((Q31SB9: 0.000797, Q5N201: 0.000797): 0.470345, ((B0CD57: 0.411116, (Q8DGX0: 0.363943, B8HKQ1: 0.363943): 0.047173): 0.023637, ((((B2J6I4: 0.118788, A0ZCB7: 0.118788): 0.035978, (B9YP96: 0.126977, (Q3MF18: 0.025615, Q8YPT0: 0.025615): 0.101362): 0.027789): 0.145759, (Q10WA6: 0.251935, (B5VYQ2: 0.208899, A0YQR7: 0.208899): 0.043035): 0.048591): 0.060848, (B0JVW9: 0.304655, ((Q55690: 0.237211, B1XK79: 0.237211): 0.044364, ((B4AZ65: 0.086089, B7KD52: 0.086089): 0.169137, ((C7QMN0: 0.000000, B7K2F9: 0.000000): 0.199944, (Q4C3U0: 0.059469, (B1WW07: 0.033028, A3INN8: 0.033028): 0.026441): 0.140476): 0.055282): 0.026349): 0.023079): 0.056719): 0.073380): 0.036389): 0.138809): 0.236859): 0.261172): 0.189438);

(37_B7N1L1, (34_P00961, 35_B7LTH3) 67 , ((13_P56454, (7_Q7MAJ4, ((3_A6Q2Y7, (5_A6QAZ2, 4_Q30RW2) 73 ) 72 , (2_D1B350, (1_A8EU65, (6_B9L938, (9_B9KFU8, (12_Q4HSP6, (11_Q4HH37, (8_A8FMT9, 10_A7H2E5) 80 ) 79 ) 78 ) 77 ) 76 ) 75 ) 74 ) 71 ) 70 ) 69 , ((((56_Q0IAN3, (48_A5GLC9, 60_A4CUD3) 85 ) 84 , ((57_Q05TD6, 58_A3Z778) 87 , (44_Q7TTV3, (46_Q3AK99, (41_Q066M7, 43_Q3AXJ5) 90 ) 89 ) 88 ) 86 ) 83 , (59_A3YZZ0, (47_A5GTG2, ((63_Q7TV14, 65_A2CAA6) 94 , (50_Q7VCB0, (54_A9BAS3, (((51_Q31BB8, (49_A2BQP4, 52_A3PCG7) 100 ) 99 , (53_A8G4D7, (55_Q7V1U6, 64_A2BW72) 102 ) 101 ) 98 , (61_Q46LH3, 62_A2C1J3) 103 ) 97 ) 96 ) 95 ) 93 ) 92 ) 91 ) 82 , ((38_Q7NK34, (29_Q2JR10, 36_Q2JIU4) 106 ) 105 , ((24_Q31SB9, 26_Q5N201) 108 , ((40_B0CD57, (33_Q8DGX0, 45_B8HKQ1) 111 ) 110 , ((((14_B2J6I4, 19_A0ZCB7) 115 , (30_B9YP96, (16_Q3MF18, 17_Q8YPT0) 117 ) 116 ) 114 , (27_Q10WA6, (25_B5VYQ2, 18_A0YQR7) 119 ) 118 ) 113 , (42_B0JVW9, ((32_Q55690, 39_B1XK79) 122 , ((28_B4AZ65, 31_B7KD52) 124 , ((21_C7QMN0, 22_B7K2F9) 126 , (20_Q4C3U0, (15_B1WW07, 23_A3INN8) 128 ) 127 ) 125 ) 123 ) 121 ) 120 ) 112 ) 109 ) 107 ) 104 ) 81 ) 68 ) 66 ;

Detailed output identifying parameters

alpha (gamma, K = 5) =  0.85451
rate:   0.08110  0.31251  0.65518  1.20946  2.74175
freq:   0.20000  0.20000  0.20000  0.20000  0.20000

Time used: 29:20
