AAML (in paml version 4.6, August 2012)  207.aa
Model: Empirical for branches,  Global clock  (../../../bin/WAG.dat) dGamma (ncatG=4) ns =  65  ls =  64


Frequencies..
                                    A      R      N      D      C      Q      E      G      H      I      L      K      M      F      P      S      T      W      Y      V
A8ER63                         0.06250 0.01562 0.04688 0.06250 0.07812 0.01562 0.06250 0.04688 0.03125 0.04688 0.03125 0.12500 0.03125 0.06250 0.03125 0.06250 0.07812 0.00000 0.03125 0.07812
D1AZ63                         0.06250 0.03125 0.04688 0.04688 0.07812 0.00000 0.07812 0.04688 0.03125 0.06250 0.03125 0.10938 0.03125 0.06250 0.04688 0.07812 0.04688 0.00000 0.03125 0.07812
B9KDU7                         0.06250 0.01562 0.03125 0.03125 0.07812 0.00000 0.09375 0.04688 0.03125 0.06250 0.00000 0.15625 0.03125 0.06250 0.04688 0.09375 0.04688 0.00000 0.03125 0.07812
Q4HFJ6                         0.06250 0.03125 0.03125 0.03125 0.07812 0.00000 0.09375 0.04688 0.03125 0.04688 0.01562 0.14062 0.03125 0.06250 0.03125 0.09375 0.04688 0.00000 0.03125 0.09375
A7H1N3                         0.09375 0.03125 0.04688 0.03125 0.07812 0.00000 0.09375 0.04688 0.03125 0.04688 0.01562 0.14062 0.03125 0.06250 0.03125 0.06250 0.04688 0.00000 0.03125 0.07812
A8FJW4                         0.07812 0.03125 0.04688 0.03125 0.07812 0.00000 0.09375 0.04688 0.03125 0.04688 0.01562 0.14062 0.03125 0.06250 0.03125 0.06250 0.06250 0.00000 0.03125 0.07812
Q4HPL5                         0.07812 0.03125 0.04688 0.03125 0.07812 0.00000 0.09375 0.04688 0.03125 0.03125 0.03125 0.14062 0.03125 0.06250 0.03125 0.06250 0.04688 0.00000 0.03125 0.09375
A6Q6S1                         0.04688 0.04688 0.06250 0.04688 0.07812 0.00000 0.09375 0.06250 0.03125 0.06250 0.03125 0.12500 0.04688 0.06250 0.04688 0.04688 0.03125 0.00000 0.03125 0.04688
A6Q5A7                         0.01562 0.03125 0.06250 0.06250 0.07812 0.01562 0.06250 0.04688 0.04688 0.06250 0.03125 0.12500 0.03125 0.06250 0.04688 0.03125 0.06250 0.00000 0.03125 0.09375
Q30P97                         0.03125 0.06250 0.04688 0.06250 0.07812 0.03125 0.07812 0.04688 0.03125 0.06250 0.01562 0.10938 0.04688 0.06250 0.03125 0.07812 0.06250 0.00000 0.01562 0.04688
B9L5T1                         0.00000 0.04688 0.01562 0.04688 0.07812 0.03125 0.09375 0.09375 0.04688 0.04688 0.04688 0.15625 0.01562 0.04688 0.03125 0.03125 0.04688 0.00000 0.04688 0.07812
Q7MSH1                         0.01562 0.03125 0.03125 0.04688 0.04688 0.01562 0.06250 0.06250 0.03125 0.04688 0.03125 0.12500 0.03125 0.06250 0.06250 0.07812 0.07812 0.00000 0.04688 0.09375
B7N2S7                         0.03125 0.07812 0.06250 0.07812 0.06250 0.01562 0.03125 0.07812 0.04688 0.06250 0.03125 0.09375 0.03125 0.06250 0.03125 0.06250 0.06250 0.00000 0.01562 0.06250
P0A7M9                         0.03125 0.07812 0.06250 0.07812 0.06250 0.01562 0.03125 0.07812 0.04688 0.06250 0.03125 0.09375 0.03125 0.06250 0.03125 0.06250 0.06250 0.00000 0.01562 0.06250
B7LUR8                         0.03125 0.07812 0.06250 0.07812 0.06250 0.01562 0.03125 0.07812 0.04688 0.06250 0.03125 0.09375 0.03125 0.06250 0.03125 0.06250 0.06250 0.00000 0.01562 0.06250
P66185                         0.03125 0.04688 0.01562 0.04688 0.04688 0.01562 0.07812 0.06250 0.03125 0.09375 0.03125 0.10938 0.03125 0.04688 0.06250 0.07812 0.07812 0.00000 0.04688 0.04688
Q7ND16                         0.06250 0.07812 0.04688 0.03125 0.06250 0.03125 0.07812 0.10938 0.03125 0.07812 0.01562 0.07812 0.01562 0.04688 0.04688 0.01562 0.04688 0.00000 0.04688 0.07812
Q2JL69                         0.01562 0.03125 0.03125 0.03125 0.01562 0.03125 0.07812 0.10938 0.03125 0.04688 0.03125 0.10938 0.06250 0.04688 0.06250 0.06250 0.04688 0.01562 0.03125 0.10938
Q7V9Y9                         0.01562 0.04688 0.04688 0.07812 0.01562 0.03125 0.04688 0.09375 0.04688 0.06250 0.01562 0.06250 0.06250 0.04688 0.06250 0.03125 0.09375 0.01562 0.03125 0.09375
B0C425                         0.01562 0.04688 0.01562 0.06250 0.01562 0.03125 0.09375 0.09375 0.04688 0.04688 0.01562 0.07812 0.06250 0.04688 0.04688 0.03125 0.07812 0.01562 0.04688 0.10938
Q2JUK0                         0.01562 0.03125 0.03125 0.04688 0.01562 0.03125 0.06250 0.10938 0.03125 0.06250 0.01562 0.10938 0.06250 0.04688 0.06250 0.06250 0.04688 0.01562 0.03125 0.10938
B9YIV0                         0.03125 0.04688 0.03125 0.04688 0.01562 0.04688 0.06250 0.09375 0.04688 0.06250 0.03125 0.07812 0.04688 0.03125 0.06250 0.03125 0.06250 0.01562 0.06250 0.09375
A5GVY8                         0.01562 0.04688 0.03125 0.07812 0.01562 0.01562 0.04688 0.09375 0.04688 0.04688 0.03125 0.06250 0.06250 0.04688 0.06250 0.03125 0.12500 0.01562 0.03125 0.09375
Q7V519                         0.01562 0.04688 0.04688 0.07812 0.01562 0.03125 0.04688 0.09375 0.04688 0.04688 0.03125 0.06250 0.06250 0.04688 0.06250 0.03125 0.09375 0.01562 0.03125 0.09375
A2CC56                         0.01562 0.04688 0.04688 0.07812 0.01562 0.03125 0.04688 0.09375 0.04688 0.04688 0.03125 0.06250 0.06250 0.04688 0.06250 0.03125 0.09375 0.01562 0.03125 0.09375
Q8DMK6                         0.03125 0.06250 0.03125 0.04688 0.01562 0.03125 0.07812 0.09375 0.04688 0.06250 0.01562 0.07812 0.03125 0.04688 0.06250 0.04688 0.06250 0.01562 0.04688 0.09375
A0ZG46                         0.01562 0.04688 0.03125 0.04688 0.01562 0.04688 0.06250 0.09375 0.04688 0.04688 0.04688 0.07812 0.04688 0.03125 0.06250 0.03125 0.07812 0.01562 0.06250 0.09375
A2C4X2                         0.03125 0.06250 0.03125 0.06250 0.01562 0.04688 0.06250 0.07812 0.03125 0.06250 0.01562 0.06250 0.06250 0.04688 0.06250 0.01562 0.10938 0.01562 0.03125 0.09375
A9BCL9                         0.01562 0.04688 0.03125 0.07812 0.01562 0.03125 0.04688 0.09375 0.04688 0.06250 0.01562 0.06250 0.06250 0.04688 0.06250 0.03125 0.10938 0.01562 0.03125 0.09375
Q46IT7                         0.03125 0.04688 0.03125 0.06250 0.01562 0.04688 0.06250 0.09375 0.03125 0.06250 0.01562 0.06250 0.06250 0.04688 0.06250 0.01562 0.10938 0.01562 0.03125 0.09375
Q5N0T7                         0.01562 0.04688 0.03125 0.04688 0.01562 0.04688 0.09375 0.09375 0.04688 0.04688 0.03125 0.06250 0.04688 0.03125 0.06250 0.03125 0.07812 0.01562 0.06250 0.09375
Q31L35                         0.01562 0.04688 0.03125 0.04688 0.01562 0.04688 0.09375 0.09375 0.04688 0.04688 0.03125 0.06250 0.04688 0.03125 0.06250 0.03125 0.07812 0.01562 0.06250 0.09375
B5W6Q3                         0.01562 0.04688 0.01562 0.04688 0.03125 0.03125 0.09375 0.09375 0.04688 0.09375 0.03125 0.06250 0.04688 0.03125 0.06250 0.03125 0.06250 0.01562 0.04688 0.09375
Q7U4H3                         0.01562 0.03125 0.03125 0.07812 0.01562 0.03125 0.04688 0.09375 0.04688 0.06250 0.01562 0.07812 0.06250 0.04688 0.06250 0.03125 0.10938 0.01562 0.03125 0.09375
B8HNG7                         0.01562 0.04688 0.03125 0.04688 0.01562 0.04688 0.06250 0.09375 0.04688 0.06250 0.04688 0.07812 0.03125 0.01562 0.06250 0.03125 0.07812 0.01562 0.07812 0.09375
Q0ID33                         0.01562 0.04688 0.04688 0.07812 0.01562 0.03125 0.04688 0.09375 0.03125 0.06250 0.01562 0.06250 0.06250 0.04688 0.06250 0.03125 0.10938 0.01562 0.03125 0.09375
Q05QE1                         0.01562 0.03125 0.03125 0.07812 0.01562 0.03125 0.04688 0.09375 0.04688 0.06250 0.01562 0.07812 0.06250 0.04688 0.06250 0.03125 0.10938 0.01562 0.03125 0.09375
Q3MF92                         0.01562 0.04688 0.03125 0.04688 0.01562 0.03125 0.06250 0.09375 0.04688 0.04688 0.03125 0.09375 0.04688 0.03125 0.06250 0.03125 0.07812 0.01562 0.06250 0.10938
Q8YPK8                         0.01562 0.04688 0.03125 0.04688 0.01562 0.03125 0.06250 0.09375 0.04688 0.04688 0.03125 0.09375 0.04688 0.03125 0.06250 0.03125 0.07812 0.01562 0.06250 0.10938
A3YUJ1                         0.01562 0.04688 0.03125 0.07812 0.01562 0.03125 0.04688 0.09375 0.04688 0.04688 0.03125 0.06250 0.06250 0.03125 0.06250 0.03125 0.10938 0.01562 0.04688 0.09375
A8G734                         0.01562 0.03125 0.03125 0.06250 0.01562 0.03125 0.06250 0.09375 0.04688 0.04688 0.03125 0.09375 0.06250 0.04688 0.06250 0.03125 0.09375 0.01562 0.03125 0.09375
Q318L2                         0.01562 0.03125 0.03125 0.06250 0.01562 0.03125 0.06250 0.09375 0.04688 0.04688 0.03125 0.09375 0.06250 0.04688 0.06250 0.03125 0.09375 0.01562 0.03125 0.09375
A2BTB0                         0.01562 0.03125 0.03125 0.06250 0.01562 0.03125 0.06250 0.09375 0.04688 0.04688 0.03125 0.09375 0.06250 0.04688 0.06250 0.03125 0.09375 0.01562 0.03125 0.09375
A3PF20                         0.01562 0.03125 0.03125 0.06250 0.01562 0.03125 0.06250 0.09375 0.04688 0.04688 0.03125 0.09375 0.06250 0.04688 0.06250 0.03125 0.09375 0.01562 0.03125 0.09375
B2ITM6                         0.01562 0.04688 0.03125 0.06250 0.01562 0.03125 0.04688 0.09375 0.04688 0.06250 0.03125 0.09375 0.04688 0.03125 0.06250 0.03125 0.07812 0.01562 0.06250 0.09375
Q060U9                         0.03125 0.03125 0.03125 0.07812 0.01562 0.03125 0.04688 0.09375 0.04688 0.06250 0.01562 0.07812 0.06250 0.04688 0.06250 0.01562 0.10938 0.01562 0.03125 0.09375
Q3AW65                         0.03125 0.03125 0.03125 0.07812 0.01562 0.03125 0.04688 0.09375 0.04688 0.06250 0.01562 0.07812 0.06250 0.04688 0.06250 0.01562 0.10938 0.01562 0.03125 0.09375
Q7UZX0                         0.01562 0.03125 0.03125 0.06250 0.01562 0.01562 0.06250 0.09375 0.04688 0.04688 0.03125 0.10938 0.06250 0.04688 0.06250 0.03125 0.09375 0.01562 0.03125 0.09375
A2BYQ8                         0.01562 0.03125 0.03125 0.06250 0.01562 0.01562 0.06250 0.09375 0.04688 0.04688 0.03125 0.10938 0.06250 0.04688 0.06250 0.03125 0.09375 0.01562 0.03125 0.09375
Q3AMQ8                         0.03125 0.03125 0.03125 0.07812 0.01562 0.03125 0.04688 0.09375 0.04688 0.06250 0.01562 0.07812 0.06250 0.04688 0.06250 0.01562 0.10938 0.01562 0.03125 0.09375
A5GIR7                         0.01562 0.04688 0.03125 0.06250 0.01562 0.03125 0.06250 0.09375 0.04688 0.06250 0.01562 0.06250 0.06250 0.04688 0.06250 0.03125 0.10938 0.01562 0.03125 0.09375
A4CSP4                         0.01562 0.04688 0.03125 0.06250 0.01562 0.03125 0.06250 0.09375 0.04688 0.06250 0.01562 0.06250 0.06250 0.04688 0.06250 0.03125 0.10938 0.01562 0.03125 0.09375
A0YJR5                         0.03125 0.04688 0.03125 0.04688 0.01562 0.03125 0.09375 0.07812 0.03125 0.06250 0.03125 0.06250 0.04688 0.03125 0.06250 0.03125 0.07812 0.01562 0.07812 0.09375
Q110D6                         0.01562 0.04688 0.03125 0.04688 0.01562 0.03125 0.09375 0.07812 0.04688 0.06250 0.00000 0.07812 0.04688 0.03125 0.06250 0.04688 0.07812 0.01562 0.06250 0.10938
P73292                         0.01562 0.04688 0.04688 0.06250 0.01562 0.01562 0.06250 0.09375 0.03125 0.09375 0.00000 0.07812 0.06250 0.03125 0.06250 0.03125 0.10938 0.01562 0.04688 0.07812
A3Z8U7                         0.01562 0.04688 0.03125 0.07812 0.01562 0.03125 0.04688 0.09375 0.04688 0.06250 0.01562 0.06250 0.06250 0.04688 0.04688 0.04688 0.10938 0.01562 0.03125 0.09375
B1XJH9                         0.01562 0.04688 0.04688 0.06250 0.01562 0.03125 0.07812 0.09375 0.03125 0.10938 0.01562 0.06250 0.04688 0.03125 0.06250 0.03125 0.07812 0.01562 0.04688 0.07812
B4B3Q3                         0.01562 0.04688 0.03125 0.04688 0.01562 0.03125 0.07812 0.09375 0.04688 0.07812 0.01562 0.06250 0.04688 0.04688 0.06250 0.03125 0.09375 0.01562 0.03125 0.10938
A3IQ33                         0.03125 0.04688 0.04688 0.04688 0.01562 0.04688 0.07812 0.07812 0.03125 0.07812 0.00000 0.06250 0.04688 0.03125 0.06250 0.03125 0.09375 0.01562 0.04688 0.10938
B7KI16                         0.01562 0.04688 0.03125 0.04688 0.01562 0.03125 0.07812 0.09375 0.04688 0.06250 0.01562 0.06250 0.06250 0.03125 0.06250 0.03125 0.09375 0.01562 0.04688 0.10938
B1WQU0                         0.03125 0.04688 0.04688 0.04688 0.01562 0.04688 0.07812 0.07812 0.03125 0.07812 0.00000 0.06250 0.04688 0.03125 0.06250 0.03125 0.09375 0.01562 0.04688 0.10938
B0JY33                         0.01562 0.04688 0.03125 0.03125 0.01562 0.01562 0.07812 0.07812 0.04688 0.06250 0.03125 0.10938 0.06250 0.03125 0.06250 0.03125 0.09375 0.01562 0.04688 0.09375
Q4C143                         0.03125 0.04688 0.03125 0.03125 0.01562 0.04688 0.09375 0.07812 0.04688 0.07812 0.01562 0.06250 0.03125 0.03125 0.06250 0.03125 0.09375 0.01562 0.04688 0.10938
C7QS33                         0.01562 0.04688 0.04688 0.04688 0.01562 0.04688 0.07812 0.09375 0.04688 0.09375 0.00000 0.06250 0.04688 0.03125 0.06250 0.03125 0.09375 0.01562 0.04688 0.07812
B7K219                         0.01562 0.04688 0.04688 0.04688 0.01562 0.04688 0.07812 0.09375 0.04688 0.09375 0.00000 0.06250 0.04688 0.03125 0.06250 0.03125 0.09375 0.01562 0.04688 0.07812

Homogeneity statistic: X2 = 7.47044 G = 7.61994 

Average                        0.02644 0.04375 0.03678 0.05649 0.03029 0.02788 0.06779 0.08413 0.04159 0.06082 0.02260 0.08774 0.04904 0.04495 0.05601 0.03990 0.08245 0.01154 0.03966 0.09014

# constant sites:     10 (15.62%)
ln Lmax (unconstrained) = -262.009634

AA distances (raw proportions of different sites)

A8ER63         
D1AZ63           0.2188
B9KDU7           0.2656  0.1875
Q4HFJ6           0.2812  0.1719  0.0781
A7H1N3           0.2969  0.1719  0.0938  0.0469
A8FJW4           0.2969  0.1719  0.0781  0.0469  0.0156
Q4HPL5           0.3125  0.1875  0.1094  0.0469  0.0312  0.0312
A6Q6S1           0.3594  0.2344  0.2656  0.2812  0.2812  0.2812  0.2969
A6Q5A7           0.3438  0.2188  0.2812  0.2812  0.2969  0.2969  0.2969  0.2031
Q30P97           0.4219  0.3281  0.3594  0.3438  0.3594  0.3594  0.3750  0.3438  0.3438
B9L5T1           0.5156  0.4219  0.4688  0.4375  0.4375  0.4375  0.4531  0.4531  0.4375  0.5000
Q7MSH1           0.3750  0.2969  0.3594  0.3438  0.3438  0.3438  0.3594  0.3594  0.3750  0.4375  0.4219
B7N2S7           0.5156  0.5312  0.5469  0.5312  0.5312  0.5312  0.5469  0.5625  0.5000  0.4688  0.5469  0.5938
P0A7M9           0.5156  0.5312  0.5469  0.5312  0.5312  0.5312  0.5469  0.5625  0.5000  0.4688  0.5469  0.5938  0.0000
B7LUR8           0.5156  0.5312  0.5469  0.5312  0.5312  0.5312  0.5469  0.5625  0.5000  0.4688  0.5469  0.5938  0.0000  0.0000
P66185           0.4531  0.3281  0.4062  0.4062  0.4062  0.4062  0.4219  0.3281  0.4062  0.4531  0.4531  0.1250  0.6094  0.6094  0.6094
Q7ND16           0.5000  0.4688  0.4375  0.4531  0.4375  0.4375  0.4531  0.4375  0.4844  0.5625  0.4844  0.5312  0.5000  0.5000  0.5000  0.5469
Q2JL69           0.5312  0.5156  0.4219  0.4531  0.4531  0.4375  0.4375  0.5000  0.5156  0.6250  0.5625  0.4531  0.5938  0.5938  0.5938  0.4844  0.5000
Q7V9Y9           0.5469  0.5469  0.4688  0.5156  0.5156  0.5000  0.5312  0.5469  0.5625  0.6250  0.6094  0.5156  0.5469  0.5469  0.5469  0.5469  0.4844  0.2031
B0C425           0.5156  0.5312  0.4844  0.4844  0.4844  0.4688  0.5000  0.5625  0.5469  0.6094  0.5781  0.5000  0.5156  0.5156  0.5156  0.5312  0.5156  0.1719  0.1406
Q2JUK0           0.5312  0.5156  0.4219  0.4531  0.4531  0.4375  0.4688  0.4688  0.4844  0.5938  0.5312  0.4531  0.5625  0.5625  0.5625  0.4844  0.4688  0.0312  0.1719  0.1719
B9YIV0           0.5312  0.5156  0.4531  0.4688  0.4688  0.4531  0.4844  0.5469  0.5625  0.6406  0.5469  0.4844  0.5469  0.5469  0.5469  0.5156  0.4688  0.1719  0.1875  0.1406  0.1719
A5GVY8           0.5312  0.5312  0.4844  0.5000  0.5000  0.4844  0.5156  0.5469  0.5469  0.6250  0.5938  0.5156  0.5312  0.5312  0.5312  0.5469  0.4844  0.1875  0.0469  0.1406  0.1562  0.1719
Q7V519           0.5312  0.5312  0.4844  0.5000  0.5000  0.4844  0.5156  0.5469  0.5469  0.6250  0.5938  0.5000  0.5312  0.5312  0.5312  0.5469  0.4844  0.1875  0.0156  0.1250  0.1562  0.1719  0.0312
A2CC56           0.5312  0.5312  0.4844  0.5000  0.5000  0.4844  0.5156  0.5469  0.5469  0.6250  0.5938  0.5000  0.5312  0.5312  0.5312  0.5469  0.4844  0.1875  0.0156  0.1250  0.1562  0.1719  0.0312  0.0000
Q8DMK6           0.5156  0.4844  0.4219  0.4375  0.4375  0.4219  0.4531  0.5000  0.5156  0.6094  0.6250  0.4688  0.5781  0.5781  0.5781  0.5000  0.4375  0.2188  0.2500  0.1719  0.2188  0.1719  0.2344  0.2344  0.2344
A0ZG46           0.5312  0.5469  0.4844  0.5000  0.5000  0.4844  0.5156  0.5781  0.5625  0.6250  0.5469  0.4688  0.5312  0.5312  0.5312  0.5156  0.5000  0.1875  0.1875  0.1406  0.1875  0.0312  0.1719  0.1719  0.1719  0.2031
A2C4X2           0.5625  0.5625  0.4688  0.5156  0.5156  0.5000  0.5312  0.5469  0.5625  0.6250  0.6406  0.5469  0.5469  0.5469  0.5469  0.5625  0.5000  0.2188  0.0781  0.1719  0.1875  0.2188  0.0938  0.0938  0.0938  0.2656  0.2188
A9BCL9           0.5469  0.5469  0.4688  0.5156  0.5156  0.5000  0.5312  0.5469  0.5625  0.6250  0.6094  0.5312  0.5469  0.5469  0.5469  0.5469  0.4844  0.2031  0.0156  0.1406  0.1719  0.1875  0.0312  0.0312  0.0312  0.2500  0.1875  0.0625
Q46IT7           0.5625  0.5625  0.4688  0.5156  0.5156  0.5000  0.5312  0.5469  0.5625  0.6250  0.6250  0.5469  0.5469  0.5469  0.5469  0.5625  0.4844  0.2031  0.0625  0.1562  0.1719  0.2031  0.0781  0.0781  0.0781  0.2656  0.2031  0.0156  0.0469
Q5N0T7           0.5469  0.5469  0.4844  0.5000  0.5000  0.4844  0.5156  0.5625  0.5469  0.6406  0.5781  0.4688  0.5469  0.5469  0.5469  0.5000  0.5000  0.1719  0.1562  0.0938  0.1719  0.0781  0.1562  0.1406  0.1406  0.1875  0.0781  0.1875  0.1562  0.1719
Q31L35           0.5469  0.5469  0.4844  0.5000  0.5000  0.4844  0.5156  0.5625  0.5469  0.6406  0.5781  0.4688  0.5469  0.5469  0.5469  0.5000  0.5000  0.1719  0.1562  0.0938  0.1719  0.0781  0.1562  0.1406  0.1406  0.1875  0.0781  0.1875  0.1562  0.1719  0.0000
B5W6Q3           0.5469  0.5469  0.5156  0.5156  0.5156  0.5156  0.5312  0.5781  0.5156  0.6406  0.5781  0.5000  0.5625  0.5625  0.5625  0.5156  0.5000  0.2500  0.2188  0.1875  0.2500  0.1875  0.2188  0.2031  0.2031  0.2656  0.1875  0.2344  0.2188  0.2188  0.1406  0.1406
Q7U4H3           0.5469  0.5312  0.4531  0.5000  0.5000  0.4844  0.5156  0.5312  0.5469  0.6094  0.5938  0.5312  0.5312  0.5312  0.5312  0.5469  0.4688  0.2188  0.0312  0.1562  0.1875  0.2031  0.0469  0.0469  0.0469  0.2656  0.2031  0.0781  0.0156  0.0625  0.1719  0.1719  0.2344
B8HNG7           0.5625  0.5469  0.4688  0.4844  0.4844  0.4688  0.5000  0.5469  0.5469  0.6406  0.5938  0.4531  0.6094  0.6094  0.6094  0.4844  0.4844  0.2188  0.2500  0.1562  0.2188  0.1094  0.2344  0.2344  0.2344  0.1562  0.1094  0.2812  0.2500  0.2656  0.1250  0.1250  0.2031  0.2656
Q0ID33           0.5469  0.5469  0.4688  0.5156  0.5156  0.5000  0.5312  0.5469  0.5625  0.6250  0.6094  0.5312  0.5312  0.5312  0.5312  0.5469  0.4688  0.2031  0.0312  0.1562  0.1719  0.2031  0.0469  0.0469  0.0469  0.2656  0.2031  0.0625  0.0156  0.0469  0.1719  0.1719  0.2344  0.0312  0.2656
Q05QE1           0.5469  0.5312  0.4531  0.5000  0.5000  0.4844  0.5156  0.5312  0.5469  0.6094  0.5938  0.5312  0.5312  0.5312  0.5312  0.5469  0.4688  0.2188  0.0312  0.1562  0.1875  0.2031  0.0469  0.0469  0.0469  0.2656  0.2031  0.0781  0.0156  0.0625  0.1719  0.1719  0.2344  0.0000  0.2656  0.0312
Q3MF92           0.5469  0.5312  0.4688  0.4844  0.4844  0.4688  0.5000  0.5469  0.5312  0.6094  0.5625  0.4531  0.5312  0.5312  0.5312  0.4844  0.4844  0.1719  0.1719  0.0938  0.1719  0.0469  0.1562  0.1562  0.1562  0.1875  0.0469  0.2031  0.1719  0.1875  0.0625  0.0625  0.1562  0.1875  0.0938  0.1875  0.1875
Q8YPK8           0.5469  0.5312  0.4688  0.4844  0.4844  0.4688  0.5000  0.5469  0.5312  0.6094  0.5625  0.4531  0.5312  0.5312  0.5312  0.4844  0.4844  0.1719  0.1719  0.0938  0.1719  0.0469  0.1562  0.1562  0.1562  0.1875  0.0469  0.2031  0.1719  0.1875  0.0625  0.0625  0.1562  0.1875  0.0938  0.1875  0.1875  0.0000
A3YUJ1           0.5469  0.5469  0.5000  0.5156  0.5156  0.5000  0.5312  0.5625  0.5625  0.6406  0.5781  0.5000  0.5469  0.5469  0.5469  0.5312  0.5000  0.2031  0.0469  0.1406  0.1719  0.1562  0.0312  0.0312  0.0312  0.2500  0.1562  0.0938  0.0312  0.0781  0.1250  0.1250  0.1875  0.0469  0.2188  0.0469  0.0469  0.1406  0.1406
A8G734           0.5469  0.5312  0.4531  0.4688  0.4688  0.4531  0.4844  0.5312  0.5469  0.6094  0.5781  0.5156  0.5156  0.5156  0.5156  0.5469  0.4688  0.2031  0.0625  0.1406  0.1719  0.2031  0.0625  0.0469  0.0469  0.2500  0.2031  0.1250  0.0625  0.1094  0.1719  0.1719  0.2344  0.0469  0.2500  0.0781  0.0469  0.1719  0.1719  0.0625
Q318L2           0.5469  0.5312  0.4531  0.4688  0.4688  0.4531  0.4844  0.5312  0.5469  0.6094  0.5781  0.5156  0.5156  0.5156  0.5156  0.5469  0.4688  0.2031  0.0625  0.1406  0.1719  0.2031  0.0625  0.0469  0.0469  0.2500  0.2031  0.1250  0.0625  0.1094  0.1719  0.1719  0.2344  0.0469  0.2500  0.0781  0.0469  0.1719  0.1719  0.0625  0.0000
A2BTB0           0.5469  0.5312  0.4531  0.4688  0.4688  0.4531  0.4844  0.5312  0.5469  0.6094  0.5781  0.5156  0.5156  0.5156  0.5156  0.5469  0.4688  0.2031  0.0625  0.1406  0.1719  0.2031  0.0625  0.0469  0.0469  0.2500  0.2031  0.1250  0.0625  0.1094  0.1719  0.1719  0.2344  0.0469  0.2500  0.0781  0.0469  0.1719  0.1719  0.0625  0.0000  0.0000
A3PF20           0.5469  0.5312  0.4531  0.4688  0.4688  0.4531  0.4844  0.5312  0.5469  0.6094  0.5781  0.5156  0.5156  0.5156  0.5156  0.5469  0.4688  0.2031  0.0625  0.1406  0.1719  0.2031  0.0625  0.0469  0.0469  0.2500  0.2031  0.1250  0.0625  0.1094  0.1719  0.1719  0.2344  0.0469  0.2500  0.0781  0.0469  0.1719  0.1719  0.0625  0.0000  0.0000  0.0000
B2ITM6           0.5469  0.5312  0.4844  0.5000  0.5000  0.4844  0.5156  0.5781  0.5625  0.6250  0.5469  0.4688  0.5312  0.5312  0.5312  0.5000  0.5000  0.2031  0.1562  0.1250  0.2031  0.0469  0.1406  0.1406  0.1406  0.2188  0.0469  0.2188  0.1562  0.2031  0.0938  0.0938  0.1875  0.1719  0.1250  0.1719  0.1719  0.0312  0.0312  0.1250  0.1562  0.1562  0.1562  0.1562
Q060U9           0.5625  0.5469  0.4688  0.5156  0.5156  0.5000  0.5312  0.5469  0.5625  0.6250  0.6094  0.5469  0.5469  0.5469  0.5469  0.5625  0.4844  0.2344  0.0469  0.1719  0.2031  0.2188  0.0625  0.0625  0.0625  0.2812  0.2188  0.0625  0.0312  0.0469  0.1875  0.1875  0.2344  0.0156  0.2812  0.0469  0.0156  0.2031  0.2031  0.0625  0.0625  0.0625  0.0625  0.0625  0.1875
Q3AW65           0.5625  0.5469  0.4688  0.5156  0.5156  0.5000  0.5312  0.5469  0.5625  0.6250  0.6094  0.5469  0.5469  0.5469  0.5469  0.5625  0.4844  0.2344  0.0469  0.1719  0.2031  0.2188  0.0625  0.0625  0.0625  0.2812  0.2188  0.0625  0.0312  0.0469  0.1875  0.1875  0.2344  0.0156  0.2812  0.0469  0.0156  0.2031  0.2031  0.0625  0.0625  0.0625  0.0625  0.0625  0.1875  0.0000
Q7UZX0           0.5469  0.5156  0.4375  0.4531  0.4531  0.4375  0.4688  0.5156  0.5312  0.5938  0.5625  0.5000  0.5156  0.5156  0.5156  0.5312  0.4531  0.1875  0.0781  0.1562  0.1562  0.1875  0.0625  0.0625  0.0625  0.2344  0.1875  0.1406  0.0781  0.1250  0.1875  0.1875  0.2500  0.0625  0.2344  0.0938  0.0625  0.1562  0.1562  0.0781  0.0156  0.0156  0.0156  0.0156  0.1406  0.0781  0.0781
A2BYQ8           0.5469  0.5156  0.4375  0.4531  0.4531  0.4375  0.4688  0.5156  0.5312  0.5938  0.5625  0.5000  0.5156  0.5156  0.5156  0.5312  0.4531  0.1875  0.0781  0.1562  0.1562  0.1875  0.0625  0.0625  0.0625  0.2344  0.1875  0.1406  0.0781  0.1250  0.1875  0.1875  0.2500  0.0625  0.2344  0.0938  0.0625  0.1562  0.1562  0.0781  0.0156  0.0156  0.0156  0.0156  0.1406  0.0781  0.0781  0.0000
Q3AMQ8           0.5625  0.5469  0.4688  0.5156  0.5156  0.5000  0.5312  0.5469  0.5625  0.6250  0.6094  0.5469  0.5469  0.5469  0.5469  0.5625  0.4844  0.2344  0.0469  0.1719  0.2031  0.2188  0.0625  0.0625  0.0625  0.2812  0.2188  0.0625  0.0312  0.0469  0.1875  0.1875  0.2344  0.0156  0.2812  0.0469  0.0156  0.2031  0.2031  0.0625  0.0625  0.0625  0.0625  0.0625  0.1875  0.0000  0.0000  0.0781  0.0781
A5GIR7           0.5625  0.5625  0.4531  0.5000  0.5000  0.4844  0.5156  0.5469  0.5781  0.6406  0.6094  0.5312  0.5625  0.5625  0.5625  0.5469  0.4844  0.2031  0.0312  0.1562  0.1719  0.2031  0.0469  0.0469  0.0469  0.2500  0.2031  0.0781  0.0156  0.0625  0.1719  0.1719  0.2344  0.0312  0.2500  0.0312  0.0312  0.1875  0.1875  0.0469  0.0469  0.0469  0.0469  0.0469  0.1719  0.0469  0.0469  0.0625  0.0625  0.0469
A4CSP4           0.5625  0.5625  0.4531  0.5000  0.5000  0.4844  0.5156  0.5469  0.5781  0.6406  0.6094  0.5312  0.5625  0.5625  0.5625  0.5469  0.4844  0.2031  0.0312  0.1562  0.1719  0.2031  0.0469  0.0469  0.0469  0.2500  0.2031  0.0781  0.0156  0.0625  0.1719  0.1719  0.2344  0.0312  0.2500  0.0312  0.0312  0.1875  0.1875  0.0469  0.0469  0.0469  0.0469  0.0469  0.1719  0.0469  0.0469  0.0625  0.0625  0.0469  0.0000
A0YJR5           0.5781  0.5781  0.5000  0.5469  0.5469  0.5312  0.5625  0.5938  0.5469  0.6719  0.5938  0.5312  0.5781  0.5781  0.5781  0.5312  0.5156  0.2656  0.2188  0.2031  0.2656  0.2031  0.2500  0.2344  0.2344  0.3125  0.2031  0.2344  0.2188  0.2188  0.1406  0.1406  0.1719  0.2344  0.2188  0.2188  0.2344  0.1719  0.1719  0.2188  0.2656  0.2656  0.2656  0.2656  0.2031  0.2500  0.2500  0.2812  0.2812  0.2500  0.2344  0.2344
Q110D6           0.5781  0.5469  0.4688  0.5156  0.5156  0.5000  0.5312  0.5469  0.5469  0.6406  0.6250  0.5312  0.5625  0.5625  0.5625  0.5156  0.5312  0.2031  0.1406  0.1094  0.2031  0.1719  0.1719  0.1562  0.1562  0.1875  0.1719  0.1562  0.1406  0.1562  0.1250  0.1250  0.2031  0.1562  0.1875  0.1562  0.1562  0.1406  0.1406  0.1719  0.1875  0.1875  0.1875  0.1875  0.1719  0.1719  0.1719  0.2031  0.2031  0.1719  0.1562  0.1562  0.1562
P73292           0.5625  0.5469  0.4844  0.5312  0.5312  0.5156  0.5469  0.5312  0.5312  0.6094  0.5625  0.4688  0.5938  0.5938  0.5938  0.4844  0.4375  0.2344  0.1562  0.2031  0.2031  0.2031  0.1562  0.1719  0.1719  0.2344  0.2031  0.1875  0.1406  0.1719  0.1875  0.1875  0.2344  0.1562  0.2188  0.1250  0.1562  0.1719  0.1719  0.1406  0.2031  0.2031  0.2031  0.2031  0.1719  0.1719  0.1719  0.1875  0.1875  0.1719  0.1562  0.1562  0.2344  0.2031
A3Z8U7           0.5469  0.5469  0.4688  0.5156  0.5156  0.5000  0.5312  0.5469  0.5625  0.6250  0.6094  0.5312  0.5469  0.5469  0.5469  0.5469  0.4844  0.2188  0.0312  0.1562  0.1875  0.2031  0.0469  0.0469  0.0469  0.2656  0.2031  0.0781  0.0156  0.0625  0.1719  0.1719  0.2344  0.0312  0.2656  0.0312  0.0312  0.1875  0.1875  0.0469  0.0781  0.0781  0.0781  0.0781  0.1719  0.0469  0.0469  0.0938  0.0938  0.0469  0.0312  0.0312  0.2344  0.1562  0.1562
B1XJH9           0.5781  0.5625  0.4844  0.5312  0.5312  0.5156  0.5469  0.5625  0.5625  0.6406  0.5469  0.5156  0.5625  0.5625  0.5625  0.5156  0.4531  0.2500  0.1250  0.2031  0.2188  0.1719  0.1562  0.1406  0.1406  0.2812  0.1719  0.1719  0.1250  0.1562  0.1562  0.1562  0.1719  0.1406  0.2188  0.1094  0.1406  0.1719  0.1719  0.1250  0.1719  0.1719  0.1719  0.1719  0.1406  0.1562  0.1562  0.1875  0.1875  0.1562  0.1406  0.1406  0.1875  0.1875  0.0938  0.1406
B4B3Q3           0.5781  0.5781  0.4844  0.5312  0.5312  0.5156  0.5469  0.5469  0.5469  0.6250  0.5781  0.5312  0.5469  0.5469  0.5469  0.5469  0.4531  0.1875  0.0938  0.1250  0.1562  0.1562  0.1094  0.1094  0.1094  0.2344  0.1562  0.1094  0.0781  0.0938  0.1094  0.1094  0.1719  0.0938  0.2031  0.0938  0.0938  0.1250  0.1250  0.1094  0.1406  0.1406  0.1406  0.1406  0.1562  0.1094  0.1094  0.1562  0.1562  0.1094  0.0938  0.0938  0.1719  0.1250  0.1250  0.0938  0.0938
A3IQ33           0.6094  0.5938  0.4844  0.5312  0.5312  0.5156  0.5469  0.5625  0.5625  0.5938  0.5781  0.5312  0.5156  0.5156  0.5156  0.5156  0.4844  0.2500  0.1719  0.2031  0.2188  0.2188  0.1875  0.1875  0.1875  0.2969  0.2188  0.1562  0.1562  0.1562  0.1719  0.1719  0.2344  0.1406  0.2656  0.1406  0.1406  0.1875  0.1875  0.1562  0.1875  0.1875  0.1875  0.1875  0.2188  0.1562  0.1562  0.2031  0.2031  0.1562  0.1719  0.1719  0.2188  0.1875  0.1406  0.1719  0.1250  0.0938
B7KI16           0.5938  0.6094  0.5156  0.5625  0.5625  0.5469  0.5781  0.5781  0.5781  0.6250  0.5625  0.5156  0.5625  0.5625  0.5625  0.5469  0.4844  0.2188  0.1250  0.1562  0.1875  0.1562  0.1406  0.1406  0.1406  0.2656  0.1406  0.1406  0.1094  0.1250  0.1094  0.1094  0.1719  0.1250  0.2031  0.1250  0.1250  0.1250  0.1250  0.1094  0.1719  0.1719  0.1719  0.1719  0.1562  0.1406  0.1406  0.1875  0.1875  0.1406  0.1250  0.1250  0.1719  0.1562  0.1250  0.1250  0.0938  0.0312  0.0938
B1WQU0           0.6094  0.5938  0.4844  0.5312  0.5312  0.5156  0.5469  0.5625  0.5625  0.5938  0.5781  0.5312  0.5156  0.5156  0.5156  0.5156  0.4844  0.2500  0.1719  0.2031  0.2188  0.2188  0.1875  0.1875  0.1875  0.2969  0.2188  0.1562  0.1562  0.1562  0.1719  0.1719  0.2344  0.1406  0.2656  0.1406  0.1406  0.1875  0.1875  0.1562  0.1875  0.1875  0.1875  0.1875  0.2188  0.1562  0.1562  0.2031  0.2031  0.1562  0.1719  0.1719  0.2188  0.1875  0.1406  0.1719  0.1250  0.0938  0.0000  0.0938
B0JY33           0.6094  0.6094  0.5000  0.5469  0.5469  0.5312  0.5625  0.5625  0.5781  0.6250  0.5625  0.5000  0.5781  0.5781  0.5781  0.5312  0.4844  0.2344  0.1875  0.2188  0.2031  0.1875  0.1875  0.2031  0.2031  0.2656  0.1719  0.1875  0.1719  0.1875  0.1562  0.1562  0.2344  0.1875  0.2188  0.1875  0.1875  0.1562  0.1562  0.1719  0.2188  0.2188  0.2188  0.2188  0.1875  0.2031  0.2031  0.2031  0.2031  0.2031  0.1719  0.1719  0.2031  0.2031  0.1562  0.1875  0.1562  0.0938  0.1406  0.0625  0.1406
Q4C143           0.6250  0.6094  0.4688  0.5156  0.5156  0.5000  0.5312  0.5625  0.5781  0.6094  0.5781  0.5312  0.5625  0.5625  0.5625  0.5156  0.5000  0.2656  0.1875  0.2188  0.2344  0.2344  0.2031  0.2031  0.2031  0.2969  0.2344  0.1875  0.1719  0.1875  0.1875  0.1875  0.2500  0.1562  0.2344  0.1875  0.1562  0.2031  0.2031  0.1719  0.1719  0.1719  0.1719  0.1719  0.2344  0.1719  0.1719  0.1875  0.1875  0.1719  0.1562  0.1562  0.2500  0.2031  0.1875  0.1875  0.1719  0.1094  0.0469  0.1094  0.0469  0.1406
C7QS33           0.6562  0.6406  0.5625  0.6094  0.6094  0.5938  0.6250  0.6094  0.6094  0.5938  0.5938  0.5781  0.5469  0.5469  0.5469  0.5625  0.4844  0.2969  0.2031  0.2344  0.2656  0.2500  0.2188  0.2188  0.2188  0.3281  0.2344  0.2188  0.1875  0.2031  0.2031  0.2031  0.2656  0.1719  0.2969  0.2031  0.1719  0.2188  0.2188  0.1875  0.2188  0.2188  0.2188  0.2188  0.2500  0.1875  0.1875  0.2344  0.2344  0.1875  0.2031  0.2031  0.2656  0.2188  0.2031  0.2031  0.1875  0.1250  0.0938  0.0938  0.0938  0.1562  0.1094
B7K219           0.6562  0.6406  0.5625  0.6094  0.6094  0.5938  0.6250  0.6094  0.6094  0.5938  0.5938  0.5781  0.5469  0.5469  0.5469  0.5625  0.4844  0.2969  0.2031  0.2344  0.2656  0.2500  0.2188  0.2188  0.2188  0.3281  0.2344  0.2188  0.1875  0.2031  0.2031  0.2031  0.2656  0.1719  0.2969  0.2031  0.1719  0.2188  0.2188  0.1875  0.2188  0.2188  0.2188  0.2188  0.2500  0.1875  0.1875  0.2344  0.2344  0.1875  0.2031  0.2031  0.2656  0.2188  0.2031  0.2031  0.1875  0.1250  0.0938  0.0938  0.0938  0.1562  0.1094  0.0000


TREE #  1:  (15, (14, 13), (11, (10, (((2, (12, 16)), (1, (3, ((6, (5, (4, 7))), (17, (18, (21, ((26, (20, ((54, ((58, ((60, (62, ((64, 65), (63, (61, 59))))), (57, 55))), ((28, 30), ((19, 29), (40, (36, (56, (((34, (50, (46, 47))), (37, (44, (41, (43, (42, (48, 49))))))), ((51, 52), (23, (24, 25))))))))))), ((31, 32), (53, 33))))), (35, (22, (27, (45, (38, 39))))))))))))), (9, 8)))));   MP score: 296
lnL(ntime: 63  np: 64):  -1860.170069      +0.000000
  66..15   66..67   67..14   67..13   66..68   68..11   68..69   69..10   69..70   70..71   71..72   72..2    72..73   73..12   73..16   71..74   74..1    74..75   75..3    75..76   76..77   77..6    77..78   78..5    78..79   79..4    79..7    76..80   80..17   80..81   81..18   81..82   82..21   82..83   83..84   84..26   84..85   85..20   85..86   86..87   87..54   87..88   88..89   89..58   89..90   90..91   91..60   91..92   92..62   92..93   93..94   94..64   94..65   93..95   95..63   95..96   96..61   96..59   90..97   97..57   97..55   88..98   98..99   99..28   99..30   98..100 100..101 101..19  101..29  100..102 102..40  102..103 103..36  103..104 104..56  104..105 105..106 106..107 107..34  107..108 108..50  108..109 109..46  109..47  106..110 110..37  110..111 111..44  111..112 112..41  112..113 113..43  113..114 114..42  114..115 115..48  115..49  105..116 116..117 117..51  117..52  116..118 118..23  118..119 119..24  119..25   86..120 120..121 121..31  121..32  120..122 122..53  122..33   83..123 123..35  123..124 124..22  124..125 125..27  125..126 126..45  126..127 127..38  127..39   70..128 128..9   128..8  
 0.478588 0.000000 0.354409 0.304165 0.275761 0.254254 0.210260 0.050811 0.254254 0.238674 0.238674 0.022912 0.019990 0.015357 0.190965 0.105325 0.105325 0.086740 0.086740 0.081902 0.081902 0.076487 0.061532 0.051788 0.048077 0.041864 0.041864 0.026838 0.000000 0.013659 0.000000 0.028066 0.034945 0.007074 0.021245 0.015062 0.021245 0.021245 0.021245 0.021245 0.013595 0.013595 0.000000 0.000000 0.013595 0.001906 0.001906 0.001906 0.001906 0.000000 0.021245 0.000000 0.011882 0.000000 0.067229 0.000000 0.053012 0.048957 0.024618 0.024618 0.013217 0.000000 0.152483 1.314902

tree length =   5.43333

(15: 0.478588, (14: 0.000000, 13: 0.000000): 0.478587, (11: 0.354409, (10: 0.304165, (((2: 0.210260, (12: 0.050811, 16: 0.050811): 0.159449): 0.043994, (1: 0.254254, (3: 0.238674, ((6: 0.022912, (5: 0.019990, (4: 0.015357, 7: 0.015357): 0.004633): 0.002922): 0.215761, (17: 0.190965, (18: 0.105325, (21: 0.105325, ((26: 0.086740, (20: 0.081902, ((54: 0.076487, ((58: 0.051788, ((60: 0.041864, (62: 0.041864, ((64: 0.000000, 65: 0.000000): 0.026838, (63: 0.013659, (61: 0.000000, 59: 0.000000): 0.013659): 0.013179): 0.015025): 0.000000): 0.006213, (57: 0.028066, 55: 0.028066): 0.020011): 0.003711): 0.009744, ((28: 0.007074, 30: 0.007074): 0.027871, ((19: 0.015062, 29: 0.015062): 0.006183, (40: 0.021245, (36: 0.021245, (56: 0.021245, (((34: 0.013595, (50: 0.000000, (46: 0.000000, 47: 0.000000): 0.000000): 0.013595): 0.000000, (37: 0.013595, (44: 0.001906, (41: 0.001906, (43: 0.001906, (42: 0.001906, (48: 0.000000, 49: 0.000000): 0.001906): 0.000000): 0.000000): 0.000000): 0.011689): 0.000000): 0.007650, ((51: 0.000000, 52: 0.000000): 0.021245, (23: 0.011882, (24: 0.000000, 25: 0.000000): 0.011882): 0.009363): 0.000000): 0.000000): 0.000000): 0.000000): 0.000000): 0.013700): 0.026587): 0.014955): 0.005415, ((31: 0.000000, 32: 0.000000): 0.067229, (53: 0.053012, 33: 0.053012): 0.014216): 0.014673): 0.000000): 0.004838): 0.000000, (35: 0.048957, (22: 0.024618, (27: 0.024618, (45: 0.013217, (38: 0.000000, 39: 0.000000): 0.013217): 0.011400): 0.000000): 0.024340): 0.037783): 0.018584): 0.000000): 0.085640): 0.047709): 0.000000): 0.015580): 0.000000): 0.021507, (9: 0.152483, 8: 0.152483): 0.123278): 0.028404): 0.050244): 0.124179);

(B7LUR8: 0.478588, (P0A7M9: 0.000000, B7N2S7: 0.000000): 0.478587, (B9L5T1: 0.354409, (Q30P97: 0.304165, (((D1AZ63: 0.210260, (Q7MSH1: 0.050811, P66185: 0.050811): 0.159449): 0.043994, (A8ER63: 0.254254, (B9KDU7: 0.238674, ((A8FJW4: 0.022912, (A7H1N3: 0.019990, (Q4HFJ6: 0.015357, Q4HPL5: 0.015357): 0.004633): 0.002922): 0.215761, (Q7ND16: 0.190965, (Q2JL69: 0.105325, (Q2JUK0: 0.105325, ((Q8DMK6: 0.086740, (B0C425: 0.081902, ((Q110D6: 0.076487, ((B4B3Q3: 0.051788, ((B7KI16: 0.041864, (B0JY33: 0.041864, ((C7QS33: 0.000000, B7K219: 0.000000): 0.026838, (Q4C143: 0.013659, (B1WQU0: 0.000000, A3IQ33: 0.000000): 0.013659): 0.013179): 0.015025): 0.000000): 0.006213, (B1XJH9: 0.028066, P73292: 0.028066): 0.020011): 0.003711): 0.009744, ((A2C4X2: 0.007074, Q46IT7: 0.007074): 0.027871, ((Q7V9Y9: 0.015062, A9BCL9: 0.015062): 0.006183, (A3YUJ1: 0.021245, (Q0ID33: 0.021245, (A3Z8U7: 0.021245, (((Q7U4H3: 0.013595, (Q3AMQ8: 0.000000, (Q060U9: 0.000000, Q3AW65: 0.000000): 0.000000): 0.013595): 0.000000, (Q05QE1: 0.013595, (A3PF20: 0.001906, (A8G734: 0.001906, (A2BTB0: 0.001906, (Q318L2: 0.001906, (Q7UZX0: 0.000000, A2BYQ8: 0.000000): 0.001906): 0.000000): 0.000000): 0.000000): 0.011689): 0.000000): 0.007650, ((A5GIR7: 0.000000, A4CSP4: 0.000000): 0.021245, (A5GVY8: 0.011882, (Q7V519: 0.000000, A2CC56: 0.000000): 0.011882): 0.009363): 0.000000): 0.000000): 0.000000): 0.000000): 0.000000): 0.013700): 0.026587): 0.014955): 0.005415, ((Q5N0T7: 0.000000, Q31L35: 0.000000): 0.067229, (A0YJR5: 0.053012, B5W6Q3: 0.053012): 0.014216): 0.014673): 0.000000): 0.004838): 0.000000, (B8HNG7: 0.048957, (B9YIV0: 0.024618, (A0ZG46: 0.024618, (B2ITM6: 0.013217, (Q3MF92: 0.000000, Q8YPK8: 0.000000): 0.013217): 0.011400): 0.000000): 0.024340): 0.037783): 0.018584): 0.000000): 0.085640): 0.047709): 0.000000): 0.015580): 0.000000): 0.021507, (A6Q5A7: 0.152483, A6Q6S1: 0.152483): 0.123278): 0.028404): 0.050244): 0.124179);

(15_B7LUR8, (14_P0A7M9, 13_B7N2S7) 67 , (11_B9L5T1, (10_Q30P97, (((2_D1AZ63, (12_Q7MSH1, 16_P66185) 73 ) 72 , (1_A8ER63, (3_B9KDU7, ((6_A8FJW4, (5_A7H1N3, (4_Q4HFJ6, 7_Q4HPL5) 79 ) 78 ) 77 , (17_Q7ND16, (18_Q2JL69, (21_Q2JUK0, ((26_Q8DMK6, (20_B0C425, ((54_Q110D6, ((58_B4B3Q3, ((60_B7KI16, (62_B0JY33, ((64_C7QS33, 65_B7K219) 94 , (63_Q4C143, (61_B1WQU0, 59_A3IQ33) 96 ) 95 ) 93 ) 92 ) 91 , (57_B1XJH9, 55_P73292) 97 ) 90 ) 89 , ((28_A2C4X2, 30_Q46IT7) 99 , ((19_Q7V9Y9, 29_A9BCL9) 101 , (40_A3YUJ1, (36_Q0ID33, (56_A3Z8U7, (((34_Q7U4H3, (50_Q3AMQ8, (46_Q060U9, 47_Q3AW65) 109 ) 108 ) 107 , (37_Q05QE1, (44_A3PF20, (41_A8G734, (43_A2BTB0, (42_Q318L2, (48_Q7UZX0, 49_A2BYQ8) 115 ) 114 ) 113 ) 112 ) 111 ) 110 ) 106 , ((51_A5GIR7, 52_A4CSP4) 117 , (23_A5GVY8, (24_Q7V519, 25_A2CC56) 119 ) 118 ) 116 ) 105 ) 104 ) 103 ) 102 ) 100 ) 98 ) 88 ) 87 , ((31_Q5N0T7, 32_Q31L35) 121 , (53_A0YJR5, 33_B5W6Q3) 122 ) 120 ) 86 ) 85 ) 84 , (35_B8HNG7, (22_B9YIV0, (27_A0ZG46, (45_B2ITM6, (38_Q3MF92, 39_Q8YPK8) 127 ) 126 ) 125 ) 124 ) 123 ) 83 ) 82 ) 81 ) 80 ) 76 ) 75 ) 74 ) 71 , (9_A6Q5A7, 8_A6Q6S1) 128 ) 70 ) 69 ) 68 ) 66 ;

Detailed output identifying parameters

alpha (gamma, K = 4) =  1.31490
rate:   0.19526  0.55454  1.03741  2.21279
freq:   0.25000  0.25000  0.25000  0.25000

Time used:  2:12
