AAML (in paml version 4.6, August 2012)  195.aa
Model: Empirical_F for branches,  Global clock  (../../../bin/LG.dat) dGamma (ncatG=4) ns =  65  ls = 186


Frequencies..
                                    A      R      N      D      C      Q      E      G      H      I      L      K      M      F      P      S      T      W      Y      V
A8EWC8                         0.09140 0.01075 0.02688 0.01075 0.01075 0.01075 0.01613 0.11290 0.01075 0.13978 0.15591 0.06452 0.01075 0.02688 0.02151 0.05914 0.04301 0.01075 0.05914 0.10753
Q30ST6                         0.11828 0.02151 0.01613 0.01613 0.00538 0.00538 0.02688 0.11290 0.01613 0.09140 0.15054 0.05914 0.03226 0.05914 0.03226 0.06452 0.03226 0.01075 0.03763 0.09140
A6Q218                         0.09140 0.01075 0.01613 0.01613 0.00538 0.01075 0.01613 0.10215 0.01613 0.10215 0.15591 0.07527 0.02151 0.04839 0.04301 0.05376 0.05914 0.01075 0.02688 0.11828
B9KEQ5                         0.12366 0.01075 0.03226 0.02151 0.01613 0.01075 0.01613 0.08065 0.01613 0.13978 0.12903 0.06989 0.02151 0.07527 0.03226 0.03763 0.03763 0.01075 0.03226 0.08602
Q4HRC0                         0.10215 0.01613 0.04301 0.01613 0.01075 0.00538 0.02151 0.06452 0.01075 0.10215 0.16667 0.07527 0.02688 0.09140 0.02688 0.05376 0.03226 0.01075 0.02688 0.09677
B9L7L8                         0.12366 0.02151 0.02151 0.01075 0.01075 0.01075 0.02688 0.09140 0.01075 0.11290 0.15591 0.06989 0.01075 0.03226 0.03226 0.03763 0.04839 0.01613 0.04839 0.10753
D1B0F6                         0.10753 0.01613 0.01613 0.01613 0.02151 0.01613 0.02688 0.08602 0.02151 0.12903 0.15054 0.06452 0.01075 0.05914 0.02688 0.05376 0.04301 0.01613 0.03763 0.08065
A6QBR5                         0.11828 0.01075 0.02151 0.01075 0.00538 0.01613 0.02151 0.09140 0.01613 0.13978 0.12366 0.06452 0.02688 0.05376 0.03763 0.06452 0.02151 0.01613 0.03226 0.10753
A8FKE6                         0.12366 0.01075 0.02151 0.02151 0.01075 0.00538 0.02688 0.05914 0.01613 0.15054 0.14516 0.08602 0.01075 0.09140 0.02688 0.05376 0.02688 0.01075 0.02688 0.07527
Q7MAV0                         0.10753 0.02151 0.02688 0.00538 0.00538 0.01075 0.03226 0.10753 0.02151 0.08602 0.17742 0.04839 0.03763 0.05376 0.03226 0.05914 0.02688 0.01075 0.03226 0.09677
Q4HG04                         0.10215 0.01075 0.04301 0.01613 0.01075 0.02151 0.02151 0.06452 0.01075 0.13978 0.15054 0.06989 0.01613 0.08602 0.02688 0.04839 0.03763 0.01075 0.02688 0.08602
A7H515                         0.12366 0.01613 0.02151 0.02151 0.01075 0.00538 0.02688 0.05914 0.01613 0.14516 0.14516 0.08065 0.01075 0.09140 0.02151 0.05914 0.03763 0.01075 0.02688 0.06989
O26039                         0.06452 0.00538 0.03226 0.01613 0.00538 0.00538 0.01075 0.11828 0.01613 0.11828 0.15054 0.06452 0.04839 0.08602 0.02151 0.05914 0.04839 0.01075 0.03226 0.08602
B1XJF3                         0.12903 0.03226 0.01613 0.01613 0.00538 0.02688 0.00538 0.10753 0.01075 0.12903 0.12903 0.04839 0.02688 0.04301 0.02688 0.05914 0.05914 0.01613 0.03226 0.08065
Q46JD9                         0.07527 0.05376 0.03226 0.01613 0.00000 0.00538 0.01075 0.10753 0.01613 0.11290 0.18280 0.03763 0.02151 0.05376 0.02151 0.08602 0.03763 0.03226 0.01613 0.08065
A2C4A0                         0.07527 0.05376 0.03226 0.01613 0.00000 0.00538 0.01075 0.10753 0.01613 0.12366 0.18280 0.03763 0.02151 0.05376 0.02151 0.08602 0.03226 0.03226 0.01613 0.07527
P59256                         0.11828 0.04839 0.01613 0.01075 0.00000 0.01613 0.01613 0.11828 0.01613 0.06989 0.16129 0.02688 0.01075 0.06452 0.03226 0.06989 0.05376 0.03763 0.01075 0.10215
C7QX69                         0.09677 0.03226 0.02688 0.01075 0.00000 0.01613 0.01075 0.10753 0.01613 0.10215 0.17742 0.04839 0.03226 0.02688 0.02688 0.08065 0.05914 0.00538 0.02151 0.10215
B7JUX4                         0.09677 0.03226 0.02688 0.01075 0.00000 0.01613 0.01075 0.10753 0.01613 0.10215 0.17742 0.04839 0.03226 0.02688 0.02688 0.08065 0.05914 0.00538 0.02151 0.10215
A8G6D8                         0.07527 0.02151 0.02688 0.01075 0.00000 0.01075 0.02151 0.10753 0.01613 0.15054 0.13441 0.06989 0.01613 0.06989 0.02151 0.07527 0.05376 0.02688 0.02688 0.06452
A2BY34                         0.05914 0.02688 0.02688 0.01613 0.00000 0.01075 0.01075 0.10215 0.02151 0.12903 0.15054 0.07527 0.01613 0.08065 0.02151 0.09677 0.04301 0.02151 0.01075 0.08065
Q7VAP9                         0.08065 0.03763 0.01613 0.01613 0.00000 0.01075 0.01613 0.11828 0.01613 0.12903 0.17204 0.04301 0.01613 0.04839 0.02688 0.10215 0.03763 0.03226 0.01075 0.06989
Q8YZG8                         0.10215 0.03226 0.01613 0.01075 0.01075 0.02688 0.01613 0.13441 0.01075 0.09140 0.15054 0.03763 0.02151 0.04839 0.02688 0.06989 0.04839 0.01075 0.02688 0.10753
A2BSP9                         0.06989 0.02688 0.02688 0.01075 0.00000 0.01075 0.01075 0.10753 0.01613 0.15054 0.13978 0.08065 0.01613 0.06452 0.02151 0.07527 0.05376 0.02688 0.02688 0.06452
B5W9K7                         0.12366 0.03763 0.02151 0.01075 0.00538 0.01075 0.01613 0.10753 0.01075 0.13441 0.11828 0.02151 0.02688 0.03763 0.02151 0.06989 0.06452 0.02688 0.03226 0.10215
B4B804                         0.09677 0.04301 0.02151 0.01075 0.00000 0.01075 0.01613 0.13978 0.01613 0.10753 0.17742 0.03763 0.01613 0.02151 0.02688 0.06989 0.06452 0.01613 0.02688 0.08065
Q7V0D9                         0.07527 0.02688 0.03226 0.01613 0.00000 0.01075 0.01075 0.10215 0.02688 0.13978 0.13978 0.07527 0.01613 0.08065 0.02151 0.08602 0.04301 0.02688 0.01075 0.05914
A0ZE57                         0.09677 0.03226 0.01613 0.01075 0.01613 0.02151 0.01613 0.12903 0.01075 0.10215 0.14516 0.03763 0.02688 0.04839 0.03226 0.07527 0.04301 0.01613 0.02151 0.10215
A3PEG1                         0.07527 0.02688 0.02688 0.01075 0.00000 0.01075 0.01075 0.10753 0.01613 0.13441 0.15054 0.07527 0.02151 0.06452 0.02151 0.07527 0.05376 0.02688 0.03226 0.05914
Q319G0                         0.07527 0.02688 0.03763 0.01075 0.00000 0.01075 0.01075 0.10753 0.02151 0.13978 0.13978 0.06989 0.02151 0.06452 0.02151 0.06989 0.04839 0.02688 0.02688 0.06989
P73933                         0.11290 0.03763 0.02688 0.01075 0.01075 0.01613 0.01613 0.09140 0.01613 0.10215 0.16129 0.04301 0.02688 0.04839 0.02688 0.06452 0.06989 0.01075 0.02151 0.08602
B7KGU6                         0.09677 0.04839 0.03226 0.01075 0.00000 0.01075 0.02151 0.11828 0.01613 0.11828 0.19355 0.02688 0.02151 0.02688 0.02151 0.07527 0.05376 0.00538 0.02688 0.07527
Q4C1W2                         0.09677 0.04301 0.03226 0.01075 0.00000 0.00538 0.01613 0.11290 0.01613 0.09677 0.15591 0.03226 0.02688 0.06452 0.02151 0.08602 0.06452 0.01075 0.02151 0.08602
B0CCQ8                         0.10753 0.03763 0.02151 0.01075 0.00538 0.01075 0.01613 0.12366 0.01613 0.06452 0.16667 0.03763 0.02688 0.03226 0.02688 0.08602 0.05376 0.02688 0.02151 0.10753
A3IPS7                         0.08065 0.04301 0.02688 0.01075 0.00000 0.01613 0.00538 0.11290 0.02688 0.10215 0.18280 0.03763 0.02151 0.04839 0.02688 0.08065 0.05914 0.01075 0.01613 0.09140
B2J9W4                         0.10753 0.03226 0.01075 0.01075 0.00538 0.02151 0.01613 0.12903 0.01613 0.10753 0.13978 0.03763 0.01613 0.04839 0.02688 0.07527 0.04839 0.01613 0.02151 0.11290
Q0I825                         0.10215 0.04839 0.01613 0.02151 0.00000 0.00538 0.01075 0.14516 0.01075 0.07527 0.17742 0.03226 0.02151 0.05376 0.03226 0.07527 0.02688 0.04301 0.00538 0.09677
Q2JPG8                         0.16129 0.05376 0.01075 0.01075 0.00538 0.01613 0.01075 0.13978 0.01075 0.04839 0.16667 0.01613 0.01613 0.02688 0.03226 0.06989 0.04839 0.04839 0.01613 0.09140
B7N0K9                         0.10215 0.03763 0.01613 0.02151 0.02688 0.01613 0.01075 0.12903 0.01613 0.08602 0.12903 0.03226 0.02688 0.05376 0.05914 0.06452 0.03763 0.04301 0.02151 0.06989
P60782                         0.10215 0.03763 0.01613 0.02151 0.02688 0.01613 0.01075 0.12903 0.01613 0.08602 0.12903 0.03226 0.02688 0.05376 0.05914 0.06452 0.03763 0.04301 0.02151 0.06989
B0JU98                         0.07527 0.03226 0.02688 0.01613 0.00538 0.01075 0.00538 0.12903 0.01075 0.09677 0.18280 0.04301 0.03226 0.02688 0.02151 0.08065 0.05376 0.00538 0.04301 0.10215
Q3M918                         0.10215 0.03226 0.01613 0.01613 0.01075 0.02688 0.01613 0.13441 0.01075 0.09140 0.14516 0.03763 0.02151 0.04301 0.02688 0.06989 0.04839 0.01075 0.02151 0.11828
B7LQD7                         0.10215 0.03763 0.01613 0.02151 0.02688 0.01613 0.01075 0.12903 0.01613 0.08065 0.13441 0.03226 0.03226 0.05914 0.05914 0.06452 0.03763 0.04301 0.02151 0.05914
Q10ZX6                         0.08602 0.03763 0.02151 0.01075 0.00538 0.01075 0.02151 0.11290 0.01075 0.15591 0.11290 0.03226 0.01613 0.03763 0.02151 0.09140 0.04839 0.03226 0.03226 0.10215
Q5N0E4                         0.12903 0.06452 0.01075 0.01613 0.00000 0.00000 0.02151 0.11828 0.01075 0.10215 0.17204 0.02688 0.01075 0.03763 0.03763 0.06989 0.02688 0.01613 0.02151 0.10753
Q31LI2                         0.12903 0.06452 0.01075 0.01613 0.00000 0.00000 0.02151 0.11828 0.01075 0.10215 0.17204 0.02688 0.01075 0.03763 0.03763 0.06989 0.02688 0.01613 0.02151 0.10753
Q7NMV2                         0.15591 0.06452 0.01613 0.01075 0.01075 0.00538 0.01613 0.12903 0.01613 0.05914 0.14516 0.02151 0.01075 0.04839 0.03763 0.04839 0.04301 0.04839 0.02151 0.09140
A3Z0Q6                         0.13441 0.04839 0.01075 0.01613 0.01075 0.02151 0.00538 0.12903 0.01613 0.01613 0.24194 0.02688 0.01613 0.01613 0.03763 0.05376 0.04839 0.04301 0.00538 0.10215
A2C755                         0.13441 0.04839 0.01613 0.02151 0.01075 0.01613 0.01613 0.12366 0.01075 0.04839 0.17742 0.02688 0.03763 0.02151 0.04301 0.08065 0.03763 0.03763 0.01075 0.08065
B1X0W5                         0.08065 0.04301 0.02688 0.01075 0.00000 0.01613 0.00538 0.10753 0.02688 0.08602 0.18817 0.03763 0.02151 0.04839 0.02151 0.08602 0.06452 0.01075 0.01613 0.10215
Q7V5Y3                         0.13441 0.04839 0.02151 0.02151 0.00538 0.01075 0.01613 0.12366 0.01613 0.04839 0.17742 0.02688 0.03226 0.02688 0.04301 0.07527 0.03763 0.03763 0.01075 0.08602
B9YU03                         0.09677 0.02688 0.01075 0.01075 0.01075 0.01613 0.01613 0.12366 0.02151 0.11290 0.14516 0.03763 0.01613 0.06452 0.01613 0.09140 0.04839 0.01075 0.02151 0.10215
Q3AZD7                         0.11290 0.04301 0.02688 0.01613 0.01075 0.00538 0.01075 0.14516 0.01075 0.03763 0.19355 0.03226 0.03226 0.02151 0.03226 0.08602 0.02688 0.03763 0.01075 0.10753
Q7U8N7                         0.11290 0.03763 0.01613 0.02151 0.01075 0.00000 0.01075 0.14516 0.01075 0.05914 0.17204 0.03763 0.02688 0.03763 0.03226 0.08065 0.03226 0.03763 0.01075 0.10753
A5GN46                         0.12903 0.04301 0.02688 0.01075 0.00538 0.00538 0.00538 0.13441 0.01075 0.03763 0.18280 0.03763 0.02688 0.04301 0.03763 0.07527 0.02688 0.03226 0.01075 0.11828
Q3AHU3                         0.11290 0.03763 0.02151 0.02151 0.01075 0.00000 0.01075 0.13978 0.01075 0.06452 0.19355 0.03763 0.02151 0.02688 0.03226 0.08065 0.02688 0.03763 0.01075 0.10215
A5GR66                         0.15054 0.04839 0.01075 0.01075 0.01075 0.01075 0.01075 0.15591 0.01075 0.04301 0.17204 0.02688 0.02688 0.02688 0.04301 0.06452 0.02151 0.02688 0.01613 0.11290
A3Z660                         0.13978 0.05376 0.01613 0.01613 0.01075 0.00538 0.01075 0.12903 0.01075 0.05376 0.17742 0.02688 0.02151 0.04301 0.03226 0.08065 0.02151 0.03226 0.01075 0.10753
Q065A2                         0.10753 0.04301 0.02688 0.01613 0.01075 0.00538 0.01075 0.13978 0.01075 0.05376 0.18280 0.03226 0.02688 0.02688 0.03226 0.09140 0.02151 0.03763 0.01075 0.11290
A0YZ86                         0.09677 0.04301 0.01613 0.01613 0.00538 0.00538 0.01613 0.13441 0.01613 0.10753 0.16667 0.03763 0.02151 0.04839 0.02688 0.05914 0.05376 0.02151 0.03226 0.07527
A9BBV0                         0.09677 0.03226 0.02688 0.01613 0.01075 0.00538 0.00538 0.11290 0.01613 0.11290 0.13441 0.05914 0.02688 0.05914 0.02688 0.13441 0.01613 0.03226 0.00538 0.06989
Q05TX7                         0.13441 0.03763 0.01075 0.02151 0.01075 0.01075 0.01075 0.12903 0.01613 0.06452 0.17742 0.03226 0.02688 0.03226 0.03226 0.06452 0.04839 0.03226 0.01075 0.09677
B8HRY4                         0.08602 0.05376 0.01075 0.02151 0.00538 0.01075 0.01075 0.13978 0.01075 0.08602 0.20968 0.03226 0.01075 0.02151 0.03226 0.09140 0.04301 0.03226 0.02151 0.06989
Q2JV01                         0.17204 0.04839 0.01075 0.01075 0.01075 0.01075 0.01075 0.14516 0.01075 0.04839 0.17204 0.02151 0.01613 0.02151 0.03763 0.06989 0.03763 0.04301 0.01613 0.08602
A4CRE3                         0.11828 0.04839 0.02151 0.01613 0.01075 0.00538 0.00538 0.13441 0.01075 0.04301 0.17742 0.03226 0.02688 0.04839 0.03763 0.08065 0.02688 0.03226 0.00538 0.11828

Homogeneity statistic: X2 = 5.90028 G = 6.10025 

Average                        0.10645 0.03557 0.02175 0.01472 0.00720 0.01125 0.01456 0.11638 0.01489 0.09760 0.16146 0.04483 0.02225 0.04822 0.03036 0.07254 0.04268 0.02382 0.02200 0.09148

# constant sites:     20 (10.75%)
ln Lmax (unconstrained) = -958.396514

AA distances (raw proportions of different sites)

A8EWC8         
Q30ST6           0.3763
A6Q218           0.3763  0.3710
B9KEQ5           0.4301  0.4032  0.4194
Q4HRC0           0.4301  0.4731  0.4355  0.3548
B9L7L8           0.4301  0.4032  0.4086  0.4194  0.5108
D1B0F6           0.4032  0.3925  0.3548  0.3925  0.4570  0.4140
A6QBR5           0.4086  0.4032  0.3978  0.4301  0.4570  0.4032  0.4140
A8FKE6           0.4194  0.4570  0.4355  0.3387  0.1774  0.4892  0.4140  0.4462
Q7MAV0           0.3817  0.3925  0.4140  0.4247  0.4892  0.4086  0.3710  0.4140  0.4946
Q4HG04           0.4355  0.4516  0.4247  0.3172  0.1828  0.4677  0.4355  0.4462  0.1667  0.4785
A7H515           0.4462  0.4516  0.4516  0.3548  0.1935  0.4946  0.4247  0.4570  0.0376  0.5054  0.1774
O26039           0.5269  0.5753  0.5161  0.5645  0.5699  0.5699  0.5161  0.5538  0.5806  0.5269  0.5860  0.5806
B1XJF3           0.6129  0.6183  0.6022  0.6667  0.6935  0.5968  0.6075  0.6129  0.6774  0.6613  0.6828  0.6720  0.6398
Q46JD9           0.6452  0.6667  0.6452  0.6505  0.6720  0.6183  0.6505  0.6720  0.6505  0.6452  0.6559  0.6559  0.6559  0.5376
A2C4A0           0.6398  0.6613  0.6398  0.6505  0.6774  0.6075  0.6452  0.6774  0.6559  0.6398  0.6613  0.6613  0.6667  0.5538  0.0215
P59256           0.5914  0.6075  0.6344  0.6559  0.6774  0.5753  0.6183  0.6183  0.6667  0.6237  0.6559  0.6774  0.6774  0.5054  0.5269  0.5215
C7QX69           0.6398  0.6505  0.5968  0.6613  0.6290  0.6075  0.6183  0.6344  0.6398  0.6613  0.6505  0.6452  0.6022  0.3656  0.5484  0.5591  0.4946
B7JUX4           0.6398  0.6505  0.5968  0.6613  0.6290  0.6075  0.6183  0.6344  0.6398  0.6613  0.6505  0.6452  0.6022  0.3656  0.5484  0.5591  0.4946  0.0000
A8G6D8           0.6505  0.6667  0.6398  0.6613  0.6720  0.6774  0.6505  0.6774  0.6559  0.6667  0.6720  0.6667  0.6774  0.5806  0.4570  0.4516  0.5054  0.5591  0.5591
A2BY34           0.6613  0.6828  0.6667  0.6559  0.7043  0.6828  0.6613  0.6989  0.6720  0.6452  0.6720  0.6828  0.6720  0.5968  0.4839  0.4892  0.5484  0.5645  0.5645  0.2204
Q7VAP9           0.6935  0.6613  0.6720  0.6452  0.7151  0.6398  0.6559  0.6667  0.6828  0.6613  0.6989  0.6882  0.6559  0.5430  0.3925  0.3978  0.4839  0.5538  0.5538  0.3925  0.4301
Q8YZG8           0.6183  0.6344  0.6452  0.7043  0.6774  0.6290  0.6398  0.6398  0.6720  0.6613  0.6828  0.6774  0.6344  0.3656  0.5323  0.5269  0.4462  0.3871  0.3871  0.5161  0.5376  0.5376
A2BSP9           0.6559  0.6828  0.6290  0.6613  0.6720  0.6828  0.6505  0.6774  0.6505  0.6667  0.6667  0.6613  0.6774  0.5860  0.4570  0.4516  0.5108  0.5591  0.5591  0.0323  0.2151  0.3978  0.5215
B5W9K7           0.6344  0.6559  0.6613  0.6667  0.6882  0.6398  0.6613  0.6882  0.6667  0.6667  0.6720  0.6774  0.6505  0.4462  0.5430  0.5430  0.4570  0.4516  0.4516  0.5645  0.5806  0.5484  0.3763  0.5699
B4B804           0.6344  0.6452  0.6183  0.6613  0.6667  0.6022  0.6290  0.6613  0.6559  0.6344  0.6613  0.6613  0.6452  0.3656  0.4946  0.4946  0.4624  0.2849  0.2849  0.5215  0.5108  0.4785  0.3495  0.5215  0.4086
Q7V0D9           0.6828  0.6935  0.6505  0.6774  0.6989  0.6935  0.6720  0.6989  0.6720  0.6667  0.6828  0.6828  0.6882  0.6075  0.4946  0.5000  0.5161  0.5591  0.5591  0.1989  0.1290  0.4140  0.5376  0.1935  0.5699  0.5269
A0ZE57           0.6290  0.6398  0.6344  0.7151  0.7043  0.6452  0.6452  0.6667  0.6882  0.6774  0.6989  0.6935  0.6613  0.3710  0.5269  0.5215  0.4731  0.4194  0.4194  0.5269  0.5323  0.5323  0.1505  0.5323  0.3710  0.3387  0.5269
A3PEG1           0.6613  0.6774  0.6344  0.6667  0.6720  0.6774  0.6505  0.6774  0.6613  0.6667  0.6720  0.6720  0.6667  0.5914  0.4677  0.4624  0.5108  0.5538  0.5538  0.0484  0.2312  0.4140  0.5161  0.0376  0.5645  0.5269  0.1989  0.5269
Q319G0           0.6720  0.6828  0.6344  0.6559  0.6613  0.6720  0.6452  0.6828  0.6559  0.6720  0.6559  0.6613  0.6720  0.5914  0.4677  0.4570  0.4946  0.5538  0.5538  0.0806  0.2258  0.4140  0.5215  0.0699  0.5538  0.5323  0.1774  0.5269  0.0699
P73933           0.6505  0.6667  0.6237  0.6720  0.6882  0.6290  0.6344  0.6559  0.6828  0.6828  0.6613  0.6935  0.6398  0.3925  0.5699  0.5806  0.4892  0.3602  0.3602  0.5914  0.5914  0.5591  0.4194  0.5914  0.4570  0.3763  0.5806  0.4247  0.5860  0.5860
B7KGU6           0.6398  0.6613  0.6022  0.6774  0.6613  0.5968  0.6075  0.6290  0.6667  0.6398  0.6720  0.6774  0.6129  0.3548  0.5269  0.5215  0.4677  0.2742  0.2742  0.5161  0.5376  0.5108  0.3333  0.5215  0.4409  0.1828  0.5161  0.3387  0.5108  0.5215  0.3548
Q4C1W2           0.6559  0.6613  0.6452  0.6882  0.6613  0.6237  0.6344  0.6667  0.6559  0.6613  0.6882  0.6720  0.6129  0.4086  0.5430  0.5430  0.4731  0.2634  0.2634  0.5430  0.5538  0.5591  0.3871  0.5430  0.4570  0.3172  0.5484  0.4247  0.5376  0.5430  0.4247  0.3011
B0CCQ8           0.6559  0.6129  0.6183  0.6667  0.6882  0.6344  0.6183  0.6452  0.6774  0.6559  0.6935  0.6774  0.6505  0.4731  0.5215  0.5215  0.4140  0.4409  0.4409  0.5161  0.5323  0.4677  0.3817  0.5108  0.4462  0.4140  0.5215  0.3925  0.5108  0.5054  0.4624  0.4032  0.4462
A3IPS7           0.6720  0.6344  0.6183  0.6935  0.6882  0.6237  0.6344  0.6667  0.6828  0.6613  0.6882  0.6828  0.6075  0.4086  0.5484  0.5430  0.4785  0.2742  0.2742  0.5538  0.5484  0.5484  0.3978  0.5538  0.4731  0.3226  0.5538  0.4301  0.5430  0.5538  0.3978  0.2849  0.1613  0.4301
B2J9W4           0.6344  0.6237  0.6452  0.6989  0.6989  0.6398  0.6398  0.6398  0.6774  0.6613  0.6774  0.6828  0.6667  0.3978  0.5269  0.5215  0.4677  0.3925  0.3925  0.5161  0.5215  0.5484  0.0914  0.5215  0.3871  0.3387  0.5323  0.1452  0.5215  0.5269  0.4409  0.3441  0.3925  0.3817  0.4032
Q0I825           0.6774  0.6828  0.6505  0.6989  0.6935  0.6559  0.6613  0.7043  0.6882  0.6720  0.6882  0.6882  0.6882  0.5538  0.4194  0.4194  0.5000  0.5054  0.5054  0.4409  0.4409  0.3817  0.5269  0.4409  0.5323  0.4946  0.4462  0.5215  0.4462  0.4409  0.5860  0.5161  0.5484  0.5054  0.5753  0.5430
Q2JPG8           0.6452  0.6398  0.6290  0.6989  0.6935  0.5860  0.6237  0.6505  0.6774  0.6344  0.6774  0.6774  0.6452  0.4677  0.5215  0.5215  0.4677  0.4677  0.4677  0.5591  0.5591  0.5538  0.3978  0.5645  0.4462  0.4140  0.5753  0.4086  0.5591  0.5538  0.4946  0.4301  0.4677  0.4570  0.4570  0.4194  0.4516
B7N0K9           0.6828  0.6667  0.6505  0.6882  0.7043  0.6882  0.6774  0.6935  0.7151  0.7043  0.7151  0.7043  0.6935  0.6559  0.6559  0.6505  0.6667  0.6613  0.6613  0.6505  0.6452  0.6505  0.6398  0.6505  0.6935  0.6398  0.6344  0.6559  0.6505  0.6559  0.6720  0.6559  0.6828  0.6828  0.6720  0.6398  0.6290  0.6290
P60782           0.6828  0.6667  0.6505  0.6882  0.7043  0.6882  0.6774  0.6935  0.7151  0.7043  0.7151  0.7043  0.6935  0.6559  0.6559  0.6505  0.6667  0.6613  0.6613  0.6505  0.6452  0.6505  0.6398  0.6505  0.6935  0.6398  0.6344  0.6559  0.6505  0.6559  0.6720  0.6559  0.6828  0.6828  0.6720  0.6398  0.6290  0.6290  0.0000
B0JU98           0.6452  0.6505  0.6452  0.6559  0.6613  0.5860  0.6505  0.6237  0.6559  0.6398  0.6613  0.6720  0.6183  0.3656  0.5323  0.5430  0.4892  0.3172  0.3172  0.5591  0.5430  0.5376  0.3710  0.5538  0.4462  0.3065  0.5591  0.3656  0.5538  0.5538  0.3978  0.3118  0.3710  0.4301  0.3763  0.3871  0.5430  0.4194  0.6559  0.6559
Q3M918           0.6290  0.6398  0.6452  0.7097  0.6720  0.6290  0.6398  0.6398  0.6720  0.6667  0.6828  0.6774  0.6452  0.3602  0.5323  0.5269  0.4570  0.3817  0.3817  0.5215  0.5323  0.5430  0.0161  0.5269  0.3710  0.3441  0.5376  0.1505  0.5215  0.5269  0.4247  0.3226  0.3871  0.3763  0.3978  0.0914  0.5269  0.4032  0.6505  0.6505  0.3710
B7LQD7           0.6774  0.6667  0.6505  0.6935  0.7043  0.6935  0.6774  0.6935  0.7043  0.7043  0.7151  0.6935  0.6882  0.6505  0.6559  0.6505  0.6613  0.6559  0.6559  0.6398  0.6398  0.6505  0.6344  0.6398  0.6882  0.6398  0.6344  0.6505  0.6398  0.6452  0.6720  0.6559  0.6774  0.6828  0.6720  0.6398  0.6290  0.6237  0.0215  0.0215  0.6505  0.6452
Q10ZX6           0.6613  0.6613  0.6828  0.6989  0.7151  0.6398  0.6613  0.6720  0.7043  0.6774  0.7043  0.7097  0.6505  0.4839  0.5108  0.5161  0.5108  0.4624  0.4624  0.5215  0.5806  0.4946  0.3763  0.5323  0.3495  0.4140  0.5699  0.3871  0.5269  0.5323  0.5000  0.4462  0.4731  0.3925  0.4785  0.3817  0.5108  0.4409  0.7151  0.7151  0.4355  0.3817  0.7043
Q5N0E4           0.6559  0.6452  0.6452  0.6452  0.6667  0.6075  0.6344  0.6667  0.6720  0.6505  0.6828  0.6667  0.6398  0.4677  0.5108  0.5161  0.4839  0.4624  0.4624  0.5269  0.5323  0.4731  0.4140  0.5269  0.4624  0.4355  0.5323  0.4570  0.5269  0.5215  0.4946  0.4301  0.4624  0.4677  0.4570  0.4301  0.4785  0.4409  0.6452  0.6452  0.4355  0.4194  0.6452  0.4516
Q31LI2           0.6559  0.6452  0.6452  0.6452  0.6667  0.6075  0.6344  0.6667  0.6720  0.6505  0.6828  0.6667  0.6398  0.4677  0.5108  0.5161  0.4839  0.4624  0.4624  0.5269  0.5323  0.4731  0.4140  0.5269  0.4624  0.4355  0.5323  0.4570  0.5269  0.5215  0.4946  0.4301  0.4624  0.4677  0.4570  0.4301  0.4785  0.4409  0.6452  0.6452  0.4355  0.4194  0.6452  0.4516  0.0000
Q7NMV2           0.6989  0.6935  0.6828  0.7097  0.6989  0.6559  0.6344  0.6720  0.6828  0.6774  0.7151  0.6882  0.6667  0.5161  0.5108  0.5161  0.5269  0.4946  0.4946  0.5538  0.5699  0.5430  0.4570  0.5538  0.5376  0.4624  0.5538  0.4462  0.5484  0.5430  0.5000  0.4731  0.5430  0.5000  0.5430  0.4409  0.5000  0.4247  0.6344  0.6344  0.4570  0.4570  0.6398  0.5054  0.4839  0.4839
A3Z0Q6           0.6774  0.6828  0.6344  0.6882  0.6989  0.6183  0.6344  0.6989  0.6935  0.6613  0.7043  0.6989  0.6935  0.5215  0.3817  0.3871  0.4570  0.5323  0.5323  0.4624  0.4946  0.3925  0.5108  0.4677  0.5269  0.4570  0.4677  0.5161  0.4677  0.4624  0.5430  0.4946  0.5430  0.4624  0.5161  0.5323  0.3172  0.4462  0.6237  0.6237  0.5269  0.5108  0.6237  0.5054  0.4462  0.4462  0.4892
A2C755           0.6774  0.6720  0.6613  0.6828  0.6774  0.6398  0.6613  0.6882  0.6882  0.6720  0.6774  0.6989  0.6989  0.5591  0.4140  0.4140  0.4247  0.5269  0.5269  0.4516  0.4785  0.3441  0.5054  0.4570  0.5108  0.4785  0.4624  0.5161  0.4624  0.4462  0.5376  0.5054  0.5215  0.4409  0.5430  0.5108  0.3011  0.4785  0.6290  0.6290  0.5376  0.5000  0.6290  0.4892  0.4785  0.4785  0.5000  0.2473
B1X0W5           0.6720  0.6398  0.6237  0.6935  0.6882  0.6129  0.6398  0.6613  0.6828  0.6559  0.6882  0.6828  0.6022  0.4086  0.5430  0.5376  0.4785  0.2849  0.2849  0.5538  0.5430  0.5538  0.4032  0.5538  0.4839  0.3333  0.5538  0.4409  0.5430  0.5538  0.4032  0.2957  0.1559  0.4409  0.0323  0.4140  0.5699  0.4409  0.6720  0.6720  0.3763  0.4086  0.6720  0.4946  0.4570  0.4570  0.5430  0.5054  0.5376
Q7V5Y3           0.6774  0.6667  0.6559  0.6774  0.6774  0.6452  0.6505  0.6828  0.6774  0.6613  0.6720  0.6882  0.6989  0.5591  0.4032  0.4032  0.4247  0.5323  0.5323  0.4462  0.4731  0.3495  0.5054  0.4516  0.5054  0.4785  0.4570  0.5161  0.4570  0.4409  0.5323  0.5054  0.5269  0.4301  0.5484  0.5108  0.3065  0.4785  0.6344  0.6344  0.5430  0.5000  0.6344  0.4839  0.4785  0.4785  0.4892  0.2419  0.0269  0.5430
B9YU03           0.6344  0.6344  0.6344  0.6989  0.6720  0.6398  0.6559  0.6559  0.6828  0.6613  0.6935  0.6828  0.6505  0.3871  0.5323  0.5323  0.4731  0.3925  0.3925  0.5215  0.5323  0.5108  0.1774  0.5269  0.4194  0.3763  0.5430  0.2366  0.5269  0.5269  0.4516  0.3710  0.4301  0.4140  0.4462  0.1935  0.5108  0.4516  0.6452  0.6452  0.3817  0.1828  0.6398  0.4140  0.4570  0.4570  0.4946  0.5430  0.5215  0.4409  0.5215
Q3AZD7           0.6774  0.6559  0.6505  0.6774  0.6935  0.6344  0.6720  0.6774  0.7043  0.6559  0.7097  0.7043  0.6505  0.5430  0.3602  0.3548  0.4409  0.5215  0.5215  0.4301  0.4355  0.3656  0.4839  0.4355  0.5108  0.4785  0.4301  0.4946  0.4355  0.4301  0.5430  0.5000  0.4946  0.4409  0.4892  0.4839  0.3118  0.4570  0.6290  0.6290  0.5323  0.4839  0.6290  0.4946  0.4677  0.4677  0.4946  0.2742  0.2849  0.4839  0.2957  0.5000
Q7U8N7           0.6828  0.6774  0.6613  0.6828  0.6882  0.6344  0.6720  0.6828  0.6828  0.6774  0.6882  0.6882  0.6720  0.5108  0.3656  0.3602  0.4624  0.5215  0.5215  0.4194  0.4355  0.3602  0.4785  0.4247  0.5376  0.4516  0.4301  0.4946  0.4355  0.4301  0.5484  0.4946  0.5323  0.4785  0.5323  0.4839  0.2742  0.4677  0.6075  0.6075  0.5215  0.4731  0.6129  0.5000  0.4839  0.4839  0.4731  0.3011  0.2957  0.5269  0.3011  0.4946  0.1075
A5GN46           0.6667  0.6828  0.6559  0.6828  0.6828  0.6667  0.6505  0.6720  0.6667  0.6667  0.6774  0.6720  0.6452  0.5323  0.3978  0.3978  0.4731  0.5376  0.5376  0.4409  0.4355  0.3817  0.5000  0.4462  0.5538  0.4839  0.4516  0.5269  0.4570  0.4570  0.5753  0.5215  0.5430  0.4731  0.5484  0.5215  0.2366  0.4516  0.5968  0.5968  0.5430  0.5054  0.5968  0.5376  0.4785  0.4785  0.4839  0.2957  0.2742  0.5323  0.2742  0.5108  0.2527  0.2312
Q3AHU3           0.6828  0.6720  0.6505  0.6774  0.6935  0.6344  0.6667  0.6882  0.6882  0.6667  0.6882  0.6935  0.6667  0.5108  0.3548  0.3495  0.4462  0.5108  0.5108  0.4355  0.4355  0.3656  0.4785  0.4409  0.5161  0.4516  0.4301  0.4892  0.4409  0.4355  0.5323  0.4785  0.5323  0.4839  0.5269  0.4892  0.2903  0.4624  0.6183  0.6183  0.5269  0.4785  0.6237  0.4892  0.4839  0.4839  0.4785  0.3011  0.2957  0.5215  0.2957  0.5000  0.1075  0.0645  0.2581
A5GR66           0.6667  0.6667  0.6559  0.7097  0.6989  0.6613  0.6559  0.6774  0.7043  0.6720  0.7043  0.7097  0.6774  0.5484  0.4247  0.4247  0.4570  0.5215  0.5215  0.4731  0.4785  0.4301  0.5054  0.4731  0.5215  0.4570  0.4677  0.5161  0.4731  0.4624  0.5699  0.4731  0.5108  0.4946  0.5054  0.5269  0.3387  0.4462  0.6559  0.6559  0.5269  0.5054  0.6452  0.5054  0.4462  0.4462  0.4946  0.2581  0.3280  0.5000  0.3280  0.5323  0.3333  0.3495  0.3065  0.3656
A3Z660           0.6667  0.6667  0.6667  0.6882  0.6989  0.6452  0.6559  0.6882  0.6828  0.6613  0.6989  0.6882  0.6667  0.5269  0.3871  0.3871  0.4677  0.5376  0.5376  0.4462  0.4570  0.3602  0.5054  0.4516  0.5161  0.4516  0.4624  0.5269  0.4624  0.4570  0.5645  0.5054  0.5376  0.4570  0.5269  0.5215  0.2312  0.4247  0.6075  0.6075  0.5215  0.5108  0.6075  0.5054  0.4570  0.4570  0.4677  0.2796  0.2796  0.5161  0.2849  0.5323  0.2688  0.2473  0.1290  0.2742  0.2957
Q065A2           0.6720  0.6667  0.6559  0.6774  0.6989  0.6344  0.6667  0.6828  0.6882  0.6613  0.6989  0.6935  0.6720  0.5376  0.3495  0.3495  0.4516  0.5269  0.5269  0.4301  0.4247  0.3548  0.4785  0.4355  0.5161  0.4624  0.4355  0.4946  0.4462  0.4409  0.5591  0.5161  0.5108  0.4570  0.5215  0.4731  0.2957  0.4570  0.6290  0.6290  0.5376  0.4785  0.6290  0.5000  0.4731  0.4731  0.4892  0.2742  0.2957  0.5161  0.3065  0.5054  0.0591  0.0860  0.2366  0.1075  0.3495  0.2366
A0YZ86           0.6774  0.6398  0.6667  0.6935  0.7366  0.6290  0.6613  0.6935  0.7204  0.6559  0.7312  0.7258  0.6613  0.4839  0.5000  0.5054  0.4946  0.4677  0.4677  0.5323  0.5215  0.4839  0.3817  0.5269  0.3011  0.4355  0.5269  0.3817  0.5323  0.5215  0.5108  0.4409  0.4785  0.4194  0.4731  0.3656  0.4839  0.4409  0.6559  0.6559  0.4462  0.3763  0.6559  0.3710  0.4409  0.4409  0.5108  0.4839  0.4624  0.4677  0.4570  0.4086  0.4570  0.4731  0.5054  0.4677  0.4892  0.4731  0.4516
A9BBV0           0.6774  0.6828  0.6452  0.7043  0.7043  0.6774  0.6667  0.6774  0.6828  0.6559  0.6989  0.6935  0.6828  0.5269  0.3871  0.3871  0.5108  0.5538  0.5538  0.3925  0.4247  0.3011  0.5054  0.3871  0.5484  0.5215  0.3871  0.5054  0.3978  0.3925  0.5968  0.5430  0.5484  0.4785  0.5430  0.5215  0.3978  0.5699  0.6505  0.6505  0.5645  0.5054  0.6398  0.5215  0.5161  0.5161  0.5753  0.4247  0.3602  0.5430  0.3602  0.4946  0.3656  0.3763  0.3871  0.3656  0.4462  0.3925  0.3763  0.5215
Q05TX7           0.6989  0.7043  0.6613  0.6935  0.7097  0.6720  0.6667  0.7097  0.6935  0.6828  0.6774  0.6935  0.7097  0.5215  0.3763  0.3763  0.4570  0.5054  0.5054  0.4247  0.4462  0.3548  0.5161  0.4301  0.5108  0.4516  0.4409  0.5108  0.4409  0.4355  0.5484  0.5000  0.5269  0.4839  0.5484  0.5161  0.2151  0.4355  0.6129  0.6129  0.5323  0.5161  0.6183  0.5000  0.4677  0.4677  0.5000  0.2688  0.2742  0.5484  0.2742  0.5323  0.2581  0.2204  0.2634  0.2204  0.3172  0.2151  0.2366  0.4785  0.4086
B8HRY4           0.6720  0.6613  0.6828  0.6935  0.7151  0.6290  0.6613  0.6774  0.7043  0.6613  0.7258  0.7097  0.6505  0.4409  0.4731  0.4731  0.3763  0.4570  0.4570  0.5054  0.5108  0.4892  0.3656  0.5054  0.4086  0.4032  0.4946  0.3548  0.5054  0.4946  0.4570  0.3925  0.4516  0.3441  0.4355  0.3763  0.4355  0.3656  0.6452  0.6452  0.4194  0.3710  0.6398  0.3978  0.4301  0.4301  0.4462  0.4194  0.4355  0.4409  0.4355  0.4032  0.3925  0.4194  0.4301  0.3925  0.4409  0.3978  0.4086  0.3710  0.5161  0.4301
Q2JV01           0.6505  0.6344  0.6344  0.6935  0.6989  0.5914  0.6344  0.6398  0.6828  0.6344  0.6882  0.6882  0.6559  0.4624  0.5054  0.5054  0.4677  0.4624  0.4624  0.5430  0.5430  0.5484  0.4086  0.5484  0.4516  0.4194  0.5591  0.4032  0.5430  0.5376  0.4946  0.4409  0.4677  0.4624  0.4516  0.4247  0.4355  0.0860  0.6237  0.6237  0.4140  0.4140  0.6183  0.4570  0.4624  0.4624  0.4462  0.4301  0.4570  0.4409  0.4570  0.4624  0.4355  0.4355  0.4355  0.4301  0.4355  0.3978  0.4247  0.4301  0.5484  0.4194  0.3656
A4CRE3           0.6774  0.6828  0.6774  0.6882  0.6882  0.6613  0.6559  0.6828  0.6720  0.6774  0.6828  0.6774  0.6505  0.5430  0.3925  0.3925  0.4785  0.5591  0.5591  0.4516  0.4355  0.3763  0.5108  0.4570  0.5484  0.4839  0.4624  0.5269  0.4677  0.4677  0.5806  0.5323  0.5538  0.4839  0.5591  0.5323  0.2204  0.4624  0.5968  0.5968  0.5376  0.5161  0.5968  0.5269  0.4785  0.4785  0.4946  0.2957  0.2849  0.5430  0.2849  0.5215  0.2473  0.2258  0.0430  0.2527  0.3118  0.1183  0.2312  0.5000  0.3978  0.2473  0.4301  0.4409


TREE #  1:  (((((((((57, 48), (51, 49)), (((65, 55), 58), (62, 37))), ((59, 53), (56, 54))), (((61, 22), (16, 15)), ((30, ((20, 24), 29)), (27, 21)))), ((((64, 38), 47), ((((60, 25), 44), ((52, (((42, 23), 36), 28)), (((32, 26), (41, (((50, 35), 33), (19, 18)))), (31, 14)))), (63, (34, 17)))), (46, 45))), (13, (((((((((5, 11), (12, 9)), 4), 7), (2, 1)), 3), 8), 10), 6))), 43), 40, 39);   MP score: 2195
lnL(ntime: 63  np: 64): -11044.870841      +0.000000
  66..67   67..68   68..69   69..70   70..71   71..72   72..73   73..74   74..57   74..48   73..75   75..51   75..49   72..76   76..77   77..78   78..65   78..55   77..58   76..79   79..62   79..37   71..80   80..81   81..59   81..53   80..82   82..56   82..54   70..83   83..84   84..85   85..61   85..22   84..86   86..16   86..15   83..87   87..88   88..30   88..89   89..90   90..20   90..24   89..29   87..91   91..27   91..21   69..92   92..93   93..94   94..95   95..64   95..38   94..47   93..96   96..97   97..98   98..99   99..60   99..25   98..44   97..100 100..101 101..52  101..102 102..103 103..104 104..42  104..23  103..36  102..28  100..105 105..106 106..107 107..32  107..26  106..108 108..41  108..109 109..110 110..111 111..50  111..35  110..33  109..112 112..19  112..18  105..113 113..31  113..14   96..114 114..63  114..115 115..34  115..17   92..116 116..46  116..45   68..117 117..13  117..118 118..119 119..120 120..121 121..122 122..123 123..124 124..125 125..126 126..5   126..11  125..127 127..12  127..9   124..4   123..7   122..128 128..2   128..1   121..3   120..8   119..10  118..6    67..43   66..40   66..39 
 1.117584 1.117583 0.902418 0.690955 0.504202 0.329352 0.297181 0.241555 0.164143 0.015652 0.207118 0.082756 0.023407 0.162485 0.071419 0.035698 0.039650 0.486799 0.379942 0.257517 0.010381 0.137957 0.039854 0.018482 0.012470 0.073432 0.621240 0.604363 0.517839 0.055000 0.537559 0.508762 0.335706 0.243540 0.453294 0.146357 0.102424 0.058710 0.008901 0.360842 0.296731 0.141952 0.296731 0.214111 0.089202 0.015231 0.000000 0.308465 0.412025 0.358329 0.000001 0.612015 0.462380 0.412925 0.412891 0.394591 0.377915 0.346163 0.237097 0.099842 0.086745 0.018058 0.324835 0.729828

tree length =  20.12794

(((((((((57: 0.164143, 48: 0.164143): 0.077413, (51: 0.015652, 49: 0.015652): 0.225903): 0.055626, (((65: 0.023407, 55: 0.023407): 0.059348, 58: 0.082756): 0.124362, (62: 0.162485, 37: 0.162485): 0.044632): 0.090064): 0.032171, ((59: 0.035698, 53: 0.035698): 0.035721, (56: 0.039650, 54: 0.039650): 0.031768): 0.257934): 0.174850, (((61: 0.257517, 22: 0.257517): 0.122425, (16: 0.010381, 15: 0.010381): 0.369561): 0.106856, ((30: 0.039854, ((20: 0.012470, 24: 0.012470): 0.006012, 29: 0.018482): 0.021372): 0.098103, (27: 0.073432, 21: 0.073432): 0.064526): 0.348841): 0.017404): 0.186753, ((((64: 0.055000, 38: 0.055000): 0.462839, 47: 0.517839): 0.086524, ((((60: 0.243540, 25: 0.243540): 0.092166, 44: 0.335706): 0.173056, ((52: 0.146357, (((42: 0.008901, 23: 0.008901): 0.049808, 36: 0.058710): 0.043714, 28: 0.102424): 0.043933): 0.306937, (((32: 0.141952, 26: 0.141952): 0.154779, (41: 0.296731, (((50: 0.015231, 35: 0.015231): 0.073971, 33: 0.089202): 0.124909, (19: 0.000000, 18: 0.000000): 0.214111): 0.082619): 0.000000): 0.064111, (31: 0.308465, 14: 0.308465): 0.052377): 0.092452): 0.055468): 0.028797, (63: 0.412025, (34: 0.358329, 17: 0.358329): 0.053696): 0.125534): 0.066804): 0.016876, (46: 0.000001, 45: 0.000001): 0.621239): 0.069715): 0.211463, (13: 0.612015, (((((((((5: 0.086745, 11: 0.086745): 0.013097, (12: 0.018058, 9: 0.018058): 0.081784): 0.137255, 4: 0.237097): 0.109066, 7: 0.346163): 0.031752, (2: 0.324835, 1: 0.324835): 0.053080): 0.016676, 3: 0.394591): 0.018299, 8: 0.412891): 0.000035, 10: 0.412925): 0.049454, 6: 0.462380): 0.149635): 0.290403): 0.215166, 43: 1.117583): 0.000001, 40: 1.117584, 39: 1.117584);

(((((((((A5GR66: 0.164143, A3Z0Q6: 0.164143): 0.077413, (Q7V5Y3: 0.015652, A2C755: 0.015652): 0.225903): 0.055626, (((A4CRE3: 0.023407, A5GN46: 0.023407): 0.059348, A3Z660: 0.082756): 0.124362, (Q05TX7: 0.162485, Q0I825: 0.162485): 0.044632): 0.090064): 0.032171, ((Q065A2: 0.035698, Q3AZD7: 0.035698): 0.035721, (Q3AHU3: 0.039650, Q7U8N7: 0.039650): 0.031768): 0.257934): 0.174850, (((A9BBV0: 0.257517, Q7VAP9: 0.257517): 0.122425, (A2C4A0: 0.010381, Q46JD9: 0.010381): 0.369561): 0.106856, ((Q319G0: 0.039854, ((A8G6D8: 0.012470, A2BSP9: 0.012470): 0.006012, A3PEG1: 0.018482): 0.021372): 0.098103, (Q7V0D9: 0.073432, A2BY34: 0.073432): 0.064526): 0.348841): 0.017404): 0.186753, ((((Q2JV01: 0.055000, Q2JPG8: 0.055000): 0.462839, Q7NMV2: 0.517839): 0.086524, ((((A0YZ86: 0.243540, B5W9K7: 0.243540): 0.092166, Q10ZX6: 0.335706): 0.173056, ((B9YU03: 0.146357, (((Q3M918: 0.008901, Q8YZG8: 0.008901): 0.049808, B2J9W4: 0.058710): 0.043714, A0ZE57: 0.102424): 0.043933): 0.306937, (((B7KGU6: 0.141952, B4B804: 0.141952): 0.154779, (B0JU98: 0.296731, (((B1X0W5: 0.015231, A3IPS7: 0.015231): 0.073971, Q4C1W2: 0.089202): 0.124909, (B7JUX4: 0.000000, C7QX69: 0.000000): 0.214111): 0.082619): 0.000000): 0.064111, (P73933: 0.308465, B1XJF3: 0.308465): 0.052377): 0.092452): 0.055468): 0.028797, (B8HRY4: 0.412025, (B0CCQ8: 0.358329, P59256: 0.358329): 0.053696): 0.125534): 0.066804): 0.016876, (Q31LI2: 0.000001, Q5N0E4: 0.000001): 0.621239): 0.069715): 0.211463, (O26039: 0.612015, (((((((((Q4HRC0: 0.086745, Q4HG04: 0.086745): 0.013097, (A7H515: 0.018058, A8FKE6: 0.018058): 0.081784): 0.137255, B9KEQ5: 0.237097): 0.109066, D1B0F6: 0.346163): 0.031752, (Q30ST6: 0.324835, A8EWC8: 0.324835): 0.053080): 0.016676, A6Q218: 0.394591): 0.018299, A6QBR5: 0.412891): 0.000035, Q7MAV0: 0.412925): 0.049454, B9L7L8: 0.462380): 0.149635): 0.290403): 0.215166, B7LQD7: 1.117583): 0.000001, P60782: 1.117584, B7N0K9: 1.117584);

(((((((((57_A5GR66, 48_A3Z0Q6) 74 , (51_Q7V5Y3, 49_A2C755) 75 ) 73 , (((65_A4CRE3, 55_A5GN46) 78 , 58_A3Z660) 77 , (62_Q05TX7, 37_Q0I825) 79 ) 76 ) 72 , ((59_Q065A2, 53_Q3AZD7) 81 , (56_Q3AHU3, 54_Q7U8N7) 82 ) 80 ) 71 , (((61_A9BBV0, 22_Q7VAP9) 85 , (16_A2C4A0, 15_Q46JD9) 86 ) 84 , ((30_Q319G0, ((20_A8G6D8, 24_A2BSP9) 90 , 29_A3PEG1) 89 ) 88 , (27_Q7V0D9, 21_A2BY34) 91 ) 87 ) 83 ) 70 , ((((64_Q2JV01, 38_Q2JPG8) 95 , 47_Q7NMV2) 94 , ((((60_A0YZ86, 25_B5W9K7) 99 , 44_Q10ZX6) 98 , ((52_B9YU03, (((42_Q3M918, 23_Q8YZG8) 104 , 36_B2J9W4) 103 , 28_A0ZE57) 102 ) 101 , (((32_B7KGU6, 26_B4B804) 107 , (41_B0JU98, (((50_B1X0W5, 35_A3IPS7) 111 , 33_Q4C1W2) 110 , (19_B7JUX4, 18_C7QX69) 112 ) 109 ) 108 ) 106 , (31_P73933, 14_B1XJF3) 113 ) 105 ) 100 ) 97 , (63_B8HRY4, (34_B0CCQ8, 17_P59256) 115 ) 114 ) 96 ) 93 , (46_Q31LI2, 45_Q5N0E4) 116 ) 92 ) 69 , (13_O26039, (((((((((5_Q4HRC0, 11_Q4HG04) 126 , (12_A7H515, 9_A8FKE6) 127 ) 125 , 4_B9KEQ5) 124 , 7_D1B0F6) 123 , (2_Q30ST6, 1_A8EWC8) 128 ) 122 , 3_A6Q218) 121 , 8_A6QBR5) 120 , 10_Q7MAV0) 119 , 6_B9L7L8) 118 ) 117 ) 68 , 43_B7LQD7) 67 , 40_P60782, 39_B7N0K9) 66 ;

Detailed output identifying parameters

alpha (gamma, K = 4) =  0.72983
rate:   0.08057  0.37727  0.93544  2.60672
freq:   0.25000  0.25000  0.25000  0.25000

Time used:  4:41
