AAML (in paml version 4.6, August 2012)  274.aa
Model: Empirical for branches,  Global clock  (../../../bin/LG.dat) dGamma (ncatG=5) ns =  65  ls = 195


Frequencies..
                                    A      R      N      D      C      Q      E      G      H      I      L      K      M      F      P      S      T      W      Y      V
A8ETG0                         0.05128 0.02564 0.05641 0.04615 0.01538 0.02051 0.08718 0.04615 0.04103 0.09744 0.09744 0.10256 0.02564 0.04615 0.05128 0.04103 0.03077 0.00000 0.06667 0.05128
A6Q9M5                         0.07179 0.05128 0.03077 0.05128 0.02051 0.03077 0.09231 0.05641 0.03077 0.05641 0.11282 0.08718 0.01026 0.04103 0.05641 0.03590 0.04103 0.00000 0.06667 0.05641
D1B079                         0.08205 0.04615 0.03590 0.04103 0.01538 0.02564 0.09744 0.04615 0.06154 0.03590 0.13846 0.08718 0.01538 0.04615 0.04615 0.01026 0.04103 0.00000 0.04615 0.08205
Q30RM0                         0.06154 0.03077 0.03590 0.05641 0.01538 0.02564 0.09231 0.04615 0.04103 0.08205 0.12308 0.11795 0.01026 0.05128 0.04103 0.04103 0.03077 0.00000 0.04103 0.05641
A8FL65                         0.05128 0.03590 0.05641 0.04103 0.02564 0.02051 0.09744 0.05128 0.03590 0.07179 0.12821 0.09744 0.00513 0.07692 0.04103 0.02051 0.03077 0.00000 0.05641 0.05641
A7H4G8                         0.06154 0.03077 0.06154 0.03077 0.03077 0.02051 0.10769 0.04615 0.03590 0.07692 0.12821 0.10256 0.00513 0.07692 0.04103 0.02051 0.02564 0.00000 0.05128 0.04615
B9KFZ7                         0.05128 0.02564 0.06154 0.07179 0.02051 0.03077 0.06667 0.05128 0.03590 0.06667 0.12821 0.09744 0.00513 0.06667 0.04103 0.02051 0.03590 0.00000 0.04103 0.08205
A6Q327                         0.07179 0.04615 0.04103 0.04615 0.01538 0.04103 0.09744 0.04615 0.03077 0.08718 0.10256 0.08205 0.00000 0.04103 0.06154 0.02564 0.03590 0.00000 0.06667 0.06154
B9LAD7                         0.05641 0.04103 0.05641 0.05641 0.01538 0.02051 0.09744 0.04103 0.04103 0.09231 0.07179 0.10769 0.01538 0.04615 0.05128 0.00513 0.04103 0.01026 0.05641 0.07692
Q7MQR3                         0.09231 0.06154 0.02564 0.03590 0.02051 0.03590 0.08718 0.05641 0.04615 0.04615 0.13846 0.07692 0.01026 0.03590 0.05128 0.03590 0.02051 0.00513 0.05128 0.06667
Q4HRP7                         0.07692 0.03077 0.04103 0.05128 0.02564 0.01538 0.08718 0.05128 0.03590 0.05641 0.15897 0.10769 0.00513 0.06154 0.04103 0.03077 0.03077 0.00000 0.05128 0.04103
Q4HHW9                         0.06154 0.05641 0.05128 0.05128 0.02051 0.03077 0.09744 0.05128 0.03077 0.04615 0.14872 0.07179 0.00513 0.07179 0.04615 0.03077 0.02564 0.00000 0.04615 0.05641
O26093                         0.05641 0.03590 0.04615 0.03590 0.01538 0.03077 0.08205 0.05641 0.03590 0.09231 0.10769 0.07692 0.01026 0.07692 0.05128 0.07179 0.04103 0.00000 0.04103 0.03590
B5VU92                         0.08718 0.07179 0.02051 0.04615 0.02051 0.05128 0.10256 0.05128 0.01538 0.05128 0.09231 0.05128 0.01538 0.05128 0.04103 0.06667 0.05641 0.01538 0.01538 0.07692
Q110H0                         0.09231 0.03590 0.03590 0.05641 0.02051 0.05128 0.06667 0.05641 0.02051 0.07692 0.08205 0.07692 0.01538 0.05641 0.05128 0.04103 0.05641 0.01538 0.03077 0.06154
P73335                         0.12821 0.06667 0.02051 0.07179 0.01538 0.06154 0.06154 0.04615 0.03077 0.04615 0.09231 0.03590 0.02051 0.07179 0.05641 0.01538 0.05641 0.01538 0.01026 0.07692
C7QUR7                         0.09744 0.04615 0.02564 0.04103 0.02051 0.07692 0.07692 0.04615 0.03077 0.06154 0.11282 0.04615 0.01026 0.05128 0.04103 0.05128 0.05641 0.02564 0.02051 0.06154
B7JWV0                         0.09744 0.04615 0.02564 0.04103 0.02051 0.07692 0.07692 0.04615 0.03077 0.06154 0.11282 0.04615 0.01026 0.05128 0.04103 0.05128 0.05641 0.02564 0.02051 0.06154
B7KG03                         0.09744 0.04615 0.03077 0.04103 0.02564 0.06154 0.09744 0.04103 0.02564 0.06667 0.11282 0.05641 0.00513 0.04615 0.05128 0.04103 0.04615 0.02564 0.01538 0.06667
Q8DJN5                         0.12821 0.05641 0.01538 0.03590 0.02564 0.07692 0.07692 0.04615 0.02564 0.03077 0.11282 0.03590 0.01538 0.06154 0.05641 0.04103 0.05641 0.02051 0.01538 0.06667
B8HTW1                         0.09744 0.08205 0.02051 0.04615 0.02051 0.06154 0.06154 0.06667 0.02051 0.03077 0.11795 0.03077 0.01538 0.05641 0.05641 0.04103 0.05128 0.01538 0.03077 0.07692
B4B2W0                         0.10256 0.04615 0.03590 0.03590 0.02051 0.06154 0.08718 0.04103 0.02051 0.07179 0.10769 0.05641 0.00513 0.04615 0.05128 0.05641 0.03590 0.02051 0.02051 0.07692
B7LT38                         0.07692 0.07692 0.03590 0.07179 0.01538 0.04103 0.08718 0.06154 0.03077 0.03590 0.10769 0.02564 0.01026 0.04103 0.04615 0.03077 0.05641 0.00000 0.04103 0.10769
Q4C3Y0                         0.09231 0.04103 0.03077 0.05641 0.02051 0.06154 0.07692 0.04615 0.03590 0.04615 0.11282 0.08205 0.01026 0.05641 0.04103 0.04103 0.04103 0.01538 0.01538 0.07692
Q2JR81                         0.12821 0.08205 0.01538 0.03590 0.02051 0.07692 0.08718 0.03590 0.02564 0.04615 0.11282 0.02051 0.00513 0.05128 0.05641 0.05128 0.05128 0.01026 0.01538 0.07179
B7MTN0                         0.08718 0.07692 0.03590 0.07179 0.01538 0.03590 0.08718 0.06154 0.03590 0.03590 0.10769 0.02564 0.01026 0.04103 0.04615 0.02564 0.05128 0.00000 0.04103 0.10769
P0AFQ7                         0.08718 0.07692 0.03590 0.07179 0.01538 0.03590 0.08718 0.06154 0.03590 0.03590 0.10769 0.02564 0.01026 0.04103 0.04615 0.02564 0.05128 0.00000 0.04103 0.10769
Q7NI17                         0.12308 0.09744 0.01538 0.06154 0.01538 0.03077 0.08718 0.04615 0.02051 0.04103 0.09744 0.03590 0.02051 0.05128 0.06154 0.02564 0.04103 0.01538 0.01538 0.09744
A3IJJ4                         0.09231 0.04615 0.04103 0.05128 0.02051 0.07692 0.06667 0.04103 0.03590 0.06154 0.11282 0.06667 0.01026 0.05128 0.04103 0.04103 0.04615 0.01538 0.01538 0.06667
B0JGK5                         0.08718 0.06667 0.02564 0.05641 0.02051 0.07179 0.07692 0.04103 0.03077 0.06667 0.07179 0.04103 0.01538 0.06667 0.05128 0.05128 0.05128 0.02051 0.01538 0.07179
Q2JIZ6                         0.13846 0.06154 0.02051 0.02564 0.02051 0.06154 0.09231 0.04103 0.02051 0.05641 0.09744 0.03590 0.00513 0.04615 0.05641 0.05641 0.04615 0.01538 0.02564 0.07692
B0C2C9                         0.09231 0.05641 0.02564 0.04103 0.03077 0.07692 0.06667 0.04103 0.03077 0.03077 0.09231 0.03077 0.02051 0.05641 0.04103 0.05128 0.07179 0.01538 0.02051 0.10769
B1XHW5                         0.10769 0.07692 0.01538 0.06154 0.01538 0.04615 0.09231 0.03590 0.03077 0.03077 0.13333 0.04615 0.01026 0.06667 0.04615 0.04103 0.04615 0.01538 0.00513 0.07692
B1WZT8                         0.09744 0.04103 0.04103 0.06667 0.02051 0.07692 0.05128 0.04103 0.03590 0.05641 0.10769 0.06667 0.01026 0.05641 0.04615 0.03590 0.04615 0.01538 0.01538 0.07179
Q3M5D1                         0.12308 0.05128 0.01538 0.05128 0.02051 0.06667 0.06667 0.05128 0.02564 0.07179 0.09231 0.05128 0.01538 0.05128 0.03590 0.06154 0.05128 0.02051 0.01538 0.06154
B2J197                         0.11282 0.04615 0.03077 0.04103 0.02051 0.04615 0.07692 0.04615 0.03077 0.06154 0.09231 0.05128 0.01026 0.05128 0.03590 0.06667 0.05128 0.02051 0.02564 0.08205
Q8YWL2                         0.11795 0.05128 0.01538 0.05128 0.02051 0.06667 0.06667 0.05128 0.02564 0.05641 0.09231 0.04615 0.01538 0.05128 0.03590 0.07179 0.04615 0.02051 0.01538 0.08205
A2BT62                         0.07692 0.03077 0.04615 0.04615 0.02564 0.03077 0.11282 0.03590 0.03590 0.07692 0.10256 0.07692 0.02051 0.05641 0.05128 0.05128 0.03590 0.01026 0.02564 0.05128
B9YNQ3                         0.11282 0.04615 0.03077 0.03590 0.02051 0.06667 0.06154 0.05641 0.02564 0.06154 0.08718 0.05128 0.01538 0.05641 0.04103 0.05641 0.05128 0.02051 0.03590 0.06667
A8G6Y7                         0.08205 0.03590 0.04103 0.05128 0.02564 0.03077 0.10769 0.03590 0.03077 0.08205 0.09744 0.07692 0.02051 0.05128 0.05128 0.05128 0.03077 0.01026 0.03590 0.05128
A0ZH95                         0.11795 0.05128 0.02564 0.03590 0.02564 0.04615 0.08718 0.04615 0.03077 0.05128 0.09231 0.04615 0.02051 0.04615 0.05128 0.05641 0.05128 0.02051 0.02564 0.07179
Q063W1                         0.11282 0.09231 0.01538 0.07692 0.03077 0.02051 0.07179 0.04615 0.03077 0.01538 0.11795 0.02051 0.02051 0.05128 0.07179 0.03077 0.04615 0.01026 0.01026 0.10769
A9BCH7                         0.09231 0.06154 0.02564 0.07692 0.02564 0.03590 0.06154 0.04103 0.02564 0.05128 0.12821 0.05641 0.02051 0.06154 0.06154 0.05128 0.03077 0.01538 0.00513 0.07179
A3PEX5                         0.07692 0.03590 0.04615 0.05128 0.02564 0.02564 0.10769 0.03590 0.03590 0.07692 0.10256 0.07692 0.02051 0.05641 0.05128 0.05128 0.03590 0.01026 0.02564 0.05128
Q46J21                         0.07692 0.04103 0.03590 0.05128 0.02051 0.03077 0.08718 0.04615 0.04103 0.04615 0.10769 0.07692 0.02564 0.06667 0.05128 0.07692 0.01538 0.01026 0.01026 0.08205
A2C4N3                         0.07692 0.04103 0.03590 0.05128 0.02051 0.03077 0.08718 0.04615 0.04103 0.04615 0.10769 0.07692 0.02564 0.06667 0.05128 0.07692 0.01538 0.01026 0.01026 0.08205
Q7V005                         0.08718 0.05128 0.02564 0.07692 0.04103 0.02051 0.07692 0.03590 0.03077 0.07692 0.09231 0.06154 0.02051 0.05128 0.05128 0.08205 0.02051 0.01026 0.03077 0.05641
Q31N18                         0.13333 0.09231 0.01026 0.05641 0.01538 0.03077 0.08205 0.04615 0.02564 0.04103 0.10769 0.02051 0.01538 0.05641 0.04615 0.05641 0.05641 0.01538 0.01026 0.08205
A5GNH4                         0.11282 0.08718 0.01538 0.06154 0.02564 0.03077 0.09231 0.04615 0.03077 0.02051 0.11795 0.02051 0.02564 0.05128 0.06667 0.04615 0.04103 0.01026 0.01026 0.08718
A0YLV0                         0.08205 0.05128 0.03077 0.06154 0.02051 0.07692 0.06154 0.04615 0.02564 0.05128 0.11795 0.04103 0.01538 0.05641 0.04615 0.03590 0.06154 0.01026 0.03077 0.07692
Q3AHX4                         0.09744 0.10256 0.01538 0.07692 0.03077 0.02051 0.08205 0.05641 0.03077 0.02051 0.11795 0.01538 0.02051 0.05128 0.06667 0.03590 0.04103 0.01026 0.01026 0.09744
A2C6S7                         0.10256 0.09744 0.02051 0.06667 0.03077 0.03077 0.07692 0.04615 0.02564 0.02564 0.13846 0.01026 0.01538 0.03590 0.07179 0.05128 0.04103 0.01026 0.02051 0.08205
Q3AZA5                         0.10769 0.09231 0.01538 0.07692 0.03077 0.02564 0.06667 0.04615 0.03077 0.01538 0.11795 0.02051 0.02051 0.05128 0.06667 0.03590 0.05128 0.01026 0.01026 0.10769
Q318Q6                         0.07692 0.04103 0.05641 0.04615 0.02564 0.03077 0.10769 0.03590 0.02564 0.08205 0.10256 0.06667 0.02051 0.06154 0.05128 0.04615 0.03590 0.01026 0.02564 0.05128
Q7V5P0                         0.10256 0.09744 0.02051 0.06667 0.03077 0.03077 0.07692 0.04615 0.02564 0.02564 0.13333 0.01026 0.01538 0.04103 0.07179 0.05128 0.04103 0.01026 0.02051 0.08205
A4CR13                         0.12308 0.09231 0.01538 0.06667 0.03077 0.03077 0.08718 0.04103 0.03077 0.02051 0.11282 0.02051 0.02051 0.05641 0.06667 0.03077 0.04103 0.01026 0.00513 0.09744
Q5MZ24                         0.13333 0.09231 0.01026 0.05641 0.01538 0.03077 0.08205 0.04615 0.02564 0.04103 0.10769 0.02051 0.01538 0.05128 0.04615 0.06154 0.05641 0.01538 0.01026 0.08205
A5GVF4                         0.12308 0.08205 0.01026 0.04615 0.02051 0.05128 0.08205 0.06154 0.03590 0.02564 0.12308 0.02051 0.02564 0.03590 0.05641 0.04615 0.04103 0.01026 0.02051 0.08205
Q05WE6                         0.12308 0.08718 0.01538 0.08205 0.02564 0.02564 0.07179 0.05128 0.02564 0.03077 0.11282 0.02564 0.02051 0.04615 0.06154 0.04103 0.04615 0.01026 0.01538 0.08205
Q7VA28                         0.08718 0.06667 0.01026 0.06154 0.02051 0.02051 0.07692 0.05641 0.03077 0.03590 0.12821 0.05641 0.01538 0.06667 0.05641 0.06154 0.03590 0.01026 0.01538 0.08718
Q0I7L5                         0.12821 0.08205 0.01026 0.08205 0.02564 0.02564 0.06667 0.04615 0.02564 0.02051 0.10769 0.03077 0.02051 0.05641 0.06154 0.04615 0.04103 0.01026 0.01026 0.10256
A3Z9C6                         0.11795 0.10769 0.02051 0.05128 0.03077 0.02564 0.10256 0.05128 0.02564 0.02564 0.12308 0.01026 0.01538 0.05128 0.06154 0.03590 0.04103 0.01026 0.01026 0.08205
A2BYL2                         0.08205 0.05128 0.04103 0.04615 0.03077 0.02051 0.08718 0.03590 0.03077 0.07692 0.10256 0.08205 0.02051 0.05128 0.05128 0.06667 0.02051 0.01026 0.04103 0.05128
A3YVR4                         0.12308 0.08205 0.01026 0.07179 0.02564 0.04615 0.07179 0.05641 0.02564 0.02051 0.13846 0.01026 0.01538 0.04103 0.06667 0.04103 0.03590 0.01026 0.02051 0.08718
Q7U8K5                         0.09744 0.10769 0.02051 0.08205 0.02564 0.02051 0.07179 0.05641 0.02564 0.02051 0.12308 0.02051 0.02051 0.04615 0.06667 0.03590 0.04103 0.01026 0.01026 0.09744

Homogeneity statistic: X2 = 6.61678 G = 6.81172 

Average                        0.09546 0.06099 0.02935 0.05475 0.02249 0.04174 0.08268 0.04750 0.03085 0.05112 0.11132 0.05270 0.01483 0.05357 0.05183 0.04434 0.04237 0.01105 0.02611 0.07495

# constant sites:     30 (15.38%)
ln Lmax (unconstrained) = -999.140637

AA distances (raw proportions of different sites)

A8ETG0         
A6Q9M5           0.3231
D1B079           0.3744  0.3949
Q30RM0           0.3538  0.3641  0.3846
A8FL65           0.3590  0.4359  0.3949  0.4103
A7H4G8           0.3641  0.4462  0.3692  0.4154  0.0410
B9KFZ7           0.3641  0.4103  0.3846  0.3744  0.3487  0.3590
A6Q327           0.4000  0.4256  0.4410  0.3949  0.4051  0.4205  0.4359
B9LAD7           0.3949  0.4051  0.4718  0.4051  0.4667  0.4769  0.4410  0.3744
Q7MQR3           0.3949  0.3846  0.3692  0.4205  0.4667  0.4564  0.4256  0.4410  0.4615
Q4HRP7           0.3795  0.4256  0.3744  0.4410  0.2718  0.2769  0.3128  0.4513  0.4667  0.4359
Q4HHW9           0.4154  0.4410  0.3795  0.4410  0.1846  0.1897  0.3692  0.4256  0.4821  0.4667  0.2410
O26093           0.3949  0.4256  0.4615  0.4462  0.4718  0.4769  0.4462  0.3846  0.4615  0.4308  0.4667  0.4718
B5VU92           0.5897  0.5846  0.6256  0.6103  0.5897  0.6000  0.6410  0.6000  0.6000  0.6205  0.6103  0.6000  0.6154
Q110H0           0.5897  0.5897  0.6205  0.6051  0.6103  0.6205  0.6308  0.6103  0.6051  0.6051  0.6359  0.6205  0.6256  0.2667
P73335           0.6256  0.6154  0.6154  0.6462  0.6256  0.6359  0.6564  0.6256  0.6205  0.6308  0.6564  0.6154  0.6462  0.3077  0.3231
C7QUR7           0.6103  0.6103  0.6462  0.6513  0.6205  0.6308  0.6564  0.6154  0.6359  0.6051  0.6410  0.6154  0.6410  0.2718  0.2974  0.2769
B7JWV0           0.6103  0.6103  0.6462  0.6513  0.6205  0.6308  0.6564  0.6154  0.6359  0.6051  0.6410  0.6154  0.6410  0.2718  0.2974  0.2769  0.0000
B7KG03           0.5897  0.6103  0.6513  0.6462  0.6308  0.6410  0.6667  0.6154  0.6154  0.6308  0.6615  0.6718  0.6308  0.3026  0.3179  0.3231  0.2769  0.2769
Q8DJN5           0.6103  0.6205  0.6308  0.6462  0.6154  0.6256  0.6718  0.6051  0.6154  0.6256  0.6564  0.6256  0.6462  0.3436  0.3641  0.3385  0.3538  0.3538  0.3436
B8HTW1           0.6051  0.6103  0.6256  0.6359  0.6256  0.6410  0.6513  0.5897  0.6000  0.6205  0.6513  0.6308  0.6410  0.3333  0.3231  0.3179  0.3333  0.3333  0.3487  0.2974
B4B2W0           0.6051  0.6000  0.6462  0.6462  0.6154  0.6256  0.6462  0.5949  0.6103  0.6256  0.6462  0.6256  0.6103  0.2667  0.3077  0.2872  0.2359  0.2359  0.1692  0.3385  0.3333
B7LT38           0.6205  0.5487  0.5744  0.6051  0.5949  0.5949  0.5641  0.5795  0.6154  0.5897  0.5744  0.5795  0.6205  0.5282  0.5641  0.5282  0.5333  0.5333  0.5641  0.5744  0.5385  0.5385
Q4C3Y0           0.6205  0.6103  0.6154  0.6308  0.6256  0.6410  0.6359  0.6205  0.6103  0.6256  0.6462  0.6308  0.6359  0.3231  0.3128  0.2667  0.2205  0.2205  0.2821  0.3846  0.3282  0.2821  0.5385
Q2JR81           0.6410  0.6205  0.6615  0.6410  0.6205  0.6256  0.6359  0.6000  0.6513  0.6308  0.6256  0.6103  0.6769  0.4564  0.4308  0.4410  0.4667  0.4667  0.4308  0.4103  0.4718  0.4513  0.5487  0.4769
B7MTN0           0.6256  0.5487  0.5744  0.6103  0.6000  0.6000  0.5692  0.5795  0.6154  0.5949  0.5846  0.5846  0.6154  0.5282  0.5641  0.5231  0.5385  0.5385  0.5692  0.5744  0.5436  0.5436  0.0256  0.5333  0.5487
P0AFQ7           0.6256  0.5487  0.5744  0.6103  0.6000  0.6000  0.5692  0.5795  0.6154  0.5949  0.5846  0.5846  0.6154  0.5282  0.5641  0.5231  0.5385  0.5385  0.5692  0.5744  0.5436  0.5436  0.0256  0.5333  0.5487  0.0000
Q7NI17           0.6205  0.6000  0.6256  0.6410  0.6308  0.6359  0.6462  0.6000  0.6154  0.6308  0.6308  0.6103  0.6564  0.4205  0.3846  0.3641  0.4103  0.4103  0.4103  0.3949  0.4205  0.4154  0.5795  0.4103  0.3846  0.5744  0.5744
A3IJJ4           0.6103  0.6000  0.6051  0.6256  0.6154  0.6256  0.6359  0.6154  0.6051  0.6308  0.6256  0.6205  0.6308  0.3231  0.3282  0.3026  0.2308  0.2308  0.2974  0.3692  0.3231  0.2821  0.5538  0.1179  0.4923  0.5436  0.5436  0.4308
B0JGK5           0.6359  0.6103  0.6513  0.6462  0.6308  0.6410  0.6615  0.6410  0.6462  0.6359  0.6615  0.6410  0.6513  0.3385  0.3436  0.3282  0.3179  0.3179  0.3179  0.3692  0.3590  0.3026  0.5795  0.3487  0.4667  0.5744  0.5744  0.4410  0.3333
Q2JIZ6           0.6256  0.6103  0.6308  0.6256  0.6103  0.6154  0.6256  0.5692  0.6462  0.6154  0.6103  0.6154  0.6513  0.4462  0.4205  0.4513  0.4513  0.4513  0.4205  0.4051  0.4513  0.4256  0.5487  0.4667  0.1282  0.5385  0.5385  0.3897  0.4718  0.4462
B0C2C9           0.6359  0.6359  0.6359  0.6462  0.6308  0.6462  0.6513  0.6103  0.6462  0.6205  0.6718  0.6462  0.6462  0.3641  0.3487  0.3692  0.3436  0.3436  0.3897  0.3590  0.3333  0.3590  0.5538  0.3641  0.4821  0.5538  0.5538  0.4154  0.3897  0.4103  0.4615
B1XHW5           0.6410  0.6308  0.6410  0.6205  0.6154  0.6256  0.6513  0.6256  0.6256  0.6359  0.6462  0.6256  0.6667  0.3333  0.3590  0.2974  0.2974  0.2974  0.3487  0.3590  0.3333  0.3231  0.5179  0.3026  0.4256  0.5128  0.5128  0.3590  0.2974  0.3795  0.4308  0.3487
B1WZT8           0.6308  0.6154  0.6154  0.6410  0.6256  0.6359  0.6462  0.6154  0.6205  0.6359  0.6308  0.6256  0.6410  0.3179  0.3026  0.2667  0.2256  0.2256  0.2667  0.3641  0.3333  0.2564  0.5538  0.1282  0.4821  0.5487  0.5487  0.4051  0.1026  0.3179  0.4667  0.3744  0.2718
Q3M5D1           0.6256  0.6000  0.6462  0.6256  0.6205  0.6359  0.6410  0.6051  0.6256  0.6359  0.6462  0.6410  0.6462  0.3077  0.2923  0.2923  0.2821  0.2821  0.3385  0.3026  0.3077  0.3077  0.5795  0.3128  0.4513  0.5744  0.5744  0.3949  0.3231  0.3077  0.4410  0.3692  0.3487  0.3128
B2J197           0.6256  0.6051  0.6462  0.6359  0.6205  0.6308  0.6615  0.6103  0.6154  0.6308  0.6462  0.6359  0.6513  0.3026  0.2872  0.3179  0.3026  0.3026  0.3385  0.3333  0.3333  0.3179  0.5795  0.3436  0.4564  0.5744  0.5744  0.3846  0.3282  0.3282  0.4513  0.3897  0.3590  0.3231  0.1795
Q8YWL2           0.6359  0.6103  0.6513  0.6462  0.6256  0.6410  0.6410  0.6205  0.6308  0.6359  0.6513  0.6462  0.6564  0.3077  0.2923  0.2974  0.2923  0.2923  0.3436  0.3026  0.3077  0.3026  0.5897  0.3179  0.4615  0.5846  0.5846  0.3949  0.3282  0.3026  0.4513  0.3744  0.3692  0.3179  0.0410  0.1846
A2BT62           0.6359  0.6308  0.6667  0.6103  0.6205  0.6256  0.6256  0.6462  0.6513  0.6359  0.6513  0.6564  0.6667  0.4513  0.4359  0.4462  0.4615  0.4615  0.4564  0.5077  0.4872  0.4513  0.5846  0.4718  0.5282  0.5846  0.5846  0.5026  0.4821  0.4718  0.5333  0.4667  0.4308  0.4718  0.4718  0.4667  0.4769
B9YNQ3           0.6513  0.6256  0.6615  0.6359  0.6462  0.6564  0.6718  0.6205  0.6359  0.6308  0.6718  0.6564  0.6564  0.3538  0.3538  0.3538  0.3179  0.3179  0.3692  0.3590  0.3590  0.3641  0.5846  0.3385  0.4974  0.5795  0.5795  0.4154  0.3231  0.3487  0.4667  0.4205  0.3744  0.3231  0.2103  0.1692  0.2256  0.5026
A8G6Y7           0.6462  0.6410  0.6667  0.6205  0.6308  0.6359  0.6308  0.6564  0.6718  0.6359  0.6564  0.6564  0.6769  0.4564  0.4308  0.4513  0.4667  0.4667  0.4718  0.5077  0.4923  0.4615  0.5846  0.4667  0.5282  0.5846  0.5846  0.5026  0.4821  0.4718  0.5282  0.4769  0.4462  0.4821  0.4769  0.4615  0.4821  0.0564  0.5026
A0ZH95           0.6359  0.6308  0.6615  0.6564  0.6462  0.6564  0.6615  0.6051  0.6256  0.6410  0.6564  0.6410  0.6513  0.3282  0.3282  0.3231  0.2974  0.2974  0.3385  0.3026  0.3385  0.3436  0.5641  0.3436  0.4769  0.5590  0.5590  0.3744  0.3538  0.3590  0.4718  0.3846  0.3641  0.3436  0.1897  0.2051  0.1897  0.4923  0.2410  0.4872
Q063W1           0.6718  0.6359  0.6359  0.6667  0.6615  0.6667  0.6615  0.6462  0.6256  0.6410  0.6769  0.6359  0.6923  0.4256  0.4359  0.3795  0.4615  0.4615  0.4615  0.4462  0.4256  0.4410  0.5487  0.4462  0.5077  0.5538  0.5538  0.4462  0.4769  0.4718  0.5282  0.4359  0.4359  0.4667  0.4564  0.4359  0.4513  0.4256  0.4564  0.4205  0.4205
A9BCH7           0.6564  0.6410  0.6462  0.6256  0.6359  0.6359  0.6718  0.6256  0.6359  0.6462  0.6667  0.6410  0.6615  0.4513  0.4513  0.4256  0.4564  0.4564  0.4718  0.4974  0.4667  0.4564  0.5949  0.4308  0.5436  0.5949  0.5949  0.4769  0.4564  0.4821  0.5590  0.4462  0.4154  0.4564  0.4821  0.4821  0.4821  0.4103  0.4974  0.4103  0.4718  0.2923
A3PEX5           0.6462  0.6410  0.6615  0.6205  0.6308  0.6359  0.6308  0.6615  0.6718  0.6308  0.6513  0.6615  0.6769  0.4615  0.4205  0.4513  0.4667  0.4667  0.4667  0.5077  0.4974  0.4615  0.5846  0.4615  0.5333  0.5846  0.5846  0.5128  0.4769  0.4667  0.5333  0.4769  0.4513  0.4718  0.4769  0.4667  0.4821  0.0513  0.5026  0.0513  0.4974  0.4205  0.4051
Q46J21           0.6667  0.6154  0.6615  0.6308  0.6359  0.6462  0.6667  0.6154  0.6308  0.6359  0.6667  0.6462  0.6513  0.4513  0.4462  0.4615  0.4667  0.4667  0.4821  0.5128  0.4974  0.4769  0.6103  0.4615  0.5385  0.6154  0.6154  0.5128  0.4872  0.4667  0.5333  0.4667  0.4513  0.4872  0.4718  0.4667  0.4718  0.4154  0.4974  0.4000  0.4564  0.3590  0.3333  0.4051
A2C4N3           0.6667  0.6154  0.6615  0.6308  0.6359  0.6462  0.6667  0.6154  0.6308  0.6359  0.6667  0.6462  0.6513  0.4513  0.4462  0.4615  0.4667  0.4667  0.4821  0.5128  0.4974  0.4769  0.6103  0.4615  0.5385  0.6154  0.6154  0.5128  0.4872  0.4667  0.5333  0.4667  0.4513  0.4872  0.4718  0.4667  0.4718  0.4154  0.4974  0.4000  0.4564  0.3590  0.3333  0.4051  0.0000
Q7V005           0.6718  0.6769  0.6974  0.6667  0.6462  0.6462  0.6769  0.6410  0.6462  0.6564  0.6769  0.6564  0.6872  0.4769  0.4205  0.4410  0.4513  0.4513  0.4718  0.4872  0.4923  0.4718  0.6103  0.4410  0.5179  0.6103  0.6103  0.5026  0.4769  0.4974  0.5179  0.4513  0.4308  0.4667  0.4667  0.4667  0.4769  0.2564  0.4974  0.2308  0.4667  0.4205  0.3897  0.2359  0.4103  0.4103
Q31N18           0.6564  0.6308  0.6769  0.6513  0.6410  0.6513  0.6718  0.6410  0.6667  0.6359  0.6667  0.6359  0.6718  0.3538  0.4000  0.3436  0.3641  0.3641  0.4103  0.3795  0.4103  0.3897  0.5744  0.3744  0.4205  0.5641  0.5641  0.3795  0.3897  0.4154  0.4103  0.4308  0.3436  0.3846  0.3385  0.3641  0.3487  0.4667  0.3897  0.4718  0.3641  0.4359  0.4718  0.4718  0.4872  0.4872  0.4410
A5GNH4           0.6667  0.6359  0.6513  0.6308  0.6410  0.6513  0.6667  0.6308  0.6308  0.6462  0.6667  0.6308  0.6615  0.4000  0.4462  0.3846  0.4667  0.4667  0.4667  0.4769  0.4615  0.4513  0.5590  0.4462  0.5179  0.5590  0.5590  0.4410  0.4872  0.4872  0.5333  0.4410  0.4103  0.4718  0.4718  0.4513  0.4718  0.4051  0.4821  0.4051  0.4410  0.1487  0.2974  0.4103  0.3487  0.3487  0.4103  0.4205
A0YLV0           0.6462  0.6051  0.6205  0.6410  0.6359  0.6410  0.6359  0.6410  0.6410  0.6564  0.6308  0.6154  0.6308  0.2718  0.3231  0.3077  0.2974  0.2974  0.3436  0.3692  0.3436  0.3077  0.5333  0.3333  0.4769  0.5333  0.5333  0.4308  0.3282  0.3641  0.4667  0.3846  0.3333  0.3179  0.3282  0.3026  0.3282  0.4769  0.3538  0.4718  0.3538  0.4256  0.4564  0.4821  0.5026  0.5026  0.4718  0.4205  0.4308
Q3AHX4           0.6769  0.6410  0.6462  0.6564  0.6410  0.6564  0.6667  0.6513  0.6462  0.6615  0.6667  0.6256  0.6821  0.4154  0.4410  0.3846  0.4667  0.4667  0.4718  0.4718  0.4564  0.4513  0.5487  0.4513  0.5179  0.5538  0.5538  0.4359  0.4923  0.4769  0.5282  0.4308  0.4205  0.4667  0.4667  0.4513  0.4667  0.4154  0.4769  0.4051  0.4462  0.1333  0.2718  0.4051  0.3641  0.3641  0.3949  0.4205  0.1282  0.4205
A2C6S7           0.6667  0.6410  0.6667  0.6667  0.6667  0.6769  0.6769  0.6359  0.6513  0.6462  0.6718  0.6615  0.6718  0.4359  0.4359  0.4205  0.4615  0.4615  0.4410  0.4359  0.4205  0.4564  0.5795  0.4462  0.5026  0.5846  0.5846  0.4513  0.4769  0.4821  0.5179  0.4615  0.4359  0.4564  0.4513  0.4462  0.4513  0.4205  0.4615  0.4359  0.4359  0.2205  0.2974  0.4256  0.3795  0.3795  0.4256  0.4462  0.2256  0.4462  0.2154
Q3AZA5           0.6769  0.6359  0.6359  0.6667  0.6615  0.6667  0.6615  0.6462  0.6308  0.6462  0.6769  0.6410  0.6974  0.4359  0.4359  0.3897  0.4718  0.4718  0.4667  0.4462  0.4308  0.4410  0.5487  0.4462  0.5128  0.5538  0.5538  0.4513  0.4718  0.4667  0.5282  0.4308  0.4308  0.4615  0.4513  0.4359  0.4462  0.4256  0.4513  0.4205  0.4308  0.0154  0.2872  0.4205  0.3538  0.3538  0.4154  0.4410  0.1538  0.4256  0.1385  0.2205
Q318Q6           0.6564  0.6513  0.6769  0.6359  0.6410  0.6462  0.6462  0.6667  0.6769  0.6462  0.6718  0.6615  0.6769  0.4564  0.4205  0.4462  0.4462  0.4462  0.4615  0.5026  0.4872  0.4615  0.5897  0.4564  0.5333  0.5897  0.5897  0.5077  0.4667  0.4667  0.5436  0.4718  0.4410  0.4615  0.4769  0.4615  0.4821  0.0821  0.5026  0.0718  0.4923  0.4205  0.4051  0.0718  0.4051  0.4051  0.2308  0.4667  0.4051  0.4667  0.4051  0.4308  0.4256
Q7V5P0           0.6667  0.6410  0.6667  0.6667  0.6667  0.6769  0.6769  0.6359  0.6513  0.6462  0.6718  0.6615  0.6718  0.4359  0.4359  0.4205  0.4615  0.4615  0.4410  0.4359  0.4205  0.4564  0.5795  0.4462  0.5026  0.5846  0.5846  0.4513  0.4769  0.4821  0.5179  0.4615  0.4359  0.4564  0.4513  0.4462  0.4513  0.4205  0.4615  0.4359  0.4359  0.2205  0.2974  0.4256  0.3795  0.3795  0.4256  0.4462  0.2256  0.4462  0.2154  0.0051  0.2205  0.4308
A4CR13           0.6769  0.6513  0.6564  0.6410  0.6513  0.6615  0.6769  0.6513  0.6462  0.6564  0.6872  0.6513  0.6718  0.4205  0.4564  0.3846  0.4769  0.4769  0.4667  0.4769  0.4667  0.4615  0.5692  0.4564  0.5179  0.5692  0.5692  0.4308  0.4923  0.4872  0.5385  0.4462  0.4103  0.4769  0.4821  0.4564  0.4821  0.4256  0.4872  0.4205  0.4564  0.1641  0.2872  0.4256  0.3538  0.3538  0.4205  0.4308  0.0821  0.4308  0.1231  0.2462  0.1744  0.4205  0.2462
Q5MZ24           0.6564  0.6308  0.6769  0.6513  0.6410  0.6513  0.6718  0.6410  0.6667  0.6359  0.6667  0.6359  0.6718  0.3590  0.4051  0.3487  0.3692  0.3692  0.4154  0.3846  0.4154  0.3949  0.5744  0.3795  0.4256  0.5641  0.5641  0.3846  0.3949  0.4205  0.4154  0.4359  0.3487  0.3897  0.3436  0.3692  0.3538  0.4718  0.3949  0.4769  0.3692  0.4410  0.4769  0.4769  0.4923  0.4923  0.4462  0.0051  0.4256  0.4256  0.4256  0.4513  0.4462  0.4718  0.4513  0.4359
A5GVF4           0.6821  0.6564  0.6667  0.6615  0.6667  0.6718  0.6923  0.6564  0.6513  0.6615  0.6923  0.6564  0.6769  0.4359  0.4462  0.4000  0.4513  0.4513  0.4308  0.4564  0.4410  0.4615  0.6051  0.4359  0.5436  0.6000  0.6000  0.4410  0.4821  0.4974  0.5436  0.4205  0.4359  0.4615  0.4615  0.4718  0.4462  0.4564  0.4974  0.4462  0.4513  0.2667  0.3077  0.4462  0.3897  0.3897  0.4256  0.4564  0.2359  0.4308  0.2462  0.2923  0.2667  0.4410  0.2923  0.2359  0.4615
Q05WE6           0.6564  0.6410  0.6410  0.6462  0.6359  0.6410  0.6667  0.6564  0.6308  0.6462  0.6615  0.6308  0.6615  0.4205  0.4308  0.3897  0.4564  0.4564  0.4564  0.4718  0.4513  0.4564  0.5744  0.4410  0.5436  0.5744  0.5744  0.4256  0.4769  0.4923  0.5436  0.4359  0.4154  0.4462  0.4872  0.4667  0.4872  0.4410  0.4872  0.4308  0.4513  0.1949  0.2821  0.4308  0.3641  0.3641  0.4205  0.4308  0.1641  0.4103  0.1487  0.2308  0.1949  0.4308  0.2308  0.1641  0.4359  0.2308
Q7VA28           0.6615  0.6205  0.6359  0.6256  0.6359  0.6359  0.6667  0.6359  0.6359  0.6308  0.6821  0.6410  0.6769  0.4410  0.4256  0.4359  0.4615  0.4615  0.4718  0.4410  0.4462  0.4462  0.6051  0.4564  0.5487  0.6103  0.6103  0.4667  0.4821  0.4872  0.5282  0.4359  0.4359  0.4821  0.4564  0.4410  0.4564  0.4205  0.4667  0.4154  0.4667  0.2615  0.2308  0.4154  0.3179  0.3179  0.4154  0.4615  0.2821  0.4359  0.2718  0.2615  0.2564  0.4154  0.2564  0.2872  0.4667  0.3077  0.2872
Q0I7L5           0.6872  0.6359  0.6513  0.6615  0.6667  0.6667  0.6667  0.6410  0.6359  0.6513  0.6769  0.6462  0.6821  0.4462  0.4410  0.4051  0.4821  0.4821  0.4769  0.4667  0.4410  0.4667  0.5692  0.4513  0.5282  0.5641  0.5641  0.4359  0.4821  0.4769  0.5231  0.4513  0.4154  0.4667  0.4667  0.4462  0.4667  0.4359  0.4615  0.4359  0.4564  0.1744  0.2872  0.4308  0.3333  0.3333  0.4154  0.4359  0.1897  0.4256  0.1846  0.2462  0.1744  0.4256  0.2462  0.1897  0.4410  0.2410  0.1795  0.2872
A3Z9C6           0.6718  0.6564  0.6513  0.6667  0.6462  0.6513  0.6667  0.6513  0.6462  0.6462  0.6615  0.6308  0.6769  0.4154  0.4205  0.3949  0.4615  0.4615  0.4564  0.4513  0.4154  0.4462  0.5641  0.4462  0.4974  0.5641  0.5641  0.4205  0.4718  0.4718  0.5128  0.4410  0.4103  0.4615  0.4513  0.4410  0.4462  0.4205  0.4564  0.4256  0.4359  0.1744  0.2718  0.4154  0.3744  0.3744  0.4205  0.4359  0.1949  0.4205  0.1436  0.1949  0.1795  0.4154  0.1949  0.1744  0.4410  0.2308  0.1744  0.2821  0.1897
A2BYL2           0.6718  0.6615  0.7128  0.6564  0.6513  0.6564  0.6718  0.6308  0.6359  0.6513  0.6769  0.6667  0.6615  0.4718  0.4308  0.4462  0.4462  0.4462  0.4769  0.4974  0.4923  0.4667  0.5897  0.4462  0.5179  0.5897  0.5897  0.5128  0.4821  0.5026  0.5231  0.4513  0.4359  0.4769  0.4615  0.4615  0.4769  0.2410  0.4923  0.2256  0.4718  0.4256  0.4000  0.2256  0.3949  0.3949  0.1128  0.4462  0.4154  0.4667  0.4103  0.4410  0.4205  0.2308  0.4410  0.4256  0.4513  0.4359  0.4308  0.4205  0.4256  0.4256
A3YVR4           0.6667  0.6410  0.6513  0.6667  0.6564  0.6615  0.6923  0.6513  0.6667  0.6462  0.6923  0.6462  0.6821  0.4359  0.4359  0.4154  0.4667  0.4667  0.4410  0.4359  0.4410  0.4667  0.5897  0.4513  0.5026  0.5795  0.5795  0.4308  0.4872  0.4923  0.5026  0.4462  0.4359  0.4769  0.4513  0.4462  0.4513  0.4410  0.4667  0.4359  0.4410  0.1897  0.2872  0.4308  0.3744  0.3744  0.4256  0.4308  0.2051  0.4308  0.1846  0.1949  0.1949  0.4308  0.1949  0.2000  0.4359  0.2308  0.1795  0.2718  0.2051  0.2000  0.4308
Q7U8K5           0.6872  0.6564  0.6615  0.6667  0.6462  0.6615  0.6769  0.6615  0.6564  0.6615  0.6718  0.6308  0.6872  0.4205  0.4462  0.3949  0.4615  0.4615  0.4564  0.4667  0.4462  0.4615  0.5692  0.4564  0.5128  0.5744  0.5744  0.4256  0.4821  0.4615  0.5231  0.4359  0.4205  0.4718  0.4667  0.4564  0.4667  0.4205  0.4769  0.4103  0.4513  0.1385  0.2769  0.4205  0.3744  0.3744  0.4051  0.4256  0.1538  0.4256  0.0769  0.2154  0.1436  0.4154  0.2154  0.1590  0.4308  0.2513  0.1641  0.2667  0.1795  0.1692  0.4154  0.1692


TREE #  1:  (26, (23, 27), (((4, (1, ((2, (10, 13)), (8, 9)))), (3, (7, (11, (12, (5, 6)))))), ((25, 31), (28, ((48, 57), (16, ((33, (((44, ((38, 40), 54)), (47, 63)), ((45, 46), (60, (43, ((62, (((51, (65, (42, 53))), (49, 56)), (59, (58, 61)))), (64, (52, 55)))))))), ((21, (20, 32)), (((35, 37), (41, (36, 39))), ((14, 50), (15, (30, ((19, 22), ((17, 18), (34, (24, 29))))))))))))))));   MP score: 2107
lnL(ntime: 63  np: 64): -11041.588147      +0.000000
  66..26   66..67   67..23   67..27   66..68   68..69   69..70   70..4    70..71   71..1    71..72   72..73   73..2    73..74   74..10   74..13   72..75   75..8    75..9    69..76   76..3    76..77   77..7    77..78   78..11   78..79   79..12   79..80   80..5    80..6    68..81   81..82   82..25   82..31   81..83   83..28   83..84   84..85   85..48   85..57   84..86   86..16   86..87   87..88   88..33   88..89   89..90   90..91   91..44   91..92   92..93   93..38   93..40   92..54   90..94   94..47   94..63   89..95   95..96   96..45   96..46   95..97   97..60   97..98   98..43   98..99   99..100 100..62  100..101 101..102 102..103 103..51  103..104 104..65  104..105 105..42  105..53  102..106 106..49  106..56  101..107 107..59  107..108 108..58  108..61   99..109 109..64  109..110 110..52  110..55   87..111 111..112 112..21  112..113 113..20  113..32  111..114 114..115 115..116 116..35  116..37  115..117 117..41  117..118 118..36  118..39  114..119 119..120 120..14  120..50  119..121 121..15  121..122 122..30  122..123 123..124 124..19  124..22  123..125 125..126 126..17  126..18  125..127 127..34  127..128 128..24  128..29 
 0.834627 0.013509 0.724843 0.414620 0.396848 0.374744 0.361608 0.331199 0.289021 0.275525 0.362579 0.274902 0.175202 0.104350 0.017737 0.478327 0.068063 0.454494 0.427398 0.002262 0.398360 0.398360 0.383256 0.312666 0.126721 0.031169 0.026237 0.023636 0.053780 0.260204 0.000000 0.214431 0.203234 0.154416 0.148250 0.133105 0.108902 0.073794 0.073793 0.005529 0.038903 0.120732 0.109380 0.122298 0.002159 0.307172 0.253015 0.234604 0.273774 0.120915 0.019676 0.120915 0.084673 0.254687 0.190170 0.246258 0.226885 0.193750 0.088388 0.144306 0.000000 0.058121 0.043324 0.672446

tree length =  14.43506

(26: 0.834627, (23: 0.013509, 27: 0.013509): 0.821118, (((4: 0.396848, (1: 0.374744, ((2: 0.331199, (10: 0.289021, 13: 0.289021): 0.042177): 0.030409, (8: 0.275525, 9: 0.275525): 0.086083): 0.013136): 0.022104): 0.017772, (3: 0.362579, (7: 0.274902, (11: 0.175202, (12: 0.104350, (5: 0.017737, 6: 0.017737): 0.086612): 0.070852): 0.099700): 0.087677): 0.052041): 0.310223, ((25: 0.068063, 31: 0.068063): 0.410264, (28: 0.454494, ((48: 0.002262, 57: 0.002262): 0.425137, (16: 0.398360, ((33: 0.383256, (((44: 0.031169, ((38: 0.023636, 40: 0.023636): 0.002602, 54: 0.026237): 0.004932): 0.095551, (47: 0.053780, 63: 0.053780): 0.072940): 0.185945, ((45: 0.000000, 46: 0.000000): 0.260204, (60: 0.214431, (43: 0.203234, ((62: 0.148250, (((51: 0.073794, (65: 0.073793, (42: 0.005529, 53: 0.005529): 0.068265): 0.000000): 0.035108, (49: 0.038903, 56: 0.038903): 0.069999): 0.024203, (59: 0.120732, (58: 0.109380, 61: 0.109380): 0.011352): 0.012373): 0.015145): 0.006166, (64: 0.122298, (52: 0.002159, 55: 0.002159): 0.120139): 0.032118): 0.048818): 0.011197): 0.045773): 0.052462): 0.070590): 0.015104, ((21: 0.253015, (20: 0.234604, 32: 0.234604): 0.018411): 0.054157, (((35: 0.019676, 37: 0.019676): 0.101239, (41: 0.120915, (36: 0.084673, 39: 0.084673): 0.036242): 0.000000): 0.152858, ((14: 0.190170, 50: 0.190170): 0.064518, (15: 0.246258, (30: 0.226885, ((19: 0.088388, 22: 0.088388): 0.105362, ((17: 0.000000, 18: 0.000000): 0.144305, (34: 0.058121, (24: 0.043324, 29: 0.043324): 0.014797): 0.086184): 0.049444): 0.033136): 0.019373): 0.008430): 0.019086): 0.033399): 0.091187): 0.000000): 0.029038): 0.027096): 0.023834): 0.246515): 0.109785);

(B7MTN0: 0.834627, (B7LT38: 0.013509, P0AFQ7: 0.013509): 0.821118, (((Q30RM0: 0.396848, (A8ETG0: 0.374744, ((A6Q9M5: 0.331199, (Q7MQR3: 0.289021, O26093: 0.289021): 0.042177): 0.030409, (A6Q327: 0.275525, B9LAD7: 0.275525): 0.086083): 0.013136): 0.022104): 0.017772, (D1B079: 0.362579, (B9KFZ7: 0.274902, (Q4HRP7: 0.175202, (Q4HHW9: 0.104350, (A8FL65: 0.017737, A7H4G8: 0.017737): 0.086612): 0.070852): 0.099700): 0.087677): 0.052041): 0.310223, ((Q2JR81: 0.068063, Q2JIZ6: 0.068063): 0.410264, (Q7NI17: 0.454494, ((Q31N18: 0.002262, Q5MZ24: 0.002262): 0.425137, (P73335: 0.398360, ((B1XHW5: 0.383256, (((A3PEX5: 0.031169, ((A2BT62: 0.023636, A8G6Y7: 0.023636): 0.002602, Q318Q6: 0.026237): 0.004932): 0.095551, (Q7V005: 0.053780, A2BYL2: 0.053780): 0.072940): 0.185945, ((Q46J21: 0.000000, A2C4N3: 0.000000): 0.260204, (Q7VA28: 0.214431, (A9BCH7: 0.203234, ((A3Z9C6: 0.148250, (((Q3AHX4: 0.073794, (Q7U8K5: 0.073793, (Q063W1: 0.005529, Q3AZA5: 0.005529): 0.068265): 0.000000): 0.035108, (A5GNH4: 0.038903, A4CR13: 0.038903): 0.069999): 0.024203, (Q05WE6: 0.120732, (A5GVF4: 0.109380, Q0I7L5: 0.109380): 0.011352): 0.012373): 0.015145): 0.006166, (A3YVR4: 0.122298, (A2C6S7: 0.002159, Q7V5P0: 0.002159): 0.120139): 0.032118): 0.048818): 0.011197): 0.045773): 0.052462): 0.070590): 0.015104, ((B8HTW1: 0.253015, (Q8DJN5: 0.234604, B0C2C9: 0.234604): 0.018411): 0.054157, (((Q3M5D1: 0.019676, Q8YWL2: 0.019676): 0.101239, (A0ZH95: 0.120915, (B2J197: 0.084673, B9YNQ3: 0.084673): 0.036242): 0.000000): 0.152858, ((B5VU92: 0.190170, A0YLV0: 0.190170): 0.064518, (Q110H0: 0.246258, (B0JGK5: 0.226885, ((B7KG03: 0.088388, B4B2W0: 0.088388): 0.105362, ((C7QUR7: 0.000000, B7JWV0: 0.000000): 0.144305, (B1WZT8: 0.058121, (Q4C3Y0: 0.043324, A3IJJ4: 0.043324): 0.014797): 0.086184): 0.049444): 0.033136): 0.019373): 0.008430): 0.019086): 0.033399): 0.091187): 0.000000): 0.029038): 0.027096): 0.023834): 0.246515): 0.109785);

(26_B7MTN0, (23_B7LT38, 27_P0AFQ7) 67 , (((4_Q30RM0, (1_A8ETG0, ((2_A6Q9M5, (10_Q7MQR3, 13_O26093) 74 ) 73 , (8_A6Q327, 9_B9LAD7) 75 ) 72 ) 71 ) 70 , (3_D1B079, (7_B9KFZ7, (11_Q4HRP7, (12_Q4HHW9, (5_A8FL65, 6_A7H4G8) 80 ) 79 ) 78 ) 77 ) 76 ) 69 , ((25_Q2JR81, 31_Q2JIZ6) 82 , (28_Q7NI17, ((48_Q31N18, 57_Q5MZ24) 85 , (16_P73335, ((33_B1XHW5, (((44_A3PEX5, ((38_A2BT62, 40_A8G6Y7) 93 , 54_Q318Q6) 92 ) 91 , (47_Q7V005, 63_A2BYL2) 94 ) 90 , ((45_Q46J21, 46_A2C4N3) 96 , (60_Q7VA28, (43_A9BCH7, ((62_A3Z9C6, (((51_Q3AHX4, (65_Q7U8K5, (42_Q063W1, 53_Q3AZA5) 105 ) 104 ) 103 , (49_A5GNH4, 56_A4CR13) 106 ) 102 , (59_Q05WE6, (58_A5GVF4, 61_Q0I7L5) 108 ) 107 ) 101 ) 100 , (64_A3YVR4, (52_A2C6S7, 55_Q7V5P0) 110 ) 109 ) 99 ) 98 ) 97 ) 95 ) 89 ) 88 , ((21_B8HTW1, (20_Q8DJN5, 32_B0C2C9) 113 ) 112 , (((35_Q3M5D1, 37_Q8YWL2) 116 , (41_A0ZH95, (36_B2J197, 39_B9YNQ3) 118 ) 117 ) 115 , ((14_B5VU92, 50_A0YLV0) 120 , (15_Q110H0, (30_B0JGK5, ((19_B7KG03, 22_B4B2W0) 124 , ((17_C7QUR7, 18_B7JWV0) 126 , (34_B1WZT8, (24_Q4C3Y0, 29_A3IJJ4) 128 ) 127 ) 125 ) 123 ) 122 ) 121 ) 119 ) 114 ) 111 ) 87 ) 86 ) 84 ) 83 ) 81 ) 68 ) 66 ;

Detailed output identifying parameters

alpha (gamma, K = 5) =  0.67245
rate:   0.04842  0.23985  0.57752  1.17570  2.95852
freq:   0.20000  0.20000  0.20000  0.20000  0.20000

Time used:  5:13
