AAML (in paml version 4.6, August 2012)  272.aa
Model: Empirical for branches,  (../../../bin/LG.dat) dGamma (ncatG=4) ns =  65  ls = 836


Frequencies..
                                    A      R      N      D      C      Q      E      G      H      I      L      K      M      F      P      S      T      W      Y      V
A8ETE4                         0.05502 0.04306 0.04545 0.06699 0.01555 0.03230 0.07656 0.07895 0.02033 0.09091 0.09091 0.08852 0.02273 0.03469 0.03349 0.04785 0.05502 0.00239 0.03230 0.06699
D1AZX3                         0.06100 0.04545 0.03708 0.05263 0.01794 0.03110 0.08612 0.08493 0.02273 0.09091 0.09689 0.08373 0.02033 0.03349 0.02871 0.05263 0.05024 0.00239 0.03469 0.06699
A6Q9W0                         0.06220 0.04067 0.03469 0.06818 0.01675 0.02392 0.07416 0.08373 0.02512 0.08254 0.09689 0.09091 0.02273 0.02751 0.03349 0.05861 0.05263 0.00239 0.03828 0.06459
A6Q491                         0.06459 0.04545 0.02751 0.05622 0.01555 0.03349 0.08493 0.08612 0.02392 0.08014 0.09809 0.08852 0.01914 0.03110 0.03349 0.05263 0.04904 0.00239 0.03947 0.06818
A8FKD1                         0.05622 0.03708 0.04067 0.05502 0.01675 0.03708 0.08254 0.08014 0.01435 0.08254 0.11005 0.09928 0.02033 0.03469 0.02751 0.06220 0.04665 0.00120 0.03708 0.05861
Q4HG18                         0.05861 0.03828 0.03947 0.05502 0.01555 0.03110 0.08493 0.08014 0.01555 0.08254 0.11124 0.09689 0.01914 0.03469 0.02751 0.06818 0.04545 0.00120 0.03708 0.05742
A7H529                         0.05502 0.03708 0.03947 0.05502 0.01555 0.03589 0.08254 0.08134 0.01435 0.08493 0.11005 0.09928 0.01914 0.03469 0.02751 0.06579 0.04665 0.00120 0.03708 0.05742
Q30RE0                         0.05622 0.04545 0.04665 0.05742 0.01675 0.02871 0.08134 0.08493 0.01914 0.08612 0.09450 0.08373 0.01555 0.03230 0.02751 0.06100 0.05144 0.00239 0.04306 0.06579
B9KDM4                         0.06100 0.03828 0.04426 0.05622 0.01555 0.02751 0.08014 0.07895 0.01675 0.07895 0.11244 0.09928 0.01914 0.03469 0.02751 0.06579 0.04785 0.00000 0.03947 0.05622
Q4HSZ6                         0.05742 0.03828 0.04545 0.05144 0.01794 0.02990 0.07895 0.08014 0.01794 0.08254 0.11364 0.09928 0.01794 0.03110 0.02871 0.06579 0.04904 0.00120 0.03708 0.05622
Q7M8J4                         0.05622 0.05024 0.03110 0.05742 0.01794 0.03708 0.08612 0.08852 0.02751 0.08852 0.09569 0.07656 0.01555 0.03230 0.03589 0.05981 0.04426 0.00359 0.03349 0.06220
B9L7W1                         0.04785 0.04904 0.04067 0.06100 0.01675 0.03230 0.08493 0.07775 0.02153 0.10048 0.09330 0.09211 0.01196 0.03349 0.03589 0.05144 0.05502 0.00359 0.03110 0.05981
P56474                         0.05502 0.02990 0.04785 0.05024 0.01914 0.03589 0.07656 0.07775 0.02512 0.08014 0.11124 0.09091 0.01555 0.03828 0.03469 0.06818 0.05024 0.00120 0.03230 0.05981
B5VUN7                         0.06459 0.05263 0.03349 0.06459 0.02033 0.04665 0.05263 0.08612 0.02512 0.07297 0.12321 0.05263 0.00837 0.02751 0.05502 0.05622 0.05144 0.00598 0.03349 0.06699
B0JMD4                         0.05742 0.05742 0.02990 0.06100 0.02392 0.04306 0.06459 0.08373 0.02512 0.07536 0.11722 0.05981 0.00718 0.02512 0.04426 0.05742 0.06100 0.00359 0.03349 0.06938
Q8YQV0                         0.05742 0.06100 0.03349 0.05861 0.01794 0.05144 0.06938 0.08134 0.01914 0.06818 0.12081 0.05383 0.00837 0.02273 0.04785 0.05981 0.05622 0.00359 0.03230 0.07656
Q3M739                         0.05742 0.06100 0.03589 0.05861 0.01794 0.05144 0.06938 0.08134 0.02033 0.06579 0.12081 0.05383 0.00837 0.02273 0.04665 0.05861 0.05742 0.00359 0.03110 0.07775
A0ZBW7                         0.05622 0.05981 0.03110 0.05981 0.01794 0.05144 0.06459 0.08612 0.02033 0.07177 0.11483 0.05383 0.00718 0.02273 0.04545 0.05981 0.06100 0.00359 0.03230 0.08014
B1XMX9                         0.05383 0.06340 0.04306 0.05263 0.01914 0.03349 0.07656 0.08373 0.02751 0.06579 0.12440 0.05861 0.00718 0.02871 0.04904 0.05622 0.05981 0.00359 0.02990 0.06340
Q4C1C7                         0.05502 0.05383 0.03828 0.06579 0.02273 0.03708 0.06220 0.08971 0.02751 0.06459 0.12321 0.05981 0.00837 0.02512 0.04545 0.05742 0.05622 0.00359 0.03230 0.07177
B4AUW7                         0.04665 0.06220 0.03708 0.05981 0.02392 0.04187 0.06579 0.08254 0.02153 0.07536 0.12081 0.04904 0.00837 0.02512 0.05024 0.05981 0.05742 0.00359 0.03469 0.07416
B2IUZ6                         0.05981 0.06340 0.03110 0.06100 0.01914 0.05144 0.06699 0.08254 0.02033 0.07775 0.11722 0.05383 0.00718 0.02871 0.04426 0.05981 0.05502 0.00478 0.02990 0.06579
B1X1K9                         0.04785 0.05263 0.04187 0.05981 0.02153 0.03828 0.06340 0.08373 0.02871 0.06340 0.12560 0.06579 0.00957 0.02392 0.04545 0.06938 0.05144 0.00359 0.03230 0.07177
B8HXW2                         0.06938 0.06699 0.03110 0.06459 0.01794 0.04665 0.06340 0.08254 0.02990 0.05981 0.12560 0.04426 0.00957 0.02273 0.04665 0.05742 0.05742 0.00359 0.02990 0.07057
P0A698                         0.07177 0.06938 0.03230 0.05742 0.01675 0.03469 0.07416 0.08852 0.02871 0.05981 0.10287 0.04904 0.01914 0.03349 0.05144 0.05144 0.05742 0.00359 0.02512 0.07297
B0BZW7                         0.06699 0.06340 0.02990 0.06340 0.01914 0.03708 0.06459 0.08612 0.02512 0.04904 0.12081 0.05144 0.01435 0.02632 0.05024 0.05502 0.05502 0.00359 0.03110 0.08732
A3IMB9                         0.05263 0.05144 0.03947 0.06100 0.02273 0.03828 0.06459 0.08134 0.02751 0.06699 0.12560 0.06579 0.00837 0.02273 0.04187 0.06938 0.05144 0.00359 0.03110 0.07416
B7LL41                         0.07177 0.06938 0.03230 0.05742 0.01675 0.03469 0.07416 0.08852 0.02871 0.05981 0.10287 0.04904 0.01914 0.03230 0.05144 0.05144 0.05742 0.00359 0.02632 0.07297
B7MSG4                         0.07057 0.06938 0.03230 0.05742 0.01675 0.03469 0.07416 0.08852 0.02871 0.05981 0.10287 0.04904 0.01914 0.03230 0.05144 0.05144 0.05861 0.00359 0.02632 0.07297
B7K487                         0.04785 0.05383 0.04426 0.05861 0.02512 0.05144 0.06220 0.08134 0.02153 0.06938 0.12799 0.06220 0.00718 0.02273 0.04426 0.06340 0.05383 0.00359 0.03230 0.06699
C7QQN7                         0.04785 0.05383 0.04426 0.05861 0.02512 0.05144 0.06220 0.08134 0.02153 0.06938 0.12799 0.06220 0.00718 0.02273 0.04426 0.06340 0.05383 0.00359 0.03230 0.06699
Q2JQQ8                         0.08134 0.07656 0.02033 0.05263 0.02033 0.04785 0.06579 0.08493 0.02751 0.05861 0.12919 0.03469 0.00598 0.02153 0.05861 0.04665 0.05383 0.00359 0.03230 0.07775
Q8DMD5                         0.06699 0.06699 0.02632 0.05622 0.01794 0.04785 0.06220 0.08852 0.02632 0.06220 0.12560 0.04187 0.00957 0.02512 0.05024 0.05502 0.05383 0.00478 0.03589 0.07656
A5GX25                         0.07656 0.07656 0.02751 0.05981 0.01794 0.04306 0.06699 0.08612 0.02751 0.05861 0.11722 0.03230 0.01077 0.02392 0.05144 0.05742 0.05144 0.00359 0.02751 0.08373
A3PFK0                         0.05742 0.05144 0.03589 0.05742 0.01794 0.03708 0.06699 0.08612 0.01914 0.07177 0.11603 0.06938 0.00718 0.02632 0.05144 0.06579 0.05144 0.00359 0.03230 0.07536
P73412                         0.05981 0.05742 0.04187 0.05383 0.02273 0.04785 0.06100 0.08254 0.02512 0.07297 0.11603 0.05742 0.00957 0.02632 0.04665 0.05383 0.06100 0.00359 0.03230 0.06818
Q7UZF5                         0.05861 0.04904 0.03469 0.06100 0.01675 0.03230 0.06699 0.08612 0.01914 0.06459 0.11722 0.07177 0.00718 0.02632 0.05263 0.06699 0.05263 0.00359 0.03230 0.08014
Q10W65                         0.05502 0.05383 0.04187 0.05263 0.02153 0.03589 0.07416 0.07895 0.02153 0.07656 0.11483 0.06459 0.00837 0.02632 0.05024 0.06100 0.05742 0.00359 0.03589 0.06579
A2C5J2                         0.05742 0.06100 0.03589 0.05981 0.01675 0.03230 0.06699 0.08493 0.02033 0.05981 0.12081 0.06340 0.00837 0.02990 0.05263 0.06938 0.05383 0.00359 0.02273 0.08014
Q46I66                         0.05742 0.06100 0.03589 0.06100 0.01675 0.03230 0.06699 0.08373 0.02033 0.06100 0.12081 0.06340 0.00837 0.02990 0.05263 0.06938 0.05383 0.00359 0.02273 0.07895
A2BZ99                         0.05861 0.05024 0.03469 0.06220 0.01675 0.03349 0.06220 0.08612 0.02033 0.06459 0.11962 0.06938 0.00718 0.02512 0.05024 0.06818 0.05383 0.00359 0.03230 0.08134
A0YUG6                         0.06340 0.05861 0.03230 0.05981 0.01914 0.04545 0.06100 0.08254 0.02392 0.06340 0.12201 0.05144 0.00837 0.03110 0.05024 0.06340 0.05742 0.00359 0.03110 0.07177
B7KET4                         0.05742 0.06220 0.03469 0.05502 0.02153 0.04426 0.07057 0.08254 0.02392 0.07656 0.12081 0.05024 0.00957 0.02632 0.04545 0.05981 0.05861 0.00359 0.02990 0.06699
A8G7L6                         0.05742 0.05383 0.03589 0.05622 0.01794 0.03708 0.06818 0.08612 0.01914 0.07297 0.11603 0.06699 0.00718 0.02392 0.05144 0.06579 0.05383 0.00359 0.03230 0.07416
Q0I5Z6                         0.06459 0.07297 0.02990 0.06340 0.01675 0.03708 0.06938 0.09211 0.02273 0.06220 0.11722 0.04067 0.00957 0.02392 0.05144 0.05502 0.05383 0.00359 0.02871 0.08493
A4CWU6                         0.07057 0.07775 0.02512 0.06220 0.01794 0.03947 0.07177 0.08971 0.02392 0.05502 0.12201 0.03589 0.00957 0.02632 0.05024 0.05622 0.05622 0.00359 0.02512 0.08134
A2BTU3                         0.05861 0.05263 0.03589 0.05861 0.01794 0.03708 0.06579 0.08612 0.01914 0.07057 0.11722 0.06938 0.00718 0.02392 0.05144 0.06340 0.05144 0.00359 0.03230 0.07775
Q5N487                         0.07177 0.07297 0.03110 0.05981 0.02033 0.04187 0.06100 0.08732 0.02751 0.06100 0.11842 0.03708 0.00957 0.02632 0.05144 0.05502 0.05502 0.00359 0.02632 0.08254
Q31PZ0                         0.07177 0.07297 0.03110 0.05981 0.02033 0.04187 0.06100 0.08732 0.02751 0.06100 0.11842 0.03708 0.00957 0.02632 0.05144 0.05502 0.05502 0.00359 0.02632 0.08254
A3YWF7                         0.07057 0.07656 0.03110 0.05861 0.01675 0.03947 0.06938 0.08852 0.02632 0.05502 0.12081 0.03349 0.01077 0.02512 0.05263 0.05383 0.05263 0.00359 0.02632 0.08852
Q2JM73                         0.07656 0.07057 0.02512 0.05383 0.02033 0.05024 0.05981 0.08732 0.02871 0.06459 0.12201 0.03589 0.00957 0.02392 0.05861 0.05144 0.05502 0.00359 0.03110 0.07177
A5GPU0                         0.07177 0.07775 0.02512 0.06459 0.01794 0.03947 0.06938 0.08971 0.02392 0.05502 0.12081 0.03589 0.00957 0.02632 0.05144 0.05383 0.05742 0.00359 0.02512 0.08134
Q317S9                         0.05742 0.05383 0.03230 0.05861 0.01794 0.03469 0.06699 0.08493 0.02033 0.07057 0.11483 0.07177 0.00718 0.02392 0.05144 0.06579 0.05263 0.00359 0.03230 0.07895
B9YUD2                         0.05144 0.05981 0.04187 0.05383 0.02153 0.04785 0.06938 0.08732 0.01794 0.08014 0.11842 0.05383 0.00837 0.02273 0.04665 0.05981 0.05502 0.00359 0.03349 0.06699
Q7U3B0                         0.06699 0.07656 0.03110 0.06579 0.01794 0.04187 0.06579 0.08852 0.02273 0.05383 0.11722 0.03828 0.01077 0.02871 0.05263 0.05263 0.05024 0.00359 0.02392 0.09091
A3Z3T9                         0.07177 0.08134 0.02751 0.06459 0.01675 0.03828 0.06579 0.08852 0.02512 0.05263 0.11962 0.03469 0.00837 0.02871 0.05502 0.05263 0.05742 0.00359 0.02273 0.08493
Q3AG66                         0.06579 0.07656 0.03230 0.05981 0.01675 0.03828 0.07057 0.09091 0.02153 0.05622 0.11722 0.04067 0.00837 0.02632 0.05263 0.05622 0.05024 0.00359 0.02632 0.08971
Q05UV9                         0.06699 0.07895 0.02990 0.06220 0.01794 0.03708 0.07177 0.08971 0.02512 0.05502 0.11722 0.03708 0.00957 0.02512 0.05144 0.05502 0.05622 0.00359 0.02512 0.08493
Q062F8                         0.06459 0.08134 0.03469 0.05861 0.01675 0.03947 0.07177 0.09211 0.02033 0.05502 0.11722 0.03589 0.00837 0.02751 0.05383 0.05263 0.05144 0.00359 0.02632 0.08852
A9BDR9                         0.06459 0.06938 0.03349 0.05981 0.01555 0.03708 0.06938 0.08373 0.02153 0.07057 0.11483 0.05024 0.00718 0.02751 0.05502 0.05861 0.05263 0.00359 0.02751 0.07775
Q7V9F2                         0.05981 0.06818 0.03589 0.06220 0.01794 0.03828 0.06579 0.08732 0.01794 0.06818 0.12440 0.04785 0.00718 0.02990 0.05263 0.06340 0.05144 0.00359 0.02273 0.07536
Q7NDJ9                         0.06220 0.07536 0.02512 0.04665 0.02033 0.03469 0.07416 0.08971 0.02153 0.05622 0.11124 0.04426 0.01077 0.02990 0.05263 0.06220 0.06220 0.00359 0.02632 0.09091
Q3AUF5                         0.06340 0.08134 0.02751 0.06699 0.01794 0.04067 0.06459 0.08971 0.02512 0.05622 0.11842 0.03469 0.00957 0.02871 0.05144 0.05622 0.05383 0.00359 0.02392 0.08612
Q7V3S1                         0.06699 0.07656 0.02990 0.06100 0.01675 0.03708 0.06699 0.08971 0.02751 0.05502 0.12440 0.03828 0.01077 0.02512 0.05144 0.05383 0.05263 0.00478 0.02512 0.08612
A2CE39                         0.06699 0.07656 0.02751 0.06220 0.01675 0.03469 0.06459 0.08852 0.02751 0.05622 0.12919 0.03828 0.01196 0.02632 0.05024 0.05622 0.05263 0.00359 0.02512 0.08493

Homogeneity statistic: X2 = 1.59228 G = 1.58361 

Average                        0.06145 0.06049 0.03450 0.05898 0.01855 0.03900 0.06969 0.08524 0.02308 0.06831 0.11596 0.05863 0.01115 0.02762 0.04641 0.05891 0.05390 0.00335 0.03062 0.07416

# constant sites:    237 (28.35%)
ln Lmax (unconstrained) = -4959.193386

AA distances (raw proportions of different sites)

A8ETE4         
D1AZX3           0.2344
A6Q9W0           0.2548  0.2608
A6Q491           0.2608  0.2165  0.2464
A8FKD1           0.2739  0.2679  0.2775  0.2632
Q4HG18           0.2775  0.2727  0.2811  0.2656  0.0347
A7H529           0.2763  0.2715  0.2799  0.2656  0.0120  0.0347
Q30RE0           0.2524  0.2321  0.2368  0.2309  0.2943  0.2931  0.2967
B9KDM4           0.2799  0.2763  0.2871  0.2691  0.1196  0.1256  0.1208  0.3074
Q4HSZ6           0.2751  0.2787  0.2931  0.2715  0.1112  0.1041  0.1136  0.2955  0.1495
Q7M8J4           0.2392  0.2428  0.2596  0.2153  0.2895  0.2895  0.2919  0.2249  0.2967  0.2847
B9L7W1           0.3086  0.2967  0.3002  0.2632  0.3110  0.3134  0.3110  0.3038  0.3122  0.3146  0.2847
P56474           0.3194  0.3062  0.3242  0.3002  0.3134  0.3182  0.3194  0.3122  0.3182  0.3170  0.2835  0.3289
B5VUN7           0.4928  0.4868  0.4976  0.4940  0.4952  0.4952  0.4976  0.5024  0.4964  0.5048  0.5012  0.5012  0.4988
B0JMD4           0.4940  0.4928  0.4964  0.4952  0.4892  0.4916  0.4916  0.5036  0.4952  0.4964  0.5000  0.4940  0.4797  0.1998
Q8YQV0           0.5024  0.4964  0.4988  0.5048  0.4964  0.4988  0.4988  0.5036  0.4940  0.5060  0.5096  0.4988  0.5012  0.2069  0.2189
Q3M739           0.5000  0.4928  0.4988  0.5012  0.4952  0.4976  0.4976  0.5000  0.4952  0.5036  0.5072  0.4952  0.4988  0.2057  0.2153  0.0084
A0ZBW7           0.5036  0.4904  0.5012  0.5012  0.4952  0.4964  0.4976  0.4988  0.5036  0.5012  0.5000  0.5060  0.4988  0.2177  0.2285  0.0969  0.0945
B1XMX9           0.4964  0.4868  0.5024  0.4988  0.5036  0.5000  0.5048  0.5012  0.5072  0.5084  0.5024  0.5000  0.5024  0.2333  0.2249  0.2344  0.2344  0.2476
Q4C1C7           0.5012  0.4904  0.4976  0.4928  0.5048  0.5000  0.5072  0.4988  0.5024  0.5036  0.5048  0.4964  0.4964  0.2356  0.2045  0.2141  0.2105  0.2165  0.2057
B4AUW7           0.4988  0.4821  0.4988  0.4773  0.4880  0.4856  0.4904  0.4940  0.4856  0.4952  0.4904  0.4904  0.4856  0.1962  0.1818  0.2141  0.2141  0.2093  0.2129  0.1902
B2IUZ6           0.5012  0.5000  0.5036  0.5108  0.4988  0.5000  0.5012  0.5012  0.5012  0.5084  0.5036  0.5048  0.5048  0.2141  0.2261  0.0897  0.0873  0.0849  0.2344  0.2261  0.2177
B1X1K9           0.5036  0.4952  0.5000  0.5000  0.4964  0.4940  0.4976  0.5072  0.5000  0.5048  0.5084  0.4988  0.4952  0.2165  0.2010  0.2177  0.2129  0.2117  0.1974  0.0801  0.1878  0.2189
B8HXW2           0.5012  0.4964  0.5060  0.4928  0.5036  0.5024  0.5048  0.5036  0.5072  0.5096  0.4952  0.4952  0.5012  0.1950  0.2249  0.1818  0.1770  0.1914  0.2201  0.2225  0.2069  0.1866  0.2129
P0A698           0.5072  0.4988  0.5000  0.4880  0.4952  0.4904  0.4964  0.4976  0.4976  0.4964  0.4892  0.4880  0.4916  0.4354  0.4498  0.4522  0.4510  0.4557  0.4414  0.4569  0.4378  0.4581  0.4533  0.4330
B0BZW7           0.5096  0.4976  0.5167  0.5000  0.5000  0.5012  0.5012  0.5132  0.5072  0.5108  0.5000  0.5024  0.4988  0.2261  0.2356  0.2141  0.2153  0.2177  0.2237  0.2309  0.2261  0.2141  0.2344  0.1758  0.4426
A3IMB9           0.5036  0.4904  0.4976  0.4988  0.4940  0.4916  0.4964  0.5060  0.5024  0.5000  0.5060  0.4976  0.4940  0.2297  0.2153  0.2225  0.2189  0.2189  0.2093  0.0873  0.1986  0.2297  0.0490  0.2249  0.4569  0.2404
B7LL41           0.5084  0.5000  0.5012  0.4868  0.4940  0.4892  0.4952  0.4964  0.4964  0.4952  0.4880  0.4868  0.4928  0.4366  0.4510  0.4533  0.4522  0.4569  0.4426  0.4581  0.4390  0.4593  0.4545  0.4318  0.0012  0.4414  0.4581
B7MSG4           0.5084  0.5000  0.5000  0.4868  0.4940  0.4892  0.4952  0.4964  0.4964  0.4952  0.4880  0.4868  0.4928  0.4366  0.4510  0.4533  0.4522  0.4569  0.4426  0.4581  0.4390  0.4593  0.4545  0.4306  0.0024  0.4414  0.4581  0.0012
B7K487           0.5036  0.4844  0.4988  0.4940  0.4976  0.4940  0.5000  0.4880  0.4952  0.5048  0.4964  0.5000  0.4809  0.2045  0.1878  0.2129  0.2093  0.2105  0.2081  0.1603  0.1675  0.2165  0.1519  0.2069  0.4450  0.2321  0.1663  0.4462  0.4462
C7QQN7           0.5036  0.4844  0.4988  0.4940  0.4976  0.4940  0.5000  0.4880  0.4952  0.5048  0.4964  0.5000  0.4809  0.2045  0.1878  0.2129  0.2093  0.2105  0.2081  0.1603  0.1675  0.2165  0.1519  0.2069  0.4450  0.2321  0.1663  0.4462  0.4462  0.0000
Q2JQQ8           0.5012  0.4892  0.4928  0.4797  0.4904  0.4904  0.4916  0.4868  0.4964  0.4988  0.4880  0.4892  0.4868  0.2871  0.2990  0.2775  0.2751  0.2751  0.2955  0.2943  0.2751  0.2775  0.2990  0.2751  0.4139  0.2751  0.3086  0.4127  0.4127  0.2943  0.2943
Q8DMD5           0.5108  0.5084  0.5024  0.4868  0.5024  0.5036  0.5048  0.5036  0.5012  0.5060  0.4976  0.5012  0.4976  0.2500  0.2476  0.2392  0.2380  0.2488  0.2644  0.2428  0.2297  0.2524  0.2512  0.2261  0.4414  0.2297  0.2584  0.4402  0.4402  0.2488  0.2488  0.2596
A5GX25           0.5156  0.4904  0.5120  0.5012  0.5132  0.5084  0.5156  0.5156  0.5048  0.5048  0.5120  0.5227  0.5239  0.2847  0.2907  0.2644  0.2632  0.2572  0.2727  0.2907  0.2811  0.2679  0.2871  0.2464  0.4426  0.2620  0.2907  0.4438  0.4438  0.2883  0.2883  0.2847  0.2727
A3PFK0           0.5120  0.5072  0.5120  0.5108  0.5012  0.4964  0.5036  0.5108  0.4976  0.5000  0.5144  0.5072  0.5144  0.2967  0.2847  0.2811  0.2823  0.2823  0.2703  0.2978  0.2871  0.2775  0.2931  0.2727  0.4498  0.2811  0.2943  0.4510  0.4510  0.2919  0.2919  0.3050  0.3026  0.1842
P73412           0.4964  0.4856  0.4892  0.4880  0.4988  0.4964  0.5012  0.4988  0.4928  0.5060  0.5036  0.4868  0.5000  0.2213  0.1938  0.2177  0.2141  0.2249  0.1950  0.1998  0.1926  0.2189  0.1998  0.2333  0.4462  0.2416  0.2045  0.4474  0.4474  0.1902  0.1902  0.2847  0.2584  0.2775  0.2811
Q7UZF5           0.5084  0.5036  0.5144  0.5024  0.4904  0.4880  0.4928  0.5108  0.4952  0.4988  0.5215  0.5060  0.5096  0.2978  0.2787  0.2811  0.2823  0.2871  0.2667  0.2871  0.2907  0.2799  0.2859  0.2739  0.4474  0.2775  0.2895  0.4486  0.4486  0.2859  0.2859  0.3098  0.2978  0.1950  0.0514  0.2763
Q10W65           0.5048  0.4928  0.4988  0.5012  0.5084  0.5024  0.5096  0.5072  0.5024  0.5144  0.5036  0.5036  0.4952  0.2153  0.2333  0.2165  0.2141  0.2225  0.2333  0.2404  0.2105  0.2249  0.2165  0.2129  0.4390  0.2464  0.2392  0.4402  0.4402  0.2105  0.2105  0.2907  0.2548  0.2895  0.2883  0.2321  0.2859
A2C5J2           0.5096  0.5060  0.5144  0.5072  0.5000  0.4976  0.5036  0.5156  0.5012  0.5132  0.5179  0.5144  0.5108  0.2799  0.2907  0.2691  0.2703  0.2787  0.2560  0.2871  0.2691  0.2715  0.2787  0.2644  0.4486  0.2620  0.2799  0.4498  0.4498  0.2739  0.2739  0.3098  0.2967  0.1842  0.1579  0.2751  0.1639  0.2919
Q46I66           0.5108  0.5060  0.5132  0.5060  0.4988  0.4964  0.5024  0.5144  0.5000  0.5120  0.5191  0.5132  0.5096  0.2811  0.2895  0.2703  0.2715  0.2799  0.2560  0.2859  0.2679  0.2727  0.2775  0.2656  0.4474  0.2632  0.2787  0.4486  0.4486  0.2727  0.2727  0.3086  0.2955  0.1842  0.1567  0.2739  0.1627  0.2931  0.0024
A2BZ99           0.5144  0.5036  0.5167  0.5096  0.4952  0.4904  0.4976  0.5120  0.4988  0.4976  0.5215  0.5132  0.5167  0.2955  0.2835  0.2823  0.2835  0.2883  0.2691  0.2907  0.2907  0.2811  0.2895  0.2751  0.4486  0.2799  0.2907  0.4498  0.4498  0.2847  0.2847  0.3110  0.3002  0.1950  0.0538  0.2763  0.0203  0.2907  0.1639  0.1627
A0YUG6           0.5036  0.4868  0.5012  0.4880  0.4952  0.4940  0.4976  0.5072  0.4964  0.5036  0.4928  0.4976  0.4976  0.1890  0.2309  0.2069  0.2045  0.2081  0.2356  0.2189  0.2081  0.2069  0.2105  0.2010  0.4414  0.2273  0.2273  0.4426  0.4426  0.2105  0.2105  0.2787  0.2620  0.2787  0.2787  0.2261  0.2871  0.2105  0.2751  0.2739  0.2907
B7KET4           0.5072  0.4892  0.4964  0.4785  0.4916  0.4880  0.4940  0.4952  0.4988  0.4988  0.4976  0.4976  0.4892  0.2105  0.1878  0.2117  0.2105  0.2105  0.2093  0.1938  0.0993  0.2081  0.1926  0.2057  0.4342  0.2333  0.2045  0.4354  0.4354  0.1663  0.1663  0.2667  0.2356  0.2715  0.2751  0.1950  0.2775  0.2177  0.2608  0.2596  0.2751  0.2022
A8G7L6           0.5132  0.5084  0.5167  0.5120  0.5060  0.5024  0.5084  0.5144  0.5012  0.5000  0.5179  0.5072  0.5179  0.2978  0.2847  0.2799  0.2811  0.2811  0.2703  0.2990  0.2883  0.2799  0.2943  0.2763  0.4498  0.2835  0.2967  0.4510  0.4510  0.2919  0.2919  0.3086  0.3062  0.1914  0.0227  0.2763  0.0598  0.2955  0.1627  0.1615  0.0598  0.2823  0.2775
Q0I5Z6           0.5167  0.5024  0.5132  0.5072  0.5000  0.4964  0.5036  0.5179  0.5012  0.5024  0.5167  0.5132  0.5179  0.2871  0.2835  0.2787  0.2811  0.2727  0.2739  0.2847  0.2787  0.2739  0.2907  0.2620  0.4486  0.2632  0.2859  0.4498  0.4498  0.2895  0.2895  0.2955  0.2823  0.1507  0.1675  0.2727  0.1758  0.2919  0.1591  0.1579  0.1746  0.2739  0.2656  0.1746
A4CWU6           0.5156  0.5048  0.5179  0.5072  0.5060  0.5048  0.5096  0.5144  0.5096  0.5084  0.5167  0.5239  0.5156  0.2787  0.2859  0.2691  0.2703  0.2656  0.2656  0.2799  0.2763  0.2656  0.2847  0.2512  0.4414  0.2584  0.2799  0.4426  0.4426  0.2811  0.2811  0.2883  0.2703  0.1244  0.1687  0.2811  0.1746  0.2919  0.1567  0.1567  0.1699  0.2727  0.2620  0.1711  0.0873
A2BTU3           0.5156  0.5096  0.5156  0.5132  0.5036  0.5000  0.5060  0.5156  0.4988  0.5036  0.5191  0.5072  0.5179  0.2978  0.2859  0.2775  0.2787  0.2811  0.2679  0.3002  0.2883  0.2775  0.2931  0.2763  0.4498  0.2835  0.2955  0.4510  0.4510  0.2931  0.2931  0.3038  0.3038  0.1890  0.0108  0.2811  0.0502  0.2919  0.1555  0.1543  0.0478  0.2799  0.2763  0.0191  0.1734  0.1663
Q5N487           0.5144  0.4964  0.5060  0.5024  0.5024  0.5024  0.5060  0.5072  0.5048  0.5120  0.5084  0.5108  0.5060  0.2177  0.2440  0.2129  0.2129  0.2177  0.2464  0.2392  0.2249  0.2177  0.2333  0.2045  0.4402  0.2069  0.2428  0.4414  0.4414  0.2356  0.2356  0.2656  0.2333  0.2117  0.2476  0.2404  0.2488  0.2368  0.2309  0.2297  0.2428  0.2225  0.2201  0.2560  0.2201  0.2081  0.2500
Q31PZ0           0.5144  0.4964  0.5060  0.5024  0.5024  0.5024  0.5060  0.5072  0.5048  0.5120  0.5084  0.5108  0.5060  0.2177  0.2440  0.2129  0.2129  0.2177  0.2464  0.2392  0.2249  0.2177  0.2333  0.2045  0.4402  0.2069  0.2428  0.4414  0.4414  0.2356  0.2356  0.2656  0.2333  0.2117  0.2476  0.2404  0.2488  0.2368  0.2309  0.2297  0.2428  0.2225  0.2201  0.2560  0.2201  0.2081  0.2500  0.0000
A3YWF7           0.5167  0.5000  0.5144  0.5132  0.5036  0.5048  0.5060  0.5144  0.5024  0.5048  0.5108  0.5251  0.5191  0.2775  0.2895  0.2572  0.2560  0.2536  0.2691  0.2799  0.2727  0.2560  0.2763  0.2380  0.4354  0.2524  0.2787  0.4366  0.4366  0.2703  0.2703  0.2943  0.2811  0.1172  0.1854  0.2679  0.1914  0.2787  0.1603  0.1603  0.1902  0.2656  0.2679  0.1902  0.1376  0.1160  0.1866  0.1950  0.1950
Q2JM73           0.5120  0.5012  0.5012  0.4868  0.4964  0.4940  0.4976  0.4916  0.5084  0.5048  0.4964  0.4976  0.4976  0.2907  0.2978  0.2751  0.2727  0.2811  0.3026  0.3014  0.2811  0.2787  0.3038  0.2703  0.4294  0.2811  0.3134  0.4282  0.4282  0.2990  0.2990  0.0730  0.2667  0.2978  0.3182  0.2871  0.3170  0.2895  0.3218  0.3206  0.3206  0.2775  0.2667  0.3218  0.3098  0.3014  0.3182  0.2679  0.2679  0.3038
A5GPU0           0.5179  0.5048  0.5179  0.5084  0.5072  0.5060  0.5108  0.5167  0.5096  0.5096  0.5167  0.5239  0.5191  0.2775  0.2859  0.2644  0.2656  0.2644  0.2667  0.2799  0.2751  0.2632  0.2847  0.2500  0.4414  0.2584  0.2823  0.4426  0.4426  0.2811  0.2811  0.2871  0.2679  0.1232  0.1687  0.2787  0.1734  0.2931  0.1519  0.1519  0.1699  0.2715  0.2620  0.1711  0.0849  0.0060  0.1663  0.2045  0.2045  0.1124  0.3002
Q317S9           0.5167  0.5084  0.5167  0.5108  0.5024  0.4976  0.5048  0.5156  0.5000  0.5000  0.5191  0.5048  0.5215  0.3038  0.2823  0.2835  0.2847  0.2859  0.2727  0.2955  0.2931  0.2835  0.2907  0.2835  0.4522  0.2883  0.2931  0.4533  0.4533  0.2955  0.2955  0.3062  0.3050  0.1914  0.0239  0.2787  0.0574  0.2943  0.1603  0.1591  0.0586  0.2895  0.2775  0.0263  0.1734  0.1711  0.0203  0.2500  0.2500  0.1902  0.3182  0.1711
B9YUD2           0.5132  0.4964  0.4976  0.5012  0.4940  0.4940  0.4964  0.5012  0.5036  0.5024  0.5084  0.4964  0.5096  0.2261  0.2321  0.1328  0.1328  0.1411  0.2488  0.2368  0.2237  0.1400  0.2297  0.2022  0.4653  0.2285  0.2404  0.4641  0.4641  0.2249  0.2249  0.2931  0.2620  0.2739  0.2847  0.2273  0.2847  0.2380  0.2859  0.2871  0.2799  0.2249  0.2129  0.2883  0.2919  0.2799  0.2835  0.2249  0.2249  0.2656  0.2955  0.2787  0.2895
Q7U3B0           0.5239  0.5072  0.5203  0.5096  0.5012  0.5012  0.5048  0.5251  0.5036  0.5072  0.5191  0.5239  0.5167  0.2895  0.2823  0.2787  0.2787  0.2667  0.2691  0.2859  0.2775  0.2679  0.2871  0.2608  0.4354  0.2656  0.2871  0.4366  0.4366  0.2871  0.2871  0.3014  0.2787  0.1447  0.1770  0.2823  0.1818  0.3002  0.1687  0.1675  0.1806  0.2763  0.2656  0.1806  0.0969  0.0837  0.1758  0.2213  0.2213  0.1256  0.3182  0.0837  0.1818  0.2907
A3Z3T9           0.5227  0.5108  0.5191  0.5024  0.5096  0.5084  0.5132  0.5191  0.5084  0.5108  0.5156  0.5215  0.5215  0.2847  0.2895  0.2691  0.2691  0.2644  0.2679  0.2775  0.2751  0.2667  0.2787  0.2464  0.4402  0.2560  0.2739  0.4414  0.4414  0.2823  0.2823  0.2847  0.2715  0.1184  0.1711  0.2751  0.1806  0.2943  0.1471  0.1459  0.1770  0.2679  0.2679  0.1711  0.0837  0.0538  0.1687  0.2010  0.2010  0.1112  0.3038  0.0502  0.1734  0.2811  0.0742
Q3AG66           0.5215  0.5000  0.5132  0.5000  0.4988  0.4976  0.5024  0.5167  0.4988  0.5000  0.5108  0.5144  0.5132  0.2883  0.2811  0.2775  0.2775  0.2632  0.2632  0.2835  0.2703  0.2667  0.2859  0.2632  0.4366  0.2644  0.2859  0.4378  0.4378  0.2811  0.2811  0.2943  0.2775  0.1316  0.1639  0.2739  0.1699  0.2943  0.1555  0.1543  0.1699  0.2727  0.2596  0.1663  0.0897  0.0837  0.1651  0.2129  0.2129  0.1184  0.3098  0.0837  0.1675  0.2871  0.0383  0.0766
Q05UV9           0.5203  0.5084  0.5132  0.5048  0.5072  0.5024  0.5108  0.5156  0.5108  0.5084  0.5132  0.5215  0.5179  0.2799  0.2811  0.2667  0.2679  0.2608  0.2691  0.2775  0.2751  0.2596  0.2799  0.2536  0.4426  0.2608  0.2763  0.4438  0.4438  0.2811  0.2811  0.2883  0.2691  0.1280  0.1687  0.2691  0.1734  0.2955  0.1603  0.1603  0.1746  0.2727  0.2644  0.1746  0.0969  0.0562  0.1711  0.2022  0.2022  0.1208  0.2967  0.0562  0.1722  0.2763  0.0813  0.0658  0.0778
Q062F8           0.5191  0.5036  0.5179  0.5060  0.5012  0.5000  0.5048  0.5203  0.5048  0.5048  0.5156  0.5227  0.5167  0.2931  0.2883  0.2799  0.2799  0.2691  0.2632  0.2799  0.2835  0.2667  0.2859  0.2644  0.4486  0.2644  0.2883  0.4498  0.4498  0.2847  0.2847  0.3002  0.2847  0.1411  0.1699  0.2835  0.1722  0.3038  0.1531  0.1543  0.1734  0.2787  0.2727  0.1746  0.1077  0.0921  0.1711  0.2189  0.2189  0.1208  0.3134  0.0921  0.1722  0.2823  0.0634  0.0897  0.0490  0.0957
A9BDR9           0.5287  0.5096  0.5072  0.5060  0.4976  0.4976  0.5012  0.5144  0.4976  0.5096  0.5227  0.5179  0.5144  0.2763  0.2787  0.2632  0.2632  0.2632  0.2691  0.2811  0.2739  0.2548  0.2799  0.2560  0.4426  0.2691  0.2811  0.4438  0.4438  0.2715  0.2715  0.3038  0.2823  0.1639  0.1663  0.2644  0.1639  0.2871  0.1328  0.1316  0.1699  0.2787  0.2632  0.1699  0.1459  0.1376  0.1687  0.2344  0.2344  0.1423  0.3098  0.1340  0.1722  0.2775  0.1459  0.1292  0.1268  0.1376  0.1316
Q7V9F2           0.5227  0.5108  0.5215  0.5120  0.5060  0.5048  0.5096  0.5251  0.5060  0.5144  0.5179  0.5191  0.5251  0.2895  0.2871  0.2679  0.2691  0.2739  0.2727  0.2847  0.2811  0.2679  0.2847  0.2644  0.4390  0.2739  0.2847  0.4402  0.4402  0.2787  0.2787  0.3038  0.2871  0.1758  0.1722  0.2715  0.1770  0.2955  0.1352  0.1340  0.1782  0.2787  0.2715  0.1758  0.1663  0.1543  0.1734  0.2380  0.2380  0.1627  0.3170  0.1507  0.1782  0.2787  0.1603  0.1435  0.1531  0.1507  0.1531  0.1112
Q7NDJ9           0.5203  0.5072  0.5072  0.4952  0.5096  0.5060  0.5132  0.5156  0.5096  0.5191  0.4988  0.5012  0.5144  0.3313  0.3278  0.3098  0.3098  0.3170  0.3361  0.3278  0.3254  0.3230  0.3325  0.2990  0.4294  0.3014  0.3361  0.4306  0.4306  0.3385  0.3385  0.3086  0.3182  0.3373  0.3409  0.3242  0.3397  0.3349  0.3409  0.3397  0.3445  0.3134  0.3206  0.3421  0.3218  0.3373  0.3433  0.2990  0.2990  0.3325  0.3050  0.3337  0.3385  0.3301  0.3337  0.3242  0.3254  0.3337  0.3301  0.3349  0.3373
Q3AUF5           0.5251  0.5096  0.5215  0.5084  0.5036  0.5012  0.5048  0.5251  0.5060  0.5096  0.5227  0.5263  0.5203  0.2943  0.2919  0.2799  0.2799  0.2751  0.2691  0.2883  0.2859  0.2763  0.2967  0.2679  0.4402  0.2679  0.2943  0.4414  0.4414  0.2955  0.2955  0.3014  0.2847  0.1364  0.1734  0.2775  0.1770  0.3050  0.1495  0.1507  0.1770  0.2811  0.2751  0.1770  0.1029  0.0849  0.1734  0.2165  0.2165  0.1256  0.3146  0.0849  0.1782  0.2943  0.0646  0.0789  0.0646  0.0909  0.0550  0.1388  0.1483  0.3337
Q7V3S1           0.5203  0.5036  0.5156  0.5048  0.5024  0.5024  0.5060  0.5203  0.5012  0.5024  0.5156  0.5251  0.5179  0.2907  0.2883  0.2775  0.2775  0.2667  0.2667  0.2799  0.2823  0.2703  0.2835  0.2632  0.4450  0.2644  0.2811  0.4462  0.4462  0.2847  0.2847  0.3002  0.2835  0.1364  0.1711  0.2751  0.1782  0.3026  0.1531  0.1519  0.1770  0.2799  0.2715  0.1734  0.1053  0.0957  0.1722  0.2129  0.2129  0.1172  0.3146  0.0957  0.1770  0.2823  0.0909  0.0873  0.0646  0.1017  0.0730  0.1268  0.1471  0.3337  0.0849
A2CE39           0.5227  0.5036  0.5203  0.5060  0.5060  0.5072  0.5096  0.5251  0.5036  0.5096  0.5227  0.5287  0.5215  0.2871  0.2919  0.2739  0.2739  0.2691  0.2691  0.2811  0.2799  0.2691  0.2811  0.2620  0.4414  0.2667  0.2775  0.4426  0.4438  0.2859  0.2859  0.3014  0.2859  0.1388  0.1770  0.2751  0.1794  0.2967  0.1459  0.1447  0.1782  0.2739  0.2691  0.1818  0.1220  0.1005  0.1782  0.2057  0.2057  0.1184  0.3170  0.0993  0.1830  0.2823  0.1160  0.0921  0.1053  0.1148  0.1017  0.1220  0.1388  0.3409  0.0993  0.0502


TREE #  1:  ((((((((36, 19), (((31, 30), ((23, 27), 20)), ((21, 43), 15))), ((14, 42), 38)), (((17, 16), (22, 18)), 54)), ((33, 24), 26)), ((48, 49), ((50, 34), (((((46, 52), 58), (45, 56)), (((((41, 37), (((35, 47), 44), 53)), (40, 39)), (61, 60)), (64, 65))), ((63, 59), (55, 57)))))), (((29, 25), 28), ((((((8, 3), 1), (((((7, 5), 6), 10), 9), 2)), (11, 13)), 4), 12))), (51, 32), 62);   MP score: 5267
lnL(ntime:127  np:128): -28464.760481      +0.000000
  66..67   67..68   68..69   69..70   70..71   71..72   72..73   73..36   73..19   72..74   74..75   75..76   76..31   76..30   75..77   77..78   78..23   78..27   77..20   74..79   79..80   80..21   80..43   79..15   71..81   81..82   82..14   82..42   81..38   70..83   83..84   84..85   85..17   85..16   84..86   86..22   86..18   83..54   69..87   87..88   88..33   88..24   87..26   68..89   89..90   90..48   90..49   89..91   91..92   92..50   92..34   91..93   93..94   94..95   95..96   96..97   97..46   97..52   96..58   95..98   98..45   98..56   94..99   99..100 100..101 101..102 102..103 103..41  103..37  102..104 104..105 105..106 106..35  106..47  105..44  104..53  101..107 107..40  107..39  100..108 108..61  108..60   99..109 109..64  109..65   93..110 110..111 111..63  111..59  110..112 112..55  112..57   67..113 113..114 114..115 115..29  115..25  114..28  113..116 116..117 117..118 118..119 119..120 120..121 121..8   121..3   120..1   119..122 122..123 123..124 124..125 125..126 126..7   126..5   125..6   124..10  123..9   122..2   118..127 127..11  127..13  117..4   116..12   66..128 128..51  128..32   66..62 
 0.031581 0.115748 0.032184 0.042810 0.036043 0.067277 0.049747 0.167992 0.209118 0.016253 0.068013 0.103634 0.000004 0.000004 0.118763 0.028808 0.023307 0.043365 0.065821 0.010031 0.084649 0.072457 0.074675 0.187913 0.030348 0.033918 0.168112 0.165832 0.220929 0.121154 0.035209 0.051359 0.002996 0.007644 0.023900 0.058971 0.067845 0.129096 0.033722 0.007931 0.296173 0.142910 0.210920 0.090685 0.119932 0.000004 0.000004 0.200860 0.017779 0.075346 0.111720 0.058446 0.005764 0.026235 0.024056 0.028915 0.005868 0.001886 0.050616 0.000004 0.091950 0.033272 0.025368 0.082173 0.038394 0.167552 0.024867 0.014654 0.012427 0.026362 0.002977 0.003446 0.008352 0.005613 0.017673 0.017250 0.090615 0.000004 0.003054 0.030480 0.102460 0.065814 0.036122 0.026254 0.045399 0.036547 0.008289 0.046780 0.033839 0.020652 0.034316 0.017684 0.512288 0.609023 0.000004 0.001562 0.001558 0.000004 1.075816 0.117511 0.034557 0.020398 0.036600 0.043140 0.210141 0.237715 0.248416 0.040877 0.293801 0.040198 0.034879 0.020936 0.008206 0.006950 0.018084 0.106081 0.107415 0.210020 0.083399 0.168652 0.443927 0.178435 0.302517 0.241313 0.040934 0.061792 0.451520 0.536079

tree length =  11.45660

((((((((36: 0.167992, 19: 0.209118): 0.049747, (((31: 0.000004, 30: 0.000004): 0.103634, ((23: 0.023307, 27: 0.043365): 0.028808, 20: 0.065821): 0.118763): 0.068013, ((21: 0.072457, 43: 0.074675): 0.084649, 15: 0.187913): 0.010031): 0.016253): 0.067277, ((14: 0.168112, 42: 0.165832): 0.033918, 38: 0.220929): 0.030348): 0.036043, (((17: 0.002996, 16: 0.007644): 0.051359, (22: 0.058971, 18: 0.067845): 0.023900): 0.035209, 54: 0.129096): 0.121154): 0.042810, ((33: 0.296173, 24: 0.142910): 0.007931, 26: 0.210920): 0.033722): 0.032184, ((48: 0.000004, 49: 0.000004): 0.119932, ((50: 0.075346, 34: 0.111720): 0.017779, (((((46: 0.005868, 52: 0.001886): 0.028915, 58: 0.050616): 0.024056, (45: 0.091950, 56: 0.033272): 0.000004): 0.026235, (((((41: 0.014654, 37: 0.012427): 0.024867, (((35: 0.008352, 47: 0.005613): 0.003446, 44: 0.017673): 0.002977, 53: 0.017250): 0.026362): 0.167552, (40: 0.000004, 39: 0.003054): 0.090615): 0.038394, (61: 0.102460, 60: 0.065814): 0.030480): 0.082173, (64: 0.026254, 65: 0.045399): 0.036122): 0.025368): 0.005764, ((63: 0.046780, 59: 0.033839): 0.008289, (55: 0.034316, 57: 0.017684): 0.020652): 0.036547): 0.058446): 0.200860): 0.090685): 0.115748, (((29: 0.001562, 25: 0.001558): 0.000004, 28: 0.000004): 0.609023, ((((((8: 0.210141, 3: 0.237715): 0.043140, 1: 0.248416): 0.036600, (((((7: 0.008206, 5: 0.006950): 0.020936, 6: 0.018084): 0.034879, 10: 0.106081): 0.040198, 9: 0.107415): 0.293801, 2: 0.210020): 0.040877): 0.020398, (11: 0.168652, 13: 0.443927): 0.083399): 0.034557, 4: 0.178435): 0.117511, 12: 0.302517): 1.075816): 0.512288): 0.031581, (51: 0.040934, 32: 0.061792): 0.241313, 62: 0.451520);

((((((((P73412: 0.167992, B1XMX9: 0.209118): 0.049747, (((C7QQN7: 0.000004, B7K487: 0.000004): 0.103634, ((B1X1K9: 0.023307, A3IMB9: 0.043365): 0.028808, Q4C1C7: 0.065821): 0.118763): 0.068013, ((B4AUW7: 0.072457, B7KET4: 0.074675): 0.084649, B0JMD4: 0.187913): 0.010031): 0.016253): 0.067277, ((B5VUN7: 0.168112, A0YUG6: 0.165832): 0.033918, Q10W65: 0.220929): 0.030348): 0.036043, (((Q3M739: 0.002996, Q8YQV0: 0.007644): 0.051359, (B2IUZ6: 0.058971, A0ZBW7: 0.067845): 0.023900): 0.035209, B9YUD2: 0.129096): 0.121154): 0.042810, ((Q8DMD5: 0.296173, B8HXW2: 0.142910): 0.007931, B0BZW7: 0.210920): 0.033722): 0.032184, ((Q5N487: 0.000004, Q31PZ0: 0.000004): 0.119932, ((A3YWF7: 0.075346, A5GX25: 0.111720): 0.017779, (((((A4CWU6: 0.005868, A5GPU0: 0.001886): 0.028915, Q05UV9: 0.050616): 0.024056, (Q0I5Z6: 0.091950, A3Z3T9: 0.033272): 0.000004): 0.026235, (((((A2BZ99: 0.014654, Q7UZF5: 0.012427): 0.024867, (((A3PFK0: 0.008352, A2BTU3: 0.005613): 0.003446, A8G7L6: 0.017673): 0.002977, Q317S9: 0.017250): 0.026362): 0.167552, (Q46I66: 0.000004, A2C5J2: 0.003054): 0.090615): 0.038394, (Q7V9F2: 0.102460, A9BDR9: 0.065814): 0.030480): 0.082173, (Q7V3S1: 0.026254, A2CE39: 0.045399): 0.036122): 0.025368): 0.005764, ((Q3AUF5: 0.046780, Q062F8: 0.033839): 0.008289, (Q7U3B0: 0.034316, Q3AG66: 0.017684): 0.020652): 0.036547): 0.058446): 0.200860): 0.090685): 0.115748, (((B7MSG4: 0.001562, P0A698: 0.001558): 0.000004, B7LL41: 0.000004): 0.609023, ((((((Q30RE0: 0.210141, A6Q9W0: 0.237715): 0.043140, A8ETE4: 0.248416): 0.036600, (((((A7H529: 0.008206, A8FKD1: 0.006950): 0.020936, Q4HG18: 0.018084): 0.034879, Q4HSZ6: 0.106081): 0.040198, B9KDM4: 0.107415): 0.293801, D1AZX3: 0.210020): 0.040877): 0.020398, (Q7M8J4: 0.168652, P56474: 0.443927): 0.083399): 0.034557, A6Q491: 0.178435): 0.117511, B9L7W1: 0.302517): 1.075816): 0.512288): 0.031581, (Q2JM73: 0.040934, Q2JQQ8: 0.061792): 0.241313, Q7NDJ9: 0.451520);

Detailed output identifying parameters

alpha (gamma, K = 4) =  0.53608
rate:   0.04025  0.27482  0.84484  2.84008
freq:   0.25000  0.25000  0.25000  0.25000

Time used: 57:30
