AAML (in paml version 4.6, August 2012)  260.aa
Model: Empirical for branches,  (../../../bin/LG.dat) dGamma (ncatG=4) ns =  65  ls = 622


Frequencies..
                                    A      R      N      D      C      Q      E      G      H      I      L      K      M      F      P      S      T      W      Y      V
A8ESI6                         0.04984 0.03537 0.04662 0.05305 0.01929 0.02572 0.06913 0.03376 0.03376 0.10450 0.08039 0.09646 0.01929 0.06109 0.02412 0.07074 0.05466 0.00804 0.04662 0.06752
Q7MAH7                         0.07556 0.04662 0.04180 0.06270 0.01768 0.02894 0.06752 0.04019 0.03376 0.09486 0.09807 0.08682 0.01608 0.03698 0.02251 0.06913 0.03537 0.00643 0.04341 0.07556
A6Q313                         0.07556 0.03859 0.03537 0.04984 0.01286 0.03215 0.08039 0.03376 0.04341 0.09164 0.10772 0.10450 0.02090 0.04180 0.02894 0.04019 0.04019 0.00643 0.04180 0.07395
A6QB33                         0.06913 0.04180 0.03215 0.06913 0.01286 0.02572 0.06592 0.04019 0.04341 0.09325 0.11254 0.09164 0.01929 0.03698 0.02572 0.07074 0.04019 0.00643 0.04180 0.06109
D1B066                         0.06752 0.04341 0.04180 0.05627 0.01447 0.03055 0.06431 0.04502 0.03537 0.08521 0.09646 0.08842 0.01929 0.03859 0.02412 0.05949 0.04984 0.00643 0.04823 0.08521
B9L8H2                         0.05627 0.04341 0.05305 0.05949 0.01447 0.02251 0.08039 0.03537 0.02733 0.10932 0.10289 0.11415 0.01286 0.05145 0.02090 0.04341 0.05145 0.00643 0.04180 0.05305
Q30SN3                         0.07395 0.03859 0.05145 0.05949 0.01447 0.02090 0.07556 0.03537 0.04180 0.09486 0.09807 0.08199 0.01929 0.03859 0.01447 0.07395 0.04341 0.00643 0.03698 0.08039
B9KFW1                         0.06431 0.03859 0.05627 0.05305 0.01447 0.03376 0.07235 0.04180 0.02733 0.08682 0.11093 0.08682 0.01929 0.05788 0.02251 0.06109 0.04502 0.00643 0.03537 0.06592
Q4HHR5                         0.06270 0.04502 0.05466 0.06752 0.01608 0.02733 0.06109 0.04019 0.02572 0.08039 0.11736 0.08682 0.02090 0.04019 0.02251 0.06913 0.04019 0.00643 0.04341 0.07235
A8FMX8                         0.05949 0.04502 0.05305 0.06431 0.01929 0.02251 0.06592 0.04341 0.02733 0.09003 0.11576 0.08842 0.01929 0.04823 0.02251 0.06752 0.04019 0.00643 0.04019 0.06109
A7H2A8                         0.05949 0.04502 0.05305 0.06431 0.01929 0.02251 0.06592 0.04341 0.02733 0.09003 0.11736 0.08842 0.01929 0.04823 0.02251 0.06592 0.04019 0.00643 0.04019 0.06109
Q4HQM0                         0.05145 0.04341 0.04984 0.05305 0.01768 0.02733 0.07717 0.04019 0.02894 0.08521 0.11576 0.09003 0.02572 0.04502 0.02251 0.06913 0.04341 0.00643 0.04180 0.06592
O25466                         0.07074 0.04662 0.04823 0.05949 0.01608 0.02251 0.06752 0.04180 0.02894 0.08360 0.10129 0.10289 0.02572 0.04180 0.03055 0.05466 0.03859 0.00804 0.04984 0.06109
B7LVL2                         0.09003 0.07556 0.03537 0.04984 0.01286 0.04019 0.07235 0.06109 0.04019 0.07717 0.08521 0.05949 0.03376 0.02733 0.04502 0.04984 0.04019 0.00643 0.03055 0.06752
C7QR68                         0.06431 0.08360 0.04502 0.05466 0.01125 0.04984 0.07717 0.06109 0.03215 0.07878 0.08682 0.06431 0.02251 0.03055 0.03698 0.03859 0.04662 0.01608 0.03055 0.06913
B7K4M5                         0.06431 0.08360 0.04502 0.05466 0.01125 0.04984 0.07717 0.06109 0.03215 0.07878 0.08682 0.06431 0.02251 0.03055 0.03698 0.03859 0.04662 0.01608 0.03055 0.06913
B7N290                         0.09003 0.07556 0.03376 0.04984 0.01286 0.04180 0.07235 0.06109 0.04019 0.07717 0.08521 0.05949 0.03376 0.02733 0.04341 0.04823 0.04341 0.00643 0.03055 0.06752
P0AG24                         0.09003 0.07556 0.03376 0.04984 0.01286 0.04180 0.07235 0.06109 0.04019 0.07717 0.08521 0.05949 0.03376 0.02733 0.04341 0.04823 0.04341 0.00643 0.03055 0.06752
B7KD65                         0.05949 0.08842 0.03859 0.04984 0.01125 0.03537 0.09164 0.06270 0.03698 0.08360 0.09646 0.06109 0.01286 0.03215 0.03698 0.03859 0.04502 0.01286 0.03215 0.07395
Q4C6R9                         0.05305 0.08039 0.05305 0.05949 0.01125 0.04662 0.07235 0.06913 0.02894 0.07878 0.09164 0.06109 0.01929 0.03537 0.03698 0.03537 0.04662 0.01447 0.02894 0.07717
A2BUG8                         0.05949 0.06752 0.05305 0.05627 0.00965 0.03537 0.07235 0.06431 0.03055 0.09164 0.10450 0.07235 0.01447 0.03376 0.03215 0.05788 0.04502 0.01447 0.02251 0.06270
B4B2S2                         0.05466 0.08682 0.04019 0.05305 0.00804 0.03859 0.08842 0.06913 0.03698 0.09325 0.08682 0.05788 0.01608 0.03215 0.03537 0.03859 0.04662 0.01286 0.03055 0.07395
B1WTM4                         0.05466 0.08039 0.05788 0.06270 0.01125 0.04180 0.07235 0.06752 0.03055 0.08039 0.08682 0.06109 0.02090 0.03537 0.03859 0.03055 0.04662 0.01447 0.02894 0.07717
Q7TUG7                         0.06109 0.06913 0.05145 0.05305 0.00965 0.03215 0.07556 0.06592 0.03055 0.09003 0.10289 0.07074 0.01447 0.03376 0.03215 0.05788 0.04662 0.01447 0.02251 0.06592
A3IW67                         0.05627 0.07878 0.05788 0.06109 0.01125 0.03859 0.07235 0.06752 0.03215 0.07878 0.09003 0.06270 0.02090 0.03376 0.03859 0.03376 0.04662 0.01447 0.02894 0.07556
Q2JTB2                         0.07235 0.09164 0.03537 0.04823 0.01608 0.06109 0.07878 0.05305 0.03215 0.06270 0.10289 0.05305 0.01125 0.03537 0.04019 0.04341 0.03376 0.01286 0.03055 0.08521
Q31CZ0                         0.06592 0.06913 0.04662 0.05788 0.00965 0.02894 0.07395 0.06913 0.03376 0.08682 0.10129 0.07395 0.01447 0.03376 0.03215 0.05305 0.04662 0.01447 0.02412 0.06431
Q7NGY9                         0.06431 0.07878 0.03055 0.06270 0.00965 0.05627 0.07235 0.05788 0.03215 0.06913 0.08682 0.06109 0.02412 0.03537 0.04341 0.04823 0.04984 0.01447 0.02894 0.07395
A2BNY6                         0.06592 0.06913 0.04662 0.05788 0.00965 0.02894 0.07395 0.06752 0.03376 0.08842 0.10289 0.07395 0.01447 0.03376 0.03215 0.05305 0.04662 0.01447 0.02572 0.06109
A3PAQ9                         0.06431 0.06752 0.04662 0.05788 0.00965 0.02894 0.07395 0.06752 0.03376 0.09003 0.10289 0.07556 0.01447 0.03215 0.03215 0.05466 0.04662 0.01447 0.02572 0.06109
A8G2J7                         0.06752 0.06913 0.04662 0.05788 0.00965 0.02894 0.07395 0.06592 0.03376 0.09003 0.10450 0.07395 0.01447 0.03215 0.03215 0.05145 0.04662 0.01447 0.02733 0.05949
A0YZ95                         0.05949 0.08199 0.05145 0.05145 0.01286 0.03215 0.08360 0.06431 0.04019 0.07717 0.08842 0.06270 0.01447 0.03698 0.03376 0.04823 0.04341 0.01125 0.03215 0.07395
Q31NG2                         0.07878 0.09164 0.04180 0.05305 0.01286 0.04984 0.07235 0.06270 0.02733 0.07556 0.09003 0.04984 0.01768 0.03215 0.03859 0.04984 0.04019 0.01125 0.02894 0.07556
Q2JLA4                         0.07395 0.08842 0.03698 0.04662 0.01447 0.05788 0.07878 0.05145 0.03537 0.06431 0.10129 0.05305 0.01125 0.03537 0.03698 0.05305 0.03698 0.01286 0.03055 0.08039
Q5N5P9                         0.07878 0.09164 0.04180 0.05305 0.01286 0.04984 0.07235 0.06270 0.02733 0.07556 0.09003 0.04984 0.01768 0.03215 0.03859 0.04984 0.04019 0.01125 0.02894 0.07556
Q3AGU5                         0.07717 0.10129 0.02894 0.06270 0.01125 0.04019 0.08039 0.07556 0.03537 0.06109 0.11093 0.03698 0.01447 0.04019 0.03698 0.03859 0.04662 0.01286 0.01608 0.07235
Q3M350                         0.07235 0.08842 0.03698 0.05788 0.00965 0.05145 0.07556 0.06431 0.02733 0.07556 0.08842 0.05627 0.02090 0.03055 0.03537 0.04823 0.04341 0.01447 0.03376 0.06913
Q3AVY0                         0.07878 0.10129 0.03055 0.06109 0.01125 0.04502 0.07556 0.08039 0.03215 0.06752 0.09807 0.03537 0.01447 0.04019 0.03376 0.03859 0.04984 0.01286 0.01768 0.07556
Q8YWQ5                         0.07235 0.08842 0.03698 0.05788 0.00965 0.05145 0.07556 0.06431 0.02894 0.07395 0.08842 0.05788 0.02090 0.03055 0.03376 0.04662 0.04180 0.01447 0.03376 0.07235
Q46HI2                         0.05949 0.08199 0.04019 0.04984 0.01125 0.03859 0.08199 0.06752 0.03859 0.08199 0.10129 0.05466 0.01125 0.03698 0.03376 0.05627 0.04984 0.01286 0.02572 0.06592
A5GW79                         0.07717 0.10289 0.03055 0.06431 0.01286 0.04341 0.06913 0.07074 0.03698 0.06270 0.09807 0.03215 0.01608 0.03376 0.03859 0.04823 0.04341 0.01286 0.02251 0.08360
B5VV09                         0.06752 0.08360 0.04662 0.05305 0.01286 0.03698 0.07878 0.06270 0.03376 0.07556 0.08521 0.06109 0.02090 0.03376 0.03537 0.04662 0.04823 0.01125 0.03376 0.07235
Q061L8                         0.08039 0.10289 0.03055 0.06109 0.01125 0.04502 0.07556 0.07717 0.03215 0.06592 0.09646 0.03537 0.01447 0.04019 0.03376 0.04180 0.04984 0.01286 0.01768 0.07556
A3Z3A3                         0.08199 0.09325 0.02733 0.06270 0.00965 0.04341 0.06752 0.06752 0.03698 0.06270 0.10772 0.04180 0.01447 0.03859 0.03698 0.04984 0.05145 0.01286 0.01929 0.07395
Q7TUK5                         0.07717 0.09003 0.03859 0.06270 0.01125 0.04341 0.07395 0.06592 0.03376 0.06270 0.10772 0.03859 0.01608 0.03859 0.03537 0.05145 0.04662 0.01286 0.01929 0.07395
Q0I6N2                         0.07395 0.09003 0.03055 0.06592 0.01125 0.04180 0.07235 0.07235 0.03698 0.06431 0.10772 0.03859 0.01768 0.04019 0.03859 0.04662 0.04823 0.01447 0.01768 0.07074
B8HYC4                         0.07074 0.08682 0.03859 0.06431 0.01286 0.05627 0.07235 0.05627 0.03215 0.06913 0.09486 0.04984 0.01929 0.03376 0.04019 0.03376 0.04341 0.01125 0.03055 0.08360
A2CDH6                         0.08039 0.09003 0.03215 0.06431 0.01125 0.04341 0.07395 0.06752 0.03376 0.06270 0.10772 0.03859 0.01608 0.03859 0.03376 0.05145 0.04823 0.01286 0.01929 0.07395
Q7VDZ8                         0.07074 0.07717 0.04502 0.05949 0.01125 0.04019 0.06913 0.06431 0.03537 0.07878 0.10611 0.05788 0.01608 0.03698 0.03537 0.04180 0.05466 0.01286 0.02090 0.06592
A4CY52                         0.08360 0.09968 0.03215 0.05788 0.01286 0.04180 0.07395 0.07235 0.03537 0.05949 0.10932 0.03698 0.01608 0.03859 0.03698 0.04019 0.04984 0.01286 0.01929 0.07074
A9BDF4                         0.06913 0.08521 0.04180 0.06270 0.01125 0.04502 0.06913 0.06752 0.03215 0.07717 0.11897 0.05305 0.01286 0.03698 0.03537 0.04341 0.04984 0.01286 0.01929 0.05627
A0ZCN6                         0.06913 0.08360 0.03376 0.05305 0.01125 0.05788 0.07717 0.06431 0.03376 0.07395 0.09003 0.05305 0.01929 0.03055 0.03698 0.05949 0.03859 0.01447 0.03376 0.06592
B2J6X4                         0.07074 0.08842 0.03215 0.05466 0.00965 0.06109 0.07717 0.06592 0.03215 0.06592 0.09003 0.05145 0.02090 0.03055 0.03215 0.05305 0.03859 0.01447 0.03376 0.07717
B1XN75                         0.07235 0.09003 0.04662 0.05305 0.00804 0.03376 0.08682 0.05627 0.04502 0.08360 0.08682 0.06270 0.01768 0.03376 0.03215 0.04502 0.04180 0.01768 0.02733 0.05949
A5GPA3                         0.07878 0.09646 0.03055 0.05788 0.01286 0.04341 0.07717 0.07074 0.03537 0.05949 0.10932 0.03537 0.01768 0.04019 0.03698 0.04823 0.04984 0.01286 0.01768 0.06913
A2C021                         0.05949 0.08360 0.04019 0.04984 0.01125 0.04019 0.08199 0.06592 0.03698 0.08199 0.10450 0.05466 0.01125 0.03698 0.03376 0.05466 0.04823 0.01286 0.02572 0.06592
P74007                         0.05949 0.08360 0.04502 0.06752 0.00804 0.03537 0.07556 0.06592 0.03698 0.07395 0.09325 0.06270 0.02251 0.03537 0.03376 0.04823 0.03698 0.01447 0.03055 0.07074
A3YUC1                         0.09164 0.09164 0.02894 0.05627 0.01447 0.04984 0.06592 0.07878 0.03537 0.06109 0.10129 0.03698 0.01608 0.03537 0.03698 0.03859 0.04984 0.01286 0.02090 0.07717
Q05VJ4                         0.07717 0.09486 0.03215 0.05627 0.01125 0.03859 0.08039 0.07395 0.03698 0.05949 0.10772 0.04019 0.01608 0.03859 0.03859 0.04341 0.05145 0.01286 0.01929 0.07074
Q7TTS4                         0.08360 0.09807 0.03055 0.05949 0.01286 0.04180 0.07717 0.07235 0.03698 0.06913 0.10129 0.03859 0.01447 0.04180 0.03537 0.04341 0.04502 0.01286 0.01447 0.07074
B9YPS9                         0.07074 0.08682 0.03537 0.05788 0.01125 0.05145 0.07074 0.06752 0.03859 0.07556 0.08682 0.05305 0.01929 0.03055 0.03215 0.04823 0.04180 0.01447 0.03376 0.07395
B0JY99                         0.06913 0.07235 0.05466 0.04823 0.01286 0.04823 0.08360 0.06431 0.02894 0.07074 0.09325 0.06592 0.01608 0.03537 0.03537 0.03859 0.04019 0.01286 0.03055 0.07878
Q8DLB2                         0.07878 0.09325 0.03055 0.06109 0.01286 0.05949 0.06109 0.05949 0.03215 0.07074 0.10611 0.04180 0.01608 0.02894 0.04341 0.04180 0.04502 0.01286 0.03055 0.07395
Q111H7                         0.04823 0.07717 0.05305 0.05145 0.01447 0.02733 0.08360 0.07235 0.03537 0.07878 0.10129 0.06913 0.01447 0.02733 0.03859 0.04019 0.04341 0.01125 0.04180 0.07074
B0C5E6                         0.06913 0.08521 0.04180 0.05788 0.01447 0.04823 0.07717 0.06109 0.03537 0.07235 0.08842 0.04984 0.02090 0.03537 0.04180 0.04341 0.04823 0.01286 0.02733 0.06913

Homogeneity statistic: X2 = 2.20061 G = 2.23593 

Average                        0.06948 0.07668 0.04138 0.05731 0.01242 0.04002 0.07452 0.06067 0.03396 0.07774 0.09879 0.06198 0.01818 0.03653 0.03389 0.04932 0.04494 0.01177 0.02978 0.07064

# constant sites:     85 (13.67%)
ln Lmax (unconstrained) = -3860.389665

AA distances (raw proportions of different sites)

A8ESI6         
Q7MAH7           0.4678
A6Q313           0.4678  0.3842
A6QB33           0.4534  0.4277  0.3987
D1B066           0.4871  0.4116  0.4084  0.4469
B9L8H2           0.4791  0.4646  0.4148  0.4534  0.4518
Q30SN3           0.5161  0.4678  0.3875  0.4534  0.4550  0.4952
B9KFW1           0.5225  0.4566  0.4614  0.4871  0.3955  0.4871  0.4871
Q4HHR5           0.5000  0.4453  0.4566  0.4871  0.3650  0.4695  0.4823  0.2814
A8FMX8           0.5032  0.4469  0.4502  0.5000  0.3746  0.4711  0.4823  0.2797  0.0723
A7H2A8           0.5032  0.4486  0.4502  0.5000  0.3746  0.4711  0.4823  0.2797  0.0723  0.0016
Q4HQM0           0.5048  0.4566  0.4518  0.4887  0.3859  0.4791  0.4871  0.2926  0.1415  0.1463  0.1479
O25466           0.5402  0.4614  0.4887  0.5016  0.5322  0.5273  0.5225  0.5531  0.5273  0.5370  0.5370  0.5402
B7LVL2           0.6736  0.6543  0.6383  0.6511  0.6672  0.6431  0.6656  0.6511  0.6720  0.6752  0.6752  0.6736  0.6720
C7QR68           0.6704  0.6367  0.6238  0.6383  0.6302  0.6334  0.6238  0.6318  0.6302  0.6318  0.6318  0.6383  0.6527  0.5627
B7K4M5           0.6704  0.6367  0.6238  0.6383  0.6302  0.6334  0.6238  0.6318  0.6302  0.6318  0.6318  0.6383  0.6527  0.5627  0.0000
B7N290           0.6736  0.6559  0.6399  0.6527  0.6656  0.6431  0.6656  0.6511  0.6720  0.6752  0.6752  0.6736  0.6720  0.0048  0.5643  0.5643
P0AG24           0.6736  0.6559  0.6399  0.6527  0.6656  0.6431  0.6656  0.6511  0.6720  0.6752  0.6752  0.6736  0.6720  0.0048  0.5643  0.5643  0.0000
B7KD65           0.6608  0.6431  0.6141  0.6334  0.6222  0.6367  0.6334  0.6206  0.6334  0.6270  0.6270  0.6302  0.6608  0.5659  0.1897  0.1897  0.5675  0.5675
Q4C6R9           0.6672  0.6334  0.6206  0.6302  0.6350  0.6318  0.6222  0.6367  0.6447  0.6447  0.6447  0.6447  0.6527  0.5531  0.1913  0.1913  0.5531  0.5531  0.2219
A2BUG8           0.6704  0.6688  0.6463  0.6463  0.6527  0.6383  0.6479  0.6447  0.6543  0.6511  0.6511  0.6640  0.6768  0.5900  0.3859  0.3859  0.5900  0.5900  0.3842  0.4084
B4B2S2           0.6688  0.6431  0.6206  0.6350  0.6222  0.6302  0.6318  0.6286  0.6367  0.6334  0.6334  0.6318  0.6624  0.5579  0.1929  0.1929  0.5595  0.5595  0.0756  0.2219  0.3875
B1WTM4           0.6720  0.6302  0.6141  0.6286  0.6270  0.6254  0.6190  0.6286  0.6334  0.6318  0.6318  0.6350  0.6447  0.5563  0.1704  0.1704  0.5563  0.5563  0.2042  0.0788  0.4019  0.2122
Q7TUG7           0.6736  0.6656  0.6415  0.6447  0.6527  0.6447  0.6479  0.6479  0.6592  0.6559  0.6559  0.6656  0.6752  0.5932  0.3875  0.3875  0.5932  0.5932  0.3826  0.4084  0.0305  0.3859  0.4019
A3IW67           0.6704  0.6318  0.6158  0.6286  0.6286  0.6302  0.6174  0.6286  0.6350  0.6318  0.6318  0.6383  0.6495  0.5611  0.1688  0.1688  0.5611  0.5611  0.2058  0.0804  0.3987  0.2106  0.0257  0.3987
Q2JTB2           0.6640  0.6383  0.6318  0.6286  0.6302  0.6286  0.6415  0.6350  0.6334  0.6334  0.6334  0.6318  0.6576  0.5531  0.3296  0.3296  0.5531  0.5531  0.3215  0.3569  0.4196  0.3199  0.3473  0.4164  0.3473
Q31CZ0           0.6688  0.6624  0.6383  0.6383  0.6431  0.6415  0.6463  0.6463  0.6576  0.6543  0.6543  0.6672  0.6833  0.5756  0.3842  0.3842  0.5756  0.5756  0.3778  0.4003  0.0836  0.3842  0.3955  0.0852  0.3955  0.4180
Q7NGY9           0.6736  0.6383  0.6367  0.6399  0.6334  0.6302  0.6559  0.6318  0.6302  0.6270  0.6286  0.6302  0.6736  0.5659  0.3601  0.3601  0.5659  0.5659  0.3392  0.3601  0.4421  0.3280  0.3617  0.4453  0.3633  0.3215  0.4405
A2BNY6           0.6720  0.6672  0.6431  0.6431  0.6431  0.6447  0.6479  0.6447  0.6592  0.6559  0.6559  0.6688  0.6833  0.5772  0.3826  0.3826  0.5772  0.5772  0.3746  0.3987  0.0804  0.3810  0.3939  0.0820  0.3939  0.4180  0.0145  0.4389
A3PAQ9           0.6736  0.6640  0.6431  0.6431  0.6431  0.6431  0.6479  0.6431  0.6592  0.6559  0.6559  0.6672  0.6849  0.5772  0.3794  0.3794  0.5772  0.5772  0.3698  0.3955  0.0788  0.3762  0.3907  0.0804  0.3907  0.4164  0.0161  0.4341  0.0048
A8G2J7           0.6720  0.6656  0.6431  0.6415  0.6431  0.6415  0.6479  0.6447  0.6592  0.6559  0.6559  0.6672  0.6833  0.5756  0.3810  0.3810  0.5756  0.5756  0.3730  0.3971  0.0820  0.3778  0.3923  0.0852  0.3923  0.4164  0.0193  0.4357  0.0080  0.0096
A0YZ95           0.6688  0.6399  0.6318  0.6302  0.6318  0.6238  0.6302  0.6254  0.6238  0.6254  0.6254  0.6174  0.6704  0.5563  0.2878  0.2878  0.5579  0.5579  0.2717  0.3119  0.3923  0.2701  0.3039  0.3939  0.3023  0.3457  0.3907  0.3473  0.3891  0.3875  0.3875
Q31NG2           0.6801  0.6415  0.6350  0.6447  0.6367  0.6431  0.6286  0.6447  0.6415  0.6431  0.6431  0.6399  0.6704  0.5643  0.2653  0.2653  0.5659  0.5659  0.2669  0.2910  0.3971  0.2685  0.2878  0.3955  0.2942  0.3167  0.3842  0.3473  0.3875  0.3859  0.3859  0.2814
Q2JLA4           0.6640  0.6383  0.6334  0.6302  0.6318  0.6334  0.6447  0.6415  0.6383  0.6350  0.6350  0.6399  0.6688  0.5450  0.3248  0.3248  0.5450  0.5450  0.3232  0.3537  0.4389  0.3280  0.3521  0.4357  0.3473  0.0627  0.4341  0.3264  0.4357  0.4341  0.4341  0.3392  0.3103
Q5N5P9           0.6801  0.6415  0.6350  0.6447  0.6367  0.6431  0.6286  0.6447  0.6415  0.6431  0.6431  0.6399  0.6704  0.5643  0.2653  0.2653  0.5659  0.5659  0.2669  0.2910  0.3971  0.2685  0.2878  0.3955  0.2942  0.3167  0.3842  0.3473  0.3875  0.3859  0.3859  0.2814  0.0000  0.3103
Q3AGU5           0.6801  0.6640  0.6447  0.6576  0.6511  0.6479  0.6479  0.6543  0.6559  0.6576  0.6576  0.6608  0.6881  0.5756  0.3601  0.3601  0.5756  0.5756  0.3650  0.3810  0.2621  0.3746  0.3762  0.2621  0.3762  0.3810  0.2524  0.4148  0.2540  0.2556  0.2556  0.3682  0.3585  0.3923  0.3585
Q3M350           0.6801  0.6447  0.6318  0.6463  0.6270  0.6367  0.6302  0.6318  0.6350  0.6334  0.6334  0.6334  0.6736  0.5675  0.2508  0.2508  0.5691  0.5691  0.2588  0.2862  0.3939  0.2621  0.2733  0.3955  0.2701  0.3392  0.4003  0.3408  0.4003  0.3955  0.3971  0.2685  0.2621  0.3344  0.2621  0.3794
Q3AVY0           0.6881  0.6624  0.6463  0.6576  0.6511  0.6559  0.6479  0.6592  0.6640  0.6624  0.6624  0.6672  0.6913  0.5723  0.3698  0.3698  0.5723  0.5723  0.3746  0.3955  0.2605  0.3842  0.3875  0.2588  0.3875  0.3923  0.2492  0.4180  0.2508  0.2524  0.2524  0.3810  0.3650  0.4019  0.3650  0.0836  0.3714
Q8YWQ5           0.6801  0.6447  0.6318  0.6463  0.6270  0.6367  0.6286  0.6318  0.6334  0.6318  0.6318  0.6334  0.6736  0.5707  0.2476  0.2476  0.5707  0.5707  0.2556  0.2894  0.3955  0.2588  0.2749  0.3971  0.2717  0.3408  0.4019  0.3424  0.4019  0.3971  0.3987  0.2717  0.2637  0.3360  0.2637  0.3810  0.0080  0.3714
Q46HI2           0.6704  0.6592  0.6334  0.6302  0.6463  0.6367  0.6479  0.6383  0.6511  0.6447  0.6447  0.6624  0.6833  0.5836  0.3601  0.3601  0.5836  0.5836  0.3730  0.3826  0.2379  0.3810  0.3826  0.2347  0.3778  0.3939  0.2428  0.4293  0.2428  0.2412  0.2428  0.3794  0.3650  0.4068  0.3650  0.2170  0.3762  0.2186  0.3762
A5GW79           0.6752  0.6672  0.6399  0.6399  0.6463  0.6431  0.6447  0.6495  0.6527  0.6624  0.6624  0.6624  0.6833  0.5804  0.3569  0.3569  0.5804  0.5804  0.3633  0.3666  0.2862  0.3778  0.3682  0.2862  0.3682  0.3794  0.2749  0.4068  0.2781  0.2797  0.2797  0.3810  0.3392  0.3987  0.3392  0.1977  0.3762  0.2026  0.3794  0.2379
B5VV09           0.6768  0.6399  0.6286  0.6302  0.6302  0.6431  0.6270  0.6302  0.6302  0.6302  0.6302  0.6302  0.6592  0.5691  0.2765  0.2765  0.5707  0.5707  0.2765  0.3023  0.4035  0.2781  0.2910  0.4019  0.2910  0.3424  0.4100  0.3392  0.4100  0.4084  0.4068  0.1511  0.2926  0.3312  0.2926  0.3891  0.2508  0.3971  0.2556  0.3762  0.3794
Q061L8           0.6913  0.6624  0.6495  0.6608  0.6495  0.6592  0.6479  0.6576  0.6624  0.6624  0.6624  0.6672  0.6945  0.5740  0.3698  0.3698  0.5740  0.5740  0.3762  0.3955  0.2605  0.3859  0.3875  0.2588  0.3875  0.3875  0.2492  0.4196  0.2508  0.2524  0.2524  0.3859  0.3650  0.3987  0.3650  0.0868  0.3762  0.0193  0.3762  0.2170  0.1994  0.3987
A3Z3A3           0.6768  0.6656  0.6463  0.6431  0.6559  0.6495  0.6495  0.6495  0.6576  0.6608  0.6608  0.6672  0.6849  0.5788  0.3505  0.3505  0.5788  0.5788  0.3666  0.3746  0.2412  0.3762  0.3778  0.2395  0.3778  0.3859  0.2347  0.4051  0.2363  0.2379  0.2363  0.3585  0.3537  0.4019  0.3537  0.1206  0.3730  0.1318  0.3730  0.1929  0.1817  0.3714  0.1318
Q7TUK5           0.6736  0.6688  0.6511  0.6527  0.6463  0.6527  0.6415  0.6511  0.6511  0.6479  0.6479  0.6640  0.6913  0.5740  0.3601  0.3601  0.5740  0.5740  0.3746  0.3859  0.2524  0.3778  0.3842  0.2540  0.3842  0.3762  0.2492  0.4148  0.2492  0.2508  0.2492  0.3730  0.3505  0.3907  0.3505  0.1479  0.3810  0.1543  0.3810  0.1785  0.2074  0.3842  0.1543  0.1254
Q0I6N2           0.6785  0.6656  0.6463  0.6495  0.6543  0.6495  0.6479  0.6527  0.6640  0.6640  0.6640  0.6720  0.6865  0.5772  0.3633  0.3633  0.5772  0.5772  0.3714  0.3762  0.2460  0.3826  0.3794  0.2460  0.3762  0.3875  0.2379  0.4116  0.2379  0.2395  0.2395  0.3746  0.3489  0.4003  0.3489  0.1254  0.3730  0.1495  0.3778  0.1994  0.1897  0.3891  0.1463  0.0965  0.1415
B8HYC4           0.6752  0.6415  0.6318  0.6447  0.6270  0.6576  0.6463  0.6350  0.6383  0.6415  0.6415  0.6367  0.6608  0.5707  0.2830  0.2830  0.5707  0.5707  0.2637  0.3151  0.4148  0.2653  0.3006  0.4148  0.3023  0.3232  0.4051  0.3135  0.4051  0.4035  0.4035  0.2717  0.2717  0.3151  0.2717  0.3714  0.2508  0.3730  0.2492  0.3907  0.3714  0.2814  0.3730  0.3633  0.3794  0.3730
A2CDH6           0.6768  0.6704  0.6543  0.6543  0.6495  0.6543  0.6431  0.6527  0.6543  0.6511  0.6511  0.6656  0.6929  0.5756  0.3601  0.3601  0.5756  0.5756  0.3762  0.3859  0.2508  0.3794  0.3875  0.2508  0.3875  0.3778  0.2460  0.4180  0.2460  0.2476  0.2460  0.3730  0.3473  0.3923  0.3473  0.1463  0.3842  0.1527  0.3842  0.1801  0.2042  0.3842  0.1527  0.1190  0.0129  0.1367  0.3810
Q7VDZ8           0.6640  0.6608  0.6447  0.6431  0.6527  0.6431  0.6527  0.6624  0.6543  0.6527  0.6527  0.6640  0.6817  0.5900  0.3794  0.3794  0.5900  0.5900  0.3746  0.3987  0.2428  0.3794  0.3955  0.2428  0.3971  0.3762  0.2331  0.4325  0.2331  0.2347  0.2315  0.3826  0.3810  0.3923  0.3810  0.1945  0.3955  0.1961  0.3971  0.2042  0.2428  0.4003  0.1961  0.1881  0.1929  0.1977  0.3987  0.1913
A4CY52           0.6833  0.6608  0.6479  0.6511  0.6559  0.6559  0.6479  0.6479  0.6576  0.6576  0.6576  0.6624  0.6865  0.5756  0.3569  0.3569  0.5756  0.5756  0.3682  0.3778  0.2588  0.3778  0.3794  0.2556  0.3762  0.3810  0.2460  0.4164  0.2476  0.2492  0.2492  0.3601  0.3392  0.3971  0.3392  0.1125  0.3698  0.1254  0.3698  0.1913  0.1817  0.3778  0.1222  0.0707  0.1206  0.0852  0.3633  0.1158  0.1881
A9BDF4           0.6768  0.6576  0.6399  0.6447  0.6479  0.6383  0.6415  0.6479  0.6463  0.6495  0.6495  0.6640  0.6817  0.5691  0.3794  0.3794  0.5691  0.5691  0.3810  0.3955  0.2379  0.3875  0.3955  0.2444  0.3939  0.3842  0.2412  0.4148  0.2428  0.2444  0.2428  0.3730  0.3762  0.3923  0.3762  0.1961  0.3875  0.1961  0.3891  0.2090  0.2460  0.3875  0.1977  0.1801  0.1736  0.1881  0.3891  0.1704  0.1688  0.1785
A0ZCN6           0.6801  0.6463  0.6350  0.6543  0.6286  0.6463  0.6383  0.6383  0.6447  0.6415  0.6415  0.6431  0.6768  0.5659  0.2524  0.2524  0.5659  0.5659  0.2669  0.2846  0.4035  0.2733  0.2749  0.4051  0.2701  0.3424  0.4051  0.3537  0.4051  0.4003  0.4019  0.2605  0.2605  0.3344  0.2605  0.3746  0.0965  0.3778  0.0997  0.3762  0.3826  0.2588  0.3810  0.3746  0.3762  0.3698  0.2588  0.3778  0.4035  0.3698  0.3907
B2J6X4           0.6833  0.6511  0.6350  0.6479  0.6318  0.6415  0.6334  0.6415  0.6415  0.6431  0.6431  0.6383  0.6833  0.5675  0.2412  0.2412  0.5675  0.5675  0.2588  0.2878  0.3891  0.2621  0.2733  0.3923  0.2669  0.3312  0.3955  0.3408  0.3955  0.3923  0.3939  0.2588  0.2637  0.3248  0.2637  0.3682  0.0916  0.3650  0.0949  0.3778  0.3714  0.2637  0.3682  0.3666  0.3666  0.3698  0.2572  0.3698  0.3939  0.3682  0.3955  0.1013
B1XN75           0.6768  0.6399  0.6158  0.6302  0.6334  0.6334  0.6270  0.6222  0.6270  0.6206  0.6206  0.6206  0.6640  0.5691  0.2540  0.2540  0.5691  0.5691  0.2412  0.2653  0.4003  0.2395  0.2653  0.4035  0.2637  0.3505  0.3971  0.3714  0.3939  0.3923  0.3891  0.3103  0.2878  0.3473  0.2878  0.3971  0.2797  0.4003  0.2830  0.3955  0.3859  0.3135  0.4068  0.3907  0.3891  0.3939  0.3151  0.3875  0.3987  0.3907  0.3987  0.2942  0.2894
A5GPA3           0.6833  0.6624  0.6463  0.6527  0.6559  0.6527  0.6463  0.6431  0.6592  0.6576  0.6576  0.6640  0.6945  0.5740  0.3585  0.3585  0.5740  0.5740  0.3714  0.3762  0.2524  0.3810  0.3794  0.2492  0.3762  0.3842  0.2428  0.4164  0.2444  0.2460  0.2460  0.3633  0.3457  0.4003  0.3457  0.1190  0.3730  0.1238  0.3730  0.1881  0.1849  0.3762  0.1206  0.0675  0.1141  0.0852  0.3650  0.1093  0.1929  0.0273  0.1752  0.3714  0.3698  0.3891
A2C021           0.6720  0.6592  0.6350  0.6318  0.6479  0.6383  0.6495  0.6399  0.6527  0.6463  0.6463  0.6640  0.6833  0.5852  0.3617  0.3617  0.5852  0.5852  0.3762  0.3859  0.2428  0.3842  0.3859  0.2395  0.3810  0.3939  0.2460  0.4293  0.2460  0.2444  0.2460  0.3826  0.3617  0.4068  0.3617  0.2170  0.3762  0.2186  0.3762  0.0080  0.2379  0.3794  0.2170  0.1929  0.1768  0.1994  0.3907  0.1785  0.2042  0.1913  0.2090  0.3794  0.3778  0.4003  0.1881
P74007           0.6720  0.6286  0.6270  0.6367  0.6190  0.6254  0.6270  0.6334  0.6286  0.6350  0.6350  0.6302  0.6736  0.5611  0.2315  0.2315  0.5611  0.5611  0.2283  0.2524  0.4132  0.2186  0.2363  0.4196  0.2315  0.3505  0.4084  0.3505  0.4084  0.4035  0.4068  0.3119  0.2958  0.3392  0.2958  0.3939  0.2958  0.3939  0.2990  0.3987  0.3714  0.3103  0.3907  0.3939  0.3971  0.3891  0.2974  0.3955  0.4035  0.3875  0.3939  0.2894  0.2942  0.2910  0.3875  0.4019
A3YUC1           0.6752  0.6624  0.6350  0.6431  0.6495  0.6463  0.6415  0.6527  0.6511  0.6543  0.6543  0.6624  0.6768  0.5756  0.3505  0.3505  0.5756  0.5756  0.3601  0.3794  0.2749  0.3746  0.3714  0.2749  0.3730  0.3762  0.2621  0.4084  0.2637  0.2653  0.2621  0.3633  0.3424  0.3875  0.3424  0.1801  0.3826  0.1945  0.3826  0.2235  0.1592  0.3698  0.1913  0.1768  0.1817  0.1849  0.3650  0.1849  0.2186  0.1720  0.2363  0.3875  0.3826  0.3907  0.1736  0.2235  0.3875
Q05VJ4           0.6752  0.6640  0.6479  0.6431  0.6543  0.6463  0.6511  0.6431  0.6576  0.6559  0.6559  0.6608  0.6881  0.5691  0.3537  0.3537  0.5691  0.5691  0.3714  0.3778  0.2540  0.3810  0.3778  0.2508  0.3746  0.3794  0.2444  0.4180  0.2460  0.2476  0.2460  0.3730  0.3585  0.3971  0.3585  0.1399  0.3810  0.1495  0.3810  0.2074  0.1929  0.3842  0.1527  0.0884  0.1318  0.1061  0.3859  0.1286  0.1945  0.0884  0.1865  0.3810  0.3778  0.3939  0.0884  0.2074  0.3891  0.1817
Q7TTS4           0.6768  0.6608  0.6431  0.6495  0.6527  0.6495  0.6415  0.6559  0.6576  0.6576  0.6576  0.6592  0.6961  0.5691  0.3537  0.3537  0.5691  0.5691  0.3714  0.3842  0.2701  0.3778  0.3778  0.2669  0.3778  0.3762  0.2572  0.4148  0.2588  0.2605  0.2605  0.3633  0.3489  0.3859  0.3489  0.0900  0.3666  0.0949  0.3650  0.1994  0.2042  0.3826  0.1029  0.1174  0.1415  0.1383  0.3714  0.1383  0.1977  0.1093  0.1994  0.3714  0.3650  0.3955  0.1061  0.1994  0.3859  0.1849  0.1415
B9YPS9           0.6785  0.6527  0.6270  0.6511  0.6270  0.6383  0.6286  0.6383  0.6399  0.6415  0.6415  0.6431  0.6833  0.5707  0.2540  0.2540  0.5707  0.5707  0.2492  0.2910  0.3987  0.2588  0.2669  0.4019  0.2701  0.3360  0.4003  0.3521  0.4003  0.3955  0.3987  0.2588  0.2637  0.3280  0.2637  0.3778  0.1141  0.3633  0.1125  0.3714  0.3682  0.2524  0.3698  0.3601  0.3682  0.3762  0.2621  0.3698  0.3939  0.3698  0.3859  0.1222  0.1077  0.2830  0.3698  0.3746  0.2942  0.3714  0.3794  0.3650
B0JY99           0.6801  0.6543  0.6286  0.6463  0.6350  0.6334  0.6334  0.6399  0.6463  0.6495  0.6495  0.6463  0.6608  0.5788  0.2476  0.2476  0.5804  0.5804  0.2219  0.2749  0.4003  0.2186  0.2653  0.4084  0.2669  0.3441  0.4003  0.3521  0.4003  0.3955  0.3971  0.2974  0.2958  0.3457  0.2958  0.3794  0.2942  0.3923  0.2974  0.3955  0.3923  0.2958  0.3907  0.3746  0.3907  0.3859  0.2878  0.3891  0.3826  0.3794  0.3955  0.3006  0.2926  0.2733  0.3826  0.3955  0.2781  0.3810  0.3891  0.3891  0.2926
Q8DLB2           0.6881  0.6576  0.6447  0.6511  0.6383  0.6543  0.6350  0.6334  0.6302  0.6383  0.6383  0.6270  0.6849  0.5659  0.3103  0.3103  0.5659  0.5659  0.2958  0.3183  0.4277  0.3039  0.3055  0.4244  0.3039  0.3408  0.4228  0.3424  0.4228  0.4212  0.4196  0.3087  0.2910  0.3312  0.2910  0.3746  0.2797  0.3859  0.2814  0.4019  0.3859  0.3087  0.3842  0.3730  0.3826  0.3891  0.2235  0.3842  0.4068  0.3762  0.3891  0.2781  0.2669  0.3232  0.3762  0.4051  0.3248  0.3859  0.3875  0.3907  0.2717  0.3312
Q111H7           0.6817  0.6415  0.6254  0.6286  0.6158  0.6286  0.6399  0.6238  0.6318  0.6270  0.6270  0.6254  0.6640  0.5691  0.2814  0.2814  0.5707  0.5707  0.2733  0.3119  0.4051  0.2701  0.3023  0.4051  0.2974  0.3376  0.3987  0.3553  0.3971  0.3939  0.3939  0.2444  0.2894  0.3344  0.2894  0.3859  0.2814  0.3891  0.2878  0.3891  0.3939  0.2556  0.3939  0.3875  0.3842  0.3810  0.3039  0.3891  0.4019  0.3826  0.3778  0.2878  0.2894  0.3264  0.3859  0.3891  0.3055  0.3859  0.3842  0.3891  0.2894  0.2926  0.3199
B0C5E6           0.6736  0.6608  0.6511  0.6479  0.6479  0.6415  0.6543  0.6447  0.6511  0.6576  0.6576  0.6559  0.6768  0.5611  0.2797  0.2797  0.5611  0.5611  0.2846  0.2974  0.4051  0.2765  0.2974  0.4132  0.2958  0.3376  0.3987  0.3312  0.3987  0.3971  0.3955  0.2926  0.2685  0.3312  0.2685  0.3650  0.2685  0.3730  0.2733  0.3842  0.3569  0.3055  0.3762  0.3682  0.3698  0.3650  0.2219  0.3714  0.3859  0.3698  0.3875  0.2749  0.2669  0.3151  0.3714  0.3859  0.3006  0.3714  0.3794  0.3650  0.2830  0.3087  0.2653  0.3119


TREE #  1:  ((5, (8, (12, (9, (11, 10))))), ((((((((((((25, 23), 20), (15, 16)), ((19, 22), 62)), 57), 54), (((32, 42), 64), (((52, 53), (39, 37)), 61))), ((63, 47), 65)), ((35, 33), ((58, 41), ((((60, 36), (38, 43)), (((50, 55), 46), (44, 59))), (((((((30, 29), 31), 27), (24, 21)), (56, 40)), (51, 49)), (45, 48)))))), (26, 34)), 28), ((17, 18), 14)), (((7, 3), ((4, 1), (2, 13))), 6));   MP score: 5438
lnL(ntime:127  np:128): -27764.726803      +0.000000
  66..67   67..5    67..68   68..8    68..69   69..12   69..70   70..9    70..71   71..11   71..10   66..72   72..73   73..74   74..75   75..76   76..77   77..78   78..79   79..80   80..81   81..82   82..83   83..25   83..23   82..20   81..84   84..15   84..16   80..85   85..86   86..19   86..22   85..62   79..57   78..54   77..87   87..88   88..89   89..32   89..42   88..64   87..90   90..91   91..92   92..52   92..53   91..93   93..39   93..37   90..61   76..94   94..95   95..63   95..47   94..65   75..96   96..97   97..35   97..33   96..98   98..99   99..58   99..41   98..100 100..101 101..102 102..103 103..60  103..36  102..104 104..38  104..43  101..105 105..106 106..107 107..50  107..55  106..46  105..108 108..44  108..59  100..109 109..110 110..111 111..112 112..113 113..114 114..115 115..30  115..29  114..31  113..27  112..116 116..24  116..21  111..117 117..56  117..40  110..118 118..51  118..49  109..119 119..45  119..48   74..120 120..26  120..34   73..28   72..121 121..122 122..17  122..18  121..14   66..123 123..124 124..125 125..7   125..3   124..126 126..127 127..4   127..1   126..128 128..2   128..13  123..6  
 0.178439 0.300782 0.295814 0.279433 0.146388 0.117913 0.039754 0.042748 0.046664 0.001850 0.000004 1.711039 0.601358 0.028495 0.142764 0.012107 0.042793 0.095138 0.020853 0.000004 0.066988 0.129178 0.020703 0.016934 0.013945 0.066935 0.108254 0.000004 0.000004 0.031647 0.077768 0.052173 0.049878 0.255416 0.319624 0.271486 0.028629 0.093808 0.113173 0.107673 0.107818 0.258877 0.142611 0.015308 0.020586 0.077367 0.051103 0.055660 0.005615 0.003766 0.080518 0.056790 0.055946 0.232387 0.135613 0.207783 0.060379 0.176972 0.000004 0.000004 0.450937 0.051899 0.104588 0.143287 0.056786 0.004989 0.071677 0.007983 0.069718 0.055693 0.059122 0.007068 0.016490 0.022482 0.010828 0.022870 0.015909 0.017962 0.080967 0.011395 0.044945 0.077839 0.031677 0.056815 0.033545 0.248044 0.053221 0.003368 0.000004 0.003713 0.001858 0.007498 0.011678 0.034150 0.017593 0.018818 0.156415 0.009353 0.000004 0.042733 0.121139 0.131687 0.084017 0.009850 0.005140 0.276116 0.041176 0.037562 0.315373 1.191043 0.005697 0.000004 0.000004 0.000004 0.053432 0.090259 0.116291 0.604507 0.269221 0.031180 0.120093 0.447350 0.704960 0.204869 0.296363 0.880923 0.565740 0.692825

tree length =  16.41359

((5: 0.300782, (8: 0.279433, (12: 0.117913, (9: 0.042748, (11: 0.001850, 10: 0.000004): 0.046664): 0.039754): 0.146388): 0.295814): 0.178439, ((((((((((((25: 0.016934, 23: 0.013945): 0.020703, 20: 0.066935): 0.129178, (15: 0.000004, 16: 0.000004): 0.108254): 0.066988, ((19: 0.052173, 22: 0.049878): 0.077768, 62: 0.255416): 0.031647): 0.000004, 57: 0.319624): 0.020853, 54: 0.271486): 0.095138, (((32: 0.107673, 42: 0.107818): 0.113173, 64: 0.258877): 0.093808, (((52: 0.077367, 53: 0.051103): 0.020586, (39: 0.005615, 37: 0.003766): 0.055660): 0.015308, 61: 0.080518): 0.142611): 0.028629): 0.042793, ((63: 0.232387, 47: 0.135613): 0.055946, 65: 0.207783): 0.056790): 0.012107, ((35: 0.000004, 33: 0.000004): 0.176972, ((58: 0.104588, 41: 0.143287): 0.051899, ((((60: 0.069718, 36: 0.055693): 0.007983, (38: 0.007068, 43: 0.016490): 0.059122): 0.071677, (((50: 0.015909, 55: 0.017962): 0.022870, 46: 0.080967): 0.010828, (44: 0.044945, 59: 0.077839): 0.011395): 0.022482): 0.004989, (((((((30: 0.003713, 29: 0.001858): 0.000004, 31: 0.007498): 0.003368, 27: 0.011678): 0.053221, (24: 0.017593, 21: 0.018818): 0.034150): 0.248044, (56: 0.009353, 40: 0.000004): 0.156415): 0.033545, (51: 0.121139, 49: 0.131687): 0.042733): 0.056815, (45: 0.009850, 48: 0.005140): 0.084017): 0.031677): 0.056786): 0.450937): 0.060379): 0.142764, (26: 0.041176, 34: 0.037562): 0.276116): 0.028495, 28: 0.315373): 0.601358, ((17: 0.000004, 18: 0.000004): 0.005697, 14: 0.000004): 1.191043): 1.711039, (((7: 0.604507, 3: 0.269221): 0.116291, ((4: 0.447350, 1: 0.704960): 0.120093, (2: 0.296363, 13: 0.880923): 0.204869): 0.031180): 0.090259, 6: 0.565740): 0.053432);

((D1B066: 0.300782, (B9KFW1: 0.279433, (Q4HQM0: 0.117913, (Q4HHR5: 0.042748, (A7H2A8: 0.001850, A8FMX8: 0.000004): 0.046664): 0.039754): 0.146388): 0.295814): 0.178439, ((((((((((((A3IW67: 0.016934, B1WTM4: 0.013945): 0.020703, Q4C6R9: 0.066935): 0.129178, (C7QR68: 0.000004, B7K4M5: 0.000004): 0.108254): 0.066988, ((B7KD65: 0.052173, B4B2S2: 0.049878): 0.077768, B0JY99: 0.255416): 0.031647): 0.000004, P74007: 0.319624): 0.020853, B1XN75: 0.271486): 0.095138, (((A0YZ95: 0.107673, B5VV09: 0.107818): 0.113173, Q111H7: 0.258877): 0.093808, (((A0ZCN6: 0.077367, B2J6X4: 0.051103): 0.020586, (Q8YWQ5: 0.005615, Q3M350: 0.003766): 0.055660): 0.015308, B9YPS9: 0.080518): 0.142611): 0.028629): 0.042793, ((Q8DLB2: 0.232387, B8HYC4: 0.135613): 0.055946, B0C5E6: 0.207783): 0.056790): 0.012107, ((Q5N5P9: 0.000004, Q31NG2: 0.000004): 0.176972, ((A3YUC1: 0.104588, A5GW79: 0.143287): 0.051899, ((((Q7TTS4: 0.069718, Q3AGU5: 0.055693): 0.007983, (Q3AVY0: 0.007068, Q061L8: 0.016490): 0.059122): 0.071677, (((A4CY52: 0.015909, A5GPA3: 0.017962): 0.022870, Q0I6N2: 0.080967): 0.010828, (A3Z3A3: 0.044945, Q05VJ4: 0.077839): 0.011395): 0.022482): 0.004989, (((((((A3PAQ9: 0.003713, A2BNY6: 0.001858): 0.000004, A8G2J7: 0.007498): 0.003368, Q31CZ0: 0.011678): 0.053221, (Q7TUG7: 0.017593, A2BUG8: 0.018818): 0.034150): 0.248044, (A2C021: 0.009353, Q46HI2: 0.000004): 0.156415): 0.033545, (A9BDF4: 0.121139, Q7VDZ8: 0.131687): 0.042733): 0.056815, (Q7TUK5: 0.009850, A2CDH6: 0.005140): 0.084017): 0.031677): 0.056786): 0.450937): 0.060379): 0.142764, (Q2JTB2: 0.041176, Q2JLA4: 0.037562): 0.276116): 0.028495, Q7NGY9: 0.315373): 0.601358, ((B7N290: 0.000004, P0AG24: 0.000004): 0.005697, B7LVL2: 0.000004): 1.191043): 1.711039, (((Q30SN3: 0.604507, A6Q313: 0.269221): 0.116291, ((A6QB33: 0.447350, A8ESI6: 0.704960): 0.120093, (Q7MAH7: 0.296363, O25466: 0.880923): 0.204869): 0.031180): 0.090259, B9L8H2: 0.565740): 0.053432);

Detailed output identifying parameters

alpha (gamma, K = 4) =  0.69282
rate:   0.07266  0.36013  0.92218  2.64504
freq:   0.25000  0.25000  0.25000  0.25000

Time used: 1:09:06
