AAML (in paml version 4.6, August 2012)  194.aa
Model: Empirical for branches,  (../../../bin/LG.dat) dGamma (ncatG=4) ns =  65  ls = 196


Frequencies..
                                    A      R      N      D      C      Q      E      G      H      I      L      K      M      F      P      S      T      W      Y      V
A8ERJ5                         0.10204 0.03571 0.05102 0.06122 0.00000 0.02551 0.07143 0.09694 0.00510 0.06633 0.12245 0.05612 0.02551 0.02551 0.04592 0.06633 0.04592 0.00000 0.02041 0.07653
A6Q203                         0.09184 0.03061 0.06122 0.02551 0.00510 0.00510 0.09184 0.09184 0.02551 0.07143 0.09184 0.08673 0.03571 0.03061 0.04082 0.04592 0.06633 0.00000 0.02551 0.07653
D1B0E7                         0.10714 0.02551 0.04082 0.05102 0.00510 0.01020 0.07653 0.08673 0.02041 0.04592 0.12245 0.08163 0.03061 0.03061 0.03571 0.06122 0.04592 0.00000 0.01531 0.10714
Q4HG32                         0.10204 0.04082 0.07143 0.02551 0.01020 0.02551 0.09184 0.08163 0.01020 0.07143 0.10714 0.08673 0.03571 0.03571 0.04592 0.04082 0.06122 0.00000 0.01531 0.04082
Q30PN5                         0.09184 0.03571 0.02551 0.05102 0.01020 0.02041 0.05612 0.10714 0.01020 0.06633 0.11224 0.09694 0.03571 0.03061 0.04082 0.07143 0.04592 0.00000 0.02041 0.07143
B9KDL4                         0.11224 0.04592 0.05102 0.04082 0.01020 0.03571 0.09184 0.07143 0.02041 0.07653 0.11224 0.08163 0.02551 0.03571 0.03571 0.04082 0.04592 0.00000 0.01531 0.05102
A8FKB8                         0.10204 0.03061 0.06122 0.02551 0.01020 0.03061 0.09184 0.07653 0.01020 0.09184 0.11735 0.10204 0.03571 0.03061 0.04082 0.05102 0.04082 0.00000 0.01531 0.03571
A7H540                         0.09694 0.03061 0.06633 0.02551 0.01020 0.03061 0.09694 0.07653 0.01020 0.08673 0.11735 0.10204 0.03571 0.03061 0.04082 0.04592 0.04082 0.00000 0.01531 0.04082
A6QBY1                         0.08673 0.03571 0.05102 0.05612 0.00510 0.02551 0.07653 0.09184 0.01020 0.05612 0.12245 0.06122 0.03061 0.02551 0.04592 0.05102 0.05612 0.00000 0.02551 0.08673
Q7M7Z4                         0.08673 0.04082 0.04082 0.04592 0.01531 0.01020 0.09184 0.10204 0.01531 0.08163 0.09694 0.08163 0.03061 0.03571 0.04592 0.07143 0.03061 0.00000 0.03061 0.04592
Q4HNV5                         0.09694 0.03061 0.06633 0.03061 0.01020 0.03571 0.09184 0.07653 0.01531 0.07143 0.11224 0.08673 0.03571 0.03061 0.03571 0.04592 0.05102 0.00000 0.01531 0.06122
O24993                         0.09184 0.03061 0.03061 0.06122 0.01020 0.00510 0.07143 0.09694 0.02551 0.06122 0.10204 0.08163 0.04592 0.02551 0.03061 0.07653 0.04592 0.00000 0.04082 0.06633
B9L888                         0.07143 0.03061 0.05102 0.04082 0.00510 0.00510 0.08163 0.10204 0.01020 0.07143 0.09184 0.09694 0.03061 0.03571 0.04082 0.07143 0.04592 0.00000 0.03571 0.08163
Q4C5L6                         0.10714 0.05102 0.04082 0.05612 0.01020 0.03571 0.07653 0.11224 0.02551 0.07143 0.09694 0.04082 0.03061 0.01531 0.04592 0.05612 0.02551 0.00000 0.02041 0.08163
C7QV54                         0.11735 0.04592 0.04082 0.05612 0.00510 0.04592 0.08673 0.10204 0.02041 0.08673 0.09694 0.03061 0.03061 0.01531 0.04082 0.04592 0.03571 0.00000 0.02041 0.07653
B7JX03                         0.11735 0.04592 0.04082 0.05612 0.00510 0.04592 0.08673 0.10204 0.02041 0.08673 0.09694 0.03061 0.03061 0.01531 0.04082 0.04592 0.03571 0.00000 0.02041 0.07653
B4AY97                         0.12245 0.04592 0.04082 0.06633 0.00000 0.03061 0.06122 0.09184 0.03061 0.07143 0.09694 0.04082 0.03061 0.02041 0.04592 0.05612 0.02551 0.00000 0.02551 0.09694
B5W3X1                         0.11735 0.04082 0.04592 0.05102 0.00510 0.04082 0.07143 0.10204 0.02041 0.06122 0.07653 0.04082 0.04082 0.02041 0.05102 0.06633 0.02551 0.00000 0.01531 0.10714
B7KJP7                         0.12245 0.05102 0.03061 0.05102 0.00000 0.02041 0.09184 0.09184 0.02551 0.08163 0.10204 0.05102 0.02551 0.01531 0.04082 0.06633 0.01531 0.00000 0.03061 0.08673
Q2JJA1                         0.13265 0.06633 0.04592 0.04082 0.01531 0.04082 0.05612 0.10204 0.01531 0.05612 0.13265 0.04082 0.03061 0.02041 0.07653 0.02551 0.02041 0.00000 0.01531 0.06633
Q2JS89                         0.13265 0.07143 0.04082 0.03571 0.01531 0.04082 0.06122 0.10204 0.01531 0.04592 0.13265 0.03061 0.02551 0.02041 0.08163 0.01531 0.03061 0.00000 0.02041 0.08163
B1WXU8                         0.10714 0.04592 0.04592 0.05612 0.00510 0.02551 0.07653 0.10714 0.03061 0.07653 0.10204 0.04592 0.03061 0.01531 0.04592 0.06122 0.02551 0.00000 0.02041 0.07653
A0YR72                         0.12245 0.04592 0.04082 0.04592 0.01020 0.04592 0.07653 0.10204 0.01531 0.04082 0.10714 0.04592 0.04592 0.02041 0.05102 0.03571 0.03061 0.00000 0.01531 0.10204
B2J3G9                         0.13776 0.05612 0.04592 0.04592 0.00510 0.03571 0.08163 0.10204 0.01531 0.05612 0.09694 0.04082 0.02551 0.02551 0.05612 0.04082 0.02551 0.00000 0.01020 0.09694
Q8Z063                         0.12245 0.05612 0.05102 0.04592 0.00510 0.02551 0.07653 0.10204 0.01531 0.06633 0.10204 0.05102 0.02041 0.02551 0.05612 0.04592 0.03061 0.00000 0.01020 0.09184
A3IXF0                         0.10204 0.04592 0.05612 0.05612 0.00510 0.02551 0.07653 0.10714 0.02041 0.07653 0.10204 0.04592 0.03061 0.01531 0.04592 0.06122 0.03061 0.00000 0.02041 0.07653
Q5N5X4                         0.14796 0.08163 0.04082 0.06633 0.01531 0.03061 0.06122 0.09694 0.02041 0.06633 0.09694 0.02041 0.02551 0.02041 0.04592 0.05102 0.00510 0.00000 0.00510 0.10204
Q31N85                         0.14796 0.08163 0.04082 0.06633 0.01531 0.03061 0.06122 0.09694 0.02041 0.06633 0.09694 0.02041 0.02551 0.02041 0.04592 0.05102 0.00510 0.00000 0.00510 0.10204
Q3M9J5                         0.12245 0.05612 0.05102 0.04592 0.00510 0.02551 0.07653 0.10204 0.01531 0.06633 0.10204 0.05102 0.02041 0.02551 0.06122 0.04082 0.03061 0.00000 0.01020 0.09184
Q7NMG6                         0.14286 0.06633 0.04082 0.03571 0.00510 0.03061 0.08163 0.11224 0.00510 0.04592 0.11224 0.03061 0.04082 0.02041 0.06122 0.02551 0.02551 0.00000 0.02041 0.09694
A0ZJ15                         0.13776 0.05612 0.04592 0.04592 0.00510 0.04082 0.07143 0.10204 0.01531 0.06122 0.09694 0.04082 0.02551 0.02551 0.06122 0.03571 0.02551 0.00000 0.01020 0.09694
B1XPH6                         0.10714 0.04592 0.04082 0.04592 0.00000 0.02041 0.09184 0.09184 0.02041 0.05612 0.10204 0.06633 0.02551 0.02041 0.06122 0.05612 0.01531 0.00000 0.02551 0.10714
P73950                         0.10714 0.04592 0.04592 0.06122 0.01020 0.03571 0.06633 0.09694 0.02041 0.05612 0.10204 0.04592 0.03061 0.02041 0.04592 0.04082 0.03061 0.00000 0.02041 0.11735
Q31D46                         0.09694 0.05102 0.07143 0.05612 0.02041 0.02041 0.07653 0.10204 0.00510 0.07653 0.10204 0.06633 0.02551 0.03571 0.04082 0.04592 0.02551 0.00000 0.02041 0.06122
A2BUB1                         0.08673 0.05102 0.06122 0.06122 0.02551 0.01531 0.08163 0.09694 0.00510 0.08163 0.10714 0.07653 0.02041 0.03571 0.04082 0.04592 0.02551 0.00000 0.02041 0.06122
Q114K1                         0.12245 0.04592 0.04592 0.05612 0.00510 0.03571 0.07143 0.08673 0.00510 0.08163 0.08163 0.06633 0.04082 0.01020 0.06122 0.05102 0.02041 0.00000 0.02551 0.08673
A2BNS9                         0.09694 0.04592 0.06633 0.06122 0.02041 0.01020 0.07143 0.10204 0.00510 0.07653 0.10204 0.07143 0.02551 0.03061 0.04082 0.05102 0.03061 0.00000 0.02551 0.06633
Q7V3E1                         0.08673 0.05102 0.06122 0.05612 0.02041 0.01020 0.08163 0.10204 0.00510 0.08673 0.10204 0.07653 0.02041 0.03571 0.04082 0.04592 0.03061 0.00000 0.02551 0.06122
B0JXE3                         0.12755 0.04592 0.04592 0.04592 0.00510 0.02551 0.09184 0.09184 0.02551 0.06633 0.10204 0.04082 0.04082 0.01531 0.05102 0.04082 0.02551 0.00000 0.02551 0.08673
Q8DKL5                         0.13776 0.05102 0.04592 0.07653 0.01020 0.03061 0.05612 0.09184 0.01531 0.04592 0.12755 0.04082 0.02551 0.01020 0.06122 0.04082 0.01020 0.00000 0.02551 0.09694
A8G2E0                         0.08673 0.05102 0.07143 0.05612 0.02041 0.01020 0.08163 0.10204 0.00510 0.08163 0.10204 0.07143 0.02551 0.03571 0.04082 0.05612 0.02551 0.00000 0.02041 0.05612
A3PAK2                         0.09184 0.05102 0.06633 0.06122 0.02041 0.01020 0.08673 0.10204 0.00510 0.08163 0.10204 0.06633 0.02551 0.03571 0.04082 0.05102 0.02551 0.00000 0.02041 0.05612
A4CQC9                         0.12245 0.08163 0.04592 0.05102 0.02041 0.01531 0.07143 0.09694 0.01531 0.06122 0.11735 0.03061 0.02551 0.02551 0.03571 0.04592 0.03571 0.00000 0.02041 0.08163
A3YX18                         0.12245 0.08163 0.03061 0.04592 0.02041 0.01531 0.06122 0.10714 0.01020 0.06122 0.11224 0.04082 0.02551 0.03061 0.05102 0.05612 0.02551 0.00000 0.01531 0.08673
A3Z9W4                         0.12245 0.08673 0.03571 0.05612 0.02551 0.02041 0.07143 0.10714 0.02041 0.06122 0.12755 0.02551 0.02551 0.02551 0.04082 0.03571 0.03061 0.00000 0.01531 0.06633
Q0I6Y6                         0.11735 0.08673 0.05612 0.04592 0.01531 0.01531 0.08163 0.10204 0.02041 0.06122 0.11735 0.02551 0.03571 0.02551 0.04082 0.04082 0.02551 0.00000 0.01531 0.07143
Q7U428                         0.13265 0.06633 0.03571 0.07143 0.02041 0.02551 0.05612 0.10714 0.02041 0.05612 0.13265 0.05102 0.03061 0.02551 0.04082 0.03571 0.02041 0.00000 0.01531 0.05612
A5GQJ3                         0.13265 0.05102 0.04082 0.04082 0.02041 0.02551 0.07653 0.11224 0.01020 0.04592 0.12245 0.06122 0.02551 0.03061 0.05102 0.03571 0.02041 0.00000 0.02041 0.07653
A5GP10                         0.12245 0.07143 0.04592 0.05102 0.02041 0.02551 0.07143 0.10204 0.01531 0.05612 0.12245 0.03061 0.03061 0.03061 0.03571 0.05102 0.02551 0.00000 0.01531 0.07653
Q3B048                         0.10714 0.06633 0.03571 0.05612 0.02041 0.03571 0.07653 0.10714 0.01020 0.05102 0.11735 0.05102 0.02551 0.03061 0.04592 0.05102 0.02551 0.00000 0.01531 0.07143
Q3AH15                         0.11735 0.07653 0.03571 0.07143 0.02041 0.01020 0.06122 0.10714 0.02041 0.06122 0.11735 0.05102 0.03061 0.03061 0.04082 0.04592 0.02551 0.00000 0.01020 0.06633
A9BCZ2                         0.08163 0.05102 0.06633 0.05102 0.02041 0.01531 0.07653 0.10204 0.01020 0.07653 0.12245 0.07143 0.02551 0.02551 0.04592 0.05102 0.01531 0.00000 0.02041 0.07143
B8HY55                         0.11224 0.05102 0.04592 0.04592 0.01020 0.02551 0.09184 0.10204 0.02551 0.07143 0.10714 0.04592 0.02551 0.01531 0.05612 0.03571 0.02041 0.00000 0.01531 0.09694
Q063M3                         0.11224 0.07143 0.04592 0.05102 0.02041 0.03061 0.07653 0.10714 0.00510 0.05102 0.11735 0.05102 0.02551 0.03061 0.04592 0.05102 0.02551 0.00000 0.01531 0.06633
A2BZW1                         0.09184 0.03571 0.04082 0.06122 0.02551 0.01531 0.06633 0.11224 0.00510 0.05612 0.12755 0.08673 0.04082 0.03061 0.03061 0.06633 0.02041 0.00000 0.02551 0.06122
B0CE66                         0.12245 0.05102 0.03061 0.07143 0.01020 0.02551 0.07653 0.10204 0.01531 0.07143 0.09694 0.04082 0.02551 0.02041 0.05102 0.06122 0.02551 0.00000 0.01531 0.08673
Q05VU6                         0.12245 0.07143 0.05102 0.05102 0.02041 0.02041 0.06122 0.10204 0.01531 0.04592 0.12755 0.04082 0.02551 0.02551 0.04592 0.04592 0.02551 0.00000 0.02041 0.08163
Q46HN9                         0.09184 0.03061 0.04082 0.07143 0.02551 0.01531 0.05612 0.11735 0.00510 0.07143 0.12245 0.09694 0.03571 0.03061 0.03061 0.06122 0.02041 0.00000 0.02551 0.05102
A2CD24                         0.11735 0.06633 0.04082 0.05102 0.02041 0.03571 0.05102 0.10714 0.01531 0.06633 0.11735 0.05102 0.03571 0.03061 0.04082 0.04082 0.03571 0.00000 0.01531 0.06122
Q7V4F7                         0.11735 0.06633 0.04082 0.05102 0.02041 0.02551 0.06633 0.10714 0.01531 0.06122 0.12245 0.04592 0.03571 0.03061 0.04082 0.04082 0.03571 0.00000 0.01531 0.06122
Q7VE56                         0.10714 0.05102 0.05102 0.05612 0.02551 0.02551 0.07143 0.10714 0.01020 0.08163 0.12755 0.05102 0.02551 0.03061 0.03571 0.05612 0.01531 0.00000 0.01531 0.05612
P27247                         0.12245 0.04082 0.04592 0.03571 0.01020 0.05102 0.06122 0.08163 0.00510 0.06122 0.14286 0.03061 0.02551 0.01020 0.05612 0.07143 0.04082 0.00000 0.01020 0.09694
B7MTM0                         0.12245 0.04082 0.04592 0.03571 0.01020 0.05102 0.06122 0.08163 0.00510 0.06122 0.14286 0.03061 0.02551 0.01020 0.06122 0.06633 0.04082 0.00000 0.01020 0.09694
B7LT48                         0.11735 0.04082 0.04592 0.03571 0.01020 0.05102 0.05612 0.08673 0.00510 0.06122 0.14286 0.03061 0.02551 0.01020 0.05612 0.07143 0.04592 0.00000 0.01020 0.09694
B9YME7                         0.11224 0.05102 0.04592 0.05102 0.00510 0.03061 0.07143 0.09694 0.01531 0.07653 0.08673 0.05612 0.04592 0.03061 0.06633 0.03061 0.04082 0.00000 0.01020 0.07653

Homogeneity statistic: X2 = 3.99852 G = 4.09770 

Average                        0.11224 0.05196 0.04733 0.05094 0.01256 0.02637 0.07449 0.09882 0.01460 0.06648 0.11075 0.05518 0.03006 0.02512 0.04694 0.04984 0.03046 0.00000 0.01860 0.07724

# constant sites:     25 (12.76%)
ln Lmax (unconstrained) = -1002.442253

AA distances (raw proportions of different sites)

A8ERJ5         
A6Q203           0.3367
D1B0E7           0.3878  0.3163
Q4HG32           0.3827  0.3827  0.3673
Q30PN5           0.3980  0.3776  0.3827  0.4133
B9KDL4           0.3827  0.3316  0.3367  0.2347  0.4184
A8FKB8           0.3878  0.4031  0.4082  0.1837  0.4490  0.2806
A7H540           0.3827  0.4082  0.4031  0.1735  0.4490  0.2755  0.0153
A6QBY1           0.3776  0.3571  0.3929  0.4592  0.4031  0.3878  0.4541  0.4541
Q7M7Z4           0.4184  0.3776  0.3878  0.4694  0.4439  0.4694  0.4643  0.4643  0.4286
Q4HNV5           0.3980  0.3878  0.3878  0.1939  0.4082  0.2347  0.1837  0.1786  0.4337  0.4694
O24993           0.4796  0.4541  0.4694  0.4898  0.4796  0.4643  0.4898  0.4898  0.4898  0.4439  0.4898
B9L888           0.3878  0.3878  0.3980  0.4184  0.4082  0.4439  0.3878  0.3878  0.4286  0.4133  0.4184  0.4541
Q4C5L6           0.5561  0.5408  0.5561  0.6020  0.5663  0.5561  0.5867  0.5918  0.5561  0.5510  0.5918  0.5612  0.5459
C7QV54           0.5510  0.5306  0.5408  0.5918  0.5306  0.5408  0.5714  0.5714  0.5714  0.5357  0.5663  0.5459  0.5255  0.1684
B7JX03           0.5510  0.5306  0.5408  0.5918  0.5306  0.5408  0.5714  0.5714  0.5714  0.5357  0.5663  0.5459  0.5255  0.1684  0.0000
B4AY97           0.5561  0.5306  0.5306  0.5816  0.5255  0.5357  0.5663  0.5663  0.5612  0.5510  0.5561  0.5714  0.5255  0.2347  0.1888  0.1888
B5W3X1           0.5612  0.5663  0.5765  0.6276  0.5867  0.5867  0.6020  0.5969  0.5867  0.5510  0.6071  0.5969  0.5918  0.3265  0.2857  0.2857  0.2908
B7KJP7           0.5459  0.5561  0.5306  0.5816  0.5408  0.5204  0.5714  0.5714  0.5510  0.5255  0.5612  0.5612  0.5408  0.2398  0.2245  0.2245  0.1122  0.3010
Q2JJA1           0.5663  0.5714  0.5816  0.5714  0.5765  0.5255  0.5561  0.5561  0.5918  0.5969  0.5612  0.6122  0.6071  0.3776  0.4082  0.4082  0.4286  0.4133  0.3980
Q2JS89           0.5714  0.5714  0.5867  0.5714  0.5816  0.5306  0.5612  0.5612  0.5918  0.5867  0.5663  0.6122  0.6173  0.3878  0.4082  0.4082  0.4031  0.3980  0.3827  0.0816
B1WXU8           0.5714  0.5357  0.5459  0.5918  0.5459  0.5612  0.5816  0.5816  0.5714  0.5306  0.5765  0.5612  0.5357  0.0561  0.1327  0.1327  0.2041  0.3010  0.2194  0.3827  0.3929
A0YR72           0.5510  0.5663  0.5561  0.6224  0.5867  0.5714  0.5663  0.5663  0.5816  0.5357  0.5765  0.5969  0.5663  0.3010  0.3112  0.3112  0.3061  0.1582  0.3112  0.3980  0.3878  0.3010
B2J3G9           0.5510  0.5357  0.5153  0.5867  0.5816  0.5204  0.5612  0.5561  0.5408  0.5510  0.5612  0.5816  0.5357  0.2908  0.2857  0.2857  0.2857  0.2551  0.2602  0.3827  0.3776  0.2806  0.2653
Q8Z063           0.5612  0.5255  0.5357  0.5816  0.5765  0.5153  0.5663  0.5663  0.5561  0.5561  0.5459  0.5663  0.5612  0.3010  0.2857  0.2857  0.2806  0.2908  0.2602  0.3929  0.3929  0.2857  0.3061  0.1173
A3IXF0           0.5663  0.5459  0.5408  0.5969  0.5510  0.5663  0.5867  0.5867  0.5765  0.5357  0.5816  0.5612  0.5306  0.0765  0.1531  0.1531  0.2245  0.3112  0.2296  0.3980  0.4031  0.0306  0.3061  0.2806  0.2857
Q5N5X4           0.5408  0.5510  0.5153  0.5459  0.5459  0.5153  0.5357  0.5408  0.5357  0.5306  0.5306  0.5561  0.5612  0.3622  0.3776  0.3776  0.3827  0.3520  0.3469  0.3929  0.3827  0.3673  0.3724  0.3214  0.3367  0.3724
Q31N85           0.5408  0.5510  0.5153  0.5459  0.5459  0.5153  0.5357  0.5408  0.5357  0.5306  0.5306  0.5561  0.5612  0.3622  0.3776  0.3776  0.3827  0.3520  0.3469  0.3929  0.3827  0.3673  0.3724  0.3214  0.3367  0.3724  0.0000
Q3M9J5           0.5561  0.5204  0.5357  0.5765  0.5765  0.5102  0.5612  0.5612  0.5561  0.5561  0.5408  0.5663  0.5612  0.3010  0.2806  0.2806  0.2806  0.2959  0.2602  0.3878  0.3878  0.2857  0.3061  0.1224  0.0051  0.2857  0.3316  0.3316
Q7NMG6           0.5663  0.5663  0.5765  0.6122  0.5918  0.6122  0.6122  0.6122  0.6071  0.5663  0.6020  0.5918  0.5969  0.4184  0.3878  0.3878  0.3929  0.4082  0.3929  0.3724  0.3724  0.4133  0.4184  0.3929  0.4082  0.4133  0.4388  0.4388  0.4031
A0ZJ15           0.5561  0.5204  0.5306  0.5816  0.5765  0.5153  0.5612  0.5612  0.5561  0.5561  0.5510  0.5867  0.5408  0.2959  0.2653  0.2653  0.2908  0.2755  0.2755  0.3827  0.3827  0.2704  0.2806  0.0867  0.0918  0.2806  0.3265  0.3265  0.0969  0.3929
B1XPH6           0.5612  0.5663  0.5765  0.6020  0.5612  0.5561  0.6020  0.6020  0.5867  0.5714  0.5867  0.5969  0.5765  0.2908  0.2806  0.2806  0.2653  0.3316  0.2398  0.3878  0.3673  0.2908  0.3367  0.3367  0.3367  0.2908  0.3827  0.3827  0.3316  0.4184  0.3316
P73950           0.5459  0.5255  0.5306  0.5663  0.5510  0.5357  0.5510  0.5459  0.5612  0.5357  0.5510  0.5663  0.5561  0.2500  0.2398  0.2398  0.2602  0.3265  0.2602  0.3827  0.3622  0.2449  0.3214  0.3112  0.3265  0.2500  0.3571  0.3571  0.3214  0.3878  0.3112  0.2602
Q31D46           0.5612  0.5408  0.5102  0.5510  0.5510  0.5306  0.5459  0.5459  0.5663  0.5357  0.5153  0.5459  0.5459  0.4694  0.4388  0.4388  0.4541  0.4898  0.4490  0.4898  0.4949  0.4745  0.4694  0.4745  0.4898  0.4745  0.4847  0.4847  0.4898  0.4796  0.4847  0.4694  0.4592
A2BUB1           0.5510  0.5357  0.5102  0.5408  0.5357  0.5153  0.5357  0.5357  0.5612  0.5204  0.4949  0.5357  0.5255  0.4898  0.4643  0.4643  0.4694  0.5102  0.4490  0.4847  0.4847  0.4847  0.4847  0.4796  0.4949  0.4847  0.4847  0.4847  0.4949  0.4694  0.5000  0.4949  0.4643  0.1020
Q114K1           0.5714  0.5510  0.5612  0.6071  0.5663  0.5561  0.5612  0.5663  0.5867  0.5663  0.5765  0.5867  0.5714  0.3622  0.3112  0.3112  0.3010  0.2449  0.3163  0.3929  0.4031  0.3316  0.2857  0.2857  0.2959  0.3367  0.3929  0.3929  0.2959  0.4337  0.3010  0.3265  0.3367  0.4898  0.5000
A2BNS9           0.5612  0.5357  0.5153  0.5561  0.5561  0.5408  0.5510  0.5510  0.5765  0.5357  0.5153  0.5612  0.5306  0.4745  0.4439  0.4439  0.4490  0.4847  0.4439  0.4898  0.4949  0.4694  0.4694  0.4694  0.4847  0.4541  0.4796  0.4796  0.4847  0.4592  0.4847  0.4694  0.4490  0.0663  0.0969  0.4796
Q7V3E1           0.5561  0.5357  0.5153  0.5459  0.5459  0.5204  0.5357  0.5357  0.5612  0.5204  0.5000  0.5459  0.5255  0.4898  0.4643  0.4643  0.4745  0.5102  0.4541  0.4949  0.4949  0.4847  0.4847  0.4796  0.5000  0.4847  0.4847  0.4847  0.5000  0.4694  0.5051  0.4949  0.4643  0.1071  0.0357  0.5000  0.1071
B0JXE3           0.5714  0.5357  0.5408  0.5816  0.5357  0.5561  0.5663  0.5663  0.5765  0.5306  0.5561  0.5714  0.5459  0.2398  0.2041  0.2041  0.1735  0.3112  0.1888  0.4031  0.3878  0.2092  0.3163  0.2959  0.3010  0.2194  0.3571  0.3571  0.3010  0.3980  0.2908  0.2500  0.2653  0.4541  0.4643  0.3214  0.4439  0.4592
Q8DKL5           0.5561  0.5459  0.5051  0.5561  0.5612  0.5459  0.5714  0.5663  0.5459  0.5357  0.5765  0.5918  0.5561  0.2755  0.2755  0.2755  0.2704  0.2959  0.2653  0.3622  0.3520  0.2653  0.3010  0.2653  0.2908  0.2755  0.3163  0.3163  0.2908  0.3827  0.2704  0.2806  0.2959  0.4592  0.4643  0.3265  0.4592  0.4745  0.2755
A8G2E0           0.5612  0.5204  0.5153  0.5561  0.5561  0.5204  0.5459  0.5459  0.5663  0.5357  0.5102  0.5561  0.5357  0.4796  0.4541  0.4541  0.4643  0.5000  0.4541  0.4847  0.4898  0.4847  0.4796  0.4694  0.4847  0.4745  0.4847  0.4847  0.4847  0.4592  0.4847  0.4694  0.4541  0.0561  0.0867  0.5000  0.0459  0.0969  0.4541  0.4745
A3PAK2           0.5663  0.5306  0.5153  0.5561  0.5561  0.5357  0.5510  0.5510  0.5663  0.5408  0.5153  0.5663  0.5459  0.4745  0.4490  0.4490  0.4592  0.4949  0.4490  0.4796  0.4847  0.4796  0.4796  0.4694  0.4847  0.4694  0.4796  0.4796  0.4847  0.4643  0.4847  0.4643  0.4490  0.0510  0.0918  0.4949  0.0357  0.1020  0.4490  0.4694  0.0153
A4CQC9           0.6020  0.5969  0.5561  0.6020  0.5663  0.5663  0.5816  0.5816  0.6020  0.5612  0.5765  0.5867  0.5765  0.4388  0.4133  0.4133  0.4235  0.4388  0.4286  0.4694  0.4643  0.4439  0.4235  0.4082  0.4337  0.4388  0.4286  0.4286  0.4388  0.4337  0.4337  0.4643  0.4184  0.2755  0.2908  0.4388  0.2602  0.2857  0.4235  0.4286  0.2755  0.2704
A3YX18           0.5867  0.5714  0.5459  0.5867  0.5510  0.5663  0.5867  0.5867  0.5918  0.5663  0.5867  0.5918  0.5918  0.4541  0.4184  0.4184  0.4388  0.4694  0.4490  0.4847  0.4745  0.4490  0.4745  0.4235  0.4337  0.4439  0.4388  0.4388  0.4337  0.4388  0.4337  0.4490  0.4235  0.3163  0.3316  0.4796  0.3214  0.3367  0.4388  0.4235  0.3265  0.3214  0.2245
A3Z9W4           0.5918  0.5918  0.5714  0.5969  0.5663  0.5714  0.5765  0.5765  0.5867  0.5663  0.5765  0.5816  0.5816  0.4337  0.4133  0.4133  0.4337  0.4694  0.4286  0.4490  0.4439  0.4388  0.4439  0.4082  0.4184  0.4439  0.4133  0.4133  0.4235  0.4592  0.4184  0.4745  0.4388  0.2500  0.2755  0.4745  0.2500  0.2806  0.4337  0.4184  0.2602  0.2551  0.1276  0.2194
Q0I6Y6           0.6173  0.6020  0.5765  0.6020  0.5918  0.5612  0.5918  0.5918  0.6276  0.5714  0.5816  0.6020  0.6071  0.4643  0.4388  0.4388  0.4439  0.4745  0.4388  0.4745  0.4694  0.4694  0.4439  0.4184  0.4184  0.4592  0.4388  0.4388  0.4184  0.4490  0.4235  0.4643  0.4133  0.2908  0.3112  0.4592  0.2806  0.3112  0.4388  0.4388  0.2908  0.2857  0.1276  0.2194  0.1378
Q7U428           0.5816  0.5867  0.5663  0.5969  0.5612  0.5714  0.5765  0.5765  0.5765  0.5714  0.5765  0.5663  0.5765  0.4235  0.4184  0.4184  0.4337  0.4796  0.4337  0.4541  0.4541  0.4337  0.4490  0.4133  0.4235  0.4337  0.4184  0.4184  0.4235  0.4592  0.4184  0.4490  0.4337  0.2500  0.2755  0.4694  0.2500  0.2806  0.4235  0.3980  0.2602  0.2602  0.1633  0.2245  0.0816  0.1735
A5GQJ3           0.5918  0.5816  0.5459  0.5867  0.5765  0.5561  0.5612  0.5612  0.6071  0.5663  0.5765  0.5714  0.5918  0.4694  0.4541  0.4541  0.4643  0.5102  0.4541  0.4796  0.4694  0.4643  0.4643  0.4541  0.4541  0.4643  0.4184  0.4184  0.4541  0.4592  0.4286  0.4388  0.4439  0.2908  0.3061  0.4745  0.2806  0.3061  0.4388  0.4235  0.2959  0.2959  0.2551  0.2500  0.2092  0.2500  0.2041
A5GP10           0.6071  0.5867  0.5459  0.6020  0.5561  0.5663  0.5765  0.5765  0.5918  0.5510  0.5663  0.5816  0.5816  0.4337  0.4133  0.4133  0.4235  0.4541  0.4286  0.4643  0.4592  0.4388  0.4337  0.4133  0.4235  0.4388  0.4286  0.4286  0.4286  0.4388  0.4235  0.4592  0.4133  0.2500  0.2806  0.4490  0.2500  0.2857  0.4235  0.4286  0.2602  0.2551  0.0408  0.2194  0.1224  0.1327  0.1531  0.2347
Q3B048           0.5816  0.5612  0.5408  0.5816  0.5510  0.5510  0.5612  0.5612  0.5714  0.5510  0.5663  0.5663  0.5765  0.4235  0.4031  0.4031  0.4286  0.4541  0.4286  0.4694  0.4541  0.4286  0.4337  0.4031  0.4133  0.4286  0.4082  0.4082  0.4184  0.4388  0.3980  0.4490  0.4286  0.2347  0.2500  0.4541  0.2398  0.2500  0.4082  0.4235  0.2500  0.2449  0.1684  0.1990  0.1276  0.1735  0.1276  0.1990  0.1480
Q3AH15           0.5918  0.5765  0.5612  0.5969  0.5663  0.5765  0.5765  0.5765  0.5969  0.5663  0.5663  0.5969  0.5765  0.4490  0.4337  0.4337  0.4439  0.4694  0.4439  0.4694  0.4592  0.4490  0.4490  0.4082  0.4235  0.4439  0.4133  0.4133  0.4286  0.4388  0.4184  0.4541  0.4337  0.2347  0.2500  0.4796  0.2194  0.2602  0.4184  0.4235  0.2347  0.2296  0.1684  0.2245  0.1224  0.1684  0.1071  0.2194  0.1735  0.1071
A9BCZ2           0.5918  0.5561  0.5459  0.5765  0.5408  0.5357  0.5459  0.5459  0.5765  0.5408  0.5408  0.5816  0.5510  0.4337  0.4133  0.4133  0.4337  0.4745  0.4388  0.4694  0.4745  0.4337  0.4490  0.4286  0.4337  0.4235  0.4439  0.4439  0.4337  0.4541  0.4337  0.4541  0.4133  0.2551  0.2653  0.4439  0.2551  0.2602  0.4235  0.4337  0.2551  0.2602  0.1939  0.2398  0.2092  0.1888  0.2092  0.2653  0.1939  0.1888  0.2041
B8HY55           0.5714  0.5357  0.5408  0.5816  0.5765  0.5255  0.5561  0.5612  0.5561  0.5204  0.5714  0.5816  0.5816  0.2602  0.2398  0.2398  0.2551  0.2398  0.2449  0.3724  0.3622  0.2500  0.2347  0.2704  0.2653  0.2653  0.3571  0.3571  0.2653  0.3827  0.2602  0.2806  0.2908  0.4796  0.4898  0.2908  0.4643  0.4898  0.2449  0.2602  0.4796  0.4745  0.4184  0.4541  0.4235  0.4286  0.4388  0.4490  0.4133  0.4082  0.4388  0.4082
Q063M3           0.5867  0.5612  0.5459  0.5867  0.5612  0.5459  0.5612  0.5612  0.5765  0.5459  0.5663  0.5663  0.5816  0.4337  0.4133  0.4133  0.4337  0.4592  0.4337  0.4745  0.4541  0.4388  0.4388  0.4031  0.4133  0.4337  0.4133  0.4133  0.4184  0.4388  0.4031  0.4541  0.4286  0.2500  0.2500  0.4592  0.2398  0.2500  0.4133  0.4286  0.2449  0.2449  0.1786  0.2041  0.1429  0.1837  0.1429  0.2041  0.1633  0.0255  0.1173  0.1888  0.4082
A2BZW1           0.5918  0.5714  0.5663  0.5969  0.5510  0.5816  0.5663  0.5663  0.6122  0.5918  0.5612  0.6020  0.5714  0.4745  0.4643  0.4643  0.4490  0.5051  0.4439  0.4694  0.4694  0.4847  0.4745  0.4745  0.4949  0.4796  0.4796  0.4796  0.4949  0.4898  0.4898  0.4694  0.4439  0.2551  0.2806  0.4694  0.2602  0.2908  0.4643  0.4541  0.2653  0.2653  0.2653  0.3061  0.2755  0.2704  0.2398  0.3010  0.2602  0.2398  0.2398  0.2194  0.4745  0.2449
B0CE66           0.5612  0.5714  0.5153  0.5918  0.6020  0.5306  0.5663  0.5714  0.5918  0.5357  0.5612  0.5714  0.5357  0.2806  0.2602  0.2602  0.2857  0.2959  0.2500  0.4184  0.4082  0.2653  0.2908  0.2653  0.2857  0.2653  0.3316  0.3316  0.2806  0.4184  0.2755  0.3163  0.3265  0.4796  0.4745  0.3061  0.4643  0.4796  0.3163  0.2908  0.4847  0.4745  0.4235  0.4541  0.4439  0.4337  0.4439  0.4541  0.4337  0.4133  0.4337  0.4388  0.2602  0.4184  0.4796
Q05VU6           0.5969  0.5816  0.5561  0.5969  0.5663  0.5561  0.5714  0.5714  0.5918  0.5714  0.5663  0.5918  0.5969  0.4388  0.4286  0.4286  0.4337  0.4541  0.4439  0.4592  0.4541  0.4388  0.4388  0.4184  0.4388  0.4388  0.4235  0.4235  0.4439  0.4388  0.4286  0.4541  0.4082  0.2806  0.2908  0.4490  0.2704  0.2959  0.4184  0.4235  0.2908  0.2857  0.1224  0.2143  0.1327  0.1378  0.1378  0.2092  0.1020  0.1378  0.1378  0.1888  0.4082  0.1531  0.2602  0.4388
Q46HN9           0.6020  0.5714  0.5561  0.6020  0.5408  0.5765  0.5714  0.5714  0.6173  0.5918  0.5663  0.5918  0.5663  0.4898  0.4643  0.4643  0.4490  0.5051  0.4541  0.4796  0.4898  0.4898  0.4847  0.4745  0.4847  0.4847  0.4694  0.4694  0.4847  0.4898  0.4796  0.4745  0.4541  0.2704  0.2806  0.4541  0.2602  0.2857  0.4796  0.4592  0.2704  0.2704  0.2551  0.3061  0.2704  0.2653  0.2449  0.2908  0.2653  0.2347  0.2500  0.2092  0.4745  0.2398  0.0663  0.4643  0.2653
A2CD24           0.6020  0.5969  0.5765  0.5918  0.5714  0.5561  0.5816  0.5816  0.6122  0.5714  0.5663  0.5918  0.6071  0.4643  0.4541  0.4541  0.4490  0.4949  0.4592  0.4643  0.4745  0.4745  0.4592  0.4388  0.4541  0.4694  0.4592  0.4592  0.4541  0.4337  0.4592  0.4643  0.4286  0.2755  0.2959  0.4643  0.2704  0.2908  0.4490  0.4388  0.2806  0.2806  0.1888  0.2398  0.1684  0.1786  0.1582  0.2449  0.1888  0.2143  0.1888  0.1990  0.4541  0.2194  0.2602  0.4694  0.1684  0.2602
Q7V4F7           0.6020  0.5969  0.5816  0.5969  0.5765  0.5612  0.5867  0.5867  0.6122  0.5714  0.5612  0.5918  0.6020  0.4694  0.4592  0.4592  0.4541  0.4949  0.4643  0.4745  0.4796  0.4796  0.4592  0.4388  0.4592  0.4745  0.4643  0.4643  0.4592  0.4337  0.4592  0.4643  0.4337  0.2653  0.2908  0.4643  0.2602  0.2806  0.4490  0.4490  0.2704  0.2704  0.1786  0.2347  0.1633  0.1684  0.1531  0.2398  0.1786  0.2041  0.1786  0.1888  0.4541  0.2092  0.2449  0.4796  0.1582  0.2500  0.0204
Q7VE56           0.5969  0.5561  0.5561  0.5918  0.5561  0.5459  0.5714  0.5714  0.5612  0.5510  0.5663  0.5969  0.5714  0.4541  0.4235  0.4235  0.4337  0.4796  0.4286  0.4592  0.4745  0.4541  0.4541  0.4337  0.4439  0.4490  0.4541  0.4541  0.4439  0.4643  0.4388  0.4694  0.4337  0.2398  0.2602  0.4592  0.2500  0.2602  0.4439  0.4286  0.2500  0.2449  0.2245  0.2704  0.1888  0.1990  0.1837  0.2653  0.2092  0.1888  0.1786  0.1633  0.4082  0.1888  0.2296  0.4439  0.1939  0.2194  0.1939  0.1786
P27247           0.6173  0.6173  0.6122  0.6071  0.5969  0.5867  0.5969  0.5918  0.6276  0.5867  0.5816  0.6429  0.5969  0.6071  0.5969  0.5969  0.5918  0.6020  0.5765  0.6071  0.5867  0.6020  0.6020  0.5612  0.5867  0.6020  0.5969  0.5969  0.5816  0.6071  0.5714  0.6327  0.5969  0.6327  0.6122  0.6071  0.6480  0.6122  0.5867  0.5663  0.6378  0.6480  0.6224  0.6531  0.6276  0.6378  0.6224  0.6480  0.6173  0.5918  0.6276  0.6276  0.5714  0.5918  0.6429  0.5816  0.6173  0.6480  0.6582  0.6633  0.6224
B7MTM0           0.6173  0.6173  0.6122  0.6020  0.5969  0.5816  0.6020  0.5969  0.6276  0.5867  0.5867  0.6429  0.5969  0.6071  0.5969  0.5969  0.5969  0.5969  0.5816  0.6020  0.5816  0.6020  0.6020  0.5561  0.5816  0.6020  0.5918  0.5918  0.5765  0.6071  0.5663  0.6276  0.5969  0.6327  0.6122  0.6020  0.6480  0.6122  0.5918  0.5612  0.6378  0.6480  0.6224  0.6531  0.6276  0.6378  0.6224  0.6480  0.6173  0.5918  0.6276  0.6276  0.5663  0.5918  0.6429  0.5765  0.6173  0.6480  0.6582  0.6633  0.6224  0.0051
B7LT48           0.6224  0.6224  0.6122  0.6071  0.5969  0.5867  0.6071  0.6020  0.6276  0.5816  0.5918  0.6429  0.5969  0.6020  0.5969  0.5969  0.5969  0.5867  0.5765  0.6020  0.5867  0.5969  0.5969  0.5459  0.5714  0.5918  0.5918  0.5918  0.5765  0.6122  0.5561  0.6276  0.6020  0.6327  0.6122  0.6020  0.6429  0.6122  0.5867  0.5612  0.6378  0.6480  0.6173  0.6531  0.6224  0.6378  0.6224  0.6429  0.6122  0.5867  0.6224  0.6276  0.5612  0.5867  0.6429  0.5765  0.6122  0.6480  0.6582  0.6633  0.6224  0.0204  0.0153
B9YME7           0.5510  0.5204  0.5306  0.5918  0.5714  0.5255  0.5663  0.5663  0.5612  0.5408  0.5612  0.5816  0.5357  0.3214  0.3010  0.3010  0.3163  0.2959  0.3061  0.4031  0.4082  0.3010  0.2959  0.1378  0.1480  0.3010  0.3571  0.3571  0.1480  0.4184  0.1327  0.3520  0.3367  0.4796  0.4796  0.3010  0.4796  0.4796  0.3214  0.2908  0.4847  0.4847  0.4337  0.4388  0.4286  0.4286  0.4235  0.4745  0.4490  0.4388  0.4235  0.4388  0.2908  0.4388  0.4949  0.2908  0.4592  0.4796  0.4592  0.4643  0.4490  0.5816  0.5765  0.5714


TREE #  1:  ((((((((((61, (((58, 55), (37, ((((38, 35), 34), 41), 42))), 52)), (60, 59)), ((57, ((49, 43), 46)), 45)), (((54, 50), 51), 47)), (44, 48)), (28, 27)), (((((((((29, 25), 31), 65), 24), (36, (23, 18))), (56, 53)), (((39, (19, 17)), (((26, 22), 14), (16, 15))), (33, 32))), 40), (30, (21, 20)))), (((1, 13), ((((11, ((8, 7), 4)), 6), 9), ((3, 5), 2))), (12, 10))), 64), 63, 62);   MP score: 1787
lnL(ntime:127  np:128):  -9027.715826      +0.000000
  66..67   67..68   68..69   69..70   70..71   71..72   72..73   73..74   74..75   75..61   75..76   76..77   77..78   78..58   78..55   77..79   79..37   79..80   80..81   81..82   82..83   83..38   83..35   82..34   81..41   80..42   76..52   74..84   84..60   84..59   73..85   85..86   86..57   86..87   87..88   88..49   88..43   87..46   85..45   72..89   89..90   90..91   91..54   91..50   90..51   89..47   71..92   92..44   92..48   70..93   93..28   93..27   69..94   94..95   95..96   96..97   97..98   98..99   99..100 100..101 101..102 102..29  102..25  101..31  100..65   99..24   98..103 103..36  103..104 104..23  104..18   97..105 105..56  105..53   96..106 106..107 107..108 108..39  108..109 109..19  109..17  107..110 110..111 111..112 112..26  112..22  111..14  110..113 113..16  113..15  106..114 114..33  114..32   95..40   94..115 115..30  115..116 116..21  116..20   68..117 117..118 118..119 119..1   119..13  118..120 120..121 121..122 122..123 123..11  123..124 124..125 125..8   125..7   124..4   122..6   121..9   120..126 126..127 127..3   127..5   126..2   117..128 128..12  128..10   67..64   66..63   66..62 
 0.009815 1.352234 0.564581 0.000004 0.711328 0.059161 0.023856 0.072768 0.071716 0.118659 0.058223 0.074636 0.174446 0.037241 0.044074 0.263921 0.014573 0.030093 0.000004 0.016269 0.094060 0.033518 0.011198 0.038341 0.012535 0.006776 0.144167 0.139044 0.004185 0.020053 0.004424 0.052565 0.083478 0.006342 0.074903 0.017096 0.033760 0.106960 0.054467 0.020692 0.034115 0.084633 0.029740 0.001479 0.078284 0.059746 0.059638 0.265208 0.198585 0.326024 0.000004 0.000004 0.127250 0.069639 0.134935 0.043010 0.063843 0.210949 0.050153 0.018913 0.081556 0.006040 0.000004 0.035593 0.136798 0.022220 0.057912 0.268971 0.091453 0.156590 0.066798 0.006156 0.242769 0.182400 0.097306 0.007400 0.056753 0.155159 0.053934 0.082404 0.059908 0.092962 0.103562 0.000004 0.036493 0.000612 0.071193 0.083209 0.000004 0.000004 0.072695 0.212590 0.308762 0.195334 0.196035 0.485336 0.384598 0.065005 0.050180 0.490854 0.037927 0.123808 0.374429 0.475319 0.035706 0.039025 0.291779 0.170484 0.120076 0.044832 0.142370 0.000004 0.017482 0.117604 0.128030 0.479421 0.014102 0.075026 0.358967 0.499504 0.278191 0.182874 0.762594 0.382330 0.007389 0.000004 0.005635 0.689136

tree length =  16.39478

((((((((((61: 0.118659, (((58: 0.037241, 55: 0.044074): 0.174446, (37: 0.014573, ((((38: 0.033518, 35: 0.011198): 0.094060, 34: 0.038341): 0.016269, 41: 0.012535): 0.000004, 42: 0.006776): 0.030093): 0.263921): 0.074636, 52: 0.144167): 0.058223): 0.071716, (60: 0.004185, 59: 0.020053): 0.139044): 0.072768, ((57: 0.083478, ((49: 0.017096, 43: 0.033760): 0.074903, 46: 0.106960): 0.006342): 0.052565, 45: 0.054467): 0.004424): 0.023856, (((54: 0.029740, 50: 0.001479): 0.084633, 51: 0.078284): 0.034115, 47: 0.059746): 0.020692): 0.059161, (44: 0.265208, 48: 0.198585): 0.059638): 0.711328, (28: 0.000004, 27: 0.000004): 0.326024): 0.000004, (((((((((29: 0.006040, 25: 0.000004): 0.081556, 31: 0.035593): 0.018913, 65: 0.136798): 0.050153, 24: 0.022220): 0.210949, (36: 0.268971, (23: 0.156590, 18: 0.066798): 0.091453): 0.057912): 0.063843, (56: 0.242769, 53: 0.182400): 0.006156): 0.043010, (((39: 0.155159, (19: 0.082404, 17: 0.059908): 0.053934): 0.056753, (((26: 0.036493, 22: 0.000612): 0.000004, 14: 0.071193): 0.103562, (16: 0.000004, 15: 0.000004): 0.083209): 0.092962): 0.007400, (33: 0.212590, 32: 0.308762): 0.072695): 0.097306): 0.134935, 40: 0.195334): 0.069639, (30: 0.485336, (21: 0.065005, 20: 0.050180): 0.384598): 0.196035): 0.127250): 0.564581, (((1: 0.374429, 13: 0.475319): 0.123808, ((((11: 0.120076, ((8: 0.000004, 7: 0.017482): 0.142370, 4: 0.117604): 0.044832): 0.170484, 6: 0.128030): 0.291779, 9: 0.479421): 0.039025, ((3: 0.358967, 5: 0.499504): 0.075026, 2: 0.278191): 0.014102): 0.035706): 0.037927, (12: 0.762594, 10: 0.382330): 0.182874): 0.490854): 1.352234, 64: 0.007389): 0.009815, 63: 0.000004, 62: 0.005635);

((((((((((Q7VE56: 0.118659, (((Q46HN9: 0.037241, A2BZW1: 0.044074): 0.174446, (A2BNS9: 0.014573, ((((Q7V3E1: 0.033518, A2BUB1: 0.011198): 0.094060, Q31D46: 0.038341): 0.016269, A8G2E0: 0.012535): 0.000004, A3PAK2: 0.006776): 0.030093): 0.263921): 0.074636, A9BCZ2: 0.144167): 0.058223): 0.071716, (Q7V4F7: 0.004185, A2CD24: 0.020053): 0.139044): 0.072768, ((Q05VU6: 0.083478, ((A5GP10: 0.017096, A4CQC9: 0.033760): 0.074903, Q0I6Y6: 0.106960): 0.006342): 0.052565, A3Z9W4: 0.054467): 0.004424): 0.023856, (((Q063M3: 0.029740, Q3B048: 0.001479): 0.084633, Q3AH15: 0.078284): 0.034115, Q7U428: 0.059746): 0.020692): 0.059161, (A3YX18: 0.265208, A5GQJ3: 0.198585): 0.059638): 0.711328, (Q31N85: 0.000004, Q5N5X4: 0.000004): 0.326024): 0.000004, (((((((((Q3M9J5: 0.006040, Q8Z063: 0.000004): 0.081556, A0ZJ15: 0.035593): 0.018913, B9YME7: 0.136798): 0.050153, B2J3G9: 0.022220): 0.210949, (Q114K1: 0.268971, (A0YR72: 0.156590, B5W3X1: 0.066798): 0.091453): 0.057912): 0.063843, (B0CE66: 0.242769, B8HY55: 0.182400): 0.006156): 0.043010, (((B0JXE3: 0.155159, (B7KJP7: 0.082404, B4AY97: 0.059908): 0.053934): 0.056753, (((A3IXF0: 0.036493, B1WXU8: 0.000612): 0.000004, Q4C5L6: 0.071193): 0.103562, (B7JX03: 0.000004, C7QV54: 0.000004): 0.083209): 0.092962): 0.007400, (P73950: 0.212590, B1XPH6: 0.308762): 0.072695): 0.097306): 0.134935, Q8DKL5: 0.195334): 0.069639, (Q7NMG6: 0.485336, (Q2JS89: 0.065005, Q2JJA1: 0.050180): 0.384598): 0.196035): 0.127250): 0.564581, (((A8ERJ5: 0.374429, B9L888: 0.475319): 0.123808, ((((Q4HNV5: 0.120076, ((A7H540: 0.000004, A8FKB8: 0.017482): 0.142370, Q4HG32: 0.117604): 0.044832): 0.170484, B9KDL4: 0.128030): 0.291779, A6QBY1: 0.479421): 0.039025, ((D1B0E7: 0.358967, Q30PN5: 0.499504): 0.075026, A6Q203: 0.278191): 0.014102): 0.035706): 0.037927, (O24993: 0.762594, Q7M7Z4: 0.382330): 0.182874): 0.490854): 1.352234, B7LT48: 0.007389): 0.009815, B7MTM0: 0.000004, P27247: 0.005635);

Detailed output identifying parameters

alpha (gamma, K = 4) =  0.68914
rate:   0.07187  0.35836  0.92078  2.64900
freq:   0.25000  0.25000  0.25000  0.25000

Time used: 24:09
