AAML (in paml version 4.6, August 2012)  216.aa
Model: Empirical for branches,  (../../../bin/LG.dat) dGamma (ncatG=4) ns =  65  ls = 193


Frequencies..
                                    A      R      N      D      C      Q      E      G      H      I      L      K      M      F      P      S      T      W      Y      V
A8ESU9                         0.10881 0.08808 0.03627 0.02073 0.00518 0.03627 0.08290 0.08290 0.00000 0.06218 0.06736 0.12435 0.02591 0.01554 0.03627 0.03109 0.03627 0.01554 0.02591 0.09845
Q30TV8                         0.09326 0.08808 0.04145 0.01554 0.00518 0.03627 0.07772 0.09326 0.00518 0.07772 0.08290 0.10363 0.02073 0.01554 0.02591 0.04145 0.05181 0.01554 0.03109 0.07772
A6Q1I4                         0.09326 0.09845 0.04145 0.01554 0.00000 0.05181 0.08808 0.07772 0.00000 0.08808 0.07254 0.11917 0.02073 0.02591 0.04145 0.01554 0.03627 0.01554 0.02073 0.07772
A6QCQ4                         0.10363 0.08808 0.03627 0.02073 0.00000 0.02591 0.07772 0.09845 0.00000 0.10881 0.07772 0.11917 0.02073 0.02591 0.03109 0.03109 0.04663 0.01554 0.02073 0.05181
D1B4F7                         0.07772 0.09326 0.04145 0.02073 0.00518 0.04145 0.07772 0.08808 0.00000 0.08290 0.08808 0.10881 0.02073 0.01554 0.02591 0.04663 0.04663 0.01554 0.02591 0.07772
Q7M8E0                         0.10881 0.08290 0.04145 0.02073 0.00000 0.03627 0.08290 0.06736 0.00518 0.09845 0.06736 0.13472 0.03627 0.01554 0.03109 0.02591 0.03627 0.01554 0.02591 0.06736
B9KEE6                         0.10881 0.08290 0.04663 0.01554 0.00000 0.04145 0.07772 0.09326 0.00000 0.08290 0.07772 0.11399 0.02073 0.01554 0.02591 0.03627 0.04663 0.01554 0.02591 0.07254
Q4HE69                         0.10881 0.08290 0.04663 0.02591 0.00000 0.04145 0.07254 0.09326 0.00000 0.08290 0.08290 0.11399 0.01554 0.01554 0.02591 0.03627 0.04145 0.01554 0.02591 0.07254
A8FP15                         0.10881 0.08290 0.04663 0.02591 0.00000 0.03627 0.07254 0.09326 0.00518 0.08290 0.08290 0.11399 0.01554 0.01554 0.02591 0.03627 0.04145 0.01554 0.02591 0.07254
P56010                         0.10363 0.07772 0.03627 0.02591 0.00518 0.03109 0.08290 0.07254 0.00518 0.07772 0.07254 0.13472 0.02073 0.01554 0.03109 0.03627 0.03627 0.01554 0.02073 0.09845
A7H650                         0.10881 0.08290 0.04663 0.02591 0.00000 0.03627 0.07254 0.08808 0.00518 0.08290 0.08290 0.11399 0.01554 0.01554 0.02591 0.04145 0.04145 0.01554 0.02591 0.07254
Q4HQV3                         0.09845 0.07772 0.04663 0.02591 0.00000 0.04145 0.07254 0.08808 0.00000 0.08808 0.08290 0.12435 0.01554 0.01554 0.02591 0.04145 0.03627 0.01554 0.02591 0.07772
B9L6M7                         0.09326 0.08808 0.04663 0.02073 0.00000 0.04145 0.07772 0.08290 0.00000 0.11399 0.08808 0.10881 0.02073 0.02073 0.03109 0.03109 0.04663 0.01554 0.03109 0.04145
B7N198                         0.09326 0.09326 0.03109 0.03627 0.00000 0.03627 0.07254 0.08290 0.01036 0.08290 0.06218 0.09326 0.02073 0.02073 0.04663 0.04145 0.04663 0.01554 0.01554 0.09845
P0A7V3                         0.09326 0.09326 0.03109 0.03627 0.00000 0.03627 0.07254 0.08290 0.01036 0.08290 0.06218 0.09326 0.02073 0.02073 0.04663 0.04145 0.04663 0.01554 0.01554 0.09845
B7LRT0                         0.09326 0.09326 0.03109 0.03627 0.00000 0.03627 0.07254 0.08290 0.01036 0.08290 0.06218 0.09326 0.02073 0.02073 0.04663 0.04145 0.04663 0.01554 0.01554 0.09845
Q7UZV2                         0.07772 0.11399 0.02073 0.03109 0.00000 0.06218 0.07254 0.08808 0.00518 0.08290 0.09326 0.06218 0.01036 0.02073 0.03627 0.03627 0.06736 0.01036 0.02591 0.08290
Q0ID11                         0.08290 0.12435 0.01554 0.04145 0.00000 0.05699 0.06736 0.08808 0.02073 0.07254 0.09326 0.05181 0.01036 0.01554 0.03109 0.05181 0.04663 0.01036 0.02591 0.09326
Q2JIM1                         0.09845 0.12953 0.01554 0.03627 0.00000 0.08808 0.07772 0.08290 0.01036 0.10363 0.08808 0.04145 0.00518 0.02073 0.03627 0.03109 0.05699 0.01036 0.01036 0.05699
Q7U4J4                         0.07772 0.12435 0.01554 0.03627 0.00000 0.05699 0.07254 0.09845 0.01554 0.07254 0.09326 0.05181 0.01036 0.01554 0.03109 0.05181 0.04663 0.01036 0.02591 0.09326
Q3AMN6                         0.08290 0.12435 0.02073 0.03109 0.00000 0.05699 0.07772 0.09326 0.01554 0.07254 0.09326 0.05181 0.01554 0.01554 0.03109 0.04663 0.04663 0.01036 0.02591 0.08808
A2BYT0                         0.07772 0.11399 0.02591 0.02591 0.00000 0.06218 0.07254 0.08808 0.00518 0.09326 0.09845 0.06218 0.01036 0.01554 0.03627 0.04145 0.05181 0.01036 0.03109 0.07772
A4CSM1                         0.07772 0.12435 0.01036 0.04145 0.00000 0.05699 0.06736 0.09326 0.02073 0.06736 0.09845 0.05181 0.01036 0.01554 0.03109 0.04663 0.05699 0.01036 0.02591 0.09326
A5GIT9                         0.07772 0.12435 0.01036 0.03627 0.00000 0.05181 0.07254 0.09326 0.02073 0.06736 0.09845 0.05699 0.01036 0.01554 0.03109 0.04663 0.05699 0.01036 0.02591 0.09326
Q05ZG5                         0.08290 0.12435 0.01554 0.03627 0.00000 0.05699 0.07254 0.09326 0.02073 0.06736 0.09326 0.05181 0.01554 0.01554 0.03109 0.04145 0.05181 0.01036 0.02591 0.09326
A9BCP1                         0.08290 0.12435 0.01554 0.03109 0.00000 0.06218 0.07254 0.09326 0.02073 0.08290 0.09326 0.05181 0.01036 0.01036 0.03109 0.05181 0.04663 0.01036 0.02591 0.08290
A3Z8X5                         0.08290 0.12953 0.01554 0.03109 0.00000 0.05699 0.07772 0.09326 0.02073 0.06736 0.09845 0.04663 0.01036 0.01554 0.03109 0.03627 0.05699 0.01036 0.02591 0.09326
Q05QB9                         0.07772 0.12953 0.01554 0.03627 0.00000 0.05699 0.07254 0.09326 0.02073 0.06736 0.09845 0.04663 0.01036 0.01554 0.03109 0.04663 0.05181 0.01036 0.02591 0.09326
A3PF41                         0.08290 0.10881 0.01036 0.02591 0.00000 0.06218 0.07254 0.09326 0.01554 0.08808 0.09845 0.06736 0.01036 0.02591 0.03627 0.03627 0.05699 0.01036 0.02073 0.07772
A2BTD1                         0.08290 0.10881 0.01036 0.02591 0.00000 0.06218 0.07254 0.09326 0.01554 0.08808 0.09845 0.06736 0.01036 0.02591 0.03627 0.03627 0.05699 0.01036 0.02073 0.07772
A3YUL3                         0.08808 0.12435 0.01036 0.03627 0.00518 0.05699 0.06736 0.08808 0.02073 0.06218 0.09845 0.04663 0.01554 0.01554 0.04145 0.03109 0.05699 0.01036 0.02591 0.09845
A8G756                         0.08290 0.10881 0.01554 0.02591 0.00000 0.05699 0.07772 0.09326 0.01554 0.08808 0.09845 0.06736 0.01036 0.02591 0.03627 0.03109 0.05699 0.01036 0.02073 0.07772
A2C4Z3                         0.08290 0.11399 0.01036 0.03109 0.00000 0.05699 0.07254 0.08808 0.01554 0.08290 0.09326 0.06736 0.01036 0.01036 0.04145 0.03627 0.05181 0.01036 0.03109 0.09326
Q46IR5                         0.08290 0.11399 0.01036 0.03109 0.00000 0.05699 0.07254 0.08808 0.01554 0.08290 0.09845 0.06736 0.01036 0.01036 0.04145 0.03627 0.05181 0.01036 0.03109 0.08808
Q3AUX0                         0.07772 0.12435 0.02073 0.03627 0.00000 0.05699 0.07254 0.09326 0.02073 0.06736 0.09326 0.05181 0.01554 0.01554 0.03109 0.04145 0.05181 0.01036 0.02591 0.09326
Q7V9W8                         0.08290 0.12435 0.01554 0.03109 0.00000 0.06218 0.07254 0.09326 0.02073 0.08290 0.09845 0.05181 0.01036 0.01036 0.03109 0.04663 0.04145 0.01036 0.02591 0.08808
Q318J0                         0.08290 0.10881 0.01036 0.02591 0.00000 0.06218 0.07254 0.09326 0.01554 0.08808 0.09845 0.06736 0.01036 0.02591 0.03627 0.03627 0.05699 0.01036 0.02073 0.07772
A5GVW6                         0.09845 0.12953 0.02073 0.02073 0.00000 0.05699 0.07772 0.09326 0.01036 0.06218 0.09845 0.04663 0.01036 0.01554 0.04663 0.02591 0.05181 0.01036 0.02591 0.09845
Q7V537                         0.08290 0.12953 0.01036 0.03627 0.00000 0.05699 0.07254 0.09845 0.02073 0.07772 0.09326 0.04663 0.02073 0.01554 0.03109 0.02591 0.05699 0.01036 0.02591 0.08808
A2CC33                         0.08290 0.12953 0.02073 0.03627 0.00000 0.05699 0.07254 0.09845 0.01554 0.07772 0.09326 0.04663 0.02073 0.01554 0.03109 0.02591 0.05181 0.01036 0.02591 0.08808
A0YJT8                         0.07772 0.11917 0.03109 0.04145 0.00000 0.07254 0.07254 0.09326 0.01036 0.09845 0.07254 0.05181 0.00518 0.01554 0.03109 0.04145 0.03627 0.01036 0.02591 0.09326
Q2JV87                         0.10881 0.13472 0.01554 0.04145 0.00000 0.07772 0.07254 0.08808 0.01036 0.09845 0.09326 0.04145 0.00518 0.02073 0.03627 0.02591 0.04145 0.01036 0.01036 0.06736
Q110B3                         0.08290 0.10881 0.02591 0.03627 0.00000 0.07254 0.06736 0.09845 0.01554 0.09845 0.06218 0.05699 0.01036 0.01036 0.03627 0.03109 0.05699 0.00518 0.02591 0.09845
Q7NEF8                         0.13472 0.11917 0.01554 0.04145 0.00000 0.05181 0.07254 0.10363 0.01554 0.10363 0.07254 0.05181 0.01036 0.01036 0.03109 0.01554 0.03109 0.01036 0.02073 0.08808
O24695                         0.09845 0.14508 0.03109 0.04145 0.00518 0.07772 0.07254 0.09326 0.00518 0.08808 0.07772 0.03627 0.00518 0.01554 0.04145 0.01554 0.03627 0.01036 0.02073 0.08290
Q31L13                         0.09845 0.14508 0.03109 0.04145 0.00518 0.07772 0.07254 0.09326 0.00518 0.08808 0.07772 0.03627 0.00518 0.01554 0.04145 0.01554 0.03627 0.01036 0.02073 0.08290
P59187                         0.09326 0.13990 0.02591 0.03109 0.00000 0.08290 0.08808 0.08290 0.01554 0.08808 0.07772 0.03109 0.01036 0.01554 0.03627 0.01554 0.04663 0.01036 0.02073 0.08808
P73314                         0.07772 0.11917 0.02591 0.03109 0.00518 0.06736 0.08808 0.09845 0.02073 0.09845 0.07772 0.05181 0.01036 0.01036 0.04145 0.02591 0.03109 0.01036 0.02591 0.08290
B9YIS7                         0.07254 0.13472 0.02073 0.03627 0.00000 0.09326 0.08290 0.09326 0.01554 0.09326 0.07772 0.03109 0.00518 0.01554 0.04145 0.02591 0.03109 0.01036 0.02591 0.09326
B7KHZ3                         0.09326 0.12435 0.02591 0.03627 0.00000 0.06218 0.07772 0.08808 0.02073 0.10881 0.06218 0.05181 0.00518 0.01554 0.03627 0.03109 0.03109 0.01036 0.02591 0.09326
Q8YPI5                         0.07254 0.12953 0.02073 0.02591 0.00000 0.09326 0.08808 0.09326 0.01554 0.09326 0.07772 0.03109 0.00518 0.02073 0.04663 0.02591 0.04145 0.01036 0.02073 0.08808
Q3MFB5                         0.07772 0.12953 0.02073 0.02591 0.00000 0.09326 0.08808 0.09326 0.01554 0.09326 0.07772 0.03109 0.00518 0.02073 0.04663 0.02591 0.03627 0.01036 0.02073 0.08808
B1XJT3                         0.09326 0.11917 0.03109 0.04145 0.00000 0.07254 0.06736 0.08808 0.02073 0.09845 0.07772 0.03627 0.00518 0.01036 0.03627 0.03109 0.02591 0.01036 0.02591 0.10881
A0ZG69                         0.06736 0.13472 0.02073 0.02591 0.00000 0.08290 0.09326 0.09845 0.01036 0.09845 0.07772 0.03627 0.00518 0.01554 0.04663 0.03109 0.02591 0.01036 0.02591 0.09326
B0JHZ7                         0.11399 0.13472 0.02591 0.04145 0.00518 0.06736 0.06736 0.08808 0.01554 0.11399 0.07254 0.04663 0.00518 0.01036 0.03109 0.02073 0.02073 0.01036 0.02591 0.08290
B2ITP9                         0.06218 0.13472 0.02073 0.03109 0.00000 0.08808 0.08290 0.09845 0.01554 0.09326 0.08290 0.02591 0.00518 0.01554 0.04663 0.03109 0.03109 0.01036 0.03109 0.09326
C7QTX3                         0.07254 0.12953 0.02073 0.04663 0.00518 0.08290 0.06218 0.08808 0.01554 0.11917 0.06736 0.03627 0.01554 0.01036 0.04145 0.03627 0.04145 0.01036 0.02591 0.07254
B7K329                         0.07254 0.12953 0.02073 0.04663 0.00518 0.08290 0.06218 0.08808 0.01554 0.11917 0.06736 0.03627 0.01554 0.01036 0.04145 0.03627 0.04145 0.01036 0.02591 0.07254
B0C1D9                         0.07254 0.13472 0.03627 0.03627 0.00000 0.06736 0.07254 0.10363 0.01036 0.08290 0.06736 0.03109 0.00518 0.02073 0.03627 0.03109 0.04663 0.01554 0.02073 0.10881
B4B3N0                         0.08290 0.12953 0.02591 0.04145 0.00000 0.05699 0.07254 0.08808 0.02073 0.11399 0.06736 0.04145 0.00518 0.01036 0.04663 0.04663 0.03109 0.01036 0.02591 0.08290
Q4C111                         0.09845 0.11917 0.02073 0.03627 0.00518 0.06218 0.07772 0.09845 0.01554 0.11399 0.07254 0.05699 0.01036 0.01036 0.03109 0.02591 0.02591 0.01036 0.02591 0.08290
B1WQR6                         0.09326 0.12435 0.02073 0.03627 0.00518 0.07254 0.07254 0.09326 0.02073 0.11399 0.07254 0.04663 0.01036 0.01036 0.03109 0.02591 0.04145 0.01036 0.02073 0.07772
B8HMR0                         0.07772 0.13990 0.01554 0.03109 0.00000 0.07772 0.08808 0.09326 0.02073 0.08808 0.07254 0.02591 0.00518 0.02073 0.04145 0.03627 0.04663 0.01036 0.01554 0.09326
A3IQ09                         0.09326 0.12435 0.02073 0.03627 0.00518 0.07772 0.06736 0.09326 0.01554 0.11399 0.07254 0.04663 0.01036 0.01036 0.03109 0.03109 0.03627 0.01036 0.02591 0.07772
B5WA30                         0.08808 0.10363 0.02591 0.04145 0.00518 0.07254 0.06736 0.07772 0.02073 0.09326 0.07772 0.04663 0.01036 0.02073 0.04145 0.04145 0.05181 0.01036 0.02073 0.08290

Homogeneity statistic: X2 = 3.72738 G = 3.74591 

Average                        0.08864 0.11558 0.02471 0.03212 0.00120 0.06034 0.07509 0.09071 0.01291 0.08856 0.08258 0.06385 0.01244 0.01626 0.03571 0.03436 0.04440 0.01164 0.02399 0.08489

# constant sites:     41 (21.24%)
ln Lmax (unconstrained) = -958.241566

AA distances (raw proportions of different sites)

A8ESU9         
Q30TV8           0.2124
A6Q1I4           0.2176  0.2228
A6QCQ4           0.2487  0.2332  0.1969
D1B4F7           0.2435  0.2280  0.2124  0.2124
Q7M8E0           0.2435  0.2539  0.2021  0.2383  0.2332
B9KEE6           0.2539  0.2591  0.2176  0.2694  0.2073  0.2850
Q4HE69           0.2642  0.2694  0.2280  0.2694  0.2073  0.2902  0.0311
A8FP15           0.2642  0.2694  0.2332  0.2694  0.2073  0.2953  0.0363  0.0052
P56010           0.2694  0.2694  0.2383  0.2642  0.2642  0.1813  0.2850  0.2902  0.2953
A7H650           0.2694  0.2746  0.2383  0.2746  0.2073  0.2953  0.0415  0.0104  0.0052  0.2953
Q4HQV3           0.2642  0.2746  0.2383  0.2746  0.2073  0.2902  0.0570  0.0311  0.0363  0.2850  0.0363
B9L6M7           0.3005  0.3161  0.2383  0.2902  0.3005  0.3057  0.2953  0.3057  0.3109  0.3212  0.3161  0.3109
B7N198           0.4249  0.3990  0.4456  0.4456  0.4456  0.4249  0.4404  0.4404  0.4404  0.4456  0.4456  0.4508  0.4767
P0A7V3           0.4249  0.3990  0.4456  0.4456  0.4456  0.4249  0.4404  0.4404  0.4404  0.4456  0.4456  0.4508  0.4767  0.0000
B7LRT0           0.4249  0.3990  0.4456  0.4456  0.4456  0.4249  0.4404  0.4404  0.4404  0.4456  0.4456  0.4508  0.4767  0.0000  0.0000
Q7UZV2           0.5389  0.5181  0.4663  0.5233  0.4974  0.5285  0.4974  0.5026  0.5026  0.5078  0.5078  0.5130  0.5233  0.5440  0.5440  0.5440
Q0ID11           0.5389  0.5285  0.4715  0.5233  0.5233  0.5233  0.5233  0.5233  0.5233  0.5181  0.5285  0.5337  0.5389  0.5389  0.5389  0.5389  0.1192
Q2JIM1           0.5181  0.5026  0.4715  0.5130  0.5078  0.5026  0.5181  0.5233  0.5233  0.5285  0.5181  0.5389  0.5026  0.5130  0.5130  0.5130  0.3420  0.3523
Q7U4J4           0.5337  0.5233  0.4715  0.5233  0.5181  0.5233  0.5233  0.5233  0.5233  0.5181  0.5285  0.5285  0.5337  0.5389  0.5389  0.5389  0.1140  0.0259  0.3627
Q3AMN6           0.5389  0.5285  0.4767  0.5233  0.5130  0.5285  0.5078  0.5078  0.5078  0.5130  0.5130  0.5130  0.5285  0.5440  0.5440  0.5440  0.1140  0.0415  0.3627  0.0311
A2BYT0           0.5492  0.5285  0.4715  0.5130  0.4974  0.5233  0.5026  0.5026  0.5026  0.5130  0.5078  0.5130  0.5233  0.5544  0.5544  0.5544  0.0311  0.1192  0.3575  0.1140  0.1140
A4CSM1           0.5440  0.5337  0.4715  0.5233  0.5181  0.5233  0.5233  0.5233  0.5233  0.5181  0.5285  0.5337  0.5389  0.5337  0.5337  0.5337  0.1192  0.0207  0.3575  0.0311  0.0518  0.1244
A5GIT9           0.5440  0.5337  0.4715  0.5233  0.5181  0.5233  0.5233  0.5233  0.5233  0.5181  0.5285  0.5337  0.5389  0.5337  0.5337  0.5337  0.1192  0.0311  0.3627  0.0311  0.0518  0.1244  0.0104
Q05ZG5           0.5337  0.5233  0.4767  0.5285  0.5181  0.5233  0.5285  0.5285  0.5285  0.5181  0.5337  0.5337  0.5285  0.5389  0.5389  0.5389  0.1295  0.0259  0.3575  0.0415  0.0311  0.1295  0.0415  0.0518
A9BCP1           0.5492  0.5337  0.4767  0.5285  0.5026  0.5337  0.5181  0.5181  0.5181  0.5181  0.5233  0.5285  0.5337  0.5440  0.5440  0.5440  0.0984  0.0829  0.3731  0.0881  0.0829  0.0933  0.0777  0.0777  0.0881
A3Z8X5           0.5440  0.5389  0.4715  0.5233  0.5181  0.5181  0.5181  0.5181  0.5181  0.5078  0.5233  0.5285  0.5440  0.5389  0.5389  0.5389  0.1295  0.0466  0.3679  0.0466  0.0570  0.1347  0.0259  0.0259  0.0622  0.0881
Q05QB9           0.5492  0.5337  0.4767  0.5285  0.5233  0.5285  0.5181  0.5181  0.5181  0.5181  0.5233  0.5285  0.5440  0.5337  0.5337  0.5337  0.1192  0.0363  0.3575  0.0363  0.0466  0.1192  0.0207  0.0207  0.0518  0.0777  0.0259
A3PF41           0.5440  0.5233  0.4767  0.5181  0.4974  0.5181  0.5026  0.5078  0.5078  0.5130  0.5130  0.5181  0.5285  0.5337  0.5337  0.5337  0.0622  0.1088  0.3523  0.1088  0.1140  0.0570  0.1140  0.1140  0.1192  0.0933  0.1140  0.1088
A2BTD1           0.5440  0.5233  0.4767  0.5181  0.4974  0.5181  0.5026  0.5078  0.5078  0.5130  0.5130  0.5181  0.5285  0.5337  0.5337  0.5337  0.0622  0.1088  0.3523  0.1088  0.1140  0.0570  0.1140  0.1140  0.1192  0.0933  0.1140  0.1088  0.0000
A3YUL3           0.5389  0.5233  0.4715  0.5233  0.5078  0.5181  0.5130  0.5130  0.5130  0.5181  0.5181  0.5233  0.5285  0.5285  0.5285  0.5285  0.1295  0.0777  0.3523  0.0829  0.0829  0.1347  0.0674  0.0674  0.0725  0.0933  0.0777  0.0674  0.1295  0.1295
A8G756           0.5440  0.5233  0.4767  0.5181  0.4974  0.5181  0.5026  0.5078  0.5078  0.5130  0.5130  0.5181  0.5285  0.5337  0.5337  0.5337  0.0674  0.1036  0.3523  0.1140  0.1140  0.0622  0.1140  0.1140  0.1140  0.1036  0.1140  0.1088  0.0104  0.0104  0.1295
A2C4Z3           0.5492  0.5285  0.4870  0.5389  0.5130  0.5337  0.5130  0.5181  0.5181  0.5233  0.5233  0.5285  0.5337  0.5389  0.5389  0.5389  0.0881  0.1036  0.3679  0.1036  0.1036  0.0881  0.0984  0.0984  0.1088  0.0674  0.0984  0.0933  0.0829  0.0829  0.1036  0.0881
Q46IR5           0.5492  0.5285  0.4870  0.5389  0.5130  0.5337  0.5130  0.5181  0.5181  0.5233  0.5233  0.5285  0.5337  0.5389  0.5389  0.5389  0.0881  0.1036  0.3679  0.1036  0.1036  0.0881  0.0984  0.0984  0.1088  0.0674  0.0984  0.0933  0.0829  0.0829  0.1036  0.0881  0.0052
Q3AUX0           0.5389  0.5285  0.4767  0.5285  0.5181  0.5233  0.5285  0.5285  0.5285  0.5130  0.5337  0.5337  0.5285  0.5389  0.5389  0.5389  0.1295  0.0363  0.3627  0.0466  0.0415  0.1295  0.0415  0.0518  0.0104  0.0933  0.0622  0.0466  0.1192  0.1192  0.0725  0.1140  0.1088  0.1088
Q7V9W8           0.5492  0.5337  0.4767  0.5285  0.5078  0.5285  0.5181  0.5181  0.5181  0.5181  0.5233  0.5285  0.5337  0.5492  0.5492  0.5492  0.1088  0.0829  0.3782  0.0881  0.0829  0.0984  0.0829  0.0829  0.0881  0.0207  0.0829  0.0777  0.0829  0.0829  0.1088  0.0933  0.0570  0.0570  0.0933
Q318J0           0.5492  0.5285  0.4819  0.5233  0.5026  0.5181  0.5078  0.5130  0.5130  0.5181  0.5181  0.5233  0.5285  0.5337  0.5337  0.5337  0.0725  0.1192  0.3575  0.1192  0.1244  0.0674  0.1244  0.1244  0.1192  0.1036  0.1244  0.1192  0.0104  0.0104  0.1295  0.0207  0.0933  0.0933  0.1192  0.0933
A5GVW6           0.5440  0.5389  0.4715  0.5181  0.5078  0.5233  0.5181  0.5181  0.5181  0.5078  0.5233  0.5285  0.5285  0.5440  0.5440  0.5440  0.1295  0.1036  0.3575  0.0984  0.0933  0.1295  0.0984  0.0984  0.0984  0.1088  0.0933  0.1036  0.1347  0.1347  0.0725  0.1347  0.1192  0.1192  0.0984  0.1244  0.1347
Q7V537           0.5596  0.5440  0.4819  0.5285  0.5181  0.5389  0.5181  0.5181  0.5181  0.5285  0.5233  0.5285  0.5389  0.5389  0.5389  0.5389  0.1140  0.0622  0.3627  0.0570  0.0622  0.1088  0.0570  0.0570  0.0674  0.0829  0.0570  0.0466  0.0829  0.0829  0.0881  0.0881  0.0829  0.0829  0.0674  0.0725  0.0881  0.1036
A2CC33           0.5648  0.5492  0.4870  0.5337  0.5233  0.5440  0.5233  0.5233  0.5233  0.5337  0.5285  0.5337  0.5440  0.5440  0.5440  0.5440  0.1140  0.0725  0.3679  0.0674  0.0725  0.1036  0.0674  0.0674  0.0777  0.0881  0.0674  0.0570  0.0933  0.0933  0.0984  0.0984  0.0881  0.0881  0.0777  0.0777  0.0984  0.1140  0.0104
A0YJT8           0.5285  0.5389  0.4819  0.5130  0.5337  0.5233  0.5233  0.5233  0.5233  0.5026  0.5285  0.5337  0.5233  0.5026  0.5026  0.5026  0.2642  0.3005  0.3005  0.3005  0.3005  0.2746  0.3005  0.3057  0.3057  0.3109  0.3109  0.3005  0.2902  0.2902  0.2953  0.2953  0.3161  0.3161  0.3057  0.3109  0.2953  0.2902  0.3057  0.3109
Q2JV87           0.5233  0.5130  0.4715  0.5233  0.5130  0.5130  0.5181  0.5130  0.5130  0.5389  0.5078  0.5285  0.5078  0.5130  0.5130  0.5130  0.3472  0.3523  0.0415  0.3627  0.3627  0.3575  0.3575  0.3575  0.3575  0.3731  0.3679  0.3575  0.3575  0.3575  0.3523  0.3575  0.3731  0.3731  0.3627  0.3782  0.3627  0.3575  0.3627  0.3679  0.3109
Q110B3           0.5285  0.5648  0.5285  0.5492  0.5648  0.5492  0.5285  0.5285  0.5285  0.5544  0.5337  0.5337  0.5648  0.5233  0.5233  0.5233  0.3575  0.3523  0.3316  0.3575  0.3523  0.3627  0.3523  0.3575  0.3523  0.3679  0.3523  0.3472  0.3523  0.3523  0.3420  0.3523  0.3523  0.3523  0.3523  0.3731  0.3575  0.3368  0.3575  0.3627  0.1710  0.3316
Q7NEF8           0.4767  0.5078  0.4663  0.4974  0.5233  0.5026  0.5181  0.5130  0.5130  0.5233  0.5181  0.5130  0.5026  0.5078  0.5078  0.5078  0.3472  0.3575  0.3316  0.3627  0.3575  0.3420  0.3627  0.3575  0.3575  0.3472  0.3679  0.3575  0.3472  0.3472  0.3368  0.3472  0.3627  0.3627  0.3627  0.3575  0.3420  0.3472  0.3575  0.3575  0.3161  0.3161  0.3472
O24695           0.5233  0.5389  0.4715  0.5181  0.5389  0.5285  0.5389  0.5389  0.5389  0.5337  0.5389  0.5389  0.5337  0.5337  0.5337  0.5337  0.2902  0.3161  0.2487  0.3161  0.3161  0.2953  0.3161  0.3212  0.3212  0.3264  0.3212  0.3161  0.3057  0.3057  0.3161  0.3057  0.3264  0.3264  0.3212  0.3264  0.3109  0.2953  0.3161  0.3212  0.2073  0.2539  0.2280  0.2798
Q31L13           0.5233  0.5389  0.4715  0.5181  0.5389  0.5285  0.5389  0.5389  0.5389  0.5337  0.5389  0.5389  0.5337  0.5337  0.5337  0.5337  0.2902  0.3161  0.2487  0.3161  0.3161  0.2953  0.3161  0.3212  0.3212  0.3264  0.3212  0.3161  0.3057  0.3057  0.3161  0.3057  0.3264  0.3264  0.3212  0.3264  0.3109  0.2953  0.3161  0.3212  0.2073  0.2539  0.2280  0.2798  0.0000
P59187           0.5337  0.5233  0.4870  0.5130  0.5130  0.5130  0.5389  0.5440  0.5440  0.5389  0.5440  0.5492  0.5130  0.5285  0.5285  0.5285  0.3264  0.3368  0.3109  0.3420  0.3420  0.3472  0.3368  0.3368  0.3420  0.3368  0.3264  0.3316  0.3316  0.3316  0.3161  0.3316  0.3368  0.3368  0.3420  0.3420  0.3316  0.3212  0.3316  0.3368  0.2902  0.3264  0.3264  0.2953  0.2694  0.2694
P73314           0.5285  0.5026  0.4922  0.5181  0.5389  0.5181  0.5440  0.5440  0.5440  0.5337  0.5492  0.5648  0.5181  0.4819  0.4819  0.4819  0.3212  0.3264  0.3109  0.3368  0.3420  0.3264  0.3316  0.3368  0.3368  0.3472  0.3420  0.3316  0.3212  0.3212  0.3161  0.3161  0.3368  0.3368  0.3368  0.3472  0.3212  0.3368  0.3368  0.3420  0.2280  0.3212  0.2487  0.3368  0.2332  0.2332  0.2953
B9YIS7           0.5337  0.5285  0.4870  0.5233  0.5440  0.5233  0.5285  0.5285  0.5285  0.5130  0.5337  0.5389  0.5233  0.5078  0.5078  0.5078  0.2902  0.3057  0.3005  0.3161  0.3161  0.3057  0.3057  0.3109  0.3109  0.3264  0.3005  0.3109  0.3057  0.3057  0.3057  0.3057  0.3212  0.3212  0.3109  0.3264  0.3109  0.2953  0.3109  0.3161  0.1554  0.3109  0.2124  0.2850  0.2124  0.2124  0.2383  0.2228
B7KHZ3           0.5181  0.5181  0.4715  0.4974  0.5337  0.5233  0.5181  0.5233  0.5233  0.5181  0.5285  0.5337  0.5026  0.4767  0.4767  0.4767  0.3057  0.3212  0.2850  0.3316  0.3316  0.3212  0.3161  0.3212  0.3264  0.3368  0.3212  0.3161  0.3109  0.3109  0.3161  0.3057  0.3368  0.3368  0.3264  0.3368  0.3161  0.3109  0.3264  0.3316  0.1503  0.2953  0.2228  0.3005  0.2021  0.2021  0.2850  0.1917  0.1813
Q8YPI5           0.5337  0.5337  0.4870  0.5181  0.5389  0.5233  0.5233  0.5233  0.5233  0.5026  0.5285  0.5337  0.5181  0.5026  0.5026  0.5026  0.3005  0.3212  0.3109  0.3316  0.3316  0.3161  0.3212  0.3264  0.3264  0.3368  0.3161  0.3212  0.3161  0.3161  0.3161  0.3109  0.3316  0.3316  0.3264  0.3368  0.3212  0.3161  0.3212  0.3264  0.1658  0.3161  0.2228  0.3057  0.2228  0.2228  0.2487  0.2280  0.0674  0.1813
Q3MFB5           0.5337  0.5337  0.4870  0.5181  0.5389  0.5233  0.5233  0.5233  0.5233  0.5026  0.5285  0.5337  0.5181  0.5026  0.5026  0.5026  0.3005  0.3212  0.3109  0.3316  0.3316  0.3161  0.3212  0.3264  0.3264  0.3368  0.3161  0.3212  0.3161  0.3161  0.3161  0.3109  0.3316  0.3316  0.3264  0.3368  0.3212  0.3161  0.3212  0.3264  0.1658  0.3161  0.2176  0.3005  0.2176  0.2176  0.2487  0.2280  0.0674  0.1762  0.0052
B1XJT3           0.5492  0.5492  0.5078  0.5285  0.5544  0.5440  0.5544  0.5492  0.5492  0.5492  0.5544  0.5596  0.5440  0.5026  0.5026  0.5026  0.3161  0.3005  0.3161  0.3109  0.3109  0.3161  0.3057  0.3109  0.3057  0.3212  0.3109  0.3057  0.3161  0.3161  0.3005  0.3161  0.3212  0.3212  0.3109  0.3212  0.3161  0.3057  0.3057  0.3109  0.1865  0.3212  0.2435  0.3109  0.2383  0.2383  0.2902  0.1917  0.1710  0.1606  0.1917  0.1917
A0ZG69           0.5337  0.5337  0.5026  0.5181  0.5337  0.5285  0.5285  0.5285  0.5285  0.5233  0.5337  0.5389  0.5233  0.4974  0.4974  0.4974  0.3109  0.3161  0.3005  0.3264  0.3264  0.3109  0.3161  0.3212  0.3212  0.3316  0.3109  0.3161  0.3109  0.3109  0.3109  0.3057  0.3212  0.3212  0.3212  0.3316  0.3161  0.3057  0.3212  0.3264  0.1606  0.3109  0.2073  0.3005  0.2124  0.2124  0.2694  0.2176  0.0674  0.1813  0.0984  0.0984  0.1710
B0JHZ7           0.5389  0.5492  0.4974  0.5181  0.5544  0.5440  0.5596  0.5596  0.5596  0.5492  0.5648  0.5699  0.5337  0.4974  0.4974  0.4974  0.3523  0.3368  0.3005  0.3472  0.3420  0.3575  0.3368  0.3420  0.3420  0.3472  0.3472  0.3368  0.3523  0.3523  0.3109  0.3472  0.3472  0.3472  0.3420  0.3523  0.3575  0.3161  0.3420  0.3472  0.1969  0.3109  0.2487  0.2953  0.2176  0.2176  0.2850  0.1658  0.2228  0.1244  0.2383  0.2332  0.1865  0.2073
B2ITP9           0.5440  0.5389  0.4974  0.5181  0.5337  0.5285  0.5285  0.5285  0.5285  0.5181  0.5337  0.5389  0.5285  0.5078  0.5078  0.5078  0.3057  0.3161  0.2953  0.3264  0.3264  0.3057  0.3161  0.3212  0.3212  0.3316  0.3109  0.3161  0.3109  0.3109  0.3057  0.3057  0.3264  0.3264  0.3212  0.3316  0.3161  0.3057  0.3161  0.3212  0.1658  0.3057  0.2228  0.3057  0.2176  0.2176  0.2642  0.2176  0.0518  0.1865  0.0674  0.0674  0.1762  0.0622  0.2228
C7QTX3           0.5544  0.5337  0.4922  0.5233  0.5440  0.5285  0.5492  0.5492  0.5492  0.5492  0.5544  0.5596  0.5337  0.4819  0.4819  0.4819  0.3264  0.3264  0.3109  0.3368  0.3368  0.3316  0.3212  0.3264  0.3316  0.3420  0.3316  0.3212  0.3316  0.3316  0.3109  0.3316  0.3368  0.3368  0.3316  0.3420  0.3316  0.3316  0.3316  0.3368  0.1969  0.3264  0.2487  0.3264  0.2332  0.2332  0.2642  0.1606  0.2021  0.1451  0.2176  0.2176  0.1762  0.1865  0.1192  0.1969
B7K329           0.5544  0.5337  0.4922  0.5233  0.5440  0.5285  0.5492  0.5492  0.5492  0.5492  0.5544  0.5596  0.5337  0.4819  0.4819  0.4819  0.3264  0.3264  0.3109  0.3368  0.3368  0.3316  0.3212  0.3264  0.3316  0.3420  0.3316  0.3212  0.3316  0.3316  0.3109  0.3316  0.3368  0.3368  0.3316  0.3420  0.3316  0.3316  0.3316  0.3368  0.1969  0.3264  0.2487  0.3264  0.2332  0.2332  0.2642  0.1606  0.2021  0.1451  0.2176  0.2176  0.1762  0.1865  0.1192  0.1969  0.0000
B0C1D9           0.5440  0.5492  0.5026  0.5337  0.5440  0.5337  0.5596  0.5596  0.5596  0.5596  0.5648  0.5648  0.5389  0.5130  0.5130  0.5130  0.3109  0.3316  0.2642  0.3420  0.3420  0.3005  0.3316  0.3368  0.3368  0.3316  0.3316  0.3316  0.3161  0.3161  0.3161  0.3161  0.3264  0.3264  0.3368  0.3316  0.3161  0.2953  0.3264  0.3264  0.1762  0.2798  0.2435  0.3057  0.2280  0.2280  0.2539  0.2435  0.1813  0.2021  0.2124  0.2124  0.2383  0.1917  0.2280  0.1865  0.2228  0.2228
B4B3N0           0.5440  0.5337  0.4819  0.5181  0.5440  0.5440  0.5233  0.5233  0.5233  0.5285  0.5285  0.5337  0.5233  0.4974  0.4974  0.4974  0.3057  0.3109  0.3109  0.3212  0.3109  0.3212  0.3109  0.3161  0.3161  0.3264  0.3109  0.3057  0.3212  0.3212  0.3005  0.3212  0.3264  0.3264  0.3161  0.3264  0.3264  0.3005  0.3161  0.3212  0.1658  0.3264  0.2435  0.3161  0.2176  0.2176  0.2746  0.1969  0.1606  0.0881  0.1813  0.1813  0.1503  0.1710  0.1399  0.1762  0.1295  0.1295  0.2124
Q4C111           0.5596  0.5544  0.5026  0.5233  0.5544  0.5440  0.5544  0.5544  0.5544  0.5699  0.5596  0.5648  0.5285  0.5026  0.5026  0.5026  0.3264  0.3368  0.3005  0.3472  0.3472  0.3212  0.3316  0.3368  0.3420  0.3316  0.3420  0.3316  0.3316  0.3316  0.3316  0.3264  0.3264  0.3264  0.3420  0.3316  0.3316  0.3316  0.3264  0.3264  0.2073  0.3109  0.2694  0.3161  0.2332  0.2332  0.2902  0.1503  0.2176  0.1451  0.2332  0.2280  0.1865  0.2176  0.1244  0.2176  0.1192  0.1192  0.1917  0.1606
B1WQR6           0.5648  0.5648  0.5078  0.5285  0.5596  0.5440  0.5544  0.5544  0.5544  0.5648  0.5596  0.5648  0.5389  0.5026  0.5026  0.5026  0.3368  0.3472  0.3005  0.3575  0.3575  0.3420  0.3420  0.3472  0.3523  0.3523  0.3420  0.3420  0.3420  0.3420  0.3420  0.3368  0.3472  0.3472  0.3523  0.3523  0.3420  0.3212  0.3368  0.3420  0.2176  0.3109  0.2642  0.3316  0.2124  0.2124  0.2850  0.1710  0.2228  0.1399  0.2332  0.2280  0.1762  0.2176  0.1192  0.2176  0.1088  0.1088  0.2228  0.1606  0.0674
B8HMR0           0.5337  0.5440  0.5026  0.5181  0.5389  0.5181  0.5389  0.5389  0.5389  0.5389  0.5440  0.5440  0.5337  0.5389  0.5389  0.5389  0.3109  0.3109  0.2694  0.3212  0.3212  0.3161  0.3109  0.3161  0.3161  0.3368  0.3109  0.3161  0.3212  0.3212  0.3109  0.3212  0.3368  0.3368  0.3161  0.3420  0.3264  0.3005  0.3212  0.3264  0.2124  0.2798  0.2487  0.3109  0.2383  0.2383  0.2280  0.2487  0.1606  0.2383  0.1710  0.1710  0.2332  0.1813  0.2539  0.1710  0.2383  0.2383  0.1762  0.2280  0.2383  0.2280
A3IQ09           0.5699  0.5699  0.5181  0.5389  0.5699  0.5544  0.5648  0.5648  0.5648  0.5751  0.5699  0.5751  0.5492  0.5078  0.5078  0.5078  0.3420  0.3523  0.3057  0.3627  0.3627  0.3368  0.3472  0.3523  0.3575  0.3472  0.3472  0.3472  0.3472  0.3472  0.3472  0.3420  0.3420  0.3420  0.3575  0.3472  0.3472  0.3264  0.3420  0.3420  0.2228  0.3161  0.2694  0.3264  0.2176  0.2176  0.2953  0.1762  0.2280  0.1451  0.2383  0.2332  0.1917  0.2228  0.1244  0.2228  0.1140  0.1140  0.2176  0.1658  0.0622  0.0155  0.2383
B5WA30           0.5699  0.5855  0.5130  0.5492  0.5751  0.5440  0.5648  0.5648  0.5648  0.5596  0.5699  0.5751  0.5699  0.5751  0.5751  0.5751  0.3472  0.3523  0.3264  0.3627  0.3627  0.3523  0.3523  0.3575  0.3575  0.3679  0.3575  0.3575  0.3523  0.3523  0.3575  0.3575  0.3731  0.3731  0.3575  0.3679  0.3575  0.3523  0.3627  0.3679  0.1813  0.3264  0.2591  0.3523  0.2746  0.2746  0.3472  0.3212  0.2487  0.2591  0.2383  0.2332  0.2953  0.2642  0.2850  0.2642  0.2850  0.2850  0.2642  0.2539  0.2798  0.2746  0.2591  0.2798


TREE #  1:  ((((((((((((18, (((35, 25), 21), 20)), ((28, 27), (24, 23))), ((40, 39), (((37, (32, (30, 29))), (22, 17)), ((36, 26), (34, 33))))), 31), 38), (((((43, (65, 41)), (((56, (52, 51)), 49), 54)), ((((((58, 57), 55), 48), ((64, 62), 61)), (60, 50)), 53)), (63, 59)), (46, 45))), (42, 19)), 47), 44), (3, ((((10, 6), (2, 1)), (((((8, (11, 9)), 12), 7), 5), 4)), 13))), 16), 15, 14);   MP score: 1012
lnL(ntime:127  np:128):  -5636.887571      +0.000000
  66..67   67..68   68..69   69..70   70..71   71..72   72..73   73..74   74..75   75..76   76..77   77..18   77..78   78..79   79..80   80..35   80..25   79..21   78..20   76..81   81..82   82..28   82..27   81..83   83..24   83..23   75..84   84..85   85..40   85..39   84..86   86..87   87..88   88..37   88..89   89..32   89..90   90..30   90..29   87..91   91..22   91..17   86..92   92..93   93..36   93..26   92..94   94..34   94..33   74..31   73..38   72..95   95..96   96..97   97..98   98..99   99..43   99..100 100..65  100..41   98..101 101..102 102..103 103..56  103..104 104..52  104..51  102..49  101..54   97..105 105..106 106..107 107..108 108..109 109..110 110..58  110..57  109..55  108..48  107..111 111..112 112..64  112..62  111..61  106..113 113..60  113..50  105..53   96..114 114..63  114..59   95..115 115..46  115..45   71..116 116..42  116..19   70..47   69..44   68..117 117..3   117..118 118..119 119..120 120..121 121..10  121..6   120..122 122..2   122..1   119..123 123..124 124..125 125..126 126..127 127..8   127..128 128..11  128..9   126..12  125..7   124..5   123..4   118..13   67..16   66..15   66..14 
 0.000004 0.772712 0.774534 0.107547 0.074680 0.000004 0.476354 0.023446 0.055796 0.007809 0.015020 0.021390 0.014921 0.026460 0.034362 0.014218 0.000004 0.018887 0.000004 0.006629 0.007307 0.014517 0.022048 0.000004 0.007184 0.007165 0.040997 0.028133 0.014288 0.000004 0.049767 0.050717 0.025739 0.014273 0.000004 0.014369 0.000004 0.000004 0.000004 0.045068 0.018469 0.025450 0.018112 0.042991 0.000004 0.030933 0.046172 0.007435 0.000004 0.036988 0.057470 0.031717 0.075374 0.050248 0.000004 0.082466 0.219481 0.032593 0.290488 0.049163 0.113092 0.026388 0.008459 0.042539 0.079238 0.000004 0.007487 0.028607 0.049513 0.091782 0.039789 0.049698 0.009305 0.015366 0.099116 0.000004 0.000004 0.111081 0.206347 0.061915 0.051656 0.009726 0.011288 0.038556 0.074803 0.094995 0.042676 0.168906 0.048750 0.171710 0.168614 0.197338 0.000004 0.000004 0.371107 0.049535 0.010054 0.290634 0.315642 0.506955 0.045841 0.042978 0.062317 0.046256 0.120333 0.223564 0.091397 0.090270 0.222743 0.182087 0.058675 0.078420 0.211598 0.037148 0.006834 0.000004 0.007032 0.007012 0.000004 0.038894 0.003752 0.181367 0.240527 0.376846 0.000004 0.000004 0.000004 0.559988

tree length =   9.94053

((((((((((((18: 0.021390, (((35: 0.014218, 25: 0.000004): 0.034362, 21: 0.018887): 0.026460, 20: 0.000004): 0.014921): 0.015020, ((28: 0.014517, 27: 0.022048): 0.007307, (24: 0.007184, 23: 0.007165): 0.000004): 0.006629): 0.007809, ((40: 0.014288, 39: 0.000004): 0.028133, (((37: 0.014273, (32: 0.014369, (30: 0.000004, 29: 0.000004): 0.000004): 0.000004): 0.025739, (22: 0.018469, 17: 0.025450): 0.045068): 0.050717, ((36: 0.000004, 26: 0.030933): 0.042991, (34: 0.007435, 33: 0.000004): 0.046172): 0.018112): 0.049767): 0.040997): 0.055796, 31: 0.036988): 0.023446, 38: 0.057470): 0.476354, (((((43: 0.219481, (65: 0.290488, 41: 0.049163): 0.032593): 0.082466, (((56: 0.042539, (52: 0.000004, 51: 0.007487): 0.079238): 0.008459, 49: 0.028607): 0.026388, 54: 0.049513): 0.113092): 0.000004, ((((((58: 0.000004, 57: 0.000004): 0.099116, 55: 0.111081): 0.015366, 48: 0.206347): 0.009305, ((64: 0.009726, 62: 0.011288): 0.051656, 61: 0.038556): 0.061915): 0.049698, (60: 0.094995, 50: 0.042676): 0.074803): 0.039789, 53: 0.168906): 0.091782): 0.050248, (63: 0.171710, 59: 0.168614): 0.048750): 0.075374, (46: 0.000004, 45: 0.000004): 0.197338): 0.031717): 0.000004, (42: 0.049535, 19: 0.010054): 0.371107): 0.074680, 47: 0.290634): 0.107547, 44: 0.315642): 0.774534, (3: 0.045841, ((((10: 0.223564, 6: 0.091397): 0.120333, (2: 0.222743, 1: 0.182087): 0.090270): 0.046256, (((((8: 0.000004, (11: 0.007012, 9: 0.000004): 0.007032): 0.006834, 12: 0.038894): 0.037148, 7: 0.003752): 0.211598, 5: 0.181367): 0.078420, 4: 0.240527): 0.058675): 0.062317, 13: 0.376846): 0.042978): 0.506955): 0.772712, 16: 0.000004): 0.000004, 15: 0.000004, 14: 0.000004);

((((((((((((Q0ID11: 0.021390, (((Q3AUX0: 0.014218, Q05ZG5: 0.000004): 0.034362, Q3AMN6: 0.018887): 0.026460, Q7U4J4: 0.000004): 0.014921): 0.015020, ((Q05QB9: 0.014517, A3Z8X5: 0.022048): 0.007307, (A5GIT9: 0.007184, A4CSM1: 0.007165): 0.000004): 0.006629): 0.007809, ((A2CC33: 0.014288, Q7V537: 0.000004): 0.028133, (((Q318J0: 0.014273, (A8G756: 0.014369, (A2BTD1: 0.000004, A3PF41: 0.000004): 0.000004): 0.000004): 0.025739, (A2BYT0: 0.018469, Q7UZV2: 0.025450): 0.045068): 0.050717, ((Q7V9W8: 0.000004, A9BCP1: 0.030933): 0.042991, (Q46IR5: 0.007435, A2C4Z3: 0.000004): 0.046172): 0.018112): 0.049767): 0.040997): 0.055796, A3YUL3: 0.036988): 0.023446, A5GVW6: 0.057470): 0.476354, (((((Q110B3: 0.219481, (B5WA30: 0.290488, A0YJT8: 0.049163): 0.032593): 0.082466, (((B2ITP9: 0.042539, (Q3MFB5: 0.000004, Q8YPI5: 0.007487): 0.079238): 0.008459, B9YIS7: 0.028607): 0.026388, A0ZG69: 0.049513): 0.113092): 0.000004, ((((((B7K329: 0.000004, C7QTX3: 0.000004): 0.099116, B0JHZ7: 0.111081): 0.015366, P73314: 0.206347): 0.009305, ((A3IQ09: 0.009726, B1WQR6: 0.011288): 0.051656, Q4C111: 0.038556): 0.061915): 0.049698, (B4B3N0: 0.094995, B7KHZ3: 0.042676): 0.074803): 0.039789, B1XJT3: 0.168906): 0.091782): 0.050248, (B8HMR0: 0.171710, B0C1D9: 0.168614): 0.048750): 0.075374, (Q31L13: 0.000004, O24695: 0.000004): 0.197338): 0.031717): 0.000004, (Q2JV87: 0.049535, Q2JIM1: 0.010054): 0.371107): 0.074680, P59187: 0.290634): 0.107547, Q7NEF8: 0.315642): 0.774534, (A6Q1I4: 0.045841, ((((P56010: 0.223564, Q7M8E0: 0.091397): 0.120333, (Q30TV8: 0.222743, A8ESU9: 0.182087): 0.090270): 0.046256, (((((Q4HE69: 0.000004, (A7H650: 0.007012, A8FP15: 0.000004): 0.007032): 0.006834, Q4HQV3: 0.038894): 0.037148, B9KEE6: 0.003752): 0.211598, D1B4F7: 0.181367): 0.078420, A6QCQ4: 0.240527): 0.058675): 0.062317, B9L6M7: 0.376846): 0.042978): 0.506955): 0.772712, B7LRT0: 0.000004): 0.000004, P0A7V3: 0.000004, B7N198: 0.000004);

Detailed output identifying parameters

alpha (gamma, K = 4) =  0.55999
rate:   0.04498  0.28929  0.85945  2.80629
freq:   0.25000  0.25000  0.25000  0.25000

Time used: 13:00
