AAML (in paml version 4.6, August 2012)  258.aa
Model: Empirical for branches,  Global clock  (../../../bin/LG.dat) dGamma (ncatG=4) ns =  65  ls = 197


Frequencies..
                                    A      R      N      D      C      Q      E      G      H      I      L      K      M      F      P      S      T      W      Y      V
A8ESG4                         0.08629 0.02030 0.06599 0.05076 0.03046 0.03046 0.06599 0.04061 0.03046 0.05076 0.10152 0.11168 0.03046 0.05076 0.02538 0.04569 0.03553 0.00000 0.03553 0.09137
Q30T85                         0.08629 0.03553 0.07107 0.05584 0.03046 0.02030 0.06091 0.04061 0.02030 0.06091 0.08629 0.09645 0.02538 0.04061 0.02030 0.06599 0.06091 0.00000 0.04061 0.08122
A6QB94                         0.08629 0.05584 0.05584 0.05584 0.04061 0.02030 0.08122 0.03046 0.03046 0.03553 0.10660 0.07614 0.03046 0.04061 0.03046 0.04061 0.05584 0.00000 0.04061 0.08629
B9L8T3                         0.05584 0.04061 0.07614 0.06091 0.04061 0.02030 0.07107 0.03553 0.03046 0.08629 0.08122 0.12183 0.01015 0.06091 0.03046 0.02538 0.05584 0.00000 0.02538 0.07107
D1B2P1                         0.10152 0.03553 0.05584 0.03553 0.03046 0.04061 0.06091 0.03046 0.04061 0.04061 0.13706 0.07614 0.03046 0.05584 0.03046 0.03553 0.07107 0.00000 0.03046 0.06091
A6Q2G4                         0.09645 0.04569 0.03553 0.06091 0.03046 0.02030 0.08629 0.03046 0.02538 0.03553 0.10660 0.11168 0.04061 0.04061 0.03046 0.02538 0.05584 0.00000 0.04061 0.08122
Q7M9A8                         0.08122 0.04569 0.03553 0.02030 0.03046 0.05584 0.09137 0.03553 0.03046 0.04061 0.14721 0.08629 0.02538 0.05076 0.03553 0.05076 0.05584 0.00000 0.02538 0.05584
B9KCF0                         0.08629 0.02030 0.08122 0.03553 0.05076 0.04061 0.06599 0.03046 0.03046 0.03553 0.12183 0.09645 0.02538 0.05076 0.02538 0.05076 0.05584 0.00508 0.02538 0.06599
A7H3T6                         0.07107 0.02538 0.06599 0.05076 0.04569 0.03046 0.05584 0.03046 0.03046 0.03046 0.13198 0.11168 0.02030 0.06091 0.03046 0.05076 0.06599 0.00508 0.02538 0.06091
A8FL19                         0.07614 0.02030 0.06091 0.04569 0.04569 0.02538 0.06599 0.03553 0.03046 0.03553 0.13198 0.11675 0.02030 0.06091 0.03046 0.05076 0.05584 0.00508 0.02538 0.06091
Q4HH74                         0.07614 0.03046 0.06599 0.04061 0.04569 0.03046 0.06599 0.02538 0.03046 0.03553 0.13198 0.10660 0.02030 0.05076 0.03046 0.06091 0.06091 0.00508 0.03046 0.05584
Q4HPE1                         0.08629 0.02538 0.05584 0.04061 0.04569 0.03553 0.05584 0.03553 0.03046 0.03553 0.12183 0.11168 0.02030 0.06599 0.03046 0.05076 0.05076 0.00508 0.03046 0.06599
O25307                         0.07614 0.03046 0.05584 0.04569 0.03553 0.03046 0.06091 0.03046 0.03553 0.04569 0.12690 0.10660 0.01015 0.04569 0.03553 0.07107 0.05584 0.00000 0.02538 0.07614
B0CAH9                         0.09137 0.07107 0.03553 0.07107 0.03553 0.05584 0.04569 0.04569 0.02538 0.04061 0.12690 0.04569 0.01523 0.02030 0.04569 0.04061 0.07614 0.01015 0.03046 0.07107
B8HNK7                         0.08629 0.09137 0.02538 0.06599 0.03553 0.04569 0.04569 0.04569 0.02030 0.04061 0.13706 0.04061 0.01015 0.02538 0.05076 0.04569 0.06091 0.01015 0.03046 0.08629
Q3MCD3                         0.09645 0.06599 0.05584 0.04569 0.03553 0.03553 0.04569 0.02538 0.02030 0.03553 0.13198 0.04569 0.01523 0.01523 0.05584 0.06091 0.07614 0.01015 0.03553 0.09137
A3Z0V6                         0.12183 0.08629 0.04061 0.04569 0.03046 0.02030 0.06599 0.03553 0.03553 0.03046 0.12690 0.02538 0.01523 0.03553 0.07107 0.06091 0.05076 0.01523 0.01015 0.07614
Q8YQ65                         0.10660 0.06599 0.05584 0.04569 0.03553 0.03553 0.04569 0.02538 0.02030 0.03553 0.13198 0.04569 0.01523 0.02030 0.05584 0.06091 0.07614 0.01015 0.03046 0.08122
B2J6L0                         0.11168 0.06599 0.05076 0.04569 0.04061 0.04569 0.04569 0.03553 0.01523 0.04569 0.12690 0.05076 0.01523 0.02030 0.04569 0.05076 0.05584 0.01015 0.02538 0.09645
P73715                         0.10152 0.06599 0.03046 0.04569 0.03553 0.05584 0.06091 0.05076 0.03046 0.06599 0.12183 0.05584 0.01015 0.03046 0.05076 0.03046 0.06091 0.00508 0.02538 0.06599
A0ZD99                         0.10152 0.06599 0.05076 0.05076 0.03553 0.05076 0.05076 0.04061 0.01523 0.04569 0.13198 0.05076 0.00508 0.02538 0.05584 0.06091 0.05076 0.01015 0.02538 0.07614
Q2JMR3                         0.10152 0.10152 0.03046 0.04061 0.03553 0.05076 0.05584 0.03553 0.04569 0.05076 0.13198 0.03046 0.01015 0.03046 0.06091 0.03553 0.07107 0.01015 0.01523 0.05584
Q2JQP9                         0.10660 0.09645 0.03046 0.04061 0.03553 0.04569 0.07107 0.03553 0.03553 0.05584 0.12183 0.03553 0.01015 0.03046 0.06599 0.02538 0.07107 0.01015 0.01523 0.06091
B7KI56                         0.08629 0.06599 0.03553 0.04569 0.03553 0.04569 0.06599 0.05076 0.02538 0.06091 0.11675 0.05584 0.01015 0.03046 0.05584 0.05076 0.07107 0.00508 0.02030 0.06599
Q4C1P7                         0.09137 0.05584 0.04569 0.05584 0.03553 0.05076 0.04569 0.03553 0.01523 0.06091 0.12690 0.07614 0.01015 0.03553 0.04569 0.04569 0.07614 0.00508 0.02030 0.06599
B9YLW6                         0.09645 0.06599 0.06091 0.05076 0.03553 0.02030 0.05076 0.04061 0.02538 0.04569 0.12690 0.06599 0.02030 0.02030 0.04569 0.04569 0.06091 0.01015 0.02538 0.08629
B5W395                         0.08629 0.09137 0.04569 0.04569 0.03046 0.05076 0.05584 0.04061 0.02030 0.04061 0.12183 0.04569 0.02538 0.02538 0.05076 0.04569 0.06599 0.01015 0.03046 0.07107
B0JMU5                         0.10660 0.06091 0.05584 0.03553 0.03553 0.04061 0.05584 0.04061 0.01523 0.05076 0.12183 0.06091 0.01015 0.03553 0.05076 0.05076 0.07107 0.00508 0.02538 0.07107
B4B110                         0.09137 0.06599 0.03046 0.03553 0.03553 0.07107 0.05076 0.05584 0.02030 0.07107 0.10660 0.04569 0.01015 0.03046 0.05584 0.04569 0.07107 0.00508 0.02030 0.08122
Q10ZE3                         0.08629 0.05076 0.05584 0.05076 0.03553 0.05076 0.04569 0.03046 0.02538 0.06091 0.13198 0.07107 0.01523 0.02030 0.05076 0.03553 0.06599 0.01015 0.02538 0.08122
C7QMP7                         0.07614 0.06599 0.03553 0.05076 0.03553 0.04569 0.05584 0.04569 0.02030 0.05076 0.12690 0.07614 0.01015 0.03046 0.04569 0.06091 0.05584 0.00508 0.02030 0.08629
B7K2H5                         0.07614 0.06599 0.03553 0.05076 0.03553 0.04569 0.05584 0.04569 0.02030 0.05076 0.12690 0.07614 0.01015 0.03046 0.04569 0.06091 0.05584 0.00508 0.02030 0.08629
A3IRP8                         0.08629 0.06091 0.04569 0.05584 0.03553 0.04569 0.06091 0.04061 0.01523 0.06599 0.12183 0.07614 0.01015 0.03553 0.04061 0.04061 0.07107 0.00508 0.02538 0.06091
B1WVN1                         0.09137 0.05076 0.04569 0.05584 0.03553 0.06091 0.04061 0.04569 0.02030 0.06091 0.11675 0.07614 0.01015 0.03553 0.04061 0.03553 0.07614 0.01015 0.02030 0.07107
Q5N359                         0.13198 0.07107 0.03553 0.05584 0.03046 0.03046 0.05584 0.04061 0.03046 0.04569 0.11168 0.04061 0.01015 0.03553 0.05584 0.04061 0.06599 0.01015 0.02538 0.07614
Q8GMR5                         0.13198 0.07107 0.03553 0.05584 0.03046 0.03046 0.05584 0.04061 0.03046 0.04569 0.11168 0.04061 0.01015 0.03553 0.05584 0.04061 0.06599 0.01015 0.02538 0.07614
Q8DIE9                         0.09137 0.09645 0.03046 0.05076 0.03553 0.05584 0.06091 0.05584 0.02538 0.05076 0.12183 0.03553 0.01015 0.02030 0.04061 0.03553 0.06091 0.01015 0.03553 0.07614
B1XK78                         0.12183 0.06599 0.05584 0.03553 0.04061 0.04569 0.06091 0.03553 0.02030 0.05076 0.09645 0.05076 0.02030 0.03046 0.05584 0.03553 0.06091 0.01015 0.02030 0.08629
Q3AJJ3                         0.11675 0.06599 0.01523 0.04569 0.02538 0.05584 0.06599 0.05584 0.03553 0.03553 0.11675 0.04569 0.01523 0.04569 0.06599 0.03553 0.05584 0.01523 0.01523 0.07107
A0YI18                         0.09137 0.07614 0.04061 0.05584 0.03553 0.04061 0.05076 0.03553 0.01523 0.03553 0.12690 0.07107 0.02538 0.02538 0.05076 0.04061 0.06091 0.01015 0.03046 0.08122
Q3AY54                         0.09137 0.06091 0.03046 0.03553 0.02538 0.04061 0.05584 0.05584 0.04569 0.04569 0.12690 0.05076 0.01015 0.04569 0.06599 0.07107 0.06091 0.01015 0.01523 0.05584
Q05R60                         0.11168 0.05076 0.02538 0.04569 0.02538 0.04569 0.07614 0.05584 0.03046 0.04061 0.12183 0.04569 0.01015 0.03553 0.06599 0.03553 0.07614 0.01015 0.02538 0.06599
Q066H1                         0.09645 0.05584 0.03046 0.03046 0.02538 0.04569 0.05584 0.05584 0.04061 0.04569 0.12690 0.05584 0.01015 0.04569 0.06599 0.06599 0.06599 0.01015 0.01523 0.05584
Q7U6J6                         0.09645 0.08122 0.03553 0.05076 0.02538 0.05584 0.08122 0.05584 0.03553 0.03553 0.12690 0.03553 0.01523 0.04061 0.06091 0.03553 0.04569 0.01015 0.01523 0.06091
A3Z529                         0.11168 0.06599 0.01523 0.03553 0.02538 0.03046 0.08122 0.06091 0.05076 0.04061 0.13706 0.05076 0.00508 0.04061 0.07107 0.03553 0.05076 0.01015 0.01523 0.06599
B7MVB1                         0.09137 0.05076 0.06091 0.02538 0.03553 0.02030 0.08629 0.05076 0.03046 0.06091 0.10660 0.06599 0.00508 0.03046 0.05076 0.03046 0.07614 0.01015 0.02538 0.08629
P0AB83                         0.09137 0.05076 0.06091 0.02538 0.03553 0.02030 0.08629 0.05076 0.03046 0.06091 0.10660 0.06599 0.00508 0.03046 0.05076 0.03046 0.07614 0.01015 0.02538 0.08629
A5GJV9                         0.10660 0.04569 0.03553 0.03553 0.02538 0.03046 0.06599 0.05584 0.05076 0.04061 0.12183 0.06091 0.01015 0.03553 0.07107 0.05076 0.05584 0.01015 0.02030 0.07107
A5GST9                         0.11675 0.06599 0.03553 0.03553 0.02538 0.03553 0.07107 0.07107 0.03553 0.04061 0.12183 0.04569 0.02030 0.04061 0.05584 0.04569 0.05076 0.01523 0.01015 0.06091
B7LQN7                         0.09137 0.05076 0.06091 0.03046 0.03553 0.01523 0.08122 0.05076 0.03046 0.05584 0.11168 0.07107 0.00508 0.03553 0.05076 0.03046 0.07614 0.01015 0.02030 0.08629
A4CXK0                         0.11168 0.05584 0.02538 0.04569 0.02538 0.03553 0.06091 0.05584 0.05584 0.04061 0.12183 0.04569 0.01015 0.03553 0.07107 0.05584 0.05076 0.01015 0.01523 0.07107
Q0I918                         0.10152 0.05076 0.02538 0.04569 0.03046 0.02538 0.06091 0.06599 0.05584 0.04569 0.11168 0.05584 0.02030 0.04061 0.07107 0.05076 0.05584 0.01015 0.01523 0.06091
Q7V866                         0.05584 0.06091 0.05076 0.04569 0.02538 0.05584 0.05584 0.05076 0.05076 0.05076 0.11168 0.06091 0.02030 0.03553 0.04569 0.06091 0.05584 0.01015 0.02538 0.07107
A2CAJ6                         0.05584 0.05584 0.03553 0.05076 0.02538 0.05584 0.05076 0.05584 0.05076 0.05076 0.10660 0.06599 0.02030 0.03553 0.04569 0.06599 0.05584 0.01015 0.03046 0.07614
A3PCL1                         0.03046 0.04061 0.06091 0.04061 0.02030 0.03553 0.04569 0.05584 0.03046 0.06091 0.11675 0.11168 0.01015 0.04061 0.05076 0.07107 0.05584 0.01015 0.04061 0.07107
A2C1P0                         0.04061 0.03553 0.08122 0.02030 0.02030 0.04061 0.06599 0.05584 0.03046 0.06599 0.11168 0.10660 0.01015 0.04061 0.04569 0.06091 0.05584 0.01015 0.04061 0.06091
Q46LC6                         0.04061 0.03553 0.07107 0.02030 0.02030 0.04061 0.06599 0.05584 0.03046 0.06599 0.11168 0.11168 0.01015 0.04061 0.04569 0.05584 0.06091 0.01015 0.04061 0.06599
Q7V1Q4                         0.03046 0.04061 0.05584 0.03046 0.02030 0.04061 0.07614 0.05076 0.03553 0.06599 0.11675 0.08629 0.01523 0.04061 0.05076 0.07107 0.06599 0.01015 0.03046 0.06599
Q7NMV9                         0.13706 0.08629 0.03046 0.05584 0.04061 0.01015 0.04569 0.06599 0.02030 0.03046 0.13198 0.04061 0.01523 0.01523 0.06599 0.02538 0.07107 0.01015 0.02030 0.08122
A8G4I1                         0.03046 0.04061 0.06599 0.03553 0.02030 0.03046 0.05076 0.05584 0.03046 0.07107 0.11168 0.10660 0.01015 0.03553 0.05076 0.07107 0.05584 0.01015 0.04569 0.07107
A2BQT9                         0.03553 0.03553 0.05076 0.04061 0.02030 0.03046 0.05584 0.05076 0.03046 0.06091 0.11675 0.10660 0.01015 0.03553 0.05076 0.07614 0.06091 0.01015 0.04569 0.07614
Q31B75                         0.03046 0.03553 0.07107 0.03553 0.02030 0.03046 0.05076 0.05076 0.03046 0.06091 0.11675 0.10660 0.01015 0.04061 0.05076 0.07614 0.05584 0.01015 0.04061 0.07614
Q7VC62                         0.05076 0.04569 0.05584 0.03553 0.02538 0.04061 0.06091 0.06599 0.02538 0.06091 0.10152 0.10152 0.01015 0.04569 0.05076 0.06091 0.06091 0.01015 0.04061 0.05076
A2BW27                         0.03046 0.03553 0.06599 0.04061 0.02030 0.04569 0.04569 0.04569 0.02538 0.05584 0.12690 0.10152 0.01523 0.04569 0.05076 0.07107 0.06091 0.01015 0.03553 0.07107
A9BAM7                         0.05076 0.03046 0.02538 0.03046 0.02030 0.04061 0.03553 0.05584 0.03553 0.08122 0.12183 0.09645 0.02030 0.03046 0.05076 0.10152 0.05584 0.01015 0.05076 0.05584

Homogeneity statistic: X2 = 4.86929 G = 5.02734 

Average                        0.08598 0.05568 0.04701 0.04389 0.03202 0.03889 0.06037 0.04529 0.03014 0.04975 0.11995 0.07107 0.01492 0.03678 0.04928 0.04998 0.06169 0.00812 0.02702 0.07216

# constant sites:     26 (13.20%)
ln Lmax (unconstrained) = -1021.130342

AA distances (raw proportions of different sites)

A8ESG4         
Q30T85           0.3553
A6QB94           0.3350  0.3503
B9L8T3           0.3350  0.3503  0.3858
D1B2P1           0.3807  0.3503  0.2792  0.4213
A6Q2G4           0.3503  0.3350  0.3147  0.3350  0.3198
Q7M9A8           0.4213  0.3706  0.3350  0.4061  0.3046  0.3604
B9KCF0           0.3807  0.3655  0.3858  0.4365  0.3046  0.3553  0.3807
A7H3T6           0.4010  0.3706  0.3401  0.4061  0.3046  0.3503  0.3807  0.1827
A8FL19           0.4010  0.3756  0.3401  0.4112  0.3096  0.3503  0.3756  0.1777  0.0305
Q4HH74           0.4112  0.3909  0.3452  0.4010  0.3147  0.3706  0.3807  0.1675  0.0761  0.0660
Q4HPE1           0.3959  0.3756  0.3655  0.3959  0.3046  0.3401  0.3756  0.1980  0.1218  0.1168  0.1320
O25307           0.4315  0.4467  0.4365  0.4518  0.4264  0.4213  0.4162  0.4162  0.4162  0.4162  0.4061  0.4010
B0CAH9           0.5888  0.6041  0.6193  0.6244  0.6244  0.5838  0.5838  0.6091  0.6294  0.6244  0.6142  0.6294  0.5635
B8HNK7           0.5990  0.5888  0.5838  0.6345  0.6091  0.5888  0.5990  0.6244  0.6294  0.6345  0.6091  0.6294  0.5838  0.2081
Q3MCD3           0.5939  0.5939  0.6041  0.6041  0.6041  0.5736  0.5787  0.6142  0.6244  0.6193  0.5990  0.6193  0.5939  0.2538  0.2437
A3Z0V6           0.5888  0.6091  0.6193  0.6345  0.6091  0.5685  0.5736  0.6193  0.6041  0.5990  0.5990  0.5990  0.5736  0.3350  0.3401  0.3198
Q8YQ65           0.5990  0.5990  0.6091  0.5990  0.6091  0.5787  0.5787  0.6091  0.6193  0.6142  0.5939  0.6142  0.5939  0.2437  0.2437  0.0152  0.3147
B2J6L0           0.5939  0.6193  0.5990  0.5888  0.6041  0.5736  0.6041  0.6193  0.6294  0.6193  0.6041  0.6193  0.5787  0.2538  0.2589  0.1269  0.3452  0.1218
P73715           0.5888  0.5888  0.6142  0.6193  0.6041  0.5736  0.5736  0.6041  0.5939  0.5888  0.5939  0.6091  0.5533  0.2640  0.2944  0.2640  0.3046  0.2538  0.2690
A0ZD99           0.5990  0.6091  0.6193  0.6091  0.5939  0.5990  0.5736  0.6041  0.6142  0.6091  0.5939  0.6142  0.5685  0.2335  0.2487  0.1269  0.3198  0.1218  0.1472  0.2386
Q2JMR3           0.6294  0.5939  0.6193  0.5838  0.6193  0.5635  0.5888  0.6244  0.6345  0.6345  0.6193  0.6244  0.5533  0.2690  0.2589  0.2741  0.3249  0.2640  0.2640  0.2690  0.2741
Q2JQP9           0.6244  0.6041  0.6142  0.5888  0.6244  0.5685  0.5888  0.6345  0.6294  0.6294  0.6193  0.6345  0.5431  0.2437  0.2437  0.2690  0.3249  0.2589  0.2538  0.2640  0.2690  0.0660
B7KI56           0.5990  0.5838  0.5990  0.6244  0.6142  0.5838  0.5736  0.6091  0.6041  0.5939  0.5787  0.6193  0.5685  0.2234  0.2335  0.2538  0.3503  0.2437  0.2690  0.2183  0.2132  0.2843  0.2640
Q4C1P7           0.5838  0.5888  0.5888  0.5990  0.6041  0.5787  0.5939  0.5990  0.6091  0.6041  0.5787  0.6244  0.5584  0.2487  0.2437  0.2437  0.3503  0.2386  0.2487  0.2183  0.2335  0.2640  0.2538  0.2030
B9YLW6           0.5939  0.6041  0.6091  0.5990  0.6345  0.5787  0.5888  0.6142  0.6345  0.6294  0.6142  0.6294  0.5888  0.2741  0.2944  0.1726  0.3452  0.1726  0.1827  0.2741  0.1878  0.2893  0.2792  0.2690  0.2487
B5W395           0.6041  0.5990  0.6193  0.5990  0.5787  0.5584  0.5990  0.6142  0.6193  0.6142  0.6091  0.6142  0.6041  0.2893  0.2843  0.2538  0.3503  0.2437  0.2437  0.3096  0.2589  0.2690  0.2640  0.3096  0.3198  0.2944
B0JMU5           0.6041  0.5685  0.6142  0.6142  0.5888  0.5838  0.5635  0.6091  0.6193  0.6193  0.6091  0.6142  0.5787  0.2487  0.2741  0.2538  0.3604  0.2437  0.2589  0.2386  0.2437  0.2843  0.2741  0.2132  0.2183  0.2741  0.2944
B4B110           0.6142  0.5990  0.6041  0.6345  0.6091  0.6041  0.5787  0.6193  0.6091  0.6091  0.5888  0.6193  0.5635  0.2640  0.2437  0.2538  0.3401  0.2437  0.2589  0.2183  0.2183  0.2995  0.2843  0.1269  0.2081  0.2741  0.3096  0.1980
Q10ZE3           0.6091  0.5838  0.6193  0.5736  0.6142  0.5736  0.6091  0.6193  0.6345  0.6294  0.6041  0.6142  0.5787  0.2589  0.2437  0.2132  0.3604  0.2132  0.2030  0.2995  0.2183  0.2944  0.2843  0.2640  0.2589  0.2538  0.2538  0.2589  0.2487
C7QMP7           0.6041  0.5888  0.6041  0.6244  0.6091  0.5838  0.5736  0.6193  0.6091  0.6041  0.5888  0.6193  0.5584  0.2234  0.2183  0.2234  0.3401  0.2234  0.2538  0.2234  0.2234  0.2944  0.2741  0.1574  0.1827  0.2741  0.2995  0.2234  0.1675  0.2437
B7K2H5           0.6041  0.5888  0.6041  0.6244  0.6091  0.5838  0.5736  0.6193  0.6091  0.6041  0.5888  0.6193  0.5584  0.2234  0.2183  0.2234  0.3401  0.2234  0.2538  0.2234  0.2234  0.2944  0.2741  0.1574  0.1827  0.2741  0.2995  0.2234  0.1675  0.2437  0.0000
A3IRP8           0.5939  0.5888  0.5888  0.5838  0.6142  0.5685  0.5888  0.5888  0.5990  0.5888  0.5685  0.6142  0.5685  0.2640  0.2690  0.2538  0.3604  0.2487  0.2487  0.2437  0.2437  0.2741  0.2741  0.2183  0.1015  0.2437  0.3147  0.2284  0.2284  0.2640  0.2081  0.2081
B1WVN1           0.5990  0.5990  0.6041  0.5990  0.6193  0.5888  0.5990  0.6041  0.6091  0.6041  0.5838  0.6244  0.5635  0.2538  0.2640  0.2589  0.3706  0.2538  0.2538  0.2437  0.2487  0.2792  0.2741  0.2183  0.0964  0.2487  0.3299  0.2335  0.2284  0.2690  0.1980  0.1980  0.0812
Q5N359           0.5888  0.5685  0.5787  0.6294  0.5939  0.5584  0.5888  0.6294  0.6447  0.6447  0.6396  0.6345  0.5990  0.2589  0.2843  0.2741  0.3198  0.2792  0.2995  0.2690  0.3046  0.2944  0.2792  0.2741  0.2995  0.2792  0.3198  0.2995  0.2944  0.3299  0.3046  0.3046  0.3096  0.3147
Q8GMR5           0.5888  0.5685  0.5787  0.6294  0.5939  0.5584  0.5888  0.6294  0.6447  0.6447  0.6396  0.6345  0.5990  0.2589  0.2843  0.2741  0.3198  0.2792  0.2995  0.2690  0.3046  0.2944  0.2792  0.2741  0.2995  0.2792  0.3198  0.2995  0.2944  0.3299  0.3046  0.3046  0.3096  0.3147  0.0000
Q8DIE9           0.6294  0.6193  0.6193  0.6294  0.6244  0.5990  0.6142  0.6345  0.6294  0.6294  0.6142  0.6244  0.5838  0.2640  0.2386  0.2690  0.3553  0.2741  0.2944  0.2995  0.2843  0.3046  0.2893  0.2843  0.3198  0.3147  0.2843  0.2995  0.2944  0.2944  0.2741  0.2741  0.3198  0.3249  0.2843  0.2843
B1XK78           0.6193  0.6091  0.6548  0.6244  0.6497  0.5990  0.6142  0.6244  0.6548  0.6497  0.6294  0.6345  0.6193  0.2741  0.2893  0.2640  0.3096  0.2538  0.2893  0.2487  0.2538  0.2893  0.2741  0.2589  0.2487  0.2792  0.3401  0.2741  0.2690  0.2792  0.2792  0.2792  0.2792  0.2843  0.2792  0.2792  0.2995
Q3AJJ3           0.6447  0.6497  0.6396  0.6548  0.6497  0.6244  0.6548  0.6599  0.6701  0.6650  0.6650  0.6599  0.6497  0.6142  0.6041  0.6294  0.5736  0.6345  0.6193  0.5888  0.6041  0.6142  0.5990  0.6091  0.5939  0.6193  0.6294  0.6091  0.5990  0.6345  0.6294  0.6294  0.5939  0.5990  0.5787  0.5787  0.6244  0.5888
A0YI18           0.6244  0.5888  0.6244  0.5990  0.6193  0.5533  0.5990  0.6244  0.6244  0.6193  0.6142  0.6091  0.6041  0.2640  0.2741  0.2234  0.3401  0.2132  0.2284  0.2640  0.2234  0.2893  0.2843  0.2589  0.2640  0.2386  0.1624  0.2640  0.2640  0.2132  0.2335  0.2335  0.2640  0.2792  0.2995  0.2995  0.2995  0.2843  0.6244
Q3AY54           0.6701  0.6599  0.6548  0.6802  0.6548  0.6447  0.6497  0.6650  0.6650  0.6650  0.6701  0.6650  0.6396  0.5990  0.6142  0.6142  0.5635  0.6091  0.5990  0.5990  0.6091  0.6091  0.6041  0.6294  0.6193  0.6244  0.6294  0.6244  0.6244  0.6345  0.6345  0.6345  0.5990  0.6193  0.5787  0.5787  0.6294  0.6345  0.1878  0.6345
Q05R60           0.6497  0.6396  0.6497  0.6650  0.6294  0.6193  0.6599  0.6548  0.6701  0.6599  0.6650  0.6599  0.6548  0.6091  0.5990  0.6193  0.5685  0.6244  0.6091  0.5736  0.5888  0.6091  0.5838  0.5939  0.5838  0.6091  0.5990  0.5990  0.5838  0.6193  0.6142  0.6142  0.5888  0.5990  0.5736  0.5736  0.6142  0.5990  0.1218  0.6091  0.2081
Q066H1           0.6751  0.6650  0.6548  0.6701  0.6599  0.6447  0.6447  0.6701  0.6751  0.6751  0.6751  0.6650  0.6396  0.5990  0.6091  0.6091  0.5685  0.6041  0.5939  0.5990  0.6091  0.6041  0.6041  0.6244  0.6142  0.6193  0.6244  0.6193  0.6142  0.6294  0.6294  0.6294  0.5939  0.6142  0.5787  0.5787  0.6294  0.6294  0.2030  0.6294  0.0305  0.2234
Q7U6J6           0.6650  0.6701  0.6548  0.6802  0.6548  0.6345  0.6447  0.6650  0.6701  0.6599  0.6650  0.6599  0.6497  0.6294  0.6294  0.6396  0.5736  0.6396  0.6294  0.5736  0.6142  0.6244  0.6193  0.6142  0.6193  0.6396  0.6193  0.6041  0.6091  0.6294  0.6244  0.6244  0.6091  0.6244  0.5888  0.5888  0.6447  0.6041  0.1624  0.6244  0.1878  0.1675  0.1980
A3Z529           0.6497  0.6497  0.6294  0.6599  0.6244  0.6041  0.6244  0.6193  0.6294  0.6193  0.6244  0.6244  0.6244  0.6142  0.5990  0.6193  0.5584  0.6193  0.5990  0.5685  0.6041  0.5787  0.5635  0.5990  0.5939  0.5990  0.5838  0.5939  0.5939  0.6345  0.6193  0.6193  0.5888  0.5990  0.5635  0.5635  0.6041  0.6041  0.1777  0.6041  0.1980  0.1675  0.2081  0.2081
B7MVB1           0.6447  0.6548  0.6193  0.6091  0.6447  0.5990  0.6193  0.6294  0.6091  0.6142  0.6041  0.6193  0.6193  0.6294  0.6244  0.6497  0.6041  0.6497  0.6294  0.6294  0.6396  0.6345  0.6345  0.6497  0.6244  0.6345  0.6447  0.6244  0.6396  0.6497  0.6447  0.6447  0.6193  0.6396  0.6345  0.6345  0.6193  0.6091  0.5888  0.6345  0.6091  0.5838  0.6091  0.5888  0.5787
P0AB83           0.6447  0.6548  0.6193  0.6091  0.6447  0.5990  0.6193  0.6294  0.6091  0.6142  0.6041  0.6193  0.6193  0.6294  0.6244  0.6497  0.6041  0.6497  0.6294  0.6294  0.6396  0.6345  0.6345  0.6497  0.6244  0.6345  0.6447  0.6244  0.6396  0.6497  0.6447  0.6447  0.6193  0.6396  0.6345  0.6345  0.6193  0.6091  0.5888  0.6345  0.6091  0.5838  0.6091  0.5888  0.5787  0.0000
A5GJV9           0.6599  0.6497  0.6548  0.6548  0.6396  0.6244  0.6294  0.6447  0.6548  0.6447  0.6497  0.6497  0.6294  0.6193  0.6091  0.6244  0.5685  0.6244  0.6142  0.5888  0.6091  0.5990  0.5888  0.6193  0.6041  0.6041  0.6345  0.6142  0.6091  0.6396  0.6193  0.6193  0.5990  0.6041  0.5685  0.5685  0.6193  0.5939  0.1726  0.6345  0.1827  0.1472  0.1827  0.2030  0.1574  0.5990  0.5990
A5GST9           0.6701  0.6548  0.6396  0.6599  0.6497  0.6142  0.6294  0.6497  0.6701  0.6650  0.6650  0.6447  0.6599  0.6345  0.6294  0.6396  0.5939  0.6396  0.6345  0.6041  0.6294  0.6244  0.6193  0.6244  0.6244  0.6345  0.6244  0.6193  0.6041  0.6497  0.6396  0.6396  0.6142  0.6396  0.5838  0.5838  0.6345  0.6091  0.1726  0.6294  0.1929  0.1878  0.2030  0.1371  0.2081  0.5888  0.5888  0.2081
B7LQN7           0.6548  0.6548  0.6193  0.6142  0.6345  0.5990  0.6193  0.6396  0.6041  0.6091  0.6091  0.6193  0.6193  0.6396  0.6244  0.6548  0.6091  0.6548  0.6294  0.6294  0.6447  0.6447  0.6447  0.6548  0.6396  0.6396  0.6497  0.6345  0.6548  0.6447  0.6497  0.6497  0.6294  0.6497  0.6447  0.6447  0.6244  0.6244  0.5838  0.6345  0.5939  0.5787  0.5939  0.5736  0.5736  0.0355  0.0355  0.5838  0.5838
A4CXK0           0.6650  0.6599  0.6548  0.6599  0.6447  0.6345  0.6294  0.6497  0.6548  0.6447  0.6497  0.6548  0.6396  0.6294  0.6041  0.6345  0.5635  0.6345  0.6193  0.5990  0.6193  0.6091  0.5990  0.6244  0.6091  0.6142  0.6294  0.6142  0.6142  0.6447  0.6294  0.6294  0.6041  0.6091  0.5787  0.5787  0.6142  0.6091  0.1726  0.6396  0.1980  0.1472  0.1980  0.1929  0.1269  0.5990  0.5990  0.0508  0.2030  0.5838
Q0I918           0.6701  0.6701  0.6497  0.6497  0.6548  0.6244  0.6599  0.6548  0.6650  0.6548  0.6599  0.6497  0.6447  0.6396  0.6142  0.6294  0.5685  0.6294  0.6091  0.5939  0.6142  0.6041  0.5939  0.6294  0.5990  0.6041  0.6091  0.6244  0.6091  0.6294  0.6345  0.6345  0.5838  0.6142  0.5888  0.5888  0.6244  0.5939  0.1777  0.6142  0.2183  0.1574  0.2284  0.2081  0.1624  0.5736  0.5736  0.1472  0.2030  0.5685  0.1421
Q7V866           0.6650  0.6853  0.6701  0.6345  0.6701  0.6396  0.6650  0.6701  0.6853  0.6853  0.6853  0.6802  0.6599  0.6447  0.6345  0.6244  0.6447  0.6193  0.6193  0.6244  0.6193  0.6396  0.6345  0.6294  0.6193  0.6142  0.6345  0.6396  0.6244  0.6396  0.6244  0.6244  0.6142  0.6193  0.6294  0.6294  0.6447  0.6396  0.2995  0.6447  0.3046  0.3046  0.3096  0.3198  0.3046  0.6041  0.6041  0.2741  0.3147  0.6142  0.2843  0.2995
A2CAJ6           0.6701  0.6904  0.6599  0.6497  0.6802  0.6447  0.6650  0.6701  0.6802  0.6802  0.6802  0.6802  0.6599  0.6244  0.6244  0.6294  0.6447  0.6244  0.6193  0.6244  0.6294  0.6396  0.6345  0.6294  0.6091  0.6193  0.6345  0.6345  0.6193  0.6396  0.6142  0.6142  0.6041  0.6091  0.6294  0.6294  0.6447  0.6345  0.3046  0.6345  0.3046  0.3147  0.3096  0.3249  0.3096  0.6041  0.6041  0.2792  0.3249  0.6193  0.2893  0.3046  0.0355
A3PCL1           0.6802  0.6447  0.6904  0.6447  0.6802  0.6345  0.6497  0.6650  0.6599  0.6447  0.6497  0.6548  0.6497  0.6650  0.6599  0.6497  0.6294  0.6497  0.6650  0.6244  0.6701  0.6599  0.6650  0.6497  0.6396  0.6497  0.6447  0.6548  0.6599  0.6548  0.6345  0.6345  0.6142  0.6345  0.6396  0.6396  0.6396  0.6599  0.4061  0.6396  0.3756  0.3909  0.3807  0.3706  0.3858  0.6091  0.6091  0.3503  0.3706  0.6091  0.3655  0.3655  0.3452  0.3452
A2C1P0           0.6802  0.6497  0.6701  0.6193  0.6751  0.6244  0.6650  0.6497  0.6497  0.6599  0.6497  0.6548  0.6447  0.6548  0.6650  0.6548  0.6396  0.6497  0.6548  0.6244  0.6497  0.6447  0.6497  0.6396  0.6294  0.6396  0.6447  0.6447  0.6345  0.6447  0.6396  0.6396  0.6193  0.6244  0.6345  0.6345  0.6447  0.6497  0.3553  0.6345  0.3299  0.3249  0.3249  0.3604  0.3604  0.6244  0.6244  0.3249  0.3452  0.6193  0.3452  0.3655  0.3249  0.3198  0.2741
Q46LC6           0.6853  0.6599  0.6751  0.6244  0.6802  0.6244  0.6650  0.6548  0.6548  0.6650  0.6548  0.6599  0.6447  0.6497  0.6599  0.6447  0.6396  0.6396  0.6497  0.6193  0.6447  0.6345  0.6396  0.6345  0.6142  0.6345  0.6447  0.6345  0.6294  0.6396  0.6396  0.6396  0.6091  0.6091  0.6345  0.6345  0.6396  0.6396  0.3553  0.6294  0.3249  0.3249  0.3198  0.3553  0.3604  0.6193  0.6193  0.3249  0.3452  0.6142  0.3452  0.3655  0.3198  0.3147  0.2792  0.0203
Q7V1Q4           0.6904  0.6802  0.6954  0.6396  0.6853  0.6548  0.6701  0.6802  0.6751  0.6650  0.6701  0.6802  0.6650  0.6599  0.6599  0.6548  0.6294  0.6497  0.6548  0.6244  0.6599  0.6447  0.6497  0.6447  0.6345  0.6497  0.6447  0.6447  0.6548  0.6548  0.6294  0.6294  0.6142  0.6244  0.6345  0.6345  0.6345  0.6447  0.3959  0.6497  0.3858  0.3959  0.3807  0.3756  0.3858  0.5939  0.5939  0.3706  0.3858  0.6041  0.3604  0.3655  0.3249  0.3401  0.1624  0.2741  0.2741
Q7NMV9           0.6701  0.6497  0.6599  0.6853  0.6650  0.6244  0.6447  0.6802  0.6701  0.6701  0.6701  0.6802  0.6345  0.5279  0.5279  0.5228  0.4975  0.5228  0.5330  0.5279  0.5330  0.5381  0.5178  0.5381  0.5076  0.5381  0.5228  0.5127  0.5228  0.5330  0.5330  0.5330  0.5127  0.5330  0.5178  0.5178  0.5076  0.5228  0.6244  0.5025  0.6447  0.6091  0.6345  0.6244  0.6193  0.6599  0.6599  0.6244  0.6396  0.6497  0.6142  0.6396  0.7056  0.7056  0.6904  0.7056  0.6954  0.6954
A8G4I1           0.6853  0.6548  0.7005  0.6599  0.6904  0.6396  0.6599  0.6751  0.6751  0.6599  0.6701  0.6650  0.6548  0.6751  0.6650  0.6650  0.6345  0.6650  0.6802  0.6396  0.6802  0.6650  0.6701  0.6548  0.6599  0.6599  0.6599  0.6650  0.6650  0.6751  0.6396  0.6396  0.6345  0.6497  0.6497  0.6497  0.6497  0.6701  0.4061  0.6548  0.3858  0.3909  0.3909  0.3858  0.3858  0.6142  0.6142  0.3503  0.3807  0.6142  0.3655  0.3756  0.3503  0.3503  0.0558  0.2741  0.2792  0.1675  0.7056
A2BQT9           0.6853  0.6497  0.6751  0.6497  0.6751  0.6091  0.6599  0.6904  0.6650  0.6548  0.6599  0.6599  0.6345  0.6751  0.6701  0.6497  0.6396  0.6497  0.6650  0.6294  0.6751  0.6650  0.6650  0.6650  0.6548  0.6548  0.6548  0.6548  0.6701  0.6599  0.6396  0.6396  0.6345  0.6497  0.6396  0.6396  0.6497  0.6701  0.4061  0.6497  0.3807  0.3909  0.3858  0.3807  0.3858  0.6142  0.6142  0.3604  0.3706  0.6142  0.3706  0.3756  0.3350  0.3350  0.0711  0.2893  0.2843  0.1777  0.6954  0.0711
Q31B75           0.6853  0.6447  0.6853  0.6548  0.6853  0.6345  0.6548  0.6599  0.6548  0.6396  0.6447  0.6548  0.6447  0.6751  0.6701  0.6497  0.6345  0.6497  0.6650  0.6396  0.6599  0.6650  0.6701  0.6497  0.6497  0.6447  0.6548  0.6599  0.6599  0.6548  0.6447  0.6447  0.6244  0.6396  0.6548  0.6548  0.6497  0.6650  0.4112  0.6548  0.3858  0.4010  0.3909  0.3858  0.3959  0.6142  0.6142  0.3604  0.3756  0.6142  0.3756  0.3807  0.3503  0.3503  0.0609  0.2843  0.2792  0.1726  0.7005  0.0406  0.0609
Q7VC62           0.6802  0.6650  0.6650  0.6244  0.6751  0.6396  0.6701  0.6650  0.6497  0.6447  0.6345  0.6447  0.6345  0.6650  0.6497  0.6244  0.6548  0.6193  0.6345  0.6244  0.6396  0.6396  0.6396  0.6345  0.6091  0.6396  0.6294  0.6396  0.6294  0.6447  0.6244  0.6244  0.6244  0.6193  0.6497  0.6497  0.6294  0.6548  0.3858  0.6294  0.3553  0.3706  0.3452  0.4061  0.3858  0.6396  0.6396  0.3503  0.3858  0.6447  0.3655  0.3807  0.3604  0.3503  0.3198  0.2690  0.2640  0.3249  0.7107  0.3249  0.3046  0.3198
A2BW27           0.7056  0.6954  0.7107  0.6599  0.7107  0.6751  0.6853  0.6853  0.6802  0.6751  0.6751  0.6802  0.6599  0.6599  0.6599  0.6497  0.6396  0.6447  0.6497  0.6244  0.6548  0.6548  0.6548  0.6396  0.6396  0.6497  0.6599  0.6650  0.6497  0.6497  0.6244  0.6244  0.6396  0.6244  0.6447  0.6447  0.6447  0.6396  0.3909  0.6497  0.3909  0.3858  0.3858  0.3655  0.3858  0.6142  0.6142  0.3553  0.3807  0.6142  0.3553  0.3858  0.3350  0.3350  0.1878  0.2640  0.2640  0.1015  0.7157  0.1878  0.2030  0.1980  0.3350
A9BAM7           0.7208  0.7005  0.6853  0.6751  0.6853  0.6751  0.6751  0.7005  0.6904  0.6802  0.6853  0.6954  0.6650  0.6904  0.6954  0.7005  0.6853  0.7005  0.6853  0.6751  0.7005  0.6954  0.6904  0.6701  0.6751  0.6853  0.7056  0.6904  0.6701  0.7005  0.6751  0.6751  0.6497  0.6701  0.6853  0.6853  0.6802  0.7005  0.4112  0.6954  0.3604  0.3909  0.3503  0.4162  0.3909  0.6396  0.6396  0.3604  0.3909  0.6345  0.3858  0.3909  0.3655  0.3807  0.3350  0.3401  0.3503  0.3503  0.7208  0.3401  0.3401  0.3401  0.3756  0.3553


TREE #  1:  (50, (47, 46), ((45, ((52, (51, (48, ((53, 54), (63, ((56, 57), (65, ((55, (60, (61, 62))), (58, 64))))))))), (42, (39, ((41, 43), (44, 49)))))), ((13, (7, (6, ((2, (3, (5, (8, (12, (11, (9, 10))))))), (4, 1))))), (59, (17, ((35, 36), (38, ((15, 37), ((14, (22, 23)), (((21, ((16, 18), (19, 26))), (30, (27, 40))), (28, (20, ((25, (33, 34)), ((31, 32), (24, 29)))))))))))))));   MP score: 1886
lnL(ntime: 63  np: 64): -10338.324578      +0.000000
  66..50   66..67   67..47   67..46   66..68   68..69   69..45   69..70   70..71   71..52   71..72   72..51   72..73   73..48   73..74   74..75   75..53   75..54   74..76   76..63   76..77   77..78   78..56   78..57   77..79   79..65   79..80   80..81   81..55   81..82   82..60   82..83   83..61   83..62   80..84   84..58   84..64   70..85   85..42   85..86   86..39   86..87   87..88   88..41   88..43   87..89   89..44   89..49   68..90   90..91   91..13   91..92   92..7    92..93   93..6    93..94   94..95   95..2    95..96   96..3    96..97   97..5    97..98   98..8    98..99   99..12   99..100 100..11  100..101 101..9   101..10   94..102 102..4   102..1    90..103 103..59  103..104 104..17  104..105 105..106 106..35  106..36  105..107 107..38  107..108 108..109 109..15  109..37  108..110 110..111 111..14  111..112 112..22  112..23  110..113 113..114 114..115 115..21  115..116 116..117 117..16  117..18  116..118 118..19  118..26  114..119 119..30  119..120 120..27  120..40  113..121 121..28  121..122 122..20  122..123 123..124 124..25  124..125 125..33  125..34  123..126 126..127 127..31  127..32  126..128 128..24  128..29 
 1.306471 0.000001 1.059362 0.301724 0.301723 0.301723 0.294979 0.294979 0.253026 0.018445 0.218053 0.197152 0.010698 0.186684 0.105731 0.038642 0.028931 0.023464 0.054214 0.181484 0.162609 0.136138 0.015285 0.096877 0.938908 0.580190 0.450613 0.422347 0.401772 0.350080 0.319894 0.274090 0.116959 0.071148 0.040603 0.017518 0.275419 0.707941 0.441613 0.315163 0.000000 0.315163 0.299704 0.235312 0.278464 0.250549 0.038968 0.246345 0.203978 0.125043 0.108446 0.009324 0.105885 0.172263 0.100743 0.219175 0.194152 0.186261 0.076495 0.043456 0.127010 0.000000 0.090765 0.633918

tree length =  17.35310

(50: 1.306471, (47: 0.000001, 46: 0.000001): 1.306470, ((45: 0.301724, ((52: 0.301723, (51: 0.294979, (48: 0.294979, ((53: 0.018445, 54: 0.018445): 0.234580, (63: 0.218053, ((56: 0.010698, 57: 0.010698): 0.186454, (65: 0.186684, ((55: 0.038642, (60: 0.028931, (61: 0.023464, 62: 0.023464): 0.005467): 0.009712): 0.067089, (58: 0.054214, 64: 0.054214): 0.051517): 0.080953): 0.010468): 0.020901): 0.034973): 0.041953): 0.000000): 0.006744): 0.000000, (42: 0.181484, (39: 0.162609, ((41: 0.015285, 43: 0.015285): 0.120853, (44: 0.096877, 49: 0.096877): 0.039261): 0.026471): 0.018875): 0.120239): 0.000000): 0.757638, ((13: 0.580190, (7: 0.450613, (6: 0.422347, ((2: 0.350080, (3: 0.319894, (5: 0.274090, (8: 0.116959, (12: 0.071148, (11: 0.040603, (9: 0.017518, 10: 0.017518): 0.023085): 0.030545): 0.045811): 0.157130): 0.045804): 0.030186): 0.051692, (4: 0.275419, 1: 0.275419): 0.126352): 0.020575): 0.028266): 0.129577): 0.358717, (59: 0.707941, (17: 0.441613, ((35: 0.000000, 36: 0.000000): 0.315163, (38: 0.315163, ((15: 0.235312, 37: 0.235312): 0.064392, ((14: 0.250549, (22: 0.038968, 23: 0.038968): 0.211581): 0.027915, (((21: 0.125043, ((16: 0.009324, 18: 0.009324): 0.099122, (19: 0.105885, 26: 0.105885): 0.002561): 0.016597): 0.078935, (30: 0.172263, (27: 0.100743, 40: 0.100743): 0.071520): 0.031715): 0.042367, (28: 0.219175, (20: 0.194152, ((25: 0.076495, (33: 0.043456, 34: 0.043456): 0.033039): 0.109767, ((31: 0.000000, 32: 0.000000): 0.127010, (24: 0.090765, 29: 0.090765): 0.036245): 0.059251): 0.007891): 0.025023): 0.027170): 0.032119): 0.021239): 0.015459): 0.000000): 0.126450): 0.266328): 0.230967): 0.120454): 0.247109);

(B7LQN7: 1.306471, (P0AB83: 0.000001, B7MVB1: 0.000001): 1.306470, ((A3Z529: 0.301724, ((Q0I918: 0.301723, (A4CXK0: 0.294979, (A5GJV9: 0.294979, ((Q7V866: 0.018445, A2CAJ6: 0.018445): 0.234580, (Q7VC62: 0.218053, ((A2C1P0: 0.010698, Q46LC6: 0.010698): 0.186454, (A9BAM7: 0.186684, ((A3PCL1: 0.038642, (A8G4I1: 0.028931, (A2BQT9: 0.023464, Q31B75: 0.023464): 0.005467): 0.009712): 0.067089, (Q7V1Q4: 0.054214, A2BW27: 0.054214): 0.051517): 0.080953): 0.010468): 0.020901): 0.034973): 0.041953): 0.000000): 0.006744): 0.000000, (Q05R60: 0.181484, (Q3AJJ3: 0.162609, ((Q3AY54: 0.015285, Q066H1: 0.015285): 0.120853, (Q7U6J6: 0.096877, A5GST9: 0.096877): 0.039261): 0.026471): 0.018875): 0.120239): 0.000000): 0.757638, ((O25307: 0.580190, (Q7M9A8: 0.450613, (A6Q2G4: 0.422347, ((Q30T85: 0.350080, (A6QB94: 0.319894, (D1B2P1: 0.274090, (B9KCF0: 0.116959, (Q4HPE1: 0.071148, (Q4HH74: 0.040603, (A7H3T6: 0.017518, A8FL19: 0.017518): 0.023085): 0.030545): 0.045811): 0.157130): 0.045804): 0.030186): 0.051692, (B9L8T3: 0.275419, A8ESG4: 0.275419): 0.126352): 0.020575): 0.028266): 0.129577): 0.358717, (Q7NMV9: 0.707941, (A3Z0V6: 0.441613, ((Q5N359: 0.000000, Q8GMR5: 0.000000): 0.315163, (B1XK78: 0.315163, ((B8HNK7: 0.235312, Q8DIE9: 0.235312): 0.064392, ((B0CAH9: 0.250549, (Q2JMR3: 0.038968, Q2JQP9: 0.038968): 0.211581): 0.027915, (((A0ZD99: 0.125043, ((Q3MCD3: 0.009324, Q8YQ65: 0.009324): 0.099122, (B2J6L0: 0.105885, B9YLW6: 0.105885): 0.002561): 0.016597): 0.078935, (Q10ZE3: 0.172263, (B5W395: 0.100743, A0YI18: 0.100743): 0.071520): 0.031715): 0.042367, (B0JMU5: 0.219175, (P73715: 0.194152, ((Q4C1P7: 0.076495, (A3IRP8: 0.043456, B1WVN1: 0.043456): 0.033039): 0.109767, ((C7QMP7: 0.000000, B7K2H5: 0.000000): 0.127010, (B7KI56: 0.090765, B4B110: 0.090765): 0.036245): 0.059251): 0.007891): 0.025023): 0.027170): 0.032119): 0.021239): 0.015459): 0.000000): 0.126450): 0.266328): 0.230967): 0.120454): 0.247109);

(50_B7LQN7, (47_P0AB83, 46_B7MVB1) 67 , ((45_A3Z529, ((52_Q0I918, (51_A4CXK0, (48_A5GJV9, ((53_Q7V866, 54_A2CAJ6) 75 , (63_Q7VC62, ((56_A2C1P0, 57_Q46LC6) 78 , (65_A9BAM7, ((55_A3PCL1, (60_A8G4I1, (61_A2BQT9, 62_Q31B75) 83 ) 82 ) 81 , (58_Q7V1Q4, 64_A2BW27) 84 ) 80 ) 79 ) 77 ) 76 ) 74 ) 73 ) 72 ) 71 , (42_Q05R60, (39_Q3AJJ3, ((41_Q3AY54, 43_Q066H1) 88 , (44_Q7U6J6, 49_A5GST9) 89 ) 87 ) 86 ) 85 ) 70 ) 69 , ((13_O25307, (7_Q7M9A8, (6_A6Q2G4, ((2_Q30T85, (3_A6QB94, (5_D1B2P1, (8_B9KCF0, (12_Q4HPE1, (11_Q4HH74, (9_A7H3T6, 10_A8FL19) 101 ) 100 ) 99 ) 98 ) 97 ) 96 ) 95 , (4_B9L8T3, 1_A8ESG4) 102 ) 94 ) 93 ) 92 ) 91 , (59_Q7NMV9, (17_A3Z0V6, ((35_Q5N359, 36_Q8GMR5) 106 , (38_B1XK78, ((15_B8HNK7, 37_Q8DIE9) 109 , ((14_B0CAH9, (22_Q2JMR3, 23_Q2JQP9) 112 ) 111 , (((21_A0ZD99, ((16_Q3MCD3, 18_Q8YQ65) 117 , (19_B2J6L0, 26_B9YLW6) 118 ) 116 ) 115 , (30_Q10ZE3, (27_B5W395, 40_A0YI18) 120 ) 119 ) 114 , (28_B0JMU5, (20_P73715, ((25_Q4C1P7, (33_A3IRP8, 34_B1WVN1) 125 ) 124 , ((31_C7QMP7, 32_B7K2H5) 127 , (24_B7KI56, 29_B4B110) 128 ) 126 ) 123 ) 122 ) 121 ) 113 ) 110 ) 108 ) 107 ) 105 ) 104 ) 103 ) 90 ) 68 ) 66 ;

Detailed output identifying parameters

alpha (gamma, K = 4) =  0.63392
rate:   0.06017  0.33061  0.89768  2.71154
freq:   0.25000  0.25000  0.25000  0.25000

Time used:  5:09
