AAML (in paml version 4.6, August 2012)  245.aa
Model: Empirical_F for branches,  (../../../bin/LG.dat) dGamma (ncatG=4) ns =  65  ls = 225


Frequencies..
                                    A      R      N      D      C      Q      E      G      H      I      L      K      M      F      P      S      T      W      Y      V
A8ERU7                         0.04444 0.04444 0.02667 0.04889 0.00000 0.01333 0.05778 0.06222 0.00889 0.15556 0.11111 0.05333 0.01778 0.05333 0.00889 0.08889 0.08444 0.00889 0.02667 0.08444
D1B3G6                         0.05778 0.04000 0.02222 0.04444 0.00444 0.00889 0.06667 0.06667 0.00889 0.18222 0.10667 0.04444 0.00889 0.06667 0.01333 0.08000 0.08000 0.00444 0.02222 0.07111
Q4HGN2                         0.07556 0.04444 0.02667 0.04889 0.00000 0.00889 0.05778 0.07111 0.00444 0.14222 0.12889 0.04000 0.00889 0.04889 0.02222 0.08889 0.07111 0.00444 0.01778 0.08889
A8FME5                         0.08444 0.04444 0.04000 0.04444 0.00000 0.00889 0.06222 0.06667 0.00444 0.13333 0.13333 0.04000 0.00889 0.04889 0.01778 0.08000 0.07556 0.00444 0.01778 0.08444
A7H2R5                         0.08444 0.04444 0.04000 0.04444 0.00000 0.00889 0.06222 0.06667 0.00444 0.13778 0.13333 0.04000 0.00889 0.04889 0.01778 0.08000 0.07111 0.00444 0.01778 0.08444
A6Q513                         0.08000 0.05333 0.03556 0.04444 0.00000 0.00000 0.04000 0.07111 0.00444 0.12889 0.11556 0.06667 0.01778 0.05333 0.01778 0.07111 0.07556 0.00444 0.02222 0.09778
Q4HTF5                         0.07111 0.04889 0.04444 0.04444 0.00444 0.00444 0.05333 0.07111 0.00444 0.13778 0.13333 0.04000 0.01333 0.05333 0.01778 0.08889 0.06667 0.00444 0.01778 0.08000
A6Q796                         0.06667 0.04889 0.00889 0.04000 0.00000 0.00889 0.05333 0.08444 0.00889 0.09778 0.11111 0.05333 0.04000 0.06667 0.01333 0.07556 0.08444 0.00889 0.02222 0.10667
Q7M925                         0.10667 0.05333 0.01778 0.04000 0.00000 0.02222 0.06222 0.07556 0.00444 0.08444 0.11556 0.03556 0.02222 0.05778 0.01778 0.06222 0.05778 0.00444 0.02667 0.13333
B9L685                         0.07111 0.05778 0.04444 0.04444 0.00000 0.01333 0.04444 0.06222 0.00889 0.13778 0.12889 0.04889 0.00444 0.07556 0.01333 0.06667 0.06222 0.00444 0.01778 0.09333
Q30Q80                         0.07556 0.04889 0.01333 0.05333 0.00000 0.00000 0.05778 0.08444 0.00889 0.10222 0.12444 0.03111 0.01778 0.05778 0.01333 0.08000 0.08889 0.00889 0.01778 0.11556
B9KCT0                         0.09333 0.04444 0.03111 0.04444 0.00444 0.01333 0.05333 0.08000 0.00444 0.12000 0.12444 0.03556 0.01778 0.04889 0.01333 0.09333 0.05778 0.00444 0.01778 0.09778
O26073                         0.07111 0.04000 0.02667 0.04000 0.00444 0.01778 0.07111 0.04889 0.00444 0.13333 0.11556 0.04889 0.01778 0.06667 0.02667 0.07556 0.06222 0.00444 0.02222 0.10222
B7MQC4                         0.08444 0.04889 0.02667 0.03556 0.00000 0.02667 0.05333 0.08000 0.01778 0.10222 0.12889 0.01333 0.04444 0.04000 0.03111 0.07556 0.06667 0.00444 0.02222 0.09778
P0AG93                         0.08444 0.04889 0.02667 0.03556 0.00000 0.02667 0.05333 0.08000 0.01778 0.10222 0.12889 0.01333 0.04444 0.04000 0.03111 0.07556 0.06667 0.00444 0.02222 0.09778
B7LMH8                         0.08444 0.04889 0.02222 0.04000 0.00444 0.03111 0.05333 0.08000 0.01778 0.09778 0.12444 0.00889 0.04000 0.04000 0.02667 0.07111 0.07111 0.00444 0.02222 0.11111
B0CEA6                         0.08444 0.04000 0.03111 0.04444 0.00000 0.04889 0.04889 0.08000 0.00444 0.10667 0.13333 0.03556 0.00444 0.05778 0.01333 0.06667 0.08000 0.00000 0.02222 0.09778
Q2JKR7                         0.09333 0.06667 0.02667 0.02667 0.00000 0.03556 0.05333 0.05333 0.00444 0.08000 0.17778 0.00889 0.01333 0.05778 0.03111 0.06667 0.07556 0.00444 0.01778 0.10667
A0ZBR4                         0.07556 0.04444 0.04000 0.06667 0.00000 0.04000 0.04000 0.06667 0.00444 0.12889 0.11556 0.02222 0.00444 0.07556 0.02222 0.06667 0.08889 0.00000 0.02222 0.07556
Q7NDR5                         0.11111 0.04889 0.04444 0.04444 0.00444 0.04000 0.03556 0.05778 0.00444 0.08889 0.13333 0.03556 0.00889 0.06667 0.02667 0.06222 0.04000 0.00444 0.01778 0.12444
Q2JY12                         0.08444 0.06667 0.02222 0.03111 0.00000 0.04444 0.04889 0.05778 0.00444 0.07556 0.17778 0.01333 0.01333 0.06222 0.03111 0.05778 0.08000 0.00444 0.01778 0.10667
A8G4P6                         0.03111 0.04444 0.06222 0.03111 0.00444 0.00889 0.04444 0.04444 0.00444 0.09778 0.18222 0.04889 0.00000 0.07111 0.02667 0.13333 0.05333 0.00889 0.03111 0.07111
B2J578                         0.06222 0.04444 0.04000 0.05333 0.00000 0.03111 0.04444 0.05778 0.00889 0.12889 0.12889 0.03111 0.00889 0.06667 0.01778 0.07556 0.09333 0.00000 0.02222 0.08444
B9YW84                         0.06667 0.05333 0.04889 0.05778 0.00000 0.03111 0.04000 0.05778 0.00444 0.12000 0.12889 0.02667 0.00889 0.06222 0.01778 0.07556 0.10222 0.00000 0.01778 0.08000
Q3MD24                         0.07556 0.04889 0.04889 0.05778 0.00000 0.03111 0.04889 0.06222 0.00444 0.12000 0.11111 0.02667 0.00889 0.08444 0.02222 0.06222 0.09333 0.00000 0.02222 0.07111
Q8Z0H6                         0.07111 0.04889 0.04889 0.06222 0.00000 0.03556 0.04000 0.06222 0.00444 0.12889 0.11556 0.02667 0.00889 0.08444 0.02222 0.06222 0.09333 0.00000 0.02222 0.06222
Q4C2U0                         0.05778 0.03111 0.04444 0.05333 0.00000 0.03556 0.06222 0.06667 0.00444 0.12000 0.15111 0.02222 0.00000 0.07111 0.00889 0.07111 0.08889 0.00000 0.02222 0.08889
B5VZ23                         0.08000 0.04000 0.02667 0.05333 0.00444 0.04444 0.04444 0.06667 0.00444 0.10667 0.13778 0.01778 0.00889 0.08889 0.01778 0.05778 0.08889 0.00000 0.02222 0.08889
Q10UU5                         0.07111 0.03556 0.02222 0.05778 0.00000 0.03556 0.03556 0.06667 0.00444 0.12000 0.12444 0.03111 0.00000 0.07556 0.02222 0.06222 0.10222 0.00000 0.02667 0.10667
A3PCS8                         0.03556 0.04444 0.06667 0.03111 0.00444 0.01333 0.04889 0.04000 0.00444 0.11111 0.18667 0.04000 0.00000 0.06222 0.02667 0.12889 0.05778 0.00889 0.03111 0.05778
A2BR05                         0.03556 0.04444 0.06667 0.02667 0.00444 0.01333 0.05333 0.04000 0.00444 0.11556 0.17778 0.04000 0.00000 0.06222 0.02667 0.12889 0.05778 0.00889 0.03111 0.06222
Q46L53                         0.06667 0.04444 0.05333 0.02667 0.00889 0.03111 0.04000 0.04889 0.00444 0.11111 0.16889 0.02222 0.00000 0.05778 0.02222 0.12444 0.04889 0.01778 0.03556 0.06667
B7JV31                         0.07111 0.02667 0.03556 0.04444 0.00000 0.04444 0.04889 0.06222 0.00444 0.11556 0.14222 0.02667 0.00000 0.07111 0.01333 0.07111 0.09778 0.00000 0.02222 0.10222
C7QW87                         0.07111 0.02667 0.03556 0.04444 0.00000 0.04444 0.04889 0.06222 0.00444 0.11556 0.14222 0.02667 0.00000 0.07111 0.01333 0.07111 0.09778 0.00000 0.02222 0.10222
Q31B14                         0.03556 0.04444 0.06667 0.03556 0.00444 0.01333 0.04444 0.04000 0.00444 0.11111 0.18667 0.04000 0.00000 0.06667 0.02667 0.12444 0.05778 0.00889 0.03111 0.05778
A2BWQ7                         0.03556 0.03556 0.06667 0.03111 0.00444 0.01778 0.04444 0.03556 0.00444 0.13778 0.16444 0.04889 0.00444 0.07111 0.03111 0.12444 0.04889 0.00889 0.03111 0.05333
A2C201                         0.06667 0.04444 0.04889 0.03556 0.00889 0.03111 0.03556 0.04889 0.00444 0.11111 0.16444 0.02222 0.00000 0.06222 0.02222 0.12444 0.04889 0.01778 0.03556 0.06667
Q31RZ6                         0.07556 0.04444 0.03556 0.05333 0.00000 0.06222 0.04000 0.08000 0.00444 0.08889 0.15556 0.00444 0.00000 0.07111 0.02667 0.07111 0.07556 0.00444 0.02667 0.08000
Q5N2B6                         0.07556 0.04889 0.03556 0.05333 0.00000 0.06222 0.04000 0.08000 0.00444 0.08889 0.15556 0.00444 0.00000 0.07111 0.02222 0.07111 0.07556 0.00444 0.02667 0.08000
Q55611                         0.09333 0.03111 0.02667 0.06667 0.00000 0.04444 0.04444 0.06222 0.00889 0.11111 0.13333 0.01778 0.00889 0.06222 0.00889 0.06667 0.07556 0.00889 0.02667 0.10222
Q7V1E6                         0.03556 0.04000 0.06222 0.04444 0.00444 0.01333 0.03556 0.03556 0.00444 0.14222 0.16000 0.05333 0.00000 0.07111 0.02667 0.12889 0.05333 0.00889 0.03111 0.04889
A0YTB8                         0.08444 0.03556 0.03111 0.05333 0.00444 0.04444 0.04444 0.06222 0.00444 0.09778 0.14667 0.01778 0.00444 0.07556 0.02222 0.06222 0.08000 0.00000 0.02222 0.10667
A3IPA7                         0.06222 0.03111 0.04889 0.04889 0.00000 0.04000 0.07111 0.06667 0.00444 0.11556 0.14667 0.01778 0.00000 0.07556 0.00889 0.08000 0.07111 0.00000 0.01778 0.09333
Q8DMB9                         0.06222 0.04889 0.02222 0.05333 0.00444 0.04889 0.03556 0.07111 0.00444 0.10667 0.16000 0.01778 0.00000 0.05778 0.02222 0.05778 0.09778 0.00000 0.02667 0.10222
B1WW65                         0.06222 0.03111 0.05778 0.04889 0.00000 0.04000 0.06222 0.06667 0.00444 0.11556 0.15111 0.01778 0.00000 0.07556 0.00889 0.07556 0.07556 0.00000 0.01778 0.08889
B8HQ25                         0.06667 0.04889 0.02667 0.04889 0.00000 0.04889 0.03111 0.05778 0.00444 0.09778 0.15556 0.01778 0.00889 0.06667 0.01333 0.08000 0.08889 0.00000 0.03556 0.10222
B7KJN2                         0.07111 0.02667 0.02667 0.04889 0.00000 0.05778 0.04000 0.05778 0.00444 0.10222 0.14667 0.01333 0.00444 0.07556 0.02222 0.07556 0.10667 0.00000 0.02667 0.09333
B4AY87                         0.07556 0.03111 0.03111 0.05778 0.00000 0.05333 0.03556 0.05778 0.00444 0.10222 0.14667 0.01778 0.00444 0.07556 0.02222 0.07111 0.10222 0.00000 0.02667 0.08444
A5GTK4                         0.14667 0.04000 0.01778 0.05778 0.00000 0.05333 0.03111 0.05333 0.00444 0.04889 0.16000 0.00444 0.00000 0.03556 0.04000 0.08444 0.05778 0.01333 0.02222 0.12889
Q7U7C8                         0.13333 0.05778 0.00889 0.04444 0.00000 0.04889 0.02222 0.08444 0.00444 0.05778 0.16444 0.00444 0.00000 0.04889 0.02667 0.08889 0.05778 0.01333 0.02667 0.10667
B0JP76                         0.08000 0.03556 0.02667 0.04889 0.00000 0.03556 0.04444 0.05333 0.00444 0.07556 0.15556 0.02667 0.00000 0.08000 0.01778 0.07111 0.10222 0.00000 0.02667 0.11556
Q7VCH2                         0.08000 0.04000 0.03111 0.03111 0.00889 0.01778 0.05333 0.05778 0.00444 0.08889 0.14667 0.03556 0.00889 0.06667 0.02667 0.10222 0.07111 0.01333 0.02222 0.09333
A3Z7B3                         0.13778 0.06222 0.00889 0.04444 0.00444 0.04444 0.03111 0.06222 0.00444 0.05778 0.18222 0.00000 0.00444 0.03556 0.03111 0.08889 0.05778 0.01333 0.02667 0.10222
Q066J0                         0.12444 0.05333 0.00889 0.04889 0.00444 0.05333 0.01778 0.06667 0.00444 0.05333 0.16889 0.00889 0.00444 0.04444 0.03556 0.08889 0.05778 0.01333 0.02667 0.11556
Q3AXF8                         0.12889 0.05333 0.00889 0.04444 0.00444 0.05778 0.01778 0.06667 0.00444 0.04889 0.16889 0.00889 0.00444 0.04889 0.03556 0.08444 0.05778 0.01333 0.02667 0.11556
B1XQC0                         0.07556 0.03556 0.02667 0.06667 0.00444 0.04889 0.03111 0.07111 0.00889 0.08444 0.15111 0.00889 0.00889 0.07556 0.01778 0.07556 0.08000 0.00000 0.01778 0.11111
A4CU90                         0.10667 0.06667 0.00889 0.04889 0.00444 0.04000 0.02222 0.07111 0.00889 0.06667 0.16444 0.00000 0.00444 0.04000 0.02667 0.08889 0.08000 0.01333 0.02222 0.11556
Q3AKD5                         0.12444 0.05778 0.00444 0.04889 0.00444 0.04000 0.02667 0.07111 0.00444 0.05333 0.17333 0.01333 0.00000 0.04444 0.04000 0.09333 0.05333 0.01333 0.02667 0.10667
A5GLH2                         0.10667 0.06667 0.01333 0.04889 0.00444 0.04000 0.01778 0.07111 0.00444 0.06222 0.17333 0.00000 0.00444 0.03556 0.03556 0.08889 0.07556 0.01333 0.02222 0.11556
Q05TH8                         0.12444 0.04889 0.01333 0.04889 0.00444 0.04444 0.02667 0.07556 0.00444 0.08000 0.17333 0.00000 0.00000 0.03111 0.03556 0.09333 0.06222 0.01333 0.02667 0.09333
A2CA57                         0.11111 0.06222 0.00444 0.04889 0.00444 0.03556 0.02667 0.07556 0.00444 0.05778 0.18222 0.01333 0.00444 0.03556 0.03111 0.09778 0.06222 0.01333 0.02667 0.10222
Q0I9S9                         0.11111 0.06222 0.00444 0.05778 0.00444 0.04000 0.03111 0.08444 0.00444 0.07111 0.16889 0.00444 0.00444 0.04000 0.03111 0.08444 0.05333 0.01333 0.02222 0.10667
A9B9Y6                         0.10222 0.04000 0.03556 0.04000 0.00444 0.03111 0.02222 0.06667 0.00444 0.07111 0.16889 0.02222 0.00000 0.06667 0.03111 0.10667 0.06667 0.01333 0.01778 0.08889
Q7V7W5                         0.11111 0.06222 0.00889 0.04444 0.00444 0.03556 0.02667 0.07556 0.00444 0.05778 0.18667 0.00889 0.00444 0.03556 0.03111 0.09778 0.06667 0.01333 0.02667 0.09778
A3YZV3                         0.10667 0.04000 0.00889 0.04889 0.00444 0.04000 0.02667 0.08000 0.00444 0.06222 0.16889 0.00444 0.00000 0.05778 0.04000 0.10222 0.07556 0.01333 0.01778 0.09778

Homogeneity statistic: X2 = 6.56910 G = 6.80624 

Average                        0.08144 0.04595 0.03145 0.04629 0.00232 0.03241 0.04321 0.06482 0.00568 0.10174 0.14817 0.02448 0.00786 0.06024 0.02311 0.08383 0.07350 0.00622 0.02379 0.09347

# constant sites:     14 (6.22%)
ln Lmax (unconstrained) = -1199.554268

AA distances (raw proportions of different sites)

A8ERU7         
D1B3G6           0.4222
Q4HGN2           0.4222  0.4267
A8FME5           0.4267  0.4311  0.0667
A7H2R5           0.4267  0.4311  0.0711  0.0044
A6Q513           0.4133  0.4178  0.4000  0.4133  0.4133
Q4HTF5           0.4622  0.4622  0.1422  0.1422  0.1467  0.4044
A6Q796           0.4178  0.4178  0.4000  0.4044  0.4000  0.2933  0.3956
Q7M925           0.4756  0.4178  0.4711  0.4756  0.4711  0.3911  0.4756  0.4311
B9L685           0.4400  0.4178  0.4667  0.4400  0.4400  0.3467  0.4622  0.3600  0.4622
Q30Q80           0.4222  0.3956  0.4267  0.4267  0.4311  0.3289  0.4444  0.3022  0.4444  0.4044
B9KCT0           0.4489  0.4133  0.2444  0.2489  0.2489  0.4044  0.2667  0.4000  0.4578  0.4400  0.4356
O26073           0.5111  0.4667  0.5244  0.5333  0.5333  0.4978  0.5467  0.4889  0.4444  0.4844  0.5022  0.5556
B7MQC4           0.6267  0.6089  0.6044  0.6089  0.6089  0.5911  0.6089  0.5911  0.6222  0.6044  0.5867  0.6044  0.6178
P0AG93           0.6267  0.6089  0.6044  0.6089  0.6089  0.5911  0.6089  0.5911  0.6222  0.6044  0.5867  0.6044  0.6178  0.0000
B7LMH8           0.6444  0.6089  0.6000  0.6044  0.6044  0.5867  0.6089  0.5911  0.6267  0.6044  0.5867  0.6044  0.6178  0.0400  0.0400
B0CEA6           0.6800  0.6844  0.6311  0.6311  0.6311  0.6311  0.6578  0.6356  0.6844  0.6356  0.6489  0.6578  0.6711  0.6844  0.6844  0.6800
Q2JKR7           0.7200  0.6711  0.6578  0.6533  0.6533  0.6622  0.6489  0.6489  0.6667  0.6489  0.6578  0.6311  0.7067  0.6400  0.6400  0.6311  0.4756
A0ZBR4           0.6711  0.6756  0.6222  0.6356  0.6356  0.6400  0.6489  0.6444  0.6889  0.6311  0.6311  0.6711  0.6844  0.6800  0.6800  0.6756  0.3156  0.4756
Q7NDR5           0.6578  0.6667  0.6222  0.6311  0.6311  0.6489  0.6400  0.6222  0.6844  0.6489  0.6133  0.6533  0.6844  0.6578  0.6578  0.6578  0.4711  0.5378  0.5067
Q2JY12           0.7244  0.6622  0.6489  0.6356  0.6356  0.6356  0.6267  0.6444  0.6667  0.6356  0.6311  0.6133  0.6889  0.6311  0.6311  0.6178  0.4533  0.0800  0.4756  0.5289
A8G4P6           0.6800  0.6844  0.6400  0.6400  0.6400  0.6711  0.6800  0.6800  0.7200  0.6667  0.6667  0.6933  0.6844  0.6889  0.6889  0.6800  0.5556  0.6000  0.6044  0.6178  0.5911
B2J578           0.6667  0.6622  0.6356  0.6311  0.6311  0.6267  0.6533  0.6267  0.6667  0.6133  0.6400  0.6578  0.6844  0.6933  0.6933  0.6889  0.3511  0.4756  0.2356  0.4756  0.4711  0.5956
B9YW84           0.6622  0.6711  0.6222  0.6267  0.6267  0.6222  0.6400  0.6444  0.6756  0.6178  0.6533  0.6667  0.6933  0.6889  0.6889  0.6844  0.3556  0.4800  0.2267  0.4756  0.4756  0.5867  0.1422
Q3MD24           0.6756  0.6533  0.6311  0.6400  0.6400  0.6267  0.6489  0.6356  0.6844  0.6178  0.6400  0.6622  0.6756  0.6800  0.6800  0.6756  0.3378  0.4622  0.1600  0.5022  0.4533  0.5822  0.2356  0.1956
Q8Z0H6           0.6800  0.6578  0.6222  0.6356  0.6356  0.6222  0.6444  0.6400  0.6844  0.6222  0.6400  0.6622  0.6756  0.6800  0.6800  0.6756  0.3333  0.4756  0.1556  0.5067  0.4667  0.5822  0.2311  0.1867  0.0267
Q4C2U0           0.6889  0.6711  0.6400  0.6356  0.6356  0.6444  0.6622  0.6489  0.6711  0.6489  0.6444  0.6578  0.6667  0.6889  0.6889  0.6800  0.3556  0.4800  0.3600  0.5244  0.4533  0.5467  0.3778  0.3733  0.3644  0.3600
B5VZ23           0.7022  0.6889  0.6756  0.6622  0.6622  0.6578  0.6800  0.6400  0.6844  0.6489  0.6311  0.6844  0.6978  0.6578  0.6578  0.6578  0.3556  0.4400  0.3378  0.5111  0.4222  0.6000  0.3467  0.3556  0.3244  0.3378  0.3422
Q10UU5           0.6978  0.6800  0.6444  0.6489  0.6489  0.6533  0.6578  0.6400  0.6978  0.6533  0.6533  0.6622  0.7067  0.6933  0.6933  0.6889  0.3511  0.4933  0.3067  0.4889  0.4756  0.5867  0.3156  0.3333  0.3200  0.3289  0.3244  0.2889
A3PCS8           0.6933  0.6978  0.6489  0.6489  0.6489  0.6800  0.6844  0.6889  0.7156  0.6756  0.6844  0.6933  0.6889  0.6889  0.6889  0.6844  0.5511  0.6178  0.5822  0.6178  0.6000  0.0622  0.5822  0.5778  0.5644  0.5644  0.5333  0.5911  0.5644
A2BR05           0.6933  0.6978  0.6400  0.6400  0.6400  0.6800  0.6756  0.6844  0.7156  0.6756  0.6844  0.6889  0.6844  0.6844  0.6844  0.6800  0.5467  0.6178  0.5822  0.6178  0.6000  0.0756  0.5822  0.5778  0.5600  0.5600  0.5422  0.5911  0.5644  0.0133
Q46L53           0.7022  0.7022  0.7333  0.7200  0.7200  0.6933  0.7067  0.6756  0.6889  0.6533  0.6578  0.7200  0.6889  0.7067  0.7067  0.6978  0.5911  0.5822  0.5867  0.6622  0.5733  0.5378  0.5822  0.5956  0.5867  0.5867  0.5644  0.5778  0.5600  0.5200  0.5244
B7JV31           0.6978  0.6711  0.6667  0.6622  0.6622  0.6489  0.6800  0.6489  0.6711  0.6533  0.6444  0.6711  0.6756  0.6889  0.6889  0.6844  0.3156  0.4578  0.2800  0.5200  0.4400  0.5867  0.3333  0.3289  0.3289  0.3200  0.1911  0.3333  0.3200  0.5644  0.5644  0.5556
C7QW87           0.6978  0.6711  0.6667  0.6622  0.6622  0.6489  0.6800  0.6489  0.6711  0.6533  0.6444  0.6711  0.6756  0.6889  0.6889  0.6844  0.3156  0.4578  0.2800  0.5200  0.4400  0.5867  0.3333  0.3289  0.3289  0.3200  0.1911  0.3333  0.3200  0.5644  0.5644  0.5556  0.0000
Q31B14           0.6978  0.7022  0.6533  0.6533  0.6533  0.6800  0.6889  0.6889  0.7200  0.6756  0.6889  0.6933  0.6844  0.6844  0.6844  0.6800  0.5511  0.6178  0.5867  0.6178  0.6000  0.0711  0.5867  0.5822  0.5689  0.5689  0.5333  0.5956  0.5689  0.0089  0.0222  0.5200  0.5689  0.5689
A2BWQ7           0.6933  0.6844  0.6667  0.6667  0.6667  0.6711  0.6978  0.6933  0.7200  0.6711  0.6756  0.7156  0.6889  0.6844  0.6844  0.6800  0.5600  0.6444  0.6178  0.6222  0.6178  0.2044  0.6000  0.5911  0.5867  0.5867  0.5689  0.6133  0.6000  0.1867  0.2000  0.5422  0.6000  0.6000  0.1911
A2C201           0.7022  0.7022  0.7333  0.7244  0.7244  0.7022  0.7067  0.6800  0.6933  0.6622  0.6578  0.7200  0.6933  0.7067  0.7067  0.6978  0.5911  0.5822  0.5822  0.6622  0.5733  0.5422  0.5778  0.5956  0.5867  0.5867  0.5644  0.5733  0.5556  0.5244  0.5244  0.0133  0.5511  0.5511  0.5244  0.5467
Q31RZ6           0.6533  0.6844  0.6400  0.6444  0.6444  0.6489  0.6578  0.6444  0.6622  0.6622  0.6356  0.6489  0.7067  0.6756  0.6756  0.6800  0.3422  0.4489  0.3600  0.5022  0.4489  0.5733  0.3378  0.3644  0.3333  0.3289  0.3778  0.3822  0.3822  0.5644  0.5644  0.5333  0.3911  0.3911  0.5689  0.5956  0.5378
Q5N2B6           0.6533  0.6844  0.6400  0.6444  0.6444  0.6533  0.6578  0.6444  0.6622  0.6622  0.6356  0.6489  0.7067  0.6800  0.6800  0.6844  0.3467  0.4533  0.3644  0.5022  0.4533  0.5733  0.3422  0.3689  0.3378  0.3333  0.3778  0.3867  0.3867  0.5644  0.5644  0.5333  0.3956  0.3956  0.5689  0.5956  0.5378  0.0044
Q55611           0.7200  0.6889  0.6489  0.6489  0.6489  0.6356  0.6444  0.6489  0.6756  0.6667  0.6622  0.6533  0.6978  0.6933  0.6933  0.6889  0.4044  0.4800  0.3822  0.5244  0.4578  0.6044  0.4044  0.3867  0.3822  0.3733  0.3467  0.4222  0.3822  0.5911  0.5867  0.5911  0.3067  0.3067  0.5867  0.6267  0.5956  0.4622  0.4622
Q7V1E6           0.6933  0.6667  0.6578  0.6578  0.6578  0.6800  0.6889  0.6889  0.7067  0.6667  0.6756  0.7111  0.6889  0.6889  0.6889  0.6844  0.5689  0.6489  0.6178  0.6267  0.6311  0.2089  0.6089  0.6000  0.5867  0.5867  0.5733  0.6222  0.5867  0.1822  0.1956  0.5378  0.6044  0.6044  0.1867  0.0844  0.5422  0.5956  0.5956  0.6400
A0YTB8           0.7022  0.6844  0.6578  0.6444  0.6444  0.6356  0.6578  0.6356  0.6756  0.6489  0.6356  0.6756  0.6978  0.6933  0.6933  0.6889  0.3467  0.4578  0.3067  0.5200  0.4267  0.5733  0.3111  0.3244  0.2978  0.3111  0.3200  0.1822  0.2311  0.5689  0.5644  0.5511  0.2978  0.2978  0.5733  0.5956  0.5511  0.3511  0.3556  0.3867  0.6089
A3IPA7           0.6756  0.6622  0.6489  0.6444  0.6444  0.6489  0.6667  0.6533  0.6711  0.6444  0.6444  0.6356  0.6800  0.7022  0.7022  0.6933  0.3600  0.4667  0.3467  0.5200  0.4356  0.5556  0.3733  0.3556  0.3556  0.3556  0.0933  0.3511  0.3333  0.5422  0.5511  0.5556  0.1822  0.1822  0.5467  0.5867  0.5556  0.3733  0.3733  0.3378  0.5911  0.3156
Q8DMB9           0.6933  0.6889  0.6933  0.6756  0.6756  0.6622  0.6933  0.6667  0.6711  0.6756  0.6533  0.6756  0.6933  0.6711  0.6711  0.6711  0.3422  0.4444  0.2889  0.4933  0.4311  0.5778  0.2933  0.3200  0.3200  0.3200  0.3467  0.3289  0.3156  0.5556  0.5556  0.5689  0.3244  0.3244  0.5556  0.6044  0.5644  0.3733  0.3778  0.3867  0.6044  0.3022  0.3422
B1WW65           0.6844  0.6756  0.6400  0.6400  0.6400  0.6444  0.6622  0.6489  0.6711  0.6489  0.6489  0.6444  0.6756  0.6889  0.6889  0.6889  0.3600  0.4489  0.3467  0.5200  0.4222  0.5600  0.3778  0.3733  0.3600  0.3600  0.1067  0.3511  0.3333  0.5467  0.5556  0.5556  0.1911  0.1911  0.5422  0.5911  0.5556  0.3778  0.3778  0.3333  0.5911  0.3111  0.0444  0.3511
B8HQ25           0.7022  0.6889  0.6667  0.6578  0.6578  0.6667  0.6756  0.6711  0.6844  0.6400  0.6711  0.6756  0.7111  0.6933  0.6933  0.6889  0.3333  0.4622  0.3156  0.4756  0.4622  0.5644  0.2622  0.3156  0.3200  0.3156  0.3556  0.3378  0.3067  0.5556  0.5556  0.5733  0.3422  0.3422  0.5600  0.5778  0.5689  0.3644  0.3689  0.3956  0.5956  0.3156  0.3556  0.2711  0.3644
B7KJN2           0.6933  0.6978  0.6400  0.6444  0.6444  0.6444  0.6667  0.6533  0.6800  0.6756  0.6444  0.6622  0.6756  0.6844  0.6844  0.6800  0.3644  0.4978  0.3644  0.5333  0.4711  0.5778  0.3733  0.3911  0.3867  0.3689  0.2933  0.3644  0.3600  0.5556  0.5600  0.5733  0.2622  0.2622  0.5644  0.6000  0.5778  0.3556  0.3600  0.3289  0.6000  0.3200  0.2933  0.3600  0.2933  0.3644
B4AY87           0.7022  0.7111  0.6533  0.6489  0.6489  0.6533  0.6622  0.6444  0.6622  0.6578  0.6489  0.6667  0.6844  0.7022  0.7022  0.6978  0.3867  0.5156  0.3822  0.5378  0.4756  0.5822  0.3556  0.3778  0.3778  0.3733  0.2889  0.3511  0.3378  0.5644  0.5644  0.5644  0.2933  0.2933  0.5644  0.6044  0.5689  0.3600  0.3600  0.3244  0.6089  0.2800  0.2978  0.3467  0.2933  0.3778  0.1333
A5GTK4           0.6844  0.7378  0.6978  0.6933  0.6933  0.6933  0.7156  0.6756  0.6889  0.6800  0.6756  0.7022  0.7156  0.7200  0.7200  0.7111  0.5289  0.5956  0.5778  0.6444  0.5956  0.5600  0.5778  0.5778  0.5644  0.5689  0.5644  0.5778  0.5956  0.5378  0.5333  0.4933  0.5378  0.5378  0.5333  0.5733  0.4978  0.5200  0.5200  0.5467  0.5689  0.5467  0.5733  0.5422  0.5689  0.5511  0.5600  0.5422
Q7U7C8           0.7111  0.6933  0.6800  0.6933  0.6933  0.6622  0.6844  0.6356  0.6578  0.6756  0.6489  0.6800  0.6800  0.6933  0.6933  0.6844  0.5556  0.5556  0.5600  0.6133  0.5644  0.5422  0.5511  0.5600  0.5556  0.5511  0.5644  0.5422  0.5378  0.5244  0.5244  0.3644  0.5378  0.5378  0.5244  0.5556  0.3644  0.5111  0.5111  0.5867  0.5422  0.5467  0.5600  0.5511  0.5556  0.5600  0.5644  0.5511  0.4311
B0JP76           0.7067  0.6889  0.6533  0.6533  0.6533  0.6667  0.6578  0.6622  0.6933  0.6800  0.6622  0.6444  0.6978  0.6667  0.6667  0.6578  0.3511  0.4533  0.3600  0.4978  0.4267  0.5867  0.3600  0.3689  0.3689  0.3644  0.2844  0.3644  0.3511  0.5689  0.5689  0.5333  0.2356  0.2356  0.5689  0.6133  0.5333  0.3733  0.3778  0.3378  0.6178  0.3333  0.2756  0.3289  0.2578  0.3289  0.2711  0.2844  0.5156  0.5067
Q7VCH2           0.6933  0.6933  0.6711  0.6756  0.6756  0.6667  0.6844  0.6800  0.6844  0.6667  0.6578  0.6889  0.7022  0.7111  0.7111  0.7022  0.5778  0.6089  0.5822  0.6400  0.5956  0.5156  0.5733  0.5911  0.5778  0.5822  0.5867  0.6044  0.5778  0.5022  0.5067  0.4178  0.5778  0.5778  0.5067  0.5111  0.4222  0.5689  0.5689  0.6311  0.5156  0.5822  0.5822  0.5956  0.5822  0.5867  0.6089  0.5956  0.4756  0.3378  0.5778
A3Z7B3           0.7156  0.6844  0.6800  0.6800  0.6800  0.6622  0.6800  0.6311  0.6756  0.6711  0.6444  0.6711  0.6844  0.6933  0.6933  0.6844  0.5422  0.5467  0.5733  0.6044  0.5378  0.5200  0.5467  0.5644  0.5644  0.5556  0.5333  0.5378  0.5511  0.5156  0.5111  0.3911  0.5156  0.5156  0.5156  0.5289  0.3911  0.5244  0.5244  0.5644  0.5333  0.5378  0.5289  0.5422  0.5289  0.5378  0.5600  0.5511  0.4089  0.2089  0.4978  0.3867
Q066J0           0.7156  0.7156  0.6800  0.6889  0.6889  0.6800  0.6800  0.6533  0.6756  0.6711  0.6444  0.6800  0.6756  0.6711  0.6711  0.6622  0.5778  0.5778  0.5822  0.6178  0.5689  0.5422  0.5644  0.5733  0.5644  0.5644  0.5733  0.5467  0.5422  0.5378  0.5378  0.3600  0.5556  0.5556  0.5333  0.5467  0.3600  0.5244  0.5244  0.5867  0.5511  0.5511  0.5733  0.5689  0.5644  0.5733  0.5822  0.5644  0.4267  0.1644  0.5244  0.3333  0.2133
Q3AXF8           0.7156  0.7111  0.6800  0.6889  0.6889  0.6800  0.6800  0.6533  0.6756  0.6711  0.6444  0.6800  0.6800  0.6800  0.6800  0.6711  0.5733  0.5778  0.5822  0.6178  0.5689  0.5467  0.5644  0.5733  0.5689  0.5689  0.5644  0.5511  0.5467  0.5467  0.5467  0.3556  0.5556  0.5556  0.5467  0.5511  0.3556  0.5244  0.5244  0.5867  0.5556  0.5511  0.5733  0.5733  0.5689  0.5689  0.5822  0.5689  0.4311  0.1600  0.5244  0.3333  0.2178  0.0178
B1XQC0           0.7067  0.7111  0.6578  0.6667  0.6667  0.6622  0.6844  0.6667  0.6978  0.6978  0.6756  0.6622  0.7067  0.6800  0.6800  0.6756  0.3867  0.4667  0.3822  0.5111  0.4622  0.5867  0.4133  0.3911  0.4000  0.3822  0.3333  0.3867  0.3644  0.5778  0.5733  0.5822  0.3111  0.3111  0.5778  0.6133  0.5778  0.3911  0.3956  0.3822  0.6044  0.3733  0.3067  0.3600  0.2978  0.3778  0.3333  0.3600  0.5733  0.5422  0.3067  0.5644  0.5600  0.5689  0.5644
A4CU90           0.6978  0.6889  0.6578  0.6711  0.6711  0.6622  0.6667  0.6489  0.6711  0.6711  0.6311  0.6533  0.7067  0.6978  0.6978  0.6889  0.5822  0.5778  0.5778  0.6400  0.5600  0.5422  0.5644  0.5644  0.5867  0.5778  0.5644  0.5556  0.5556  0.5333  0.5333  0.3600  0.5511  0.5511  0.5333  0.5511  0.3600  0.5244  0.5244  0.5689  0.5556  0.5467  0.5600  0.5556  0.5644  0.5600  0.5778  0.5644  0.4178  0.2222  0.5289  0.3422  0.1867  0.2044  0.2044  0.5511
Q3AKD5           0.7289  0.7111  0.6889  0.6978  0.6978  0.6933  0.6933  0.6622  0.6933  0.6800  0.6622  0.6933  0.6889  0.6889  0.6889  0.6800  0.5733  0.5822  0.5600  0.6222  0.5778  0.5422  0.5556  0.5689  0.5689  0.5644  0.5822  0.5600  0.5511  0.5378  0.5378  0.3467  0.5422  0.5422  0.5333  0.5422  0.3467  0.5289  0.5289  0.5822  0.5467  0.5556  0.5822  0.5600  0.5733  0.5644  0.5733  0.5689  0.4222  0.1600  0.5111  0.3200  0.2178  0.0978  0.0978  0.5778  0.2133
A5GLH2           0.7067  0.6978  0.6667  0.6800  0.6800  0.6711  0.6756  0.6578  0.6711  0.6756  0.6400  0.6622  0.7111  0.6978  0.6978  0.6889  0.5778  0.5778  0.5867  0.6400  0.5644  0.5333  0.5689  0.5733  0.5911  0.5822  0.5689  0.5600  0.5600  0.5244  0.5244  0.3600  0.5556  0.5556  0.5289  0.5422  0.3600  0.5289  0.5289  0.5778  0.5467  0.5511  0.5644  0.5644  0.5689  0.5644  0.5778  0.5644  0.4089  0.2222  0.5333  0.3422  0.1956  0.2089  0.2044  0.5511  0.0267  0.2133
Q05TH8           0.7111  0.7111  0.6844  0.6844  0.6844  0.6667  0.6978  0.6489  0.6800  0.6800  0.6400  0.7067  0.6978  0.6889  0.6889  0.6800  0.5333  0.5689  0.5467  0.6133  0.5733  0.5111  0.5467  0.5511  0.5289  0.5289  0.5244  0.5289  0.5378  0.4978  0.5067  0.3644  0.5022  0.5022  0.4978  0.5156  0.3689  0.5022  0.5067  0.5556  0.5111  0.5244  0.5333  0.5333  0.5289  0.5556  0.5467  0.5289  0.4000  0.2222  0.5111  0.3511  0.2400  0.2089  0.2133  0.5422  0.2133  0.2133  0.2133
A2CA57           0.6933  0.6933  0.6711  0.6756  0.6756  0.6578  0.6844  0.6444  0.6800  0.6667  0.6356  0.6800  0.6667  0.6800  0.6800  0.6711  0.5733  0.5644  0.5644  0.6178  0.5556  0.5289  0.5556  0.5556  0.5600  0.5467  0.5600  0.5467  0.5467  0.5111  0.5200  0.3556  0.5467  0.5467  0.5200  0.5289  0.3556  0.5111  0.5111  0.5733  0.5200  0.5422  0.5556  0.5378  0.5556  0.5600  0.5511  0.5556  0.4178  0.1911  0.5156  0.3378  0.1911  0.1822  0.1867  0.5644  0.1644  0.1689  0.1689  0.1956
Q0I9S9           0.6933  0.6844  0.6711  0.6756  0.6756  0.6489  0.6889  0.6578  0.6533  0.6711  0.6267  0.6711  0.6844  0.6800  0.6800  0.6667  0.5600  0.5733  0.5644  0.6311  0.5556  0.5289  0.5511  0.5689  0.5689  0.5689  0.5600  0.5422  0.5467  0.5200  0.5156  0.3733  0.5378  0.5378  0.5244  0.5244  0.3733  0.5378  0.5378  0.5733  0.5200  0.5378  0.5733  0.5511  0.5733  0.5511  0.5644  0.5600  0.4222  0.2267  0.5244  0.3644  0.2267  0.2267  0.2222  0.5467  0.1556  0.2178  0.1511  0.1911  0.1911
A9B9Y6           0.6889  0.6756  0.6578  0.6622  0.6622  0.6400  0.6667  0.6533  0.6711  0.6711  0.6400  0.6933  0.6578  0.6978  0.6978  0.6889  0.5467  0.6000  0.5467  0.6133  0.5778  0.5022  0.5556  0.5556  0.5689  0.5600  0.5467  0.5511  0.5556  0.4889  0.4978  0.4000  0.5200  0.5200  0.4933  0.5022  0.4044  0.5333  0.5378  0.5822  0.4978  0.5422  0.5467  0.5467  0.5467  0.5644  0.5511  0.5467  0.4889  0.3200  0.5200  0.3022  0.3244  0.3156  0.3111  0.5511  0.2933  0.3111  0.2978  0.3289  0.2756  0.2978
Q7V7W5           0.6978  0.6933  0.6711  0.6711  0.6711  0.6578  0.6844  0.6444  0.6800  0.6622  0.6356  0.6800  0.6667  0.6800  0.6800  0.6711  0.5733  0.5644  0.5689  0.6178  0.5556  0.5289  0.5600  0.5600  0.5644  0.5511  0.5600  0.5511  0.5467  0.5111  0.5200  0.3511  0.5467  0.5467  0.5200  0.5244  0.3511  0.5156  0.5156  0.5733  0.5244  0.5467  0.5556  0.5422  0.5556  0.5600  0.5511  0.5556  0.4178  0.1911  0.5156  0.3378  0.1911  0.1867  0.1911  0.5689  0.1644  0.1733  0.1689  0.1956  0.0133  0.1911  0.2667
A3YZV3           0.6933  0.7022  0.6400  0.6444  0.6444  0.7022  0.6533  0.6756  0.7022  0.6711  0.6578  0.6667  0.7022  0.6933  0.6933  0.6889  0.5289  0.5733  0.5511  0.6000  0.5556  0.5244  0.5556  0.5422  0.5556  0.5556  0.5289  0.5689  0.5422  0.5200  0.5244  0.4444  0.5467  0.5467  0.5244  0.5289  0.4489  0.5111  0.5111  0.5467  0.5333  0.5422  0.5511  0.5378  0.5511  0.5200  0.5511  0.5422  0.4044  0.3867  0.5156  0.4489  0.3689  0.3689  0.3733  0.5689  0.3556  0.3778  0.3556  0.3867  0.3600  0.3556  0.3867  0.3600


TREE #  1:  (14, 15, (16, ((10, ((1, (12, (7, (3, (4, 5))))), ((8, (6, 11)), (2, (9, 13))))), (20, ((18, 21), (17, (((19, ((25, 26), (23, 24))), (44, (46, ((29, (28, 42)), (((47, 48), (51, 56)), (40, ((33, 34), (27, (43, 45))))))))), ((49, (65, (((52, 63), ((50, (58, (54, 55))), ((61, 64), (60, (53, (62, (57, 59))))))), (((36, 41), (22, (30, (31, 35)))), (32, 37))))), (38, 39)))))))));   MP score: 2496
lnL(ntime:127  np:128): -11960.557585      +0.000000
  66..14   66..15   66..67   67..16   67..68   68..69   69..10   69..70   70..71   71..1    71..72   72..12   72..73   73..7    73..74   74..3    74..75   75..4    75..5    70..76   76..77   77..8    77..78   78..6    78..11   76..79   79..2    79..80   80..9    80..13   68..81   81..20   81..82   82..83   83..18   83..21   82..84   84..17   84..85   85..86   86..87   87..19   87..88   88..89   89..25   89..26   88..90   90..23   90..24   86..91   91..44   91..92   92..46   92..93   93..94   94..29   94..95   95..28   95..42   93..96   96..97   97..98   98..47   98..48   97..99   99..51   99..56   96..100 100..40  100..101 101..102 102..33  102..34  101..103 103..27  103..104 104..43  104..45   85..105 105..106 106..49  106..107 107..65  107..108 108..109 109..110 110..52  110..63  109..111 111..112 112..50  112..113 113..58  113..114 114..54  114..55  111..115 115..116 116..61  116..64  115..117 117..60  117..118 118..53  118..119 119..62  119..120 120..57  120..59  108..121 121..122 122..123 123..36  123..41  122..124 124..22  124..125 125..30  125..126 126..31  126..35  121..127 127..32  127..37  105..128 128..38  128..39 
 0.000004 0.000004 0.053092 0.000004 1.171769 0.456497 0.406886 0.112217 0.056674 0.566514 0.448564 0.272619 0.119962 0.114215 0.051265 0.056304 0.038835 0.000004 0.005482 0.038895 0.092217 0.266925 0.036157 0.325639 0.414358 0.149278 0.423983 0.246199 0.371442 0.730790 1.022746 0.604542 0.247925 0.670300 0.082229 0.030885 0.276756 0.289131 0.047604 0.118396 0.139033 0.098431 0.043985 0.112929 0.033880 0.001105 0.156911 0.143156 0.064802 0.081925 0.294806 0.042359 0.299030 0.079931 0.096022 0.265091 0.142823 0.234988 0.067704 0.143647 0.016172 0.218798 0.083888 0.118044 0.037562 0.249085 0.432375 0.052325 0.457680 0.079889 0.091323 0.000004 0.000004 0.135387 0.085705 0.033804 0.018518 0.038502 0.212931 0.961108 0.524630 0.213422 0.405723 0.284399 0.168817 0.242111 0.409580 0.261216 0.055297 0.078045 0.166310 0.052483 0.091229 0.057799 0.000004 0.023560 0.054030 0.109597 0.012888 0.005279 0.043024 0.247972 0.037233 0.230263 0.051410 0.177736 0.090132 0.015679 0.018848 0.252712 1.234714 0.200198 0.059656 0.065601 0.056331 0.082016 0.004428 0.000004 0.000004 0.016967 0.011376 0.355949 0.004571 0.012234 0.307873 0.000004 0.006070 0.792865

tree length =  23.08239

(14: 0.000004, 15: 0.000004, (16: 0.000004, ((10: 0.406886, ((1: 0.566514, (12: 0.272619, (7: 0.114215, (3: 0.056304, (4: 0.000004, 5: 0.005482): 0.038835): 0.051265): 0.119962): 0.448564): 0.056674, ((8: 0.266925, (6: 0.325639, 11: 0.414358): 0.036157): 0.092217, (2: 0.423983, (9: 0.371442, 13: 0.730790): 0.246199): 0.149278): 0.038895): 0.112217): 0.456497, (20: 0.604542, ((18: 0.082229, 21: 0.030885): 0.670300, (17: 0.289131, (((19: 0.098431, ((25: 0.033880, 26: 0.001105): 0.112929, (23: 0.143156, 24: 0.064802): 0.156911): 0.043985): 0.139033, (44: 0.294806, (46: 0.299030, ((29: 0.265091, (28: 0.234988, 42: 0.067704): 0.142823): 0.096022, (((47: 0.083888, 48: 0.118044): 0.218798, (51: 0.249085, 56: 0.432375): 0.037562): 0.016172, (40: 0.457680, ((33: 0.000004, 34: 0.000004): 0.091323, (27: 0.085705, (43: 0.018518, 45: 0.038502): 0.033804): 0.135387): 0.079889): 0.052325): 0.143647): 0.079931): 0.042359): 0.081925): 0.118396, ((49: 0.524630, (65: 0.405723, (((52: 0.409580, 63: 0.261216): 0.242111, ((50: 0.166310, (58: 0.091229, (54: 0.000004, 55: 0.023560): 0.057799): 0.052483): 0.078045, ((61: 0.012888, 64: 0.005279): 0.109597, (60: 0.247972, (53: 0.230263, (62: 0.177736, (57: 0.015679, 59: 0.018848): 0.090132): 0.051410): 0.037233): 0.043024): 0.054030): 0.055297): 0.168817, (((36: 0.059656, 41: 0.065601): 0.200198, (22: 0.082016, (30: 0.000004, (31: 0.016967, 35: 0.011376): 0.000004): 0.004428): 0.056331): 1.234714, (32: 0.004571, 37: 0.012234): 0.355949): 0.252712): 0.284399): 0.213422): 0.961108, (38: 0.000004, 39: 0.006070): 0.307873): 0.212931): 0.047604): 0.276756): 0.247925): 1.022746): 1.171769): 0.053092);

(B7MQC4: 0.000004, P0AG93: 0.000004, (B7LMH8: 0.000004, ((B9L685: 0.406886, ((A8ERU7: 0.566514, (B9KCT0: 0.272619, (Q4HTF5: 0.114215, (Q4HGN2: 0.056304, (A8FME5: 0.000004, A7H2R5: 0.005482): 0.038835): 0.051265): 0.119962): 0.448564): 0.056674, ((A6Q796: 0.266925, (A6Q513: 0.325639, Q30Q80: 0.414358): 0.036157): 0.092217, (D1B3G6: 0.423983, (Q7M925: 0.371442, O26073: 0.730790): 0.246199): 0.149278): 0.038895): 0.112217): 0.456497, (Q7NDR5: 0.604542, ((Q2JKR7: 0.082229, Q2JY12: 0.030885): 0.670300, (B0CEA6: 0.289131, (((A0ZBR4: 0.098431, ((Q3MD24: 0.033880, Q8Z0H6: 0.001105): 0.112929, (B2J578: 0.143156, B9YW84: 0.064802): 0.156911): 0.043985): 0.139033, (Q8DMB9: 0.294806, (B8HQ25: 0.299030, ((Q10UU5: 0.265091, (B5VZ23: 0.234988, A0YTB8: 0.067704): 0.142823): 0.096022, (((B7KJN2: 0.083888, B4AY87: 0.118044): 0.218798, (B0JP76: 0.249085, B1XQC0: 0.432375): 0.037562): 0.016172, (Q55611: 0.457680, ((B7JV31: 0.000004, C7QW87: 0.000004): 0.091323, (Q4C2U0: 0.085705, (A3IPA7: 0.018518, B1WW65: 0.038502): 0.033804): 0.135387): 0.079889): 0.052325): 0.143647): 0.079931): 0.042359): 0.081925): 0.118396, ((A5GTK4: 0.524630, (A3YZV3: 0.405723, (((Q7VCH2: 0.409580, A9B9Y6: 0.261216): 0.242111, ((Q7U7C8: 0.166310, (Q3AKD5: 0.091229, (Q066J0: 0.000004, Q3AXF8: 0.023560): 0.057799): 0.052483): 0.078045, ((A2CA57: 0.012888, Q7V7W5: 0.005279): 0.109597, (Q05TH8: 0.247972, (A3Z7B3: 0.230263, (Q0I9S9: 0.177736, (A4CU90: 0.015679, A5GLH2: 0.018848): 0.090132): 0.051410): 0.037233): 0.043024): 0.054030): 0.055297): 0.168817, (((A2BWQ7: 0.059656, Q7V1E6: 0.065601): 0.200198, (A8G4P6: 0.082016, (A3PCS8: 0.000004, (A2BR05: 0.016967, Q31B14: 0.011376): 0.000004): 0.004428): 0.056331): 1.234714, (Q46L53: 0.004571, A2C201: 0.012234): 0.355949): 0.252712): 0.284399): 0.213422): 0.961108, (Q31RZ6: 0.000004, Q5N2B6: 0.006070): 0.307873): 0.212931): 0.047604): 0.276756): 0.247925): 1.022746): 1.171769): 0.053092);

Detailed output identifying parameters

alpha (gamma, K = 4) =  0.79287
rate:   0.09404  0.40425  0.95496  2.54676
freq:   0.25000  0.25000  0.25000  0.25000

Time used: 29:58
