AAML (in paml version 4.6, August 2012)  304.aa
Model: Empirical for branches,  Global clock  (../../../bin/LG.dat) dGamma (ncatG=4) ns =  65  ls = 184


Frequencies..
                                    A      R      N      D      C      Q      E      G      H      I      L      K      M      F      P      S      T      W      Y      V
A8EWE1                         0.04348 0.02174 0.02174 0.07065 0.01087 0.05978 0.08152 0.09783 0.01630 0.07609 0.06522 0.09239 0.03804 0.04891 0.04891 0.02717 0.05435 0.00543 0.03804 0.08152
D1B041                         0.05435 0.01087 0.02717 0.07609 0.01087 0.04348 0.08152 0.09239 0.02717 0.07065 0.05435 0.10326 0.03261 0.04891 0.04891 0.03261 0.04891 0.00543 0.03261 0.09783
A6Q7Q7                         0.04348 0.01087 0.02174 0.06522 0.00000 0.04891 0.09783 0.10326 0.02717 0.05978 0.06522 0.10326 0.03804 0.05435 0.04348 0.01630 0.07609 0.00000 0.02174 0.10326
Q7M904                         0.04891 0.01630 0.03261 0.06522 0.00543 0.04348 0.09239 0.07609 0.03261 0.04891 0.05978 0.09783 0.03261 0.04348 0.04348 0.04891 0.04891 0.00543 0.04348 0.11413
B9KD70                         0.04891 0.02174 0.02717 0.07065 0.01087 0.04891 0.09783 0.09239 0.02174 0.08152 0.05435 0.10326 0.03261 0.04348 0.04348 0.02717 0.04891 0.00543 0.03261 0.08696
P56004                         0.07065 0.01087 0.02717 0.05435 0.00543 0.04891 0.09783 0.07609 0.02717 0.05978 0.07609 0.10326 0.02717 0.03261 0.03804 0.04348 0.04891 0.00543 0.03804 0.10870
Q4HHP5                         0.05435 0.02174 0.02717 0.07065 0.01087 0.03804 0.10326 0.08696 0.02174 0.07065 0.05435 0.10326 0.03261 0.04348 0.04348 0.03261 0.04348 0.00543 0.03261 0.10326
A8FKX4                         0.05435 0.02174 0.02717 0.08152 0.01087 0.04348 0.08696 0.08696 0.02174 0.07609 0.05435 0.10326 0.03261 0.04348 0.04348 0.02717 0.04891 0.00543 0.03261 0.09783
A7H4J1                         0.05435 0.02174 0.02717 0.08152 0.01087 0.04348 0.08696 0.08696 0.02174 0.07609 0.05435 0.10326 0.03261 0.04348 0.04348 0.02717 0.04891 0.00543 0.03261 0.09783
Q4HSZ7                         0.05978 0.01630 0.02717 0.07065 0.01087 0.04891 0.09239 0.08152 0.02174 0.07065 0.05435 0.10870 0.03261 0.03804 0.04348 0.02717 0.05435 0.00543 0.03261 0.10326
A6Q2S5                         0.05978 0.02717 0.02717 0.07065 0.00000 0.03261 0.08152 0.08696 0.03261 0.05435 0.07065 0.09783 0.03261 0.03261 0.04348 0.01630 0.08696 0.00000 0.04348 0.10326
Q30S45                         0.04891 0.02174 0.03261 0.07609 0.01630 0.04348 0.07609 0.08152 0.01630 0.07065 0.04891 0.09239 0.03261 0.05435 0.04348 0.04348 0.05978 0.00543 0.04348 0.09239
B9L9K9                         0.04348 0.04348 0.04348 0.07609 0.01087 0.01087 0.09239 0.07065 0.02717 0.05435 0.08152 0.09783 0.02174 0.03261 0.04348 0.03261 0.04891 0.00000 0.05978 0.10870
Q2JP65                         0.07609 0.04348 0.04348 0.04348 0.00000 0.03804 0.09239 0.08696 0.00543 0.05978 0.07065 0.07065 0.03261 0.02717 0.04891 0.02717 0.08152 0.00543 0.03261 0.11413
Q2JUZ8                         0.07609 0.04891 0.03804 0.04891 0.00000 0.03261 0.09239 0.08696 0.00543 0.05435 0.06522 0.07065 0.03804 0.03261 0.04891 0.03261 0.07065 0.00543 0.03261 0.11957
B7MSG8                         0.08152 0.03804 0.04348 0.07065 0.00543 0.02717 0.07065 0.08696 0.00543 0.03804 0.08152 0.06522 0.01630 0.04891 0.04348 0.04891 0.08152 0.01630 0.03261 0.09783
P0A6N4                         0.08152 0.03804 0.04348 0.07065 0.00543 0.02717 0.07065 0.08696 0.00543 0.03804 0.08152 0.06522 0.01630 0.04891 0.04348 0.04891 0.08152 0.01630 0.03261 0.09783
B7LLS9                         0.08152 0.03804 0.04348 0.07065 0.00543 0.02717 0.07065 0.08696 0.00543 0.03804 0.08152 0.06522 0.01630 0.04891 0.04348 0.04891 0.08152 0.01630 0.03261 0.09783
B5W8H5                         0.04348 0.04891 0.04891 0.07609 0.00000 0.03804 0.07609 0.09239 0.01630 0.03804 0.06522 0.05435 0.03804 0.03804 0.03804 0.04348 0.09783 0.01087 0.02717 0.10870
A2BNF2                         0.03804 0.03804 0.03261 0.04348 0.00000 0.04348 0.09239 0.09783 0.01630 0.05435 0.07065 0.07065 0.03261 0.04348 0.02717 0.07065 0.08696 0.00543 0.02174 0.11413
A0ZHD6                         0.04348 0.05435 0.02717 0.04891 0.00000 0.03804 0.10326 0.09783 0.01087 0.04891 0.07065 0.07065 0.03261 0.03261 0.03804 0.04891 0.07065 0.01087 0.02174 0.13043
A3PA73                         0.03804 0.04348 0.03804 0.04348 0.00000 0.03804 0.09239 0.09783 0.01630 0.05435 0.07065 0.07065 0.03261 0.04348 0.02717 0.07065 0.08152 0.00543 0.02174 0.11413
A8G213                         0.03804 0.04348 0.03261 0.04348 0.00000 0.03804 0.09239 0.09783 0.01630 0.05435 0.07065 0.07065 0.03261 0.04348 0.02717 0.07609 0.08152 0.00543 0.02174 0.11413
Q116D6                         0.03804 0.05435 0.04891 0.05435 0.00000 0.03804 0.10326 0.08696 0.01087 0.05435 0.05435 0.05978 0.03804 0.03804 0.03804 0.05978 0.07065 0.01087 0.02174 0.11957
A3IRM1                         0.04348 0.04891 0.02717 0.05435 0.00000 0.04348 0.10326 0.08696 0.01087 0.04348 0.05978 0.05978 0.03804 0.04348 0.03804 0.05435 0.09783 0.01087 0.02174 0.11413
B0C899                         0.03804 0.05435 0.02717 0.04891 0.00000 0.05435 0.10326 0.09239 0.01087 0.03804 0.05978 0.05978 0.03261 0.03804 0.03261 0.07609 0.06522 0.01087 0.02174 0.13587
B0JHV3                         0.04348 0.05435 0.02717 0.06522 0.00000 0.03261 0.08696 0.09239 0.01087 0.06522 0.05978 0.05978 0.03804 0.04891 0.03804 0.04891 0.10326 0.01087 0.01630 0.09783
A3Z3X6                         0.04891 0.04348 0.02717 0.04891 0.00000 0.03804 0.09239 0.09239 0.01087 0.03804 0.08152 0.07065 0.04348 0.03261 0.03804 0.06522 0.08696 0.01087 0.02717 0.10326
Q4C625                         0.04348 0.04891 0.03261 0.05978 0.00000 0.03261 0.09783 0.08696 0.01087 0.03261 0.05978 0.05978 0.03804 0.04891 0.03804 0.04348 0.11957 0.01087 0.02174 0.11413
A2BZC9                         0.04891 0.04891 0.02717 0.04891 0.00000 0.02174 0.10326 0.08696 0.01087 0.04891 0.07609 0.08152 0.03804 0.03804 0.03804 0.06522 0.07609 0.01087 0.02174 0.10870
Q0IE51                         0.05435 0.04348 0.02717 0.04891 0.00000 0.03804 0.09783 0.08696 0.01087 0.03804 0.08696 0.07609 0.03804 0.03804 0.03261 0.05435 0.09239 0.01087 0.02174 0.10326
Q46I36                         0.04891 0.04891 0.03261 0.05435 0.00000 0.02174 0.09783 0.08696 0.01087 0.04891 0.07609 0.08152 0.03804 0.03804 0.03804 0.05978 0.07609 0.01087 0.02174 0.10870
Q31DF8                         0.03261 0.03804 0.03261 0.04348 0.00000 0.03804 0.09239 0.09783 0.01630 0.05435 0.07609 0.07609 0.03261 0.03804 0.02717 0.08152 0.08152 0.00543 0.02174 0.11413
B1XKV1                         0.04348 0.05435 0.03261 0.05435 0.00000 0.03804 0.09783 0.08152 0.01087 0.05435 0.05978 0.05978 0.03261 0.04348 0.03261 0.04891 0.10326 0.01087 0.02174 0.11957
A0YPV6                         0.03804 0.04891 0.04891 0.05435 0.00000 0.03804 0.09239 0.10326 0.00543 0.04891 0.06522 0.05435 0.03261 0.04348 0.04348 0.03804 0.09783 0.01087 0.02174 0.11413
B7KGU8                         0.04348 0.04891 0.03261 0.04348 0.00000 0.03804 0.10870 0.09783 0.01087 0.06522 0.06522 0.06522 0.03261 0.03804 0.04348 0.04891 0.08152 0.01087 0.02717 0.09783
Q5N1T5                         0.05978 0.04891 0.03804 0.05978 0.00000 0.02174 0.09239 0.09783 0.00543 0.05435 0.05435 0.07609 0.02717 0.03804 0.03261 0.03804 0.09783 0.01087 0.02717 0.11957
Q54760                         0.05978 0.04891 0.03804 0.05978 0.00000 0.02174 0.09239 0.09783 0.00543 0.05435 0.05435 0.07609 0.02717 0.03804 0.03261 0.03804 0.09783 0.01087 0.02717 0.11957
Q8DJD3                         0.05435 0.06522 0.02717 0.05435 0.00000 0.03804 0.09783 0.09239 0.01087 0.04348 0.05978 0.05978 0.03261 0.03261 0.04348 0.04891 0.07065 0.01087 0.02717 0.13043
Q7UA67                         0.05435 0.04348 0.02717 0.04891 0.00000 0.02174 0.10326 0.09239 0.01087 0.04348 0.08152 0.07065 0.03804 0.03261 0.03804 0.07609 0.07609 0.01087 0.02717 0.10326
B1WNP3                         0.04348 0.04891 0.02174 0.05435 0.00000 0.03804 0.10326 0.08696 0.01087 0.04348 0.05978 0.05978 0.03804 0.03804 0.03804 0.05435 0.10870 0.01087 0.02717 0.11413
A2BTX3                         0.03261 0.04891 0.03261 0.05435 0.00000 0.03261 0.08696 0.09239 0.01087 0.05435 0.06522 0.07609 0.03261 0.04348 0.02717 0.07609 0.08152 0.00543 0.02717 0.11957
Q05US4                         0.04891 0.04348 0.02717 0.04891 0.00000 0.03261 0.09783 0.08696 0.01087 0.04348 0.07609 0.07609 0.03804 0.03261 0.03804 0.06522 0.08696 0.01087 0.02717 0.10870
Q3B0X4                         0.04891 0.04348 0.03261 0.05978 0.00000 0.02174 0.09239 0.08696 0.01087 0.04348 0.08152 0.07609 0.03804 0.03261 0.03804 0.08152 0.07065 0.01087 0.02717 0.10326
Q062J3                         0.04891 0.04348 0.03261 0.05978 0.00000 0.02174 0.09239 0.08696 0.01087 0.04348 0.08152 0.07609 0.03804 0.03261 0.03804 0.08152 0.07065 0.01087 0.02717 0.10326
A3YWJ1                         0.05978 0.04348 0.02717 0.04348 0.00000 0.04348 0.09783 0.09239 0.01087 0.04348 0.07065 0.07065 0.03261 0.03261 0.03261 0.05435 0.09783 0.01087 0.02717 0.10870
Q55119                         0.05435 0.03261 0.01630 0.07609 0.00000 0.03261 0.08152 0.09239 0.01087 0.05435 0.04891 0.07609 0.03804 0.04348 0.03804 0.05435 0.09239 0.01087 0.01630 0.13043
Q7V3P5                         0.03261 0.04891 0.03261 0.05978 0.00000 0.03261 0.08152 0.09239 0.01087 0.05978 0.06522 0.07609 0.03261 0.04348 0.02717 0.07609 0.07609 0.00543 0.02717 0.11957
B4B801                         0.04348 0.05435 0.03804 0.06522 0.00000 0.04348 0.08696 0.08152 0.00543 0.05435 0.06522 0.06522 0.03261 0.03804 0.03804 0.06522 0.07609 0.01087 0.03261 0.10326
B2J711                         0.03804 0.04891 0.01087 0.05435 0.00000 0.04348 0.09783 0.09783 0.01087 0.04891 0.07065 0.08152 0.03804 0.03804 0.03804 0.06522 0.07609 0.01087 0.02174 0.10870
A2C5M7                         0.04348 0.04348 0.03261 0.04891 0.00000 0.03261 0.09239 0.09239 0.01087 0.03261 0.08696 0.06522 0.03804 0.03261 0.03804 0.08696 0.07609 0.01087 0.02717 0.10870
Q7V9B9                         0.04348 0.04348 0.03804 0.04891 0.00000 0.03261 0.09239 0.09239 0.01087 0.03261 0.08696 0.06522 0.03804 0.03261 0.03804 0.08152 0.07609 0.01087 0.02717 0.10870
C7QVL3                         0.04891 0.04348 0.02174 0.05978 0.00000 0.04348 0.09783 0.09239 0.01087 0.04348 0.05978 0.06522 0.03804 0.03804 0.03804 0.04891 0.10326 0.01087 0.02717 0.10870
B7JVR7                         0.04891 0.04348 0.02174 0.05978 0.00000 0.04348 0.09783 0.09239 0.01087 0.04348 0.05978 0.06522 0.03804 0.03804 0.03804 0.04891 0.10326 0.01087 0.02717 0.10870
Q3ANM0                         0.05435 0.04348 0.03261 0.05435 0.00000 0.02174 0.10326 0.08696 0.01087 0.03804 0.07609 0.07609 0.04348 0.03261 0.03804 0.06522 0.07609 0.01087 0.02717 0.10870
B9YQ42                         0.04891 0.05978 0.02717 0.04348 0.00000 0.03804 0.10870 0.09783 0.01087 0.05978 0.05978 0.06522 0.03261 0.03804 0.03804 0.04348 0.07609 0.01087 0.02174 0.11957
Q7NL41                         0.04348 0.05435 0.03261 0.05978 0.00000 0.03804 0.09239 0.09783 0.00543 0.04891 0.06522 0.07065 0.03804 0.03804 0.03804 0.03804 0.08696 0.01087 0.02717 0.11413
A4CWR1                         0.05435 0.04348 0.03261 0.04891 0.00000 0.02717 0.10326 0.09239 0.01087 0.04348 0.08152 0.08152 0.03804 0.03261 0.03804 0.04891 0.08152 0.01087 0.02717 0.10326
A5GHP3                         0.05435 0.04348 0.03261 0.04891 0.00000 0.02717 0.10326 0.09239 0.01087 0.04348 0.08152 0.08152 0.03804 0.03261 0.03804 0.04891 0.08152 0.01087 0.02717 0.10326
A5GPX5                         0.05435 0.04348 0.02717 0.04891 0.00000 0.02717 0.10326 0.09239 0.01087 0.04891 0.06522 0.07609 0.03804 0.03804 0.03261 0.07065 0.08152 0.01087 0.02174 0.10870
A9B9I2                         0.05435 0.04891 0.02717 0.04891 0.00000 0.02717 0.09239 0.08696 0.01087 0.03804 0.07609 0.06522 0.03804 0.03261 0.03804 0.07065 0.09239 0.01087 0.02717 0.11413
Q7VEI7                         0.05978 0.04348 0.03804 0.04891 0.00000 0.02717 0.09783 0.08696 0.01087 0.03804 0.07609 0.07609 0.03804 0.03261 0.03804 0.05435 0.08152 0.01087 0.02717 0.11413
B8HV20                         0.05435 0.05435 0.04891 0.04348 0.00000 0.04891 0.09783 0.09239 0.01087 0.04348 0.05435 0.05978 0.04348 0.03261 0.03804 0.04348 0.05978 0.01630 0.02717 0.13043
Q3MAQ3                         0.04348 0.05435 0.02174 0.05978 0.00000 0.03804 0.09239 0.09783 0.01087 0.05978 0.06522 0.07065 0.03261 0.03804 0.03261 0.05978 0.07065 0.01087 0.02174 0.11957
Q44247                         0.04891 0.05435 0.02174 0.05978 0.00000 0.03804 0.09239 0.09783 0.01087 0.05978 0.06522 0.07065 0.03261 0.03804 0.03261 0.05435 0.07065 0.01087 0.02174 0.11957

Homogeneity statistic: X2 = 3.15195 G = 3.08053 

Average                        0.05050 0.04181 0.03144 0.05769 0.00201 0.03587 0.09339 0.09055 0.01313 0.05134 0.06764 0.07567 0.03428 0.03905 0.03829 0.05234 0.07818 0.00920 0.02776 0.10987

# constant sites:     26 (14.13%)
ln Lmax (unconstrained) = -934.682007

AA distances (raw proportions of different sites)

A8EWE1         
D1B041           0.2228
A6Q7Q7           0.2989  0.2772
Q7M904           0.3315  0.2935  0.3967
B9KD70           0.2989  0.2663  0.3478  0.2826
P56004           0.2989  0.2772  0.3587  0.2283  0.2772
Q4HHP5           0.3043  0.2446  0.3370  0.2500  0.0489  0.2554
A8FKX4           0.3098  0.2337  0.3424  0.2717  0.0435  0.2772  0.0272
A7H4J1           0.3098  0.2337  0.3424  0.2717  0.0435  0.2772  0.0272  0.0000
Q4HSZ7           0.3261  0.2717  0.3424  0.2609  0.0924  0.2663  0.0707  0.0598  0.0598
A6Q2S5           0.3370  0.2880  0.2880  0.3152  0.3261  0.3261  0.3043  0.3043  0.3043  0.3207
Q30S45           0.3696  0.3859  0.3696  0.3587  0.4022  0.3696  0.4022  0.4130  0.4130  0.4076  0.4130
B9L9K9           0.4511  0.4239  0.4837  0.4565  0.4457  0.4239  0.4239  0.4293  0.4293  0.4565  0.3913  0.5598
Q2JP65           0.5217  0.5109  0.5000  0.5380  0.5380  0.5435  0.5109  0.5163  0.5163  0.5435  0.4891  0.5707  0.5000
Q2JUZ8           0.5543  0.5380  0.5217  0.5163  0.5489  0.5598  0.5217  0.5272  0.5272  0.5543  0.5109  0.5761  0.5163  0.0707
B7MSG8           0.5761  0.5435  0.5707  0.5815  0.5707  0.5598  0.5543  0.5543  0.5543  0.5707  0.5435  0.6141  0.5870  0.5326  0.5380
P0A6N4           0.5761  0.5435  0.5707  0.5815  0.5707  0.5598  0.5543  0.5543  0.5543  0.5707  0.5435  0.6141  0.5870  0.5326  0.5380  0.0000
B7LLS9           0.5761  0.5435  0.5707  0.5815  0.5707  0.5598  0.5543  0.5543  0.5543  0.5707  0.5435  0.6141  0.5870  0.5326  0.5380  0.0000  0.0000
B5W8H5           0.5707  0.5380  0.5380  0.5924  0.5761  0.5543  0.5598  0.5489  0.5489  0.5707  0.5163  0.6250  0.5598  0.3152  0.3261  0.5543  0.5543  0.5543
A2BNF2           0.5761  0.5543  0.5489  0.5761  0.5652  0.5652  0.5489  0.5598  0.5598  0.5761  0.5054  0.6033  0.5543  0.3641  0.3750  0.5652  0.5652  0.5652  0.2337
A0ZHD6           0.5652  0.5380  0.5272  0.5924  0.5815  0.5435  0.5543  0.5598  0.5598  0.5815  0.5163  0.6033  0.5598  0.3043  0.3207  0.5326  0.5326  0.5326  0.2228  0.2663
A3PA73           0.5761  0.5598  0.5543  0.5707  0.5598  0.5652  0.5435  0.5543  0.5543  0.5707  0.5109  0.5924  0.5543  0.3696  0.3696  0.5652  0.5652  0.5652  0.2391  0.0217  0.2717
A8G213           0.5761  0.5489  0.5489  0.5815  0.5707  0.5598  0.5543  0.5652  0.5652  0.5815  0.5054  0.6087  0.5489  0.3696  0.3804  0.5598  0.5598  0.5598  0.2391  0.0272  0.2554  0.0272
Q116D6           0.5924  0.5761  0.5652  0.5924  0.5870  0.5707  0.5761  0.5761  0.5761  0.5978  0.5326  0.6250  0.5489  0.3207  0.3152  0.5652  0.5652  0.5652  0.2120  0.2500  0.2011  0.2391  0.2446
A3IRM1           0.5815  0.5652  0.5272  0.6087  0.5815  0.5761  0.5598  0.5652  0.5652  0.5924  0.5163  0.6087  0.5326  0.3641  0.3750  0.5489  0.5489  0.5489  0.2228  0.2663  0.2609  0.2554  0.2554  0.2337
B0C899           0.5870  0.5707  0.5652  0.5815  0.5870  0.5598  0.5598  0.5761  0.5761  0.5870  0.5272  0.6033  0.5380  0.3315  0.3261  0.5652  0.5652  0.5652  0.1957  0.2228  0.1739  0.2283  0.2228  0.1250  0.1793
B0JHV3           0.5870  0.5598  0.5489  0.5815  0.5924  0.5815  0.5761  0.5761  0.5761  0.5978  0.5163  0.6033  0.5489  0.3043  0.3152  0.5435  0.5435  0.5435  0.2283  0.2609  0.2500  0.2663  0.2554  0.2228  0.1630  0.1902
A3Z3X6           0.5652  0.5435  0.5543  0.5978  0.5815  0.5543  0.5543  0.5598  0.5598  0.5761  0.5109  0.5978  0.5489  0.3370  0.3478  0.5217  0.5217  0.5217  0.2554  0.1848  0.2065  0.1902  0.1685  0.2663  0.2446  0.2120  0.2391
Q4C625           0.5815  0.5543  0.5326  0.6196  0.5870  0.5815  0.5707  0.5652  0.5652  0.5924  0.5163  0.6196  0.5326  0.3641  0.3859  0.5543  0.5543  0.5543  0.2174  0.2663  0.2663  0.2663  0.2554  0.2446  0.0652  0.2065  0.1630  0.2500
A2BZC9           0.5707  0.5489  0.5543  0.5870  0.5761  0.5543  0.5543  0.5598  0.5598  0.5707  0.5109  0.6141  0.5435  0.3424  0.3424  0.5326  0.5326  0.5326  0.2500  0.1902  0.2228  0.1957  0.1957  0.2337  0.2717  0.2011  0.2609  0.0978  0.2717
Q0IE51           0.5652  0.5435  0.5543  0.6033  0.5815  0.5652  0.5652  0.5598  0.5598  0.5815  0.5163  0.6196  0.5489  0.3424  0.3478  0.5163  0.5163  0.5163  0.2663  0.2011  0.2011  0.2065  0.1848  0.2554  0.2554  0.2174  0.2391  0.0435  0.2554  0.0924
Q46I36           0.5707  0.5489  0.5543  0.5870  0.5761  0.5543  0.5543  0.5598  0.5598  0.5707  0.5109  0.6141  0.5435  0.3370  0.3370  0.5326  0.5326  0.5326  0.2391  0.1793  0.2337  0.1848  0.1848  0.2283  0.2772  0.2065  0.2554  0.0978  0.2663  0.0109  0.0924
Q31DF8           0.5870  0.5598  0.5543  0.5870  0.5707  0.5489  0.5543  0.5652  0.5652  0.5815  0.5109  0.6033  0.5543  0.3750  0.3750  0.5598  0.5598  0.5598  0.2446  0.0326  0.2609  0.0217  0.0272  0.2391  0.2554  0.2174  0.2717  0.1793  0.2663  0.1957  0.1957  0.1848
B1XKV1           0.5815  0.5652  0.5435  0.5978  0.5870  0.5652  0.5652  0.5652  0.5652  0.5815  0.5109  0.6250  0.5217  0.2772  0.2935  0.5272  0.5272  0.5272  0.2120  0.2663  0.2065  0.2663  0.2554  0.1902  0.1902  0.1848  0.1957  0.2174  0.1957  0.2446  0.2174  0.2500  0.2663
A0YPV6           0.5870  0.5707  0.5435  0.5924  0.5815  0.5707  0.5707  0.5707  0.5707  0.5924  0.5272  0.6250  0.5489  0.3207  0.3261  0.5272  0.5272  0.5272  0.1793  0.2554  0.2174  0.2500  0.2446  0.2011  0.2283  0.1902  0.2174  0.2337  0.2391  0.2554  0.2337  0.2500  0.2446  0.2120
B7KGU8           0.5870  0.5652  0.5707  0.5924  0.6033  0.5978  0.5815  0.5870  0.5870  0.6087  0.5326  0.6141  0.5652  0.3261  0.3315  0.5707  0.5707  0.5707  0.2554  0.3098  0.2609  0.3043  0.2989  0.2120  0.1848  0.1793  0.1576  0.2880  0.2065  0.3043  0.2826  0.3043  0.3043  0.2228  0.2283
Q5N1T5           0.5870  0.5598  0.5380  0.5978  0.5761  0.5707  0.5598  0.5543  0.5543  0.5815  0.5163  0.6196  0.5272  0.2772  0.2880  0.5217  0.5217  0.5217  0.1957  0.2283  0.1957  0.2283  0.2174  0.1739  0.2391  0.1902  0.2174  0.2011  0.2283  0.1957  0.1957  0.1848  0.2228  0.1685  0.2065  0.2772
Q54760           0.5870  0.5598  0.5380  0.5978  0.5761  0.5707  0.5598  0.5543  0.5543  0.5815  0.5163  0.6196  0.5272  0.2772  0.2880  0.5217  0.5217  0.5217  0.1957  0.2283  0.1957  0.2283  0.2174  0.1739  0.2391  0.1902  0.2174  0.2011  0.2283  0.1957  0.1957  0.1848  0.2228  0.1685  0.2065  0.2772  0.0000
Q8DJD3           0.5707  0.5598  0.5435  0.5978  0.6033  0.5652  0.5652  0.5815  0.5815  0.5924  0.5217  0.6141  0.5543  0.2826  0.2989  0.5598  0.5598  0.5598  0.1848  0.2500  0.1793  0.2500  0.2500  0.1739  0.2283  0.1467  0.1957  0.2065  0.2337  0.2283  0.2174  0.2174  0.2609  0.1902  0.2174  0.1848  0.1848  0.1848
Q7UA67           0.5761  0.5272  0.5435  0.5978  0.5598  0.5652  0.5489  0.5380  0.5380  0.5652  0.5217  0.6033  0.5489  0.3315  0.3315  0.5163  0.5163  0.5163  0.2554  0.2174  0.2554  0.2065  0.2011  0.2554  0.2500  0.2446  0.2391  0.0870  0.2500  0.1250  0.1033  0.1141  0.2011  0.2446  0.2500  0.2989  0.1957  0.1957  0.2391
B1WNP3           0.5815  0.5652  0.5380  0.6087  0.5815  0.5761  0.5598  0.5652  0.5652  0.5924  0.5109  0.6033  0.5272  0.3533  0.3641  0.5598  0.5598  0.5598  0.2283  0.2663  0.2609  0.2554  0.2554  0.2337  0.0435  0.1739  0.1630  0.2337  0.0598  0.2609  0.2446  0.2663  0.2554  0.1685  0.2446  0.1685  0.2283  0.2283  0.2174  0.2391
A2BTX3           0.5978  0.5652  0.5761  0.5924  0.5815  0.5652  0.5652  0.5652  0.5652  0.5761  0.5326  0.5870  0.5707  0.3859  0.3750  0.5815  0.5815  0.5815  0.2500  0.0761  0.2772  0.0543  0.0598  0.2500  0.2663  0.2391  0.2663  0.2065  0.2717  0.2120  0.2174  0.2011  0.0543  0.2826  0.2609  0.3207  0.2228  0.2228  0.2717  0.2011  0.2663
Q05US4           0.5652  0.5435  0.5543  0.5978  0.5815  0.5598  0.5652  0.5598  0.5598  0.5815  0.5109  0.6087  0.5435  0.3315  0.3478  0.5163  0.5163  0.5163  0.2337  0.1902  0.2011  0.1957  0.1739  0.2500  0.2391  0.2065  0.2391  0.0543  0.2283  0.1033  0.0598  0.0924  0.1848  0.2120  0.2391  0.2663  0.2011  0.2011  0.2011  0.0924  0.2174  0.2120
Q3B0X4           0.5707  0.5435  0.5652  0.5870  0.5815  0.5489  0.5598  0.5652  0.5652  0.5761  0.5326  0.6033  0.5543  0.3315  0.3370  0.5380  0.5380  0.5380  0.2500  0.2065  0.2120  0.2011  0.1902  0.2609  0.2663  0.2228  0.2391  0.0761  0.2717  0.0978  0.0924  0.0978  0.2011  0.2337  0.2554  0.3043  0.1848  0.1848  0.2283  0.0815  0.2391  0.1902  0.0924
Q062J3           0.5707  0.5435  0.5652  0.5870  0.5815  0.5489  0.5598  0.5652  0.5652  0.5761  0.5326  0.6033  0.5543  0.3315  0.3370  0.5380  0.5380  0.5380  0.2500  0.2065  0.2120  0.2011  0.1902  0.2609  0.2663  0.2228  0.2391  0.0761  0.2717  0.0978  0.0924  0.0978  0.2011  0.2337  0.2554  0.3043  0.1848  0.1848  0.2283  0.0815  0.2391  0.1902  0.0924  0.0000
A3YWJ1           0.5870  0.5598  0.5707  0.6304  0.6033  0.5870  0.5870  0.5815  0.5815  0.6087  0.5163  0.6250  0.5435  0.3478  0.3696  0.5326  0.5326  0.5326  0.2446  0.1902  0.2065  0.1957  0.1793  0.2391  0.2337  0.2120  0.2391  0.0924  0.2391  0.1359  0.1033  0.1467  0.1848  0.2065  0.2337  0.2717  0.1902  0.1902  0.2174  0.1359  0.2228  0.2120  0.1087  0.1413  0.1413
Q55119           0.5707  0.5380  0.5543  0.5924  0.5652  0.5761  0.5435  0.5435  0.5435  0.5707  0.5435  0.6033  0.5489  0.3315  0.3533  0.5272  0.5272  0.5272  0.2663  0.2826  0.2446  0.2880  0.2826  0.2989  0.2446  0.2446  0.2283  0.2717  0.2391  0.2717  0.2772  0.2663  0.2880  0.2717  0.2880  0.2554  0.2500  0.2500  0.2609  0.2609  0.2391  0.2935  0.2500  0.2500  0.2500  0.2826
Q7V3P5           0.5978  0.5652  0.5815  0.5924  0.5815  0.5652  0.5652  0.5652  0.5652  0.5761  0.5380  0.5870  0.5707  0.3913  0.3804  0.5815  0.5815  0.5815  0.2446  0.0870  0.2826  0.0652  0.0652  0.2554  0.2717  0.2446  0.2717  0.2120  0.2772  0.2228  0.2228  0.2120  0.0652  0.2880  0.2663  0.3261  0.2283  0.2283  0.2772  0.2065  0.2717  0.0109  0.2174  0.1957  0.1957  0.2174  0.2880
B4B801           0.5978  0.5652  0.5489  0.5815  0.5870  0.5543  0.5652  0.5652  0.5652  0.5870  0.4946  0.5924  0.5435  0.3207  0.3261  0.5543  0.5543  0.5543  0.2337  0.2663  0.2663  0.2609  0.2500  0.2120  0.1902  0.1848  0.1141  0.2446  0.2065  0.2609  0.2554  0.2554  0.2500  0.2228  0.2283  0.1793  0.2120  0.2120  0.1957  0.2446  0.1793  0.2500  0.2446  0.2446  0.2446  0.2283  0.2500  0.2554
B2J711           0.5870  0.5707  0.5326  0.6033  0.5924  0.5652  0.5652  0.5707  0.5707  0.5870  0.5272  0.6196  0.5652  0.3370  0.3315  0.5380  0.5380  0.5380  0.2500  0.3043  0.1196  0.3098  0.2935  0.2228  0.2663  0.1902  0.2500  0.2500  0.2826  0.2554  0.2446  0.2663  0.2989  0.2391  0.2554  0.2554  0.2283  0.2283  0.2065  0.2989  0.2554  0.3098  0.2446  0.2609  0.2609  0.2609  0.2880  0.3152  0.2663
A2C5M7           0.5815  0.5543  0.5598  0.6033  0.5924  0.5598  0.5652  0.5707  0.5707  0.5870  0.5217  0.6033  0.5543  0.3370  0.3478  0.5380  0.5380  0.5380  0.2391  0.1685  0.2120  0.1739  0.1522  0.2500  0.2554  0.2065  0.2446  0.0489  0.2609  0.1087  0.0815  0.1087  0.1630  0.2228  0.2554  0.2880  0.2011  0.2011  0.2228  0.0978  0.2337  0.1902  0.0761  0.0707  0.0707  0.1087  0.2663  0.1957  0.2391  0.2500
Q7V9B9           0.5815  0.5543  0.5598  0.6033  0.5924  0.5598  0.5652  0.5707  0.5707  0.5870  0.5217  0.6033  0.5543  0.3315  0.3424  0.5380  0.5380  0.5380  0.2337  0.1630  0.2174  0.1685  0.1467  0.2446  0.2609  0.2120  0.2391  0.0543  0.2554  0.1141  0.0870  0.1033  0.1576  0.2283  0.2500  0.2880  0.1957  0.1957  0.2174  0.0924  0.2391  0.1848  0.0707  0.0761  0.0761  0.1141  0.2609  0.1902  0.2337  0.2554  0.0054
C7QVL3           0.5924  0.5707  0.5380  0.5978  0.5978  0.5652  0.5761  0.5815  0.5815  0.6087  0.5054  0.6087  0.5217  0.3424  0.3478  0.5598  0.5598  0.5598  0.2228  0.2609  0.2500  0.2554  0.2500  0.2120  0.0924  0.1630  0.1576  0.2283  0.1141  0.2283  0.2391  0.2337  0.2554  0.1848  0.2391  0.1902  0.2011  0.2011  0.1957  0.2337  0.0707  0.2609  0.2228  0.2337  0.2337  0.2228  0.2391  0.2663  0.1467  0.2446  0.2283  0.2337
B7JVR7           0.5924  0.5707  0.5380  0.5978  0.5978  0.5652  0.5761  0.5815  0.5815  0.6087  0.5054  0.6087  0.5217  0.3424  0.3478  0.5598  0.5598  0.5598  0.2228  0.2609  0.2500  0.2554  0.2500  0.2120  0.0924  0.1630  0.1576  0.2283  0.1141  0.2283  0.2391  0.2337  0.2554  0.1848  0.2391  0.1902  0.2011  0.2011  0.1957  0.2337  0.0707  0.2609  0.2228  0.2337  0.2337  0.2228  0.2391  0.2663  0.1467  0.2446  0.2283  0.2337  0.0000
Q3ANM0           0.5870  0.5272  0.5543  0.6033  0.5652  0.5598  0.5543  0.5435  0.5435  0.5652  0.5272  0.6141  0.5489  0.3315  0.3315  0.5380  0.5380  0.5380  0.2446  0.2011  0.2391  0.1957  0.1902  0.2446  0.2554  0.2337  0.2446  0.0815  0.2554  0.1087  0.0978  0.0978  0.1848  0.2554  0.2446  0.3098  0.1848  0.1848  0.2391  0.0543  0.2391  0.1793  0.0924  0.0652  0.0652  0.1304  0.2554  0.1848  0.2391  0.2772  0.0924  0.0870  0.2391  0.2391
B9YQ42           0.6033  0.5924  0.5598  0.6250  0.6196  0.5978  0.5924  0.5978  0.5978  0.6196  0.5380  0.6304  0.5652  0.2989  0.2989  0.5543  0.5543  0.5543  0.2337  0.2935  0.0978  0.2772  0.2826  0.1576  0.2174  0.1522  0.2337  0.2337  0.2446  0.2500  0.2228  0.2609  0.2772  0.1848  0.2120  0.2065  0.1848  0.1848  0.1522  0.2609  0.2065  0.2826  0.2228  0.2446  0.2446  0.2011  0.2880  0.2880  0.2446  0.1413  0.2391  0.2446  0.2228  0.2228  0.2554
Q7NL41           0.5870  0.5598  0.5598  0.5815  0.6033  0.5598  0.5707  0.5924  0.5924  0.6033  0.5380  0.6141  0.5326  0.3152  0.3370  0.5652  0.5652  0.5652  0.3043  0.3152  0.3098  0.3207  0.3098  0.2826  0.3043  0.2826  0.2663  0.3043  0.2880  0.2880  0.3152  0.2880  0.3207  0.2826  0.2935  0.3043  0.2554  0.2554  0.2500  0.3098  0.2880  0.3261  0.2989  0.2989  0.2989  0.2663  0.3098  0.3315  0.2772  0.3261  0.3098  0.3043  0.2717  0.2717  0.3152  0.2989
A4CWR1           0.5815  0.5380  0.5489  0.6033  0.5652  0.5435  0.5489  0.5435  0.5435  0.5652  0.5109  0.6141  0.5326  0.3315  0.3315  0.5217  0.5217  0.5217  0.2446  0.1957  0.2283  0.1902  0.1848  0.2391  0.2391  0.2283  0.2391  0.0598  0.2500  0.0978  0.0652  0.0870  0.1793  0.2228  0.2228  0.2935  0.2065  0.2065  0.2228  0.0707  0.2283  0.2011  0.0598  0.0924  0.0924  0.1196  0.2717  0.2065  0.2337  0.2663  0.0924  0.0870  0.2228  0.2228  0.0543  0.2391  0.3098
A5GHP3           0.5815  0.5380  0.5489  0.6033  0.5652  0.5435  0.5489  0.5435  0.5435  0.5652  0.5109  0.6141  0.5326  0.3315  0.3315  0.5217  0.5217  0.5217  0.2446  0.1957  0.2283  0.1902  0.1848  0.2391  0.2391  0.2283  0.2391  0.0598  0.2500  0.0978  0.0652  0.0870  0.1793  0.2228  0.2228  0.2935  0.2065  0.2065  0.2228  0.0707  0.2283  0.2011  0.0598  0.0924  0.0924  0.1196  0.2717  0.2065  0.2337  0.2663  0.0924  0.0870  0.2228  0.2228  0.0543  0.2391  0.3098  0.0000
A5GPX5           0.5924  0.5489  0.5652  0.6087  0.5870  0.5598  0.5652  0.5707  0.5707  0.5815  0.5054  0.6087  0.5435  0.3533  0.3478  0.5380  0.5380  0.5380  0.2391  0.1902  0.2391  0.1957  0.1793  0.2283  0.2446  0.2228  0.2446  0.1304  0.2337  0.1304  0.1304  0.1196  0.1848  0.2011  0.2337  0.2826  0.1793  0.1793  0.2174  0.1413  0.2337  0.1902  0.1304  0.1413  0.1413  0.1033  0.2989  0.1957  0.2554  0.2826  0.1304  0.1250  0.2228  0.2228  0.1359  0.2391  0.2826  0.1250  0.1250
A9B9I2           0.5870  0.5598  0.5598  0.6141  0.5978  0.5598  0.5707  0.5761  0.5761  0.5870  0.5272  0.6250  0.5598  0.3424  0.3533  0.5543  0.5543  0.5543  0.2391  0.1793  0.2391  0.1848  0.1630  0.2283  0.2663  0.2120  0.2826  0.1033  0.2663  0.0815  0.1141  0.0815  0.1739  0.2391  0.2717  0.3098  0.1957  0.1957  0.2120  0.1304  0.2554  0.1957  0.1033  0.1087  0.1087  0.1413  0.2880  0.2011  0.2554  0.2826  0.0815  0.0870  0.2283  0.2283  0.1141  0.2500  0.2935  0.1087  0.1087  0.1413
Q7VEI7           0.5815  0.5598  0.5707  0.6087  0.5978  0.5707  0.5815  0.5761  0.5761  0.5978  0.5163  0.6359  0.5435  0.3207  0.3315  0.5489  0.5489  0.5489  0.2283  0.1685  0.2283  0.1685  0.1522  0.2120  0.2500  0.2228  0.2500  0.0924  0.2391  0.1033  0.0924  0.0924  0.1630  0.2283  0.2500  0.2717  0.1793  0.1793  0.2065  0.1033  0.2391  0.1793  0.0761  0.1033  0.1033  0.1250  0.2663  0.1848  0.2337  0.2717  0.0761  0.0707  0.2228  0.2228  0.0978  0.2228  0.2989  0.0815  0.0815  0.1359  0.0652
B8HV20           0.5978  0.5761  0.5815  0.6250  0.6250  0.5870  0.6033  0.6087  0.6087  0.6304  0.5489  0.6304  0.5543  0.2880  0.2935  0.5707  0.5707  0.5707  0.2174  0.2609  0.1522  0.2554  0.2500  0.1739  0.2337  0.1576  0.2337  0.2283  0.2391  0.2391  0.2283  0.2337  0.2554  0.2065  0.2065  0.2391  0.1630  0.1630  0.1576  0.2500  0.2337  0.2554  0.1957  0.2120  0.2120  0.2065  0.2609  0.2609  0.2337  0.2065  0.2228  0.2174  0.2228  0.2228  0.2283  0.1304  0.2826  0.2391  0.2391  0.2283  0.2337  0.2065
Q3MAQ3           0.6196  0.6087  0.5870  0.6250  0.6196  0.5870  0.5924  0.5978  0.5978  0.6087  0.5543  0.6250  0.5652  0.3207  0.3152  0.5761  0.5761  0.5761  0.2391  0.2826  0.1304  0.2772  0.2717  0.1793  0.2500  0.1522  0.2391  0.2337  0.2717  0.2283  0.2337  0.2337  0.2663  0.2065  0.2011  0.2065  0.1957  0.1957  0.1685  0.2717  0.2391  0.2826  0.2283  0.2500  0.2500  0.2228  0.2935  0.2880  0.2446  0.1576  0.2337  0.2337  0.2337  0.2337  0.2609  0.0924  0.2935  0.2446  0.2446  0.2337  0.2391  0.2391  0.1739
Q44247           0.6196  0.6087  0.5870  0.6250  0.6196  0.5924  0.5924  0.5978  0.5978  0.6087  0.5543  0.6250  0.5652  0.3152  0.3098  0.5761  0.5761  0.5761  0.2391  0.2826  0.1250  0.2772  0.2717  0.1793  0.2500  0.1522  0.2391  0.2337  0.2717  0.2283  0.2337  0.2337  0.2663  0.2011  0.2011  0.2065  0.1902  0.1902  0.1630  0.2717  0.2391  0.2826  0.2283  0.2446  0.2446  0.2228  0.2935  0.2880  0.2446  0.1576  0.2337  0.2337  0.2337  0.2337  0.2609  0.0870  0.2935  0.2446  0.2446  0.2337  0.2337  0.2391  0.1685  0.0054


TREE #  1:  (17, 16, (18, ((13, (11, ((4, 6), ((7, (5, (10, (9, 8)))), (2, (1, (12, 3))))))), ((15, 14), (57, ((37, 38), ((63, (((21, 50), (56, (64, 65))), (39, (26, 24)))), ((34, (((53, 54), (25, (41, 29))), (47, (49, (36, 27))))), ((19, 35), ((23, (20, (33, (22, (42, 48))))), ((46, 60), (((30, 32), (((58, 59), ((44, 45), (55, 40))), (43, (31, (28, (51, 52)))))), (62, 61)))))))))))));   MP score: 1100
lnL(ntime: 63  np: 64):  -6537.435083      +0.000000
  66..17   66..16   66..67   67..18   67..68   68..69   69..13   69..70   70..11   70..71   71..72   72..4    72..6    71..73   73..74   74..7    74..75   75..5    75..76   76..10   76..77   77..9    77..8    73..78   78..2    78..79   79..1    79..80   80..12   80..3    68..81   81..82   82..15   82..14   81..83   83..57   83..84   84..85   85..37   85..38   84..86   86..87   87..63   87..88   88..89   89..90   90..21   90..50   89..91   91..56   91..92   92..64   92..65   88..93   93..39   93..94   94..26   94..24   86..95   95..96   96..34   96..97   97..98   98..99   99..53   99..54   98..100 100..25  100..101 101..41  101..29   97..102 102..47  102..103 103..49  103..104 104..36  104..27   95..105 105..106 106..19  106..35  105..107 107..108 108..23  108..109 109..20  109..110 110..33  110..111 111..22  111..112 112..42  112..48  107..113 113..114 114..46  114..60  113..115 115..116 116..117 117..30  117..32  116..118 118..119 119..120 120..58  120..59  119..121 121..122 122..44  122..45  121..123 123..55  123..40  118..124 124..43  124..125 125..31  125..126 126..28  126..127 127..51  127..52  115..128 128..62  128..61 
 0.548205 0.548205 0.431167 0.326383 0.284329 0.251260 0.157944 0.243638 0.035735 0.034647 0.030888 0.000000 0.213277 0.202031 0.171095 0.269054 0.043091 0.226527 0.196640 0.000000 0.186304 0.132484 0.132484 0.079186 0.059980 0.060368 0.002893 0.108045 0.075417 0.180174 0.163788 0.139458 0.060822 0.000000 0.032288 0.027938 0.132174 0.108876 0.090454 0.175787 0.117033 0.128115 0.023997 0.023997 0.020769 0.018627 0.002731 0.090341 0.065941 0.065851 0.062481 0.005801 0.053939 0.048720 0.000000 0.032361 0.000000 0.025884 0.039435 0.035163 0.023147 0.001945 0.041811 0.969710

tree length =   8.18753

(17: 0.548205, 16: 0.548205, (18: 0.548205, ((13: 0.326383, (11: 0.284329, ((4: 0.157944, 6: 0.157944): 0.093316, ((7: 0.035735, (5: 0.034647, (10: 0.030888, (9: 0.000000, 8: 0.000000): 0.030888): 0.003759): 0.001088): 0.207903, (2: 0.213277, (1: 0.202031, (12: 0.171095, 3: 0.171095): 0.030936): 0.011246): 0.030362): 0.007622): 0.033068): 0.042054): 0.104784, ((15: 0.043091, 14: 0.043091): 0.225963, (57: 0.226527, ((37: 0.000000, 38: 0.000000): 0.196640, ((63: 0.132484, (((21: 0.059980, 50: 0.059980): 0.019207, (56: 0.060368, (64: 0.002893, 65: 0.002893): 0.057474): 0.018819): 0.053297, (39: 0.108045, (26: 0.075417, 24: 0.075417): 0.032627): 0.024439): 0.000000): 0.053821, ((34: 0.163788, (((53: 0.000000, 54: 0.000000): 0.060822, (25: 0.032288, (41: 0.027938, 29: 0.027938): 0.004350): 0.028533): 0.078636, (47: 0.132174, (49: 0.108876, (36: 0.090454, 27: 0.090454): 0.018422): 0.023297): 0.007284): 0.024330): 0.016386, ((19: 0.117033, 35: 0.117033): 0.058754, ((23: 0.023997, (20: 0.023997, (33: 0.020769, (22: 0.018627, (42: 0.002731, 48: 0.002731): 0.015896): 0.002143): 0.003227): 0.000000): 0.104118, ((46: 0.065941, 60: 0.065941): 0.024400, (((30: 0.005801, 32: 0.005801): 0.056680, (((58: 0.000000, 59: 0.000000): 0.048720, ((44: 0.000000, 45: 0.000000): 0.032361, (55: 0.025884, 40: 0.025884): 0.006477): 0.016360): 0.005219, (43: 0.039435, (31: 0.035163, (28: 0.023147, (51: 0.001945, 52: 0.001945): 0.021202): 0.012016): 0.004272): 0.014505): 0.008542): 0.003370, (62: 0.041811, 61: 0.041811): 0.024040): 0.024490): 0.037774): 0.047672): 0.004387): 0.006130): 0.010336): 0.029887): 0.042527): 0.162113): 0.117038): 0.000001);

(P0A6N4: 0.548205, B7MSG8: 0.548205, (B7LLS9: 0.548205, ((B9L9K9: 0.326383, (A6Q2S5: 0.284329, ((Q7M904: 0.157944, P56004: 0.157944): 0.093316, ((Q4HHP5: 0.035735, (B9KD70: 0.034647, (Q4HSZ7: 0.030888, (A7H4J1: 0.000000, A8FKX4: 0.000000): 0.030888): 0.003759): 0.001088): 0.207903, (D1B041: 0.213277, (A8EWE1: 0.202031, (Q30S45: 0.171095, A6Q7Q7: 0.171095): 0.030936): 0.011246): 0.030362): 0.007622): 0.033068): 0.042054): 0.104784, ((Q2JUZ8: 0.043091, Q2JP65: 0.043091): 0.225963, (Q7NL41: 0.226527, ((Q5N1T5: 0.000000, Q54760: 0.000000): 0.196640, ((B8HV20: 0.132484, (((A0ZHD6: 0.059980, B2J711: 0.059980): 0.019207, (B9YQ42: 0.060368, (Q3MAQ3: 0.002893, Q44247: 0.002893): 0.057474): 0.018819): 0.053297, (Q8DJD3: 0.108045, (B0C899: 0.075417, Q116D6: 0.075417): 0.032627): 0.024439): 0.000000): 0.053821, ((B1XKV1: 0.163788, (((C7QVL3: 0.000000, B7JVR7: 0.000000): 0.060822, (A3IRM1: 0.032288, (B1WNP3: 0.027938, Q4C625: 0.027938): 0.004350): 0.028533): 0.078636, (Q55119: 0.132174, (B4B801: 0.108876, (B7KGU8: 0.090454, B0JHV3: 0.090454): 0.018422): 0.023297): 0.007284): 0.024330): 0.016386, ((B5W8H5: 0.117033, A0YPV6: 0.117033): 0.058754, ((A8G213: 0.023997, (A2BNF2: 0.023997, (Q31DF8: 0.020769, (A3PA73: 0.018627, (A2BTX3: 0.002731, Q7V3P5: 0.002731): 0.015896): 0.002143): 0.003227): 0.000000): 0.104118, ((A3YWJ1: 0.065941, A5GPX5: 0.065941): 0.024400, (((A2BZC9: 0.005801, Q46I36: 0.005801): 0.056680, (((A4CWR1: 0.000000, A5GHP3: 0.000000): 0.048720, ((Q3B0X4: 0.000000, Q062J3: 0.000000): 0.032361, (Q3ANM0: 0.025884, Q7UA67: 0.025884): 0.006477): 0.016360): 0.005219, (Q05US4: 0.039435, (Q0IE51: 0.035163, (A3Z3X6: 0.023147, (A2C5M7: 0.001945, Q7V9B9: 0.001945): 0.021202): 0.012016): 0.004272): 0.014505): 0.008542): 0.003370, (Q7VEI7: 0.041811, A9B9I2: 0.041811): 0.024040): 0.024490): 0.037774): 0.047672): 0.004387): 0.006130): 0.010336): 0.029887): 0.042527): 0.162113): 0.117038): 0.000001);

(17_P0A6N4, 16_B7MSG8, (18_B7LLS9, ((13_B9L9K9, (11_A6Q2S5, ((4_Q7M904, 6_P56004) 72 , ((7_Q4HHP5, (5_B9KD70, (10_Q4HSZ7, (9_A7H4J1, 8_A8FKX4) 77 ) 76 ) 75 ) 74 , (2_D1B041, (1_A8EWE1, (12_Q30S45, 3_A6Q7Q7) 80 ) 79 ) 78 ) 73 ) 71 ) 70 ) 69 , ((15_Q2JUZ8, 14_Q2JP65) 82 , (57_Q7NL41, ((37_Q5N1T5, 38_Q54760) 85 , ((63_B8HV20, (((21_A0ZHD6, 50_B2J711) 90 , (56_B9YQ42, (64_Q3MAQ3, 65_Q44247) 92 ) 91 ) 89 , (39_Q8DJD3, (26_B0C899, 24_Q116D6) 94 ) 93 ) 88 ) 87 , ((34_B1XKV1, (((53_C7QVL3, 54_B7JVR7) 99 , (25_A3IRM1, (41_B1WNP3, 29_Q4C625) 101 ) 100 ) 98 , (47_Q55119, (49_B4B801, (36_B7KGU8, 27_B0JHV3) 104 ) 103 ) 102 ) 97 ) 96 , ((19_B5W8H5, 35_A0YPV6) 106 , ((23_A8G213, (20_A2BNF2, (33_Q31DF8, (22_A3PA73, (42_A2BTX3, 48_Q7V3P5) 112 ) 111 ) 110 ) 109 ) 108 , ((46_A3YWJ1, 60_A5GPX5) 114 , (((30_A2BZC9, 32_Q46I36) 117 , (((58_A4CWR1, 59_A5GHP3) 120 , ((44_Q3B0X4, 45_Q062J3) 122 , (55_Q3ANM0, 40_Q7UA67) 123 ) 121 ) 119 , (43_Q05US4, (31_Q0IE51, (28_A3Z3X6, (51_A2C5M7, 52_Q7V9B9) 127 ) 126 ) 125 ) 124 ) 118 ) 116 , (62_Q7VEI7, 61_A9B9I2) 128 ) 115 ) 113 ) 107 ) 105 ) 95 ) 86 ) 84 ) 83 ) 81 ) 68 ) 67 ) 66 ;

Detailed output identifying parameters

alpha (gamma, K = 4) =  0.96971
rate:   0.13087  0.46745  0.99479  2.40688
freq:   0.25000  0.25000  0.25000  0.25000

Time used:  4:12
