AAML (in paml version 4.6, August 2012)  280.aa
Model: Empirical for branches,  Global clock  (../../../bin/LG.dat) dGamma (ncatG=4) ns =  65  ls =  75


Frequencies..
                                    A      R      N      D      C      Q      E      G      H      I      L      K      M      F      P      S      T      W      Y      V
A8EU38                         0.06667 0.05333 0.04000 0.02667 0.01333 0.01333 0.09333 0.05333 0.06667 0.13333 0.13333 0.08000 0.01333 0.05333 0.02667 0.05333 0.02667 0.00000 0.01333 0.04000
A6Q7G0                         0.09333 0.05333 0.02667 0.02667 0.02667 0.02667 0.06667 0.06667 0.06667 0.05333 0.17333 0.06667 0.01333 0.02667 0.02667 0.06667 0.04000 0.00000 0.00000 0.08000
B9LAE7                         0.09333 0.06667 0.01333 0.02667 0.01333 0.02667 0.06667 0.05333 0.08000 0.12000 0.09333 0.05333 0.04000 0.05333 0.02667 0.04000 0.06667 0.00000 0.01333 0.05333
Q30Q07                         0.10667 0.04000 0.01333 0.04000 0.00000 0.04000 0.01333 0.05333 0.08000 0.04000 0.16000 0.13333 0.02667 0.01333 0.02667 0.08000 0.02667 0.00000 0.01333 0.09333
A6Q437                         0.12000 0.06667 0.01333 0.04000 0.01333 0.05333 0.08000 0.05333 0.05333 0.12000 0.09333 0.05333 0.01333 0.02667 0.02667 0.05333 0.02667 0.00000 0.02667 0.06667
D1B2S4                         0.13333 0.06667 0.00000 0.02667 0.00000 0.05333 0.05333 0.05333 0.09333 0.06667 0.13333 0.05333 0.01333 0.02667 0.02667 0.05333 0.02667 0.00000 0.04000 0.08000
Q7M8C5                         0.12000 0.06667 0.00000 0.01333 0.01333 0.02667 0.06667 0.05333 0.09333 0.06667 0.18667 0.08000 0.01333 0.04000 0.04000 0.06667 0.02667 0.00000 0.00000 0.02667
B9KG16                         0.10667 0.05333 0.05333 0.02667 0.00000 0.02667 0.09333 0.04000 0.06667 0.06667 0.13333 0.08000 0.05333 0.05333 0.00000 0.05333 0.01333 0.00000 0.04000 0.04000
A7H3U5                         0.09333 0.04000 0.04000 0.04000 0.00000 0.05333 0.05333 0.04000 0.06667 0.09333 0.16000 0.08000 0.02667 0.05333 0.01333 0.05333 0.01333 0.00000 0.04000 0.04000
A8FL09                         0.10667 0.04000 0.04000 0.04000 0.00000 0.05333 0.05333 0.04000 0.06667 0.09333 0.16000 0.08000 0.02667 0.05333 0.01333 0.05333 0.01333 0.00000 0.04000 0.02667
Q4HTE7                         0.06667 0.04000 0.05333 0.01333 0.00000 0.02667 0.09333 0.05333 0.06667 0.05333 0.17333 0.09333 0.01333 0.05333 0.01333 0.05333 0.04000 0.00000 0.06667 0.02667
Q4HH86                         0.10667 0.04000 0.04000 0.02667 0.00000 0.04000 0.06667 0.04000 0.06667 0.08000 0.14667 0.09333 0.04000 0.05333 0.01333 0.05333 0.01333 0.00000 0.04000 0.04000
O25830                         0.06667 0.05333 0.02667 0.05333 0.00000 0.02667 0.04000 0.06667 0.06667 0.08000 0.20000 0.09333 0.01333 0.04000 0.01333 0.06667 0.02667 0.00000 0.00000 0.06667
B7N0H0                         0.12000 0.06667 0.02667 0.01333 0.01333 0.02667 0.06667 0.06667 0.05333 0.05333 0.13333 0.02667 0.05333 0.02667 0.02667 0.08000 0.02667 0.00000 0.01333 0.10667
P0AC13                         0.12000 0.06667 0.02667 0.01333 0.01333 0.02667 0.06667 0.06667 0.05333 0.05333 0.13333 0.02667 0.05333 0.02667 0.02667 0.08000 0.02667 0.00000 0.01333 0.10667
B7LR44                         0.12000 0.06667 0.02667 0.01333 0.01333 0.02667 0.06667 0.06667 0.05333 0.05333 0.13333 0.02667 0.05333 0.02667 0.02667 0.08000 0.02667 0.00000 0.01333 0.10667
P73248                         0.10667 0.08000 0.00000 0.05333 0.04000 0.04000 0.04000 0.09333 0.01333 0.08000 0.10667 0.06667 0.01333 0.02667 0.06667 0.02667 0.04000 0.02667 0.00000 0.08000
A0YUA0                         0.09333 0.06667 0.00000 0.05333 0.02667 0.05333 0.05333 0.08000 0.02667 0.08000 0.10667 0.05333 0.01333 0.02667 0.05333 0.05333 0.01333 0.01333 0.01333 0.12000
Q2JHT7                         0.18667 0.06667 0.01333 0.01333 0.00000 0.00000 0.02667 0.05333 0.05333 0.01333 0.13333 0.04000 0.00000 0.02667 0.05333 0.09333 0.02667 0.01333 0.02667 0.16000
Q2JY57                         0.20000 0.08000 0.01333 0.01333 0.00000 0.01333 0.02667 0.06667 0.05333 0.02667 0.13333 0.02667 0.00000 0.02667 0.05333 0.08000 0.01333 0.01333 0.02667 0.13333
B0JPI9                         0.13333 0.08000 0.00000 0.10667 0.01333 0.01333 0.06667 0.06667 0.01333 0.10667 0.13333 0.06667 0.00000 0.04000 0.02667 0.02667 0.01333 0.00000 0.00000 0.09333
A5GSL7                         0.13333 0.09333 0.00000 0.01333 0.02667 0.06667 0.05333 0.09333 0.01333 0.02667 0.12000 0.01333 0.02667 0.02667 0.06667 0.02667 0.04000 0.01333 0.01333 0.13333
B9YN64                         0.12000 0.08000 0.02667 0.06667 0.04000 0.02667 0.02667 0.06667 0.01333 0.09333 0.09333 0.05333 0.02667 0.04000 0.05333 0.01333 0.04000 0.01333 0.01333 0.09333
Q7U805                         0.14667 0.10667 0.00000 0.02667 0.04000 0.04000 0.02667 0.08000 0.01333 0.04000 0.14667 0.05333 0.01333 0.01333 0.08000 0.02667 0.04000 0.02667 0.00000 0.08000
Q3AIL1                         0.17333 0.12000 0.00000 0.02667 0.02667 0.05333 0.02667 0.08000 0.01333 0.04000 0.13333 0.02667 0.01333 0.01333 0.08000 0.02667 0.04000 0.02667 0.00000 0.08000
A2C2B1                         0.06667 0.08000 0.05333 0.04000 0.01333 0.02667 0.04000 0.05333 0.01333 0.12000 0.09333 0.05333 0.04000 0.04000 0.02667 0.08000 0.04000 0.00000 0.01333 0.10667
Q4BWV4                         0.09333 0.04000 0.01333 0.06667 0.04000 0.01333 0.02667 0.05333 0.05333 0.10667 0.09333 0.10667 0.01333 0.02667 0.04000 0.08000 0.02667 0.02667 0.00000 0.08000
B5VVY3                         0.13333 0.06667 0.01333 0.08000 0.02667 0.04000 0.01333 0.05333 0.02667 0.09333 0.13333 0.05333 0.00000 0.01333 0.08000 0.04000 0.01333 0.01333 0.01333 0.09333
Q115Y6                         0.09333 0.08000 0.04000 0.04000 0.04000 0.05333 0.04000 0.05333 0.01333 0.12000 0.08000 0.05333 0.01333 0.04000 0.02667 0.06667 0.01333 0.01333 0.01333 0.10667
Q46KV5                         0.06667 0.08000 0.04000 0.04000 0.01333 0.02667 0.04000 0.05333 0.01333 0.12000 0.08000 0.05333 0.04000 0.04000 0.02667 0.09333 0.04000 0.00000 0.01333 0.12000
A8G506                         0.04000 0.06667 0.08000 0.05333 0.02667 0.02667 0.05333 0.04000 0.01333 0.14667 0.12000 0.10667 0.00000 0.04000 0.02667 0.04000 0.01333 0.01333 0.02667 0.06667
Q3M7Y9                         0.14667 0.10667 0.02667 0.06667 0.04000 0.02667 0.04000 0.06667 0.01333 0.08000 0.12000 0.01333 0.01333 0.04000 0.04000 0.05333 0.01333 0.01333 0.00000 0.08000
Q8YP16                         0.13333 0.10667 0.02667 0.06667 0.04000 0.02667 0.02667 0.05333 0.02667 0.08000 0.12000 0.02667 0.01333 0.04000 0.04000 0.05333 0.02667 0.01333 0.00000 0.08000
B7KL09                         0.13333 0.08000 0.01333 0.08000 0.04000 0.04000 0.02667 0.04000 0.02667 0.09333 0.08000 0.06667 0.01333 0.02667 0.04000 0.04000 0.01333 0.02667 0.01333 0.10667
A3PD38                         0.04000 0.09333 0.08000 0.05333 0.02667 0.02667 0.05333 0.04000 0.01333 0.12000 0.13333 0.08000 0.00000 0.04000 0.02667 0.04000 0.01333 0.01333 0.02667 0.08000
B2JA19                         0.12000 0.08000 0.02667 0.06667 0.04000 0.02667 0.02667 0.06667 0.02667 0.08000 0.12000 0.02667 0.01333 0.04000 0.04000 0.05333 0.05333 0.01333 0.00000 0.08000
C7QMP6                         0.12000 0.10667 0.01333 0.06667 0.05333 0.04000 0.04000 0.06667 0.02667 0.06667 0.09333 0.04000 0.02667 0.02667 0.02667 0.04000 0.01333 0.02667 0.00000 0.10667
B7K2H4                         0.12000 0.10667 0.01333 0.06667 0.05333 0.04000 0.04000 0.06667 0.02667 0.06667 0.09333 0.04000 0.02667 0.02667 0.02667 0.04000 0.01333 0.02667 0.00000 0.10667
B1WSS4                         0.10667 0.05333 0.01333 0.06667 0.04000 0.04000 0.04000 0.05333 0.04000 0.08000 0.09333 0.09333 0.01333 0.02667 0.02667 0.05333 0.02667 0.02667 0.00000 0.10667
Q7V7D3                         0.09333 0.09333 0.00000 0.04000 0.04000 0.05333 0.04000 0.08000 0.04000 0.05333 0.09333 0.04000 0.04000 0.02667 0.06667 0.04000 0.02667 0.02667 0.00000 0.10667
A2BRB3                         0.05333 0.08000 0.06667 0.05333 0.02667 0.02667 0.05333 0.04000 0.01333 0.16000 0.10667 0.09333 0.00000 0.04000 0.02667 0.04000 0.01333 0.01333 0.02667 0.06667
B1XL36                         0.13333 0.06667 0.00000 0.10667 0.01333 0.04000 0.01333 0.09333 0.02667 0.10667 0.08000 0.04000 0.01333 0.04000 0.06667 0.02667 0.02667 0.02667 0.02667 0.05333
A3IPC9                         0.10667 0.05333 0.02667 0.06667 0.04000 0.06667 0.01333 0.04000 0.04000 0.10667 0.08000 0.09333 0.00000 0.02667 0.04000 0.06667 0.01333 0.02667 0.00000 0.09333
B0C7L4                         0.14667 0.06667 0.00000 0.05333 0.05333 0.09333 0.02667 0.09333 0.01333 0.10667 0.08000 0.02667 0.01333 0.02667 0.05333 0.04000 0.01333 0.02667 0.00000 0.06667
A2BWF1                         0.04000 0.06667 0.08000 0.06667 0.02667 0.04000 0.04000 0.05333 0.02667 0.12000 0.10667 0.08000 0.00000 0.06667 0.02667 0.05333 0.01333 0.00000 0.02667 0.06667
Q8DIQ9                         0.12000 0.09333 0.00000 0.05333 0.04000 0.04000 0.01333 0.06667 0.05333 0.04000 0.12000 0.02667 0.04000 0.02667 0.05333 0.01333 0.04000 0.02667 0.01333 0.12000
Q31KT6                         0.16000 0.09333 0.00000 0.06667 0.02667 0.06667 0.02667 0.06667 0.01333 0.06667 0.10667 0.02667 0.01333 0.01333 0.04000 0.04000 0.04000 0.02667 0.00000 0.10667
Q7VC40                         0.06667 0.08000 0.02667 0.05333 0.02667 0.04000 0.04000 0.04000 0.02667 0.09333 0.08000 0.08000 0.01333 0.04000 0.04000 0.05333 0.08000 0.01333 0.01333 0.09333
Q31AR5                         0.04000 0.06667 0.09333 0.05333 0.02667 0.01333 0.04000 0.04000 0.02667 0.13333 0.12000 0.10667 0.01333 0.04000 0.02667 0.04000 0.01333 0.00000 0.02667 0.08000
Q5N132                         0.16000 0.09333 0.00000 0.06667 0.02667 0.06667 0.02667 0.06667 0.01333 0.06667 0.10667 0.02667 0.01333 0.01333 0.04000 0.04000 0.04000 0.02667 0.00000 0.10667
B4AXA7                         0.12000 0.09333 0.01333 0.06667 0.04000 0.06667 0.02667 0.05333 0.02667 0.09333 0.08000 0.04000 0.01333 0.02667 0.05333 0.05333 0.01333 0.02667 0.00000 0.09333
Q7V1N3                         0.04000 0.06667 0.06667 0.02667 0.02667 0.05333 0.05333 0.04000 0.04000 0.13333 0.12000 0.08000 0.00000 0.05333 0.05333 0.04000 0.01333 0.00000 0.01333 0.08000
B8HU94                         0.14667 0.09333 0.00000 0.06667 0.05333 0.05333 0.04000 0.09333 0.01333 0.06667 0.10667 0.04000 0.02667 0.02667 0.05333 0.02667 0.01333 0.02667 0.00000 0.05333
Q0IAV2                         0.18667 0.08000 0.01333 0.02667 0.01333 0.02667 0.04000 0.08000 0.02667 0.08000 0.12000 0.02667 0.01333 0.01333 0.05333 0.04000 0.02667 0.01333 0.00000 0.12000
A9BAK6                         0.05333 0.06667 0.09333 0.04000 0.02667 0.02667 0.05333 0.06667 0.01333 0.13333 0.06667 0.08000 0.01333 0.04000 0.02667 0.05333 0.04000 0.01333 0.00000 0.09333
A3Z0A5                         0.17333 0.14667 0.00000 0.04000 0.01333 0.01333 0.04000 0.09333 0.01333 0.05333 0.12000 0.01333 0.01333 0.02667 0.06667 0.02667 0.02667 0.01333 0.00000 0.10667
A3ZAP6                         0.17333 0.12000 0.00000 0.04000 0.01333 0.04000 0.01333 0.09333 0.01333 0.04000 0.12000 0.02667 0.02667 0.01333 0.06667 0.02667 0.01333 0.02667 0.00000 0.13333
A0ZCT4                         0.14667 0.09333 0.01333 0.06667 0.04000 0.02667 0.04000 0.05333 0.02667 0.08000 0.10667 0.04000 0.01333 0.04000 0.05333 0.05333 0.01333 0.01333 0.00000 0.08000
Q3AYN2                         0.16000 0.10667 0.01333 0.02667 0.02667 0.06667 0.05333 0.06667 0.01333 0.05333 0.13333 0.04000 0.01333 0.02667 0.05333 0.02667 0.02667 0.02667 0.00000 0.06667
A4CV92                         0.12000 0.09333 0.01333 0.04000 0.01333 0.05333 0.02667 0.09333 0.04000 0.09333 0.10667 0.05333 0.01333 0.01333 0.06667 0.02667 0.02667 0.01333 0.00000 0.09333
Q7NN73                         0.14667 0.12000 0.00000 0.05333 0.00000 0.00000 0.01333 0.10667 0.04000 0.06667 0.12000 0.01333 0.00000 0.02667 0.04000 0.06667 0.02667 0.01333 0.04000 0.10667
A5GLP7                         0.13333 0.10667 0.00000 0.02667 0.01333 0.06667 0.05333 0.09333 0.04000 0.06667 0.09333 0.02667 0.01333 0.02667 0.06667 0.02667 0.01333 0.01333 0.00000 0.12000
Q065M7                         0.14667 0.10667 0.01333 0.04000 0.02667 0.06667 0.04000 0.06667 0.01333 0.04000 0.14667 0.04000 0.01333 0.02667 0.06667 0.02667 0.02667 0.02667 0.00000 0.06667
Q05Y93                         0.14667 0.09333 0.00000 0.01333 0.01333 0.06667 0.04000 0.08000 0.01333 0.04000 0.16000 0.02667 0.01333 0.01333 0.06667 0.02667 0.04000 0.02667 0.00000 0.12000
A2C9H9                         0.10667 0.09333 0.00000 0.05333 0.04000 0.05333 0.02667 0.06667 0.04000 0.05333 0.10667 0.04000 0.04000 0.02667 0.06667 0.04000 0.02667 0.02667 0.00000 0.09333

Homogeneity statistic: X2 = 14.02137 G = 14.77608 

Average                        0.11487 0.07897 0.02277 0.04574 0.02359 0.03897 0.04287 0.06359 0.03549 0.08082 0.11836 0.05477 0.01826 0.03221 0.04164 0.04841 0.02605 0.01333 0.01190 0.08738

# constant sites:      6 (8.00%)
ln Lmax (unconstrained) = -320.515772

AA distances (raw proportions of different sites)

A8EU38         
A6Q7G0           0.3200
B9LAE7           0.2533  0.3600
Q30Q07           0.4133  0.4133  0.4400
A6Q437           0.3200  0.3333  0.4000  0.4533
D1B2S4           0.4133  0.4000  0.4133  0.4000  0.4400
Q7M8C5           0.4267  0.4000  0.4533  0.4133  0.3867  0.4533
B9KG16           0.4533  0.4800  0.4400  0.4133  0.4933  0.4267  0.4267
A7H3U5           0.4933  0.4667  0.4933  0.4667  0.5067  0.4400  0.4667  0.2267
A8FL09           0.4933  0.4667  0.4933  0.4667  0.5067  0.4267  0.4667  0.2133  0.0133
Q4HTE7           0.4800  0.4933  0.5600  0.5067  0.5333  0.4267  0.5067  0.3200  0.2400  0.2400
Q4HH86           0.4800  0.4800  0.4933  0.4667  0.5067  0.4267  0.4800  0.2267  0.0933  0.0800  0.2400
O25830           0.4800  0.5333  0.5067  0.4267  0.4667  0.5200  0.4933  0.4800  0.4400  0.4400  0.4400  0.4133
B7N0H0           0.5467  0.5600  0.5733  0.5733  0.5333  0.5333  0.5600  0.6267  0.6000  0.6133  0.6000  0.6267  0.6400
P0AC13           0.5467  0.5600  0.5733  0.5733  0.5333  0.5333  0.5600  0.6267  0.6000  0.6133  0.6000  0.6267  0.6400  0.0000
B7LR44           0.5467  0.5600  0.5733  0.5733  0.5333  0.5333  0.5600  0.6267  0.6000  0.6133  0.6000  0.6267  0.6400  0.0000  0.0000
P73248           0.5867  0.5867  0.6133  0.5467  0.5600  0.5600  0.5733  0.6667  0.6533  0.6400  0.6933  0.6533  0.6533  0.5867  0.5867  0.5867
A0YUA0           0.6267  0.6800  0.6800  0.6000  0.6133  0.6000  0.6667  0.7200  0.7200  0.7067  0.7067  0.6933  0.6667  0.5867  0.5867  0.5867  0.3467
Q2JHT7           0.6400  0.5600  0.6533  0.5600  0.6133  0.6000  0.6400  0.7200  0.6933  0.6933  0.6933  0.6933  0.6933  0.5733  0.5733  0.5733  0.5600  0.6667
Q2JY57           0.6800  0.6133  0.6533  0.6267  0.6000  0.6267  0.6400  0.7333  0.7200  0.7200  0.7200  0.7200  0.7067  0.6000  0.6000  0.6000  0.5733  0.6800  0.1200
B0JPI9           0.6000  0.6267  0.6533  0.5867  0.6133  0.6533  0.6267  0.7067  0.6667  0.6800  0.7067  0.6800  0.6267  0.5867  0.5867  0.5867  0.4400  0.4267  0.6667  0.6667
A5GSL7           0.6667  0.6667  0.6533  0.6133  0.6400  0.6133  0.6400  0.7067  0.7067  0.6933  0.7067  0.6667  0.6667  0.6267  0.6267  0.6267  0.4800  0.4933  0.5867  0.6267  0.5467
B9YN64           0.6133  0.6000  0.6400  0.5867  0.6133  0.6267  0.6667  0.7067  0.6800  0.6667  0.7200  0.6800  0.6400  0.6533  0.6533  0.6533  0.3733  0.3333  0.6400  0.6533  0.4267  0.5200
Q7U805           0.6533  0.6533  0.6667  0.6267  0.6533  0.6533  0.6267  0.6667  0.6533  0.6400  0.6933  0.6133  0.6800  0.6400  0.6400  0.6400  0.4933  0.5733  0.6133  0.6533  0.5867  0.3333  0.5600
Q3AIL1           0.6667  0.6533  0.6933  0.6400  0.6133  0.6400  0.6533  0.6800  0.6667  0.6533  0.7067  0.6267  0.6667  0.6400  0.6400  0.6400  0.5067  0.5600  0.6133  0.6267  0.5467  0.3467  0.5600  0.1200
A2C2B1           0.5867  0.6533  0.6400  0.6667  0.6667  0.6533  0.6800  0.6933  0.6800  0.6800  0.6400  0.6667  0.6667  0.6267  0.6267  0.6267  0.5867  0.5600  0.6800  0.6933  0.5200  0.5467  0.6133  0.4800  0.4667
Q4BWV4           0.6000  0.6133  0.6400  0.5733  0.5600  0.6133  0.6533  0.6933  0.6800  0.6800  0.6667  0.6800  0.5867  0.6133  0.6133  0.6133  0.4000  0.3867  0.6400  0.6667  0.4133  0.5467  0.4133  0.6000  0.5867  0.5867
B5VVY3           0.6133  0.6533  0.6800  0.5733  0.6267  0.6000  0.6800  0.7067  0.7200  0.7067  0.7200  0.7067  0.6533  0.6133  0.6133  0.6133  0.4000  0.2667  0.6533  0.6667  0.3867  0.5467  0.3333  0.6000  0.5600  0.6133  0.4267
Q115Y6           0.6400  0.6667  0.6800  0.6133  0.6000  0.6667  0.6533  0.6933  0.6800  0.6667  0.7333  0.6933  0.6533  0.5867  0.5867  0.5867  0.4533  0.3333  0.7467  0.7200  0.4533  0.5600  0.3600  0.6400  0.6133  0.5600  0.4533  0.3867
Q46KV5           0.6000  0.6400  0.6533  0.6800  0.6533  0.6667  0.6933  0.7067  0.6933  0.6933  0.6533  0.6800  0.6800  0.6400  0.6400  0.6400  0.6000  0.5733  0.6533  0.6667  0.5200  0.5600  0.6133  0.4933  0.4533  0.0267  0.5867  0.6267  0.5600
A8G506           0.6000  0.6267  0.6400  0.6667  0.6267  0.6800  0.6667  0.7200  0.7067  0.6933  0.7200  0.6933  0.6800  0.6533  0.6533  0.6533  0.5333  0.5333  0.6933  0.6800  0.4800  0.6267  0.4933  0.5733  0.5733  0.5467  0.5733  0.5867  0.5067  0.5467
Q3M7Y9           0.6267  0.5733  0.6667  0.5733  0.5867  0.6000  0.6400  0.6667  0.6533  0.6400  0.6667  0.6667  0.6133  0.6000  0.6000  0.6000  0.3867  0.3333  0.6400  0.6533  0.3733  0.5067  0.2000  0.5733  0.5200  0.5867  0.3733  0.3467  0.3467  0.5867  0.5467
Q8YP16           0.6267  0.6000  0.6533  0.5600  0.5867  0.6000  0.6400  0.6667  0.6267  0.6133  0.6800  0.6400  0.6000  0.6133  0.6133  0.6133  0.3733  0.3467  0.6400  0.6400  0.3867  0.5200  0.2133  0.5733  0.5200  0.6000  0.3867  0.3600  0.3467  0.6000  0.5333  0.0533
B7KL09           0.6267  0.6667  0.6533  0.6000  0.6133  0.6267  0.6667  0.7067  0.7067  0.6933  0.7067  0.6800  0.6533  0.6133  0.6133  0.6133  0.3733  0.3200  0.7067  0.7067  0.3600  0.5333  0.3600  0.5600  0.5067  0.5200  0.3867  0.3600  0.3467  0.5200  0.4933  0.3600  0.3600
A3PD38           0.6400  0.6533  0.6800  0.6800  0.6133  0.6800  0.6800  0.7467  0.7333  0.7200  0.7200  0.7200  0.6933  0.6400  0.6400  0.6400  0.5467  0.5200  0.6800  0.6667  0.5200  0.6133  0.4933  0.5867  0.5867  0.5733  0.5867  0.5733  0.4933  0.5733  0.0533  0.5467  0.5333  0.4800
B2JA19           0.6400  0.6133  0.6667  0.5600  0.5600  0.6267  0.6533  0.6800  0.6400  0.6267  0.6933  0.6533  0.6133  0.6133  0.6133  0.6133  0.3867  0.3600  0.6667  0.6667  0.4000  0.5200  0.2133  0.5600  0.5200  0.6000  0.4000  0.3733  0.3600  0.6000  0.5467  0.1200  0.1067  0.3733  0.5467
C7QMP6           0.6400  0.6400  0.6667  0.5733  0.6000  0.6133  0.6533  0.6933  0.7067  0.6933  0.7200  0.6800  0.6400  0.5733  0.5733  0.5733  0.3733  0.3333  0.6667  0.6667  0.3467  0.4933  0.3733  0.5733  0.5200  0.5467  0.3333  0.3733  0.3733  0.5467  0.5600  0.3333  0.3600  0.2400  0.5467  0.3733
B7K2H4           0.6400  0.6400  0.6667  0.5733  0.6000  0.6133  0.6533  0.6933  0.7067  0.6933  0.7200  0.6800  0.6400  0.5733  0.5733  0.5733  0.3733  0.3333  0.6667  0.6667  0.3467  0.4933  0.3733  0.5733  0.5200  0.5467  0.3333  0.3733  0.3733  0.5467  0.5600  0.3333  0.3600  0.2400  0.5467  0.3733  0.0000
B1WSS4           0.6267  0.6400  0.6800  0.6133  0.6267  0.6000  0.6667  0.6800  0.6667  0.6533  0.6800  0.6667  0.6267  0.6133  0.6133  0.6133  0.4000  0.3600  0.7067  0.7067  0.3733  0.5733  0.3600  0.6133  0.5867  0.5733  0.2400  0.4133  0.3467  0.5733  0.5333  0.3333  0.3333  0.2933  0.5333  0.3333  0.2533  0.2533
Q7V7D3           0.6933  0.6400  0.6800  0.6267  0.6800  0.6533  0.6667  0.7067  0.7067  0.7067  0.7200  0.7067  0.6800  0.6933  0.6933  0.6933  0.5067  0.6000  0.6133  0.6533  0.6267  0.4400  0.5733  0.3200  0.3333  0.4933  0.5600  0.6400  0.6400  0.4800  0.6267  0.5600  0.5733  0.5600  0.6133  0.5733  0.5600  0.5600  0.5600
A2BRB3           0.6000  0.6267  0.6400  0.6667  0.6267  0.6800  0.6667  0.7333  0.7067  0.6933  0.7200  0.6933  0.6800  0.6400  0.6400  0.6400  0.5333  0.5333  0.6933  0.6800  0.4933  0.6133  0.4933  0.5600  0.5733  0.5333  0.5733  0.5867  0.5067  0.5333  0.0667  0.5467  0.5333  0.4933  0.0933  0.5467  0.5600  0.5600  0.5333  0.6133
B1XL36           0.6133  0.6800  0.6000  0.5600  0.6000  0.6133  0.6000  0.6533  0.6533  0.6400  0.6933  0.6400  0.6000  0.6133  0.6133  0.6133  0.3733  0.3733  0.6667  0.6800  0.3733  0.5600  0.3867  0.6133  0.5867  0.5867  0.3733  0.3600  0.4267  0.6000  0.6267  0.3867  0.4000  0.3600  0.6400  0.4000  0.3467  0.3467  0.3600  0.6133  0.6267
A3IPC9           0.6400  0.6533  0.6667  0.6133  0.6267  0.6133  0.6800  0.6933  0.6533  0.6400  0.6667  0.6667  0.6400  0.6000  0.6000  0.6000  0.4000  0.3867  0.6933  0.6800  0.4000  0.5867  0.3867  0.5867  0.5733  0.5333  0.2267  0.4000  0.3600  0.5333  0.5467  0.3600  0.3600  0.3200  0.5467  0.3600  0.3333  0.3333  0.1333  0.5467  0.5467  0.3600
B0C7L4           0.6267  0.6400  0.6533  0.6000  0.6133  0.6267  0.6667  0.7067  0.7067  0.6933  0.7200  0.7067  0.6533  0.6000  0.6000  0.6000  0.3467  0.3200  0.6933  0.6800  0.3867  0.5733  0.3467  0.5867  0.5467  0.6133  0.4267  0.3467  0.3600  0.6133  0.5867  0.3333  0.3467  0.3067  0.5867  0.3733  0.3333  0.3333  0.3333  0.5600  0.5867  0.3467  0.3733
A2BWF1           0.6000  0.6400  0.6267  0.6533  0.6533  0.6800  0.6533  0.7467  0.7333  0.7333  0.7467  0.7200  0.6933  0.6800  0.6800  0.6800  0.5600  0.5600  0.6533  0.6400  0.5333  0.6267  0.5467  0.5733  0.6000  0.5733  0.6133  0.6267  0.5600  0.5867  0.2533  0.6000  0.5867  0.5200  0.2933  0.6133  0.5733  0.5733  0.6000  0.6000  0.2533  0.6533  0.6133  0.6000
Q8DIQ9           0.6667  0.6533  0.6933  0.5733  0.6400  0.6400  0.6667  0.7200  0.6933  0.6800  0.7333  0.6667  0.6933  0.6267  0.6267  0.6267  0.3733  0.4533  0.6000  0.6267  0.4133  0.3867  0.4533  0.4133  0.4267  0.5333  0.4800  0.4667  0.4533  0.5333  0.5867  0.4667  0.4533  0.4133  0.5867  0.4400  0.3867  0.3867  0.4400  0.4667  0.5733  0.4533  0.4800  0.3867  0.5867
Q31KT6           0.6133  0.6400  0.6400  0.5333  0.5733  0.5867  0.6667  0.6933  0.6933  0.6800  0.7200  0.6933  0.6400  0.5600  0.5600  0.5600  0.3200  0.3067  0.6267  0.6533  0.3600  0.5067  0.3067  0.5600  0.5333  0.5600  0.3733  0.2800  0.3600  0.5733  0.6133  0.2933  0.3067  0.3067  0.6000  0.2933  0.2267  0.2267  0.3067  0.5867  0.6133  0.3200  0.3467  0.2667  0.6133  0.3733
Q7VC40           0.6267  0.6533  0.7067  0.6933  0.6267  0.6400  0.6667  0.7200  0.7067  0.6933  0.6667  0.6667  0.6400  0.6800  0.6800  0.6800  0.5467  0.5867  0.7067  0.7333  0.5867  0.4933  0.6267  0.4267  0.4267  0.3733  0.5067  0.6400  0.5867  0.3600  0.5733  0.6000  0.6133  0.5467  0.5867  0.6000  0.5600  0.5600  0.5200  0.4000  0.5600  0.5467  0.5200  0.5867  0.6267  0.5067  0.6133
Q31AR5           0.6000  0.6267  0.6400  0.6400  0.6933  0.6933  0.6800  0.7200  0.7067  0.6933  0.7200  0.6933  0.7067  0.6667  0.6667  0.6667  0.5467  0.5600  0.6800  0.6933  0.5200  0.6400  0.5200  0.5733  0.6133  0.5733  0.5733  0.6000  0.5333  0.5733  0.1200  0.5733  0.5600  0.5067  0.1200  0.5733  0.5867  0.5867  0.5467  0.6267  0.1467  0.6400  0.5333  0.6133  0.2933  0.6000  0.6400  0.6000
Q5N132           0.6133  0.6400  0.6400  0.5333  0.5733  0.5867  0.6667  0.6933  0.6933  0.6800  0.7200  0.6933  0.6400  0.5600  0.5600  0.5600  0.3200  0.3067  0.6267  0.6533  0.3600  0.5067  0.3067  0.5600  0.5333  0.5600  0.3733  0.2800  0.3600  0.5733  0.6133  0.2933  0.3067  0.3067  0.6000  0.2933  0.2267  0.2267  0.3067  0.5867  0.6133  0.3200  0.3467  0.2667  0.6133  0.3733  0.0000  0.6133  0.6400
B4AXA7           0.6667  0.6933  0.6800  0.6133  0.6267  0.6667  0.6800  0.7333  0.7333  0.7200  0.7467  0.7333  0.6667  0.6267  0.6267  0.6267  0.4000  0.2667  0.7067  0.7200  0.3600  0.5200  0.3733  0.5467  0.5067  0.5600  0.4000  0.3733  0.3200  0.5600  0.5333  0.3333  0.3467  0.1733  0.5200  0.3733  0.3067  0.3067  0.3200  0.5600  0.5333  0.3600  0.3467  0.2667  0.5467  0.4000  0.3067  0.5867  0.5600  0.3067
Q7V1N3           0.6267  0.6667  0.6267  0.6933  0.6533  0.6800  0.6800  0.7200  0.7200  0.7067  0.7600  0.7200  0.7067  0.6667  0.6667  0.6667  0.4933  0.5600  0.6667  0.6400  0.5600  0.6000  0.5200  0.5600  0.5867  0.6133  0.6267  0.5733  0.5333  0.6267  0.2667  0.5600  0.5467  0.5467  0.3067  0.5733  0.5867  0.5867  0.5867  0.6000  0.3067  0.6533  0.6000  0.6133  0.2133  0.6000  0.5733  0.6267  0.3200  0.5733  0.5600
B8HU94           0.6000  0.6133  0.6533  0.5867  0.5867  0.6000  0.6133  0.6800  0.6533  0.6400  0.6800  0.6533  0.6667  0.6133  0.6133  0.6133  0.3333  0.3733  0.6800  0.6800  0.4000  0.5333  0.3467  0.5600  0.5600  0.6133  0.4267  0.3733  0.4000  0.6267  0.6267  0.3333  0.3467  0.3333  0.6000  0.3733  0.2533  0.2533  0.3200  0.5867  0.6267  0.2933  0.3867  0.2667  0.6133  0.4133  0.2667  0.5867  0.6400  0.2667  0.3067  0.6133
Q0IAV2           0.6267  0.6533  0.6400  0.6400  0.6667  0.6400  0.6400  0.6533  0.6533  0.6400  0.6533  0.6133  0.6667  0.6667  0.6667  0.6667  0.5333  0.5200  0.6533  0.6933  0.5467  0.3867  0.5600  0.3333  0.3600  0.4400  0.5600  0.5600  0.5733  0.4533  0.6533  0.5333  0.5467  0.5333  0.6667  0.5467  0.5600  0.5600  0.5733  0.3867  0.6400  0.5200  0.5733  0.5600  0.6533  0.4533  0.5333  0.4800  0.6533  0.5333  0.5467  0.6667  0.5600
A9BAK6           0.7067  0.6667  0.6933  0.7067  0.7067  0.6667  0.7467  0.7200  0.7067  0.6933  0.6800  0.6933  0.6933  0.6933  0.6933  0.6933  0.6133  0.6267  0.7600  0.7600  0.6800  0.5867  0.6800  0.5600  0.5867  0.5467  0.5867  0.6800  0.6267  0.5600  0.5067  0.6533  0.6533  0.5733  0.5200  0.6667  0.6533  0.6533  0.5867  0.6133  0.5067  0.6800  0.5733  0.7067  0.5333  0.6000  0.6800  0.5333  0.5200  0.6800  0.5867  0.5600  0.6933  0.6800
A3Z0A5           0.6267  0.6800  0.6400  0.6000  0.6267  0.6267  0.5867  0.6667  0.6667  0.6800  0.6800  0.6533  0.6400  0.5867  0.5867  0.5867  0.4400  0.4400  0.6400  0.6400  0.4533  0.3200  0.5067  0.3733  0.3333  0.4933  0.5333  0.4400  0.5467  0.5067  0.6267  0.4800  0.4933  0.4667  0.6133  0.4933  0.4133  0.4133  0.5200  0.4267  0.6133  0.4533  0.5200  0.4933  0.6000  0.4267  0.4000  0.5200  0.6533  0.4000  0.4533  0.6267  0.4667  0.3333  0.6400
A3ZAP6           0.6800  0.6667  0.7067  0.6267  0.6667  0.6533  0.6267  0.7067  0.6933  0.6800  0.7067  0.6533  0.6800  0.6667  0.6667  0.6667  0.4800  0.5333  0.6000  0.6000  0.5467  0.3333  0.5200  0.3067  0.3333  0.5333  0.6000  0.5333  0.5733  0.5333  0.6133  0.5200  0.5200  0.5467  0.6133  0.5333  0.5333  0.5333  0.5867  0.4000  0.6000  0.5067  0.5733  0.5467  0.6000  0.4000  0.5200  0.4800  0.6400  0.5200  0.5467  0.5867  0.5333  0.3200  0.6133  0.3200
A0ZCT4           0.6400  0.6267  0.6800  0.5867  0.5867  0.6133  0.6400  0.6933  0.6533  0.6400  0.7067  0.6667  0.6267  0.6000  0.6000  0.6000  0.3467  0.3200  0.6267  0.6267  0.4000  0.4933  0.1867  0.5733  0.5200  0.5867  0.4000  0.3467  0.3200  0.5733  0.5333  0.0933  0.1067  0.3333  0.5333  0.1333  0.3467  0.3467  0.3333  0.5867  0.5333  0.4000  0.3600  0.3333  0.5867  0.4667  0.2933  0.6133  0.5600  0.2933  0.3600  0.5333  0.3467  0.5600  0.6667  0.5067  0.5067
Q3AYN2           0.6400  0.6400  0.6533  0.6400  0.6533  0.6133  0.6400  0.6800  0.6533  0.6400  0.6800  0.6133  0.6933  0.6267  0.6267  0.6267  0.4267  0.5200  0.6133  0.6267  0.5200  0.3467  0.5333  0.1733  0.1867  0.4800  0.5733  0.5333  0.6267  0.4933  0.5333  0.5467  0.5467  0.5067  0.5467  0.5467  0.5200  0.5200  0.5733  0.2933  0.5333  0.5733  0.5733  0.5200  0.5467  0.3867  0.5200  0.4267  0.5733  0.5200  0.5600  0.5200  0.5333  0.3733  0.5467  0.3600  0.3333  0.5467
A4CV92           0.6667  0.7200  0.6800  0.6533  0.6533  0.6933  0.6133  0.6933  0.6667  0.6667  0.7200  0.6667  0.6933  0.6800  0.6800  0.6800  0.5200  0.5333  0.6933  0.6800  0.5333  0.4400  0.4933  0.4133  0.3867  0.4933  0.6133  0.5333  0.5467  0.4933  0.6533  0.5333  0.5467  0.5600  0.6667  0.5200  0.5200  0.5200  0.5733  0.4400  0.6400  0.5200  0.5867  0.5333  0.6000  0.4667  0.5067  0.5600  0.6800  0.5067  0.5467  0.5867  0.5200  0.2933  0.7333  0.3733  0.3867  0.4933  0.4267
Q7NN73           0.6933  0.7067  0.7067  0.6933  0.6933  0.6533  0.6800  0.7600  0.7733  0.7733  0.7733  0.7733  0.6933  0.6800  0.6800  0.6800  0.6800  0.6400  0.7067  0.7200  0.6400  0.6667  0.6667  0.6800  0.6400  0.6667  0.6533  0.6133  0.6533  0.6533  0.6933  0.6533  0.6400  0.6533  0.6933  0.6667  0.6000  0.6000  0.6400  0.6933  0.6800  0.6933  0.6800  0.6533  0.7067  0.6667  0.5867  0.7067  0.7067  0.5867  0.6400  0.7067  0.6533  0.6267  0.7600  0.6000  0.6667  0.6667  0.7067  0.6267
A5GLP7           0.6667  0.7067  0.6667  0.6267  0.6267  0.6533  0.6000  0.6667  0.6400  0.6400  0.7200  0.6400  0.6667  0.6400  0.6400  0.6400  0.4800  0.5467  0.6933  0.6933  0.5067  0.3867  0.5333  0.4000  0.3867  0.4667  0.5733  0.5733  0.5333  0.4800  0.6533  0.5467  0.5467  0.5200  0.6667  0.5200  0.4800  0.4800  0.5333  0.4267  0.6400  0.4933  0.5600  0.5600  0.6133  0.4267  0.5067  0.5333  0.6933  0.5067  0.5067  0.6267  0.4933  0.2667  0.6933  0.3467  0.3867  0.5200  0.4133  0.1600  0.6533
Q065M7           0.6533  0.6533  0.6667  0.6400  0.6533  0.6133  0.6400  0.6933  0.6667  0.6533  0.6800  0.6267  0.6933  0.6267  0.6267  0.6267  0.4400  0.5200  0.6267  0.6400  0.5600  0.3467  0.5333  0.1733  0.1867  0.4933  0.5733  0.5333  0.6267  0.5067  0.5600  0.5467  0.5467  0.4933  0.5600  0.5467  0.5200  0.5200  0.5733  0.2667  0.5600  0.5733  0.5733  0.5333  0.5467  0.3733  0.5333  0.4267  0.6000  0.5333  0.5467  0.5467  0.5333  0.3467  0.5733  0.3467  0.3200  0.5467  0.0400  0.4000  0.6800  0.3867
Q05Y93           0.6667  0.6667  0.6667  0.6267  0.6800  0.5867  0.6400  0.6667  0.6400  0.6267  0.6667  0.6000  0.6533  0.6667  0.6667  0.6667  0.4933  0.5467  0.6400  0.6667  0.5467  0.3467  0.5733  0.3067  0.3067  0.5067  0.5733  0.5467  0.5867  0.5200  0.6533  0.5600  0.5600  0.5333  0.6667  0.5600  0.5200  0.5200  0.5600  0.4000  0.6400  0.5733  0.5600  0.5467  0.6667  0.3867  0.5200  0.4667  0.6667  0.5200  0.5600  0.6667  0.5467  0.2667  0.6400  0.3467  0.3067  0.5600  0.3067  0.3600  0.6000  0.3467  0.2800
A2C9H9           0.6933  0.6667  0.6800  0.6400  0.6667  0.6400  0.6800  0.6933  0.6667  0.6533  0.6933  0.6533  0.6667  0.6800  0.6800  0.6800  0.4933  0.6000  0.6133  0.6533  0.6400  0.4400  0.5733  0.3067  0.3200  0.5333  0.5600  0.6400  0.6400  0.5200  0.6267  0.5733  0.5733  0.5600  0.6133  0.5733  0.5733  0.5733  0.5600  0.0800  0.6133  0.6000  0.5333  0.5600  0.6133  0.4667  0.5867  0.4267  0.6267  0.5867  0.5600  0.5867  0.5867  0.3867  0.6133  0.4267  0.3867  0.5867  0.2800  0.4800  0.7067  0.4667  0.2533  0.4000


TREE #  1:  ((8, (11, (12, (10, 9)))), (((14, 15), 16), ((((((((((38, 37), ((43, 39), 27)), ((34, 51), 21)), 17), 42), (((18, 28), 29), (((58, 36), (33, 32)), 23))), ((53, 44), 46)), ((50, 47), ((((((24, 25), (63, 59)), (((60, 62), 54), (57, 64))), (((((((35, 41), 31), 49), (52, 45)), 55), ((30, 26), 48)), (40, 65))), 56), 22))), (19, 20)), 61)), ((((((4, 2), 1), 6), (7, 13)), 5), 3));   MP score: 1004
lnL(ntime: 63  np: 64):  -4977.555674      +0.000000
  66..67   67..8    67..68   68..11   68..69   69..12   69..70   70..10   70..9    66..71   71..72   72..73   73..14   73..15   72..16   71..74   74..75   75..76   76..77   77..78   78..79   79..80   80..81   81..82   82..83   83..38   83..37   82..84   84..85   85..43   85..39   84..27   81..86   86..87   87..34   87..51   86..21   80..17   79..42   78..88   88..89   89..90   90..18   90..28   89..29   88..91   91..92   92..93   93..58   93..36   92..94   94..33   94..32   91..23   77..95   95..96   96..53   96..44   95..46   76..97   97..98   98..50   98..47   97..99   99..100 100..101 101..102 102..103 103..104 104..24  104..25  103..105 105..63  105..59  102..106 106..107 107..108 108..60  108..62  107..54  106..109 109..57  109..64  101..110 110..111 111..112 112..113 113..114 114..115 115..116 116..35  116..41  115..31  114..49  113..117 117..52  117..45  112..55  111..118 118..119 119..30  119..26  118..48  110..120 120..40  120..65  100..56   99..22   75..121 121..19  121..20   74..61   66..122 122..123 123..124 124..125 125..126 126..127 127..4   127..2   126..1   125..6   124..128 128..7   128..13  123..5   122..3  
 1.116605 0.177859 0.129304 0.054825 0.007004 1.081428 0.000001 0.000000 1.015023 1.015022 0.639699 0.352755 0.351320 0.351320 0.351319 0.316106 0.259165 0.000000 0.141285 0.073282 0.258369 0.125834 0.290427 0.259247 0.185102 0.118228 0.060618 0.060618 0.029534 0.352755 0.212799 0.639699 0.000001 0.511278 0.499761 0.456957 0.383260 0.149120 0.069732 0.024944 0.267856 0.185919 0.073999 0.233148 0.450495 0.387191 0.311953 0.141422 0.060160 0.035207 0.035207 0.096194 0.274564 0.010462 0.042716 0.062352 0.481942 0.422595 0.422595 0.397520 0.397519 0.397519 0.422594 1.063827

tree length =  19.96594

((8: 0.177859, (11: 0.129304, (12: 0.054825, (10: 0.007004, 9: 0.007004): 0.047821): 0.074480): 0.048554): 0.938746, (((14: 0.000000, 15: 0.000000): 0.000001, 16: 0.000001): 1.081427, ((((((((((38: 0.000000, 37: 0.000000): 0.259165, ((43: 0.073282, 39: 0.073282): 0.068003, 27: 0.141285): 0.117881): 0.056941, ((34: 0.125834, 51: 0.125834): 0.132535, 21: 0.258369): 0.057737): 0.035213, 17: 0.351319): 0.000000, 42: 0.351320): 0.000000, (((18: 0.185102, 28: 0.185102): 0.074145, 29: 0.259247): 0.031180, (((58: 0.060618, 36: 0.060618): 0.000000, (33: 0.029534, 32: 0.029534): 0.031084): 0.057610, 23: 0.118228): 0.172199): 0.060893): 0.001435, ((53: 0.212799, 44: 0.212799): 0.139956, 46: 0.352755): 0.000000): 0.286944, ((50: 0.000001, 47: 0.000001): 0.639698, ((((((24: 0.069732, 25: 0.069732): 0.079387, (63: 0.024944, 59: 0.024944): 0.124175): 0.234141, (((60: 0.073999, 62: 0.073999): 0.111920, 54: 0.185919): 0.081938, (57: 0.233148, 64: 0.233148): 0.034708): 0.115404): 0.073696, (((((((35: 0.035207, 41: 0.035207): 0.000000, 31: 0.035207): 0.024953, 49: 0.060160): 0.081261, (52: 0.096194, 45: 0.096194): 0.045228): 0.170531, 55: 0.311953): 0.075238, ((30: 0.010462, 26: 0.010462): 0.264102, 48: 0.274564): 0.112627): 0.063305, (40: 0.042716, 65: 0.042716): 0.407779): 0.006461): 0.042804, 56: 0.499761): 0.011517, 22: 0.511278): 0.128421): 0.000001): 0.375323, (19: 0.062352, 20: 0.062352): 0.952671): 0.000001, 61: 1.015023): 0.066405): 0.035177, ((((((4: 0.397519, 2: 0.397519): 0.000000, 1: 0.397519): 0.000000, 6: 0.397520): 0.025075, (7: 0.422594, 13: 0.422594): 0.000000): 0.000000, 5: 0.422595): 0.059347, 3: 0.481942): 0.634663);

((B9KG16: 0.177859, (Q4HTE7: 0.129304, (Q4HH86: 0.054825, (A8FL09: 0.007004, A7H3U5: 0.007004): 0.047821): 0.074480): 0.048554): 0.938746, (((B7N0H0: 0.000000, P0AC13: 0.000000): 0.000001, B7LR44: 0.000001): 1.081427, ((((((((((B7K2H4: 0.000000, C7QMP6: 0.000000): 0.259165, ((A3IPC9: 0.073282, B1WSS4: 0.073282): 0.068003, Q4BWV4: 0.141285): 0.117881): 0.056941, ((B7KL09: 0.125834, B4AXA7: 0.125834): 0.132535, B0JPI9: 0.258369): 0.057737): 0.035213, P73248: 0.351319): 0.000000, B1XL36: 0.351320): 0.000000, (((A0YUA0: 0.185102, B5VVY3: 0.185102): 0.074145, Q115Y6: 0.259247): 0.031180, (((A0ZCT4: 0.060618, B2JA19: 0.060618): 0.000000, (Q8YP16: 0.029534, Q3M7Y9: 0.029534): 0.031084): 0.057610, B9YN64: 0.118228): 0.172199): 0.060893): 0.001435, ((B8HU94: 0.212799, B0C7L4: 0.212799): 0.139956, Q8DIQ9: 0.352755): 0.000000): 0.286944, ((Q5N132: 0.000001, Q31KT6: 0.000001): 0.639698, ((((((Q7U805: 0.069732, Q3AIL1: 0.069732): 0.079387, (Q065M7: 0.024944, Q3AYN2: 0.024944): 0.124175): 0.234141, (((A4CV92: 0.073999, A5GLP7: 0.073999): 0.111920, Q0IAV2: 0.185919): 0.081938, (A3ZAP6: 0.233148, Q05Y93: 0.233148): 0.034708): 0.115404): 0.073696, (((((((A3PD38: 0.035207, A2BRB3: 0.035207): 0.000000, A8G506: 0.035207): 0.024953, Q31AR5: 0.060160): 0.081261, (Q7V1N3: 0.096194, A2BWF1: 0.096194): 0.045228): 0.170531, A9BAK6: 0.311953): 0.075238, ((Q46KV5: 0.010462, A2C2B1: 0.010462): 0.264102, Q7VC40: 0.274564): 0.112627): 0.063305, (Q7V7D3: 0.042716, A2C9H9: 0.042716): 0.407779): 0.006461): 0.042804, A3Z0A5: 0.499761): 0.011517, A5GSL7: 0.511278): 0.128421): 0.000001): 0.375323, (Q2JHT7: 0.062352, Q2JY57: 0.062352): 0.952671): 0.000001, Q7NN73: 1.015023): 0.066405): 0.035177, ((((((Q30Q07: 0.397519, A6Q7G0: 0.397519): 0.000000, A8EU38: 0.397519): 0.000000, D1B2S4: 0.397520): 0.025075, (Q7M8C5: 0.422594, O25830: 0.422594): 0.000000): 0.000000, A6Q437: 0.422595): 0.059347, B9LAE7: 0.481942): 0.634663);

((8_B9KG16, (11_Q4HTE7, (12_Q4HH86, (10_A8FL09, 9_A7H3U5) 70 ) 69 ) 68 ) 67 , (((14_B7N0H0, 15_P0AC13) 73 , 16_B7LR44) 72 , ((((((((((38_B7K2H4, 37_C7QMP6) 83 , ((43_A3IPC9, 39_B1WSS4) 85 , 27_Q4BWV4) 84 ) 82 , ((34_B7KL09, 51_B4AXA7) 87 , 21_B0JPI9) 86 ) 81 , 17_P73248) 80 , 42_B1XL36) 79 , (((18_A0YUA0, 28_B5VVY3) 90 , 29_Q115Y6) 89 , (((58_A0ZCT4, 36_B2JA19) 93 , (33_Q8YP16, 32_Q3M7Y9) 94 ) 92 , 23_B9YN64) 91 ) 88 ) 78 , ((53_B8HU94, 44_B0C7L4) 96 , 46_Q8DIQ9) 95 ) 77 , ((50_Q5N132, 47_Q31KT6) 98 , ((((((24_Q7U805, 25_Q3AIL1) 104 , (63_Q065M7, 59_Q3AYN2) 105 ) 103 , (((60_A4CV92, 62_A5GLP7) 108 , 54_Q0IAV2) 107 , (57_A3ZAP6, 64_Q05Y93) 109 ) 106 ) 102 , (((((((35_A3PD38, 41_A2BRB3) 116 , 31_A8G506) 115 , 49_Q31AR5) 114 , (52_Q7V1N3, 45_A2BWF1) 117 ) 113 , 55_A9BAK6) 112 , ((30_Q46KV5, 26_A2C2B1) 119 , 48_Q7VC40) 118 ) 111 , (40_Q7V7D3, 65_A2C9H9) 120 ) 110 ) 101 , 56_A3Z0A5) 100 , 22_A5GSL7) 99 ) 97 ) 76 , (19_Q2JHT7, 20_Q2JY57) 121 ) 75 , 61_Q7NN73) 74 ) 71 , ((((((4_Q30Q07, 2_A6Q7G0) 127 , 1_A8EU38) 126 , 6_D1B2S4) 125 , (7_Q7M8C5, 13_O25830) 128 ) 124 , 5_A6Q437) 123 , 3_B9LAE7) 122 ) 66 ;

Detailed output identifying parameters

alpha (gamma, K = 4) =  1.06383
rate:   0.14951  0.49513  1.00982  2.34554
freq:   0.25000  0.25000  0.25000  0.25000

Time used:  2:38
