AAML (in paml version 4.6, August 2012)  262.aa
Model: Empirical for branches,  (../../../bin/LG.dat) dGamma (ncatG=4) ns =  65  ls = 427


Frequencies..
                                    A      R      N      D      C      Q      E      G      H      I      L      K      M      F      P      S      T      W      Y      V
A8ESP3                         0.10773 0.01874 0.03981 0.05855 0.02108 0.01639 0.06792 0.06557 0.01874 0.08665 0.08665 0.11475 0.02810 0.03044 0.01874 0.05855 0.04918 0.00468 0.04450 0.06323
B9L9L3                         0.08899 0.01874 0.04450 0.04918 0.01874 0.00234 0.09602 0.07963 0.01639 0.07963 0.08197 0.11007 0.01405 0.04918 0.03513 0.05152 0.04450 0.00234 0.04215 0.07494
D1B198                         0.11241 0.02108 0.03981 0.04215 0.00937 0.02108 0.07260 0.07260 0.01639 0.07026 0.11475 0.08197 0.03747 0.02810 0.03279 0.06557 0.07260 0.00468 0.03279 0.05152
A6Q2V9                         0.12646 0.02342 0.03747 0.05386 0.01171 0.00937 0.07963 0.08197 0.01639 0.07728 0.09836 0.11475 0.02108 0.02342 0.03513 0.04684 0.03513 0.00468 0.03513 0.06792
Q30RI3                         0.10070 0.02108 0.04215 0.05855 0.01405 0.01405 0.06557 0.07728 0.02108 0.07728 0.09133 0.09602 0.03044 0.03981 0.02108 0.07728 0.04918 0.00234 0.02810 0.07260
Q7M8W6                         0.10539 0.03747 0.02576 0.03981 0.01639 0.04215 0.08431 0.08197 0.02576 0.06323 0.11710 0.07026 0.01639 0.03747 0.03513 0.06557 0.04918 0.00234 0.02810 0.05621
A6Q801                         0.10070 0.03513 0.04450 0.04918 0.01405 0.01171 0.06089 0.08197 0.02342 0.07026 0.08665 0.10773 0.02810 0.02810 0.03279 0.04918 0.06089 0.00234 0.02810 0.08431
Q4HDK8                         0.09368 0.02810 0.06323 0.05152 0.01405 0.00937 0.07026 0.07494 0.01874 0.07494 0.11944 0.09836 0.02342 0.04918 0.02342 0.05855 0.04215 0.00234 0.03981 0.04450
Q4HTL1                         0.10773 0.03513 0.05152 0.04684 0.02108 0.02342 0.07260 0.06792 0.01639 0.07260 0.11241 0.08899 0.02576 0.04918 0.02108 0.06557 0.03279 0.00234 0.04215 0.04450
A8FLX8                         0.10070 0.03513 0.05855 0.05621 0.01405 0.01171 0.06792 0.07026 0.01405 0.06323 0.11944 0.09602 0.02342 0.04918 0.02342 0.05855 0.04918 0.00234 0.03747 0.04918
A7H3C2                         0.09836 0.03044 0.05855 0.05621 0.01405 0.01171 0.06792 0.07026 0.01171 0.06557 0.11944 0.10070 0.02342 0.04918 0.02342 0.06089 0.04684 0.00234 0.03981 0.04918
B9KG22                         0.09368 0.01874 0.06323 0.05386 0.01405 0.02342 0.06557 0.06557 0.01171 0.07963 0.10539 0.09368 0.02576 0.05152 0.02342 0.07963 0.03981 0.00234 0.04450 0.04450
O25294                         0.10070 0.02108 0.05152 0.04215 0.01639 0.00703 0.09133 0.07963 0.02108 0.06323 0.12178 0.10539 0.01874 0.03513 0.02810 0.04918 0.03747 0.00234 0.03044 0.07728
B4B8C2                         0.11710 0.02108 0.04215 0.04684 0.00703 0.02576 0.07728 0.09836 0.01171 0.07728 0.11241 0.07260 0.02342 0.03513 0.03747 0.04450 0.07494 0.01171 0.00703 0.05621
Q4C204                         0.12646 0.02342 0.03279 0.05152 0.00703 0.01874 0.08431 0.09133 0.01405 0.06323 0.11475 0.06792 0.02576 0.03279 0.03513 0.05386 0.07963 0.01171 0.00937 0.05621
B1WR01                         0.13115 0.02342 0.03044 0.05152 0.00937 0.02108 0.09133 0.08899 0.01405 0.07026 0.10304 0.07494 0.02576 0.03513 0.03747 0.03747 0.07728 0.01171 0.00703 0.05855
A0ZJ16                         0.14286 0.03279 0.02810 0.05386 0.00468 0.03044 0.07260 0.10070 0.01639 0.07963 0.10773 0.06792 0.02108 0.02810 0.03747 0.03279 0.06792 0.00937 0.01405 0.05152
B7KCB0                         0.11710 0.02108 0.03747 0.05152 0.00937 0.02576 0.07494 0.09368 0.01405 0.07260 0.12178 0.06792 0.02576 0.03044 0.03981 0.03981 0.08665 0.01171 0.00937 0.04918
A3IQB6                         0.13115 0.02576 0.03513 0.05621 0.00937 0.01639 0.08431 0.09602 0.01405 0.07260 0.09836 0.07260 0.03044 0.03981 0.03279 0.04215 0.07026 0.01171 0.00703 0.05386
Q11A96                         0.12178 0.03044 0.03981 0.04684 0.01171 0.01639 0.07494 0.09602 0.01874 0.07494 0.10539 0.07260 0.02576 0.03747 0.03513 0.04450 0.07026 0.01171 0.00703 0.05855
B8HTK3                         0.13583 0.03981 0.02810 0.06323 0.00703 0.03513 0.06557 0.09836 0.01639 0.06323 0.11241 0.05386 0.02810 0.03044 0.03279 0.03981 0.07260 0.01171 0.00937 0.05621
A2C4A5                         0.10304 0.03044 0.04215 0.05855 0.01874 0.02810 0.06323 0.08899 0.00937 0.08665 0.08899 0.08899 0.01874 0.03279 0.03981 0.05855 0.05386 0.01171 0.02342 0.05386
Q46JD4                         0.10304 0.03279 0.04450 0.05855 0.01639 0.02576 0.06557 0.08899 0.00937 0.08197 0.09133 0.08899 0.01874 0.03279 0.03981 0.05855 0.05152 0.01171 0.02342 0.05621
Q2JRU4                         0.15925 0.03747 0.03044 0.03513 0.00937 0.04684 0.07494 0.08197 0.01171 0.03747 0.12881 0.04918 0.01874 0.02810 0.04215 0.04450 0.06323 0.00937 0.01405 0.07728
Q7NHC6                         0.12178 0.05152 0.02342 0.04215 0.00937 0.02108 0.08431 0.10304 0.01405 0.05621 0.10539 0.06323 0.02108 0.03513 0.03044 0.04215 0.06792 0.00937 0.01405 0.08431
P73971                         0.12178 0.01874 0.03044 0.04215 0.00703 0.03513 0.07728 0.11007 0.01405 0.06792 0.11710 0.07260 0.02576 0.03513 0.03981 0.03747 0.07260 0.01171 0.00937 0.05386
C7QQQ4                         0.12178 0.02342 0.04215 0.05386 0.01171 0.03279 0.07494 0.09368 0.01171 0.07260 0.11475 0.06792 0.02342 0.03279 0.03747 0.04215 0.07260 0.01171 0.00468 0.05386
B7K4A4                         0.12178 0.02342 0.04215 0.05386 0.01171 0.03279 0.07494 0.09368 0.01171 0.07260 0.11241 0.06792 0.02342 0.03279 0.03747 0.04215 0.07260 0.01171 0.00468 0.05621
A2BY39                         0.09602 0.02342 0.06323 0.05621 0.00937 0.02108 0.06792 0.08665 0.01639 0.09836 0.10304 0.09602 0.02576 0.03981 0.02576 0.05855 0.04215 0.01171 0.01639 0.04215
A0YPI7                         0.12646 0.03044 0.03747 0.05621 0.00703 0.02108 0.07963 0.09133 0.01171 0.05855 0.11241 0.06323 0.03044 0.03981 0.03044 0.04215 0.07963 0.01171 0.00937 0.06089
Q8DI46                         0.13583 0.03747 0.03747 0.04918 0.01405 0.04215 0.06089 0.09368 0.01639 0.05152 0.12646 0.04684 0.02576 0.02810 0.03747 0.03044 0.07963 0.01171 0.01405 0.06089
B0JL23                         0.13349 0.02342 0.03279 0.04684 0.00937 0.03513 0.07728 0.09602 0.01171 0.07026 0.11944 0.05855 0.02810 0.03044 0.04215 0.05152 0.07260 0.01171 0.00703 0.04215
B9YME8                         0.13817 0.03044 0.02342 0.05621 0.00703 0.03044 0.06557 0.10070 0.01171 0.07494 0.11007 0.06792 0.02108 0.02810 0.03747 0.03513 0.07963 0.00937 0.01171 0.06089
A9BBV5                         0.11944 0.03044 0.03747 0.04450 0.01874 0.03279 0.07260 0.10304 0.01171 0.07260 0.11475 0.07494 0.02108 0.03279 0.03279 0.05621 0.04684 0.01171 0.01405 0.05152
Q3M9J6                         0.13115 0.02576 0.03513 0.06089 0.00234 0.03981 0.06089 0.10304 0.00937 0.07728 0.10304 0.06557 0.02108 0.03044 0.03981 0.04215 0.06323 0.00937 0.01639 0.06323
A2BSQ4                         0.10773 0.01405 0.05621 0.06089 0.00937 0.02342 0.06792 0.08665 0.01405 0.07494 0.11007 0.10539 0.02108 0.03747 0.02576 0.06089 0.04918 0.01171 0.01405 0.04918
Q2JKL5                         0.14754 0.03513 0.03044 0.03513 0.01171 0.04684 0.07728 0.09133 0.01405 0.04684 0.13115 0.04684 0.02108 0.02810 0.03044 0.04215 0.06557 0.00937 0.01405 0.07494
Q8Z064                         0.13349 0.02576 0.03279 0.05621 0.00234 0.03981 0.06557 0.10539 0.00937 0.07728 0.10539 0.06792 0.02108 0.03044 0.03747 0.03747 0.06557 0.00937 0.01639 0.06089
Q7V0D4                         0.09602 0.02108 0.07026 0.05386 0.00937 0.02342 0.06792 0.08665 0.01639 0.08899 0.09602 0.09133 0.02576 0.03981 0.02576 0.06792 0.04684 0.01171 0.01874 0.04215
B2J3G8                         0.14286 0.02576 0.03044 0.05386 0.00234 0.03044 0.07260 0.10304 0.00937 0.07728 0.10304 0.07494 0.02342 0.03044 0.03747 0.03279 0.06323 0.00937 0.01639 0.06089
Q7VAP4                         0.12881 0.03044 0.03513 0.05152 0.01874 0.02108 0.07728 0.09133 0.01405 0.08899 0.10070 0.07494 0.02342 0.02576 0.03513 0.06557 0.03981 0.01405 0.01639 0.04684
B0CCF6                         0.14520 0.02576 0.02810 0.04450 0.00703 0.04450 0.07963 0.09836 0.01874 0.05855 0.10070 0.05621 0.02810 0.03747 0.04215 0.04215 0.06089 0.01405 0.00937 0.05855
Q0I816                         0.13817 0.04684 0.02810 0.05386 0.01639 0.02810 0.06089 0.10070 0.02108 0.04450 0.11475 0.03279 0.02810 0.02108 0.04215 0.07494 0.04918 0.01405 0.01405 0.07026
Q319F5                         0.11007 0.01874 0.05386 0.05855 0.01171 0.02342 0.07728 0.08899 0.01405 0.07963 0.10539 0.09836 0.02342 0.03747 0.02576 0.05386 0.04450 0.01171 0.01639 0.04684
A3PEG6                         0.10539 0.01639 0.06089 0.05855 0.00937 0.02810 0.06792 0.08899 0.01405 0.07494 0.10773 0.09836 0.02108 0.03747 0.02576 0.06323 0.04450 0.01171 0.01405 0.05152
A4CRD4                         0.12881 0.04918 0.02810 0.06557 0.01874 0.01405 0.06323 0.10304 0.02342 0.04450 0.11944 0.03747 0.02810 0.01874 0.04450 0.05855 0.05152 0.01405 0.01639 0.07260
A8G6E3                         0.09836 0.01639 0.05855 0.06089 0.00937 0.02810 0.07026 0.09133 0.01405 0.07494 0.10773 0.09368 0.02342 0.03981 0.02576 0.06557 0.04450 0.01171 0.01405 0.05152
B5W5Z3                         0.13349 0.03747 0.02576 0.06089 0.00703 0.03044 0.07026 0.09602 0.00937 0.05386 0.11007 0.06089 0.02810 0.04215 0.03747 0.04450 0.06557 0.01171 0.01171 0.06323
A3YVE9                         0.15925 0.05386 0.01874 0.05152 0.01171 0.02342 0.06792 0.11475 0.00937 0.03747 0.12646 0.03513 0.02108 0.02810 0.04684 0.05386 0.04450 0.01171 0.01639 0.06792
A5GN62                         0.13349 0.04684 0.02342 0.06557 0.01874 0.01639 0.05855 0.10304 0.02342 0.04215 0.12178 0.03981 0.02810 0.02108 0.04684 0.07026 0.04684 0.01405 0.01405 0.06557
Q3AHT4                         0.15691 0.04918 0.03044 0.06323 0.01874 0.03044 0.06089 0.10539 0.01171 0.03981 0.11007 0.04684 0.03044 0.02342 0.04450 0.03513 0.03981 0.01171 0.01405 0.07728
Q3AZE8                         0.15925 0.04450 0.03513 0.05152 0.01874 0.02810 0.05855 0.10539 0.01405 0.03513 0.11710 0.04215 0.02810 0.01874 0.04450 0.04684 0.04450 0.01171 0.02108 0.07494
Q064Z0                         0.15691 0.04684 0.03747 0.05386 0.01639 0.03044 0.05386 0.10773 0.00937 0.03044 0.12178 0.03513 0.02810 0.01874 0.04215 0.05621 0.04450 0.01171 0.02108 0.07728
A2C749                         0.13817 0.04918 0.02576 0.04215 0.01874 0.02342 0.06792 0.10304 0.01874 0.04450 0.12178 0.03981 0.02810 0.01874 0.04684 0.05855 0.05621 0.01171 0.01639 0.07026
Q7V5X8                         0.13817 0.04918 0.02810 0.04215 0.01874 0.02342 0.07026 0.10304 0.01874 0.03981 0.12412 0.03747 0.03044 0.01874 0.04684 0.05855 0.05386 0.01171 0.01639 0.07026
O06865                         0.14754 0.03513 0.02108 0.06089 0.00468 0.02810 0.06089 0.10070 0.01171 0.05855 0.11007 0.05386 0.01874 0.02810 0.04450 0.05152 0.07260 0.01171 0.01639 0.06323
Q5N569                         0.14520 0.03513 0.02108 0.06089 0.00468 0.02810 0.06089 0.10070 0.01171 0.05855 0.11007 0.05386 0.01874 0.02576 0.04684 0.05152 0.07260 0.01171 0.01639 0.06557
Q05TZ3                         0.14754 0.04918 0.02342 0.05855 0.00937 0.01874 0.05855 0.11007 0.01405 0.03747 0.11710 0.03747 0.02108 0.02342 0.04215 0.06089 0.05855 0.01405 0.01639 0.08197
B7MSZ3                         0.10539 0.05152 0.03747 0.03981 0.01639 0.04450 0.07494 0.10304 0.01639 0.05621 0.11007 0.04450 0.03513 0.02342 0.03279 0.05386 0.04918 0.00937 0.02810 0.06792
P68767                         0.10539 0.05152 0.03747 0.03981 0.01639 0.04450 0.07494 0.10304 0.01639 0.05621 0.11007 0.04450 0.03513 0.02342 0.03279 0.05386 0.04918 0.00937 0.02810 0.06792
B1XK83                         0.14286 0.02342 0.03279 0.04684 0.00937 0.01405 0.07963 0.10070 0.00937 0.07026 0.09368 0.06323 0.02810 0.03513 0.04215 0.05152 0.06089 0.01405 0.02108 0.06089
B7LMT2                         0.10539 0.05152 0.03747 0.03981 0.01639 0.04450 0.07494 0.10304 0.01639 0.05621 0.11007 0.04450 0.03513 0.02108 0.03279 0.05621 0.04918 0.00937 0.02810 0.06792
A5GV03                         0.13817 0.04215 0.02810 0.05152 0.02108 0.03981 0.06323 0.10539 0.01171 0.04918 0.12881 0.04450 0.02108 0.02810 0.04450 0.05855 0.03747 0.01171 0.01874 0.05621
A3Z671                         0.14988 0.05621 0.02576 0.06557 0.01405 0.03279 0.05386 0.09836 0.02342 0.04215 0.11241 0.02576 0.02576 0.02342 0.03981 0.05621 0.05386 0.01405 0.01639 0.07026
Q7U8Q1                         0.17564 0.05152 0.03044 0.05621 0.01405 0.03747 0.05386 0.11007 0.01639 0.03747 0.11710 0.03513 0.02342 0.02342 0.03747 0.03747 0.04918 0.01171 0.01405 0.06792

Homogeneity statistic: X2 = 3.55976 G = 3.60767 

Average                        0.12484 0.03279 0.03769 0.05228 0.01229 0.02659 0.07076 0.09350 0.01488 0.06420 0.11036 0.06867 0.02490 0.03196 0.03545 0.05206 0.05693 0.00984 0.01910 0.06093

# constant sites:     50 (11.71%)
ln Lmax (unconstrained) = -2512.596529

AA distances (raw proportions of different sites)

A8ESP3         
B9L9L3           0.4426
D1B198           0.4426  0.4520
A6Q2V9           0.4122  0.3934  0.3677
Q30RI3           0.4403  0.4918  0.4707  0.4450
Q7M8W6           0.4637  0.4520  0.4028  0.4215  0.5012
A6Q801           0.4520  0.4356  0.4520  0.4122  0.4614  0.4567
Q4HDK8           0.4754  0.4895  0.3958  0.4403  0.4731  0.4567  0.4660
Q4HTL1           0.4848  0.4941  0.4403  0.4496  0.4824  0.4707  0.4824  0.1920
A8FLX8           0.4801  0.5059  0.4052  0.4496  0.4778  0.4637  0.4778  0.0843  0.1991
A7H3C2           0.4778  0.5012  0.3981  0.4426  0.4754  0.4614  0.4731  0.0820  0.1920  0.0141
B9KG22           0.4965  0.5269  0.4215  0.4614  0.5082  0.4754  0.4778  0.2529  0.2623  0.2529  0.2482
O25294           0.4824  0.4988  0.4379  0.4309  0.5199  0.4075  0.4871  0.3958  0.4309  0.4005  0.3958  0.4496
B4B8C2           0.5995  0.6089  0.5925  0.5878  0.6300  0.5995  0.6347  0.6393  0.6300  0.6370  0.6370  0.6370  0.5995
Q4C204           0.5948  0.6089  0.5902  0.5738  0.6159  0.6019  0.6370  0.6276  0.6206  0.6370  0.6370  0.6323  0.6066  0.2201
B1WR01           0.6112  0.5995  0.5902  0.5761  0.6230  0.6019  0.6230  0.6206  0.6042  0.6206  0.6206  0.6183  0.6019  0.1991  0.1218
A0ZJ16           0.5995  0.6159  0.5925  0.5785  0.6206  0.6042  0.6393  0.6417  0.6300  0.6464  0.6440  0.6581  0.6206  0.2623  0.2553  0.2717
B7KCB0           0.5972  0.6066  0.5925  0.5855  0.6206  0.6019  0.6206  0.6347  0.6276  0.6347  0.6347  0.6300  0.6089  0.1194  0.1897  0.1850  0.2436
A3IQB6           0.6112  0.6042  0.6019  0.5808  0.6159  0.6066  0.6276  0.6347  0.6183  0.6323  0.6323  0.6323  0.6066  0.2272  0.1124  0.0773  0.2740  0.2084
Q11A96           0.6136  0.6230  0.6019  0.5855  0.6276  0.6230  0.6323  0.6370  0.6159  0.6393  0.6347  0.6323  0.6393  0.2623  0.2646  0.2834  0.2600  0.2670  0.2834
B8HTK3           0.6393  0.6323  0.5995  0.6089  0.6464  0.6159  0.6464  0.6628  0.6393  0.6534  0.6534  0.6511  0.6370  0.2576  0.2436  0.2529  0.2412  0.2436  0.2482  0.2787
A2C4A5           0.6183  0.6183  0.5995  0.6183  0.6136  0.6089  0.6206  0.6347  0.6393  0.6464  0.6440  0.6604  0.6183  0.4473  0.4567  0.4637  0.4473  0.4403  0.4684  0.4473  0.4567
Q46JD4           0.6206  0.6183  0.6019  0.6183  0.6159  0.6112  0.6183  0.6347  0.6417  0.6464  0.6440  0.6628  0.6206  0.4473  0.4567  0.4637  0.4496  0.4403  0.4684  0.4496  0.4590  0.0164
Q2JRU4           0.6230  0.6136  0.5785  0.5902  0.6230  0.5925  0.6393  0.6230  0.6230  0.6276  0.6300  0.6581  0.6112  0.3513  0.3630  0.3560  0.3349  0.3536  0.3817  0.3794  0.3326  0.4496  0.4426
Q7NHC6           0.6440  0.6206  0.6042  0.5925  0.6323  0.6089  0.6393  0.6230  0.6370  0.6206  0.6183  0.6370  0.6159  0.3466  0.3981  0.4098  0.3817  0.3794  0.4169  0.3770  0.3864  0.5012  0.5012  0.3841
P73971           0.6323  0.6276  0.6066  0.5948  0.6464  0.6159  0.6581  0.6604  0.6511  0.6581  0.6581  0.6604  0.6370  0.2506  0.2482  0.2459  0.2904  0.2412  0.2506  0.3068  0.2600  0.4520  0.4520  0.3700  0.3958
C7QQQ4           0.6300  0.6159  0.6042  0.5831  0.6276  0.5972  0.6347  0.6370  0.6323  0.6417  0.6417  0.6347  0.6183  0.1967  0.1991  0.1967  0.2857  0.1920  0.2131  0.2881  0.2576  0.4684  0.4731  0.3630  0.3747  0.2600
B7K4A4           0.6300  0.6159  0.6042  0.5831  0.6276  0.5972  0.6347  0.6370  0.6323  0.6417  0.6417  0.6347  0.6183  0.1967  0.2014  0.1967  0.2881  0.1944  0.2131  0.2904  0.2600  0.4707  0.4754  0.3607  0.3724  0.2623  0.0023
A2BY39           0.6511  0.6112  0.6347  0.6042  0.6230  0.6066  0.6230  0.6323  0.6511  0.6440  0.6440  0.6511  0.6323  0.4941  0.4754  0.4801  0.4871  0.4778  0.4801  0.5012  0.5012  0.4052  0.3981  0.5105  0.5176  0.4848  0.5012  0.5035
A0YPI7           0.6136  0.6230  0.5925  0.5714  0.6276  0.6230  0.6323  0.6230  0.6159  0.6159  0.6206  0.6347  0.6230  0.2951  0.2763  0.2904  0.2482  0.2787  0.2927  0.2482  0.2810  0.4590  0.4614  0.3653  0.3934  0.3349  0.3068  0.3091  0.4895
Q8DI46           0.6300  0.6183  0.5831  0.6019  0.6393  0.6112  0.6417  0.6323  0.6323  0.6370  0.6370  0.6393  0.6323  0.2834  0.3279  0.3279  0.3208  0.2927  0.3443  0.3419  0.2810  0.4707  0.4707  0.3396  0.3958  0.3208  0.2951  0.2974  0.4941  0.3607
B0JL23           0.6159  0.6159  0.6066  0.5855  0.6487  0.6066  0.6370  0.6347  0.6230  0.6417  0.6417  0.6487  0.6183  0.2131  0.2342  0.2365  0.2740  0.1991  0.2412  0.2927  0.2693  0.4543  0.4543  0.3653  0.4075  0.2646  0.2459  0.2482  0.4988  0.3115  0.3279
B9YME8           0.6042  0.5972  0.5925  0.5785  0.6230  0.6112  0.6253  0.6276  0.6206  0.6300  0.6347  0.6417  0.6159  0.2529  0.2436  0.2459  0.1452  0.2412  0.2576  0.2717  0.2436  0.4473  0.4520  0.3372  0.3700  0.2974  0.2787  0.2810  0.4778  0.2389  0.3255  0.2600
A9BBV5           0.6511  0.6417  0.6183  0.6159  0.6347  0.6159  0.6534  0.6557  0.6721  0.6745  0.6721  0.6862  0.6534  0.4450  0.4473  0.4614  0.4637  0.4543  0.4684  0.4567  0.4637  0.3770  0.3770  0.4543  0.5246  0.4731  0.4543  0.4567  0.3958  0.4731  0.4660  0.4660  0.4543
Q3M9J6           0.6089  0.6230  0.6066  0.5738  0.6230  0.6089  0.6347  0.6370  0.6230  0.6511  0.6487  0.6511  0.6253  0.2646  0.2646  0.2881  0.1710  0.2576  0.2904  0.2740  0.2787  0.4426  0.4450  0.3302  0.4052  0.3091  0.2974  0.2998  0.4778  0.2740  0.3326  0.2787  0.1733  0.4637
A2BSQ4           0.6440  0.6253  0.6417  0.5972  0.6323  0.5995  0.6276  0.6393  0.6464  0.6440  0.6440  0.6511  0.6323  0.4684  0.4707  0.4801  0.4918  0.4567  0.4895  0.4871  0.4871  0.4192  0.4122  0.5012  0.5082  0.4871  0.4824  0.4848  0.1639  0.4801  0.4754  0.4895  0.4754  0.3864  0.4754
Q2JKL5           0.6276  0.6136  0.5972  0.5995  0.6253  0.5902  0.6417  0.6300  0.6230  0.6323  0.6347  0.6651  0.6136  0.3560  0.3724  0.3653  0.3489  0.3560  0.3817  0.3794  0.3443  0.4684  0.4637  0.0796  0.3911  0.3724  0.3700  0.3677  0.5059  0.3747  0.3630  0.3677  0.3560  0.4614  0.3419  0.4988
Q8Z064           0.6089  0.6230  0.6019  0.5785  0.6253  0.6112  0.6300  0.6393  0.6253  0.6511  0.6487  0.6487  0.6230  0.2576  0.2670  0.2834  0.1616  0.2529  0.2881  0.2717  0.2787  0.4473  0.4496  0.3279  0.4052  0.3091  0.2951  0.2974  0.4848  0.2717  0.3302  0.2717  0.1710  0.4614  0.0187  0.4754  0.3396
Q7V0D4           0.6534  0.6253  0.6464  0.6159  0.6300  0.6136  0.6347  0.6464  0.6581  0.6557  0.6557  0.6581  0.6440  0.4848  0.4707  0.4754  0.4871  0.4731  0.4801  0.4965  0.5012  0.4122  0.4052  0.5082  0.5199  0.4778  0.5012  0.5035  0.0749  0.4871  0.4871  0.4988  0.4707  0.3958  0.4684  0.1616  0.5082  0.4754
B2J3G8           0.6112  0.6230  0.5855  0.5738  0.6042  0.6136  0.6300  0.6417  0.6276  0.6440  0.6417  0.6534  0.6300  0.2529  0.2553  0.2693  0.1429  0.2529  0.2740  0.2670  0.2553  0.4309  0.4309  0.3396  0.3794  0.2927  0.2951  0.2974  0.5035  0.2553  0.3302  0.2740  0.1522  0.4660  0.1358  0.4778  0.3560  0.1358  0.4871
Q7VAP4           0.6370  0.6230  0.6253  0.5948  0.6159  0.6042  0.6464  0.6417  0.6440  0.6511  0.6534  0.6628  0.6300  0.4543  0.4262  0.4286  0.4379  0.4426  0.4403  0.4520  0.4473  0.3724  0.3724  0.4473  0.4988  0.4707  0.4543  0.4567  0.3911  0.4473  0.4660  0.4684  0.4286  0.2810  0.4496  0.3864  0.4614  0.4520  0.3958  0.4426
B0CCF6           0.6370  0.6276  0.6276  0.6019  0.6417  0.6206  0.6511  0.6674  0.6440  0.6604  0.6581  0.6628  0.6534  0.2881  0.2881  0.3115  0.2904  0.2974  0.3091  0.3138  0.2670  0.4731  0.4731  0.3607  0.4028  0.3232  0.3044  0.3068  0.4988  0.3326  0.3372  0.3044  0.3021  0.4567  0.3044  0.4871  0.3700  0.3091  0.4941  0.2951  0.4262
Q0I816           0.6487  0.6581  0.6159  0.6206  0.6464  0.6230  0.6557  0.6674  0.6628  0.6651  0.6651  0.6862  0.6370  0.4520  0.4426  0.4520  0.4333  0.4496  0.4637  0.4614  0.4379  0.3981  0.3958  0.4333  0.5129  0.4660  0.4543  0.4567  0.4520  0.4520  0.4543  0.4356  0.4496  0.3747  0.4403  0.4379  0.4520  0.4403  0.4450  0.4333  0.3677  0.4192
Q319F5           0.6370  0.6136  0.6347  0.5972  0.6253  0.6042  0.6230  0.6370  0.6393  0.6393  0.6393  0.6464  0.6370  0.4707  0.4637  0.4707  0.4848  0.4567  0.4778  0.4778  0.4848  0.4145  0.4075  0.4988  0.5152  0.4754  0.4824  0.4848  0.1593  0.4754  0.4824  0.4824  0.4637  0.3841  0.4731  0.0515  0.4941  0.4731  0.1569  0.4778  0.3817  0.4754  0.4309
A3PEG6           0.6393  0.6183  0.6393  0.5972  0.6300  0.6042  0.6323  0.6417  0.6464  0.6464  0.6464  0.6487  0.6440  0.4731  0.4754  0.4824  0.4918  0.4590  0.4895  0.4848  0.4941  0.4239  0.4169  0.5059  0.5105  0.4871  0.4824  0.4848  0.1593  0.4801  0.4754  0.4848  0.4731  0.3864  0.4754  0.0375  0.5012  0.4778  0.1546  0.4801  0.3888  0.4871  0.4403  0.0445
A4CRD4           0.6370  0.6417  0.6089  0.6112  0.6347  0.6089  0.6347  0.6628  0.6487  0.6581  0.6557  0.6885  0.6347  0.4356  0.4403  0.4403  0.4122  0.4286  0.4473  0.4262  0.4262  0.3958  0.3958  0.4356  0.5105  0.4614  0.4450  0.4473  0.4356  0.4333  0.4450  0.4239  0.4333  0.3396  0.4169  0.4239  0.4379  0.4192  0.4262  0.4169  0.3653  0.4286  0.2084  0.4262  0.4262
A8G6E3           0.6487  0.6230  0.6370  0.5995  0.6300  0.6066  0.6253  0.6370  0.6487  0.6417  0.6417  0.6464  0.6440  0.4778  0.4754  0.4848  0.4988  0.4614  0.4918  0.4871  0.4895  0.4192  0.4122  0.5035  0.5129  0.4941  0.4824  0.4848  0.1616  0.4801  0.4707  0.4918  0.4778  0.3817  0.4778  0.0468  0.5012  0.4801  0.1569  0.4824  0.3864  0.4848  0.4286  0.0539  0.0375  0.4145
B5W5Z3           0.6370  0.6253  0.5995  0.5878  0.6206  0.6276  0.6464  0.6487  0.6370  0.6464  0.6440  0.6417  0.6487  0.2810  0.2834  0.2787  0.2482  0.2576  0.2810  0.2787  0.2904  0.4660  0.4684  0.3443  0.4075  0.3279  0.2927  0.2951  0.4988  0.2201  0.3255  0.2951  0.2506  0.4731  0.2763  0.4941  0.3536  0.2717  0.5035  0.2670  0.4496  0.3326  0.4496  0.4918  0.4918  0.4379  0.4941
A3YVE9           0.6230  0.6323  0.5878  0.5925  0.6347  0.6183  0.6487  0.6628  0.6628  0.6581  0.6604  0.6721  0.6417  0.4052  0.4122  0.4215  0.3888  0.4005  0.4215  0.4098  0.3934  0.4192  0.4145  0.4005  0.4520  0.4122  0.4239  0.4262  0.4637  0.4052  0.3911  0.4052  0.3911  0.3958  0.3958  0.4520  0.4075  0.3911  0.4731  0.3794  0.3747  0.3794  0.3419  0.4520  0.4543  0.3232  0.4473  0.3981
A5GN62           0.6370  0.6511  0.6136  0.6183  0.6323  0.6112  0.6464  0.6674  0.6511  0.6604  0.6581  0.6885  0.6417  0.4333  0.4403  0.4403  0.4098  0.4262  0.4450  0.4215  0.4333  0.3864  0.3864  0.4473  0.5082  0.4473  0.4403  0.4426  0.4450  0.4333  0.4496  0.4215  0.4356  0.3560  0.4286  0.4356  0.4543  0.4309  0.4379  0.4169  0.3724  0.4356  0.1874  0.4309  0.4333  0.0679  0.4262  0.4309  0.3255
Q3AHT4           0.6534  0.6464  0.6042  0.6066  0.6370  0.6206  0.6581  0.6487  0.6581  0.6487  0.6534  0.6651  0.6487  0.4520  0.4567  0.4590  0.4286  0.4496  0.4590  0.4403  0.4403  0.4122  0.4075  0.4356  0.4988  0.4731  0.4614  0.4614  0.4450  0.4567  0.4426  0.4496  0.4333  0.3560  0.4356  0.4333  0.4590  0.4309  0.4403  0.4215  0.3841  0.4239  0.2834  0.4333  0.4286  0.2857  0.4286  0.4450  0.2951  0.2834
Q3AZE8           0.6534  0.6487  0.6159  0.6042  0.6464  0.6159  0.6487  0.6581  0.6698  0.6674  0.6721  0.6792  0.6511  0.4567  0.4426  0.4426  0.4333  0.4450  0.4403  0.4543  0.4356  0.4215  0.4169  0.4333  0.4918  0.4637  0.4590  0.4567  0.4543  0.4520  0.4286  0.4473  0.4333  0.3560  0.4426  0.4520  0.4543  0.4379  0.4520  0.4333  0.3747  0.4239  0.2974  0.4520  0.4496  0.2881  0.4426  0.4496  0.3091  0.2881  0.1616
Q064Z0           0.6557  0.6487  0.6253  0.6159  0.6511  0.6253  0.6581  0.6651  0.6745  0.6721  0.6768  0.6885  0.6581  0.4614  0.4496  0.4473  0.4356  0.4473  0.4426  0.4543  0.4403  0.4192  0.4145  0.4309  0.4895  0.4637  0.4660  0.4637  0.4684  0.4567  0.4286  0.4496  0.4379  0.3607  0.4473  0.4567  0.4496  0.4426  0.4660  0.4379  0.3888  0.4262  0.3044  0.4567  0.4520  0.2904  0.4473  0.4567  0.3021  0.2881  0.1663  0.0351
A2C749           0.6370  0.6370  0.6112  0.6042  0.6230  0.6136  0.6487  0.6628  0.6698  0.6651  0.6674  0.6862  0.6487  0.4333  0.4379  0.4496  0.4333  0.4239  0.4520  0.4192  0.4333  0.3724  0.3677  0.4239  0.4731  0.4660  0.4450  0.4473  0.4379  0.4520  0.4379  0.4496  0.4403  0.3326  0.4333  0.4286  0.4379  0.4333  0.4403  0.4403  0.3349  0.4215  0.2810  0.4286  0.4309  0.2600  0.4286  0.4473  0.3162  0.2646  0.2857  0.2904  0.2834
Q7V5X8           0.6417  0.6393  0.6159  0.6066  0.6276  0.6159  0.6511  0.6604  0.6674  0.6628  0.6651  0.6838  0.6464  0.4379  0.4403  0.4520  0.4356  0.4309  0.4543  0.4239  0.4379  0.3770  0.3724  0.4262  0.4778  0.4707  0.4496  0.4520  0.4403  0.4520  0.4379  0.4543  0.4450  0.3396  0.4356  0.4309  0.4403  0.4356  0.4426  0.4426  0.3396  0.4239  0.2834  0.4309  0.4333  0.2646  0.4309  0.4496  0.3185  0.2693  0.2881  0.2951  0.2881  0.0117
O06865           0.6323  0.6253  0.6159  0.5925  0.6206  0.6276  0.6487  0.6581  0.6487  0.6534  0.6534  0.6581  0.6534  0.3279  0.3232  0.3091  0.2740  0.3021  0.3115  0.3279  0.2998  0.4614  0.4590  0.3817  0.4169  0.3443  0.3255  0.3279  0.4754  0.3185  0.3677  0.3185  0.2600  0.4660  0.2787  0.4778  0.3817  0.2787  0.4754  0.2904  0.4426  0.3372  0.4450  0.4637  0.4731  0.4145  0.4824  0.2881  0.3700  0.4122  0.4052  0.4309  0.4286  0.4122  0.4169
Q5N569           0.6323  0.6276  0.6183  0.5948  0.6206  0.6300  0.6487  0.6604  0.6511  0.6557  0.6557  0.6604  0.6557  0.3326  0.3279  0.3138  0.2787  0.3044  0.3162  0.3326  0.3044  0.4637  0.4614  0.3864  0.4192  0.3489  0.3302  0.3326  0.4778  0.3232  0.3724  0.3185  0.2646  0.4707  0.2834  0.4801  0.3864  0.2834  0.4778  0.2951  0.4450  0.3419  0.4496  0.4660  0.4754  0.4192  0.4848  0.2927  0.3724  0.4169  0.4098  0.4356  0.4333  0.4145  0.4192  0.0047
Q05TZ3           0.6347  0.6253  0.6089  0.5972  0.6347  0.6159  0.6557  0.6628  0.6581  0.6628  0.6651  0.6862  0.6464  0.4356  0.4520  0.4450  0.4239  0.4333  0.4567  0.4333  0.4356  0.3958  0.3911  0.4215  0.4988  0.4614  0.4614  0.4614  0.4309  0.4356  0.4450  0.4356  0.4239  0.3630  0.4215  0.4122  0.4286  0.4192  0.4239  0.4215  0.3466  0.4169  0.2482  0.4122  0.4075  0.2459  0.4028  0.4309  0.2881  0.2436  0.2740  0.3115  0.3021  0.2693  0.2763  0.3934  0.3981
B7MSZ3           0.6511  0.6440  0.6393  0.6347  0.6557  0.6534  0.6651  0.6370  0.6651  0.6581  0.6581  0.6698  0.6511  0.6370  0.6417  0.6487  0.6651  0.6417  0.6464  0.6323  0.6534  0.6440  0.6440  0.6089  0.6183  0.6581  0.6534  0.6534  0.6417  0.6417  0.6300  0.6440  0.6370  0.6393  0.6417  0.6323  0.6183  0.6440  0.6464  0.6440  0.6323  0.6604  0.6230  0.6230  0.6253  0.6206  0.6300  0.6417  0.6089  0.6276  0.6206  0.6206  0.6253  0.6136  0.6112  0.6651  0.6674  0.6253
P68767           0.6511  0.6440  0.6393  0.6347  0.6557  0.6534  0.6651  0.6370  0.6651  0.6581  0.6581  0.6698  0.6511  0.6370  0.6417  0.6487  0.6651  0.6417  0.6464  0.6323  0.6534  0.6440  0.6440  0.6089  0.6183  0.6581  0.6534  0.6534  0.6417  0.6417  0.6300  0.6440  0.6370  0.6393  0.6417  0.6323  0.6183  0.6440  0.6464  0.6440  0.6323  0.6604  0.6230  0.6230  0.6253  0.6206  0.6300  0.6417  0.6089  0.6276  0.6206  0.6206  0.6253  0.6136  0.6112  0.6651  0.6674  0.6253  0.0000
B1XK83           0.6487  0.5925  0.6112  0.5925  0.6206  0.6206  0.6511  0.6393  0.6347  0.6370  0.6370  0.6511  0.6253  0.3068  0.3185  0.3138  0.3513  0.3091  0.3091  0.3466  0.3419  0.4590  0.4590  0.3864  0.4005  0.3208  0.3115  0.3115  0.5152  0.3419  0.3583  0.3302  0.3443  0.4848  0.3607  0.5012  0.3958  0.3630  0.5035  0.3443  0.4731  0.3724  0.4637  0.5035  0.5012  0.4520  0.5105  0.3326  0.4192  0.4426  0.4473  0.4590  0.4590  0.4543  0.4590  0.3653  0.3700  0.4590  0.6159  0.6159
B7LMT2           0.6534  0.6464  0.6417  0.6370  0.6581  0.6557  0.6674  0.6393  0.6674  0.6604  0.6604  0.6721  0.6511  0.6370  0.6417  0.6487  0.6651  0.6417  0.6464  0.6323  0.6534  0.6440  0.6440  0.6089  0.6183  0.6581  0.6534  0.6534  0.6417  0.6417  0.6300  0.6440  0.6370  0.6393  0.6417  0.6323  0.6183  0.6440  0.6464  0.6440  0.6323  0.6604  0.6230  0.6230  0.6253  0.6206  0.6300  0.6417  0.6089  0.6276  0.6206  0.6206  0.6253  0.6136  0.6112  0.6651  0.6674  0.6253  0.0023  0.0023  0.6159
A5GV03           0.6557  0.6628  0.6112  0.6206  0.6417  0.6183  0.6838  0.6745  0.6815  0.6862  0.6838  0.6932  0.6370  0.4614  0.4660  0.4684  0.4450  0.4473  0.4778  0.4543  0.4426  0.4520  0.4520  0.4684  0.5222  0.4543  0.4778  0.4801  0.4824  0.4684  0.4660  0.4426  0.4496  0.4496  0.4590  0.4660  0.4778  0.4590  0.4754  0.4567  0.4262  0.4637  0.3934  0.4614  0.4684  0.3958  0.4707  0.4567  0.3677  0.3841  0.3770  0.3934  0.3911  0.3677  0.3747  0.4286  0.4309  0.3630  0.6440  0.6440  0.4754  0.6440
A3Z671           0.6534  0.6557  0.6253  0.6323  0.6604  0.6253  0.6721  0.6792  0.6838  0.6745  0.6768  0.7049  0.6581  0.4614  0.4684  0.4567  0.4309  0.4543  0.4707  0.4543  0.4496  0.4122  0.4098  0.4333  0.4965  0.4731  0.4660  0.4684  0.4567  0.4778  0.4520  0.4660  0.4520  0.3724  0.4496  0.4379  0.4426  0.4450  0.4590  0.4473  0.3653  0.4309  0.2529  0.4356  0.4356  0.2693  0.4333  0.4543  0.3162  0.2623  0.3091  0.3138  0.3044  0.2623  0.2670  0.4239  0.4286  0.2529  0.6300  0.6300  0.4707  0.6300  0.3934
Q7U8Q1           0.6487  0.6651  0.5995  0.6183  0.6393  0.6300  0.6487  0.6604  0.6581  0.6581  0.6628  0.6674  0.6581  0.4754  0.4848  0.4801  0.4496  0.4684  0.4731  0.4590  0.4379  0.4262  0.4215  0.4450  0.5199  0.4778  0.4801  0.4824  0.4637  0.4707  0.4333  0.4660  0.4520  0.3700  0.4496  0.4403  0.4731  0.4473  0.4567  0.4450  0.3794  0.4262  0.2834  0.4379  0.4379  0.2787  0.4333  0.4660  0.3021  0.2857  0.1780  0.1991  0.2061  0.2857  0.2904  0.4215  0.4262  0.2763  0.6206  0.6206  0.4731  0.6206  0.4005  0.2881


TREE #  1:  (((((((5, 7), 1), (((((11, 10), 8), 9), 12), 3)), (6, 13)), 4), 2), ((59, 60), 62), ((((((((((28, 27), ((19, 16), 15)), ((14, 18), 32)), 26), 61), (((48, 30), 20), ((((35, 38), 40), 17), 33))), ((21, 42), 31)), ((57, 56), (((((((53, 52), 51), 65), (((50, 46), 43), (64, 58))), ((((23, 22), ((((45, 36), 47), 44), (39, 29))), (41, 34)), (54, 55))), 49), 63))), (24, 37)), 25));   MP score: 4582
lnL(ntime:127  np:128): -22970.165802      +0.000000
  66..67   67..68   68..69   69..70   70..71   71..72   72..5    72..7    71..1    70..73   73..74   74..75   75..76   76..77   77..11   77..10   76..8    75..9    74..12   73..3    69..78   78..6    78..13   68..4    67..2    66..79   79..80   80..59   80..60   79..62   66..81   81..82   82..83   83..84   84..85   85..86   86..87   87..88   88..89   89..90   90..28   90..27   89..91   91..92   92..19   92..16   91..15   88..93   93..94   94..14   94..18   93..32   87..26   86..61   85..95   95..96   96..97   97..48   97..30   96..20   95..98   98..99   99..100 100..101 101..35  101..38  100..40   99..17   98..33   84..102 102..103 103..21  103..42  102..31   83..104 104..105 105..57  105..56  104..106 106..107 107..108 108..109 109..110 110..111 111..112 112..53  112..52  111..51  110..65  109..113 113..114 114..115 115..50  115..46  114..43  113..116 116..64  116..58  108..117 117..118 118..119 119..120 120..23  120..22  119..121 121..122 122..123 123..124 124..45  124..36  123..47  122..44  121..125 125..39  125..29  118..126 126..41  126..34  117..127 127..54  127..55  107..49  106..63   82..128 128..24  128..37   81..25 
 0.784474 0.078082 0.097719 0.019283 0.094223 0.089733 0.500372 0.478160 0.529640 0.096397 0.367329 0.052145 0.087913 0.048210 0.003466 0.011698 0.047178 0.147155 0.220039 0.349600 0.187239 0.399282 0.501771 0.262012 0.520530 1.394416 0.000004 0.000004 0.000004 0.002516 0.615501 0.136143 0.149848 0.029849 0.031404 0.020490 0.050209 0.022422 0.047627 0.138838 0.002471 0.000004 0.072084 0.044799 0.049465 0.044502 0.063629 0.029206 0.061784 0.088336 0.058192 0.188253 0.246218 0.413734 0.038475 0.051829 0.072733 0.158875 0.156595 0.204742 0.103481 0.026038 0.038034 0.089088 0.011261 0.008896 0.063104 0.084826 0.078632 0.035011 0.049482 0.129763 0.270081 0.333543 0.070087 0.249427 0.004975 0.000004 0.320154 0.047684 0.125547 0.028009 0.151397 0.065718 0.115268 0.021433 0.018120 0.098171 0.115434 0.061969 0.105431 0.119753 0.023994 0.060705 0.141152 0.023544 0.224267 0.199748 0.060430 0.159679 0.135582 0.369046 0.001850 0.015954 0.472231 0.083471 0.009307 0.000181 0.014337 0.025746 0.028377 0.025530 0.070382 0.032917 0.056980 0.105938 0.242993 0.275448 0.190133 0.000004 0.012635 0.242364 0.512130 0.294695 0.036237 0.059481 0.332436 0.722808

tree length =  18.23858

(((((((5: 0.500372, 7: 0.478160): 0.089733, 1: 0.529640): 0.094223, (((((11: 0.003466, 10: 0.011698): 0.048210, 8: 0.047178): 0.087913, 9: 0.147155): 0.052145, 12: 0.220039): 0.367329, 3: 0.349600): 0.096397): 0.019283, (6: 0.399282, 13: 0.501771): 0.187239): 0.097719, 4: 0.262012): 0.078082, 2: 0.520530): 0.784474, ((59: 0.000004, 60: 0.000004): 0.000004, 62: 0.002516): 1.394416, ((((((((((28: 0.002471, 27: 0.000004): 0.138838, ((19: 0.049465, 16: 0.044502): 0.044799, 15: 0.063629): 0.072084): 0.047627, ((14: 0.088336, 18: 0.058192): 0.061784, 32: 0.188253): 0.029206): 0.022422, 26: 0.246218): 0.050209, 61: 0.413734): 0.020490, (((48: 0.158875, 30: 0.156595): 0.072733, 20: 0.204742): 0.051829, ((((35: 0.011261, 38: 0.008896): 0.089088, 40: 0.063104): 0.038034, 17: 0.084826): 0.026038, 33: 0.078632): 0.103481): 0.038475): 0.031404, ((21: 0.129763, 42: 0.270081): 0.049482, 31: 0.333543): 0.035011): 0.029849, ((57: 0.004975, 56: 0.000004): 0.249427, (((((((53: 0.021433, 52: 0.018120): 0.115268, 51: 0.098171): 0.065718, 65: 0.115434): 0.151397, (((50: 0.023994, 46: 0.060705): 0.119753, 43: 0.141152): 0.105431, (64: 0.224267, 58: 0.199748): 0.023544): 0.061969): 0.028009, ((((23: 0.001850, 22: 0.015954): 0.369046, ((((45: 0.014337, 36: 0.025746): 0.000181, 47: 0.028377): 0.009307, 44: 0.025530): 0.083471, (39: 0.032917, 29: 0.056980): 0.070382): 0.472231): 0.135582, (41: 0.242993, 34: 0.275448): 0.105938): 0.159679, (54: 0.000004, 55: 0.012635): 0.190133): 0.060430): 0.125547, 49: 0.242364): 0.047684, 63: 0.512130): 0.320154): 0.070087): 0.149848, (24: 0.036237, 37: 0.059481): 0.294695): 0.136143, 25: 0.332436): 0.615501);

(((((((Q30RI3: 0.500372, A6Q801: 0.478160): 0.089733, A8ESP3: 0.529640): 0.094223, (((((A7H3C2: 0.003466, A8FLX8: 0.011698): 0.048210, Q4HDK8: 0.047178): 0.087913, Q4HTL1: 0.147155): 0.052145, B9KG22: 0.220039): 0.367329, D1B198: 0.349600): 0.096397): 0.019283, (Q7M8W6: 0.399282, O25294: 0.501771): 0.187239): 0.097719, A6Q2V9: 0.262012): 0.078082, B9L9L3: 0.520530): 0.784474, ((B7MSZ3: 0.000004, P68767: 0.000004): 0.000004, B7LMT2: 0.002516): 1.394416, ((((((((((B7K4A4: 0.002471, C7QQQ4: 0.000004): 0.138838, ((A3IQB6: 0.049465, B1WR01: 0.044502): 0.044799, Q4C204: 0.063629): 0.072084): 0.047627, ((B4B8C2: 0.088336, B7KCB0: 0.058192): 0.061784, B0JL23: 0.188253): 0.029206): 0.022422, P73971: 0.246218): 0.050209, B1XK83: 0.413734): 0.020490, (((B5W5Z3: 0.158875, A0YPI7: 0.156595): 0.072733, Q11A96: 0.204742): 0.051829, ((((Q3M9J6: 0.011261, Q8Z064: 0.008896): 0.089088, B2J3G8: 0.063104): 0.038034, A0ZJ16: 0.084826): 0.026038, B9YME8: 0.078632): 0.103481): 0.038475): 0.031404, ((B8HTK3: 0.129763, B0CCF6: 0.270081): 0.049482, Q8DI46: 0.333543): 0.035011): 0.029849, ((Q5N569: 0.004975, O06865: 0.000004): 0.249427, (((((((Q064Z0: 0.021433, Q3AZE8: 0.018120): 0.115268, Q3AHT4: 0.098171): 0.065718, Q7U8Q1: 0.115434): 0.151397, (((A5GN62: 0.023994, A4CRD4: 0.060705): 0.119753, Q0I816: 0.141152): 0.105431, (A3Z671: 0.224267, Q05TZ3: 0.199748): 0.023544): 0.061969): 0.028009, ((((Q46JD4: 0.001850, A2C4A5: 0.015954): 0.369046, ((((A3PEG6: 0.014337, A2BSQ4: 0.025746): 0.000181, A8G6E3: 0.028377): 0.009307, Q319F5: 0.025530): 0.083471, (Q7V0D4: 0.032917, A2BY39: 0.056980): 0.070382): 0.472231): 0.135582, (Q7VAP4: 0.242993, A9BBV5: 0.275448): 0.105938): 0.159679, (A2C749: 0.000004, Q7V5X8: 0.012635): 0.190133): 0.060430): 0.125547, A3YVE9: 0.242364): 0.047684, A5GV03: 0.512130): 0.320154): 0.070087): 0.149848, (Q2JRU4: 0.036237, Q2JKL5: 0.059481): 0.294695): 0.136143, Q7NHC6: 0.332436): 0.615501);

Detailed output identifying parameters

alpha (gamma, K = 4) =  0.72281
rate:   0.07907  0.37410  0.93304  2.61380
freq:   0.25000  0.25000  0.25000  0.25000

Time used: 1:06:57
