AAML (in paml version 4.6, August 2012)  251.aa
Model: Empirical for branches,  Global clock  (../../../bin/LG.dat) dGamma (ncatG=4) ns =  65  ls = 221


Frequencies..
                                    A      R      N      D      C      Q      E      G      H      I      L      K      M      F      P      S      T      W      Y      V
A8ES02                         0.04525 0.01810 0.06787 0.09050 0.02715 0.00452 0.09050 0.04525 0.01810 0.13122 0.06335 0.10860 0.00452 0.04525 0.01357 0.07240 0.03167 0.01810 0.00905 0.09502
D1B3V7                         0.07240 0.03620 0.04977 0.05882 0.02262 0.04525 0.07692 0.06335 0.01810 0.09050 0.11765 0.06335 0.02262 0.03620 0.01810 0.04977 0.04525 0.01810 0.02715 0.06787
Q30PY3                         0.06787 0.01810 0.04977 0.08145 0.01810 0.02715 0.08145 0.05430 0.01357 0.10860 0.09502 0.08145 0.00000 0.04525 0.01810 0.05882 0.04072 0.02262 0.02715 0.09050
A6Q4V8                         0.06787 0.03167 0.04525 0.06335 0.01357 0.02262 0.10407 0.06787 0.01810 0.12217 0.09050 0.09502 0.01357 0.02262 0.01810 0.05882 0.04525 0.01810 0.02715 0.05430
B9L7G4                         0.05430 0.01810 0.07692 0.07692 0.01357 0.01357 0.09502 0.04072 0.01810 0.10860 0.09502 0.11765 0.00000 0.02262 0.02262 0.05430 0.04072 0.01810 0.03620 0.07692
Q4HGR0                         0.07240 0.01357 0.06787 0.07240 0.02262 0.01810 0.09502 0.04977 0.02715 0.13575 0.10407 0.11312 0.00905 0.02262 0.00905 0.04525 0.02262 0.02262 0.03167 0.04525
B9KDE1                         0.05882 0.01357 0.04977 0.06787 0.01810 0.03167 0.08145 0.05430 0.02715 0.14027 0.09955 0.11765 0.00452 0.02715 0.00452 0.06335 0.04977 0.01810 0.03620 0.03620
A6QBN7                         0.08145 0.02262 0.02715 0.07240 0.01810 0.02262 0.09050 0.05430 0.01357 0.08597 0.10860 0.09955 0.00905 0.04525 0.01810 0.06787 0.04525 0.01810 0.02715 0.07240
Q4HNT4                         0.07240 0.02262 0.06335 0.06787 0.03167 0.02262 0.09050 0.04977 0.01810 0.11312 0.14480 0.10407 0.00452 0.04072 0.00905 0.05430 0.02262 0.02262 0.02262 0.02262
A8FMH0                         0.05430 0.01810 0.06335 0.06787 0.02715 0.01810 0.08597 0.05430 0.02715 0.13575 0.10407 0.09955 0.00905 0.03620 0.00905 0.07692 0.02262 0.02262 0.02715 0.04072
A7H2P1                         0.05430 0.01810 0.06335 0.06787 0.03167 0.01810 0.08597 0.05430 0.03167 0.14027 0.10407 0.09955 0.00905 0.03167 0.00905 0.07692 0.02262 0.02262 0.02262 0.03620
P60095                         0.07692 0.04525 0.02715 0.05430 0.03167 0.02715 0.08597 0.07692 0.01810 0.09502 0.14480 0.05430 0.00905 0.02715 0.03620 0.06787 0.02715 0.03167 0.01357 0.04977
O07678                         0.06335 0.02715 0.04525 0.05882 0.03167 0.04072 0.05882 0.04072 0.02715 0.06787 0.14932 0.05882 0.00905 0.04525 0.02715 0.09502 0.03620 0.01357 0.03167 0.07240
Q7TU56                         0.04072 0.02262 0.07240 0.05430 0.02715 0.01810 0.05882 0.05882 0.00905 0.14027 0.12217 0.08145 0.00000 0.03620 0.03620 0.09502 0.03167 0.03620 0.02262 0.03620
A2BY60                         0.04072 0.02715 0.06335 0.05882 0.02715 0.02262 0.06335 0.05882 0.00452 0.11765 0.13122 0.08597 0.00452 0.03620 0.03620 0.08145 0.03167 0.03620 0.02715 0.04525
A3PEI7                         0.04977 0.01810 0.06787 0.06335 0.02715 0.02262 0.05882 0.04977 0.00905 0.10407 0.10407 0.09955 0.00905 0.05882 0.02715 0.09050 0.02715 0.03620 0.02715 0.04977
Q7NIP7                         0.09502 0.09502 0.01357 0.04525 0.01357 0.02715 0.08145 0.10407 0.01357 0.04525 0.12670 0.01357 0.00452 0.03167 0.04072 0.04525 0.04977 0.04525 0.00905 0.09955
Q8DM00                         0.09955 0.04072 0.03167 0.04525 0.02715 0.07240 0.04525 0.07692 0.02715 0.07240 0.13575 0.01357 0.00905 0.01357 0.06335 0.04525 0.04525 0.04525 0.01357 0.07692
Q319D4                         0.04977 0.01810 0.08597 0.06335 0.02715 0.01810 0.06335 0.04525 0.00905 0.11312 0.10407 0.08597 0.00905 0.05430 0.02715 0.08597 0.02262 0.03620 0.03167 0.04977
A8G6G4                         0.04977 0.01810 0.09955 0.05882 0.02715 0.01810 0.05430 0.05430 0.00905 0.10407 0.09955 0.09050 0.00905 0.06787 0.02715 0.08597 0.02262 0.03620 0.02262 0.04525
Q46JB2                         0.04525 0.01810 0.03167 0.05430 0.01810 0.03167 0.05882 0.06335 0.01357 0.09955 0.15837 0.07692 0.00452 0.04072 0.05882 0.08597 0.04525 0.04072 0.00000 0.05430
A2C4C7                         0.04525 0.01810 0.03167 0.05430 0.01810 0.03620 0.05882 0.06335 0.01357 0.09955 0.15837 0.07692 0.00452 0.04072 0.05430 0.08597 0.04525 0.04072 0.00000 0.05430
A2BSS6                         0.05882 0.01810 0.07240 0.06335 0.02715 0.01810 0.05882 0.04977 0.00905 0.10407 0.10407 0.09050 0.00905 0.05882 0.02715 0.08145 0.03167 0.03620 0.02715 0.05430
Q5MZ45                         0.10860 0.04072 0.01357 0.07692 0.02262 0.05430 0.05430 0.07692 0.01810 0.04977 0.14027 0.00905 0.00000 0.03167 0.05430 0.06787 0.07240 0.04072 0.00905 0.05882
Q31N39                         0.10860 0.04072 0.01357 0.07692 0.02262 0.05430 0.05430 0.07692 0.01810 0.04977 0.14027 0.00905 0.00000 0.03167 0.05430 0.06787 0.07240 0.04072 0.00905 0.05882
B0C572                         0.09050 0.04072 0.02262 0.07240 0.03167 0.07692 0.05430 0.07240 0.03167 0.09955 0.13575 0.00905 0.00452 0.01357 0.04977 0.04525 0.05430 0.03620 0.01810 0.04072
Q2JRX8                         0.11765 0.04977 0.02262 0.04977 0.02715 0.03167 0.05882 0.07692 0.02262 0.05882 0.15837 0.03167 0.02715 0.01810 0.05430 0.03620 0.04525 0.04525 0.00452 0.06335
Q2JNI5                         0.09955 0.05430 0.01810 0.05430 0.03167 0.04525 0.05430 0.06335 0.02262 0.06335 0.15385 0.02715 0.03167 0.01357 0.06335 0.04977 0.03620 0.04525 0.00452 0.06787
A9BBX7                         0.07240 0.04525 0.03167 0.07692 0.01357 0.04525 0.04525 0.07240 0.00905 0.09502 0.11765 0.04977 0.00905 0.03620 0.04977 0.06787 0.04072 0.04072 0.02262 0.05882
P73820                         0.08597 0.04977 0.02715 0.05882 0.02262 0.04525 0.06335 0.07240 0.03167 0.08145 0.12217 0.02715 0.00905 0.02262 0.06335 0.04977 0.04525 0.04072 0.01357 0.06787
Q3AZI1                         0.09955 0.05882 0.01357 0.05882 0.02262 0.05430 0.05430 0.08145 0.01810 0.02715 0.18552 0.01357 0.00905 0.01810 0.07240 0.06787 0.03620 0.04072 0.00000 0.06787
B0JX03                         0.09955 0.04525 0.04072 0.04072 0.02715 0.04977 0.07240 0.06335 0.02262 0.10407 0.11765 0.03167 0.01357 0.00905 0.05430 0.05430 0.05430 0.04072 0.00905 0.04977
Q10X25                         0.07692 0.01810 0.02715 0.05430 0.02715 0.04072 0.06787 0.07240 0.02715 0.13122 0.12670 0.04977 0.00905 0.01357 0.05882 0.04977 0.04525 0.04072 0.02262 0.04072
A3YVH7                         0.11765 0.05882 0.01357 0.04977 0.01810 0.05882 0.06335 0.09955 0.01810 0.04072 0.18100 0.00452 0.00452 0.01357 0.08145 0.04977 0.02715 0.04525 0.00000 0.05430
Q7TUS7                         0.10407 0.06335 0.03167 0.07240 0.03620 0.04525 0.04525 0.07240 0.01357 0.01357 0.17195 0.01810 0.00905 0.02262 0.05882 0.06787 0.03167 0.04072 0.00000 0.08145
B9YSQ1                         0.09050 0.04072 0.04072 0.05430 0.02262 0.04525 0.05882 0.06787 0.00905 0.08145 0.14027 0.04072 0.00905 0.02262 0.04072 0.08597 0.03620 0.04072 0.01357 0.05882
B5VXF0                         0.07692 0.04072 0.03167 0.06335 0.03620 0.03620 0.07240 0.07692 0.01810 0.09050 0.14027 0.01810 0.00905 0.01357 0.04525 0.06787 0.04977 0.04525 0.01357 0.05430
B1WNQ4                         0.09050 0.04525 0.02262 0.04977 0.01810 0.05430 0.06335 0.06335 0.02262 0.11765 0.11765 0.04072 0.00452 0.01810 0.05430 0.07240 0.04525 0.04072 0.02262 0.03620
Q064V3                         0.10860 0.05430 0.01810 0.05882 0.01357 0.04977 0.05430 0.07692 0.02262 0.03167 0.18100 0.01810 0.00452 0.01810 0.07240 0.06787 0.03620 0.04072 0.00000 0.07240
A2C717                         0.10860 0.05882 0.03167 0.07692 0.03167 0.04977 0.03620 0.07240 0.01810 0.01810 0.16742 0.01357 0.00905 0.01810 0.04977 0.08597 0.02715 0.04072 0.00000 0.08597
B7KJ88                         0.09955 0.04525 0.02715 0.06787 0.02262 0.04977 0.04977 0.05882 0.01810 0.11312 0.10860 0.02715 0.01810 0.01357 0.05430 0.05882 0.07240 0.04072 0.01357 0.04072
A0YWD8                         0.09955 0.03620 0.03620 0.05882 0.02715 0.04525 0.04977 0.06787 0.01810 0.09502 0.12670 0.03620 0.00905 0.01810 0.04977 0.05882 0.04977 0.04072 0.01810 0.05882
A5GV37                         0.14932 0.06787 0.01357 0.04072 0.01357 0.04072 0.06335 0.06787 0.01810 0.02715 0.19910 0.00905 0.00000 0.01357 0.06335 0.05430 0.05882 0.04072 0.00000 0.05882
Q0I7W9                         0.12217 0.04977 0.01357 0.06335 0.01357 0.04977 0.04525 0.07692 0.03167 0.03167 0.19457 0.03620 0.01357 0.00905 0.06335 0.05882 0.03620 0.04072 0.00000 0.04977
Q4C986                         0.07692 0.04072 0.02715 0.06335 0.01810 0.05430 0.04977 0.06787 0.01357 0.12217 0.11765 0.04977 0.00452 0.01810 0.05430 0.07692 0.04525 0.04072 0.02262 0.03620
B4AYM6                         0.11765 0.04977 0.03620 0.06787 0.02262 0.04525 0.04977 0.05430 0.01357 0.10860 0.11312 0.02715 0.01357 0.02262 0.04977 0.06787 0.04072 0.04072 0.01357 0.04525
B7LRN4                         0.09050 0.04525 0.02715 0.08145 0.02262 0.03167 0.06787 0.08597 0.01357 0.06787 0.11765 0.02715 0.01357 0.04072 0.06787 0.05430 0.04525 0.03167 0.00905 0.05882
B7N0Q3                         0.09050 0.04525 0.02715 0.08145 0.02262 0.03167 0.06787 0.08597 0.01357 0.06787 0.11765 0.02715 0.01357 0.04072 0.06787 0.05430 0.04525 0.03167 0.00905 0.05882
B2J397                         0.09955 0.04072 0.03620 0.04977 0.02262 0.03620 0.05882 0.06335 0.02262 0.08145 0.14027 0.03167 0.00905 0.01357 0.04072 0.08597 0.04525 0.04072 0.01357 0.06787
P0A8T1                         0.09050 0.04525 0.02715 0.08145 0.02262 0.03167 0.06787 0.08597 0.01357 0.06787 0.11765 0.02715 0.01357 0.04072 0.06787 0.05430 0.04525 0.03167 0.00905 0.05882
A3IP61                         0.09050 0.04072 0.02262 0.04977 0.01810 0.04977 0.06335 0.06335 0.02715 0.11312 0.11312 0.04525 0.00452 0.01810 0.05430 0.07692 0.04072 0.04072 0.02262 0.04525
Q7VAM5                         0.05430 0.04525 0.04525 0.06787 0.02262 0.01357 0.05882 0.05882 0.01357 0.08597 0.14027 0.06787 0.00452 0.02715 0.04525 0.09050 0.04072 0.04072 0.01357 0.06335
C7QMR6                         0.11765 0.04525 0.02262 0.06787 0.01810 0.04072 0.04072 0.06787 0.02715 0.08597 0.13122 0.02715 0.00905 0.01357 0.05882 0.05430 0.06335 0.04072 0.01357 0.05430
B1XKZ0                         0.10407 0.04072 0.02715 0.05430 0.02262 0.04072 0.06787 0.07240 0.01810 0.10860 0.12670 0.03620 0.01357 0.01810 0.04977 0.07240 0.04072 0.04072 0.01357 0.03167
A5GN91                         0.12670 0.05882 0.01357 0.05430 0.01357 0.06787 0.04977 0.09050 0.01810 0.02715 0.18100 0.00905 0.00905 0.00905 0.06787 0.06335 0.03620 0.04072 0.00000 0.06335
B7K2J4                         0.11765 0.04525 0.02262 0.06335 0.01810 0.04072 0.04525 0.06787 0.02715 0.09050 0.12670 0.02715 0.00905 0.01357 0.05882 0.05430 0.05882 0.04525 0.01357 0.05430
Q3AHP4                         0.10860 0.04525 0.01357 0.06335 0.01810 0.04072 0.05430 0.09955 0.02262 0.02262 0.18100 0.02715 0.00452 0.00905 0.07240 0.05430 0.04072 0.04072 0.00000 0.08145
A3Z695                         0.12217 0.06787 0.00905 0.05430 0.02262 0.04072 0.06787 0.07692 0.02262 0.02262 0.18552 0.00905 0.00905 0.00905 0.08145 0.05430 0.04072 0.04072 0.00000 0.06335
A4CRA2                         0.12670 0.05882 0.01810 0.04977 0.01357 0.06787 0.05430 0.09050 0.02262 0.03167 0.18100 0.00905 0.00452 0.00905 0.06335 0.05430 0.03620 0.04072 0.00000 0.06787
Q7TTX0                         0.10860 0.05882 0.01357 0.05882 0.01357 0.05430 0.05430 0.10407 0.02262 0.02262 0.18552 0.01357 0.00452 0.00905 0.08145 0.04977 0.02715 0.04072 0.00000 0.07692
Q05U22                         0.10407 0.06335 0.01357 0.04977 0.01357 0.06787 0.06335 0.08145 0.01810 0.01810 0.18100 0.00452 0.00452 0.01357 0.06787 0.06335 0.05430 0.04072 0.00000 0.07692
B8HPZ1                         0.09955 0.04072 0.02262 0.05430 0.03167 0.07692 0.05430 0.06335 0.02715 0.05882 0.12670 0.02262 0.00905 0.01357 0.05882 0.04977 0.06787 0.04072 0.01357 0.06787
Q3M6M1                         0.08597 0.04072 0.03167 0.04977 0.02715 0.04072 0.07240 0.07240 0.00905 0.09050 0.11765 0.02262 0.00905 0.02262 0.04977 0.08145 0.04525 0.04072 0.01810 0.07240
Q8YVT3                         0.09050 0.04072 0.03620 0.04977 0.02715 0.04525 0.06787 0.06787 0.00905 0.09050 0.11765 0.02262 0.00905 0.02262 0.04977 0.08597 0.04525 0.04072 0.01357 0.06787
A0Z9L5                         0.12217 0.04072 0.03620 0.05882 0.02715 0.03620 0.05882 0.05882 0.00452 0.07692 0.12670 0.03620 0.01810 0.01810 0.04525 0.07240 0.04525 0.04072 0.01357 0.06335

Homogeneity statistic: X2 = 8.66592 G = 9.05496 

Average                        0.08750 0.04003 0.03550 0.06168 0.02290 0.03961 0.06370 0.06829 0.01852 0.08242 0.13442 0.04643 0.00863 0.02583 0.04727 0.06585 0.04198 0.03627 0.01427 0.05889

# constant sites:     19 (8.60%)
ln Lmax (unconstrained) = -1174.690455

AA distances (raw proportions of different sites)

A8ES02         
D1B3V7           0.5023
Q30PY3           0.4796  0.5023
A6Q4V8           0.4751  0.4299  0.4887
B9L7G4           0.4480  0.4299  0.4344  0.4027
Q4HGR0           0.5204  0.5068  0.5747  0.5204  0.4932
B9KDE1           0.5294  0.4796  0.5566  0.4932  0.5023  0.3937
A6QBN7           0.4887  0.4796  0.5204  0.4751  0.4615  0.5249  0.5294
Q4HNT4           0.5430  0.5475  0.5837  0.5339  0.5430  0.3077  0.3665  0.5339
A8FMH0           0.5385  0.5385  0.5928  0.5430  0.5430  0.2036  0.4118  0.5385  0.3077
A7H2P1           0.5339  0.5430  0.5928  0.5430  0.5430  0.2036  0.4208  0.5339  0.3077  0.0136
P60095           0.5566  0.5204  0.6063  0.5204  0.5339  0.5566  0.5520  0.5204  0.5701  0.5701  0.5656
O07678           0.6109  0.5701  0.6018  0.5656  0.5701  0.6063  0.6154  0.6063  0.5882  0.6063  0.6109  0.5430
Q7TU56           0.6923  0.6652  0.7285  0.6923  0.7240  0.7014  0.7059  0.6833  0.6833  0.6742  0.6742  0.7104  0.7014
A2BY60           0.6923  0.6878  0.7330  0.7104  0.7376  0.7014  0.7240  0.6923  0.6968  0.6742  0.6742  0.7104  0.7149  0.1131
A3PEI7           0.6878  0.6968  0.6968  0.7104  0.6968  0.6923  0.6787  0.6968  0.7014  0.7059  0.7104  0.7149  0.7059  0.3303  0.3484
Q7NIP7           0.7195  0.6652  0.7195  0.6742  0.6742  0.7195  0.7330  0.6923  0.7376  0.7376  0.7376  0.6968  0.6787  0.6380  0.6561  0.6561
Q8DM00           0.7104  0.6968  0.7240  0.6968  0.7014  0.6923  0.7195  0.6878  0.7195  0.7240  0.7285  0.6968  0.6923  0.6018  0.6109  0.6290  0.5068
Q319D4           0.6968  0.6742  0.6968  0.7059  0.6878  0.6787  0.6742  0.6968  0.6968  0.7014  0.7059  0.7104  0.6923  0.3213  0.3394  0.0814  0.6561  0.6063
A8G6G4           0.6923  0.6923  0.7104  0.7104  0.6968  0.6968  0.6968  0.7059  0.6968  0.7104  0.7149  0.7149  0.7059  0.3394  0.3529  0.0633  0.6697  0.6290  0.0769
Q46JB2           0.7149  0.6787  0.7149  0.7104  0.7330  0.7104  0.7195  0.7014  0.7421  0.7240  0.7240  0.7240  0.6742  0.5701  0.5747  0.5520  0.5973  0.5928  0.5656  0.5611
A2C4C7           0.7149  0.6742  0.7149  0.7104  0.7330  0.7104  0.7149  0.7014  0.7376  0.7240  0.7240  0.7285  0.6787  0.5701  0.5747  0.5566  0.5973  0.5928  0.5701  0.5656  0.0181
A2BSS6           0.6968  0.7059  0.7104  0.7149  0.7014  0.7014  0.6878  0.7059  0.7104  0.7195  0.7240  0.7285  0.7149  0.3394  0.3620  0.0724  0.6652  0.6109  0.1041  0.1041  0.5249  0.5294
Q5MZ45           0.7511  0.6968  0.7240  0.7104  0.7149  0.7149  0.7104  0.6968  0.7330  0.7466  0.7466  0.6516  0.7104  0.5837  0.5928  0.5973  0.5249  0.5023  0.5928  0.5973  0.5792  0.5792  0.5882
Q31N39           0.7511  0.6968  0.7240  0.7104  0.7149  0.7149  0.7104  0.6968  0.7330  0.7466  0.7466  0.6516  0.7104  0.5837  0.5928  0.5973  0.5249  0.5023  0.5928  0.5973  0.5792  0.5792  0.5882  0.0000
B0C572           0.7557  0.7285  0.7557  0.7240  0.7376  0.7195  0.7466  0.7285  0.7376  0.7195  0.7195  0.7285  0.7285  0.6018  0.6154  0.6471  0.5520  0.4706  0.6471  0.6516  0.5882  0.5928  0.6425  0.5023  0.5023
Q2JRX8           0.7240  0.6697  0.7059  0.6833  0.6923  0.7014  0.7104  0.6561  0.7149  0.7195  0.7149  0.6787  0.6697  0.6063  0.6109  0.6109  0.5339  0.4253  0.6154  0.6199  0.5611  0.5611  0.6154  0.5068  0.5068  0.4977
Q2JNI5           0.7330  0.6697  0.7149  0.6833  0.6923  0.7104  0.7014  0.6606  0.7104  0.7330  0.7285  0.6968  0.6606  0.6109  0.6109  0.6290  0.5611  0.4344  0.6290  0.6335  0.5611  0.5611  0.6244  0.5023  0.5023  0.4977  0.1267
A9BBX7           0.7330  0.7285  0.7104  0.7285  0.7466  0.7195  0.7511  0.6923  0.7376  0.7285  0.7285  0.7195  0.7466  0.5520  0.5430  0.5792  0.6199  0.5928  0.5882  0.5837  0.4932  0.4932  0.5792  0.5566  0.5566  0.6109  0.5928  0.5973
P73820           0.7602  0.6833  0.7330  0.7195  0.6878  0.7376  0.7330  0.6742  0.7240  0.7285  0.7285  0.6652  0.6968  0.6018  0.6109  0.6109  0.5747  0.4796  0.6018  0.6018  0.5792  0.5837  0.6109  0.4842  0.4842  0.5068  0.4434  0.4570  0.5747
Q3AZI1           0.7602  0.7285  0.7330  0.7195  0.7421  0.7421  0.7285  0.7149  0.7421  0.7466  0.7466  0.6742  0.7059  0.5973  0.5882  0.6244  0.5339  0.5475  0.6290  0.6290  0.4480  0.4525  0.6290  0.5204  0.5204  0.5792  0.5204  0.5294  0.5023  0.5520
B0JX03           0.7330  0.6742  0.7104  0.7149  0.6833  0.7014  0.6878  0.6923  0.7149  0.7421  0.7421  0.6561  0.6697  0.5747  0.5882  0.6018  0.5701  0.4299  0.5837  0.5928  0.5747  0.5792  0.5882  0.4661  0.4661  0.4932  0.4253  0.4253  0.5882  0.3484  0.5158
Q10X25           0.7195  0.6878  0.7149  0.7195  0.7195  0.7330  0.7014  0.6923  0.7240  0.7240  0.7240  0.6787  0.6968  0.5475  0.5566  0.5928  0.6018  0.4615  0.5837  0.5973  0.5837  0.5837  0.5973  0.5113  0.5113  0.4751  0.4208  0.3891  0.5928  0.4253  0.5747  0.3620
A3YVH7           0.7421  0.7149  0.7240  0.7149  0.7240  0.7466  0.7557  0.7014  0.7376  0.7421  0.7421  0.7014  0.7149  0.5792  0.5882  0.6018  0.5611  0.5430  0.5928  0.6018  0.5068  0.5113  0.5928  0.4842  0.4842  0.5656  0.5204  0.5385  0.5068  0.5475  0.3756  0.5023  0.5611
Q7TUS7           0.7647  0.7195  0.7421  0.7376  0.7330  0.7557  0.7421  0.7149  0.7466  0.7376  0.7376  0.6968  0.7059  0.6018  0.6063  0.6335  0.5339  0.5747  0.6425  0.6425  0.4842  0.4887  0.6380  0.5475  0.5475  0.5882  0.5339  0.5475  0.4842  0.5792  0.3303  0.5611  0.5973  0.3937
B9YSQ1           0.7511  0.6742  0.7195  0.7149  0.7014  0.7104  0.7149  0.6968  0.7149  0.7376  0.7376  0.6878  0.6833  0.5611  0.5837  0.5973  0.5882  0.4253  0.5837  0.5973  0.5747  0.5792  0.5973  0.4796  0.4796  0.4796  0.3982  0.4027  0.5928  0.3982  0.5656  0.3122  0.3303  0.5520  0.5792
B5VXF0           0.7376  0.6968  0.7104  0.7240  0.6968  0.7240  0.7240  0.6833  0.7330  0.7376  0.7376  0.6833  0.7240  0.5973  0.5973  0.6199  0.5928  0.4842  0.6154  0.6063  0.5928  0.5928  0.6290  0.5113  0.5113  0.5023  0.4072  0.4208  0.5792  0.3303  0.5339  0.3529  0.3213  0.5294  0.5656  0.3348
B1WNQ4           0.7421  0.7014  0.7376  0.7376  0.7149  0.7376  0.7240  0.7240  0.7330  0.7421  0.7421  0.6878  0.6968  0.5701  0.5837  0.5792  0.5973  0.4706  0.5656  0.5747  0.5656  0.5701  0.5701  0.4932  0.4932  0.4887  0.4299  0.4344  0.5837  0.3077  0.5747  0.3167  0.3484  0.5475  0.5837  0.3484  0.3258
Q064V3           0.7602  0.7285  0.7285  0.7240  0.7421  0.7376  0.7376  0.7195  0.7421  0.7421  0.7421  0.6787  0.7059  0.5973  0.5973  0.6199  0.5294  0.5430  0.6244  0.6244  0.4434  0.4480  0.6244  0.5113  0.5113  0.5747  0.5158  0.5204  0.4932  0.5566  0.0452  0.5249  0.5792  0.3710  0.3258  0.5656  0.5339  0.5792
A2C717           0.7647  0.7149  0.7466  0.7376  0.7285  0.7421  0.7330  0.7195  0.7421  0.7285  0.7285  0.6968  0.7059  0.5973  0.6063  0.6471  0.5475  0.5792  0.6471  0.6561  0.4977  0.5023  0.6471  0.5339  0.5339  0.5973  0.5430  0.5611  0.4887  0.5837  0.3167  0.5611  0.6154  0.3982  0.0814  0.5882  0.5792  0.5928  0.3122
B7KJ88           0.7240  0.6968  0.7149  0.7149  0.7059  0.7421  0.6923  0.6833  0.7285  0.7285  0.7285  0.6878  0.6833  0.5792  0.5928  0.5973  0.5701  0.4480  0.5928  0.6018  0.5611  0.5656  0.5928  0.4977  0.4977  0.4842  0.3801  0.3620  0.5928  0.3439  0.5385  0.2986  0.3077  0.5294  0.5656  0.3303  0.2851  0.2579  0.5430  0.5792
A0YWD8           0.7557  0.7059  0.7240  0.7330  0.7104  0.7466  0.7285  0.7104  0.7376  0.7511  0.7511  0.6968  0.7149  0.6018  0.6109  0.6154  0.5928  0.4661  0.6154  0.6154  0.5747  0.5747  0.6244  0.5158  0.5158  0.4706  0.4118  0.4208  0.5882  0.3665  0.5656  0.3756  0.3122  0.5339  0.5837  0.3620  0.2217  0.3394  0.5701  0.5973  0.3213
A5GV37           0.7602  0.6878  0.7421  0.7059  0.7014  0.7240  0.7240  0.6787  0.7376  0.7240  0.7240  0.6606  0.6923  0.5656  0.5837  0.6199  0.5837  0.5430  0.6063  0.6199  0.5068  0.5113  0.6199  0.4887  0.4887  0.5656  0.5158  0.5430  0.5294  0.5520  0.3439  0.5068  0.5656  0.3303  0.3801  0.5385  0.5339  0.5294  0.3394  0.3665  0.5430  0.5385
Q0I7W9           0.7511  0.7240  0.7240  0.7240  0.7240  0.7059  0.7330  0.6833  0.7376  0.7195  0.7195  0.6878  0.7149  0.5928  0.5882  0.6335  0.5520  0.5385  0.6380  0.6380  0.4887  0.4932  0.6380  0.5249  0.5249  0.5701  0.5158  0.5294  0.4796  0.5747  0.2624  0.5520  0.5701  0.3620  0.3122  0.5701  0.5566  0.5928  0.2579  0.2986  0.5701  0.5520  0.3167
Q4C986           0.7421  0.6923  0.7285  0.7285  0.7285  0.7421  0.7149  0.7285  0.7240  0.7376  0.7376  0.6833  0.6923  0.5566  0.5747  0.5701  0.5882  0.4615  0.5566  0.5656  0.5701  0.5747  0.5611  0.4932  0.4932  0.4932  0.4389  0.4434  0.5656  0.2986  0.5747  0.3213  0.3484  0.5566  0.5837  0.3529  0.3303  0.0814  0.5747  0.5973  0.2579  0.3575  0.5520  0.5882
B4AYM6           0.7421  0.6923  0.7195  0.7195  0.7059  0.7330  0.7014  0.7059  0.7240  0.7376  0.7376  0.6923  0.7014  0.5747  0.5882  0.5882  0.6063  0.4570  0.5747  0.5882  0.5928  0.5973  0.5701  0.4977  0.4977  0.5158  0.4027  0.3891  0.5928  0.3167  0.5701  0.3077  0.3213  0.5566  0.5882  0.3213  0.2941  0.2308  0.5747  0.6018  0.1674  0.2941  0.5520  0.5882  0.2308
B7LRN4           0.7014  0.6652  0.6878  0.7014  0.6968  0.6923  0.7104  0.6787  0.7421  0.7240  0.7240  0.6742  0.6968  0.6425  0.6561  0.6968  0.6199  0.6244  0.6742  0.6968  0.6606  0.6561  0.6833  0.6471  0.6471  0.6697  0.6154  0.6199  0.6833  0.6697  0.6652  0.6606  0.6652  0.6516  0.6425  0.6968  0.6697  0.6606  0.6652  0.6516  0.6742  0.6652  0.6516  0.6561  0.6697  0.6742
B7N0Q3           0.7014  0.6652  0.6878  0.7014  0.6968  0.6923  0.7104  0.6787  0.7421  0.7240  0.7240  0.6742  0.6968  0.6425  0.6561  0.6968  0.6199  0.6244  0.6742  0.6968  0.6606  0.6561  0.6833  0.6471  0.6471  0.6697  0.6154  0.6199  0.6833  0.6697  0.6652  0.6606  0.6652  0.6516  0.6425  0.6968  0.6697  0.6606  0.6652  0.6516  0.6742  0.6652  0.6516  0.6561  0.6697  0.6742  0.0000
B2J397           0.7466  0.6787  0.7285  0.7149  0.7059  0.7195  0.7149  0.6923  0.7104  0.7330  0.7330  0.6742  0.6787  0.5656  0.5747  0.5928  0.5566  0.4163  0.5792  0.5928  0.5701  0.5701  0.5882  0.4480  0.4480  0.4525  0.4163  0.4072  0.5747  0.3665  0.5520  0.3303  0.3213  0.5520  0.5882  0.1765  0.3348  0.3529  0.5520  0.5928  0.3258  0.3439  0.5294  0.5837  0.3575  0.3077  0.6561  0.6561
P0A8T1           0.7014  0.6652  0.6878  0.7014  0.6968  0.6923  0.7104  0.6787  0.7421  0.7240  0.7240  0.6742  0.6968  0.6425  0.6561  0.6968  0.6199  0.6244  0.6742  0.6968  0.6606  0.6561  0.6833  0.6471  0.6471  0.6697  0.6154  0.6199  0.6833  0.6697  0.6652  0.6606  0.6652  0.6516  0.6425  0.6968  0.6697  0.6606  0.6652  0.6516  0.6742  0.6652  0.6516  0.6561  0.6697  0.6742  0.0000  0.0000  0.6561
A3IP61           0.7421  0.7014  0.7240  0.7376  0.7285  0.7421  0.7285  0.7240  0.7330  0.7466  0.7466  0.6833  0.7014  0.5701  0.5747  0.5973  0.6018  0.4751  0.5882  0.5928  0.5792  0.5837  0.5928  0.5068  0.5068  0.4932  0.4344  0.4344  0.6018  0.3122  0.5792  0.3348  0.3484  0.5701  0.5882  0.3529  0.3303  0.0498  0.5837  0.5973  0.2715  0.3529  0.5385  0.6018  0.0905  0.2534  0.6652  0.6652  0.3710  0.6652
Q7VAM5           0.7014  0.6878  0.7014  0.7014  0.6833  0.6923  0.7195  0.6923  0.7376  0.7104  0.7104  0.6878  0.6923  0.5656  0.5566  0.5837  0.5928  0.6109  0.5656  0.5701  0.4751  0.4706  0.5882  0.5973  0.5973  0.6244  0.5701  0.5792  0.4434  0.6018  0.4615  0.5701  0.6063  0.5023  0.4751  0.5882  0.5656  0.5837  0.4615  0.4887  0.5792  0.5792  0.4932  0.4615  0.5837  0.5973  0.6380  0.6380  0.6018  0.6380  0.5973
C7QMR6           0.7421  0.6742  0.7195  0.7059  0.6968  0.7330  0.6968  0.6923  0.7240  0.7421  0.7421  0.6606  0.6968  0.5792  0.5882  0.5973  0.5928  0.4570  0.6018  0.5973  0.5611  0.5656  0.5928  0.4661  0.4661  0.4977  0.4118  0.4118  0.5611  0.2851  0.5294  0.3077  0.3439  0.5249  0.5475  0.3303  0.3213  0.2489  0.5339  0.5475  0.2805  0.3439  0.5204  0.5430  0.2579  0.2534  0.6697  0.6697  0.3258  0.6697  0.2489  0.5837
B1XKZ0           0.7511  0.6968  0.7104  0.7195  0.7149  0.7240  0.7014  0.6968  0.7149  0.7285  0.7285  0.6742  0.7195  0.5837  0.6018  0.6425  0.5882  0.4480  0.6244  0.6335  0.5294  0.5339  0.6290  0.4570  0.4570  0.4796  0.3982  0.4163  0.5611  0.3891  0.5430  0.3575  0.3710  0.5249  0.5792  0.3484  0.3484  0.3348  0.5430  0.5837  0.3348  0.3394  0.5204  0.5385  0.3620  0.3258  0.6606  0.6606  0.3394  0.6606  0.3529  0.5792  0.3394
A5GN91           0.7692  0.7240  0.7421  0.7104  0.7240  0.7511  0.7466  0.6968  0.7330  0.7421  0.7421  0.6833  0.7104  0.5973  0.6018  0.6335  0.5204  0.5430  0.6380  0.6335  0.4887  0.4932  0.6380  0.5158  0.5158  0.5747  0.4887  0.5023  0.4842  0.5701  0.2624  0.5023  0.5520  0.3575  0.3077  0.5385  0.5204  0.5611  0.2624  0.2896  0.5520  0.5385  0.3258  0.2172  0.5566  0.5701  0.6652  0.6652  0.5520  0.6652  0.5656  0.4434  0.5385  0.5249
B7K2J4           0.7511  0.6833  0.7240  0.7104  0.7059  0.7330  0.7014  0.6968  0.7240  0.7421  0.7421  0.6652  0.6968  0.5792  0.5882  0.5973  0.5973  0.4570  0.5973  0.5973  0.5656  0.5701  0.5882  0.4706  0.4706  0.5023  0.4208  0.4208  0.5611  0.2896  0.5294  0.3032  0.3484  0.5204  0.5475  0.3258  0.3348  0.2443  0.5339  0.5475  0.2896  0.3484  0.5204  0.5430  0.2624  0.2489  0.6697  0.6697  0.3213  0.6697  0.2534  0.5792  0.0136  0.3348  0.5385
Q3AHP4           0.7692  0.7285  0.7557  0.7149  0.7240  0.7285  0.7376  0.7014  0.7557  0.7421  0.7421  0.6878  0.7104  0.5928  0.6018  0.6244  0.5249  0.5430  0.6290  0.6335  0.4615  0.4661  0.6290  0.5294  0.5294  0.5701  0.5068  0.5249  0.5023  0.5566  0.1946  0.5113  0.5928  0.3620  0.3439  0.5656  0.5385  0.5882  0.1855  0.3213  0.5520  0.5566  0.3439  0.2760  0.5792  0.5701  0.6697  0.6697  0.5566  0.6697  0.5928  0.4525  0.5204  0.5611  0.2398  0.5204
A3Z695           0.7602  0.7149  0.7285  0.7195  0.7195  0.7602  0.7557  0.6968  0.7466  0.7466  0.7466  0.6833  0.6968  0.6018  0.6063  0.6335  0.5430  0.5656  0.6425  0.6380  0.4796  0.4887  0.6380  0.5023  0.5023  0.5837  0.5158  0.5294  0.5068  0.5611  0.2941  0.5339  0.5792  0.3665  0.3439  0.5475  0.5294  0.5475  0.2851  0.3303  0.5520  0.5566  0.2986  0.2579  0.5475  0.5656  0.6742  0.6742  0.5566  0.6742  0.5566  0.4887  0.5430  0.5385  0.2443  0.5430  0.2986
A4CRA2           0.7647  0.7240  0.7376  0.7104  0.7240  0.7421  0.7602  0.7059  0.7466  0.7421  0.7421  0.6923  0.7104  0.5928  0.6018  0.6290  0.5158  0.5385  0.6335  0.6335  0.4796  0.4842  0.6335  0.5204  0.5204  0.5747  0.4842  0.4977  0.4751  0.5701  0.2670  0.4977  0.5520  0.3620  0.3077  0.5430  0.5294  0.5656  0.2624  0.2896  0.5520  0.5385  0.3303  0.2036  0.5611  0.5656  0.6561  0.6561  0.5611  0.6561  0.5701  0.4525  0.5385  0.5204  0.0588  0.5385  0.2443  0.2534
Q7TTX0           0.7602  0.6923  0.7330  0.7240  0.7195  0.7511  0.7466  0.6923  0.7647  0.7602  0.7602  0.7059  0.6923  0.5747  0.5837  0.6244  0.5113  0.5249  0.6199  0.6290  0.4480  0.4570  0.6290  0.5068  0.5068  0.5611  0.4932  0.5158  0.4932  0.5339  0.1991  0.5113  0.5792  0.3213  0.3167  0.5520  0.5385  0.5701  0.2036  0.2941  0.5339  0.5611  0.3484  0.2805  0.5747  0.5656  0.6652  0.6652  0.5566  0.6652  0.5747  0.4570  0.5068  0.5430  0.2624  0.5068  0.1674  0.2986  0.2443
Q05U22           0.7692  0.7195  0.7511  0.7240  0.7376  0.7557  0.7466  0.7330  0.7647  0.7647  0.7647  0.6968  0.7195  0.6018  0.6109  0.6335  0.5430  0.5611  0.6380  0.6425  0.4751  0.4796  0.6471  0.5294  0.5294  0.5656  0.4932  0.5023  0.5158  0.5611  0.2624  0.5113  0.5611  0.3620  0.3213  0.5430  0.5249  0.5611  0.2670  0.3167  0.5339  0.5430  0.3348  0.2308  0.5656  0.5566  0.6697  0.6697  0.5520  0.6697  0.5747  0.4751  0.5158  0.5385  0.2262  0.5204  0.2443  0.2760  0.2172  0.2624
B8HPZ1           0.7647  0.7149  0.7557  0.7511  0.7330  0.7557  0.7647  0.7149  0.7738  0.7828  0.7828  0.7104  0.7104  0.6154  0.6199  0.6199  0.5656  0.4072  0.6109  0.6244  0.5747  0.5792  0.6290  0.5204  0.5204  0.4027  0.4208  0.4299  0.5837  0.4434  0.5520  0.4253  0.4253  0.5701  0.5837  0.4118  0.3937  0.4299  0.5566  0.5928  0.4118  0.4027  0.5566  0.5882  0.4253  0.4253  0.6516  0.6516  0.3891  0.6516  0.4299  0.6018  0.4072  0.4253  0.5520  0.4208  0.5656  0.5701  0.5566  0.5430  0.5430
Q3M6M1           0.7421  0.6697  0.7149  0.7014  0.6923  0.6968  0.7059  0.6833  0.7240  0.7195  0.7195  0.6652  0.6697  0.5611  0.5747  0.5882  0.5520  0.4163  0.5792  0.5928  0.5701  0.5747  0.5928  0.4480  0.4480  0.4525  0.4072  0.4118  0.5837  0.3710  0.5520  0.3032  0.3484  0.5566  0.5792  0.1991  0.3394  0.3846  0.5430  0.5837  0.3394  0.3710  0.5385  0.5837  0.3801  0.3575  0.6561  0.6561  0.1810  0.6561  0.3937  0.5973  0.3529  0.3710  0.5611  0.3484  0.5430  0.5566  0.5566  0.5566  0.5566  0.3756
Q8YVT3           0.7421  0.6697  0.7195  0.7014  0.6923  0.6968  0.7059  0.6833  0.7240  0.7195  0.7195  0.6652  0.6697  0.5656  0.5792  0.5837  0.5611  0.4118  0.5747  0.5882  0.5656  0.5701  0.5882  0.4434  0.4434  0.4480  0.4072  0.4072  0.5837  0.3529  0.5566  0.3122  0.3394  0.5566  0.5837  0.2081  0.3303  0.3801  0.5475  0.5882  0.3303  0.3620  0.5385  0.5882  0.3756  0.3439  0.6561  0.6561  0.1855  0.6561  0.3891  0.6018  0.3394  0.3620  0.5656  0.3348  0.5520  0.5611  0.5611  0.5611  0.5656  0.3801  0.0271
A0Z9L5           0.7285  0.6697  0.7240  0.7104  0.6968  0.7014  0.7059  0.6652  0.7014  0.7240  0.7240  0.6787  0.6742  0.5656  0.5747  0.6018  0.5701  0.4208  0.5928  0.5973  0.5520  0.5520  0.6018  0.4525  0.4525  0.4525  0.3937  0.4027  0.5792  0.3710  0.5475  0.3213  0.3394  0.5611  0.5792  0.1946  0.3303  0.3529  0.5475  0.5837  0.3303  0.3439  0.5294  0.5747  0.3575  0.3303  0.6471  0.6471  0.1403  0.6471  0.3665  0.6018  0.3258  0.3303  0.5520  0.3258  0.5566  0.5611  0.5566  0.5475  0.5566  0.3937  0.1584  0.1584


TREE #  1:  ((((((3, 8), 1), 2), (12, 13)), ((7, (9, (6, (11, 10)))), (((((((((((53, 56), ((51, 38), 45)), ((41, 46), 32)), 30), 54), (((37, 42), 33), (((65, 49), (63, 64)), 36))), ((18, 62), 26)), (27, 28)), ((24, 25), ((((((57, 60), (39, 31)), (((55, 59), 44), (58, 61))), (((((14, 15), (((23, 16), 20), 19)), (22, 21)), (52, 29)), (35, 40))), 34), 43))), 17), ((48, 50), 47)))), 4, 5);   MP score: 3011
lnL(ntime: 63  np: 64): -14924.307883      +0.000000
  66..67   67..68   68..69   69..70   70..71   71..3    71..8    70..1    69..2    68..72   72..12   72..13   67..73   73..74   74..7    74..75   75..9    75..76   76..6    76..77   77..11   77..10   73..78   78..79   79..80   80..81   81..82   82..83   83..84   84..85   85..86   86..87   87..88   88..53   88..56   87..89   89..90   90..51   90..38   89..45   86..91   91..92   92..41   92..46   91..32   85..30   84..54   83..93   93..94   94..95   95..37   95..42   94..33   93..96   96..97   97..98   98..65   98..49   97..99   99..63   99..64   96..36   82..100 100..101 101..18  101..62  100..26   81..102 102..27  102..28   80..103 103..104 104..24  104..25  103..105 105..106 106..107 107..108 108..109 109..110 110..57  110..60  109..111 111..39  111..31  108..112 112..113 113..114 114..55  114..59  113..44  112..115 115..58  115..61  107..116 116..117 117..118 118..119 119..120 120..14  120..15  119..121 121..122 122..123 123..23  123..16  122..20  121..19  118..124 124..22  124..21  117..125 125..52  125..29  116..126 126..35  126..40  106..34  105..43   79..17   78..127 127..128 128..48  128..50  127..47   66..4    66..5  
 1.043857 1.043856 0.922748 0.653044 0.551731 0.551731 0.743454 1.043855 0.372490 0.204382 0.107046 0.005530 0.840128 0.713583 0.691172 0.449363 0.418021 0.292557 0.282525 0.220753 0.204490 0.152714 0.006348 0.040240 0.022940 0.202948 0.096162 0.267878 0.238589 0.126199 0.111209 0.087099 0.069737 0.011255 0.351614 0.314498 0.072111 0.664947 0.000001 0.512409 0.512409 0.508372 0.261685 0.151495 0.107802 0.024615 0.206370 0.155318 0.032192 0.181324 0.508372 0.442199 0.424160 0.166149 0.046933 0.039263 0.033878 0.023990 0.007746 0.356765 0.043670 0.000001 0.000000 0.883816

tree length =  21.02763

((((((3: 0.551731, 8: 0.551731): 0.000001, 1: 0.551731): 0.101313, 2: 0.653044): 0.269704, (12: 0.743454, 13: 0.743454): 0.179294): 0.121109, ((7: 0.372490, (9: 0.204382, (6: 0.107046, (11: 0.005530, 10: 0.005530): 0.101516): 0.097336): 0.168108): 0.671365, (((((((((((53: 0.006348, 56: 0.006348): 0.146366, ((51: 0.022940, 38: 0.022940): 0.017300, 45: 0.040240): 0.112473): 0.051777, ((41: 0.096162, 46: 0.096162): 0.106786, 32: 0.202948): 0.001543): 0.016262, 30: 0.220753): 0.061772, 54: 0.282525): 0.010032, (((37: 0.126199, 42: 0.126199): 0.112390, 33: 0.238589): 0.029288, (((65: 0.069737, 49: 0.069737): 0.017362, (63: 0.011255, 64: 0.011255): 0.075844): 0.024109, 36: 0.111209): 0.156669): 0.024679): 0.125464, ((18: 0.314498, 62: 0.314498): 0.037116, 26: 0.351614): 0.066407): 0.031342, (27: 0.072111, 28: 0.072111): 0.377252): 0.241809, ((24: 0.000001, 25: 0.000001): 0.664947, ((((((57: 0.107802, 60: 0.107802): 0.043693, (39: 0.024615, 31: 0.024615): 0.126880): 0.110190, (((55: 0.032192, 59: 0.032192): 0.123126, 44: 0.155318): 0.051052, (58: 0.181324, 61: 0.181324): 0.025046): 0.055315): 0.246687, (((((14: 0.046933, 15: 0.046933): 0.119215, (((23: 0.023990, 16: 0.023990): 0.009888, 20: 0.033878): 0.005385, 19: 0.039263): 0.126885): 0.258012, (22: 0.007746, 21: 0.007746): 0.416415): 0.018039, (52: 0.356765, 29: 0.356765): 0.085435): 0.066172, (35: 0.043670, 40: 0.043670): 0.464702): 0.000001): 0.004037, 34: 0.512409): 0.000001, 43: 0.512409): 0.152538): 0.026224): 0.022411, 17: 0.713583): 0.126545, ((48: 0.000000, 50: 0.000000): 0.000001, 47: 0.000001): 0.840127): 0.203727): 0.000001): 0.000001, 4: 1.043857, 5: 1.043857);

((((((Q30PY3: 0.551731, A6QBN7: 0.551731): 0.000001, A8ES02: 0.551731): 0.101313, D1B3V7: 0.653044): 0.269704, (P60095: 0.743454, O07678: 0.743454): 0.179294): 0.121109, ((B9KDE1: 0.372490, (Q4HNT4: 0.204382, (Q4HGR0: 0.107046, (A7H2P1: 0.005530, A8FMH0: 0.005530): 0.101516): 0.097336): 0.168108): 0.671365, (((((((((((C7QMR6: 0.006348, B7K2J4: 0.006348): 0.146366, ((A3IP61: 0.022940, B1WNQ4: 0.022940): 0.017300, Q4C986: 0.040240): 0.112473): 0.051777, ((B7KJ88: 0.096162, B4AYM6: 0.096162): 0.106786, B0JX03: 0.202948): 0.001543): 0.016262, P73820: 0.220753): 0.061772, B1XKZ0: 0.282525): 0.010032, (((B5VXF0: 0.126199, A0YWD8: 0.126199): 0.112390, Q10X25: 0.238589): 0.029288, (((A0Z9L5: 0.069737, B2J397: 0.069737): 0.017362, (Q3M6M1: 0.011255, Q8YVT3: 0.011255): 0.075844): 0.024109, B9YSQ1: 0.111209): 0.156669): 0.024679): 0.125464, ((Q8DM00: 0.314498, B8HPZ1: 0.314498): 0.037116, B0C572: 0.351614): 0.066407): 0.031342, (Q2JRX8: 0.072111, Q2JNI5: 0.072111): 0.377252): 0.241809, ((Q5MZ45: 0.000001, Q31N39: 0.000001): 0.664947, ((((((Q3AHP4: 0.107802, Q7TTX0: 0.107802): 0.043693, (Q064V3: 0.024615, Q3AZI1: 0.024615): 0.126880): 0.110190, (((A5GN91: 0.032192, A4CRA2: 0.032192): 0.123126, Q0I7W9: 0.155318): 0.051052, (A3Z695: 0.181324, Q05U22: 0.181324): 0.025046): 0.055315): 0.246687, (((((Q7TU56: 0.046933, A2BY60: 0.046933): 0.119215, (((A2BSS6: 0.023990, A3PEI7: 0.023990): 0.009888, A8G6G4: 0.033878): 0.005385, Q319D4: 0.039263): 0.126885): 0.258012, (A2C4C7: 0.007746, Q46JB2: 0.007746): 0.416415): 0.018039, (Q7VAM5: 0.356765, A9BBX7: 0.356765): 0.085435): 0.066172, (Q7TUS7: 0.043670, A2C717: 0.043670): 0.464702): 0.000001): 0.004037, A3YVH7: 0.512409): 0.000001, A5GV37: 0.512409): 0.152538): 0.026224): 0.022411, Q7NIP7: 0.713583): 0.126545, ((B7N0Q3: 0.000000, P0A8T1: 0.000000): 0.000001, B7LRN4: 0.000001): 0.840127): 0.203727): 0.000001): 0.000001, A6Q4V8: 1.043857, B9L7G4: 1.043857);

((((((3_Q30PY3, 8_A6QBN7) 71 , 1_A8ES02) 70 , 2_D1B3V7) 69 , (12_P60095, 13_O07678) 72 ) 68 , ((7_B9KDE1, (9_Q4HNT4, (6_Q4HGR0, (11_A7H2P1, 10_A8FMH0) 77 ) 76 ) 75 ) 74 , (((((((((((53_C7QMR6, 56_B7K2J4) 88 , ((51_A3IP61, 38_B1WNQ4) 90 , 45_Q4C986) 89 ) 87 , ((41_B7KJ88, 46_B4AYM6) 92 , 32_B0JX03) 91 ) 86 , 30_P73820) 85 , 54_B1XKZ0) 84 , (((37_B5VXF0, 42_A0YWD8) 95 , 33_Q10X25) 94 , (((65_A0Z9L5, 49_B2J397) 98 , (63_Q3M6M1, 64_Q8YVT3) 99 ) 97 , 36_B9YSQ1) 96 ) 93 ) 83 , ((18_Q8DM00, 62_B8HPZ1) 101 , 26_B0C572) 100 ) 82 , (27_Q2JRX8, 28_Q2JNI5) 102 ) 81 , ((24_Q5MZ45, 25_Q31N39) 104 , ((((((57_Q3AHP4, 60_Q7TTX0) 110 , (39_Q064V3, 31_Q3AZI1) 111 ) 109 , (((55_A5GN91, 59_A4CRA2) 114 , 44_Q0I7W9) 113 , (58_A3Z695, 61_Q05U22) 115 ) 112 ) 108 , (((((14_Q7TU56, 15_A2BY60) 120 , (((23_A2BSS6, 16_A3PEI7) 123 , 20_A8G6G4) 122 , 19_Q319D4) 121 ) 119 , (22_A2C4C7, 21_Q46JB2) 124 ) 118 , (52_Q7VAM5, 29_A9BBX7) 125 ) 117 , (35_Q7TUS7, 40_A2C717) 126 ) 116 ) 107 , 34_A3YVH7) 106 , 43_A5GV37) 105 ) 103 ) 80 , 17_Q7NIP7) 79 , ((48_B7N0Q3, 50_P0A8T1) 128 , 47_B7LRN4) 127 ) 78 ) 73 ) 67 , 4_A6Q4V8, 5_B9L7G4) 66 ;

Detailed output identifying parameters

alpha (gamma, K = 4) =  0.88382
rate:   0.11323  0.43881  0.97772  2.47024
freq:   0.25000  0.25000  0.25000  0.25000

Time used:  6:48
