AAML (in paml version 4.6, August 2012)  301.aa
Model: Empirical_F for branches,  Global clock  (../../../bin/LG.dat) dGamma (ncatG=5) ns =  65  ls = 139


Frequencies..
                                    A      R      N      D      C      Q      E      G      H      I      L      K      M      F      P      S      T      W      Y      V
A8EW84                         0.02878 0.04317 0.06475 0.02878 0.00719 0.06475 0.13669 0.03597 0.00719 0.09353 0.14388 0.13669 0.00000 0.04317 0.00000 0.09353 0.02878 0.00000 0.03597 0.00719
A6Q326                         0.05755 0.06475 0.03597 0.03597 0.00719 0.04317 0.12950 0.03597 0.00719 0.05755 0.11511 0.14388 0.02878 0.04317 0.02158 0.08633 0.02158 0.00000 0.02158 0.04317
D1B077                         0.10791 0.07914 0.04317 0.02878 0.00719 0.02878 0.10791 0.07194 0.02878 0.05755 0.15108 0.08633 0.01439 0.01439 0.01439 0.05036 0.02878 0.00719 0.02878 0.04317
Q30RL9                         0.05036 0.06475 0.05036 0.06475 0.00000 0.03597 0.12950 0.05036 0.00000 0.07914 0.15108 0.10791 0.00000 0.04317 0.00000 0.07914 0.02878 0.00000 0.03597 0.02878
B9KFZ5                         0.06475 0.04317 0.05755 0.02878 0.00719 0.01439 0.15108 0.03597 0.00719 0.05036 0.19424 0.15108 0.01439 0.02158 0.00000 0.10791 0.00719 0.00000 0.02158 0.02158
Q7M8J6                         0.09353 0.07194 0.04317 0.02158 0.00719 0.03597 0.12230 0.06475 0.01439 0.00000 0.21583 0.09353 0.00719 0.01439 0.02158 0.08633 0.02878 0.00719 0.02158 0.02878
A8FL63                         0.05036 0.03597 0.08633 0.03597 0.00719 0.03597 0.12950 0.02878 0.02158 0.06475 0.17986 0.17266 0.01439 0.02158 0.00000 0.05755 0.02158 0.00000 0.02878 0.00719
B9L9Y1                         0.04317 0.05755 0.07194 0.05036 0.00000 0.00719 0.15827 0.03597 0.00000 0.09353 0.15108 0.12230 0.01439 0.02158 0.00719 0.05755 0.02878 0.00000 0.05036 0.02878
A7H4H0                         0.05036 0.03597 0.07194 0.03597 0.00719 0.03597 0.12230 0.02878 0.02158 0.06475 0.19424 0.17986 0.02158 0.02158 0.00000 0.06475 0.00719 0.00000 0.02878 0.00719
Q4HRP9                         0.04317 0.05036 0.07194 0.05755 0.00719 0.00719 0.12950 0.04317 0.01439 0.05036 0.20863 0.13669 0.00719 0.02878 0.00000 0.07194 0.01439 0.00000 0.02878 0.02878
A6Q9M7                         0.09353 0.04317 0.04317 0.03597 0.00000 0.03597 0.10072 0.07914 0.01439 0.03597 0.16547 0.09353 0.04317 0.02878 0.01439 0.07194 0.05036 0.00000 0.02158 0.02878
Q4HHW7                         0.05755 0.03597 0.10072 0.04317 0.00000 0.02878 0.11511 0.02878 0.00719 0.07194 0.17986 0.13669 0.01439 0.02158 0.00000 0.07914 0.03597 0.00000 0.02158 0.02158
O25943                         0.05755 0.04317 0.04317 0.03597 0.02158 0.02878 0.10791 0.07194 0.03597 0.04317 0.16547 0.10072 0.02878 0.02158 0.01439 0.10072 0.02158 0.00000 0.02878 0.02878
B5W994                         0.07914 0.05755 0.02158 0.05036 0.02158 0.07914 0.10791 0.08633 0.00719 0.05755 0.11511 0.05755 0.02878 0.02878 0.05036 0.05036 0.05036 0.00000 0.02878 0.02158
P05824                         0.12230 0.05036 0.00719 0.05036 0.00000 0.14388 0.07914 0.05755 0.07914 0.05036 0.10072 0.02878 0.02158 0.02158 0.03597 0.06475 0.05036 0.00000 0.02158 0.01439
B7MYA8                         0.12230 0.05036 0.01439 0.05036 0.00000 0.13669 0.07194 0.05755 0.08633 0.04317 0.10072 0.02878 0.02158 0.02158 0.03597 0.06475 0.05755 0.00000 0.02158 0.01439
A0YKZ6                         0.07914 0.02878 0.02158 0.02878 0.02158 0.11511 0.10072 0.06475 0.01439 0.06475 0.12230 0.10072 0.01439 0.02878 0.04317 0.02878 0.05755 0.00000 0.03597 0.02878
A5GX26                         0.16547 0.10791 0.01439 0.04317 0.00719 0.10072 0.08633 0.07194 0.02158 0.01439 0.14388 0.03597 0.02158 0.03597 0.04317 0.02878 0.02878 0.00000 0.00000 0.02878
B7LUV8                         0.11511 0.05036 0.01439 0.05036 0.00000 0.13669 0.07194 0.05755 0.08633 0.04317 0.10072 0.02878 0.02158 0.02158 0.03597 0.06475 0.05755 0.00000 0.02158 0.02158
A2CE40                         0.10791 0.10072 0.05755 0.02878 0.00719 0.06475 0.09353 0.07914 0.00719 0.00000 0.14388 0.06475 0.04317 0.04317 0.03597 0.04317 0.02878 0.00000 0.00719 0.04317
Q3MAY2                         0.08633 0.04317 0.01439 0.01439 0.02158 0.07914 0.11511 0.06475 0.00000 0.06475 0.11511 0.10072 0.02158 0.03597 0.04317 0.07914 0.06475 0.00000 0.01439 0.02158
Q8YMH2                         0.08633 0.04317 0.01439 0.02158 0.02158 0.08633 0.10791 0.06475 0.00000 0.05755 0.11511 0.09353 0.02158 0.03597 0.04317 0.07914 0.07194 0.00000 0.01439 0.02158
Q7NNY7                         0.12950 0.11511 0.02158 0.03597 0.00000 0.02878 0.12230 0.11511 0.00719 0.01439 0.14388 0.04317 0.01439 0.02158 0.03597 0.05036 0.04317 0.00719 0.01439 0.03597
C7QWY0                         0.05755 0.04317 0.02878 0.04317 0.01439 0.10072 0.09353 0.06475 0.00000 0.05755 0.11511 0.09353 0.01439 0.02878 0.04317 0.07194 0.05036 0.00000 0.03597 0.04317
Q2JRL3                         0.11511 0.07194 0.00719 0.02878 0.01439 0.10791 0.11511 0.08633 0.02878 0.00719 0.13669 0.03597 0.02878 0.02878 0.03597 0.05755 0.03597 0.00719 0.00719 0.04317
B7JYV6                         0.05755 0.04317 0.02878 0.04317 0.01439 0.10072 0.09353 0.06475 0.00000 0.05755 0.11511 0.09353 0.01439 0.02878 0.04317 0.07194 0.05036 0.00000 0.03597 0.04317
Q05UV8                         0.10791 0.08633 0.02878 0.05755 0.01439 0.10791 0.08633 0.08633 0.02878 0.01439 0.15108 0.02878 0.02158 0.02878 0.03597 0.04317 0.03597 0.00000 0.00000 0.03597
B8HMN7                         0.12230 0.05755 0.00719 0.03597 0.01439 0.17266 0.07194 0.06475 0.00000 0.05036 0.15108 0.03597 0.01439 0.04317 0.05036 0.03597 0.05755 0.00000 0.00719 0.00719
Q5MZL6                         0.10791 0.06475 0.02158 0.02878 0.02158 0.12950 0.10791 0.07194 0.00000 0.02878 0.15108 0.04317 0.01439 0.02878 0.05036 0.03597 0.05036 0.00719 0.02158 0.01439
Q31MB0                         0.10791 0.06475 0.02158 0.02878 0.02158 0.12950 0.10791 0.07194 0.00000 0.02878 0.15108 0.04317 0.01439 0.02878 0.05036 0.03597 0.05036 0.00719 0.02158 0.01439
B4AZE9                         0.07194 0.03597 0.02878 0.02878 0.01439 0.08633 0.11511 0.06475 0.00719 0.06475 0.13669 0.09353 0.02158 0.02878 0.03597 0.07914 0.02878 0.00000 0.02878 0.02878
A4CWU5                         0.12230 0.10072 0.02158 0.06475 0.01439 0.10072 0.06475 0.08633 0.02158 0.01439 0.13669 0.02158 0.02878 0.03597 0.03597 0.06475 0.02878 0.00000 0.00719 0.02878
B0JJL0                         0.05755 0.04317 0.02158 0.01439 0.01439 0.11511 0.12230 0.07914 0.00000 0.05755 0.11511 0.07194 0.01439 0.03597 0.03597 0.06475 0.05036 0.00000 0.03597 0.05036
Q3AG65                         0.11511 0.11511 0.02878 0.05755 0.00719 0.07914 0.05755 0.08633 0.01439 0.00719 0.15827 0.04317 0.02158 0.03597 0.04317 0.05036 0.04317 0.00000 0.00719 0.02878
Q2JNB2                         0.10791 0.07914 0.01439 0.03597 0.02158 0.12230 0.09353 0.07914 0.01439 0.02158 0.12950 0.03597 0.02158 0.02158 0.05036 0.04317 0.04317 0.00719 0.00719 0.05036
A5GPU1                         0.12230 0.11511 0.02158 0.07194 0.01439 0.09353 0.07194 0.08633 0.01439 0.01439 0.14388 0.02158 0.02878 0.03597 0.03597 0.05036 0.03597 0.00000 0.00000 0.02158
B0C985                         0.13669 0.03597 0.00719 0.02878 0.01439 0.14388 0.08633 0.07194 0.02158 0.04317 0.13669 0.07194 0.01439 0.02878 0.02158 0.06475 0.04317 0.00000 0.02158 0.00719
Q4BZL9                         0.06475 0.04317 0.05036 0.04317 0.02158 0.05036 0.12230 0.05755 0.00000 0.07914 0.12230 0.10791 0.01439 0.03597 0.03597 0.05755 0.03597 0.00000 0.02878 0.02878
P74374                         0.08633 0.04317 0.00719 0.01439 0.01439 0.10791 0.10791 0.07194 0.00719 0.05036 0.12230 0.09353 0.01439 0.03597 0.02158 0.07194 0.05755 0.00000 0.02878 0.04317
Q7V9F1                         0.05036 0.04317 0.06475 0.05755 0.01439 0.05755 0.07914 0.06475 0.00719 0.05036 0.17266 0.09353 0.00000 0.05036 0.02878 0.09353 0.02158 0.00000 0.02878 0.02158
A3PFK1                         0.04317 0.04317 0.08633 0.05755 0.01439 0.09353 0.05755 0.05755 0.00000 0.07914 0.12950 0.08633 0.02158 0.07914 0.01439 0.09353 0.02158 0.00000 0.00719 0.01439
B7KBG4                         0.06475 0.03597 0.00719 0.03597 0.02158 0.08633 0.12230 0.06475 0.00719 0.09353 0.11511 0.10072 0.01439 0.03597 0.04317 0.05036 0.05036 0.00000 0.02878 0.02158
A3IGT4                         0.06475 0.03597 0.05036 0.03597 0.02158 0.04317 0.10791 0.05755 0.00000 0.05755 0.11511 0.11511 0.01439 0.03597 0.03597 0.07194 0.05036 0.00000 0.03597 0.05036
B1XP16                         0.11511 0.04317 0.00719 0.04317 0.02158 0.09353 0.07914 0.07194 0.00719 0.03597 0.12230 0.09353 0.02158 0.02878 0.03597 0.06475 0.04317 0.00000 0.02878 0.04317
Q46I65                         0.02158 0.04317 0.08633 0.04317 0.00719 0.05036 0.07194 0.05755 0.00000 0.09353 0.10072 0.12230 0.00719 0.04317 0.02878 0.12230 0.03597 0.00000 0.02878 0.03597
A3Z3U2                         0.11511 0.10791 0.02158 0.05036 0.00719 0.08633 0.08633 0.10791 0.03597 0.00000 0.16547 0.02158 0.01439 0.02878 0.04317 0.05036 0.01439 0.00000 0.00000 0.04317
A2BTU4                         0.03597 0.04317 0.08633 0.05755 0.00719 0.08633 0.05036 0.06475 0.00719 0.06475 0.12230 0.08633 0.01439 0.07194 0.01439 0.12230 0.04317 0.00000 0.00719 0.01439
Q118I9                         0.06475 0.03597 0.02158 0.01439 0.02158 0.06475 0.14388 0.07914 0.03597 0.05755 0.12950 0.08633 0.01439 0.02878 0.02878 0.05755 0.06475 0.00000 0.02878 0.02158
B2IXX3                         0.09353 0.04317 0.03597 0.01439 0.01439 0.09353 0.10791 0.06475 0.00000 0.05755 0.11511 0.07914 0.02158 0.04317 0.03597 0.05755 0.07914 0.00000 0.02158 0.02158
A2C5J3                         0.02158 0.05036 0.09353 0.04317 0.00719 0.04317 0.07194 0.05755 0.00000 0.10072 0.10072 0.12230 0.00719 0.04317 0.02878 0.11511 0.02878 0.00000 0.02878 0.03597
A0ZMK2                         0.11511 0.04317 0.01439 0.01439 0.02878 0.10072 0.10791 0.06475 0.00719 0.05755 0.11511 0.07194 0.02878 0.03597 0.04317 0.05755 0.06475 0.00000 0.02158 0.00719
Q7V3S0                         0.13669 0.10791 0.03597 0.07914 0.00719 0.06475 0.05036 0.08633 0.02878 0.01439 0.16547 0.02878 0.02878 0.03597 0.04317 0.05036 0.01439 0.00000 0.00719 0.01439
A8G7L7                         0.02878 0.05036 0.08633 0.05755 0.00719 0.08633 0.04317 0.03597 0.00000 0.07194 0.13669 0.11511 0.01439 0.07914 0.02158 0.12230 0.02878 0.00000 0.00719 0.00719
B9YKU2                         0.06475 0.05036 0.05036 0.00719 0.01439 0.10072 0.11511 0.06475 0.00719 0.06475 0.11511 0.06475 0.02878 0.03597 0.04317 0.05036 0.07914 0.00000 0.02158 0.02158
Q317S8                         0.03597 0.05755 0.10072 0.05755 0.00719 0.07914 0.06475 0.05036 0.00719 0.06475 0.13669 0.08633 0.00719 0.07194 0.02158 0.11511 0.02158 0.00000 0.00000 0.01439
Q7TU16                         0.04317 0.03597 0.07914 0.05755 0.00000 0.07194 0.07914 0.04317 0.00000 0.05755 0.13669 0.09353 0.00719 0.07914 0.01439 0.11511 0.04317 0.00000 0.01439 0.02878
A9BDS0                         0.07194 0.06475 0.07914 0.05036 0.00000 0.08633 0.07194 0.05755 0.01439 0.05036 0.15827 0.05755 0.00719 0.04317 0.02878 0.09353 0.02878 0.00000 0.01439 0.02158
Q0I5Z5                         0.11511 0.11511 0.02878 0.04317 0.02158 0.06475 0.08633 0.07914 0.02158 0.01439 0.15108 0.03597 0.03597 0.03597 0.02878 0.05755 0.03597 0.00000 0.00719 0.02158
A3YWF9                         0.12950 0.11511 0.00719 0.04317 0.01439 0.09353 0.09353 0.10072 0.00719 0.02158 0.14388 0.02158 0.02158 0.03597 0.03597 0.05755 0.03597 0.00000 0.00000 0.02158
B1WRD7                         0.06475 0.04317 0.04317 0.04317 0.02158 0.04317 0.10791 0.05755 0.00000 0.05755 0.12950 0.11511 0.02158 0.02878 0.04317 0.05755 0.04317 0.00000 0.03597 0.04317
Q062F9                         0.14388 0.10791 0.02158 0.07914 0.00000 0.05036 0.07914 0.08633 0.03597 0.02158 0.18705 0.02878 0.01439 0.02878 0.03597 0.05755 0.01439 0.00000 0.00000 0.00719
Q3AUF4                         0.15108 0.10791 0.02158 0.07914 0.00000 0.05036 0.07914 0.08633 0.03597 0.02878 0.17266 0.02878 0.01439 0.03597 0.02878 0.05036 0.02158 0.00000 0.00000 0.00719
Q7U3A9                         0.12950 0.12950 0.02158 0.06475 0.00000 0.10791 0.05036 0.09353 0.01439 0.01439 0.15827 0.02878 0.02158 0.03597 0.03597 0.05036 0.01439 0.00000 0.00719 0.02158
A2BZA0                         0.03597 0.03597 0.07914 0.06475 0.00000 0.06475 0.10072 0.04317 0.00000 0.07194 0.14388 0.08633 0.00719 0.06475 0.01439 0.11511 0.04317 0.00000 0.00719 0.02158
Q8DHP6                         0.11511 0.07194 0.00719 0.03597 0.01439 0.11511 0.07914 0.07194 0.02878 0.02878 0.13669 0.02878 0.01439 0.02158 0.03597 0.08633 0.05036 0.01439 0.01439 0.02878

Homogeneity statistic: X2 = 13.44964 G = 13.80051 

Average                        0.08500 0.06187 0.03951 0.04206 0.01118 0.07847 0.09696 0.06608 0.01472 0.04770 0.14101 0.07814 0.01793 0.03553 0.02977 0.06918 0.03885 0.00100 0.01926 0.02579

# constant sites:      8 (5.76%)
ln Lmax (unconstrained) = -681.209745

AA distances (raw proportions of different sites)

A8EW84         
A6Q326           0.4604
D1B077           0.5540  0.5612
Q30RL9           0.5324  0.5396  0.6043
B9KFZ5           0.5396  0.5899  0.5468  0.6115
Q7M8J6           0.5540  0.5827  0.5683  0.5971  0.5899
A8FL63           0.5468  0.5683  0.5540  0.5755  0.3381  0.5827
B9L9Y1           0.5108  0.5180  0.6331  0.5396  0.5324  0.5755  0.5468
A7H4H0           0.5324  0.5612  0.5612  0.5612  0.3309  0.5755  0.0504  0.5324
Q4HRP9           0.5612  0.6043  0.5540  0.5971  0.4245  0.6115  0.3525  0.5683  0.3525
A6Q9M7           0.5755  0.5827  0.6187  0.5827  0.6187  0.6115  0.6475  0.5468  0.6259  0.6043
Q4HHW7           0.5396  0.5827  0.5899  0.6115  0.3741  0.6187  0.3094  0.5540  0.3094  0.3525  0.6403
O25943           0.6691  0.6619  0.6978  0.7266  0.6763  0.6835  0.6619  0.7194  0.6547  0.6906  0.6978  0.6691
B5W994           0.6978  0.7338  0.7554  0.7338  0.7266  0.7266  0.7338  0.7194  0.7410  0.7410  0.7122  0.7338  0.7626
P05824           0.7626  0.7626  0.7626  0.7626  0.7770  0.7482  0.7770  0.7698  0.7770  0.7770  0.7626  0.7698  0.8417  0.6763
B7MYA8           0.7626  0.7626  0.7626  0.7626  0.7770  0.7482  0.7770  0.7698  0.7770  0.7770  0.7626  0.7770  0.8417  0.6763  0.0216
A0YKZ6           0.7266  0.7050  0.7626  0.7410  0.6763  0.7050  0.6835  0.7122  0.6978  0.7482  0.7194  0.7338  0.7986  0.3453  0.6763  0.6763
A5GX26           0.7482  0.7194  0.7770  0.7770  0.7482  0.7410  0.7482  0.7626  0.7626  0.7842  0.7338  0.7554  0.7914  0.5683  0.6835  0.6906  0.5324
B7LUV8           0.7626  0.7626  0.7626  0.7626  0.7770  0.7482  0.7770  0.7698  0.7770  0.7770  0.7626  0.7770  0.8417  0.6763  0.0288  0.0072  0.6763  0.6978
A2CE40           0.7410  0.7266  0.7842  0.7770  0.7410  0.7482  0.7626  0.7338  0.7770  0.7914  0.7410  0.7338  0.7698  0.5540  0.7482  0.7482  0.5468  0.3453  0.7482
Q3MAY2           0.7122  0.6835  0.7698  0.7266  0.6835  0.7194  0.7194  0.7266  0.7194  0.7266  0.6835  0.6763  0.7554  0.4029  0.6978  0.6978  0.3022  0.5396  0.6978  0.5683
Q8YMH2           0.7194  0.6906  0.7698  0.7266  0.6906  0.7194  0.7266  0.7266  0.7266  0.7338  0.6906  0.6691  0.7626  0.3957  0.6906  0.6906  0.3022  0.5396  0.6906  0.5683  0.0216
Q7NNY7           0.7554  0.7482  0.7266  0.7914  0.7554  0.7194  0.7698  0.7482  0.7770  0.7626  0.7050  0.7554  0.7986  0.5324  0.7122  0.7122  0.5036  0.5468  0.7122  0.5755  0.5180  0.5180
C7QWY0           0.7194  0.6978  0.7698  0.7482  0.7050  0.7338  0.7266  0.7194  0.7338  0.7554  0.7554  0.7266  0.7698  0.4317  0.6763  0.6835  0.3525  0.5612  0.6835  0.5827  0.3813  0.3813  0.5180
Q2JRL3           0.7410  0.7338  0.7842  0.7698  0.6763  0.7194  0.7410  0.7338  0.7338  0.7410  0.6835  0.7266  0.7986  0.4460  0.6906  0.6978  0.4101  0.5899  0.6978  0.5612  0.4604  0.4532  0.4964  0.4388
B7JYV6           0.7194  0.6978  0.7698  0.7482  0.7050  0.7338  0.7266  0.7194  0.7338  0.7554  0.7554  0.7266  0.7698  0.4317  0.6763  0.6835  0.3525  0.5612  0.6835  0.5827  0.3813  0.3813  0.5180  0.0000  0.4388
Q05UV8           0.7842  0.7266  0.7770  0.7842  0.7410  0.7626  0.7626  0.7626  0.7698  0.7698  0.7554  0.7554  0.8345  0.5180  0.6763  0.6763  0.5180  0.3669  0.6835  0.3309  0.5612  0.5612  0.5612  0.5468  0.5396  0.5468
B8HMN7           0.7698  0.7554  0.7842  0.7698  0.7626  0.7194  0.7482  0.7842  0.7554  0.7914  0.7266  0.7626  0.7842  0.4460  0.6978  0.6978  0.3813  0.5324  0.6978  0.5540  0.4029  0.4101  0.5540  0.4964  0.4820  0.4964  0.5324
Q5MZL6           0.7410  0.7194  0.7338  0.7770  0.7266  0.7122  0.7554  0.7482  0.7626  0.7626  0.7266  0.7554  0.8058  0.4460  0.6763  0.6763  0.3669  0.5180  0.6763  0.5396  0.4101  0.4029  0.4892  0.4317  0.4532  0.4317  0.5108  0.4388
Q31MB0           0.7410  0.7194  0.7338  0.7770  0.7266  0.7122  0.7554  0.7482  0.7626  0.7626  0.7266  0.7554  0.8058  0.4460  0.6763  0.6763  0.3669  0.5180  0.6763  0.5396  0.4101  0.4029  0.4892  0.4317  0.4532  0.4317  0.5108  0.4388  0.0000
B4AZE9           0.7050  0.6906  0.7626  0.7194  0.6906  0.7194  0.7194  0.7122  0.7338  0.7482  0.7338  0.7338  0.7698  0.3957  0.6763  0.6763  0.3237  0.5396  0.6763  0.5468  0.3381  0.3453  0.5036  0.2806  0.4532  0.2806  0.5252  0.4460  0.4317  0.4317
A4CWU5           0.7914  0.7626  0.7698  0.7914  0.7842  0.7626  0.8129  0.7986  0.8201  0.7842  0.7698  0.7842  0.8273  0.5827  0.6978  0.6978  0.5755  0.4245  0.6978  0.4029  0.5827  0.5755  0.5396  0.5899  0.5899  0.5899  0.3525  0.5755  0.5324  0.5324  0.5612
B0JJL0           0.6978  0.6978  0.7266  0.7194  0.6763  0.7050  0.7266  0.6978  0.7266  0.7626  0.7410  0.7122  0.7698  0.4532  0.6906  0.6835  0.3741  0.5755  0.6835  0.5468  0.4029  0.3957  0.5036  0.2950  0.4388  0.2950  0.5540  0.4748  0.4245  0.4245  0.3309  0.5827
Q3AG65           0.7698  0.7482  0.7698  0.7842  0.7626  0.7554  0.7842  0.7770  0.7842  0.7698  0.7482  0.7842  0.8129  0.5540  0.7050  0.7122  0.5612  0.3813  0.7122  0.4029  0.5899  0.5899  0.5468  0.5899  0.5899  0.5899  0.3597  0.5612  0.5324  0.5324  0.5683  0.3525  0.5971
Q2JNB2           0.7626  0.7338  0.7770  0.7842  0.6978  0.7194  0.7482  0.7410  0.7410  0.7626  0.6906  0.7266  0.7986  0.4532  0.6906  0.6978  0.4029  0.5827  0.6978  0.5612  0.4604  0.4532  0.4964  0.4532  0.1439  0.4532  0.5324  0.4532  0.4748  0.4748  0.4748  0.5683  0.4604  0.5827
A5GPU1           0.7986  0.7554  0.7842  0.7986  0.7914  0.7698  0.8201  0.7986  0.8273  0.7986  0.7698  0.7986  0.8489  0.5683  0.6906  0.6906  0.5755  0.4173  0.6978  0.4029  0.5755  0.5755  0.5396  0.5971  0.5899  0.5971  0.3381  0.5683  0.5396  0.5396  0.5612  0.1223  0.5971  0.3597  0.5612
B0C985           0.7698  0.7194  0.7554  0.7698  0.7482  0.7410  0.7410  0.7770  0.7410  0.7626  0.7050  0.7266  0.7842  0.4676  0.7050  0.7050  0.3957  0.5108  0.7050  0.5396  0.3813  0.3813  0.5252  0.4460  0.4676  0.4460  0.5396  0.3885  0.4245  0.4245  0.4388  0.5755  0.4460  0.5396  0.4748  0.5683
Q4BZL9           0.7482  0.7266  0.7338  0.7338  0.7122  0.7410  0.7194  0.7194  0.7338  0.7626  0.7410  0.7554  0.7698  0.4245  0.6906  0.6978  0.3597  0.5540  0.6978  0.5612  0.3957  0.3957  0.5324  0.2590  0.4748  0.2590  0.5540  0.4964  0.4604  0.4604  0.2734  0.5755  0.3165  0.5683  0.5036  0.5755  0.4676
P74374           0.7554  0.7482  0.7554  0.7482  0.7050  0.6906  0.7554  0.7194  0.7554  0.7770  0.6978  0.7482  0.7554  0.4676  0.7050  0.7050  0.3741  0.5755  0.7050  0.5755  0.3957  0.3885  0.5612  0.3813  0.4604  0.3813  0.5827  0.4317  0.4317  0.4317  0.3669  0.5755  0.3597  0.5971  0.4748  0.5683  0.4245  0.3813
Q7V9F1           0.7482  0.7050  0.7698  0.7266  0.7554  0.7698  0.6978  0.7122  0.6978  0.7194  0.6906  0.7338  0.7842  0.6331  0.7266  0.7266  0.6331  0.5683  0.7266  0.5683  0.6115  0.6187  0.6403  0.6331  0.6187  0.6331  0.5899  0.6115  0.6619  0.6619  0.6259  0.5755  0.6475  0.5755  0.6187  0.5899  0.5971  0.5971  0.6403
A3PFK1           0.7122  0.7482  0.8489  0.7626  0.7914  0.8129  0.7554  0.7338  0.7626  0.7914  0.7554  0.7770  0.8058  0.6763  0.7338  0.7338  0.7050  0.6043  0.7338  0.5683  0.6619  0.6691  0.6978  0.6835  0.6691  0.6835  0.6259  0.6906  0.6763  0.6763  0.6547  0.5971  0.6906  0.6115  0.7050  0.5971  0.6691  0.6619  0.6835  0.6115
B7KBG4           0.7194  0.6978  0.7698  0.7338  0.7122  0.7194  0.7410  0.7266  0.7338  0.7338  0.7338  0.7482  0.7770  0.3813  0.6763  0.6835  0.3237  0.5683  0.6835  0.5899  0.3669  0.3669  0.5180  0.2518  0.4388  0.2518  0.5396  0.4604  0.4388  0.4388  0.2230  0.5755  0.3309  0.5755  0.4388  0.5827  0.4532  0.2806  0.3741  0.6403  0.6691
A3IGT4           0.7626  0.7122  0.7626  0.7410  0.6906  0.7554  0.7194  0.7122  0.7410  0.7554  0.7338  0.7554  0.7554  0.4388  0.7122  0.7050  0.3669  0.5468  0.7050  0.5612  0.3813  0.3813  0.5252  0.2302  0.4604  0.2302  0.5396  0.5180  0.4532  0.4532  0.2662  0.5827  0.3453  0.5755  0.4964  0.5827  0.4748  0.1367  0.3813  0.6115  0.6547  0.2806
B1XP16           0.7554  0.6906  0.7770  0.7410  0.7050  0.7050  0.7194  0.7266  0.7122  0.7698  0.7122  0.7410  0.7770  0.4532  0.6978  0.6978  0.3237  0.5108  0.6978  0.5683  0.3525  0.3525  0.5396  0.3525  0.4173  0.3525  0.5396  0.4101  0.4317  0.4317  0.3525  0.5612  0.4029  0.5324  0.4029  0.5612  0.3957  0.4029  0.3669  0.5971  0.6835  0.3381  0.3669
Q46I65           0.7338  0.7410  0.7986  0.7770  0.7482  0.7842  0.7698  0.7482  0.7698  0.7482  0.7338  0.7482  0.7698  0.6475  0.7122  0.7122  0.5971  0.6259  0.7122  0.5755  0.5971  0.6043  0.6475  0.6115  0.6259  0.6115  0.5755  0.6691  0.6115  0.6115  0.6403  0.5683  0.6259  0.5540  0.6331  0.5827  0.6475  0.6259  0.6475  0.6187  0.6043  0.6043  0.5899  0.6115
A3Z3U2           0.7842  0.7338  0.7914  0.7914  0.7698  0.7338  0.7842  0.7842  0.7842  0.7410  0.7482  0.7626  0.8129  0.5683  0.7122  0.7122  0.5612  0.3813  0.7122  0.3597  0.5755  0.5755  0.5612  0.6043  0.5683  0.6043  0.2662  0.5827  0.5324  0.5324  0.5755  0.3237  0.5899  0.4101  0.5755  0.3381  0.5683  0.5899  0.6187  0.5396  0.6259  0.5971  0.5899  0.5612  0.5827
A2BTU4           0.7050  0.7482  0.8417  0.7626  0.7914  0.7986  0.7554  0.7338  0.7554  0.7842  0.7626  0.7770  0.7986  0.6763  0.7410  0.7410  0.7050  0.6043  0.7410  0.5683  0.6547  0.6619  0.6978  0.6906  0.6547  0.6906  0.6331  0.6906  0.6835  0.6835  0.6547  0.6115  0.6906  0.6259  0.6906  0.6043  0.6691  0.6691  0.6763  0.6043  0.1079  0.6763  0.6619  0.6835  0.6115  0.6187
Q118I9           0.7194  0.7050  0.7482  0.7266  0.7122  0.6978  0.7266  0.7266  0.7194  0.7410  0.7194  0.7554  0.7482  0.3957  0.6978  0.6978  0.2950  0.5540  0.6978  0.5827  0.3813  0.3885  0.5252  0.4101  0.4604  0.4101  0.5683  0.4532  0.4820  0.4820  0.3885  0.6043  0.4388  0.5899  0.4820  0.6115  0.4388  0.3957  0.4388  0.6331  0.6906  0.3813  0.4317  0.4101  0.6187  0.6115  0.6906
B2IXX3           0.7482  0.6835  0.7698  0.7266  0.7266  0.7266  0.7338  0.7338  0.7410  0.7338  0.7194  0.6978  0.7770  0.3813  0.6763  0.6763  0.3237  0.5396  0.6763  0.5683  0.1799  0.1799  0.5180  0.3741  0.4748  0.3741  0.5540  0.3885  0.4173  0.4173  0.3597  0.5755  0.4101  0.5683  0.4604  0.5612  0.3885  0.3957  0.4245  0.6187  0.6475  0.3597  0.3957  0.3813  0.6115  0.5899  0.6547  0.3525
A2C5J3           0.7338  0.7410  0.7986  0.7698  0.7554  0.7914  0.7770  0.7410  0.7770  0.7554  0.7338  0.7554  0.7698  0.6547  0.7266  0.7266  0.6043  0.6259  0.7266  0.5755  0.6043  0.6115  0.6403  0.6115  0.6331  0.6115  0.5755  0.6691  0.6187  0.6187  0.6475  0.5755  0.6403  0.5612  0.6403  0.5899  0.6619  0.6259  0.6547  0.6115  0.6043  0.6187  0.5899  0.6187  0.0360  0.5827  0.6115  0.6115  0.6187
A0ZMK2           0.7482  0.6978  0.7626  0.7194  0.7338  0.7122  0.7554  0.7410  0.7626  0.7554  0.7050  0.7266  0.7842  0.4101  0.6691  0.6763  0.3237  0.5252  0.6763  0.5683  0.1799  0.1871  0.5036  0.3741  0.4388  0.3741  0.5540  0.3813  0.3957  0.3957  0.3309  0.5827  0.3885  0.5755  0.4532  0.5683  0.3669  0.3957  0.4388  0.6187  0.6691  0.3669  0.3885  0.3597  0.6115  0.5683  0.6619  0.3453  0.1799  0.6115
Q7V3S0           0.7842  0.7482  0.7698  0.8058  0.7770  0.7338  0.7842  0.7770  0.7842  0.7698  0.7338  0.7842  0.8201  0.5827  0.6978  0.7050  0.5755  0.3957  0.7050  0.4245  0.6043  0.6043  0.5396  0.5971  0.5899  0.5971  0.3813  0.5612  0.5612  0.5612  0.5827  0.3741  0.6115  0.1007  0.5827  0.3597  0.5468  0.5899  0.6043  0.5755  0.6187  0.5899  0.5971  0.5468  0.5612  0.4173  0.6331  0.5971  0.5827  0.5612  0.5827
A8G7L7           0.6978  0.7338  0.8345  0.7554  0.7770  0.7986  0.7482  0.7554  0.7554  0.7626  0.7698  0.7554  0.7842  0.6906  0.7410  0.7410  0.7266  0.6115  0.7410  0.6043  0.6763  0.6835  0.7050  0.6763  0.6835  0.6763  0.6115  0.6978  0.6978  0.6978  0.6763  0.6043  0.7050  0.6259  0.6978  0.6115  0.6835  0.6763  0.6906  0.6115  0.1727  0.6619  0.6763  0.6906  0.5971  0.6043  0.1799  0.7122  0.6763  0.5971  0.6835  0.6259
B9YKU2           0.7266  0.6835  0.7770  0.7194  0.7050  0.7050  0.7194  0.7194  0.7194  0.7482  0.7050  0.7050  0.7842  0.3885  0.6835  0.6835  0.3381  0.5540  0.6835  0.5468  0.2158  0.2158  0.5324  0.3885  0.4460  0.3885  0.5036  0.4101  0.4460  0.4460  0.3525  0.5899  0.3885  0.5612  0.4460  0.5755  0.4245  0.4173  0.4245  0.6187  0.6619  0.3957  0.3957  0.3741  0.6115  0.5683  0.6547  0.3741  0.2302  0.6187  0.2014  0.5755  0.6835
Q317S8           0.6978  0.7266  0.8489  0.7554  0.7842  0.8058  0.7482  0.7266  0.7554  0.7698  0.7554  0.7626  0.7986  0.6691  0.7482  0.7482  0.6763  0.5971  0.7482  0.5612  0.6475  0.6547  0.7050  0.6763  0.6763  0.6763  0.6115  0.6978  0.6691  0.6691  0.6403  0.5899  0.6906  0.6259  0.6906  0.5971  0.6619  0.6619  0.6978  0.5899  0.1942  0.6403  0.6619  0.6619  0.6043  0.5971  0.1942  0.6906  0.6403  0.6043  0.6691  0.6331  0.1799  0.6619
Q7TU16           0.7554  0.7482  0.8489  0.7554  0.8129  0.8129  0.7914  0.7482  0.7986  0.7770  0.7482  0.7770  0.8058  0.7122  0.7626  0.7626  0.6906  0.6331  0.7626  0.6043  0.6691  0.6691  0.6978  0.7050  0.6978  0.7050  0.6547  0.6763  0.6763  0.6763  0.6763  0.6331  0.6906  0.6475  0.7050  0.6259  0.6763  0.6835  0.6763  0.6115  0.3669  0.6619  0.6691  0.6906  0.6475  0.6475  0.3669  0.6906  0.6763  0.6475  0.6763  0.6475  0.3453  0.6547  0.3381
A9BDS0           0.7554  0.7554  0.8129  0.7482  0.7338  0.7626  0.7698  0.7554  0.7698  0.7842  0.7194  0.7770  0.7842  0.5899  0.7194  0.7122  0.5683  0.5108  0.7122  0.4820  0.5683  0.5612  0.6187  0.5971  0.5683  0.5971  0.4892  0.6043  0.5971  0.5971  0.5971  0.5324  0.6115  0.5396  0.5827  0.5396  0.5899  0.5971  0.6331  0.5683  0.6187  0.5899  0.5899  0.5612  0.5612  0.4964  0.6187  0.5971  0.5683  0.5612  0.5755  0.5180  0.6331  0.5612  0.5899  0.6547
Q0I5Z5           0.7482  0.7482  0.8129  0.7914  0.7410  0.7842  0.7698  0.7626  0.7698  0.7770  0.7626  0.7410  0.8129  0.5899  0.7338  0.7338  0.5396  0.3957  0.7266  0.3453  0.5396  0.5324  0.5899  0.5683  0.5468  0.5683  0.3453  0.5683  0.5252  0.5252  0.5252  0.3597  0.5612  0.4317  0.5612  0.3669  0.5252  0.5755  0.5827  0.5612  0.5755  0.5755  0.5827  0.5612  0.5755  0.3597  0.5683  0.5683  0.5468  0.5827  0.5540  0.4388  0.5899  0.5252  0.5612  0.6115  0.5180
A3YWF9           0.7698  0.7410  0.7914  0.7770  0.7914  0.7626  0.7986  0.7986  0.7842  0.7698  0.7266  0.7698  0.8058  0.5683  0.7050  0.7050  0.5540  0.4029  0.7122  0.4532  0.5324  0.5324  0.5180  0.5540  0.5612  0.5540  0.3813  0.5108  0.5612  0.5612  0.5468  0.4101  0.5755  0.4532  0.5468  0.3813  0.5252  0.5683  0.5755  0.5468  0.6043  0.5180  0.5683  0.5108  0.6259  0.4101  0.5899  0.5683  0.5180  0.6331  0.5036  0.4388  0.6115  0.5252  0.5827  0.5971  0.5396  0.4173
B1WRD7           0.7554  0.7050  0.7554  0.7410  0.6978  0.7410  0.7266  0.7050  0.7410  0.7554  0.7338  0.7554  0.7554  0.4388  0.7122  0.7050  0.3597  0.5324  0.7050  0.5396  0.3741  0.3741  0.5252  0.2302  0.4676  0.2302  0.5252  0.5036  0.4676  0.4676  0.2662  0.5540  0.3237  0.5612  0.4892  0.5540  0.4892  0.1223  0.3669  0.5971  0.6619  0.2590  0.0863  0.3885  0.6043  0.5683  0.6691  0.4245  0.3957  0.6187  0.3957  0.5827  0.6763  0.4029  0.6619  0.6835  0.5683  0.5683  0.5540
Q062F9           0.7626  0.7482  0.7914  0.7698  0.7770  0.7338  0.7698  0.7626  0.7626  0.7626  0.7410  0.7626  0.7914  0.5612  0.6978  0.6978  0.5612  0.3813  0.7050  0.3741  0.5899  0.5899  0.5612  0.6043  0.5755  0.6043  0.3453  0.5612  0.5683  0.5683  0.5612  0.3741  0.6115  0.3165  0.5683  0.3453  0.5324  0.5683  0.6043  0.5396  0.5683  0.5899  0.5971  0.5612  0.5899  0.3597  0.5827  0.5971  0.5755  0.5899  0.5683  0.3022  0.5899  0.5612  0.5755  0.6187  0.5180  0.3453  0.4029  0.5683
Q3AUF4           0.7626  0.7482  0.7986  0.7626  0.7770  0.7410  0.7698  0.7698  0.7626  0.7554  0.7410  0.7482  0.7914  0.5755  0.6978  0.6978  0.5683  0.4029  0.7050  0.3885  0.5899  0.5899  0.5683  0.5971  0.5827  0.5971  0.3597  0.5683  0.5827  0.5827  0.5755  0.3957  0.6187  0.3381  0.5755  0.3597  0.5396  0.5827  0.6187  0.5396  0.5755  0.5899  0.6115  0.5612  0.5899  0.3669  0.5899  0.6043  0.5755  0.5899  0.5683  0.3237  0.5971  0.5612  0.5827  0.6115  0.5324  0.3597  0.4029  0.5827  0.0360
Q7U3A9           0.7986  0.7410  0.8058  0.7626  0.7698  0.7842  0.7986  0.7986  0.7986  0.7914  0.7626  0.7626  0.8129  0.5899  0.7122  0.7194  0.5468  0.3957  0.7194  0.3957  0.5899  0.5899  0.5612  0.5971  0.5612  0.5971  0.3597  0.5612  0.5540  0.5540  0.5683  0.3669  0.5827  0.2302  0.5540  0.3597  0.5468  0.5971  0.6115  0.5971  0.6115  0.5755  0.6043  0.5540  0.5899  0.3813  0.6259  0.5827  0.5612  0.5899  0.5540  0.2590  0.6187  0.5540  0.6187  0.6403  0.5252  0.3885  0.4173  0.5827  0.2374  0.2518
A2BZA0           0.7554  0.7338  0.8345  0.7482  0.8058  0.8058  0.7698  0.7482  0.7770  0.7770  0.7554  0.7698  0.7914  0.7194  0.7626  0.7626  0.6906  0.6475  0.7626  0.6115  0.6619  0.6691  0.6906  0.6978  0.6906  0.6978  0.6547  0.6763  0.6619  0.6619  0.6691  0.6115  0.6763  0.6547  0.6835  0.6187  0.6763  0.6475  0.6619  0.6115  0.3597  0.6691  0.6547  0.6978  0.6187  0.6547  0.3453  0.6978  0.6763  0.6187  0.6763  0.6547  0.3309  0.6691  0.3381  0.1655  0.6691  0.6043  0.6187  0.6619  0.6043  0.6043  0.6331
Q8DHP6           0.7698  0.7194  0.7914  0.7338  0.7338  0.7122  0.7410  0.7698  0.7626  0.7770  0.7338  0.7482  0.7986  0.6043  0.6763  0.6835  0.5755  0.5612  0.6835  0.6043  0.5755  0.5612  0.5899  0.5827  0.5755  0.5827  0.6043  0.5971  0.5540  0.5540  0.6115  0.6187  0.6043  0.5899  0.5971  0.6187  0.5971  0.6043  0.6403  0.6763  0.6906  0.6115  0.6259  0.5971  0.7122  0.5827  0.6978  0.6187  0.5540  0.7194  0.5755  0.5683  0.6906  0.5827  0.6978  0.6906  0.6331  0.6043  0.5755  0.6115  0.5827  0.5755  0.5827  0.6978


TREE #  1:  ((((((((((((((((37, 28), ((((((((60, 43), 38), (26, 24)), (42, 31)), 33), 39), 44), ((54, ((51, 49), (22, 21))), (48, (17, 14))))), ((35, 25), 23)), (30, 29)), (((64, 56), ((55, (47, 41)), 53)), (((((63, (52, 34)), (62, 61)), (((58, (36, 32)), (46, 27)), (18, 59))), 20), (((50, 45), 40), 57)))), 65), ((19, 15), 16)), 2), 1), (8, (4, 11))), (13, 6)), 3), 5), 12), 10), 9, 7);   MP score: 2223
lnL(ntime: 63  np: 64): -10954.835395      +0.000000
  66..67   67..68   68..69   69..70   70..71   71..72   72..73   73..74   74..75   75..76   76..77   77..78   78..79   79..80   80..81   81..37   81..28   80..82   82..83   83..84   84..85   85..86   86..87   87..88   88..89   89..60   89..43   88..38   87..90   90..26   90..24   86..91   91..42   91..31   85..33   84..39   83..44   82..92   92..93   93..54   93..94   94..95   95..51   95..49   94..96   96..22   96..21   92..97   97..48   97..98   98..17   98..14   79..99   99..100 100..35  100..25   99..23   78..101 101..30  101..29   77..102 102..103 103..104 104..64  104..56  103..105 105..106 106..55  106..107 107..47  107..41  105..53  102..108 108..109 109..110 110..111 111..112 112..63  112..113 113..52  113..34  111..114 114..62  114..61  110..115 115..116 116..117 117..58  117..118 118..36  118..32  116..119 119..46  119..27  115..120 120..18  120..59  109..20  108..121 121..122 122..123 123..50  123..45  122..40  121..57   76..65   75..124 124..125 125..19  125..15  124..16   74..2    73..1    72..126 126..8   126..127 127..4   127..11   71..128 128..13  128..6    70..3    69..5    68..12   67..10   66..9    66..7  
 1.346207 1.346205 1.337836 1.326972 1.252883 1.247943 1.186708 1.173635 1.173634 0.965983 0.913541 0.870510 0.644925 0.629998 0.508846 0.349427 0.470662 0.425029 0.328736 0.294397 0.227047 0.192138 0.078207 0.046800 0.000000 0.154897 0.412751 0.162387 0.133774 0.119786 0.010742 0.378842 0.352422 0.549026 0.082369 0.000001 0.811763 0.266667 0.091323 0.111803 0.111803 0.053432 0.766026 0.491748 0.450952 0.250860 0.189363 0.049608 0.019729 0.450952 0.409549 0.334126 0.072953 0.269271 0.377111 0.737134 0.690833 0.016260 0.008722 0.008722 1.047035 1.047034 1.090586 0.738947

tree length =  33.61304

((((((((((((((((37: 0.349427, 28: 0.349427): 0.159419, ((((((((60: 0.046800, 43: 0.046800): 0.031407, 38: 0.078207): 0.113932, (26: 0.000000, 24: 0.000000): 0.192138): 0.034909, (42: 0.154897, 31: 0.154897): 0.072150): 0.067350, 33: 0.294397): 0.034338, 39: 0.328736): 0.096293, 44: 0.425029): 0.045633, ((54: 0.162387, ((51: 0.119786, 49: 0.119786): 0.013988, (22: 0.010742, 21: 0.010742): 0.123032): 0.028612): 0.250364, (48: 0.378842, (17: 0.352422, 14: 0.352422): 0.026420): 0.033909): 0.057911): 0.038184): 0.121153, ((35: 0.082369, 25: 0.082369): 0.466657, 23: 0.549026): 0.080972): 0.014927, (30: 0.000001, 29: 0.000001): 0.644925): 0.225585, (((64: 0.091323, 56: 0.091323): 0.175344, ((55: 0.111803, (47: 0.053432, 41: 0.053432): 0.058371): 0.000000, 53: 0.111803): 0.154864): 0.545096, (((((63: 0.189363, (52: 0.049608, 34: 0.049608): 0.139755): 0.061497, (62: 0.019729, 61: 0.019729): 0.231131): 0.200092, (((58: 0.334126, (36: 0.072953, 32: 0.072953): 0.261172): 0.075424, (46: 0.269271, 27: 0.269271): 0.140278): 0.041402, (18: 0.377111, 59: 0.377111): 0.073841): 0.000000): 0.040796, 20: 0.491748): 0.274279, (((50: 0.016260, 45: 0.016260): 0.674573, 40: 0.690833): 0.046301, 57: 0.737134): 0.028892): 0.045737): 0.058747): 0.043031, 65: 0.913541): 0.052442, ((19: 0.008722, 15: 0.008722): 0.000000, 16: 0.008722): 0.957261): 0.207651, 2: 1.173634): 0.000001, 1: 1.173635): 0.013073, (8: 1.047035, (4: 1.047034, 11: 1.047034): 0.000001): 0.139672): 0.061235, (13: 1.090586, 6: 1.090586): 0.157357): 0.004941, 3: 1.252883): 0.074088, 5: 1.326972): 0.010864, 12: 1.337836): 0.008370, 10: 1.346205): 0.000001, 9: 1.346207, 7: 1.346207);

((((((((((((((((B0C985: 0.349427, B8HMN7: 0.349427): 0.159419, ((((((((B1WRD7: 0.046800, A3IGT4: 0.046800): 0.031407, Q4BZL9: 0.078207): 0.113932, (B7JYV6: 0.000000, C7QWY0: 0.000000): 0.192138): 0.034909, (B7KBG4: 0.154897, B4AZE9: 0.154897): 0.072150): 0.067350, B0JJL0: 0.294397): 0.034338, P74374: 0.328736): 0.096293, B1XP16: 0.425029): 0.045633, ((B9YKU2: 0.162387, ((A0ZMK2: 0.119786, B2IXX3: 0.119786): 0.013988, (Q8YMH2: 0.010742, Q3MAY2: 0.010742): 0.123032): 0.028612): 0.250364, (Q118I9: 0.378842, (A0YKZ6: 0.352422, B5W994: 0.352422): 0.026420): 0.033909): 0.057911): 0.038184): 0.121153, ((Q2JNB2: 0.082369, Q2JRL3: 0.082369): 0.466657, Q7NNY7: 0.549026): 0.080972): 0.014927, (Q31MB0: 0.000001, Q5MZL6: 0.000001): 0.644925): 0.225585, (((A2BZA0: 0.091323, Q7TU16: 0.091323): 0.175344, ((Q317S8: 0.111803, (A2BTU4: 0.053432, A3PFK1: 0.053432): 0.058371): 0.000000, A8G7L7: 0.111803): 0.154864): 0.545096, (((((Q7U3A9: 0.189363, (Q7V3S0: 0.049608, Q3AG65: 0.049608): 0.139755): 0.061497, (Q3AUF4: 0.019729, Q062F9: 0.019729): 0.231131): 0.200092, (((Q0I5Z5: 0.334126, (A5GPU1: 0.072953, A4CWU5: 0.072953): 0.261172): 0.075424, (A3Z3U2: 0.269271, Q05UV8: 0.269271): 0.140278): 0.041402, (A5GX26: 0.377111, A3YWF9: 0.377111): 0.073841): 0.000000): 0.040796, A2CE40: 0.491748): 0.274279, (((A2C5J3: 0.016260, Q46I65: 0.016260): 0.674573, Q7V9F1: 0.690833): 0.046301, A9BDS0: 0.737134): 0.028892): 0.045737): 0.058747): 0.043031, Q8DHP6: 0.913541): 0.052442, ((B7LUV8: 0.008722, P05824: 0.008722): 0.000000, B7MYA8: 0.008722): 0.957261): 0.207651, A6Q326: 1.173634): 0.000001, A8EW84: 1.173635): 0.013073, (B9L9Y1: 1.047035, (Q30RL9: 1.047034, A6Q9M7: 1.047034): 0.000001): 0.139672): 0.061235, (O25943: 1.090586, Q7M8J6: 1.090586): 0.157357): 0.004941, D1B077: 1.252883): 0.074088, B9KFZ5: 1.326972): 0.010864, Q4HHW7: 1.337836): 0.008370, Q4HRP9: 1.346205): 0.000001, A7H4H0: 1.346207, A8FL63: 1.346207);

((((((((((((((((37_B0C985, 28_B8HMN7) 81 , ((((((((60_B1WRD7, 43_A3IGT4) 89 , 38_Q4BZL9) 88 , (26_B7JYV6, 24_C7QWY0) 90 ) 87 , (42_B7KBG4, 31_B4AZE9) 91 ) 86 , 33_B0JJL0) 85 , 39_P74374) 84 , 44_B1XP16) 83 , ((54_B9YKU2, ((51_A0ZMK2, 49_B2IXX3) 95 , (22_Q8YMH2, 21_Q3MAY2) 96 ) 94 ) 93 , (48_Q118I9, (17_A0YKZ6, 14_B5W994) 98 ) 97 ) 92 ) 82 ) 80 , ((35_Q2JNB2, 25_Q2JRL3) 100 , 23_Q7NNY7) 99 ) 79 , (30_Q31MB0, 29_Q5MZL6) 101 ) 78 , (((64_A2BZA0, 56_Q7TU16) 104 , ((55_Q317S8, (47_A2BTU4, 41_A3PFK1) 107 ) 106 , 53_A8G7L7) 105 ) 103 , (((((63_Q7U3A9, (52_Q7V3S0, 34_Q3AG65) 113 ) 112 , (62_Q3AUF4, 61_Q062F9) 114 ) 111 , (((58_Q0I5Z5, (36_A5GPU1, 32_A4CWU5) 118 ) 117 , (46_A3Z3U2, 27_Q05UV8) 119 ) 116 , (18_A5GX26, 59_A3YWF9) 120 ) 115 ) 110 , 20_A2CE40) 109 , (((50_A2C5J3, 45_Q46I65) 123 , 40_Q7V9F1) 122 , 57_A9BDS0) 121 ) 108 ) 102 ) 77 , 65_Q8DHP6) 76 , ((19_B7LUV8, 15_P05824) 125 , 16_B7MYA8) 124 ) 75 , 2_A6Q326) 74 , 1_A8EW84) 73 , (8_B9L9Y1, (4_Q30RL9, 11_A6Q9M7) 127 ) 126 ) 72 , (13_O25943, 6_Q7M8J6) 128 ) 71 , 3_D1B077) 70 , 5_B9KFZ5) 69 , 12_Q4HHW7) 68 , 10_Q4HRP9) 67 , 9_A7H4H0, 7_A8FL63) 66 ;

Detailed output identifying parameters

alpha (gamma, K = 5) =  0.73895
rate:   0.06015  0.26827  0.60944  1.19105  2.87109
freq:   0.20000  0.20000  0.20000  0.20000  0.20000

Time used:  4:36
