AAML (in paml version 4.6, August 2012)  233.aa
Model: Empirical for branches,  (../../../bin/LG.dat) dGamma (ncatG=4) ns =  65  ls = 356


Frequencies..
                                    A      R      N      D      C      Q      E      G      H      I      L      K      M      F      P      S      T      W      Y      V
A8ER41                         0.05618 0.01966 0.07865 0.05337 0.00843 0.03090 0.07584 0.07865 0.03652 0.09831 0.07022 0.06461 0.01966 0.03933 0.03371 0.06180 0.04775 0.00562 0.04213 0.07865
Q30UH0                         0.04494 0.02809 0.07584 0.05056 0.00562 0.03652 0.08146 0.07022 0.03090 0.07865 0.07022 0.06461 0.03090 0.05056 0.03652 0.08427 0.04494 0.00281 0.03652 0.07584
A6Q6M7                         0.05899 0.03090 0.05899 0.03371 0.00843 0.02809 0.10112 0.07865 0.03652 0.07584 0.07584 0.06180 0.02809 0.04213 0.04494 0.06461 0.06742 0.00000 0.03652 0.06742
D1B4B8                         0.05056 0.02809 0.07022 0.03933 0.01404 0.03090 0.08708 0.07865 0.04213 0.08427 0.07022 0.06180 0.03090 0.04775 0.04775 0.07022 0.04494 0.00562 0.03090 0.06461
Q7M7W0                         0.05618 0.02528 0.04213 0.03652 0.00562 0.03933 0.09551 0.08989 0.03090 0.07303 0.07303 0.06742 0.02528 0.05337 0.04775 0.07303 0.05056 0.00000 0.04213 0.07303
A6Q5H0                         0.06461 0.03090 0.04213 0.04775 0.00843 0.03090 0.09831 0.07584 0.04775 0.08427 0.07022 0.07303 0.01966 0.04213 0.05337 0.03933 0.06180 0.00281 0.04494 0.06180
B9L7I0                         0.04494 0.02247 0.05899 0.05337 0.00562 0.02809 0.09831 0.08427 0.03371 0.08989 0.05899 0.08146 0.02528 0.04775 0.04775 0.04213 0.05618 0.00281 0.04213 0.07584
B9KF95                         0.05618 0.01685 0.07584 0.03652 0.00562 0.02528 0.09270 0.07303 0.03371 0.08708 0.07584 0.08989 0.01685 0.04775 0.03090 0.07303 0.04213 0.00281 0.04775 0.07022
Q4HEB7                         0.06180 0.01966 0.07303 0.02528 0.00562 0.03090 0.09831 0.07584 0.03090 0.07865 0.07865 0.09270 0.01966 0.04775 0.03371 0.06742 0.04213 0.00281 0.04775 0.06742
Q4HPN4                         0.05899 0.02528 0.07022 0.04213 0.01124 0.02528 0.08989 0.07022 0.03090 0.08427 0.07865 0.09831 0.01124 0.05337 0.02809 0.07303 0.03652 0.00281 0.04494 0.06461
A7H5L3                         0.05337 0.02528 0.07584 0.03371 0.00281 0.02809 0.09831 0.07022 0.03090 0.07865 0.07584 0.08427 0.01966 0.05337 0.03090 0.07865 0.03933 0.00281 0.04775 0.07022
A8FNG0                         0.05899 0.02528 0.07584 0.03371 0.00281 0.02809 0.09551 0.07022 0.03090 0.07865 0.07584 0.08427 0.01966 0.05337 0.03090 0.07584 0.03933 0.00281 0.04775 0.07022
O25835                         0.06180 0.02247 0.05618 0.03090 0.01404 0.03933 0.06180 0.07584 0.05056 0.07865 0.09270 0.07022 0.01404 0.05056 0.04775 0.08989 0.04775 0.00000 0.03371 0.06180
A2BWT0                         0.02809 0.01966 0.11236 0.05056 0.01124 0.01966 0.04213 0.09831 0.02528 0.07584 0.10112 0.05899 0.01685 0.05337 0.04213 0.08989 0.06180 0.00843 0.02809 0.05618
A0YQT8                         0.07022 0.05618 0.04494 0.04213 0.00843 0.05056 0.06180 0.08989 0.02247 0.05618 0.08427 0.03371 0.01966 0.03933 0.05618 0.06461 0.08146 0.01124 0.03090 0.07584
Q7NFI2                         0.10955 0.06742 0.03652 0.05337 0.00843 0.03090 0.05899 0.09831 0.03090 0.05056 0.09831 0.01685 0.01404 0.03652 0.05056 0.05899 0.06180 0.01124 0.03090 0.07584
B1WS59                         0.05056 0.03652 0.04494 0.04494 0.01124 0.03090 0.07022 0.09551 0.02528 0.05899 0.08708 0.05618 0.01685 0.03933 0.05618 0.07022 0.08427 0.00843 0.03090 0.08146
Q31LB7                         0.07865 0.05056 0.04213 0.04775 0.01404 0.04775 0.05899 0.10112 0.03933 0.04775 0.10112 0.01404 0.01124 0.03371 0.05618 0.05899 0.07584 0.01124 0.02809 0.08146
B8HT81                         0.08146 0.04213 0.04213 0.04494 0.01124 0.05618 0.05618 0.09270 0.02247 0.05618 0.10112 0.03371 0.01404 0.03933 0.06180 0.05899 0.07865 0.01404 0.02528 0.06742
Q31B37                         0.02809 0.02809 0.08708 0.04213 0.01124 0.02247 0.05337 0.09831 0.02247 0.08708 0.08989 0.06180 0.01404 0.04775 0.04775 0.08989 0.06180 0.00843 0.03652 0.06180
A2BQY2                         0.03090 0.02528 0.08427 0.04213 0.01124 0.03090 0.04213 0.09831 0.02528 0.08989 0.08427 0.06742 0.01404 0.05618 0.04213 0.09551 0.05618 0.00843 0.03090 0.06461
Q5N0L0                         0.07865 0.05056 0.04213 0.04775 0.01404 0.04775 0.05899 0.10393 0.03933 0.04775 0.09831 0.01404 0.01124 0.03371 0.05618 0.05899 0.07584 0.01124 0.02809 0.08146
Q067N1                         0.10112 0.05618 0.04494 0.06461 0.01966 0.03652 0.04213 0.10112 0.05056 0.03933 0.10112 0.01685 0.01404 0.04213 0.04775 0.05618 0.05899 0.00843 0.01685 0.08146
A3ILT6                         0.05337 0.03933 0.04213 0.05056 0.01124 0.03090 0.06461 0.09551 0.02528 0.06461 0.08427 0.05618 0.01404 0.04213 0.05618 0.06461 0.08427 0.00843 0.03090 0.08146
C7QUD9                         0.05899 0.03652 0.05056 0.04494 0.01124 0.03371 0.06742 0.09831 0.02809 0.05618 0.10112 0.05056 0.01404 0.04213 0.05618 0.05618 0.08427 0.00843 0.03090 0.07022
B7JU99                         0.05899 0.03652 0.05056 0.04494 0.01124 0.03371 0.06742 0.09831 0.02809 0.05618 0.10112 0.05056 0.01404 0.04213 0.05618 0.05618 0.08427 0.00843 0.03090 0.07022
Q4C6K5                         0.05056 0.03933 0.05618 0.04775 0.01124 0.02809 0.06742 0.09831 0.02528 0.06742 0.08989 0.05056 0.01124 0.03933 0.05337 0.06461 0.08427 0.00843 0.03090 0.07584
A3YYC4                         0.10955 0.07022 0.02809 0.03933 0.01124 0.03090 0.06180 0.11517 0.03652 0.03652 0.11236 0.00562 0.01404 0.03371 0.06180 0.05618 0.05899 0.00843 0.02247 0.08708
Q3AXD6                         0.09270 0.05618 0.04213 0.06461 0.01966 0.03933 0.04213 0.09831 0.05056 0.03652 0.10112 0.01685 0.01404 0.04213 0.04775 0.06461 0.06180 0.00843 0.01685 0.08427
A2CA11                         0.08427 0.05337 0.03090 0.05899 0.01404 0.05056 0.04494 0.10112 0.03933 0.03933 0.10393 0.01685 0.01966 0.03371 0.05056 0.07303 0.06180 0.00843 0.01966 0.09551
B5VVV5                         0.06180 0.04775 0.04775 0.04494 0.01124 0.03090 0.06742 0.09270 0.02247 0.05056 0.10112 0.03933 0.01404 0.03371 0.07303 0.06742 0.07584 0.01124 0.03371 0.07303
Q112P0                         0.06461 0.03652 0.05056 0.03933 0.01404 0.05056 0.06742 0.09270 0.02528 0.05337 0.09551 0.04494 0.01404 0.03933 0.06180 0.06180 0.07865 0.00843 0.02809 0.07303
Q7U7F9                         0.08989 0.05618 0.03652 0.07022 0.01966 0.03652 0.04494 0.11236 0.05056 0.03652 0.10112 0.01124 0.01404 0.03652 0.05337 0.06461 0.05056 0.00843 0.01966 0.08708
A3PCQ5                         0.02809 0.02528 0.08427 0.04494 0.01124 0.02247 0.04494 0.09831 0.03090 0.08708 0.08146 0.07022 0.01404 0.05618 0.04494 0.09551 0.05899 0.00843 0.02809 0.06461
B0JJM3                         0.07865 0.03933 0.04213 0.05056 0.01124 0.03933 0.05899 0.09270 0.03090 0.05899 0.08989 0.04213 0.01404 0.03933 0.06461 0.05337 0.07303 0.00843 0.03652 0.07584
Q7V7T2                         0.08146 0.04775 0.03371 0.05899 0.01685 0.05056 0.04494 0.10112 0.04213 0.03933 0.10393 0.01966 0.02247 0.03371 0.05056 0.07022 0.06180 0.00843 0.01966 0.09270
Q7V1C7                         0.03371 0.02247 0.10112 0.05337 0.01124 0.01966 0.04213 0.09551 0.02528 0.10112 0.08708 0.05618 0.02247 0.06180 0.04213 0.08708 0.05618 0.00562 0.02528 0.05056
A5GTM5                         0.10393 0.04775 0.03652 0.05899 0.01404 0.04494 0.03933 0.12079 0.03371 0.03652 0.10955 0.02247 0.01124 0.03652 0.05618 0.06180 0.05618 0.00843 0.01966 0.08146
B1XKK8                         0.08708 0.05337 0.03652 0.05056 0.00562 0.03652 0.07022 0.08989 0.02809 0.05618 0.08708 0.03933 0.01404 0.03933 0.05337 0.05618 0.08427 0.00843 0.03090 0.07303
A4CU55                         0.08989 0.05337 0.03090 0.05056 0.01404 0.05337 0.05056 0.10112 0.04775 0.03933 0.10112 0.00843 0.01966 0.03371 0.05056 0.07584 0.06461 0.00843 0.01966 0.08708
A8G4M4                         0.02809 0.02809 0.08427 0.04213 0.01124 0.01966 0.04494 0.09831 0.03090 0.09270 0.08146 0.07584 0.01404 0.05618 0.04213 0.09551 0.04775 0.00843 0.03090 0.06742
Q2JM36                         0.08989 0.06742 0.03652 0.04494 0.01124 0.04775 0.05056 0.08989 0.03090 0.03652 0.11236 0.01404 0.01685 0.03371 0.07022 0.06180 0.07022 0.01124 0.02528 0.07865
Q05TL4                         0.08989 0.04494 0.03090 0.05337 0.01685 0.03933 0.05618 0.10674 0.04494 0.03371 0.10674 0.01685 0.01685 0.03652 0.05899 0.06461 0.06742 0.00843 0.01685 0.08989
P74587                         0.07303 0.03652 0.04213 0.03933 0.01124 0.03652 0.07022 0.09831 0.03652 0.05056 0.08989 0.03933 0.01966 0.03933 0.05899 0.05618 0.07584 0.01124 0.03090 0.08427
Q2JQU9                         0.09551 0.06742 0.03371 0.03933 0.01124 0.03933 0.05899 0.10112 0.02809 0.05056 0.11236 0.01966 0.01685 0.03090 0.07303 0.06180 0.06461 0.01124 0.02528 0.05899
P0A6F1                         0.10674 0.04213 0.03933 0.07022 0.00843 0.03652 0.04775 0.08989 0.03933 0.06180 0.09551 0.04213 0.01685 0.04494 0.05337 0.04775 0.07303 0.00562 0.01966 0.05899
Q3AKH5                         0.08708 0.05337 0.03371 0.06742 0.01404 0.06180 0.03090 0.10393 0.04213 0.03371 0.10955 0.01685 0.01404 0.03933 0.05337 0.05337 0.07022 0.00843 0.01966 0.08708
Q8YXQ7                         0.07865 0.05056 0.04494 0.04775 0.00843 0.03652 0.06742 0.09551 0.03371 0.05899 0.08708 0.02809 0.01685 0.03652 0.05899 0.06180 0.07584 0.01124 0.03090 0.07022
A0ZGL2                         0.08427 0.04494 0.04213 0.04494 0.01404 0.04775 0.06742 0.08989 0.02809 0.07022 0.08989 0.02809 0.01404 0.03371 0.05899 0.06180 0.07584 0.01124 0.03371 0.05899
A5GKM2                         0.08989 0.05056 0.03371 0.05056 0.01404 0.05056 0.04775 0.10393 0.05337 0.03652 0.10955 0.00843 0.02247 0.03652 0.05056 0.05899 0.07022 0.00843 0.01685 0.08708
A9B9W2                         0.08427 0.02809 0.05337 0.04213 0.01124 0.03652 0.05899 0.09551 0.03090 0.06742 0.10112 0.06461 0.01124 0.04775 0.05337 0.05337 0.06180 0.00843 0.02247 0.06742
B7LWM3                         0.10955 0.04213 0.03933 0.07022 0.00843 0.03652 0.04494 0.08989 0.03933 0.06461 0.09551 0.04213 0.01685 0.04213 0.05337 0.04775 0.07303 0.00562 0.02247 0.05618
B2IX96                         0.08708 0.04775 0.04775 0.04775 0.01404 0.04775 0.05899 0.09831 0.02247 0.06180 0.08989 0.02247 0.01685 0.03652 0.05899 0.05337 0.07303 0.01124 0.03371 0.07022
B7KCP6                         0.05337 0.04494 0.05056 0.04494 0.01124 0.04213 0.06180 0.09551 0.02809 0.05056 0.09551 0.03933 0.01685 0.04213 0.06742 0.06180 0.07865 0.01124 0.02809 0.07584
Q7VCJ5                         0.06180 0.03933 0.05899 0.04775 0.01685 0.02809 0.05056 0.09831 0.03090 0.06180 0.08146 0.04494 0.02247 0.05899 0.04775 0.08427 0.06180 0.00843 0.01685 0.07865
Q3M4S8                         0.08146 0.04775 0.04494 0.04494 0.01124 0.04213 0.06742 0.09551 0.03090 0.05899 0.08708 0.02809 0.01685 0.03652 0.05899 0.06180 0.07022 0.01124 0.03090 0.07303
B7MNN8                         0.10674 0.04213 0.03933 0.07022 0.00843 0.03652 0.04494 0.08989 0.03933 0.06180 0.09551 0.04213 0.01685 0.04213 0.05618 0.04775 0.07303 0.00562 0.02247 0.05899
B0C8K0                         0.08427 0.03933 0.04213 0.04213 0.01124 0.05337 0.05618 0.08989 0.04213 0.05056 0.10112 0.02247 0.01685 0.03371 0.05618 0.07584 0.07584 0.01124 0.02809 0.06742
A3Z7G2                         0.11236 0.05056 0.03371 0.05337 0.01685 0.05337 0.03652 0.10393 0.04494 0.03652 0.10674 0.01124 0.01685 0.03371 0.06461 0.05056 0.06461 0.00843 0.01966 0.08146
B9YUM5                         0.07865 0.04213 0.04213 0.04213 0.00843 0.03933 0.07022 0.09551 0.03090 0.05618 0.08427 0.03090 0.02247 0.03933 0.05899 0.06461 0.07865 0.01124 0.03090 0.07303
Q8DKU5                         0.08427 0.04775 0.03371 0.04775 0.00843 0.05056 0.06180 0.09551 0.02247 0.05618 0.08989 0.02809 0.01404 0.04213 0.07303 0.04775 0.08708 0.00843 0.03090 0.07022
B4B2D6                         0.06180 0.05056 0.05056 0.04775 0.01124 0.03371 0.06180 0.08989 0.02809 0.05899 0.09831 0.04213 0.01404 0.04213 0.05899 0.05899 0.08146 0.01124 0.02809 0.07022
Q0I9N1                         0.08427 0.05337 0.04213 0.04775 0.01404 0.05899 0.05337 0.09831 0.03933 0.04494 0.10393 0.01124 0.01685 0.03933 0.05899 0.06180 0.07022 0.00843 0.01966 0.07303
A2C1X6                         0.05337 0.02528 0.05899 0.04775 0.01124 0.02528 0.05618 0.09551 0.03933 0.08146 0.09551 0.05056 0.00843 0.05056 0.04494 0.09270 0.05899 0.00562 0.02247 0.07584
Q46L77                         0.05337 0.02809 0.05899 0.04494 0.01124 0.02528 0.05618 0.09551 0.04213 0.08146 0.09270 0.05056 0.00843 0.04775 0.04494 0.09270 0.05899 0.00562 0.02528 0.07584

Homogeneity statistic: X2 = 4.37956 G = 4.44018 

Average                        0.07126 0.04045 0.05160 0.04788 0.01128 0.03742 0.06227 0.09347 0.03414 0.06175 0.09196 0.04291 0.01681 0.04244 0.05229 0.06621 0.06547 0.00778 0.02934 0.07325

# constant sites:     65 (18.26%)
ln Lmax (unconstrained) = -1989.479636

AA distances (raw proportions of different sites)

A8ER41         
Q30UH0           0.3090
A6Q6M7           0.3202  0.2949
D1B4B8           0.3258  0.3230  0.3230
Q7M7W0           0.3427  0.3624  0.3202  0.3567
A6Q5H0           0.3230  0.3202  0.2865  0.3399  0.3567
B9L7I0           0.3371  0.3511  0.3427  0.3708  0.3539  0.3315
B9KF95           0.3736  0.4129  0.4270  0.3680  0.4382  0.4242  0.4157
Q4HEB7           0.3764  0.4466  0.4466  0.3961  0.4494  0.4382  0.4213  0.1966
Q4HPN4           0.4017  0.4157  0.4354  0.3596  0.4551  0.4326  0.4326  0.2303  0.1910
A7H5L3           0.4017  0.4185  0.4466  0.3876  0.4579  0.4551  0.4326  0.2022  0.1152  0.1910
A8FNG0           0.4017  0.4185  0.4438  0.3848  0.4579  0.4522  0.4326  0.2051  0.1180  0.1938  0.0056
O25835           0.4157  0.4213  0.4242  0.4185  0.4438  0.4185  0.4298  0.3792  0.4017  0.4129  0.4129  0.4129
A2BWT0           0.5281  0.5449  0.5449  0.5815  0.5674  0.5281  0.5562  0.5674  0.5702  0.5843  0.5702  0.5758  0.5618
A0YQT8           0.5590  0.5590  0.5421  0.5758  0.5562  0.5393  0.5225  0.5787  0.5983  0.6067  0.5927  0.5955  0.5815  0.3961
Q7NFI2           0.5449  0.5562  0.5421  0.5730  0.5618  0.5365  0.5281  0.5899  0.5927  0.6152  0.6011  0.6039  0.5787  0.4129  0.2921
B1WS59           0.5449  0.5562  0.5253  0.5646  0.5421  0.5393  0.5056  0.5815  0.5927  0.5983  0.5927  0.5955  0.5815  0.3904  0.2107  0.3006
Q31LB7           0.5590  0.5562  0.5393  0.5702  0.5702  0.5365  0.5253  0.5871  0.5899  0.6096  0.5955  0.5955  0.5758  0.4073  0.2669  0.3034  0.2612
B8HT81           0.5478  0.5449  0.5393  0.5702  0.5478  0.5449  0.5309  0.5815  0.6039  0.6096  0.5955  0.5955  0.5702  0.3961  0.1882  0.2837  0.2331  0.2556
Q31B37           0.5365  0.5646  0.5590  0.5730  0.5758  0.5365  0.5590  0.5815  0.5815  0.5983  0.5927  0.5927  0.5702  0.2303  0.4326  0.4522  0.4213  0.4494  0.4326
A2BQY2           0.5337  0.5618  0.5506  0.5787  0.5702  0.5478  0.5618  0.5730  0.5843  0.5871  0.5871  0.5871  0.5815  0.2191  0.4326  0.4438  0.4157  0.4270  0.4242  0.1376
Q5N0L0           0.5590  0.5562  0.5393  0.5702  0.5730  0.5365  0.5253  0.5871  0.5899  0.6096  0.5955  0.5955  0.5758  0.4129  0.2725  0.3090  0.2669  0.0056  0.2612  0.4522  0.4326
Q067N1           0.5674  0.5843  0.5702  0.5927  0.5815  0.5562  0.5730  0.6152  0.6011  0.6264  0.6124  0.6124  0.6096  0.4185  0.4185  0.4017  0.4242  0.3961  0.3961  0.4242  0.4270  0.4017
A3ILT6           0.5478  0.5590  0.5281  0.5674  0.5421  0.5421  0.5084  0.5815  0.5955  0.6011  0.5955  0.5983  0.5843  0.3961  0.2079  0.3090  0.0337  0.2753  0.2331  0.4242  0.4213  0.2809  0.4242
C7QUD9           0.5449  0.5449  0.5140  0.5702  0.5421  0.5309  0.5197  0.5871  0.5702  0.5871  0.5787  0.5787  0.5758  0.3904  0.2247  0.3146  0.1376  0.2781  0.2331  0.4326  0.4242  0.2837  0.4326  0.1461
B7JU99           0.5449  0.5449  0.5140  0.5702  0.5421  0.5309  0.5197  0.5871  0.5702  0.5871  0.5787  0.5787  0.5758  0.3904  0.2247  0.3146  0.1376  0.2781  0.2331  0.4326  0.4242  0.2837  0.4326  0.1461  0.0000
Q4C6K5           0.5478  0.5590  0.5337  0.5618  0.5478  0.5421  0.5084  0.5730  0.5871  0.5927  0.5871  0.5899  0.5787  0.3848  0.2135  0.3062  0.0534  0.2697  0.2416  0.4213  0.4129  0.2753  0.4298  0.0506  0.1376  0.1376
A3YYC4           0.5843  0.5843  0.5674  0.5927  0.5758  0.5758  0.5674  0.6264  0.6208  0.6404  0.6208  0.6208  0.6096  0.4326  0.3820  0.3904  0.4073  0.3567  0.3820  0.4410  0.4326  0.3624  0.2697  0.4101  0.4017  0.4017  0.4101
Q3AXD6           0.5674  0.5758  0.5590  0.5899  0.5674  0.5534  0.5758  0.6152  0.5983  0.6264  0.6096  0.6096  0.6067  0.4129  0.4073  0.3989  0.4073  0.3848  0.3933  0.4157  0.4157  0.3904  0.0506  0.4101  0.4242  0.4242  0.4157  0.2640
A2CA11           0.5674  0.5787  0.5674  0.5927  0.5674  0.5562  0.5702  0.6208  0.5927  0.6292  0.5983  0.5983  0.6039  0.4185  0.3989  0.3961  0.4101  0.3876  0.3904  0.4298  0.4242  0.3933  0.2331  0.4157  0.4129  0.4129  0.4185  0.2528  0.2247
B5VVV5           0.5590  0.5590  0.5337  0.5871  0.5702  0.5253  0.5421  0.5927  0.5927  0.6096  0.6011  0.6011  0.5843  0.3989  0.1264  0.2809  0.2191  0.2612  0.1882  0.4382  0.4326  0.2669  0.4129  0.2191  0.2163  0.2163  0.2219  0.3708  0.4101  0.3989
Q112P0           0.5674  0.5590  0.5506  0.5955  0.5646  0.5393  0.5365  0.6039  0.5927  0.6152  0.6067  0.6067  0.5815  0.3989  0.2022  0.3034  0.2079  0.2753  0.2331  0.4438  0.4354  0.2809  0.4129  0.2079  0.2191  0.2191  0.2247  0.3876  0.4017  0.4129  0.1966
Q7U7F9           0.5758  0.5983  0.5758  0.5927  0.5702  0.5702  0.5843  0.6236  0.6067  0.6348  0.6152  0.6152  0.6180  0.4382  0.4045  0.4185  0.4073  0.3567  0.3933  0.4494  0.4410  0.3624  0.2135  0.4073  0.4129  0.4129  0.4073  0.2556  0.1938  0.2360  0.4045  0.4101
A3PCQ5           0.5506  0.5646  0.5590  0.5843  0.5758  0.5393  0.5674  0.5674  0.5843  0.5899  0.5871  0.5871  0.5843  0.2135  0.4410  0.4466  0.4157  0.4326  0.4354  0.1489  0.0730  0.4382  0.4213  0.4213  0.4270  0.4270  0.4185  0.4270  0.4101  0.4242  0.4354  0.4466  0.4466
B0JJM3           0.5618  0.5618  0.5449  0.5815  0.5393  0.5365  0.5365  0.5899  0.6011  0.6096  0.5927  0.5955  0.5927  0.3764  0.2022  0.2893  0.1742  0.2669  0.1994  0.4185  0.4157  0.2725  0.4017  0.1798  0.1882  0.1882  0.1742  0.3876  0.3933  0.3904  0.2191  0.2331  0.4017  0.4242
Q7V7T2           0.5674  0.5815  0.5674  0.5927  0.5674  0.5562  0.5730  0.6208  0.5927  0.6292  0.6011  0.6011  0.6039  0.4213  0.4017  0.4017  0.4129  0.3904  0.3933  0.4298  0.4242  0.3961  0.2360  0.4185  0.4101  0.4101  0.4213  0.2640  0.2275  0.0225  0.4017  0.4157  0.2444  0.4242  0.3933
Q7V1C7           0.5421  0.5562  0.5702  0.5787  0.5927  0.5534  0.5534  0.5871  0.5758  0.5927  0.5843  0.5843  0.5674  0.1489  0.4157  0.4270  0.4073  0.4242  0.4129  0.2135  0.2163  0.4298  0.4242  0.4073  0.4129  0.4129  0.4017  0.4410  0.4213  0.4298  0.4157  0.4213  0.4382  0.2051  0.4101  0.4326
A5GTM5           0.5618  0.5871  0.5758  0.5899  0.5702  0.5730  0.5758  0.6236  0.6067  0.6264  0.6152  0.6124  0.6152  0.4157  0.4017  0.4129  0.4073  0.3904  0.3792  0.4382  0.4185  0.3961  0.3146  0.4045  0.4017  0.4017  0.4045  0.2725  0.3090  0.3315  0.4073  0.4101  0.2978  0.4185  0.3933  0.3371  0.4326
B1XKK8           0.5534  0.5646  0.5478  0.5787  0.5730  0.5449  0.5478  0.5871  0.5927  0.6011  0.6011  0.6039  0.5955  0.4242  0.2051  0.2949  0.2107  0.2781  0.2360  0.4466  0.4270  0.2837  0.4270  0.2107  0.2191  0.2191  0.2135  0.3848  0.4157  0.4045  0.2107  0.2416  0.4298  0.4270  0.1910  0.4073  0.4326  0.4045
A4CU55           0.5787  0.5899  0.5730  0.6067  0.5787  0.5815  0.5646  0.6208  0.6236  0.6348  0.6208  0.6208  0.6208  0.4242  0.3736  0.3708  0.3904  0.3371  0.3652  0.4298  0.4270  0.3427  0.2612  0.3933  0.4073  0.4073  0.3933  0.2472  0.2472  0.2331  0.3933  0.4045  0.2275  0.4298  0.3764  0.2360  0.4326  0.3090  0.4045
A8G4M4           0.5478  0.5618  0.5590  0.5815  0.5787  0.5534  0.5646  0.5758  0.5927  0.5871  0.5871  0.5871  0.5843  0.2135  0.4410  0.4466  0.4129  0.4298  0.4326  0.1517  0.0702  0.4354  0.4270  0.4185  0.4326  0.4326  0.4157  0.4213  0.4185  0.4354  0.4354  0.4438  0.4438  0.0730  0.4213  0.4354  0.2191  0.4129  0.4298  0.4326
Q2JM36           0.5702  0.5815  0.5730  0.6011  0.5787  0.5449  0.5393  0.6067  0.6011  0.6152  0.6011  0.6011  0.5674  0.4270  0.3062  0.3006  0.3174  0.3006  0.2865  0.4354  0.4522  0.3062  0.3989  0.3287  0.3371  0.3371  0.3230  0.3736  0.3933  0.3820  0.2949  0.3230  0.3848  0.4466  0.3202  0.3848  0.4382  0.4045  0.3371  0.3708  0.4635
Q05TL4           0.5758  0.5871  0.5506  0.5899  0.5590  0.5506  0.5590  0.6124  0.6096  0.6404  0.6124  0.6152  0.6096  0.4129  0.3792  0.3792  0.3961  0.3455  0.3680  0.4298  0.4185  0.3511  0.2275  0.4017  0.4101  0.4101  0.4017  0.2472  0.2135  0.2191  0.3989  0.3933  0.2163  0.4213  0.3876  0.2303  0.4073  0.3034  0.3989  0.2135  0.4270  0.3680
P74587           0.5534  0.5449  0.5169  0.5730  0.5506  0.5253  0.5365  0.5815  0.5787  0.5955  0.5787  0.5815  0.5674  0.3904  0.2247  0.2921  0.2022  0.2837  0.2275  0.4157  0.4101  0.2893  0.4129  0.2051  0.2079  0.2079  0.2022  0.3904  0.4073  0.4157  0.1994  0.2331  0.4242  0.4157  0.1966  0.4185  0.4129  0.4129  0.2191  0.3933  0.4270  0.3118  0.3961
Q2JQU9           0.5730  0.5815  0.5730  0.5871  0.5730  0.5393  0.5449  0.6124  0.5927  0.6039  0.5983  0.5983  0.5646  0.4213  0.3146  0.2949  0.3315  0.3230  0.2949  0.4354  0.4438  0.3287  0.4017  0.3399  0.3455  0.3455  0.3343  0.3708  0.3961  0.3876  0.3034  0.3287  0.3904  0.4410  0.3230  0.3904  0.4270  0.4045  0.3399  0.3876  0.4522  0.0927  0.3792  0.3146
P0A6F1           0.5534  0.5758  0.5478  0.5562  0.5815  0.5393  0.5309  0.5927  0.6039  0.5955  0.5983  0.5983  0.6011  0.5421  0.4719  0.4747  0.4775  0.4916  0.4775  0.5618  0.5478  0.4944  0.5056  0.4775  0.4944  0.4944  0.4775  0.5112  0.5140  0.5112  0.4691  0.5028  0.5169  0.5393  0.4860  0.5169  0.5421  0.5421  0.4747  0.5000  0.5562  0.4747  0.4972  0.4747  0.4860
Q3AKH5           0.5983  0.5983  0.5787  0.5983  0.5787  0.5674  0.5646  0.6236  0.6067  0.6292  0.6096  0.6124  0.6152  0.4326  0.3848  0.3933  0.4073  0.3624  0.3904  0.4466  0.4326  0.3680  0.1910  0.4073  0.4129  0.4129  0.4129  0.2556  0.1798  0.1966  0.3933  0.3876  0.2163  0.4270  0.3820  0.2107  0.4354  0.3174  0.4073  0.2472  0.4354  0.3848  0.2303  0.4045  0.3876  0.5197
Q8YXQ7           0.5646  0.5618  0.5478  0.5758  0.5730  0.5421  0.5337  0.5899  0.6011  0.6039  0.6011  0.6039  0.5730  0.4045  0.1826  0.2893  0.2051  0.2584  0.2022  0.4382  0.4354  0.2612  0.4298  0.2135  0.2416  0.2416  0.2191  0.3961  0.4185  0.4213  0.1854  0.2051  0.4213  0.4410  0.1966  0.4242  0.4242  0.4045  0.2275  0.3933  0.4354  0.3062  0.3989  0.2247  0.3062  0.4888  0.4017
A0ZGL2           0.5730  0.5787  0.5337  0.5843  0.5787  0.5393  0.5506  0.6011  0.6096  0.6039  0.6096  0.6096  0.5815  0.4101  0.1938  0.3174  0.2331  0.2640  0.2247  0.4551  0.4410  0.2669  0.4270  0.2303  0.2725  0.2725  0.2444  0.4045  0.4101  0.4326  0.2079  0.2107  0.4270  0.4466  0.2331  0.4354  0.4213  0.4129  0.2303  0.3961  0.4494  0.3258  0.4045  0.2528  0.3230  0.4860  0.4017  0.1320
A5GKM2           0.5730  0.5815  0.5590  0.6124  0.5758  0.5730  0.5646  0.6264  0.6208  0.6236  0.6124  0.6124  0.6096  0.4213  0.3876  0.3876  0.3989  0.3427  0.3708  0.4270  0.4270  0.3483  0.2500  0.3989  0.4073  0.4073  0.4017  0.2640  0.2416  0.2331  0.3989  0.4017  0.2360  0.4326  0.3792  0.2360  0.4270  0.3118  0.4045  0.0787  0.4354  0.3820  0.1966  0.3904  0.3904  0.5112  0.2360  0.4045  0.4101
A9B9W2           0.5421  0.5590  0.5534  0.5730  0.5787  0.5590  0.5702  0.5871  0.5843  0.6011  0.5815  0.5815  0.5983  0.3904  0.4017  0.4157  0.3989  0.3904  0.3904  0.4101  0.4045  0.3961  0.3511  0.4017  0.3904  0.3904  0.4017  0.3230  0.3343  0.3174  0.4017  0.4045  0.3427  0.4045  0.3848  0.3258  0.4045  0.3680  0.3904  0.3427  0.4017  0.4213  0.3343  0.4157  0.4326  0.5506  0.3343  0.4045  0.4185  0.3455
B7LWM3           0.5562  0.5758  0.5478  0.5562  0.5815  0.5393  0.5337  0.5955  0.6039  0.5955  0.5983  0.5983  0.6039  0.5421  0.4691  0.4747  0.4775  0.4888  0.4803  0.5618  0.5478  0.4916  0.5056  0.4803  0.4944  0.4944  0.4775  0.5084  0.5140  0.5112  0.4663  0.5056  0.5112  0.5393  0.4860  0.5169  0.5449  0.5393  0.4747  0.4972  0.5562  0.4775  0.4916  0.4747  0.4888  0.0084  0.5225  0.4888  0.4888  0.5140  0.5506
B2IX96           0.5562  0.5702  0.5309  0.5843  0.5646  0.5393  0.5337  0.5955  0.6039  0.6096  0.6039  0.6039  0.5787  0.4101  0.2022  0.3034  0.2416  0.2669  0.2275  0.4607  0.4551  0.2697  0.4242  0.2360  0.2669  0.2669  0.2472  0.3989  0.4157  0.4129  0.2107  0.2135  0.4242  0.4579  0.2331  0.4157  0.4326  0.4045  0.2444  0.3820  0.4635  0.3315  0.4073  0.2556  0.3315  0.4916  0.3989  0.1236  0.1152  0.3904  0.4101  0.4944
B7KCP6           0.5702  0.5478  0.5421  0.5843  0.5646  0.5393  0.5197  0.5927  0.5899  0.6152  0.5927  0.5955  0.5787  0.3904  0.1994  0.2949  0.1742  0.2556  0.2051  0.4213  0.4101  0.2612  0.4213  0.1713  0.1882  0.1882  0.1713  0.3904  0.4129  0.4017  0.1910  0.2163  0.4101  0.4129  0.1685  0.4045  0.4045  0.4017  0.2022  0.3933  0.4157  0.2978  0.3961  0.1713  0.3090  0.4888  0.3933  0.1882  0.2163  0.3933  0.4129  0.4888  0.2247
Q7VCJ5           0.5590  0.5590  0.5758  0.5815  0.5927  0.5449  0.5534  0.6039  0.5927  0.6039  0.5955  0.5955  0.6067  0.3736  0.4270  0.4242  0.4073  0.4242  0.4045  0.3876  0.3876  0.4298  0.3258  0.4101  0.4213  0.4213  0.4157  0.3596  0.3230  0.3287  0.4157  0.4213  0.3427  0.3764  0.4101  0.3343  0.3764  0.3904  0.4410  0.3511  0.3764  0.4129  0.3399  0.4185  0.3989  0.5393  0.3343  0.4270  0.4494  0.3511  0.2949  0.5421  0.4438  0.4129
Q3M4S8           0.5674  0.5702  0.5506  0.5815  0.5730  0.5478  0.5337  0.5871  0.6039  0.6039  0.6067  0.6096  0.5787  0.4045  0.1826  0.2865  0.2051  0.2612  0.2022  0.4382  0.4354  0.2640  0.4298  0.2135  0.2444  0.2444  0.2219  0.3989  0.4185  0.4242  0.1882  0.2051  0.4213  0.4410  0.2022  0.4270  0.4242  0.4017  0.2303  0.3961  0.4354  0.3146  0.4017  0.2275  0.3174  0.4888  0.4017  0.0197  0.1292  0.4101  0.4073  0.4888  0.1208  0.1966  0.4354
B7MNN8           0.5590  0.5787  0.5449  0.5562  0.5787  0.5365  0.5337  0.5955  0.6039  0.5955  0.5983  0.5983  0.6039  0.5421  0.4691  0.4719  0.4775  0.4860  0.4803  0.5618  0.5478  0.4888  0.5056  0.4803  0.4944  0.4944  0.4775  0.5112  0.5140  0.5084  0.4663  0.5056  0.5084  0.5393  0.4860  0.5140  0.5449  0.5421  0.4747  0.4944  0.5562  0.4747  0.4888  0.4747  0.4860  0.0084  0.5197  0.4888  0.4888  0.5169  0.5534  0.0056  0.4972  0.4888  0.5393  0.4888
B0C8K0           0.5674  0.5562  0.5393  0.5646  0.5562  0.5449  0.5281  0.5955  0.6236  0.6320  0.6208  0.6180  0.5871  0.4129  0.2388  0.3146  0.2640  0.2781  0.2022  0.4270  0.4354  0.2837  0.3848  0.2697  0.2809  0.2809  0.2753  0.3820  0.3820  0.3876  0.2500  0.2472  0.3933  0.4410  0.2444  0.3904  0.4101  0.3736  0.2809  0.3680  0.4438  0.3090  0.3764  0.2584  0.3118  0.4916  0.3680  0.2528  0.2528  0.3708  0.4017  0.4916  0.2584  0.2528  0.4185  0.2500  0.4888
A3Z7G2           0.5843  0.5983  0.5702  0.6039  0.5730  0.5730  0.5758  0.6236  0.6236  0.6545  0.6236  0.6208  0.6264  0.4410  0.3820  0.3680  0.3904  0.3371  0.3680  0.4466  0.4298  0.3427  0.2472  0.3961  0.4129  0.4129  0.3961  0.2528  0.2303  0.2360  0.3876  0.4045  0.2275  0.4326  0.3680  0.2472  0.4438  0.2949  0.3876  0.2079  0.4326  0.3820  0.1629  0.4045  0.3820  0.5197  0.2360  0.4073  0.4129  0.1966  0.3343  0.5140  0.4073  0.3848  0.3483  0.4101  0.5112  0.3820
B9YUM5           0.5815  0.5815  0.5534  0.5899  0.5843  0.5478  0.5337  0.6067  0.6124  0.6096  0.6180  0.6180  0.5815  0.4270  0.2107  0.3090  0.2360  0.2697  0.2360  0.4691  0.4607  0.2725  0.4298  0.2331  0.2809  0.2809  0.2416  0.3933  0.4185  0.4185  0.1966  0.2275  0.4326  0.4607  0.2388  0.4213  0.4410  0.4129  0.2472  0.3989  0.4551  0.3287  0.4129  0.2556  0.3287  0.4803  0.4045  0.1152  0.1348  0.4073  0.4073  0.4831  0.1292  0.2331  0.4438  0.1152  0.4860  0.2753  0.4157
Q8DKU5           0.5674  0.5646  0.5393  0.5674  0.5562  0.5281  0.5197  0.5871  0.5955  0.5955  0.5955  0.5955  0.5871  0.4185  0.2135  0.3034  0.2556  0.2725  0.2135  0.4466  0.4354  0.2781  0.4157  0.2640  0.2528  0.2528  0.2640  0.3820  0.4017  0.4073  0.2163  0.2556  0.4073  0.4326  0.2388  0.4101  0.4242  0.3961  0.2388  0.3792  0.4354  0.3202  0.3904  0.2416  0.3230  0.4719  0.3848  0.2275  0.2360  0.3820  0.4213  0.4691  0.2556  0.2191  0.4466  0.2303  0.4663  0.2219  0.3848  0.2500
B4B2D6           0.5702  0.5506  0.5449  0.5815  0.5618  0.5421  0.5197  0.5843  0.5871  0.6067  0.5899  0.5927  0.5815  0.3764  0.2051  0.3062  0.1742  0.2725  0.2191  0.4270  0.4129  0.2781  0.4101  0.1770  0.1938  0.1938  0.1742  0.3876  0.4017  0.3904  0.1938  0.2219  0.4045  0.4213  0.1854  0.3961  0.3933  0.3933  0.2107  0.3876  0.4157  0.3174  0.3792  0.1854  0.3258  0.4860  0.3876  0.2163  0.2416  0.3933  0.3989  0.4860  0.2416  0.0702  0.4157  0.2247  0.4860  0.2612  0.3820  0.2528  0.2416
Q0I9N1           0.5871  0.5758  0.5787  0.5899  0.5787  0.5730  0.5702  0.6124  0.6067  0.6320  0.6096  0.6096  0.6180  0.4185  0.4157  0.4129  0.4185  0.3624  0.3736  0.4326  0.4326  0.3680  0.2500  0.4242  0.4185  0.4185  0.4213  0.2584  0.2500  0.2528  0.4045  0.4157  0.2444  0.4354  0.3989  0.2669  0.4242  0.3174  0.4185  0.2275  0.4354  0.4129  0.2303  0.4213  0.4045  0.5056  0.2500  0.4073  0.4129  0.2303  0.3455  0.5028  0.4073  0.4045  0.3399  0.4101  0.5056  0.3876  0.2416  0.4242  0.3848  0.4045
A2C1X6           0.5478  0.5646  0.5590  0.5871  0.5871  0.5534  0.5534  0.5871  0.5843  0.5983  0.5927  0.5899  0.6011  0.3904  0.4185  0.4298  0.4045  0.4326  0.4354  0.4270  0.4129  0.4382  0.3624  0.4045  0.3961  0.3961  0.4045  0.3511  0.3596  0.3315  0.4213  0.4298  0.3652  0.4017  0.4129  0.3315  0.4129  0.3764  0.4270  0.3315  0.4017  0.4466  0.3455  0.4298  0.4438  0.5337  0.3539  0.4438  0.4579  0.3427  0.3680  0.5309  0.4466  0.4270  0.3315  0.4438  0.5337  0.4354  0.3483  0.4551  0.4522  0.4242  0.3624
Q46L77           0.5506  0.5702  0.5646  0.5899  0.5871  0.5562  0.5562  0.5899  0.5843  0.6011  0.5927  0.5899  0.6011  0.3961  0.4213  0.4326  0.4017  0.4326  0.4382  0.4213  0.4129  0.4382  0.3624  0.4017  0.3989  0.3989  0.4073  0.3539  0.3596  0.3315  0.4270  0.4270  0.3680  0.4017  0.4101  0.3315  0.4185  0.3736  0.4326  0.3315  0.4017  0.4466  0.3455  0.4270  0.4466  0.5421  0.3539  0.4466  0.4551  0.3427  0.3624  0.5393  0.4494  0.4298  0.3343  0.4466  0.5421  0.4354  0.3483  0.4579  0.4522  0.4270  0.3624  0.0169


TREE #  1:  (11, 12, (9, (10, (8, (13, (4, (1, (2, ((6, (7, ((57, (52, 46)), ((((((30, 36), (33, (47, (23, 29)))), ((43, 59), (63, (40, 50)))), (28, 38)), (((64, 65), (37, (14, (20, (34, (21, 41)))))), (55, 51))), ((18, 22), ((16, (42, 45)), ((19, (58, 61)), (((48, 56), (60, (49, 53))), ((32, (15, 31)), (39, ((54, 62), (((25, 26), (27, (17, 24))), (44, 35))))))))))))), (5, 3))))))))));   MP score: 3261
lnL(ntime:127  np:128): -16800.659800      +0.000000
  66..11   66..12   66..67   67..9    67..68   68..10   68..69   69..8    69..70   70..13   70..71   71..4    71..72   72..1    72..73   73..2    73..74   74..75   75..6    75..76   76..7    76..77   77..78   78..57   78..79   79..52   79..46   77..80   80..81   81..82   82..83   83..84   84..85   85..30   85..36   84..86   86..33   86..87   87..47   87..88   88..23   88..29   83..89   89..90   90..43   90..59   89..91   91..63   91..92   92..40   92..50   82..93   93..28   93..38   81..94   94..95   95..96   96..64   96..65   95..97   97..37   97..98   98..14   98..99   99..20   99..100 100..34  100..101 101..21  101..41   94..102 102..55  102..51   80..103 103..104 104..18  104..22  103..105 105..106 106..16  106..107 107..42  107..45  105..108 108..109 109..19  109..110 110..58  110..61  108..111 111..112 112..113 113..48  113..56  112..114 114..60  114..115 115..49  115..53  111..116 116..117 117..32  117..118 118..15  118..31  116..119 119..39  119..120 120..121 121..54  121..62  120..122 122..123 123..124 124..25  124..26  123..125 125..27  125..126 126..17  126..24  122..127 127..44  127..35   74..128 128..5   128..3  
 0.000004 0.005961 0.068419 0.074695 0.078103 0.144486 0.091231 0.116675 0.243055 0.579035 0.155603 0.259116 0.089604 0.289916 0.045184 0.247815 0.062879 0.057392 0.282962 0.180657 0.213204 0.919850 0.788055 0.000004 0.003034 0.003006 0.006062 0.480844 0.272402 0.057921 0.045560 0.052816 0.188307 0.000004 0.024137 0.036718 0.182141 0.054654 0.132711 0.120396 0.046446 0.011996 0.055412 0.031740 0.117845 0.124263 0.017348 0.214890 0.136538 0.051562 0.040715 0.108126 0.208006 0.355057 0.191305 0.095657 0.339499 0.015915 0.001608 0.564669 0.065183 0.021230 0.108256 0.164449 0.096880 0.050423 0.042509 0.004411 0.035115 0.043223 0.072029 0.255613 0.301438 0.120547 0.181170 0.000004 0.006186 0.053257 0.071048 0.299490 0.254001 0.047701 0.068645 0.118633 0.017304 0.134554 0.062115 0.197446 0.165215 0.047657 0.094733 0.043494 0.012460 0.009427 0.014070 0.091509 0.034598 0.075574 0.070163 0.025309 0.021664 0.176127 0.050672 0.070251 0.105194 0.056457 0.203107 0.050631 0.081997 0.024726 0.061405 0.020325 0.075913 0.120193 0.000004 0.000004 0.051195 0.029832 0.018016 0.015966 0.024015 0.005068 0.188218 0.134735 0.054936 0.388122 0.210546 0.553840

tree length =  15.19961

(11: 0.000004, 12: 0.005961, (9: 0.074695, (10: 0.144486, (8: 0.116675, (13: 0.579035, (4: 0.259116, (1: 0.289916, (2: 0.247815, ((6: 0.282962, (7: 0.213204, ((57: 0.000004, (52: 0.003006, 46: 0.006062): 0.003034): 0.788055, ((((((30: 0.000004, 36: 0.024137): 0.188307, (33: 0.182141, (47: 0.132711, (23: 0.046446, 29: 0.011996): 0.120396): 0.054654): 0.036718): 0.052816, ((43: 0.117845, 59: 0.124263): 0.031740, (63: 0.214890, (40: 0.051562, 50: 0.040715): 0.136538): 0.017348): 0.055412): 0.045560, (28: 0.208006, 38: 0.355057): 0.108126): 0.057921, (((64: 0.015915, 65: 0.001608): 0.339499, (37: 0.065183, (14: 0.108256, (20: 0.096880, (34: 0.042509, (21: 0.035115, 41: 0.043223): 0.004411): 0.050423): 0.164449): 0.021230): 0.564669): 0.095657, (55: 0.255613, 51: 0.301438): 0.072029): 0.191305): 0.272402, ((18: 0.000004, 22: 0.006186): 0.181170, ((16: 0.299490, (42: 0.047701, 45: 0.068645): 0.254001): 0.071048, ((19: 0.134554, (58: 0.197446, 61: 0.165215): 0.062115): 0.017304, (((48: 0.012460, 56: 0.009427): 0.043494, (60: 0.091509, (49: 0.075574, 53: 0.070163): 0.034598): 0.014070): 0.094733, ((32: 0.176127, (15: 0.070251, 31: 0.105194): 0.050672): 0.021664, (39: 0.203107, ((54: 0.024726, 62: 0.061405): 0.081997, (((25: 0.000004, 26: 0.000004): 0.120193, (27: 0.029832, (17: 0.015966, 24: 0.024015): 0.018016): 0.051195): 0.075913, (44: 0.188218, 35: 0.134735): 0.005068): 0.020325): 0.050631): 0.056457): 0.025309): 0.047657): 0.118633): 0.053257): 0.120547): 0.480844): 0.919850): 0.180657): 0.057392, (5: 0.388122, 3: 0.210546): 0.054936): 0.062879): 0.045184): 0.089604): 0.155603): 0.243055): 0.091231): 0.078103): 0.068419);

(A7H5L3: 0.000004, A8FNG0: 0.005961, (Q4HEB7: 0.074695, (Q4HPN4: 0.144486, (B9KF95: 0.116675, (O25835: 0.579035, (D1B4B8: 0.259116, (A8ER41: 0.289916, (Q30UH0: 0.247815, ((A6Q5H0: 0.282962, (B9L7I0: 0.213204, ((B7MNN8: 0.000004, (B7LWM3: 0.003006, P0A6F1: 0.006062): 0.003034): 0.788055, ((((((A2CA11: 0.000004, Q7V7T2: 0.024137): 0.188307, (Q7U7F9: 0.182141, (Q3AKH5: 0.132711, (Q067N1: 0.046446, Q3AXD6: 0.011996): 0.120396): 0.054654): 0.036718): 0.052816, ((Q05TL4: 0.117845, A3Z7G2: 0.124263): 0.031740, (Q0I9N1: 0.214890, (A4CU55: 0.051562, A5GKM2: 0.040715): 0.136538): 0.017348): 0.055412): 0.045560, (A3YYC4: 0.208006, A5GTM5: 0.355057): 0.108126): 0.057921, (((A2C1X6: 0.015915, Q46L77: 0.001608): 0.339499, (Q7V1C7: 0.065183, (A2BWT0: 0.108256, (Q31B37: 0.096880, (A3PCQ5: 0.042509, (A2BQY2: 0.035115, A8G4M4: 0.043223): 0.004411): 0.050423): 0.164449): 0.021230): 0.564669): 0.095657, (Q7VCJ5: 0.255613, A9B9W2: 0.301438): 0.072029): 0.191305): 0.272402, ((Q31LB7: 0.000004, Q5N0L0: 0.006186): 0.181170, ((Q7NFI2: 0.299490, (Q2JM36: 0.047701, Q2JQU9: 0.068645): 0.254001): 0.071048, ((B8HT81: 0.134554, (B0C8K0: 0.197446, Q8DKU5: 0.165215): 0.062115): 0.017304, (((Q8YXQ7: 0.012460, Q3M4S8: 0.009427): 0.043494, (B9YUM5: 0.091509, (A0ZGL2: 0.075574, B2IX96: 0.070163): 0.034598): 0.014070): 0.094733, ((Q112P0: 0.176127, (A0YQT8: 0.070251, B5VVV5: 0.105194): 0.050672): 0.021664, (B1XKK8: 0.203107, ((B7KCP6: 0.024726, B4B2D6: 0.061405): 0.081997, (((C7QUD9: 0.000004, B7JU99: 0.000004): 0.120193, (Q4C6K5: 0.029832, (B1WS59: 0.015966, A3ILT6: 0.024015): 0.018016): 0.051195): 0.075913, (P74587: 0.188218, B0JJM3: 0.134735): 0.005068): 0.020325): 0.050631): 0.056457): 0.025309): 0.047657): 0.118633): 0.053257): 0.120547): 0.480844): 0.919850): 0.180657): 0.057392, (Q7M7W0: 0.388122, A6Q6M7: 0.210546): 0.054936): 0.062879): 0.045184): 0.089604): 0.155603): 0.243055): 0.091231): 0.078103): 0.068419);

Detailed output identifying parameters

alpha (gamma, K = 4) =  0.55384
rate:   0.04375  0.28562  0.85581  2.81482
freq:   0.25000  0.25000  0.25000  0.25000

Time used: 33:58
