AAML (in paml version 4.6, August 2012)  286.aa
Model: Empirical for branches,  Global clock  (../../../bin/LG.dat) dGamma (ncatG=4) ns =  65  ls = 146


Frequencies..
                                    A      R      N      D      C      Q      E      G      H      I      L      K      M      F      P      S      T      W      Y      V
A8EUC6                         0.05479 0.02740 0.05479 0.08219 0.03425 0.04110 0.08219 0.04110 0.01370 0.13699 0.08219 0.07534 0.00685 0.06849 0.01370 0.08219 0.03425 0.00000 0.00685 0.06164
D1AZY5                         0.08219 0.05479 0.02055 0.06164 0.03425 0.01370 0.11644 0.03425 0.04110 0.07534 0.13699 0.06164 0.01370 0.04110 0.01370 0.06849 0.04795 0.00000 0.01370 0.06849
Q30R19                         0.07534 0.03425 0.05479 0.07534 0.04110 0.01370 0.10274 0.06164 0.00685 0.10274 0.13699 0.04110 0.00685 0.04795 0.01370 0.08219 0.02055 0.00000 0.01370 0.06849
A6Q485                         0.06849 0.04110 0.02740 0.05479 0.03425 0.04110 0.10959 0.04795 0.03425 0.08904 0.11644 0.03425 0.02740 0.04110 0.01370 0.08904 0.03425 0.00000 0.03425 0.06164
A6QBG5                         0.08904 0.02740 0.02055 0.06849 0.03425 0.02740 0.09589 0.04110 0.02740 0.11644 0.08219 0.04795 0.02740 0.03425 0.02740 0.08219 0.04795 0.00000 0.03425 0.06849
A7H2B7                         0.04795 0.02055 0.08219 0.04795 0.03425 0.02740 0.11644 0.03425 0.01370 0.10959 0.13699 0.08219 0.01370 0.05479 0.02055 0.08219 0.03425 0.00000 0.01370 0.02740
Q7M9T2                         0.05479 0.04795 0.02055 0.06849 0.04110 0.02055 0.09589 0.03425 0.02740 0.10274 0.13014 0.06164 0.00000 0.06164 0.02055 0.09589 0.04110 0.00000 0.01370 0.06164
A8FMW9                         0.04795 0.02055 0.08904 0.04110 0.03425 0.02740 0.10959 0.04795 0.01370 0.11644 0.13014 0.08219 0.01370 0.05479 0.02055 0.07534 0.03425 0.00000 0.01370 0.02740
Q4HHS4                         0.04795 0.03425 0.07534 0.06849 0.03425 0.05479 0.08219 0.04110 0.01370 0.09589 0.12329 0.07534 0.02055 0.05479 0.02055 0.06849 0.02055 0.00000 0.02055 0.04795
B9KFK9                         0.04110 0.03425 0.06164 0.06164 0.03425 0.03425 0.08904 0.04795 0.02740 0.10959 0.10274 0.06164 0.01370 0.05479 0.00685 0.10274 0.03425 0.00000 0.02055 0.06164
Q4HT09                         0.05479 0.02740 0.08904 0.03425 0.03425 0.02055 0.10274 0.04795 0.02740 0.09589 0.13699 0.08904 0.02055 0.05479 0.00685 0.07534 0.03425 0.00000 0.01370 0.03425
P56214                         0.06849 0.04110 0.07534 0.05479 0.03425 0.02055 0.09589 0.02055 0.02055 0.07534 0.13014 0.05479 0.01370 0.06164 0.02740 0.08904 0.04110 0.00000 0.02055 0.05479
B9L9M2                         0.06849 0.02740 0.05479 0.06164 0.02740 0.02055 0.12329 0.03425 0.02055 0.13699 0.07534 0.08219 0.00685 0.04795 0.02055 0.06164 0.02740 0.00000 0.02740 0.07534
B7MQI7                         0.09589 0.06849 0.02740 0.04110 0.04110 0.04795 0.10274 0.08904 0.03425 0.07534 0.07534 0.01370 0.02740 0.02055 0.02740 0.04795 0.06849 0.00000 0.02740 0.06849
P0A7H6                         0.09589 0.06849 0.02740 0.04110 0.04110 0.04795 0.10274 0.08904 0.03425 0.07534 0.07534 0.01370 0.02740 0.02055 0.02740 0.04795 0.06849 0.00000 0.02740 0.06849
B7LLP8                         0.09589 0.06849 0.02740 0.04110 0.04110 0.04795 0.10274 0.08904 0.03425 0.07534 0.07534 0.01370 0.02740 0.02055 0.02740 0.04795 0.06849 0.00000 0.02740 0.06849
Q4C5V8                         0.08219 0.07534 0.01370 0.04795 0.03425 0.04795 0.08219 0.07534 0.01370 0.07534 0.10959 0.06164 0.00685 0.02740 0.04110 0.02740 0.04795 0.00000 0.03425 0.09589
A3IM06                         0.08219 0.08219 0.01370 0.04795 0.03425 0.04110 0.08219 0.07534 0.01370 0.08219 0.10959 0.06164 0.00685 0.02740 0.03425 0.02740 0.05479 0.00000 0.03425 0.08904
B1WUB2                         0.07534 0.08219 0.01370 0.04795 0.03425 0.04110 0.08219 0.07534 0.01370 0.06849 0.10959 0.06164 0.00685 0.02740 0.04110 0.02740 0.05479 0.00000 0.03425 0.10274
B7K2B2                         0.08219 0.07534 0.02055 0.04795 0.03425 0.03425 0.08219 0.07534 0.01370 0.07534 0.10959 0.06164 0.00685 0.02740 0.04110 0.02740 0.05479 0.00000 0.03425 0.09589
C7QNB7                         0.08219 0.07534 0.02055 0.04795 0.03425 0.03425 0.08219 0.07534 0.01370 0.07534 0.10959 0.06164 0.00685 0.02740 0.04110 0.02055 0.06164 0.00000 0.03425 0.09589
Q8YMF7                         0.07534 0.06849 0.02740 0.02740 0.03425 0.04110 0.10274 0.06849 0.01370 0.06164 0.12329 0.05479 0.00000 0.02740 0.04795 0.04110 0.06164 0.00000 0.02055 0.10274
B2J7Q3                         0.09589 0.06849 0.03425 0.03425 0.03425 0.04795 0.09589 0.06849 0.01370 0.06849 0.12329 0.05479 0.00000 0.02055 0.04110 0.02740 0.04795 0.00000 0.02740 0.09589
B7KEM9                         0.07534 0.06849 0.03425 0.03425 0.03425 0.04795 0.08904 0.06849 0.02055 0.05479 0.11644 0.05479 0.00685 0.02055 0.03425 0.04110 0.06164 0.00000 0.02740 0.10959
Q7NFM5                         0.08219 0.08904 0.01370 0.04110 0.03425 0.04795 0.10959 0.07534 0.01370 0.06164 0.11644 0.03425 0.02055 0.02055 0.04110 0.02740 0.05479 0.00000 0.02740 0.08904
A0YKV2                         0.07534 0.08219 0.01370 0.04795 0.03425 0.04110 0.09589 0.06849 0.02055 0.08219 0.10959 0.04795 0.00685 0.02055 0.04110 0.03425 0.05479 0.00000 0.02740 0.09589
B0JUQ3                         0.08904 0.06164 0.02055 0.03425 0.03425 0.04110 0.08904 0.08219 0.01370 0.08219 0.10959 0.05479 0.00685 0.02055 0.03425 0.04110 0.06164 0.00000 0.02740 0.09589
B5VUA7                         0.07534 0.09589 0.01370 0.03425 0.03425 0.06164 0.09589 0.06849 0.01370 0.04110 0.13014 0.03425 0.00000 0.02055 0.04110 0.02740 0.05479 0.00000 0.02740 0.13014
Q3MAW5                         0.07534 0.06849 0.02740 0.02740 0.03425 0.04110 0.10274 0.06849 0.01370 0.06164 0.12329 0.05479 0.00000 0.02740 0.04795 0.04110 0.06164 0.00000 0.02055 0.10274
B9YKY0                         0.08219 0.06849 0.02055 0.04795 0.03425 0.05479 0.08904 0.06849 0.01370 0.05479 0.10959 0.04795 0.00685 0.01370 0.04110 0.03425 0.06164 0.00000 0.03425 0.11644
P74533                         0.06849 0.07534 0.01370 0.04795 0.03425 0.04795 0.08904 0.06849 0.02740 0.05479 0.13014 0.04795 0.00685 0.02740 0.05479 0.03425 0.05479 0.00000 0.02055 0.09589
A0ZF29                         0.08904 0.06849 0.00685 0.05479 0.03425 0.04795 0.08219 0.06849 0.02055 0.07534 0.11644 0.05479 0.00685 0.02055 0.03425 0.02740 0.07534 0.00000 0.02740 0.08904
A5GS45                         0.10274 0.10274 0.01370 0.05479 0.04110 0.04795 0.07534 0.07534 0.01370 0.05479 0.15068 0.00685 0.00000 0.02055 0.04110 0.05479 0.04110 0.00000 0.02740 0.07534
A5GLY6                         0.09589 0.09589 0.02740 0.04795 0.03425 0.01370 0.08219 0.06164 0.03425 0.04110 0.13699 0.01370 0.00000 0.02055 0.03425 0.07534 0.06849 0.00000 0.02740 0.08904
Q8DGV8                         0.10274 0.06164 0.01370 0.04110 0.03425 0.06164 0.08219 0.06849 0.04110 0.08219 0.11644 0.02740 0.00685 0.02055 0.04795 0.03425 0.04110 0.00000 0.02740 0.08904
Q46K36                         0.06164 0.07534 0.02740 0.02740 0.03425 0.03425 0.10274 0.06849 0.01370 0.06849 0.15068 0.05479 0.00685 0.02055 0.02055 0.06849 0.06164 0.00000 0.03425 0.06849
B8HXF0                         0.10274 0.06164 0.00000 0.03425 0.03425 0.05479 0.10274 0.06849 0.02740 0.05479 0.13699 0.03425 0.01370 0.01370 0.04110 0.04110 0.05479 0.00000 0.02740 0.09589
A2C8B2                         0.09589 0.09589 0.00000 0.06164 0.04110 0.04795 0.06849 0.06849 0.01370 0.04795 0.15068 0.01370 0.01370 0.02055 0.03425 0.06164 0.06164 0.00000 0.03425 0.06849
Q7V6R9                         0.09589 0.09589 0.00000 0.06849 0.04110 0.04795 0.06164 0.06849 0.01370 0.04795 0.15068 0.02055 0.01370 0.02055 0.03425 0.06164 0.05479 0.00000 0.03425 0.06849
Q5N5P2                         0.10274 0.08219 0.00685 0.05479 0.03425 0.06164 0.08219 0.06849 0.02055 0.04795 0.12329 0.03425 0.01370 0.02740 0.03425 0.02740 0.06164 0.00000 0.02740 0.08904
Q31NH0                         0.10274 0.08219 0.00685 0.05479 0.03425 0.06164 0.08219 0.06849 0.02055 0.04795 0.12329 0.03425 0.01370 0.02740 0.03425 0.02740 0.06164 0.00000 0.02740 0.08904
Q115W2                         0.07534 0.07534 0.01370 0.04110 0.04110 0.06164 0.10274 0.06849 0.01370 0.08219 0.12329 0.04795 0.00685 0.02055 0.04110 0.03425 0.04795 0.00000 0.02740 0.07534
B0C882                         0.08904 0.07534 0.02055 0.06164 0.03425 0.04795 0.06849 0.06849 0.01370 0.05479 0.11644 0.04110 0.00685 0.03425 0.04110 0.03425 0.06849 0.00000 0.02055 0.10274
B1XPL9                         0.09589 0.07534 0.02055 0.04110 0.03425 0.05479 0.08904 0.06164 0.01370 0.04795 0.11644 0.05479 0.00685 0.02740 0.03425 0.02740 0.06849 0.00000 0.02740 0.10274
A3Z7Z6                         0.09589 0.10959 0.00685 0.03425 0.03425 0.04110 0.09589 0.06849 0.01370 0.02740 0.14384 0.00000 0.00685 0.02055 0.03425 0.07534 0.06849 0.00000 0.03425 0.08904
Q05ZR4                         0.08219 0.08219 0.01370 0.04795 0.04110 0.03425 0.08219 0.06849 0.02055 0.06164 0.14384 0.02740 0.01370 0.02740 0.05479 0.06849 0.04110 0.00000 0.02740 0.06164
A2C3I0                         0.06164 0.07534 0.02740 0.02740 0.03425 0.03425 0.10274 0.06849 0.01370 0.06849 0.15068 0.05479 0.00685 0.02055 0.02055 0.06849 0.06164 0.00000 0.03425 0.06849
Q3AJ44                         0.07534 0.10274 0.01370 0.04110 0.04110 0.03425 0.10274 0.06849 0.02740 0.04795 0.14384 0.00685 0.00685 0.02740 0.04110 0.06164 0.05479 0.00000 0.02740 0.07534
A4CVI2                         0.08904 0.08219 0.02740 0.03425 0.03425 0.02055 0.08904 0.06164 0.03425 0.04795 0.13699 0.01370 0.00000 0.02055 0.03425 0.08904 0.06849 0.00000 0.02740 0.08904
Q3AX77                         0.08219 0.07534 0.01370 0.04795 0.04110 0.04110 0.08219 0.06849 0.02055 0.05479 0.14384 0.02740 0.02055 0.02740 0.05479 0.07534 0.03425 0.00000 0.02740 0.06164
Q7V0Z7                         0.05479 0.06849 0.03425 0.04110 0.03425 0.00685 0.12329 0.06164 0.02055 0.06849 0.13699 0.05479 0.00685 0.02740 0.02055 0.06164 0.08219 0.00000 0.02740 0.06849
A3PDK2                         0.06849 0.07534 0.02740 0.03425 0.03425 0.00685 0.13014 0.06164 0.01370 0.06849 0.13699 0.06164 0.00685 0.02740 0.02055 0.05479 0.06849 0.00000 0.02740 0.07534
A9BB08                         0.08904 0.07534 0.06164 0.02740 0.03425 0.04110 0.09589 0.06164 0.01370 0.04795 0.15753 0.03425 0.00000 0.02055 0.02055 0.03425 0.06849 0.00000 0.03425 0.08219
A2BRS6                         0.05479 0.07534 0.03425 0.04110 0.03425 0.00685 0.12329 0.06164 0.01370 0.06849 0.13699 0.06164 0.00685 0.02740 0.02055 0.06164 0.06849 0.00000 0.02740 0.07534
Q0IBC2                         0.09589 0.08904 0.02055 0.04795 0.03425 0.02740 0.08904 0.06164 0.02055 0.04795 0.14384 0.01370 0.00685 0.02055 0.03425 0.07534 0.05479 0.00000 0.03425 0.08219
Q2JH53                         0.10274 0.07534 0.00685 0.04795 0.03425 0.03425 0.10959 0.04110 0.02740 0.04795 0.11644 0.04795 0.02740 0.02740 0.04795 0.04795 0.03425 0.01370 0.02055 0.08904
Q7U7Q3                         0.08904 0.10274 0.01370 0.04795 0.04110 0.03425 0.08904 0.06164 0.02055 0.04795 0.15068 0.00685 0.00685 0.02740 0.05479 0.04795 0.06164 0.00000 0.02740 0.06849
A8G5G7                         0.06849 0.06849 0.03425 0.04110 0.03425 0.01370 0.12329 0.06164 0.01370 0.06849 0.13699 0.05479 0.00685 0.02740 0.02055 0.05479 0.06849 0.00000 0.02740 0.07534
Q31AC8                         0.06849 0.06849 0.02740 0.04110 0.03425 0.00685 0.12329 0.06164 0.01370 0.06849 0.13014 0.06849 0.00685 0.03425 0.02055 0.05479 0.06849 0.00000 0.02740 0.07534
A2BX84                         0.06849 0.06849 0.04110 0.04110 0.03425 0.00685 0.12329 0.06164 0.02055 0.07534 0.13014 0.04795 0.00685 0.02740 0.02055 0.05479 0.06849 0.00000 0.02740 0.07534
Q2JUS3                         0.10274 0.07534 0.00685 0.04110 0.03425 0.03425 0.11644 0.04110 0.02055 0.03425 0.11644 0.05479 0.02740 0.03425 0.04795 0.04795 0.03425 0.01370 0.02055 0.09589
Q05XX8                         0.08904 0.09589 0.00685 0.04110 0.03425 0.04110 0.08219 0.06849 0.01370 0.04110 0.13699 0.00685 0.00685 0.02055 0.03425 0.07534 0.07534 0.00000 0.03425 0.09589
Q7VBJ4                         0.08904 0.07534 0.02740 0.03425 0.03425 0.01370 0.09589 0.05479 0.01370 0.06164 0.14384 0.06164 0.00000 0.02055 0.02055 0.05479 0.06849 0.00000 0.03425 0.09589
B4AX04                         0.08219 0.06849 0.04795 0.02740 0.03425 0.04110 0.08904 0.07534 0.01370 0.06164 0.11644 0.04795 0.00685 0.02055 0.02740 0.04110 0.05479 0.00000 0.02740 0.11644
A3YYJ7                         0.09589 0.12329 0.02055 0.04795 0.04110 0.03425 0.08219 0.06164 0.01370 0.03425 0.15753 0.00685 0.02055 0.02055 0.03425 0.05479 0.04110 0.00000 0.03425 0.07534

Homogeneity statistic: X2 = 7.46925 G = 7.03810 

Average                        0.08008 0.07018 0.02740 0.04615 0.03562 0.03656 0.09589 0.06259 0.01949 0.06913 0.12476 0.04436 0.01022 0.02950 0.03214 0.05406 0.05416 0.00042 0.02677 0.08051

# constant sites:     19 (13.01%)
ln Lmax (unconstrained) = -713.220375

AA distances (raw proportions of different sites)

A8EUC6         
D1AZY5           0.4384
Q30R19           0.3904  0.4247
A6Q485           0.4384  0.3836  0.4247
A6QBG5           0.4315  0.4452  0.4041  0.4110
A7H2B7           0.5000  0.4315  0.4658  0.4452  0.5137
Q7M9T2           0.4863  0.4315  0.4178  0.4658  0.4521  0.4521
A8FMW9           0.5000  0.4315  0.4726  0.4384  0.5068  0.0274  0.4589
Q4HHS4           0.4863  0.4658  0.5000  0.4384  0.5000  0.2123  0.4589  0.2123
B9KFK9           0.5479  0.5342  0.5479  0.5274  0.5959  0.3836  0.4863  0.3767  0.3562
Q4HT09           0.5274  0.4521  0.4863  0.4589  0.5479  0.2466  0.5068  0.2397  0.2877  0.4110
P56214           0.5274  0.5068  0.4932  0.5068  0.5068  0.5411  0.4110  0.5479  0.5616  0.6164  0.5753
B9L9M2           0.5137  0.4932  0.5342  0.4658  0.5137  0.4932  0.4795  0.5000  0.4932  0.5274  0.5274  0.5616
B7MQI7           0.6849  0.6164  0.6438  0.6301  0.6301  0.6370  0.6438  0.6438  0.6644  0.7055  0.6438  0.6575  0.6438
P0A7H6           0.6849  0.6164  0.6438  0.6301  0.6301  0.6370  0.6438  0.6438  0.6644  0.7055  0.6438  0.6575  0.6438  0.0000
B7LLP8           0.6849  0.6164  0.6438  0.6301  0.6301  0.6370  0.6438  0.6438  0.6644  0.7055  0.6438  0.6575  0.6438  0.0000  0.0000
Q4C5V8           0.6712  0.6507  0.6644  0.6575  0.6370  0.7329  0.7055  0.7329  0.7123  0.7192  0.6781  0.6575  0.6233  0.5685  0.5685  0.5685
A3IM06           0.6781  0.6712  0.6712  0.6644  0.6438  0.7260  0.7055  0.7260  0.7123  0.7123  0.6918  0.6370  0.6233  0.5753  0.5753  0.5753  0.0479
B1WUB2           0.6781  0.6644  0.6644  0.6575  0.6370  0.7329  0.7123  0.7329  0.7123  0.7123  0.6918  0.6438  0.6370  0.5753  0.5753  0.5753  0.0411  0.0205
B7K2B2           0.6712  0.6781  0.6575  0.6712  0.6507  0.7260  0.6849  0.7260  0.7055  0.7055  0.6918  0.6575  0.6370  0.5822  0.5822  0.5822  0.0959  0.1027  0.0959
C7QNB7           0.6712  0.6781  0.6575  0.6712  0.6507  0.7260  0.6849  0.7260  0.7055  0.7055  0.6918  0.6575  0.6370  0.5822  0.5822  0.5822  0.0959  0.1027  0.0959  0.0068
Q8YMF7           0.6781  0.6644  0.6781  0.6918  0.6575  0.7123  0.6507  0.7123  0.6986  0.6781  0.6781  0.6507  0.6712  0.5753  0.5753  0.5753  0.2123  0.2123  0.1986  0.1781  0.1781
B2J7Q3           0.6712  0.6644  0.6644  0.6644  0.6575  0.6986  0.6575  0.6986  0.6918  0.6781  0.6644  0.6370  0.6644  0.5685  0.5685  0.5685  0.1986  0.1918  0.1918  0.1644  0.1644  0.0959
B7KEM9           0.6781  0.6575  0.6575  0.6712  0.6575  0.7055  0.6507  0.7055  0.6849  0.6849  0.6781  0.6575  0.6438  0.6164  0.6164  0.6164  0.1849  0.1712  0.1712  0.1575  0.1575  0.1438  0.1575
Q7NFM5           0.6986  0.6644  0.6918  0.6712  0.6370  0.7055  0.6644  0.7055  0.7055  0.7466  0.7055  0.6712  0.6712  0.5616  0.5616  0.5616  0.4110  0.4178  0.4110  0.3767  0.3767  0.3219  0.3425  0.3767
A0YKV2           0.6849  0.6712  0.6918  0.6644  0.6644  0.7260  0.7055  0.7260  0.7055  0.7192  0.6918  0.6918  0.6507  0.6096  0.6096  0.6096  0.1849  0.1918  0.1849  0.1918  0.1918  0.1644  0.1918  0.1781  0.3425
B0JUQ3           0.6781  0.6575  0.6781  0.6644  0.6507  0.7055  0.6644  0.7055  0.7055  0.6849  0.6781  0.6712  0.6233  0.5685  0.5685  0.5685  0.2055  0.1918  0.2055  0.1781  0.1781  0.1849  0.1644  0.1438  0.3767  0.2123
B5VUA7           0.7055  0.6712  0.6781  0.6644  0.6644  0.7192  0.6918  0.7192  0.6918  0.6986  0.6849  0.6644  0.6712  0.5959  0.5959  0.5959  0.2055  0.2123  0.1918  0.1712  0.1712  0.1644  0.1781  0.1712  0.3562  0.1233  0.2123
Q3MAW5           0.6781  0.6644  0.6781  0.6918  0.6575  0.7123  0.6507  0.7123  0.6986  0.6781  0.6781  0.6507  0.6712  0.5753  0.5753  0.5753  0.2123  0.2123  0.1986  0.1781  0.1781  0.0000  0.0959  0.1438  0.3219  0.1644  0.1849  0.1644
B9YKY0           0.6986  0.6644  0.6781  0.6644  0.6644  0.7260  0.6918  0.7260  0.7055  0.7123  0.6849  0.6575  0.6507  0.5822  0.5822  0.5822  0.1918  0.1781  0.1781  0.1849  0.1849  0.1301  0.1164  0.1781  0.3904  0.1712  0.1781  0.1644  0.1301
P74533           0.7123  0.6712  0.6781  0.6712  0.6575  0.7329  0.6644  0.7329  0.7192  0.7397  0.6986  0.6301  0.6575  0.5822  0.5822  0.5822  0.2055  0.2055  0.1986  0.2192  0.2192  0.1781  0.1918  0.1918  0.3493  0.1438  0.2055  0.1781  0.1781  0.1849
A0ZF29           0.6849  0.6712  0.6644  0.6575  0.6438  0.7123  0.6849  0.7123  0.7123  0.6986  0.6849  0.6507  0.6507  0.5822  0.5822  0.5822  0.1918  0.1781  0.1781  0.1575  0.1575  0.1438  0.1027  0.1986  0.3630  0.1849  0.1849  0.1849  0.1438  0.1096  0.2055
A5GS45           0.7123  0.6301  0.6233  0.6644  0.6438  0.6849  0.6781  0.6849  0.6849  0.6986  0.6849  0.6644  0.6781  0.5616  0.5616  0.5616  0.3562  0.3767  0.3699  0.3493  0.3493  0.3493  0.3767  0.3699  0.3904  0.3493  0.3425  0.3219  0.3493  0.3562  0.3425  0.3699
A5GLY6           0.7055  0.6507  0.6233  0.6781  0.6507  0.6849  0.6712  0.6849  0.6918  0.6781  0.6712  0.6575  0.7123  0.5548  0.5548  0.5548  0.3973  0.4041  0.4041  0.3767  0.3767  0.3630  0.3767  0.3493  0.4384  0.3836  0.3288  0.3562  0.3630  0.3699  0.3767  0.3836  0.1986
Q8DGV8           0.6986  0.6918  0.6781  0.6575  0.6507  0.7192  0.6849  0.7192  0.7055  0.7260  0.6986  0.6781  0.6781  0.5685  0.5685  0.5685  0.2808  0.2877  0.2671  0.2466  0.2466  0.2192  0.2329  0.2466  0.3493  0.2329  0.2740  0.2192  0.2192  0.2603  0.2534  0.2466  0.3493  0.3904
Q46K36           0.6849  0.6575  0.6507  0.6644  0.6644  0.6781  0.6781  0.6712  0.7055  0.6986  0.6438  0.6438  0.6986  0.6096  0.6096  0.6096  0.3904  0.3904  0.3973  0.3699  0.3699  0.3699  0.3699  0.3562  0.4452  0.3767  0.3699  0.3425  0.3699  0.3904  0.3699  0.3699  0.3151  0.2740  0.3767
B8HXF0           0.6918  0.6712  0.6438  0.6644  0.6370  0.6918  0.6644  0.6918  0.6918  0.6986  0.6849  0.6575  0.6644  0.5959  0.5959  0.5959  0.2329  0.2329  0.2123  0.1986  0.1986  0.2055  0.1918  0.1986  0.3562  0.2123  0.2123  0.1986  0.2055  0.2123  0.2260  0.1849  0.3356  0.3767  0.1712  0.3836
A2C8B2           0.7123  0.6370  0.6233  0.6507  0.6575  0.6575  0.6575  0.6575  0.6712  0.7123  0.6712  0.6712  0.6849  0.5890  0.5890  0.5890  0.3767  0.3699  0.3767  0.3493  0.3493  0.3767  0.3630  0.3562  0.4178  0.3767  0.3425  0.3562  0.3767  0.3630  0.3630  0.3699  0.2397  0.2123  0.3836  0.2534  0.3493
Q7V6R9           0.7123  0.6370  0.6233  0.6507  0.6575  0.6575  0.6644  0.6575  0.6712  0.7123  0.6712  0.6712  0.6849  0.5890  0.5890  0.5890  0.3767  0.3699  0.3767  0.3493  0.3493  0.3767  0.3630  0.3562  0.4178  0.3767  0.3425  0.3562  0.3767  0.3630  0.3630  0.3699  0.2329  0.2055  0.3836  0.2603  0.3493  0.0137
Q5N5P2           0.7192  0.6438  0.6712  0.6575  0.6644  0.7055  0.6644  0.7055  0.6849  0.7123  0.6918  0.6575  0.6918  0.6027  0.6027  0.6027  0.2466  0.2397  0.2466  0.2329  0.2329  0.2397  0.2329  0.2260  0.3767  0.2329  0.2466  0.2055  0.2397  0.1986  0.2534  0.2260  0.3288  0.3425  0.2877  0.3562  0.2466  0.3219  0.3219
Q31NH0           0.7192  0.6438  0.6712  0.6575  0.6644  0.7055  0.6644  0.7055  0.6849  0.7123  0.6918  0.6575  0.6918  0.6027  0.6027  0.6027  0.2466  0.2397  0.2466  0.2329  0.2329  0.2397  0.2329  0.2260  0.3767  0.2329  0.2466  0.2055  0.2397  0.1986  0.2534  0.2260  0.3288  0.3425  0.2877  0.3562  0.2466  0.3219  0.3219  0.0000
Q115W2           0.6918  0.6507  0.6781  0.6575  0.6507  0.7055  0.6575  0.7055  0.7123  0.7055  0.6849  0.6712  0.6438  0.5959  0.5959  0.5959  0.1986  0.2055  0.2123  0.1712  0.1712  0.2055  0.2123  0.1986  0.3836  0.1986  0.2055  0.1918  0.2055  0.2192  0.2260  0.1986  0.3630  0.3630  0.2671  0.3562  0.2534  0.3630  0.3699  0.2329  0.2329
B0C882           0.7123  0.6438  0.6507  0.6712  0.6575  0.7260  0.6781  0.7260  0.7192  0.6986  0.6986  0.6644  0.6507  0.5822  0.5822  0.5822  0.2466  0.2466  0.2329  0.1986  0.1986  0.1986  0.1849  0.2192  0.3562  0.2260  0.2260  0.1986  0.1986  0.2055  0.2260  0.1849  0.3288  0.3562  0.2466  0.3767  0.1918  0.3493  0.3493  0.1986  0.1986  0.2466
B1XPL9           0.7260  0.6849  0.6986  0.6986  0.6712  0.7329  0.7055  0.7329  0.7192  0.7123  0.6918  0.6507  0.6781  0.5685  0.5685  0.5685  0.2192  0.2055  0.2055  0.2192  0.2192  0.1986  0.1986  0.1986  0.3562  0.1849  0.1986  0.1781  0.1986  0.1918  0.1712  0.1918  0.3151  0.3562  0.2534  0.3562  0.2192  0.3356  0.3356  0.2192  0.2192  0.2260  0.2192
A3Z7Z6           0.7192  0.6644  0.6164  0.6712  0.6507  0.6712  0.6712  0.6712  0.6712  0.6986  0.6712  0.6575  0.7192  0.5753  0.5753  0.5753  0.3767  0.3767  0.3767  0.3562  0.3562  0.3767  0.3699  0.3356  0.4315  0.3767  0.3288  0.3151  0.3767  0.3630  0.3699  0.3699  0.2123  0.1507  0.3699  0.2740  0.3425  0.1781  0.1849  0.3219  0.3219  0.3356  0.3699  0.3082
Q05ZR4           0.7123  0.6507  0.6233  0.6438  0.6507  0.6712  0.6370  0.6575  0.6918  0.6781  0.6712  0.6438  0.7055  0.5616  0.5616  0.5616  0.3973  0.4041  0.4041  0.3493  0.3493  0.3699  0.3836  0.3630  0.4178  0.3699  0.3630  0.3630  0.3699  0.3904  0.3493  0.3836  0.2123  0.2329  0.3767  0.2945  0.3493  0.2055  0.1986  0.3699  0.3699  0.3767  0.3493  0.3562  0.2329
A2C3I0           0.6849  0.6575  0.6507  0.6644  0.6644  0.6781  0.6781  0.6712  0.7055  0.6986  0.6438  0.6438  0.6986  0.6096  0.6096  0.6096  0.3904  0.3904  0.3973  0.3699  0.3699  0.3699  0.3699  0.3562  0.4452  0.3767  0.3699  0.3425  0.3699  0.3904  0.3699  0.3699  0.3151  0.2740  0.3767  0.0000  0.3836  0.2534  0.2603  0.3562  0.3562  0.3562  0.3767  0.3562  0.2740  0.2945
Q3AJ44           0.7123  0.6507  0.6233  0.6644  0.6507  0.6712  0.6370  0.6644  0.6781  0.6918  0.6712  0.6438  0.7055  0.5685  0.5685  0.5685  0.3767  0.3767  0.3836  0.3493  0.3493  0.3630  0.3767  0.3493  0.4178  0.3767  0.3356  0.3425  0.3630  0.3699  0.3425  0.3767  0.1986  0.1918  0.3767  0.2945  0.3699  0.2260  0.2192  0.3356  0.3356  0.3562  0.3493  0.3356  0.1781  0.1507  0.2945
A4CVI2           0.7055  0.6507  0.6233  0.6849  0.6507  0.6712  0.6712  0.6781  0.6918  0.6849  0.6712  0.6507  0.6986  0.5616  0.5616  0.5616  0.3836  0.3904  0.3973  0.3630  0.3630  0.3562  0.3699  0.3493  0.4384  0.3836  0.3151  0.3562  0.3562  0.3630  0.3630  0.3767  0.2123  0.0548  0.3836  0.2671  0.3699  0.2055  0.2055  0.3493  0.3493  0.3493  0.3493  0.3493  0.1644  0.2260  0.2671  0.1781
Q3AX77           0.7192  0.6507  0.6301  0.6438  0.6507  0.6644  0.6507  0.6507  0.6918  0.6849  0.6712  0.6507  0.7055  0.5753  0.5753  0.5753  0.3973  0.4041  0.4041  0.3562  0.3562  0.3699  0.3836  0.3630  0.4178  0.3767  0.3630  0.3630  0.3699  0.3904  0.3493  0.3836  0.2123  0.2329  0.3767  0.2945  0.3493  0.2055  0.1986  0.3699  0.3699  0.3699  0.3425  0.3562  0.2397  0.0205  0.2945  0.1507  0.2260
Q7V0Z7           0.6849  0.6575  0.6438  0.6575  0.6301  0.6781  0.6644  0.6712  0.6986  0.6849  0.6370  0.6575  0.6712  0.6027  0.6027  0.6027  0.3973  0.3973  0.4041  0.3973  0.3973  0.4041  0.4041  0.3973  0.4658  0.4452  0.3973  0.4247  0.4041  0.4247  0.4041  0.4315  0.3630  0.3288  0.4589  0.2603  0.4315  0.3493  0.3493  0.3904  0.3904  0.3973  0.4247  0.4041  0.3562  0.3425  0.2603  0.3288  0.3288  0.3425
A3PDK2           0.6986  0.6575  0.6438  0.6575  0.6301  0.6849  0.6644  0.6781  0.7055  0.6986  0.6438  0.6575  0.6712  0.6027  0.6027  0.6027  0.3973  0.3973  0.4041  0.3973  0.3973  0.4041  0.4041  0.3973  0.4589  0.4452  0.3904  0.4247  0.4041  0.4247  0.3973  0.4315  0.3630  0.3356  0.4589  0.2671  0.4315  0.3493  0.3493  0.3904  0.3904  0.3973  0.4247  0.4041  0.3562  0.3425  0.2671  0.3219  0.3288  0.3425  0.0548
A9BB08           0.7123  0.6575  0.6438  0.6507  0.6712  0.6781  0.6781  0.6712  0.6712  0.6644  0.6438  0.6507  0.6781  0.5753  0.5753  0.5753  0.3699  0.3836  0.3767  0.3630  0.3630  0.3630  0.3562  0.3562  0.4384  0.4041  0.3699  0.3493  0.3630  0.3767  0.3767  0.3699  0.2603  0.2740  0.3767  0.2603  0.3904  0.2808  0.2808  0.3493  0.3493  0.3630  0.3767  0.3219  0.2534  0.2671  0.2603  0.2466  0.2534  0.2740  0.3288  0.3219
A2BRS6           0.6986  0.6575  0.6370  0.6644  0.6233  0.6849  0.6644  0.6781  0.7055  0.6986  0.6438  0.6575  0.6712  0.6164  0.6164  0.6164  0.4041  0.4041  0.4110  0.4041  0.4041  0.4110  0.4110  0.4041  0.4658  0.4384  0.4041  0.4178  0.4110  0.4315  0.3904  0.4384  0.3699  0.3425  0.4658  0.2671  0.4384  0.3630  0.3630  0.3973  0.3973  0.3973  0.4315  0.4110  0.3630  0.3562  0.2671  0.3288  0.3356  0.3562  0.0616  0.0274  0.3219
Q0IBC2           0.7260  0.6644  0.6164  0.6575  0.6644  0.6644  0.6644  0.6712  0.6781  0.6986  0.6712  0.6507  0.6849  0.5685  0.5685  0.5685  0.3836  0.3767  0.3836  0.3493  0.3493  0.3699  0.3630  0.3219  0.4315  0.3767  0.3288  0.3356  0.3699  0.3630  0.3562  0.3699  0.2055  0.1370  0.3904  0.2534  0.3493  0.1575  0.1507  0.3493  0.3493  0.3562  0.3836  0.3356  0.1027  0.1986  0.2534  0.1644  0.1370  0.2055  0.3425  0.3356  0.2466  0.3493
Q2JH53           0.7055  0.6438  0.6918  0.6849  0.6438  0.7123  0.6781  0.7123  0.7123  0.7192  0.6849  0.6918  0.6712  0.6370  0.6370  0.6370  0.3904  0.3973  0.3973  0.3836  0.3836  0.3836  0.3699  0.3836  0.4041  0.3904  0.3904  0.3904  0.3836  0.4041  0.3904  0.3836  0.4452  0.4247  0.4041  0.4658  0.3699  0.4452  0.4452  0.3425  0.3425  0.3699  0.3493  0.3904  0.4452  0.4589  0.4658  0.4384  0.4315  0.4589  0.4247  0.4247  0.4589  0.4315  0.4521
Q7U7Q3           0.7123  0.6507  0.6301  0.6712  0.6575  0.6849  0.6301  0.6781  0.6918  0.6849  0.6644  0.6438  0.7055  0.5616  0.5616  0.5616  0.3699  0.3767  0.3767  0.3425  0.3425  0.3562  0.3767  0.3356  0.4384  0.3699  0.3356  0.3356  0.3562  0.3699  0.3425  0.3767  0.1918  0.1849  0.3836  0.2877  0.3562  0.2260  0.2192  0.3356  0.3356  0.3493  0.3425  0.3288  0.1849  0.1164  0.2877  0.0685  0.1849  0.1301  0.3151  0.3219  0.2397  0.3288  0.1781  0.4247
A8G5G7           0.6986  0.6644  0.6507  0.6644  0.6370  0.6986  0.6712  0.6918  0.7192  0.7055  0.6438  0.6644  0.6781  0.6096  0.6096  0.6096  0.4110  0.4110  0.4178  0.4041  0.4041  0.4110  0.4110  0.4110  0.4658  0.4452  0.4041  0.4247  0.4110  0.4315  0.3973  0.4384  0.3767  0.3493  0.4521  0.2534  0.4384  0.3493  0.3562  0.3904  0.3904  0.3904  0.4315  0.4041  0.3630  0.3493  0.2534  0.3356  0.3425  0.3493  0.0616  0.0342  0.3219  0.0479  0.3493  0.4315  0.3356
Q31AC8           0.6986  0.6644  0.6438  0.6644  0.6301  0.6918  0.6712  0.6849  0.7123  0.7055  0.6507  0.6644  0.6644  0.5959  0.5959  0.5959  0.3973  0.3973  0.4041  0.3973  0.3973  0.4178  0.4178  0.4110  0.4726  0.4589  0.4110  0.4384  0.4178  0.4384  0.4110  0.4452  0.3767  0.3493  0.4658  0.2740  0.4452  0.3630  0.3630  0.4041  0.4041  0.4110  0.4384  0.4178  0.3699  0.3493  0.2740  0.3356  0.3425  0.3493  0.0616  0.0205  0.3288  0.0342  0.3493  0.4315  0.3356  0.0274
A2BX84           0.6986  0.6507  0.6438  0.6644  0.6301  0.6849  0.6781  0.6781  0.7055  0.6918  0.6507  0.6644  0.6644  0.6027  0.6027  0.6027  0.3904  0.3904  0.3973  0.4041  0.4041  0.4041  0.3973  0.4041  0.4589  0.4384  0.4041  0.4315  0.4041  0.4178  0.3904  0.4384  0.3562  0.3425  0.4658  0.2671  0.4384  0.3425  0.3425  0.3904  0.3904  0.4041  0.4178  0.3973  0.3630  0.3562  0.2671  0.3356  0.3425  0.3562  0.0479  0.0616  0.3288  0.0685  0.3425  0.4315  0.3356  0.0685  0.0685
Q2JUS3           0.7192  0.6507  0.6712  0.6849  0.6438  0.6986  0.6712  0.6986  0.7055  0.7192  0.6712  0.6781  0.6781  0.6438  0.6438  0.6438  0.4041  0.4110  0.4110  0.3973  0.3973  0.3836  0.3699  0.3836  0.3973  0.3904  0.4110  0.3836  0.3836  0.4041  0.3904  0.3836  0.4315  0.4315  0.4178  0.4658  0.3767  0.4521  0.4521  0.3562  0.3562  0.3836  0.3630  0.3904  0.4384  0.4452  0.4658  0.4247  0.4384  0.4452  0.4247  0.4247  0.4521  0.4315  0.4452  0.0411  0.4315  0.4315  0.4315  0.4315
Q05XX8           0.7055  0.6438  0.6301  0.6575  0.6507  0.6781  0.6712  0.6849  0.6849  0.6918  0.6712  0.6781  0.7055  0.5616  0.5616  0.5616  0.3493  0.3630  0.3562  0.3288  0.3288  0.3562  0.3493  0.3425  0.4315  0.3630  0.2945  0.3151  0.3562  0.3493  0.3699  0.3562  0.1986  0.1370  0.3767  0.2671  0.3493  0.1438  0.1507  0.3219  0.3219  0.3288  0.3562  0.3288  0.1027  0.2123  0.2671  0.1849  0.1370  0.2192  0.3425  0.3425  0.2603  0.3562  0.1027  0.4315  0.1849  0.3493  0.3562  0.3493  0.4384
Q7VBJ4           0.6986  0.6575  0.6438  0.6507  0.6644  0.6781  0.6849  0.6781  0.6712  0.7055  0.6507  0.6438  0.6712  0.5959  0.5959  0.5959  0.3630  0.3562  0.3630  0.3356  0.3356  0.3767  0.3425  0.3425  0.4384  0.3904  0.3630  0.3562  0.3767  0.3562  0.3836  0.3493  0.2877  0.2671  0.3699  0.2603  0.3493  0.2671  0.2603  0.3356  0.3356  0.3356  0.3699  0.3151  0.2260  0.3082  0.2603  0.2671  0.2466  0.3082  0.3219  0.3219  0.1849  0.3288  0.2534  0.4178  0.2740  0.3219  0.3288  0.3356  0.4110  0.2603
B4AX04           0.6986  0.6575  0.6644  0.6712  0.6644  0.7123  0.6575  0.7055  0.6986  0.6575  0.6781  0.6644  0.6712  0.6027  0.6027  0.6027  0.1986  0.1918  0.1849  0.1712  0.1712  0.1507  0.1164  0.0822  0.3767  0.1918  0.1438  0.1712  0.1507  0.1575  0.2123  0.1644  0.3630  0.3493  0.2534  0.3630  0.2123  0.3767  0.3767  0.2260  0.2260  0.2192  0.1986  0.1849  0.3493  0.3630  0.3630  0.3493  0.3425  0.3630  0.3973  0.3973  0.3562  0.4041  0.3425  0.3767  0.3493  0.4110  0.4110  0.3973  0.3767  0.3288  0.3562
A3YYJ7           0.7329  0.6438  0.6301  0.6644  0.6438  0.6781  0.6507  0.6781  0.6986  0.6918  0.6849  0.6507  0.6781  0.5959  0.5959  0.5959  0.3562  0.3630  0.3562  0.3425  0.3425  0.3630  0.3493  0.3562  0.4110  0.3767  0.3630  0.3493  0.3630  0.3562  0.3699  0.3493  0.1986  0.2534  0.3699  0.3288  0.3493  0.2192  0.2123  0.3425  0.3425  0.3493  0.3425  0.3151  0.2055  0.2055  0.3288  0.2192  0.2466  0.2123  0.3699  0.3699  0.2534  0.3767  0.2192  0.4521  0.1986  0.3836  0.3836  0.3699  0.4384  0.2260  0.2808  0.3562


TREE #  1:  (6, 8, (9, (11, (10, ((2, (1, ((7, 12), (5, 3)))), (4, (13, ((16, (15, 14)), (25, ((56, 61), ((40, 41), ((33, (65, (((46, 50), (48, 57)), (((38, 39), ((55, (34, 49)), (62, 45))), ((53, 63), (((54, (52, (58, 59))), (51, 60)), (36, 47))))))), ((43, (35, 37)), ((((22, 29), (23, (30, 32))), (((17, (18, 19)), (20, 21)), (27, (24, 64)))), (42, ((28, 44), (26, 31)))))))))))))))));   MP score: 1294
lnL(ntime: 63  np: 64):  -6873.943754      +0.000000
  66..6    66..8    66..67   67..9    67..68   68..11   68..69   69..10   69..70   70..71   71..2    71..72   72..1    72..73   73..74   74..7    74..12   73..75   75..5    75..3    70..76   76..4    76..77   77..13   77..78   78..79   79..16   79..80   80..15   80..14   78..81   81..25   81..82   82..83   83..56   83..61   82..84   84..85   85..40   85..41   84..86   86..87   87..33   87..88   88..65   88..89   89..90   90..91   91..46   91..50   90..92   92..48   92..57   89..93   93..94   94..95   95..38   95..39   94..96   96..97   97..55   97..98   98..34   98..49   96..99   99..62   99..45   93..100 100..101 101..53  101..63  100..102 102..103 103..104 104..54  104..105 105..52  105..106 106..58  106..59  103..107 107..51  107..60  102..108 108..36  108..47   86..109 109..110 110..43  110..111 111..35  111..37  109..112 112..113 113..114 114..115 115..22  115..29  114..116 116..23  116..117 117..30  117..32  113..118 118..119 119..120 120..17  120..121 121..18  121..19  119..122 122..20  122..21  118..123 123..27  123..124 124..24  124..64  112..125 125..42  125..126 126..127 127..28  127..44  126..128 128..26  128..31 
 0.725423 0.725423 0.722552 0.722551 0.642453 0.538426 0.512325 0.458544 0.340927 0.398123 0.642452 0.633259 0.495566 0.000000 0.000000 0.353235 0.336712 0.020869 0.321142 0.000000 0.311602 0.226327 0.226326 0.213326 0.106347 0.012220 0.045756 0.207038 0.150181 0.007834 0.100353 0.090544 0.025552 0.069935 0.177602 0.108563 0.135005 0.028378 0.014941 0.013581 0.009930 0.025589 0.000000 0.207573 0.164392 0.123381 0.176972 0.153013 0.087530 0.000000 0.076750 0.058045 0.153013 0.064628 0.022935 0.010443 0.004166 0.125800 0.057175 0.160217 0.118831 0.111954 0.100253 0.769491

tree length =  14.32483

(6: 0.725423, 8: 0.725423, (9: 0.725423, (11: 0.722552, (10: 0.722551, ((2: 0.538426, (1: 0.512325, ((7: 0.340927, 12: 0.340927): 0.117617, (5: 0.398123, 3: 0.398123): 0.060421): 0.053782): 0.026101): 0.104026, (4: 0.642452, (13: 0.633259, ((16: 0.000000, (15: 0.000000, 14: 0.000000): 0.000000): 0.495565, (25: 0.353235, ((56: 0.020869, 61: 0.020869): 0.315843, ((40: 0.000000, 41: 0.000000): 0.321141, ((33: 0.226327, (65: 0.226326, (((46: 0.012220, 50: 0.012220): 0.094127, (48: 0.045756, 57: 0.045756): 0.060591): 0.106979, (((38: 0.007834, 39: 0.007834): 0.142348, ((55: 0.090544, (34: 0.025552, 49: 0.025552): 0.064992): 0.009808, (62: 0.069935, 45: 0.069935): 0.030418): 0.049829): 0.056856, ((53: 0.108563, 63: 0.108563): 0.069040, (((54: 0.014941, (52: 0.013581, (58: 0.009930, 59: 0.009930): 0.003651): 0.001359): 0.013438, (51: 0.025589, 60: 0.025589): 0.002789): 0.106627, (36: 0.000000, 47: 0.000000): 0.135005): 0.042597): 0.029436): 0.006288): 0.013001): 0.000000): 0.085275, ((43: 0.164392, (35: 0.123381, 37: 0.123381): 0.041011): 0.043181, ((((22: 0.000000, 29: 0.000000): 0.087530, (23: 0.076750, (30: 0.058045, 32: 0.058045): 0.018705): 0.010781): 0.065483, (((17: 0.022935, (18: 0.010443, 19: 0.010443): 0.012492): 0.041693, (20: 0.004166, 21: 0.004166): 0.060462): 0.088385, (27: 0.125800, (24: 0.057175, 64: 0.057175): 0.068625): 0.027213): 0.000000): 0.023958, (42: 0.160217, ((28: 0.111954, 44: 0.111954): 0.006876, (26: 0.100253, 31: 0.100253): 0.018577): 0.041386): 0.016755): 0.030601): 0.104029): 0.009540): 0.015570): 0.016523): 0.142331): 0.137694): 0.009193): 0.000001): 0.080098): 0.000001): 0.002871): 0.000001);

(A7H2B7: 0.725423, A8FMW9: 0.725423, (Q4HHS4: 0.725423, (Q4HT09: 0.722552, (B9KFK9: 0.722551, ((D1AZY5: 0.538426, (A8EUC6: 0.512325, ((Q7M9T2: 0.340927, P56214: 0.340927): 0.117617, (A6QBG5: 0.398123, Q30R19: 0.398123): 0.060421): 0.053782): 0.026101): 0.104026, (A6Q485: 0.642452, (B9L9M2: 0.633259, ((B7LLP8: 0.000000, (P0A7H6: 0.000000, B7MQI7: 0.000000): 0.000000): 0.495565, (Q7NFM5: 0.353235, ((Q2JH53: 0.020869, Q2JUS3: 0.020869): 0.315843, ((Q5N5P2: 0.000000, Q31NH0: 0.000000): 0.321141, ((A5GS45: 0.226327, (A3YYJ7: 0.226326, (((Q05ZR4: 0.012220, Q3AX77: 0.012220): 0.094127, (Q3AJ44: 0.045756, Q7U7Q3: 0.045756): 0.060591): 0.106979, (((A2C8B2: 0.007834, Q7V6R9: 0.007834): 0.142348, ((Q0IBC2: 0.090544, (A5GLY6: 0.025552, A4CVI2: 0.025552): 0.064992): 0.009808, (Q05XX8: 0.069935, A3Z7Z6: 0.069935): 0.030418): 0.049829): 0.056856, ((A9BB08: 0.108563, Q7VBJ4: 0.108563): 0.069040, (((A2BRS6: 0.014941, (A3PDK2: 0.013581, (A8G5G7: 0.009930, Q31AC8: 0.009930): 0.003651): 0.001359): 0.013438, (Q7V0Z7: 0.025589, A2BX84: 0.025589): 0.002789): 0.106627, (Q46K36: 0.000000, A2C3I0: 0.000000): 0.135005): 0.042597): 0.029436): 0.006288): 0.013001): 0.000000): 0.085275, ((B0C882: 0.164392, (Q8DGV8: 0.123381, B8HXF0: 0.123381): 0.041011): 0.043181, ((((Q8YMF7: 0.000000, Q3MAW5: 0.000000): 0.087530, (B2J7Q3: 0.076750, (B9YKY0: 0.058045, A0ZF29: 0.058045): 0.018705): 0.010781): 0.065483, (((Q4C5V8: 0.022935, (A3IM06: 0.010443, B1WUB2: 0.010443): 0.012492): 0.041693, (B7K2B2: 0.004166, C7QNB7: 0.004166): 0.060462): 0.088385, (B0JUQ3: 0.125800, (B7KEM9: 0.057175, B4AX04: 0.057175): 0.068625): 0.027213): 0.000000): 0.023958, (Q115W2: 0.160217, ((B5VUA7: 0.111954, B1XPL9: 0.111954): 0.006876, (A0YKV2: 0.100253, P74533: 0.100253): 0.018577): 0.041386): 0.016755): 0.030601): 0.104029): 0.009540): 0.015570): 0.016523): 0.142331): 0.137694): 0.009193): 0.000001): 0.080098): 0.000001): 0.002871): 0.000001);

(6_A7H2B7, 8_A8FMW9, (9_Q4HHS4, (11_Q4HT09, (10_B9KFK9, ((2_D1AZY5, (1_A8EUC6, ((7_Q7M9T2, 12_P56214) 74 , (5_A6QBG5, 3_Q30R19) 75 ) 73 ) 72 ) 71 , (4_A6Q485, (13_B9L9M2, ((16_B7LLP8, (15_P0A7H6, 14_B7MQI7) 80 ) 79 , (25_Q7NFM5, ((56_Q2JH53, 61_Q2JUS3) 83 , ((40_Q5N5P2, 41_Q31NH0) 85 , ((33_A5GS45, (65_A3YYJ7, (((46_Q05ZR4, 50_Q3AX77) 91 , (48_Q3AJ44, 57_Q7U7Q3) 92 ) 90 , (((38_A2C8B2, 39_Q7V6R9) 95 , ((55_Q0IBC2, (34_A5GLY6, 49_A4CVI2) 98 ) 97 , (62_Q05XX8, 45_A3Z7Z6) 99 ) 96 ) 94 , ((53_A9BB08, 63_Q7VBJ4) 101 , (((54_A2BRS6, (52_A3PDK2, (58_A8G5G7, 59_Q31AC8) 106 ) 105 ) 104 , (51_Q7V0Z7, 60_A2BX84) 107 ) 103 , (36_Q46K36, 47_A2C3I0) 108 ) 102 ) 100 ) 93 ) 89 ) 88 ) 87 , ((43_B0C882, (35_Q8DGV8, 37_B8HXF0) 111 ) 110 , ((((22_Q8YMF7, 29_Q3MAW5) 115 , (23_B2J7Q3, (30_B9YKY0, 32_A0ZF29) 117 ) 116 ) 114 , (((17_Q4C5V8, (18_A3IM06, 19_B1WUB2) 121 ) 120 , (20_B7K2B2, 21_C7QNB7) 122 ) 119 , (27_B0JUQ3, (24_B7KEM9, 64_B4AX04) 124 ) 123 ) 118 ) 113 , (42_Q115W2, ((28_B5VUA7, 44_B1XPL9) 127 , (26_A0YKV2, 31_P74533) 128 ) 126 ) 125 ) 112 ) 109 ) 86 ) 84 ) 82 ) 81 ) 78 ) 77 ) 76 ) 70 ) 69 ) 68 ) 67 ) 66 ;

Detailed output identifying parameters

alpha (gamma, K = 4) =  0.76949
rate:   0.08905  0.39455  0.94813  2.56826
freq:   0.25000  0.25000  0.25000  0.25000

Time used:  3:55
