AAML (in paml version 4.6, August 2012)  292.aa
Model: Empirical for branches,  (../../../bin/LG.dat) dGamma (ncatG=4) ns =  65  ls = 284


Frequencies..
                                    A      R      N      D      C      Q      E      G      H      I      L      K      M      F      P      S      T      W      Y      V
A8EVH0                         0.05986 0.02817 0.03521 0.07042 0.01056 0.01408 0.08451 0.05282 0.02113 0.10563 0.09155 0.13380 0.02817 0.02817 0.03169 0.03521 0.04930 0.00704 0.04225 0.07042
D1B1T7                         0.05986 0.03521 0.03873 0.05282 0.00352 0.05282 0.07394 0.04577 0.02113 0.12324 0.10915 0.09859 0.02113 0.03521 0.02817 0.05986 0.05282 0.00704 0.03169 0.04930
A6Q3Q3                         0.05282 0.03521 0.03521 0.05634 0.00352 0.02817 0.08099 0.04930 0.02113 0.10211 0.11620 0.11972 0.02113 0.03873 0.04225 0.03521 0.04930 0.00704 0.03521 0.07042
A6QAX0                         0.05634 0.03873 0.03521 0.04930 0.00000 0.03169 0.10211 0.05986 0.02465 0.09155 0.09155 0.11268 0.03169 0.04577 0.02465 0.04577 0.05282 0.00352 0.02465 0.07746
Q7M8Z8                         0.06690 0.03169 0.02465 0.04930 0.00352 0.04225 0.08803 0.07042 0.02113 0.06690 0.11620 0.10563 0.02465 0.04930 0.03873 0.05986 0.03521 0.00704 0.02113 0.07746
Q30QS6                         0.05282 0.03521 0.04577 0.05986 0.00352 0.03873 0.07746 0.06338 0.01408 0.11268 0.09507 0.10211 0.02817 0.03873 0.03169 0.07042 0.03521 0.00352 0.03169 0.05986
B9L5M2                         0.04930 0.03169 0.03169 0.05986 0.00000 0.01056 0.10563 0.06690 0.02113 0.09155 0.14085 0.12676 0.01408 0.02465 0.03873 0.04225 0.02817 0.01056 0.04225 0.06338
B9KGA1                         0.05986 0.02465 0.05986 0.05634 0.00352 0.03169 0.06338 0.02817 0.02817 0.13380 0.09859 0.12676 0.02113 0.03873 0.02817 0.06338 0.04225 0.00352 0.04225 0.04577
A8FL79                         0.05634 0.02465 0.05282 0.05634 0.00352 0.02465 0.07042 0.03873 0.02465 0.08803 0.13028 0.13028 0.01408 0.04577 0.02465 0.08803 0.04577 0.00352 0.03169 0.04577
Q4HHY1                         0.04577 0.02113 0.06690 0.04930 0.01408 0.03169 0.06690 0.03521 0.01761 0.11268 0.11972 0.12676 0.01761 0.05634 0.02817 0.07746 0.04225 0.00352 0.02817 0.03873
A7H4F3                         0.05282 0.02465 0.06338 0.05282 0.00704 0.02465 0.07746 0.03521 0.02113 0.08803 0.12676 0.12676 0.01056 0.05282 0.02113 0.08803 0.04577 0.00352 0.02817 0.04930
Q4HS36                         0.05986 0.02465 0.03873 0.04577 0.01056 0.04930 0.07746 0.02465 0.02817 0.08803 0.13380 0.11972 0.02113 0.04930 0.02465 0.08099 0.04225 0.00352 0.02465 0.05282
P56059                         0.07042 0.02465 0.04225 0.05282 0.01761 0.05634 0.07394 0.03873 0.02817 0.07746 0.13732 0.11620 0.02465 0.03873 0.02465 0.07042 0.02465 0.00704 0.02113 0.05282
Q2JHI1                         0.09859 0.07042 0.02113 0.04577 0.00704 0.06338 0.04577 0.06338 0.02817 0.08099 0.12324 0.03873 0.00352 0.02113 0.06690 0.04577 0.04930 0.01056 0.02465 0.09155
Q7ND14                         0.05986 0.08803 0.02113 0.03873 0.00000 0.04225 0.07042 0.08451 0.02113 0.07394 0.10211 0.04930 0.01761 0.02817 0.05282 0.05986 0.04930 0.00704 0.02465 0.10915
A0ZHM4                         0.06690 0.05986 0.02465 0.04577 0.00352 0.07394 0.05634 0.07746 0.02113 0.10211 0.10563 0.04930 0.01408 0.03521 0.05634 0.04577 0.05634 0.00704 0.01761 0.08099
A0YYZ5                         0.04930 0.06338 0.02465 0.04225 0.00000 0.09155 0.04930 0.08099 0.02465 0.10211 0.10211 0.04577 0.01761 0.02465 0.05986 0.05634 0.05282 0.00704 0.02465 0.08099
Q3M4H1                         0.06338 0.05282 0.02113 0.04225 0.00352 0.06690 0.06338 0.07394 0.03169 0.09155 0.10563 0.05634 0.01056 0.02817 0.05282 0.05282 0.05634 0.00704 0.02113 0.09859
Q8YYD8                         0.06690 0.05282 0.01761 0.03873 0.00352 0.06690 0.06690 0.07394 0.03169 0.09155 0.10563 0.05986 0.01056 0.02817 0.05634 0.04930 0.05282 0.00704 0.02113 0.09859
B9YMS4                         0.07394 0.05282 0.01761 0.04577 0.00352 0.05986 0.07042 0.07746 0.02465 0.10563 0.10915 0.06338 0.01056 0.03169 0.04225 0.04577 0.05986 0.00704 0.01761 0.08099
B2J752                         0.07042 0.05282 0.02113 0.04225 0.00352 0.06690 0.07042 0.07394 0.01761 0.10211 0.10915 0.05282 0.01408 0.02817 0.04930 0.06338 0.04930 0.00704 0.02113 0.08451
Q110F4                         0.06690 0.05282 0.02465 0.04225 0.00000 0.08803 0.05282 0.08099 0.01056 0.11972 0.10563 0.05634 0.01761 0.01761 0.03873 0.04577 0.04930 0.01056 0.03169 0.08803
A9BBP7                         0.04577 0.07042 0.03873 0.02817 0.01056 0.05634 0.08099 0.07394 0.02817 0.07746 0.12324 0.04225 0.01056 0.03873 0.05282 0.05986 0.04930 0.01056 0.01408 0.08803
Q8DMQ5                         0.08099 0.08451 0.02113 0.03169 0.00352 0.07042 0.05634 0.07394 0.03169 0.07394 0.10563 0.03521 0.01056 0.02817 0.06690 0.02465 0.07042 0.00704 0.03169 0.09155
B0C2B8                         0.07394 0.05634 0.01761 0.03169 0.00704 0.07746 0.04577 0.05986 0.02465 0.09155 0.11620 0.07394 0.02113 0.02817 0.05986 0.03873 0.06338 0.00704 0.02113 0.08451
Q46JI9                         0.04225 0.04930 0.04577 0.03521 0.01761 0.03873 0.07746 0.07042 0.02113 0.10563 0.09507 0.08099 0.01056 0.05634 0.04577 0.07394 0.04225 0.01056 0.01408 0.06690
Q5N2D4                         0.08803 0.06690 0.01761 0.04225 0.00352 0.07746 0.06338 0.07042 0.01761 0.08099 0.09859 0.04225 0.02113 0.02817 0.05634 0.05282 0.05634 0.00704 0.02113 0.08803
Q31RX7                         0.08803 0.06690 0.01761 0.04225 0.00352 0.07746 0.06338 0.07042 0.01761 0.08099 0.09859 0.04225 0.02113 0.02817 0.05634 0.05282 0.05634 0.00704 0.02113 0.08803
A2BSK2                         0.03873 0.05986 0.04930 0.04225 0.00704 0.03169 0.08451 0.07394 0.01761 0.09155 0.10563 0.08451 0.01761 0.03873 0.03873 0.05986 0.04930 0.00704 0.02113 0.08099
A2BXY8                         0.03169 0.03873 0.04577 0.03521 0.00704 0.02817 0.07394 0.07042 0.01761 0.10211 0.11268 0.10915 0.01761 0.03521 0.03521 0.06690 0.05986 0.00704 0.02113 0.08451
Q2JV43                         0.09155 0.07042 0.01761 0.04225 0.00704 0.05986 0.04930 0.07042 0.03169 0.07394 0.11268 0.04225 0.00704 0.02465 0.07042 0.04577 0.04577 0.01056 0.02465 0.10211
A8G691                         0.03169 0.05634 0.05634 0.04225 0.00704 0.03521 0.07746 0.07042 0.01761 0.08803 0.10563 0.08803 0.01761 0.03873 0.03873 0.06338 0.04930 0.00704 0.01761 0.09155
B0JVJ7                         0.06690 0.05986 0.04577 0.03873 0.00000 0.04930 0.07042 0.07042 0.01408 0.08803 0.10915 0.05986 0.01408 0.03521 0.04930 0.06338 0.05634 0.00704 0.02465 0.07746
A2C447                         0.04225 0.04930 0.03873 0.03521 0.01761 0.03873 0.07746 0.07042 0.02113 0.11268 0.09859 0.08099 0.01056 0.04930 0.04577 0.07394 0.04225 0.01056 0.01761 0.06690
B1XPH0                         0.08451 0.06690 0.02817 0.04225 0.00000 0.07746 0.05634 0.07042 0.02113 0.10211 0.10563 0.06690 0.01056 0.02817 0.04930 0.03521 0.04930 0.00704 0.02113 0.07746
B5W9G1                         0.05634 0.05282 0.02817 0.04577 0.00000 0.07746 0.04577 0.07746 0.02465 0.09155 0.10563 0.06338 0.01761 0.02465 0.04225 0.05634 0.05634 0.01056 0.03169 0.09155
Q7U5T2                         0.09155 0.07042 0.01408 0.03521 0.01056 0.05282 0.07746 0.09155 0.02465 0.05282 0.13028 0.03873 0.02465 0.01056 0.05634 0.04930 0.04577 0.01056 0.01408 0.09859
Q319K8                         0.03521 0.05634 0.05634 0.03873 0.00704 0.03169 0.08451 0.07042 0.01408 0.09155 0.11268 0.08099 0.02113 0.03521 0.03873 0.06338 0.04930 0.00704 0.02113 0.08451
Q7V0H6                         0.03873 0.03521 0.05634 0.03873 0.00704 0.02817 0.07394 0.07042 0.01761 0.09507 0.11620 0.10211 0.01761 0.03169 0.03873 0.05986 0.05282 0.00704 0.01761 0.09507
C7QM72                         0.05282 0.04577 0.04225 0.03521 0.00000 0.08099 0.07394 0.07394 0.01408 0.10915 0.09859 0.05282 0.01408 0.02817 0.05282 0.04930 0.05986 0.00704 0.02817 0.08099
B7K414                         0.05634 0.04577 0.04225 0.03521 0.00000 0.08099 0.07042 0.07394 0.01408 0.10915 0.09859 0.05282 0.01408 0.02817 0.05282 0.04930 0.05986 0.00704 0.02817 0.08099
A3PEB4                         0.03873 0.05634 0.05634 0.04225 0.01056 0.03169 0.08451 0.07042 0.01761 0.09507 0.10563 0.08099 0.02113 0.03873 0.03873 0.05986 0.04930 0.00704 0.01761 0.07746
Q7VAU9                         0.04225 0.05986 0.04225 0.03521 0.01056 0.03521 0.06338 0.08803 0.01408 0.09507 0.10915 0.07746 0.01056 0.03873 0.05282 0.06690 0.04577 0.01056 0.01408 0.08803
A5GUR1                         0.05634 0.07042 0.02465 0.03873 0.00704 0.04225 0.08451 0.08803 0.02465 0.04930 0.14085 0.04577 0.02113 0.01761 0.05986 0.05986 0.04577 0.00352 0.01408 0.10563
A5GMI7                         0.08451 0.07042 0.01408 0.04225 0.01408 0.06338 0.07394 0.08451 0.02465 0.04930 0.13380 0.03521 0.01761 0.01056 0.06690 0.03873 0.04577 0.01056 0.01408 0.10563
Q55526                         0.06338 0.06338 0.02817 0.03521 0.00352 0.08099 0.05986 0.07042 0.01761 0.07746 0.10211 0.04930 0.01056 0.03873 0.05634 0.05986 0.06338 0.00704 0.02113 0.09155
A3INF0                         0.04577 0.04930 0.03873 0.03521 0.00000 0.07394 0.05986 0.07394 0.01761 0.12676 0.09155 0.07042 0.01408 0.03169 0.04577 0.05634 0.06690 0.00704 0.02817 0.06690
Q05WY4                         0.08099 0.06338 0.02465 0.04225 0.01056 0.06690 0.07394 0.07394 0.02465 0.04930 0.12676 0.04225 0.01761 0.01408 0.05986 0.04577 0.05282 0.01056 0.01408 0.10563
Q3AL77                         0.09859 0.07042 0.01761 0.03521 0.01056 0.04930 0.07746 0.08451 0.02113 0.04577 0.13732 0.04225 0.01761 0.01056 0.05634 0.03873 0.04930 0.01056 0.01761 0.10915
B1WT49                         0.04930 0.04225 0.04225 0.03521 0.00000 0.07042 0.06338 0.07042 0.01408 0.12324 0.08803 0.07746 0.01408 0.03169 0.04930 0.05634 0.06690 0.00704 0.02465 0.07394
Q4C234                         0.05634 0.04577 0.04577 0.03521 0.00000 0.06690 0.06338 0.07394 0.01408 0.12676 0.09155 0.07394 0.01761 0.03169 0.04577 0.05986 0.05634 0.00704 0.02817 0.05986
Q0IC35                         0.07746 0.07394 0.02113 0.05282 0.01056 0.04930 0.06690 0.08451 0.01761 0.05986 0.14085 0.04225 0.01761 0.01408 0.05634 0.04930 0.04577 0.01056 0.01408 0.09507
Q7V8J1                         0.08099 0.07394 0.01761 0.03169 0.01761 0.05986 0.08099 0.08451 0.02113 0.04930 0.13380 0.03521 0.01761 0.01056 0.05634 0.04577 0.04225 0.01056 0.01761 0.11268
Q3AX07                         0.07394 0.07042 0.01761 0.04930 0.01056 0.04930 0.06690 0.08451 0.03169 0.04930 0.14085 0.04225 0.01761 0.01056 0.05634 0.04930 0.04930 0.01056 0.01761 0.10211
Q060C5                         0.07394 0.07042 0.01761 0.04930 0.01056 0.04930 0.06690 0.08451 0.02817 0.04930 0.14085 0.04225 0.01761 0.01056 0.05634 0.04930 0.04930 0.01056 0.02113 0.10211
A3ZAC0                         0.09155 0.07042 0.01408 0.04577 0.01408 0.05986 0.06690 0.07746 0.02465 0.05634 0.14085 0.03873 0.01408 0.01056 0.06338 0.04225 0.04225 0.01056 0.01408 0.10211
B7KA73                         0.07042 0.05282 0.04225 0.03873 0.00000 0.06338 0.06690 0.07042 0.01761 0.08099 0.11620 0.05282 0.01761 0.03169 0.05282 0.05634 0.04577 0.00704 0.02465 0.09155
A2CB29                         0.08099 0.07394 0.01761 0.03169 0.01408 0.05986 0.08099 0.08451 0.02113 0.04930 0.13380 0.03873 0.01761 0.01408 0.06338 0.03873 0.04225 0.01056 0.01408 0.11268
A3YV73                         0.09507 0.07746 0.02113 0.03521 0.00704 0.03521 0.07394 0.07746 0.02113 0.04225 0.15141 0.03873 0.00704 0.02113 0.06690 0.06338 0.03521 0.00704 0.01408 0.10915
A4CW55                         0.08803 0.07394 0.01408 0.04225 0.01408 0.05986 0.07042 0.08099 0.02465 0.04930 0.13380 0.03521 0.01761 0.01056 0.06338 0.04225 0.04930 0.01056 0.01408 0.10563
P06616                         0.07042 0.06338 0.03521 0.05282 0.00352 0.02817 0.08451 0.07394 0.02817 0.08803 0.09155 0.06338 0.02817 0.02817 0.03521 0.05282 0.04930 0.01056 0.02465 0.08803
B7MYJ7                         0.07042 0.06338 0.03521 0.05634 0.00352 0.02817 0.08099 0.07394 0.02817 0.08803 0.09155 0.06338 0.02817 0.02817 0.03521 0.05282 0.04930 0.01056 0.02465 0.08803
B7LUZ8                         0.07042 0.06338 0.03521 0.05634 0.00352 0.02817 0.08099 0.07394 0.02817 0.08803 0.09155 0.06338 0.02817 0.02817 0.03521 0.05282 0.04930 0.01056 0.02465 0.08803
B8HSV1                         0.07746 0.05282 0.01761 0.04577 0.00000 0.05634 0.04930 0.08099 0.02113 0.07394 0.11972 0.05634 0.01761 0.02817 0.05634 0.05634 0.06690 0.00704 0.02113 0.09507
B4AZE1                         0.06338 0.04930 0.04577 0.03873 0.00000 0.06690 0.07042 0.07042 0.02113 0.08451 0.10563 0.05282 0.01408 0.02817 0.05282 0.04930 0.05282 0.00704 0.02817 0.09859

Homogeneity statistic: X2 = 5.03094 G = 5.19183 

Average                        0.06457 0.05460 0.03277 0.04334 0.00612 0.05233 0.07080 0.06999 0.02183 0.08640 0.11360 0.06950 0.01717 0.02985 0.04756 0.05482 0.04995 0.00785 0.02291 0.08402

# constant sites:     29 (10.21%)
ln Lmax (unconstrained) = -1578.648687

AA distances (raw proportions of different sites)

A8EVH0         
D1B1T7           0.3592
A6Q3Q3           0.3873  0.3345
A6QAX0           0.3768  0.3838  0.3099
Q7M8Z8           0.3979  0.3979  0.3697  0.3662
Q30QS6           0.3979  0.3944  0.3873  0.3627  0.4225
B9L5M2           0.4296  0.4437  0.3627  0.4049  0.4789  0.4542
B9KGA1           0.4718  0.5000  0.4648  0.5246  0.5317  0.4930  0.5317
A8FL79           0.5000  0.5176  0.4824  0.5423  0.5387  0.5176  0.5458  0.3275
Q4HHY1           0.5141  0.5211  0.4930  0.5528  0.5599  0.5211  0.5493  0.3521  0.1901
A7H4F3           0.5106  0.5317  0.4965  0.5528  0.5528  0.5317  0.5599  0.3380  0.0423  0.2042
Q4HS36           0.5317  0.5599  0.5176  0.5775  0.5704  0.5423  0.5739  0.3944  0.2500  0.2570  0.2606
P56059           0.5211  0.4965  0.4754  0.4648  0.4261  0.4754  0.5000  0.5845  0.5669  0.5739  0.5775  0.5880
Q2JHI1           0.6549  0.6303  0.6268  0.6620  0.6303  0.6549  0.6268  0.6866  0.6655  0.6549  0.6761  0.6831  0.6761
Q7ND14           0.6620  0.6127  0.5951  0.6127  0.6197  0.6479  0.6056  0.7042  0.6761  0.6690  0.6866  0.6937  0.6620  0.3592
A0ZHM4           0.6549  0.6268  0.6268  0.6373  0.6303  0.6549  0.6162  0.6725  0.6655  0.6549  0.6761  0.6866  0.6655  0.3345  0.3486
A0YYZ5           0.6514  0.6092  0.6268  0.6514  0.6303  0.6549  0.5986  0.6761  0.6514  0.6479  0.6585  0.6866  0.6690  0.3380  0.3451  0.1866
Q3M4H1           0.6479  0.6338  0.6162  0.6338  0.6373  0.6549  0.6127  0.6655  0.6585  0.6514  0.6655  0.6866  0.6585  0.3310  0.3662  0.1232  0.2042
Q8YYD8           0.6514  0.6338  0.6197  0.6338  0.6373  0.6549  0.6056  0.6655  0.6549  0.6479  0.6620  0.6866  0.6585  0.3275  0.3627  0.1232  0.2007  0.0141
B9YMS4           0.6444  0.6549  0.6373  0.6479  0.6303  0.6514  0.6197  0.6796  0.6690  0.6655  0.6761  0.6901  0.6690  0.3732  0.3944  0.1620  0.2394  0.1268  0.1303
B2J752           0.6585  0.6479  0.6338  0.6408  0.6232  0.6655  0.6268  0.6690  0.6655  0.6549  0.6725  0.6901  0.6655  0.3556  0.3697  0.1408  0.2289  0.1162  0.1197  0.1338
Q110F4           0.6585  0.6197  0.6373  0.6479  0.6268  0.6549  0.6092  0.6725  0.6655  0.6620  0.6796  0.7113  0.6796  0.3732  0.3803  0.2148  0.2148  0.2324  0.2289  0.2430  0.2289
A9BBP7           0.6761  0.6408  0.6021  0.6338  0.6232  0.6549  0.6162  0.6901  0.6549  0.6549  0.6690  0.6796  0.6620  0.4155  0.4472  0.4155  0.4190  0.4225  0.4225  0.4437  0.4331  0.4190
Q8DMQ5           0.6796  0.6549  0.6092  0.6303  0.6444  0.6549  0.6162  0.7113  0.6901  0.6901  0.6972  0.6866  0.6866  0.3732  0.3944  0.3908  0.3697  0.3803  0.3732  0.4049  0.3944  0.3908  0.4261
B0C2B8           0.6655  0.6373  0.6162  0.6479  0.6444  0.6761  0.6056  0.6690  0.6655  0.6585  0.6761  0.7007  0.6585  0.3521  0.3873  0.1972  0.2324  0.2359  0.2359  0.2500  0.2430  0.2606  0.4366  0.3697
Q46JI9           0.6725  0.6268  0.6373  0.6549  0.6268  0.6373  0.6408  0.6831  0.6408  0.6514  0.6549  0.6761  0.6796  0.4401  0.4930  0.4331  0.4437  0.4472  0.4472  0.4472  0.4472  0.4683  0.3592  0.4577  0.4507
Q5N2D4           0.6761  0.6338  0.5951  0.6444  0.6232  0.6549  0.6197  0.6972  0.6866  0.6761  0.6972  0.7077  0.6620  0.3521  0.3592  0.2817  0.2782  0.2887  0.2887  0.3099  0.2923  0.2923  0.4225  0.3803  0.2817  0.4472
Q31RX7           0.6761  0.6338  0.5951  0.6444  0.6232  0.6549  0.6197  0.6972  0.6866  0.6761  0.6972  0.7077  0.6620  0.3521  0.3592  0.2817  0.2782  0.2887  0.2887  0.3099  0.2923  0.2923  0.4225  0.3803  0.2817  0.4472  0.0000
A2BSK2           0.6761  0.6514  0.6232  0.6549  0.6444  0.6620  0.6162  0.6690  0.6585  0.6620  0.6620  0.6690  0.6972  0.4754  0.4789  0.4754  0.4789  0.4789  0.4824  0.4824  0.4789  0.4894  0.4648  0.4824  0.4683  0.4049  0.4683  0.4683
A2BXY8           0.6725  0.6444  0.6197  0.6479  0.6303  0.6373  0.6021  0.6761  0.6514  0.6549  0.6620  0.6690  0.6866  0.4577  0.4683  0.4542  0.4437  0.4648  0.4683  0.4754  0.4648  0.4683  0.4437  0.4859  0.4472  0.3908  0.4507  0.4507  0.1725
Q2JV43           0.6549  0.6338  0.6092  0.6549  0.6268  0.6620  0.6197  0.6866  0.6725  0.6620  0.6866  0.6866  0.6690  0.0810  0.3592  0.3099  0.3028  0.2923  0.2887  0.3415  0.3275  0.3627  0.4190  0.3697  0.3310  0.4261  0.3415  0.3415  0.4613  0.4366
A8G691           0.6761  0.6479  0.6197  0.6444  0.6479  0.6620  0.6197  0.6690  0.6620  0.6585  0.6655  0.6725  0.7042  0.4824  0.4754  0.4789  0.4789  0.4754  0.4789  0.4859  0.4824  0.4930  0.4577  0.4894  0.4648  0.4120  0.4683  0.4683  0.0493  0.1796  0.4648
B0JVJ7           0.6620  0.6338  0.6021  0.6373  0.6303  0.6620  0.5986  0.6901  0.6655  0.6655  0.6690  0.7042  0.6690  0.3873  0.3838  0.2500  0.2887  0.2641  0.2676  0.2782  0.2641  0.3028  0.4648  0.3979  0.2817  0.4648  0.3204  0.3204  0.4577  0.4507  0.3592  0.4577
A2C447           0.6761  0.6303  0.6408  0.6549  0.6303  0.6408  0.6408  0.6866  0.6444  0.6549  0.6585  0.6796  0.6831  0.4401  0.4930  0.4366  0.4437  0.4472  0.4472  0.4472  0.4472  0.4683  0.3592  0.4577  0.4507  0.0141  0.4472  0.4472  0.4085  0.3944  0.4261  0.4155  0.4648
B1XPH0           0.6725  0.6338  0.6021  0.6338  0.6408  0.6549  0.6232  0.6866  0.6796  0.6831  0.6901  0.7077  0.6338  0.3697  0.3979  0.2887  0.3099  0.2993  0.2958  0.3239  0.3099  0.3099  0.4401  0.3592  0.2782  0.4824  0.3099  0.3099  0.4754  0.4613  0.3451  0.4683  0.3099  0.4824
B5W9G1           0.6620  0.6197  0.6268  0.6444  0.6373  0.6549  0.6021  0.6655  0.6620  0.6549  0.6761  0.6937  0.6514  0.3627  0.3662  0.2042  0.1901  0.2077  0.2077  0.2324  0.2289  0.2183  0.4331  0.3697  0.2500  0.4437  0.2887  0.2887  0.4401  0.4190  0.3415  0.4437  0.2817  0.4437  0.2993
Q7U5T2           0.6725  0.6373  0.6303  0.6444  0.6056  0.6655  0.6162  0.7218  0.6796  0.7077  0.6937  0.6866  0.6690  0.4049  0.4120  0.4049  0.4014  0.4014  0.4014  0.4190  0.4120  0.4014  0.2958  0.4014  0.4120  0.3521  0.4014  0.4014  0.4296  0.4366  0.3979  0.4401  0.4261  0.3521  0.4049  0.4155
Q319K8           0.6831  0.6549  0.6232  0.6514  0.6514  0.6585  0.6092  0.6690  0.6620  0.6549  0.6655  0.6761  0.6972  0.4754  0.4648  0.4613  0.4718  0.4718  0.4754  0.4683  0.4648  0.4789  0.4542  0.4718  0.4613  0.3768  0.4577  0.4577  0.0915  0.1725  0.4648  0.1127  0.4366  0.3803  0.4648  0.4331  0.4296
Q7V0H6           0.6725  0.6479  0.6197  0.6514  0.6444  0.6408  0.5986  0.6690  0.6444  0.6585  0.6514  0.6655  0.6796  0.4648  0.4683  0.4613  0.4577  0.4718  0.4754  0.4824  0.4683  0.4718  0.4472  0.4859  0.4577  0.3979  0.4648  0.4648  0.1373  0.0704  0.4577  0.1620  0.4648  0.4014  0.4577  0.4331  0.4225  0.1444
C7QM72           0.6690  0.6408  0.6127  0.6268  0.6127  0.6479  0.6056  0.6761  0.6655  0.6620  0.6761  0.7007  0.6796  0.3697  0.3697  0.2641  0.2746  0.2782  0.2746  0.2993  0.2782  0.2887  0.4542  0.3944  0.2676  0.4507  0.3345  0.3345  0.4683  0.4577  0.3521  0.4683  0.2359  0.4472  0.3134  0.2782  0.4261  0.4507  0.4718
B7K414           0.6690  0.6408  0.6127  0.6268  0.6162  0.6479  0.6056  0.6796  0.6655  0.6620  0.6761  0.7007  0.6796  0.3662  0.3697  0.2676  0.2746  0.2746  0.2711  0.2993  0.2817  0.2852  0.4507  0.3908  0.2711  0.4542  0.3380  0.3380  0.4683  0.4577  0.3486  0.4683  0.2359  0.4507  0.3099  0.2746  0.4261  0.4507  0.4718  0.0035
A3PEB4           0.6831  0.6479  0.6197  0.6514  0.6479  0.6655  0.6232  0.6690  0.6585  0.6620  0.6620  0.6655  0.7042  0.4859  0.4789  0.4789  0.4789  0.4824  0.4859  0.4824  0.4824  0.4930  0.4718  0.4859  0.4718  0.4120  0.4683  0.4683  0.0352  0.1761  0.4648  0.0528  0.4613  0.4155  0.4754  0.4437  0.4401  0.0951  0.1549  0.4683  0.4683
Q7VAU9           0.6831  0.6373  0.6162  0.6549  0.6479  0.6479  0.6338  0.7007  0.6514  0.6690  0.6655  0.6866  0.7042  0.4331  0.4401  0.4331  0.4296  0.4401  0.4401  0.4472  0.4401  0.4437  0.3028  0.4577  0.4472  0.3415  0.4507  0.4507  0.4261  0.4190  0.4437  0.4261  0.4613  0.3451  0.4542  0.4366  0.3169  0.4155  0.4225  0.4648  0.4648  0.4366
A5GUR1           0.6901  0.6479  0.6197  0.6585  0.6373  0.6761  0.6162  0.7077  0.6866  0.6866  0.6937  0.7077  0.6831  0.4120  0.4225  0.3838  0.3838  0.3979  0.3979  0.4085  0.4085  0.4120  0.3556  0.4190  0.3803  0.3979  0.3697  0.3697  0.4155  0.4120  0.4049  0.4120  0.4155  0.3979  0.4014  0.4085  0.2852  0.4085  0.4190  0.4331  0.4331  0.4155  0.3451
A5GMI7           0.6831  0.6408  0.6303  0.6549  0.6162  0.6655  0.6197  0.7183  0.6796  0.6901  0.6901  0.6937  0.6866  0.3908  0.4085  0.3768  0.3979  0.3873  0.3873  0.4049  0.3944  0.3979  0.2993  0.4190  0.3979  0.3592  0.3979  0.3979  0.4190  0.4331  0.3838  0.4155  0.4331  0.3592  0.3944  0.4261  0.1514  0.4155  0.4261  0.4120  0.4120  0.4190  0.2993  0.2923
Q55526           0.6761  0.6444  0.6092  0.6444  0.6408  0.6761  0.6092  0.6937  0.6972  0.6937  0.7077  0.7148  0.6831  0.3979  0.4085  0.3099  0.3239  0.3063  0.3028  0.3239  0.3239  0.3310  0.4718  0.3627  0.2887  0.4648  0.3345  0.3345  0.4859  0.4824  0.3732  0.4930  0.2746  0.4648  0.2993  0.3063  0.4085  0.4718  0.4894  0.2923  0.2887  0.4894  0.4894  0.3732  0.3979
A3INF0           0.6725  0.6338  0.6162  0.6268  0.6373  0.6549  0.6021  0.6690  0.6549  0.6514  0.6725  0.7042  0.6796  0.3768  0.3979  0.2606  0.2641  0.2570  0.2535  0.2817  0.2641  0.2641  0.4648  0.3908  0.2535  0.4577  0.3451  0.3451  0.4613  0.4366  0.3521  0.4577  0.2465  0.4577  0.3028  0.2500  0.4472  0.4401  0.4577  0.1937  0.1901  0.4648  0.4648  0.4120  0.4437  0.2711
Q05WY4           0.6866  0.6303  0.6197  0.6514  0.6232  0.6549  0.6162  0.7254  0.6761  0.7042  0.6866  0.7042  0.6761  0.3979  0.3979  0.4049  0.4049  0.4014  0.4014  0.4190  0.4085  0.4120  0.3063  0.4049  0.4014  0.3556  0.3944  0.3944  0.4296  0.4155  0.3873  0.4155  0.4261  0.3556  0.3944  0.4225  0.1831  0.4120  0.4190  0.4085  0.4085  0.4296  0.3310  0.2852  0.1303  0.4085  0.4507
Q3AL77           0.6831  0.6444  0.6303  0.6514  0.6232  0.6690  0.6127  0.7324  0.6831  0.7113  0.6972  0.6937  0.6796  0.3944  0.4120  0.4049  0.3944  0.4049  0.4014  0.4225  0.4225  0.4190  0.2958  0.4049  0.4049  0.3556  0.4085  0.4085  0.4190  0.4261  0.3803  0.4190  0.4261  0.3556  0.4014  0.4120  0.0810  0.4120  0.4085  0.4296  0.4296  0.4225  0.3204  0.2817  0.1725  0.4190  0.4507  0.1796
B1WT49           0.6655  0.6268  0.6162  0.6303  0.6338  0.6514  0.5986  0.6690  0.6690  0.6690  0.6796  0.7042  0.6796  0.3944  0.4049  0.2817  0.2711  0.2923  0.2887  0.3028  0.2923  0.2746  0.4754  0.3873  0.2817  0.4507  0.3415  0.3415  0.4613  0.4296  0.3732  0.4577  0.2535  0.4507  0.3063  0.2746  0.4507  0.4401  0.4472  0.1937  0.1937  0.4577  0.4577  0.4190  0.4331  0.2923  0.0986  0.4366  0.4366
Q4C234           0.6655  0.6373  0.6268  0.6373  0.6444  0.6585  0.5986  0.6725  0.6620  0.6549  0.6690  0.7007  0.6901  0.3944  0.4049  0.2782  0.2782  0.2852  0.2817  0.3099  0.2887  0.2887  0.4577  0.4014  0.2782  0.4507  0.3592  0.3592  0.4683  0.4401  0.3768  0.4613  0.2359  0.4507  0.2993  0.2711  0.4401  0.4437  0.4577  0.1761  0.1725  0.4683  0.4472  0.4120  0.4437  0.2887  0.1162  0.4401  0.4366  0.0951
Q0IC35           0.6901  0.6338  0.6232  0.6549  0.6127  0.6690  0.6092  0.7148  0.6866  0.6937  0.6972  0.6937  0.6761  0.4049  0.4085  0.3873  0.3944  0.3873  0.3873  0.4049  0.4049  0.4190  0.2993  0.4296  0.3944  0.3275  0.4049  0.4049  0.4120  0.4014  0.3873  0.4085  0.4366  0.3310  0.4049  0.4155  0.1725  0.3979  0.3944  0.4155  0.4155  0.4120  0.2923  0.2817  0.1162  0.4331  0.4401  0.1479  0.1690  0.4401  0.4437
Q7V8J1           0.6761  0.6338  0.6162  0.6408  0.6092  0.6514  0.6021  0.7218  0.6725  0.6901  0.6901  0.7007  0.6620  0.4190  0.4225  0.4085  0.4049  0.3908  0.3873  0.4225  0.4225  0.4120  0.2923  0.4331  0.4190  0.3486  0.3979  0.3979  0.4190  0.4261  0.4085  0.4225  0.4331  0.3521  0.4331  0.4225  0.1444  0.4085  0.4120  0.4261  0.4261  0.4225  0.3099  0.2958  0.1761  0.4366  0.4577  0.1901  0.1444  0.4542  0.4613  0.1796
Q3AX07           0.6725  0.6408  0.6197  0.6549  0.6056  0.6761  0.6197  0.7218  0.6796  0.7077  0.6937  0.6937  0.6761  0.3838  0.4190  0.3944  0.3944  0.3908  0.3908  0.4049  0.4085  0.4014  0.3169  0.4085  0.4085  0.3345  0.3979  0.3979  0.4296  0.4190  0.3838  0.4331  0.4296  0.3345  0.4155  0.4085  0.1232  0.4225  0.4190  0.4296  0.4296  0.4366  0.3275  0.2817  0.1972  0.4261  0.4401  0.2113  0.1232  0.4472  0.4472  0.1725  0.1585
Q060C5           0.6725  0.6408  0.6197  0.6549  0.6056  0.6761  0.6232  0.7218  0.6796  0.7077  0.6937  0.6937  0.6761  0.3873  0.4190  0.3944  0.3979  0.3908  0.3908  0.4049  0.4085  0.4014  0.3204  0.4155  0.4085  0.3345  0.3979  0.3979  0.4296  0.4190  0.3908  0.4331  0.4296  0.3310  0.4190  0.4120  0.1303  0.4225  0.4190  0.4296  0.4296  0.4366  0.3275  0.2887  0.2007  0.4296  0.4401  0.2183  0.1268  0.4472  0.4472  0.1761  0.1655  0.0106
A3ZAC0           0.6796  0.6408  0.6268  0.6479  0.6127  0.6585  0.6056  0.7254  0.6866  0.6972  0.6972  0.6937  0.6690  0.3873  0.4014  0.3732  0.3944  0.3838  0.3838  0.4049  0.3944  0.4085  0.3028  0.4120  0.3908  0.3521  0.3944  0.3944  0.4225  0.4085  0.3803  0.4155  0.4261  0.3521  0.3908  0.4225  0.1479  0.4085  0.4085  0.4190  0.4190  0.4261  0.3028  0.2852  0.1162  0.4155  0.4542  0.1232  0.1585  0.4437  0.4437  0.1268  0.1761  0.1796  0.1831
B7KA73           0.6585  0.6444  0.6021  0.6373  0.6232  0.6620  0.6021  0.6866  0.6620  0.6655  0.6725  0.7007  0.6585  0.3732  0.3803  0.2430  0.2535  0.2430  0.2394  0.2676  0.2641  0.2746  0.4507  0.3732  0.2500  0.4542  0.3169  0.3169  0.4683  0.4472  0.3451  0.4718  0.2113  0.4577  0.2993  0.2535  0.4261  0.4577  0.4613  0.1901  0.1866  0.4718  0.4542  0.4120  0.4085  0.2500  0.2113  0.4225  0.4261  0.2218  0.2148  0.4120  0.4049  0.4155  0.4155  0.4085
A2CB29           0.6761  0.6338  0.6162  0.6479  0.6127  0.6585  0.6056  0.7254  0.6761  0.6937  0.6937  0.6972  0.6690  0.4120  0.4225  0.4120  0.4014  0.3944  0.3908  0.4296  0.4261  0.4120  0.2923  0.4261  0.4155  0.3521  0.3944  0.3944  0.4190  0.4261  0.4014  0.4261  0.4366  0.3556  0.4331  0.4261  0.1444  0.4085  0.4120  0.4296  0.4296  0.4225  0.3028  0.2923  0.1725  0.4331  0.4613  0.1901  0.1408  0.4542  0.4613  0.1796  0.0246  0.1585  0.1655  0.1725  0.4155
A3YV73           0.6972  0.6549  0.6092  0.6514  0.6338  0.6761  0.5986  0.7148  0.6866  0.7007  0.6972  0.7077  0.6796  0.4120  0.4155  0.3838  0.3944  0.3873  0.3838  0.3979  0.4085  0.4120  0.3310  0.4155  0.3944  0.4049  0.3697  0.3697  0.4261  0.4225  0.4049  0.4296  0.4366  0.4049  0.4120  0.4049  0.2606  0.4085  0.4190  0.4366  0.4366  0.4261  0.3380  0.2183  0.2500  0.3944  0.4366  0.2535  0.2535  0.4331  0.4437  0.2535  0.2570  0.2606  0.2641  0.2394  0.4014  0.2500
A4CW55           0.6901  0.6479  0.6373  0.6585  0.6162  0.6725  0.6268  0.7254  0.6866  0.6901  0.6972  0.7007  0.6831  0.3944  0.4120  0.3838  0.3944  0.3873  0.3873  0.4120  0.3979  0.4014  0.3063  0.4155  0.3979  0.3556  0.4049  0.4049  0.4225  0.4261  0.3873  0.4190  0.4366  0.3556  0.3944  0.4225  0.1585  0.4120  0.4261  0.4155  0.4155  0.4261  0.3028  0.2923  0.0211  0.4014  0.4472  0.1268  0.1761  0.4401  0.4472  0.1127  0.1725  0.1937  0.1972  0.1092  0.4120  0.1690  0.2535
P06616           0.6761  0.6866  0.6549  0.6549  0.6338  0.6761  0.6162  0.6620  0.6831  0.6831  0.6866  0.7007  0.6232  0.6408  0.6338  0.6021  0.6197  0.6127  0.6162  0.6268  0.6056  0.6232  0.6303  0.6197  0.6056  0.6444  0.6127  0.6127  0.6197  0.6232  0.6338  0.6197  0.6232  0.6408  0.6127  0.6232  0.6232  0.6197  0.6268  0.6303  0.6338  0.6197  0.6690  0.6162  0.6268  0.6338  0.6232  0.6303  0.6162  0.6197  0.6338  0.6232  0.6268  0.6162  0.6127  0.6232  0.6197  0.6338  0.6303  0.6197
B7MYJ7           0.6761  0.6866  0.6549  0.6585  0.6373  0.6761  0.6162  0.6620  0.6831  0.6831  0.6866  0.7007  0.6232  0.6408  0.6338  0.6021  0.6197  0.6127  0.6162  0.6268  0.6056  0.6232  0.6338  0.6197  0.6056  0.6444  0.6127  0.6127  0.6197  0.6232  0.6338  0.6162  0.6232  0.6408  0.6127  0.6232  0.6232  0.6197  0.6268  0.6303  0.6338  0.6197  0.6690  0.6162  0.6268  0.6338  0.6232  0.6303  0.6162  0.6197  0.6338  0.6232  0.6268  0.6162  0.6127  0.6232  0.6232  0.6338  0.6303  0.6197  0.0035
B7LUZ8           0.6761  0.6866  0.6549  0.6585  0.6373  0.6761  0.6162  0.6620  0.6831  0.6831  0.6866  0.7007  0.6232  0.6408  0.6338  0.6021  0.6197  0.6127  0.6162  0.6268  0.6056  0.6232  0.6338  0.6197  0.6056  0.6444  0.6127  0.6127  0.6197  0.6232  0.6338  0.6162  0.6232  0.6408  0.6127  0.6232  0.6232  0.6197  0.6268  0.6303  0.6338  0.6197  0.6690  0.6162  0.6268  0.6338  0.6232  0.6303  0.6162  0.6197  0.6338  0.6232  0.6268  0.6162  0.6127  0.6232  0.6232  0.6338  0.6303  0.6197  0.0035  0.0000
B8HSV1           0.6655  0.6162  0.6092  0.6338  0.6232  0.6585  0.6232  0.6901  0.6901  0.6866  0.7007  0.7077  0.6514  0.3099  0.3592  0.2394  0.2606  0.2324  0.2324  0.2570  0.2535  0.2500  0.4014  0.3451  0.2394  0.4401  0.2676  0.2676  0.4683  0.4577  0.3063  0.4718  0.2852  0.4401  0.2817  0.2711  0.3803  0.4577  0.4613  0.2852  0.2817  0.4718  0.4261  0.3592  0.3662  0.2923  0.2817  0.3662  0.3803  0.3028  0.2958  0.3732  0.3803  0.3768  0.3768  0.3697  0.2535  0.3873  0.3697  0.3697  0.6162  0.6162  0.6162
B4AZE1           0.6655  0.6514  0.6162  0.6408  0.6373  0.6690  0.6162  0.6937  0.6796  0.6725  0.6866  0.7077  0.6761  0.3627  0.3732  0.2570  0.2641  0.2641  0.2606  0.2711  0.2676  0.2711  0.4507  0.3873  0.2641  0.4718  0.3099  0.3099  0.4718  0.4542  0.3451  0.4718  0.1972  0.4718  0.2993  0.2606  0.4296  0.4613  0.4718  0.2042  0.2007  0.4718  0.4613  0.4120  0.4120  0.2641  0.2077  0.4225  0.4261  0.2113  0.2183  0.4261  0.4261  0.4190  0.4190  0.4155  0.0880  0.4331  0.4049  0.4190  0.6373  0.6338  0.6338  0.2606


TREE #  1:  (9, 11, ((12, 10), (8, ((3, (7, ((63, (62, 61)), (15, ((14, 31), ((24, ((38, ((42, (29, 32)), (39, 30))), ((44, 59), (((56, ((45, 60), (48, 52))), ((53, 58), ((54, 55), (49, 37)))), (23, (43, (26, 34))))))), ((27, 28), (64, ((25, (35, (46, (((40, 41), (51, (47, 50))), ((57, 65), 33))))), ((16, ((18, 19), (20, 21))), (22, (36, 17)))))))))))), (((5, 13), (6, 4)), (2, 1))))));   MP score: 2827
lnL(ntime:127  np:128): -14373.293076      +0.000000
  66..9    66..11   66..67   67..68   68..12   68..10   67..69   69..8    69..70   70..71   71..3    71..72   72..7    72..73   73..74   74..63   74..75   75..62   75..61   73..76   76..15   76..77   77..78   78..14   78..31   77..79   79..80   80..24   80..81   81..82   82..38   82..83   83..84   84..42   84..85   85..29   85..32   83..86   86..39   86..30   81..87   87..88   88..44   88..59   87..89   89..90   90..91   91..56   91..92   92..93   93..45   93..60   92..94   94..48   94..52   90..95   95..96   96..53   96..58   95..97   97..98   98..54   98..55   97..99   99..49   99..37   89..100 100..23  100..101 101..43  101..102 102..26  102..34   79..103 103..104 104..27  104..28  103..105 105..64  105..106 106..107 107..25  107..108 108..35  108..109 109..46  109..110 110..111 111..112 112..40  112..41  111..113 113..51  113..114 114..47  114..50  110..115 115..116 116..57  116..65  115..33  106..117 117..118 118..16  118..119 119..120 120..18  120..19  119..121 121..20  121..21  117..122 122..22  122..123 123..36  123..17   70..124 124..125 125..126 126..5   126..13  125..127 127..6   127..4   124..128 128..2   128..1  
 0.006517 0.048477 0.089226 0.075260 0.291068 0.142513 0.281833 0.287642 0.696882 0.087300 0.190019 0.265242 0.380914 1.321706 1.835706 0.000004 0.000004 0.000004 0.004554 0.815417 0.537583 0.038331 0.343505 0.109961 0.005026 0.085318 0.062550 0.467638 0.309806 0.764683 0.017133 0.042275 0.054261 0.023619 0.005942 0.017220 0.053205 0.156758 0.019290 0.075331 0.137945 0.100717 0.270993 0.154270 0.113643 0.079254 0.056241 0.083248 0.035695 0.073828 0.013660 0.016215 0.002819 0.124120 0.119181 0.042633 0.129890 0.023458 0.010567 0.062000 0.131216 0.003998 0.010219 0.024464 0.070312 0.062531 0.168636 0.334740 0.087429 0.322789 0.452392 0.000004 0.018327 0.172204 0.294872 0.000004 0.000004 0.065388 0.270449 0.058905 0.043772 0.189262 0.076917 0.384247 0.080652 0.348366 0.039809 0.085579 0.139323 0.004404 0.000004 0.105288 0.053187 0.028302 0.080963 0.053943 0.049377 0.082319 0.057750 0.066157 0.254425 0.053139 0.109001 0.080288 0.052488 0.057757 0.006689 0.011103 0.029922 0.115203 0.100957 0.024828 0.255388 0.045092 0.203392 0.124394 0.066531 0.062405 0.215143 0.319627 0.848763 0.108351 0.516474 0.288527 0.095215 0.458606 0.411267 0.681317

tree length =  21.09358

(9: 0.006517, 11: 0.048477, ((12: 0.291068, 10: 0.142513): 0.075260, (8: 0.287642, ((3: 0.190019, (7: 0.380914, ((63: 0.000004, (62: 0.000004, 61: 0.004554): 0.000004): 1.835706, (15: 0.537583, ((14: 0.109961, 31: 0.005026): 0.343505, ((24: 0.467638, ((38: 0.017133, ((42: 0.023619, (29: 0.017220, 32: 0.053205): 0.005942): 0.054261, (39: 0.019290, 30: 0.075331): 0.156758): 0.042275): 0.764683, ((44: 0.270993, 59: 0.154270): 0.100717, (((56: 0.083248, ((45: 0.013660, 60: 0.016215): 0.073828, (48: 0.124120, 52: 0.119181): 0.002819): 0.035695): 0.056241, ((53: 0.023458, 58: 0.010567): 0.129890, ((54: 0.003998, 55: 0.010219): 0.131216, (49: 0.070312, 37: 0.062531): 0.024464): 0.062000): 0.042633): 0.079254, (23: 0.334740, (43: 0.322789, (26: 0.000004, 34: 0.018327): 0.452392): 0.087429): 0.168636): 0.113643): 0.137945): 0.309806): 0.062550, ((27: 0.000004, 28: 0.000004): 0.294872, (64: 0.270449, ((25: 0.189262, (35: 0.384247, (46: 0.348366, (((40: 0.004404, 41: 0.000004): 0.139323, (51: 0.053187, (47: 0.080963, 50: 0.053943): 0.028302): 0.105288): 0.085579, ((57: 0.057750, 65: 0.066157): 0.082319, 33: 0.254425): 0.049377): 0.039809): 0.080652): 0.076917): 0.043772, ((16: 0.080288, ((18: 0.006689, 19: 0.011103): 0.057757, (20: 0.115203, 21: 0.100957): 0.029922): 0.052488): 0.109001, (22: 0.255388, (36: 0.203392, 17: 0.124394): 0.045092): 0.024828): 0.053139): 0.058905): 0.065388): 0.172204): 0.085318): 0.038331): 0.815417): 1.321706): 0.265242): 0.087300, (((5: 0.319627, 13: 0.848763): 0.215143, (6: 0.516474, 4: 0.288527): 0.108351): 0.062405, (2: 0.458606, 1: 0.411267): 0.095215): 0.066531): 0.696882): 0.281833): 0.089226);

(A8FL79: 0.006517, A7H4F3: 0.048477, ((Q4HS36: 0.291068, Q4HHY1: 0.142513): 0.075260, (B9KGA1: 0.287642, ((A6Q3Q3: 0.190019, (B9L5M2: 0.380914, ((B7LUZ8: 0.000004, (B7MYJ7: 0.000004, P06616: 0.004554): 0.000004): 1.835706, (Q7ND14: 0.537583, ((Q2JHI1: 0.109961, Q2JV43: 0.005026): 0.343505, ((Q8DMQ5: 0.467638, ((Q319K8: 0.017133, ((A3PEB4: 0.023619, (A2BSK2: 0.017220, A8G691: 0.053205): 0.005942): 0.054261, (Q7V0H6: 0.019290, A2BXY8: 0.075331): 0.156758): 0.042275): 0.764683, ((A5GUR1: 0.270993, A3YV73: 0.154270): 0.100717, (((A3ZAC0: 0.083248, ((A5GMI7: 0.013660, A4CW55: 0.016215): 0.073828, (Q05WY4: 0.124120, Q0IC35: 0.119181): 0.002819): 0.035695): 0.056241, ((Q7V8J1: 0.023458, A2CB29: 0.010567): 0.129890, ((Q3AX07: 0.003998, Q060C5: 0.010219): 0.131216, (Q3AL77: 0.070312, Q7U5T2: 0.062531): 0.024464): 0.062000): 0.042633): 0.079254, (A9BBP7: 0.334740, (Q7VAU9: 0.322789, (Q46JI9: 0.000004, A2C447: 0.018327): 0.452392): 0.087429): 0.168636): 0.113643): 0.137945): 0.309806): 0.062550, ((Q5N2D4: 0.000004, Q31RX7: 0.000004): 0.294872, (B8HSV1: 0.270449, ((B0C2B8: 0.189262, (B1XPH0: 0.384247, (Q55526: 0.348366, (((C7QM72: 0.004404, B7K414: 0.000004): 0.139323, (Q4C234: 0.053187, (A3INF0: 0.080963, B1WT49: 0.053943): 0.028302): 0.105288): 0.085579, ((B7KA73: 0.057750, B4AZE1: 0.066157): 0.082319, B0JVJ7: 0.254425): 0.049377): 0.039809): 0.080652): 0.076917): 0.043772, ((A0ZHM4: 0.080288, ((Q3M4H1: 0.006689, Q8YYD8: 0.011103): 0.057757, (B9YMS4: 0.115203, B2J752: 0.100957): 0.029922): 0.052488): 0.109001, (Q110F4: 0.255388, (B5W9G1: 0.203392, A0YYZ5: 0.124394): 0.045092): 0.024828): 0.053139): 0.058905): 0.065388): 0.172204): 0.085318): 0.038331): 0.815417): 1.321706): 0.265242): 0.087300, (((Q7M8Z8: 0.319627, P56059: 0.848763): 0.215143, (Q30QS6: 0.516474, A6QAX0: 0.288527): 0.108351): 0.062405, (D1B1T7: 0.458606, A8EVH0: 0.411267): 0.095215): 0.066531): 0.696882): 0.281833): 0.089226);

Detailed output identifying parameters

alpha (gamma, K = 4) =  0.68132
rate:   0.07020  0.35458  0.91774  2.65747
freq:   0.25000  0.25000  0.25000  0.25000

Time used: 33:31
