AAML (in paml version 4.6, August 2012)  246.aa
Model: Empirical for branches,  (../../../bin/LG.dat) dGamma (ncatG=5) ns =  65  ls = 319


Frequencies..
                                    A      R      N      D      C      Q      E      G      H      I      L      K      M      F      P      S      T      W      Y      V
A8ERV5                         0.04702 0.02508 0.06583 0.05329 0.00627 0.01567 0.07524 0.04389 0.02821 0.09404 0.13166 0.10345 0.00627 0.05956 0.02508 0.04702 0.05956 0.00627 0.03762 0.06897
Q30Q85                         0.07210 0.03135 0.04389 0.03762 0.00313 0.02508 0.08150 0.04702 0.03135 0.10345 0.10345 0.07837 0.01254 0.03448 0.02821 0.06270 0.07210 0.00313 0.06270 0.06583
D1B3G2                         0.09091 0.02508 0.04389 0.05329 0.01567 0.03448 0.06270 0.05956 0.02821 0.08464 0.10031 0.05329 0.01567 0.05643 0.03762 0.04075 0.05956 0.00627 0.05329 0.07837
B9L690                         0.05643 0.03135 0.06897 0.05956 0.00000 0.02508 0.06897 0.05016 0.02194 0.09404 0.11285 0.10031 0.01567 0.05956 0.03448 0.04702 0.05329 0.00627 0.04702 0.04702
A6QBX4                         0.08150 0.03762 0.03448 0.05956 0.00627 0.02821 0.07837 0.06583 0.03448 0.07210 0.09718 0.06270 0.01881 0.05016 0.03135 0.06270 0.04702 0.00627 0.03762 0.08777
A6Q510                         0.06897 0.04389 0.02194 0.05329 0.01254 0.04702 0.08777 0.06270 0.03135 0.07524 0.09404 0.05956 0.01881 0.05643 0.03762 0.05956 0.04702 0.00627 0.05329 0.06270
B9KCS5                         0.06583 0.02508 0.04702 0.04075 0.01567 0.04075 0.07837 0.05643 0.02194 0.07524 0.13480 0.10345 0.01254 0.08150 0.01881 0.04702 0.02508 0.00313 0.04702 0.05956
A7H2R8                         0.05643 0.03135 0.05956 0.05016 0.01254 0.04389 0.06897 0.04389 0.01881 0.08150 0.13480 0.11285 0.02508 0.07210 0.02194 0.03135 0.04075 0.00313 0.04702 0.04389
A8FME1                         0.06270 0.03448 0.06583 0.05016 0.01254 0.04389 0.06583 0.04702 0.01881 0.08150 0.13480 0.10658 0.02508 0.07210 0.02194 0.02821 0.03762 0.00313 0.04702 0.04075
O26070                         0.08150 0.02821 0.05016 0.04075 0.01254 0.03762 0.07524 0.04389 0.03448 0.06270 0.15047 0.09091 0.00940 0.06270 0.02508 0.05329 0.02821 0.00000 0.04075 0.07210
Q4HGM8                         0.05956 0.03448 0.03762 0.05329 0.01254 0.02821 0.06897 0.05329 0.02508 0.06897 0.14107 0.10345 0.01567 0.07524 0.01567 0.05643 0.04389 0.00313 0.05016 0.05329
Q4HTF9                         0.06583 0.02821 0.03448 0.03762 0.01567 0.02821 0.08150 0.04389 0.02194 0.07524 0.15674 0.12853 0.00940 0.08150 0.01881 0.04702 0.04389 0.00000 0.03762 0.04389
Q7M927                         0.08464 0.05956 0.02821 0.03135 0.00313 0.03448 0.07524 0.07524 0.02821 0.05956 0.14734 0.04389 0.00940 0.05956 0.05329 0.05016 0.04702 0.02194 0.04389 0.04389
B7MXZ2                         0.11285 0.05329 0.02194 0.05329 0.00940 0.02821 0.06897 0.08464 0.02508 0.05643 0.11285 0.02821 0.01254 0.03135 0.04702 0.05643 0.05956 0.01567 0.02194 0.10031
B7LLF5                         0.11285 0.05329 0.02508 0.05329 0.00940 0.02821 0.06897 0.08464 0.02508 0.05956 0.11285 0.02821 0.01254 0.03135 0.04702 0.05329 0.05956 0.01567 0.02194 0.09718
P08192                         0.11285 0.05329 0.02194 0.05329 0.00940 0.02508 0.06897 0.08464 0.02508 0.05643 0.11599 0.02821 0.01254 0.03135 0.04702 0.05643 0.05956 0.01567 0.02194 0.10031
B0JV87                         0.08150 0.04389 0.04389 0.03448 0.01881 0.04075 0.05956 0.07837 0.02508 0.09091 0.13166 0.03448 0.01254 0.01567 0.03762 0.06583 0.05956 0.01881 0.03135 0.07524
Q5N4I1                         0.12539 0.05956 0.02508 0.05956 0.01881 0.05643 0.03448 0.08464 0.01881 0.08150 0.14107 0.01567 0.00627 0.01254 0.04075 0.05016 0.05956 0.01881 0.01254 0.07837
Q31PP5                         0.12539 0.05956 0.02508 0.05956 0.01881 0.05643 0.03448 0.08464 0.01881 0.08150 0.14107 0.01567 0.00627 0.01254 0.04075 0.05016 0.05956 0.01881 0.01254 0.07837
Q7NLP7                         0.14107 0.06583 0.01881 0.04075 0.01567 0.03762 0.05329 0.08150 0.02821 0.05643 0.13166 0.02194 0.00313 0.02508 0.04389 0.04702 0.05329 0.01881 0.02508 0.09091
B0CC74                         0.09718 0.04389 0.02508 0.03762 0.02194 0.07210 0.04075 0.07210 0.03762 0.06270 0.14420 0.01567 0.01254 0.01254 0.05643 0.05016 0.05956 0.02194 0.02821 0.08777
A5GMK9                         0.15987 0.07210 0.02194 0.02508 0.01254 0.06583 0.05016 0.07210 0.04389 0.05329 0.14107 0.02508 0.01254 0.01254 0.05956 0.04389 0.03762 0.02821 0.00313 0.05956
A3IN17                         0.06270 0.02821 0.06270 0.04389 0.01881 0.05016 0.06270 0.06270 0.03135 0.12226 0.10972 0.05643 0.01254 0.02194 0.04075 0.05329 0.06270 0.01881 0.02508 0.05329
P73842                         0.09404 0.04702 0.02821 0.04075 0.01254 0.04702 0.05329 0.08150 0.03448 0.04702 0.14734 0.04075 0.01254 0.03448 0.05329 0.04075 0.04389 0.02508 0.03135 0.08464
Q319I7                         0.06897 0.02821 0.06897 0.02508 0.01881 0.03448 0.08150 0.05956 0.01881 0.12539 0.11912 0.10345 0.00313 0.04389 0.03135 0.04702 0.04389 0.01254 0.01881 0.04702
B8HYL5                         0.09091 0.05329 0.02194 0.04702 0.02194 0.05956 0.05016 0.08150 0.03448 0.06583 0.13793 0.02508 0.01254 0.01567 0.05956 0.04075 0.05329 0.02508 0.02821 0.07524
B7K204                         0.06897 0.02508 0.04389 0.05016 0.01567 0.06583 0.05329 0.05956 0.02508 0.10972 0.12226 0.05329 0.00627 0.03135 0.04075 0.05956 0.06897 0.01567 0.03448 0.05016
C7QS16                         0.06897 0.02508 0.04389 0.05016 0.01567 0.05956 0.05643 0.05956 0.02508 0.10658 0.12226 0.05643 0.00627 0.03135 0.04075 0.05956 0.06897 0.01567 0.03448 0.05329
A4CW83                         0.14734 0.07837 0.02194 0.03762 0.01567 0.05956 0.05643 0.07524 0.04075 0.05329 0.13480 0.01254 0.01881 0.01254 0.05329 0.04389 0.04075 0.02821 0.00313 0.06583
A0YKU1                         0.10031 0.04389 0.02821 0.04389 0.02194 0.06270 0.05329 0.06270 0.02821 0.06583 0.13166 0.01881 0.00940 0.01567 0.05329 0.05643 0.05016 0.02508 0.03448 0.09404
Q8YY26                         0.08777 0.03448 0.05329 0.04702 0.02194 0.04389 0.04389 0.06583 0.03135 0.06583 0.13793 0.03448 0.01254 0.01567 0.05643 0.05016 0.05643 0.01881 0.02821 0.09404
Q7TTU1                         0.13480 0.05016 0.01881 0.04075 0.00940 0.08150 0.05329 0.08150 0.03135 0.05329 0.15987 0.01254 0.01881 0.01254 0.05643 0.05956 0.04702 0.02508 0.00313 0.05016
B7KDI7                         0.08464 0.03448 0.02821 0.03762 0.01881 0.05016 0.05329 0.08464 0.02821 0.08150 0.12853 0.03135 0.01567 0.01254 0.05329 0.06270 0.05329 0.02194 0.02821 0.09091
B2J1B6                         0.09718 0.04075 0.02821 0.05956 0.01881 0.05329 0.05016 0.06897 0.03135 0.07837 0.12853 0.03135 0.01254 0.02194 0.04702 0.05329 0.05329 0.01881 0.02194 0.08464
B4AV65                         0.10658 0.04702 0.03135 0.03762 0.01881 0.04389 0.04075 0.06897 0.03135 0.07837 0.12226 0.02821 0.01567 0.01567 0.05643 0.05956 0.04389 0.02194 0.03135 0.10031
B1WRN7                         0.06897 0.02821 0.05643 0.04075 0.01567 0.05329 0.05016 0.06270 0.05643 0.09718 0.11285 0.05016 0.01567 0.02194 0.05016 0.04389 0.05956 0.02194 0.02508 0.06897
A2BSM3                         0.07837 0.02508 0.06897 0.02821 0.02194 0.03135 0.07524 0.06270 0.02508 0.11599 0.10972 0.10658 0.00000 0.04389 0.03448 0.04702 0.04389 0.01254 0.01881 0.05016
Q3M6U7                         0.07524 0.03762 0.05329 0.04702 0.02194 0.05016 0.04702 0.06897 0.02508 0.06270 0.14420 0.03135 0.01567 0.01254 0.05643 0.04702 0.05329 0.01881 0.03762 0.09404
Q7TU62                         0.08150 0.03135 0.06270 0.04389 0.01881 0.02821 0.08150 0.05329 0.01881 0.13793 0.09718 0.11599 0.00313 0.03448 0.02821 0.05329 0.02508 0.01254 0.01567 0.05643
A5GRK4                         0.15361 0.06270 0.01881 0.03448 0.01567 0.07524 0.05016 0.09718 0.04075 0.05016 0.13480 0.01254 0.01567 0.01567 0.05643 0.04389 0.03448 0.03135 0.00627 0.05016
Q3ALA7                         0.13166 0.06583 0.00940 0.04075 0.01881 0.06583 0.05329 0.06270 0.04075 0.05956 0.13793 0.01254 0.00940 0.01881 0.05956 0.06270 0.05643 0.02194 0.00313 0.06897
A2BY09                         0.06270 0.03135 0.05956 0.03762 0.02194 0.02508 0.08150 0.05329 0.02508 0.13166 0.10658 0.11912 0.00627 0.03762 0.02508 0.04702 0.03762 0.01254 0.01254 0.06583
A3PED6                         0.07210 0.03135 0.06270 0.02821 0.01881 0.03135 0.08150 0.05956 0.02194 0.11912 0.11599 0.10031 0.00000 0.04389 0.03448 0.05643 0.04702 0.01254 0.01881 0.04389
B9YHZ7                         0.07210 0.03762 0.05329 0.04389 0.02194 0.04702 0.03762 0.07837 0.03762 0.08464 0.12853 0.03448 0.00627 0.01567 0.05329 0.05329 0.06270 0.01881 0.03135 0.08150
Q3AV81                         0.12853 0.05956 0.03135 0.04075 0.01254 0.05329 0.05643 0.08777 0.04702 0.06583 0.13166 0.01254 0.02508 0.00940 0.05643 0.05016 0.05016 0.02508 0.00627 0.05016
A8G6B3                         0.07210 0.03135 0.05956 0.03135 0.01881 0.03135 0.08150 0.05956 0.01881 0.12226 0.11285 0.10972 0.00000 0.05016 0.02821 0.05016 0.04702 0.01254 0.01881 0.04389
A3ZA90                         0.14420 0.07524 0.01254 0.05016 0.00627 0.04389 0.05643 0.08777 0.03762 0.06270 0.13166 0.00940 0.01881 0.00940 0.05643 0.06583 0.03448 0.02821 0.00313 0.06583
Q4C4P0                         0.07524 0.03135 0.04075 0.04075 0.01567 0.05956 0.04389 0.06897 0.04075 0.10972 0.10972 0.05956 0.01567 0.01881 0.05016 0.05016 0.05643 0.02194 0.02821 0.06270
Q7TV46                         0.12853 0.05329 0.02508 0.03762 0.01567 0.07210 0.05329 0.06270 0.04075 0.05956 0.13480 0.02508 0.01567 0.01254 0.06270 0.06270 0.04389 0.02194 0.00940 0.06270
A2CB67                         0.12853 0.05329 0.02194 0.03762 0.01567 0.06897 0.05329 0.06583 0.04075 0.05643 0.13793 0.02508 0.01881 0.01254 0.05643 0.06270 0.04702 0.02194 0.00940 0.06583
Q060E8                         0.12226 0.06270 0.02821 0.05016 0.01254 0.05329 0.04702 0.08777 0.03448 0.05956 0.13480 0.01881 0.02194 0.01254 0.05643 0.05956 0.05016 0.02508 0.00940 0.05329
Q0IC63                         0.11599 0.05956 0.03135 0.03762 0.01567 0.06897 0.05643 0.08150 0.04389 0.05956 0.13166 0.01567 0.02508 0.00627 0.05643 0.06583 0.04389 0.02508 0.00313 0.05643
Q115E2                         0.07524 0.03762 0.02821 0.03135 0.02194 0.04702 0.06270 0.06583 0.03135 0.07837 0.13166 0.05329 0.01254 0.01567 0.04702 0.05956 0.04389 0.02508 0.03135 0.10031
A0ZCY7                         0.08150 0.03135 0.03762 0.03448 0.02194 0.06897 0.04389 0.06583 0.04075 0.08150 0.11285 0.03448 0.01254 0.01881 0.05329 0.05956 0.05956 0.01881 0.03135 0.09091
B1XNW8                         0.08777 0.04702 0.03448 0.04702 0.02194 0.05329 0.05329 0.08777 0.03762 0.06897 0.13166 0.03135 0.00940 0.02194 0.04075 0.05016 0.05643 0.01881 0.02194 0.07837
B5VYH9                         0.08464 0.05643 0.03762 0.05016 0.02194 0.03135 0.04389 0.07524 0.03135 0.07210 0.13480 0.02821 0.01254 0.01254 0.05329 0.05016 0.05329 0.02194 0.02821 0.10031
Q8DMD0                         0.11912 0.05016 0.02508 0.03448 0.02508 0.05643 0.04075 0.09404 0.02508 0.06897 0.13166 0.01881 0.00940 0.01567 0.05956 0.04075 0.03762 0.02821 0.02508 0.09404
Q2JLQ4                         0.11599 0.06270 0.02194 0.04075 0.01567 0.06897 0.04075 0.08150 0.01881 0.05643 0.13480 0.01881 0.00940 0.01567 0.05329 0.05016 0.05329 0.03135 0.02194 0.08777
Q2JUT2                         0.11599 0.06270 0.01881 0.03762 0.01254 0.06583 0.03135 0.09091 0.02194 0.05016 0.13480 0.02194 0.01881 0.02194 0.05956 0.04389 0.04702 0.03448 0.02194 0.08777
A3Z0F2                         0.14420 0.07524 0.01254 0.03448 0.01254 0.04075 0.05016 0.09718 0.02821 0.03135 0.16301 0.01254 0.00940 0.02194 0.06270 0.06583 0.02508 0.02508 0.00627 0.08150
Q7VAS8                         0.07837 0.03762 0.05643 0.02821 0.01881 0.05016 0.06270 0.06583 0.02508 0.10345 0.10972 0.09091 0.01567 0.01881 0.05329 0.06270 0.04389 0.02194 0.01254 0.04389
A2C468                         0.07837 0.04075 0.03762 0.03762 0.01254 0.04075 0.05643 0.07837 0.02194 0.10972 0.11285 0.07837 0.01567 0.02194 0.04702 0.06583 0.04389 0.02194 0.01254 0.06583
A9BBR9                         0.07210 0.05016 0.06270 0.02821 0.01254 0.03762 0.05956 0.07524 0.01881 0.10972 0.12226 0.07524 0.00940 0.02508 0.04389 0.06583 0.04702 0.02194 0.01254 0.05016
Q46JG9                         0.07837 0.04389 0.03762 0.03762 0.01254 0.04075 0.05643 0.07837 0.02194 0.11285 0.10972 0.07524 0.01567 0.02194 0.04702 0.06583 0.04389 0.02194 0.01254 0.06583
Q05X10                         0.15987 0.05956 0.00940 0.03762 0.01881 0.04702 0.05016 0.07837 0.04389 0.05016 0.14420 0.01254 0.01567 0.00940 0.05956 0.05956 0.05016 0.02508 0.00313 0.06583

Homogeneity statistic: X2 = 7.34393 G = 7.39298 

Average                        0.09506 0.04476 0.03733 0.04230 0.01553 0.04712 0.05869 0.07027 0.02995 0.07890 0.12771 0.05040 0.01264 0.02937 0.04514 0.05315 0.04919 0.01809 0.02469 0.06974

# constant sites:     29 (9.09%)
ln Lmax (unconstrained) = -1808.655608

AA distances (raw proportions of different sites)

A8ERV5         
Q30Q85           0.5361
D1B3G2           0.5204  0.4953
B9L690           0.5110  0.5047  0.5141
A6QBX4           0.5204  0.5141  0.5204  0.5235
A6Q510           0.5768  0.5016  0.5266  0.5047  0.5549
B9KCS5           0.5298  0.5705  0.5455  0.5643  0.5674  0.5643
A7H2R8           0.5611  0.5862  0.5611  0.5799  0.5987  0.6050  0.4389
A8FME1           0.5705  0.5737  0.5580  0.5862  0.6050  0.6050  0.4295  0.0439
O26070           0.5580  0.5893  0.5831  0.5862  0.5517  0.5831  0.5141  0.5455  0.5392
Q4HGM8           0.5862  0.5768  0.5517  0.5737  0.5831  0.5987  0.4201  0.3354  0.3292  0.5235
Q4HTF9           0.5768  0.5768  0.5580  0.5392  0.5987  0.5705  0.4734  0.4107  0.4075  0.5266  0.3668
Q7M927           0.6144  0.5831  0.5705  0.5423  0.6144  0.5643  0.5799  0.6050  0.6050  0.5329  0.5893  0.5893
B7MXZ2           0.7022  0.7116  0.6771  0.7022  0.6991  0.7022  0.7053  0.7273  0.7304  0.7022  0.7241  0.7085  0.6959
B7LLF5           0.6959  0.7053  0.6771  0.7022  0.7022  0.7022  0.7053  0.7273  0.7304  0.7053  0.7241  0.7085  0.6959  0.0063
P08192           0.7022  0.7116  0.6771  0.7022  0.6991  0.7022  0.7053  0.7273  0.7304  0.7053  0.7241  0.7085  0.6959  0.0031  0.0094
B0JV87           0.7210  0.7492  0.7273  0.7022  0.7116  0.7147  0.7398  0.7367  0.7461  0.7429  0.7429  0.7210  0.7398  0.6426  0.6426  0.6426
Q5N4I1           0.6991  0.7524  0.7116  0.7116  0.7053  0.7179  0.7398  0.7398  0.7492  0.7304  0.7398  0.7335  0.7241  0.6426  0.6458  0.6426  0.4953
Q31PP5           0.6991  0.7524  0.7116  0.7116  0.7053  0.7179  0.7398  0.7398  0.7492  0.7304  0.7398  0.7335  0.7241  0.6426  0.6458  0.6426  0.4953  0.0000
Q7NLP7           0.7147  0.7461  0.7179  0.7147  0.6865  0.6928  0.7492  0.7492  0.7524  0.7461  0.7398  0.7398  0.7210  0.6270  0.6270  0.6270  0.4922  0.5016  0.5016
B0CC74           0.7335  0.7618  0.7022  0.7147  0.7335  0.7335  0.7555  0.7335  0.7429  0.7555  0.7398  0.7273  0.7210  0.6144  0.6144  0.6144  0.3574  0.5016  0.5016  0.4828
A5GMK9           0.7179  0.7210  0.7147  0.7304  0.6991  0.7210  0.7429  0.7429  0.7429  0.7273  0.7492  0.7398  0.7085  0.6834  0.6834  0.6834  0.6426  0.5643  0.5643  0.5799  0.6019
A3IN17           0.7461  0.7492  0.7335  0.7147  0.7304  0.7116  0.7524  0.7524  0.7555  0.7524  0.7461  0.7210  0.7429  0.6301  0.6332  0.6301  0.3574  0.5361  0.5361  0.5078  0.3950  0.6489
P73842           0.7335  0.7429  0.7210  0.7179  0.7147  0.7022  0.7367  0.7398  0.7335  0.7367  0.7210  0.7210  0.7241  0.6552  0.6552  0.6552  0.3699  0.5172  0.5172  0.4859  0.4138  0.6238  0.4295
Q319I7           0.7241  0.7429  0.7335  0.7053  0.7116  0.7147  0.7085  0.6928  0.6834  0.6991  0.7147  0.7053  0.7179  0.7022  0.6991  0.7022  0.6113  0.6520  0.6520  0.6364  0.6395  0.5674  0.6113  0.6176
B8HYL5           0.7304  0.7555  0.7335  0.7053  0.7210  0.7398  0.7524  0.7524  0.7586  0.7492  0.7461  0.7304  0.7210  0.6144  0.6113  0.6176  0.3636  0.4796  0.4796  0.4608  0.3166  0.6082  0.3856  0.4169  0.6458
B7K204           0.7461  0.7555  0.7335  0.7241  0.7241  0.7273  0.7398  0.7398  0.7492  0.7398  0.7273  0.7367  0.7398  0.6364  0.6332  0.6364  0.3918  0.5580  0.5580  0.5172  0.4169  0.6489  0.3386  0.4451  0.6082  0.4232
C7QS16           0.7461  0.7555  0.7335  0.7210  0.7241  0.7210  0.7335  0.7335  0.7429  0.7398  0.7241  0.7335  0.7429  0.6426  0.6395  0.6426  0.3856  0.5549  0.5549  0.5141  0.4232  0.6520  0.3386  0.4420  0.6113  0.4263  0.0094
A4CW83           0.7179  0.7241  0.7147  0.7367  0.7053  0.7273  0.7524  0.7429  0.7429  0.7304  0.7618  0.7398  0.7116  0.6614  0.6614  0.6614  0.6332  0.5611  0.5611  0.6082  0.6082  0.1129  0.6458  0.6238  0.5705  0.6238  0.6646  0.6646
A0YKU1           0.7273  0.7618  0.7304  0.7147  0.7398  0.7335  0.7555  0.7492  0.7555  0.7680  0.7398  0.7304  0.7335  0.6238  0.6238  0.6238  0.3166  0.4545  0.4545  0.4545  0.2821  0.6050  0.3511  0.3699  0.6207  0.3229  0.3636  0.3636  0.6144
Q8YY26           0.7429  0.7806  0.7367  0.7147  0.7367  0.7241  0.7429  0.7273  0.7398  0.7555  0.7524  0.7179  0.7273  0.6176  0.6176  0.6176  0.3417  0.4734  0.4734  0.4671  0.3323  0.6144  0.3699  0.3856  0.6144  0.3354  0.3981  0.3981  0.6144  0.3135
Q7TTU1           0.7367  0.7649  0.7367  0.7492  0.7241  0.7429  0.7649  0.7241  0.7273  0.7492  0.7398  0.7618  0.6897  0.6771  0.6771  0.6740  0.6050  0.6019  0.6019  0.5674  0.5768  0.3762  0.6176  0.6301  0.5455  0.6019  0.6050  0.6082  0.3824  0.5956  0.5862
B7KDI7           0.7398  0.7649  0.7304  0.7116  0.7241  0.7304  0.7524  0.7524  0.7649  0.7618  0.7367  0.7304  0.7492  0.6176  0.6207  0.6176  0.3072  0.4796  0.4796  0.4608  0.3323  0.6395  0.3354  0.3668  0.6270  0.3166  0.3636  0.3605  0.6458  0.2602  0.2978  0.6082
B2J1B6           0.7398  0.7649  0.7116  0.7179  0.7273  0.7147  0.7335  0.7147  0.7241  0.7586  0.7429  0.7304  0.7273  0.6176  0.6144  0.6176  0.3448  0.4953  0.4953  0.4639  0.3323  0.6238  0.3793  0.3824  0.6207  0.3292  0.3856  0.3856  0.6270  0.2947  0.2226  0.5893  0.2947
B4AV65           0.7398  0.7555  0.7367  0.7085  0.7179  0.7367  0.7398  0.7649  0.7743  0.7429  0.7524  0.7398  0.7367  0.6301  0.6301  0.6301  0.3041  0.4890  0.4890  0.4828  0.3229  0.6207  0.3574  0.3730  0.6395  0.3166  0.4044  0.4044  0.6301  0.2602  0.3072  0.6113  0.1975  0.3135
B1WRN7           0.7335  0.7618  0.7367  0.7179  0.7273  0.7179  0.7555  0.7429  0.7461  0.7586  0.7461  0.7179  0.7241  0.6332  0.6364  0.6332  0.3166  0.5141  0.5141  0.4922  0.3762  0.6458  0.1755  0.4044  0.6113  0.3856  0.3668  0.3668  0.6458  0.3229  0.3574  0.6113  0.3386  0.3668  0.3480
A2BSM3           0.7273  0.7524  0.7241  0.6991  0.7053  0.7116  0.7022  0.7022  0.6991  0.6928  0.7085  0.7085  0.7179  0.6928  0.6897  0.6928  0.6301  0.6520  0.6520  0.6426  0.6489  0.5580  0.6082  0.6364  0.1003  0.6520  0.6082  0.6113  0.5643  0.6301  0.6207  0.5486  0.6332  0.6301  0.6458  0.6144
Q3M6U7           0.7429  0.7743  0.7398  0.7241  0.7335  0.7210  0.7555  0.7273  0.7398  0.7492  0.7524  0.7273  0.7304  0.6270  0.6270  0.6270  0.3354  0.4828  0.4828  0.4608  0.3323  0.6176  0.3762  0.3668  0.6207  0.3354  0.4013  0.4013  0.6176  0.3072  0.0658  0.5799  0.2884  0.2163  0.3072  0.3668  0.6270
Q7TU62           0.7053  0.7492  0.7367  0.7179  0.6991  0.7304  0.7273  0.7085  0.7085  0.6928  0.7085  0.7116  0.7398  0.7053  0.7022  0.7053  0.6426  0.6646  0.6646  0.6646  0.6646  0.5392  0.6270  0.6677  0.2633  0.6740  0.6364  0.6395  0.5549  0.6458  0.6614  0.5549  0.6708  0.6426  0.6740  0.6301  0.2790  0.6583
A5GRK4           0.7429  0.7649  0.7398  0.7524  0.6991  0.7367  0.7586  0.7429  0.7492  0.7555  0.7649  0.7555  0.7241  0.6364  0.6364  0.6395  0.5768  0.5674  0.5674  0.5486  0.5643  0.4577  0.6144  0.5925  0.6019  0.5643  0.5956  0.6019  0.4639  0.5768  0.6019  0.4545  0.5768  0.5705  0.5768  0.5862  0.6113  0.5925  0.6050
Q3ALA7           0.7367  0.7273  0.7210  0.7304  0.7053  0.7116  0.7367  0.7210  0.7210  0.7335  0.7335  0.7586  0.6834  0.6520  0.6520  0.6520  0.6238  0.5674  0.5674  0.5987  0.5956  0.3605  0.6489  0.6301  0.5611  0.6144  0.6364  0.6332  0.3636  0.6019  0.6082  0.3135  0.6364  0.6207  0.6332  0.6270  0.5580  0.6082  0.5580  0.4796
A2BY09           0.7116  0.7273  0.7335  0.6959  0.6897  0.7304  0.7210  0.7179  0.7179  0.7022  0.7241  0.7053  0.7398  0.7022  0.6991  0.7022  0.6364  0.6771  0.6771  0.6614  0.6583  0.5486  0.6207  0.6771  0.2759  0.6677  0.6395  0.6426  0.5674  0.6583  0.6583  0.5611  0.6740  0.6458  0.6708  0.6364  0.2727  0.6520  0.1567  0.6082  0.5705
A3PED6           0.7367  0.7367  0.7241  0.6991  0.7053  0.7053  0.7147  0.7053  0.6959  0.7085  0.7116  0.7022  0.7179  0.6991  0.6959  0.6991  0.6238  0.6552  0.6552  0.6489  0.6458  0.5705  0.6144  0.6364  0.0940  0.6583  0.6238  0.6270  0.5831  0.6364  0.6238  0.5423  0.6364  0.6364  0.6520  0.6176  0.1003  0.6301  0.2790  0.6082  0.5549  0.2884
B9YHZ7           0.7429  0.7806  0.7461  0.7147  0.7461  0.7273  0.7555  0.7304  0.7398  0.7461  0.7524  0.7335  0.7367  0.6332  0.6301  0.6332  0.3511  0.5172  0.5172  0.4828  0.3730  0.6332  0.3636  0.4169  0.6050  0.3636  0.3887  0.3856  0.6238  0.3197  0.2069  0.5956  0.3072  0.2539  0.3417  0.3542  0.6144  0.2100  0.6458  0.6082  0.6207  0.6552  0.6113
Q3AV81           0.7618  0.7586  0.7524  0.7461  0.7085  0.7304  0.7461  0.7273  0.7304  0.7241  0.7461  0.7586  0.7147  0.6803  0.6803  0.6803  0.6301  0.6113  0.6113  0.6176  0.6176  0.3542  0.6364  0.6301  0.5580  0.6144  0.6520  0.6520  0.3730  0.6364  0.6332  0.3762  0.6301  0.6238  0.6207  0.6332  0.5517  0.6364  0.5486  0.5016  0.3887  0.5580  0.5580  0.6301
A8G6B3           0.7398  0.7492  0.7241  0.7022  0.7022  0.7147  0.7116  0.6865  0.6803  0.6928  0.7022  0.6928  0.7179  0.6959  0.6928  0.6959  0.6176  0.6583  0.6583  0.6426  0.6458  0.5705  0.6176  0.6238  0.1034  0.6552  0.6113  0.6144  0.5799  0.6238  0.6270  0.5423  0.6301  0.6270  0.6426  0.6144  0.1160  0.6332  0.2947  0.6050  0.5486  0.2978  0.1223  0.6176  0.5643
A3ZA90           0.7429  0.7555  0.7304  0.7367  0.7147  0.7210  0.7586  0.7398  0.7429  0.7367  0.7524  0.7555  0.7147  0.6897  0.6897  0.6897  0.6050  0.5768  0.5768  0.5517  0.5893  0.3636  0.6270  0.5862  0.5549  0.6082  0.6364  0.6364  0.3793  0.5862  0.6019  0.3824  0.6019  0.5987  0.6113  0.5987  0.5611  0.5987  0.5392  0.4765  0.3981  0.5611  0.5643  0.6176  0.3793  0.5643
Q4C4P0           0.7398  0.7712  0.7367  0.7335  0.7210  0.7179  0.7649  0.7398  0.7429  0.7429  0.7461  0.7304  0.7210  0.6458  0.6489  0.6458  0.3542  0.5266  0.5266  0.4890  0.3824  0.6332  0.1630  0.4107  0.6176  0.3730  0.3511  0.3511  0.6301  0.3542  0.3574  0.5925  0.3260  0.3574  0.3605  0.1567  0.6176  0.3574  0.6364  0.5956  0.6144  0.6426  0.6270  0.3542  0.6270  0.6176  0.5987
Q7TV46           0.7367  0.7398  0.7241  0.7367  0.7116  0.7210  0.7335  0.7179  0.7241  0.7210  0.7586  0.7524  0.7116  0.6740  0.6740  0.6771  0.6364  0.6019  0.6019  0.5987  0.5956  0.3918  0.6364  0.6270  0.5549  0.6176  0.6426  0.6458  0.3887  0.6207  0.6270  0.3574  0.6458  0.6301  0.6364  0.6176  0.5486  0.6270  0.5361  0.4734  0.3699  0.5455  0.5455  0.6426  0.3793  0.5549  0.3981  0.6364
A2CB67           0.7461  0.7461  0.7304  0.7429  0.7147  0.7273  0.7367  0.7241  0.7304  0.7304  0.7680  0.7586  0.7179  0.6771  0.6771  0.6803  0.6364  0.5987  0.5987  0.5925  0.5956  0.3918  0.6364  0.6238  0.5549  0.6207  0.6458  0.6489  0.3887  0.6207  0.6207  0.3542  0.6426  0.6301  0.6364  0.6207  0.5486  0.6207  0.5298  0.4765  0.3762  0.5486  0.5455  0.6395  0.3887  0.5517  0.4013  0.6395  0.0345
Q060E8           0.7680  0.7555  0.7524  0.7398  0.7022  0.7210  0.7429  0.7304  0.7335  0.7367  0.7461  0.7555  0.7147  0.6834  0.6834  0.6834  0.6332  0.5956  0.5956  0.6144  0.6176  0.3448  0.6395  0.6238  0.5580  0.6144  0.6520  0.6489  0.3636  0.6364  0.6301  0.3856  0.6364  0.6207  0.6270  0.6332  0.5549  0.6332  0.5517  0.4922  0.3918  0.5643  0.5611  0.6395  0.0909  0.5643  0.3699  0.6207  0.3762  0.3824
Q0IC63           0.7524  0.7524  0.7398  0.7461  0.6959  0.7461  0.7586  0.7367  0.7398  0.7304  0.7367  0.7586  0.7241  0.6803  0.6803  0.6803  0.6301  0.6019  0.6019  0.6019  0.5956  0.3354  0.6207  0.6270  0.5643  0.6207  0.6332  0.6364  0.3448  0.6050  0.6082  0.3668  0.6332  0.6238  0.6238  0.6176  0.5517  0.6113  0.5423  0.4765  0.4013  0.5517  0.5643  0.6207  0.2853  0.5674  0.3668  0.6113  0.3668  0.3699  0.2915
Q115E2           0.7492  0.7680  0.7398  0.7335  0.7398  0.7398  0.7618  0.7398  0.7555  0.7649  0.7618  0.7241  0.7429  0.6113  0.6144  0.6144  0.3480  0.4890  0.4890  0.4828  0.3417  0.6176  0.3730  0.4044  0.6301  0.3323  0.4138  0.4107  0.6238  0.2727  0.3135  0.6082  0.3166  0.3103  0.3260  0.3480  0.6364  0.3103  0.6426  0.5768  0.6332  0.6552  0.6395  0.3229  0.6207  0.6301  0.5987  0.3762  0.6176  0.6207  0.6144  0.6050
A0ZCY7           0.7461  0.7931  0.7649  0.7335  0.7429  0.7304  0.7806  0.7335  0.7492  0.7649  0.7649  0.7461  0.7147  0.6332  0.6332  0.6332  0.3605  0.4828  0.4828  0.4828  0.3542  0.6113  0.3793  0.3950  0.6238  0.3636  0.4138  0.4138  0.6207  0.3072  0.2226  0.5893  0.3072  0.2414  0.3386  0.3574  0.6270  0.2288  0.6614  0.5956  0.6176  0.6583  0.6364  0.2351  0.6207  0.6238  0.6019  0.3511  0.6176  0.6238  0.6207  0.6082  0.3417
B1XNW8           0.7524  0.7868  0.7492  0.7367  0.7210  0.7492  0.7429  0.7586  0.7680  0.7335  0.7335  0.7367  0.7273  0.6301  0.6301  0.6332  0.3793  0.4890  0.4890  0.4828  0.3542  0.6364  0.3950  0.4326  0.6301  0.3511  0.4357  0.4420  0.6489  0.3386  0.3824  0.6144  0.3417  0.3668  0.3511  0.3918  0.6395  0.3824  0.6552  0.5674  0.6426  0.6583  0.6395  0.4013  0.6332  0.6332  0.6238  0.4013  0.6270  0.6270  0.6270  0.6176  0.3699  0.3918
B5VYH9           0.7335  0.7900  0.7398  0.7147  0.7273  0.7273  0.7461  0.7461  0.7555  0.7649  0.7461  0.7241  0.7273  0.6207  0.6207  0.6207  0.3323  0.4765  0.4765  0.4514  0.3229  0.6207  0.3887  0.3730  0.6238  0.3323  0.4201  0.4232  0.6207  0.2884  0.3229  0.6144  0.3354  0.3166  0.3323  0.3636  0.6458  0.3197  0.6677  0.5987  0.6332  0.6677  0.6426  0.3292  0.6238  0.6395  0.6050  0.3824  0.6364  0.6395  0.6270  0.6238  0.3323  0.3197  0.3542
Q8DMD0           0.7335  0.7618  0.7022  0.7179  0.7179  0.7116  0.7586  0.7367  0.7367  0.7555  0.7492  0.7304  0.7304  0.6176  0.6176  0.6176  0.3887  0.4671  0.4671  0.4483  0.3730  0.5705  0.4420  0.4295  0.6364  0.3668  0.4420  0.4389  0.5862  0.3605  0.3918  0.5831  0.3730  0.4044  0.3542  0.4295  0.6364  0.3981  0.6458  0.5643  0.5831  0.6520  0.6458  0.3793  0.6144  0.6364  0.5799  0.4326  0.6019  0.6019  0.6113  0.6019  0.3699  0.4044  0.3793  0.3824
Q2JLQ4           0.7429  0.7335  0.7335  0.7210  0.7179  0.7273  0.7524  0.7179  0.7241  0.7335  0.7241  0.7304  0.7147  0.6270  0.6270  0.6270  0.4671  0.4765  0.4765  0.4545  0.4389  0.5580  0.5141  0.5078  0.6520  0.4483  0.5266  0.5266  0.5674  0.4295  0.4639  0.5674  0.4483  0.4514  0.4514  0.5141  0.6583  0.4545  0.6677  0.5611  0.5799  0.6708  0.6646  0.4859  0.5956  0.6583  0.5705  0.5141  0.5674  0.5674  0.5956  0.5705  0.4389  0.4608  0.4608  0.4389  0.4201
Q2JUT2           0.7524  0.7461  0.7429  0.7304  0.7210  0.7273  0.7618  0.7304  0.7335  0.7429  0.7398  0.7429  0.7179  0.6395  0.6395  0.6395  0.4765  0.4796  0.4796  0.4545  0.4608  0.5674  0.5298  0.5047  0.6583  0.4483  0.5266  0.5266  0.5674  0.4326  0.4796  0.5580  0.4514  0.4545  0.4514  0.5235  0.6677  0.4734  0.6677  0.5611  0.5768  0.6771  0.6740  0.4984  0.5925  0.6677  0.5580  0.5141  0.5768  0.5768  0.5862  0.5768  0.4545  0.4734  0.4671  0.4483  0.4263  0.1285
A3Z0F2           0.7680  0.7524  0.7398  0.7398  0.7147  0.7304  0.7586  0.7618  0.7649  0.7524  0.7712  0.7680  0.7273  0.6489  0.6489  0.6489  0.5925  0.5266  0.5266  0.5455  0.5643  0.4514  0.6050  0.5925  0.6207  0.5549  0.6301  0.6301  0.4671  0.5705  0.5737  0.4828  0.5987  0.5799  0.5611  0.6113  0.6113  0.5737  0.6144  0.4138  0.4545  0.6176  0.6176  0.5862  0.5047  0.6207  0.4796  0.6082  0.4671  0.4734  0.5047  0.4796  0.5893  0.5611  0.5768  0.5674  0.5423  0.5455  0.5361
Q7VAS8           0.7429  0.7649  0.7524  0.7304  0.7492  0.7398  0.7241  0.7335  0.7367  0.7461  0.7367  0.7492  0.7335  0.6834  0.6803  0.6834  0.6426  0.6207  0.6207  0.6144  0.6050  0.4859  0.6458  0.6426  0.5361  0.6270  0.6238  0.6301  0.5110  0.6113  0.6301  0.4389  0.6426  0.6176  0.6426  0.6426  0.5423  0.6270  0.5172  0.5392  0.4483  0.5298  0.5486  0.6270  0.5016  0.5423  0.4859  0.6426  0.4201  0.4201  0.4890  0.4545  0.6207  0.6207  0.6426  0.6238  0.6144  0.6176  0.6082  0.5392
A2C468           0.7335  0.7492  0.7524  0.7367  0.7398  0.7555  0.7367  0.7210  0.7241  0.7367  0.7367  0.7429  0.7429  0.6959  0.6928  0.6928  0.6364  0.6458  0.6458  0.6207  0.6270  0.5141  0.6458  0.6583  0.5141  0.6708  0.6270  0.6270  0.5266  0.6270  0.6332  0.4639  0.6458  0.6332  0.6489  0.6489  0.5110  0.6395  0.4922  0.5580  0.4702  0.5141  0.5235  0.6301  0.4702  0.4984  0.4984  0.6520  0.4639  0.4671  0.4922  0.4890  0.6520  0.6176  0.6395  0.6458  0.6238  0.6113  0.6207  0.5799  0.4044
A9BBR9           0.7335  0.7680  0.7429  0.7179  0.7304  0.7241  0.7555  0.7304  0.7398  0.7367  0.7398  0.7586  0.7210  0.6834  0.6803  0.6834  0.6332  0.6050  0.6050  0.5799  0.5987  0.4859  0.6207  0.6301  0.5110  0.6301  0.6050  0.6113  0.5016  0.6082  0.6207  0.4389  0.6395  0.6144  0.6332  0.6050  0.5141  0.6113  0.5047  0.5361  0.4545  0.5298  0.5235  0.6176  0.4922  0.5110  0.4734  0.6207  0.4326  0.4357  0.4828  0.4639  0.6050  0.5987  0.6270  0.6238  0.5987  0.5987  0.6082  0.5486  0.3793  0.4514
Q46JG9           0.7367  0.7555  0.7555  0.7398  0.7429  0.7555  0.7367  0.7210  0.7241  0.7367  0.7367  0.7429  0.7398  0.6991  0.6959  0.6959  0.6426  0.6489  0.6489  0.6207  0.6270  0.5110  0.6489  0.6552  0.5141  0.6708  0.6301  0.6301  0.5235  0.6301  0.6332  0.4608  0.6489  0.6364  0.6520  0.6489  0.5110  0.6395  0.4922  0.5580  0.4639  0.5141  0.5204  0.6332  0.4702  0.4984  0.4953  0.6520  0.4608  0.4639  0.4922  0.4890  0.6552  0.6176  0.6395  0.6458  0.6238  0.6144  0.6270  0.5831  0.4044  0.0094  0.4483
Q05X10           0.7586  0.7618  0.7304  0.7555  0.7210  0.7304  0.7618  0.7524  0.7555  0.7492  0.7555  0.7555  0.7210  0.6865  0.6865  0.6865  0.6332  0.5768  0.5768  0.5799  0.5862  0.3605  0.6458  0.6270  0.5611  0.6113  0.6301  0.6301  0.3699  0.6144  0.6050  0.3668  0.6050  0.6019  0.6113  0.6207  0.5580  0.6019  0.5643  0.4608  0.3511  0.5737  0.5580  0.6364  0.3636  0.5674  0.3323  0.6238  0.3668  0.3730  0.3636  0.3605  0.6176  0.6050  0.6176  0.6238  0.5987  0.5674  0.5611  0.4765  0.4859  0.5016  0.4828  0.4953


TREE #  1:  (8, 9, (11, (12, (7, ((10, 13), ((1, ((6, 4), (5, 2))), (3, ((16, (15, 14)), (((18, 19), (60, (40, (((32, 41), ((49, 50), ((61, 63), ((62, 64), (((46, 25), (37, 43)), (39, 42)))))), (((22, 29), (52, (45, 51))), (47, 65)))))), ((20, (58, 59)), (57, (55, ((56, (21, 26)), ((30, 53), ((17, (24, ((27, 28), (36, (23, 48))))), ((33, 35), (34, (54, (44, (31, 38))))))))))))))))))));   MP score: 4766
lnL(ntime:127  np:128): -22938.119500      +0.000000
  66..8    66..9    66..67   67..11   67..68   68..12   68..69   69..7    69..70   70..71   71..10   71..13   70..72   72..73   73..1    73..74   74..75   75..6    75..4    74..76   76..5    76..2    72..77   77..3    77..78   78..79   79..16   79..80   80..15   80..14   78..81   81..82   82..83   83..18   83..19   82..84   84..60   84..85   85..40   85..86   86..87   87..88   88..32   88..41   87..89   89..90   90..49   90..50   89..91   91..92   92..61   92..63   91..93   93..94   94..62   94..64   93..95   95..96   96..97   97..46   97..25   96..98   98..37   98..43   95..99   99..39   99..42   86..100 100..101 101..102 102..22  102..29  101..103 103..52  103..104 104..45  104..51  100..105 105..47  105..65   81..106 106..107 107..20  107..108 108..58  108..59  106..109 109..57  109..110 110..55  110..111 111..112 112..56  112..113 113..21  113..26  111..114 114..115 115..30  115..53  114..116 116..117 117..17  117..118 118..24  118..119 119..120 120..27  120..28  119..121 121..36  121..122 122..23  122..48  116..123 123..124 124..33  124..35  123..125 125..34  125..126 126..54  126..127 127..44  127..128 128..31  128..38 
 0.022185 0.016075 0.259040 0.223774 0.066137 0.340550 0.138457 0.359577 0.207325 0.173883 0.454381 0.781463 0.246135 0.065805 0.644157 0.097839 0.091873 0.582670 0.441727 0.053276 0.546208 0.476504 0.252669 0.343139 1.490513 0.736546 0.002697 0.000004 0.005391 0.000004 0.768263 0.077337 0.408466 0.000004 0.000004 0.484974 0.325395 0.075933 0.365276 0.293153 0.041260 0.027073 0.260011 0.237903 0.120527 0.211608 0.010148 0.020317 0.194175 0.048400 0.246383 0.306367 0.107360 0.329872 0.008115 0.000004 0.624844 0.179964 0.002601 0.066879 0.029491 0.013256 0.044165 0.048012 0.050466 0.062353 0.095863 0.048133 0.073722 0.235949 0.045507 0.073511 0.090519 0.189368 0.186815 0.051851 0.036906 0.057043 0.311495 0.231085 0.096275 0.116299 0.519006 0.293085 0.036671 0.093406 0.064399 0.291608 0.047445 0.310939 0.049956 0.023077 0.261999 0.029416 0.216839 0.236139 0.018765 0.035945 0.117682 0.226313 0.036486 0.045858 0.217159 0.039949 0.430805 0.059395 0.269038 0.003506 0.004274 0.158151 0.070324 0.020686 0.096805 0.078663 0.000004 0.099320 0.100828 0.121582 0.112062 0.113335 0.042611 0.141035 0.021891 0.139537 0.072083 0.026028 0.038217 0.759839

tree length =  22.58303

(8: 0.022185, 9: 0.016075, (11: 0.223774, (12: 0.340550, (7: 0.359577, ((10: 0.454381, 13: 0.781463): 0.173883, ((1: 0.644157, ((6: 0.582670, 4: 0.441727): 0.091873, (5: 0.546208, 2: 0.476504): 0.053276): 0.097839): 0.065805, (3: 0.343139, ((16: 0.002697, (15: 0.005391, 14: 0.000004): 0.000004): 0.736546, (((18: 0.000004, 19: 0.000004): 0.408466, (60: 0.325395, (40: 0.365276, (((32: 0.260011, 41: 0.237903): 0.027073, ((49: 0.010148, 50: 0.020317): 0.211608, ((61: 0.246383, 63: 0.306367): 0.048400, ((62: 0.008115, 64: 0.000004): 0.329872, (((46: 0.066879, 25: 0.029491): 0.002601, (37: 0.044165, 43: 0.048012): 0.013256): 0.179964, (39: 0.062353, 42: 0.095863): 0.050466): 0.624844): 0.107360): 0.194175): 0.120527): 0.041260, (((22: 0.045507, 29: 0.073511): 0.235949, (52: 0.189368, (45: 0.051851, 51: 0.036906): 0.186815): 0.090519): 0.073722, (47: 0.311495, 65: 0.231085): 0.057043): 0.048133): 0.293153): 0.075933): 0.484974): 0.077337, ((20: 0.519006, (58: 0.036671, 59: 0.093406): 0.293085): 0.116299, (57: 0.291608, (55: 0.310939, ((56: 0.261999, (21: 0.216839, 26: 0.236139): 0.029416): 0.023077, ((30: 0.117682, 53: 0.226313): 0.035945, ((17: 0.217159, (24: 0.430805, ((27: 0.003506, 28: 0.004274): 0.269038, (36: 0.070324, (23: 0.096805, 48: 0.078663): 0.020686): 0.158151): 0.059395): 0.039949): 0.045858, ((33: 0.100828, 35: 0.121582): 0.099320, (34: 0.113335, (54: 0.141035, (44: 0.139537, (31: 0.026028, 38: 0.038217): 0.072083): 0.021891): 0.042611): 0.112062): 0.000004): 0.036486): 0.018765): 0.049956): 0.047445): 0.064399): 0.096275): 0.768263): 1.490513): 0.252669): 0.246135): 0.207325): 0.138457): 0.066137): 0.259040);

(A7H2R8: 0.022185, A8FME1: 0.016075, (Q4HGM8: 0.223774, (Q4HTF9: 0.340550, (B9KCS5: 0.359577, ((O26070: 0.454381, Q7M927: 0.781463): 0.173883, ((A8ERV5: 0.644157, ((A6Q510: 0.582670, B9L690: 0.441727): 0.091873, (A6QBX4: 0.546208, Q30Q85: 0.476504): 0.053276): 0.097839): 0.065805, (D1B3G2: 0.343139, ((P08192: 0.002697, (B7LLF5: 0.005391, B7MXZ2: 0.000004): 0.000004): 0.736546, (((Q5N4I1: 0.000004, Q31PP5: 0.000004): 0.408466, (A3Z0F2: 0.325395, (A5GRK4: 0.365276, (((Q7TTU1: 0.260011, Q3ALA7: 0.237903): 0.027073, ((Q7TV46: 0.010148, A2CB67: 0.020317): 0.211608, ((Q7VAS8: 0.246383, A9BBR9: 0.306367): 0.048400, ((A2C468: 0.008115, Q46JG9: 0.000004): 0.329872, (((A8G6B3: 0.066879, Q319I7: 0.029491): 0.002601, (A2BSM3: 0.044165, A3PED6: 0.048012): 0.013256): 0.179964, (Q7TU62: 0.062353, A2BY09: 0.095863): 0.050466): 0.624844): 0.107360): 0.194175): 0.120527): 0.041260, (((A5GMK9: 0.045507, A4CW83: 0.073511): 0.235949, (Q0IC63: 0.189368, (Q3AV81: 0.051851, Q060E8: 0.036906): 0.186815): 0.090519): 0.073722, (A3ZA90: 0.311495, Q05X10: 0.231085): 0.057043): 0.048133): 0.293153): 0.075933): 0.484974): 0.077337, ((Q7NLP7: 0.519006, (Q2JLQ4: 0.036671, Q2JUT2: 0.093406): 0.293085): 0.116299, (Q8DMD0: 0.291608, (B1XNW8: 0.310939, ((B5VYH9: 0.261999, (B0CC74: 0.216839, B8HYL5: 0.236139): 0.029416): 0.023077, ((A0YKU1: 0.117682, Q115E2: 0.226313): 0.035945, ((B0JV87: 0.217159, (P73842: 0.430805, ((B7K204: 0.003506, C7QS16: 0.004274): 0.269038, (B1WRN7: 0.070324, (A3IN17: 0.096805, Q4C4P0: 0.078663): 0.020686): 0.158151): 0.059395): 0.039949): 0.045858, ((B7KDI7: 0.100828, B4AV65: 0.121582): 0.099320, (B2J1B6: 0.113335, (A0ZCY7: 0.141035, (B9YHZ7: 0.139537, (Q8YY26: 0.026028, Q3M6U7: 0.038217): 0.072083): 0.021891): 0.042611): 0.112062): 0.000004): 0.036486): 0.018765): 0.049956): 0.047445): 0.064399): 0.096275): 0.768263): 1.490513): 0.252669): 0.246135): 0.207325): 0.138457): 0.066137): 0.259040);

Detailed output identifying parameters

alpha (gamma, K = 5) =  0.75984
rate:   0.06390  0.27674  0.61854  1.19505  2.84576
freq:   0.20000  0.20000  0.20000  0.20000  0.20000

Time used: 33:58
