AAML (in paml version 4.6, August 2012)  221.aa
Model: Empirical for branches,  Global clock  (../../../bin/LG.dat) dGamma (ncatG=4) ns =  65  ls = 191


Frequencies..
                                    A      R      N      D      C      Q      E      G      H      I      L      K      M      F      P      S      T      W      Y      V
A8EQW4                         0.05236 0.01571 0.05759 0.06806 0.01047 0.01571 0.05236 0.03141 0.01571 0.10471 0.11518 0.12565 0.01571 0.04188 0.04188 0.06283 0.06283 0.00524 0.04188 0.06283
Q30NR7                         0.06806 0.03141 0.04712 0.07330 0.02094 0.05236 0.04712 0.03665 0.02094 0.06806 0.11518 0.08377 0.01571 0.04188 0.04188 0.06283 0.04712 0.00524 0.02618 0.09424
A6Q119                         0.07853 0.04188 0.04712 0.06283 0.02094 0.04188 0.05236 0.04188 0.01571 0.06283 0.13613 0.09424 0.01047 0.03665 0.05236 0.04712 0.04188 0.00524 0.02618 0.08377
A6QCU3                         0.10471 0.04712 0.03665 0.02618 0.02094 0.01047 0.10995 0.03141 0.03141 0.03665 0.12565 0.07330 0.01571 0.05236 0.04712 0.06283 0.04712 0.00524 0.02618 0.08901
A8FP25                         0.05759 0.02094 0.05236 0.05759 0.02618 0.03141 0.06283 0.04188 0.01571 0.08377 0.13089 0.12042 0.03141 0.05759 0.05236 0.05236 0.02094 0.00000 0.03665 0.04712
A7H660                         0.05759 0.01571 0.05759 0.05236 0.02618 0.03141 0.06283 0.04188 0.01571 0.09948 0.13089 0.12565 0.02094 0.05759 0.05236 0.05236 0.01571 0.00000 0.03665 0.04712
D1B0V6                         0.05759 0.03665 0.02094 0.04188 0.01571 0.05759 0.07330 0.02094 0.02094 0.07853 0.13613 0.08377 0.01047 0.04188 0.05759 0.06283 0.06806 0.00524 0.03665 0.07330
Q4HQU0                         0.05236 0.03141 0.03141 0.04712 0.02618 0.04188 0.06806 0.04712 0.01047 0.07330 0.16230 0.10995 0.02094 0.05759 0.04712 0.07330 0.01047 0.00000 0.03141 0.05759
Q4HEA9                         0.07853 0.02618 0.03665 0.04712 0.02618 0.03665 0.06283 0.03665 0.03665 0.06283 0.15707 0.11518 0.02618 0.04712 0.04712 0.04712 0.00524 0.00000 0.03665 0.06806
B9KEA2                         0.08377 0.02618 0.05759 0.04188 0.02618 0.06283 0.06283 0.02618 0.02094 0.08901 0.13089 0.09424 0.01571 0.05759 0.04188 0.04712 0.03141 0.00000 0.04188 0.04188
B9L717                         0.09424 0.02618 0.05759 0.05236 0.01047 0.02094 0.06806 0.03665 0.00524 0.07853 0.12565 0.13089 0.00000 0.07853 0.04188 0.05236 0.03141 0.00524 0.02094 0.06283
Q7MAS0                         0.08901 0.05759 0.02618 0.02618 0.01047 0.01047 0.10995 0.05759 0.03665 0.02618 0.14136 0.06283 0.01571 0.05236 0.04712 0.05759 0.02618 0.01047 0.02618 0.10995
O25972                         0.06806 0.03141 0.03665 0.04712 0.02094 0.01047 0.06806 0.02618 0.01047 0.03665 0.18848 0.10471 0.01571 0.05759 0.05759 0.07853 0.04188 0.00000 0.03665 0.06283
Q3AXF3                         0.10995 0.10471 0.02618 0.03141 0.02094 0.05236 0.06283 0.05236 0.01047 0.04188 0.15183 0.03665 0.01047 0.03141 0.07853 0.04712 0.02094 0.00524 0.01047 0.09424
Q8YS62                         0.07853 0.06283 0.05236 0.04712 0.01571 0.05759 0.05759 0.05236 0.00524 0.08377 0.15707 0.06283 0.00524 0.03141 0.06806 0.04188 0.02094 0.00524 0.01571 0.07853
Q3M3F3                         0.07853 0.06283 0.05236 0.04712 0.01571 0.05759 0.05759 0.05759 0.00524 0.07853 0.17277 0.06283 0.00524 0.03141 0.06806 0.02618 0.02094 0.00524 0.01571 0.07853
Q066I5                         0.10995 0.09948 0.02618 0.03665 0.02094 0.06283 0.05759 0.05236 0.01047 0.04188 0.15183 0.03141 0.01047 0.03141 0.07853 0.04712 0.02094 0.00524 0.01047 0.09424
B7KA67                         0.05759 0.05759 0.05759 0.03665 0.02094 0.05236 0.06806 0.04712 0.01571 0.07853 0.16230 0.05236 0.00524 0.02618 0.06283 0.04188 0.03665 0.01047 0.03141 0.07853
B8HQY8                         0.06806 0.07330 0.05759 0.04188 0.01047 0.05236 0.05759 0.04712 0.01047 0.05236 0.17277 0.03665 0.01047 0.04188 0.08377 0.05236 0.02094 0.00524 0.02618 0.07853
A5GTK9                         0.13089 0.09424 0.01571 0.03141 0.01571 0.10995 0.03665 0.04188 0.01047 0.02618 0.14660 0.02094 0.01047 0.02094 0.08377 0.05759 0.02618 0.00524 0.01047 0.10471
Q3AKE0                         0.12042 0.09948 0.02094 0.02618 0.02094 0.05759 0.06283 0.05759 0.02094 0.03141 0.15183 0.03141 0.01047 0.02618 0.07853 0.04712 0.02094 0.00524 0.01047 0.09948
A9B9Y0                         0.05759 0.08901 0.03141 0.03141 0.01571 0.03141 0.06283 0.04712 0.02094 0.06283 0.14660 0.07330 0.02094 0.03141 0.04712 0.08901 0.02618 0.00524 0.01047 0.09948
A3Z7B6                         0.12042 0.11518 0.02094 0.03665 0.01571 0.06283 0.05236 0.05236 0.00524 0.02618 0.15183 0.02094 0.01571 0.02094 0.07853 0.04712 0.02094 0.00524 0.01571 0.11518
Q05TI4                         0.10995 0.12042 0.02094 0.03665 0.01571 0.06283 0.05759 0.05236 0.01047 0.03141 0.15183 0.02618 0.02094 0.02094 0.07853 0.03665 0.02618 0.00524 0.01047 0.10471
B0JNB1                         0.07330 0.06283 0.05759 0.04712 0.01571 0.04188 0.04188 0.04188 0.00524 0.07853 0.15707 0.04712 0.00524 0.03141 0.07330 0.05236 0.04188 0.02618 0.01571 0.08377
Q46L58                         0.07853 0.06806 0.03141 0.04188 0.02094 0.04188 0.04712 0.06283 0.00524 0.07330 0.14136 0.09948 0.01047 0.04188 0.05236 0.05759 0.03141 0.00524 0.01047 0.07853
B7JWJ7                         0.05759 0.05759 0.04188 0.04712 0.01571 0.06283 0.06283 0.03141 0.01047 0.07853 0.16754 0.05236 0.01571 0.02618 0.06806 0.06806 0.03141 0.00524 0.02618 0.07330
C7QWG6                         0.05759 0.05759 0.04188 0.04712 0.01571 0.06283 0.06283 0.03141 0.01047 0.07853 0.16754 0.05236 0.01571 0.02618 0.06806 0.06806 0.03141 0.00524 0.02618 0.07330
Q7U7D3                         0.10995 0.12042 0.02094 0.03665 0.01571 0.07330 0.04712 0.04712 0.01047 0.02618 0.15707 0.02618 0.01047 0.02618 0.07853 0.04712 0.02618 0.00524 0.01047 0.10471
Q118D2                         0.06806 0.04188 0.04712 0.05236 0.02094 0.04188 0.05759 0.03141 0.01047 0.06806 0.16754 0.08901 0.01571 0.02618 0.06806 0.05236 0.02618 0.00524 0.02094 0.08901
B9YR34                         0.05236 0.04712 0.05236 0.03665 0.01571 0.05236 0.05759 0.05759 0.00524 0.06283 0.18848 0.06806 0.00524 0.02094 0.07330 0.04712 0.03141 0.00524 0.02618 0.09424
A2C1Z5                         0.07853 0.06283 0.03665 0.04188 0.01571 0.04188 0.04712 0.06283 0.00524 0.07330 0.14136 0.10471 0.01047 0.04188 0.05236 0.06283 0.02618 0.00524 0.01047 0.07853
Q2JMR8                         0.08377 0.10471 0.02618 0.03141 0.02094 0.05236 0.05759 0.05236 0.01571 0.03665 0.19372 0.03665 0.00000 0.03665 0.07853 0.03665 0.04188 0.01047 0.01047 0.07330
A4CU84                         0.09424 0.11518 0.02618 0.03141 0.02618 0.06283 0.05759 0.04712 0.01571 0.03141 0.15183 0.03665 0.01047 0.02094 0.07330 0.05236 0.02094 0.00524 0.01047 0.10995
A0YKB5                         0.06283 0.06283 0.04712 0.03665 0.02618 0.04712 0.06283 0.04712 0.00524 0.04188 0.16754 0.06806 0.01571 0.02618 0.07330 0.04188 0.03141 0.00524 0.02618 0.10471
A5GLH7                         0.09948 0.12565 0.02094 0.03141 0.02094 0.05759 0.06283 0.04712 0.01571 0.03141 0.15183 0.03141 0.01047 0.02094 0.07853 0.04188 0.02618 0.00524 0.01047 0.10995
A3YZU7                         0.08377 0.12565 0.02094 0.02618 0.02618 0.05236 0.07330 0.06806 0.01571 0.03141 0.17277 0.02094 0.01047 0.02094 0.06806 0.04712 0.02094 0.00524 0.01047 0.09948
Q7V7W0                         0.09424 0.09948 0.02094 0.02618 0.01047 0.06283 0.06283 0.04712 0.01047 0.03141 0.18325 0.04188 0.00524 0.02094 0.07853 0.05759 0.03665 0.00524 0.01047 0.09424
Q0I9S3                         0.08901 0.09424 0.02618 0.03141 0.02094 0.06283 0.05759 0.05759 0.02094 0.04188 0.13613 0.03141 0.01571 0.02618 0.08901 0.05759 0.02094 0.00524 0.01047 0.10471
A2CA51                         0.09424 0.09948 0.02618 0.02618 0.01047 0.06283 0.06283 0.04712 0.01571 0.03141 0.18325 0.03665 0.00524 0.02094 0.07853 0.05759 0.03141 0.00524 0.01047 0.09424
Q4C0G4                         0.05759 0.06283 0.07330 0.05236 0.01571 0.03141 0.04188 0.03665 0.00524 0.07853 0.17277 0.07330 0.01047 0.03665 0.06283 0.05236 0.02618 0.01047 0.02618 0.07330
Q7NJ41                         0.11518 0.09948 0.02618 0.03665 0.01571 0.04188 0.05236 0.04712 0.01047 0.05236 0.14660 0.03141 0.00524 0.04188 0.07853 0.04712 0.03665 0.00524 0.01047 0.09948
A0ZGS9                         0.06806 0.06806 0.04712 0.04712 0.01571 0.06283 0.05236 0.04712 0.00524 0.05759 0.15707 0.05236 0.00524 0.04188 0.07330 0.03665 0.04188 0.00524 0.02094 0.09424
Q2JVW2                         0.08377 0.10471 0.01571 0.02618 0.02094 0.06806 0.06283 0.05759 0.01047 0.03141 0.17801 0.02094 0.00524 0.03665 0.08901 0.04188 0.03141 0.01047 0.01047 0.09424
A3INV7                         0.04712 0.04712 0.06806 0.04712 0.01571 0.04712 0.04188 0.03665 0.00524 0.08901 0.18325 0.06806 0.01047 0.02618 0.07330 0.06806 0.03141 0.01047 0.02618 0.05759
B7LVU5                         0.09424 0.06806 0.05759 0.03665 0.01047 0.05236 0.04188 0.04712 0.02094 0.05236 0.10471 0.02094 0.05236 0.03665 0.08377 0.03665 0.06283 0.00000 0.03141 0.08901
P06992                         0.09424 0.06806 0.05759 0.03665 0.01047 0.05236 0.04188 0.04712 0.02094 0.05236 0.10471 0.02094 0.05236 0.03665 0.08377 0.03665 0.06283 0.00000 0.03141 0.08901
B7MNR0                         0.09424 0.06806 0.05759 0.03665 0.01047 0.05236 0.04188 0.04712 0.02094 0.05236 0.10471 0.02094 0.05236 0.03665 0.08377 0.03665 0.06283 0.00000 0.03141 0.08901
B2J0A6                         0.07853 0.06283 0.04188 0.03665 0.01571 0.06283 0.06283 0.04712 0.00524 0.08377 0.16754 0.06283 0.00524 0.03141 0.06806 0.04188 0.03141 0.00524 0.01571 0.07330
Q7V1E1                         0.03665 0.06283 0.07853 0.06806 0.01571 0.03141 0.04188 0.03665 0.00524 0.12565 0.11518 0.06806 0.02618 0.04712 0.05759 0.08377 0.03141 0.00524 0.01571 0.04712
B1WRJ7                         0.04712 0.04712 0.06806 0.05236 0.01571 0.04188 0.03665 0.03665 0.00000 0.09424 0.18325 0.06806 0.01047 0.02618 0.06283 0.07330 0.03141 0.01047 0.04188 0.05236
A2BWR2                         0.02618 0.05236 0.06806 0.05759 0.01571 0.03141 0.04712 0.03665 0.00524 0.13089 0.11518 0.09424 0.02094 0.04712 0.05759 0.09948 0.02618 0.00524 0.01571 0.04712
B0CC89                         0.06283 0.06283 0.05236 0.04188 0.01571 0.04188 0.05236 0.03141 0.01047 0.04712 0.17277 0.04712 0.00524 0.02618 0.06806 0.08901 0.04712 0.01047 0.02094 0.09424
P59157                         0.08901 0.09424 0.02618 0.04188 0.02618 0.04712 0.05759 0.06806 0.01047 0.03665 0.17801 0.03665 0.01047 0.03141 0.06806 0.04188 0.03141 0.01047 0.00524 0.08901
B4AV10                         0.06806 0.07330 0.04712 0.03141 0.02094 0.04188 0.08377 0.04188 0.00524 0.06806 0.16754 0.06283 0.01047 0.02094 0.06806 0.03665 0.03665 0.01047 0.02618 0.07853
B5W4A7                         0.06806 0.05759 0.05236 0.04712 0.02094 0.05236 0.04712 0.04712 0.00524 0.06806 0.15707 0.05236 0.00524 0.03141 0.07853 0.05236 0.03665 0.01047 0.01571 0.09424
Q7VCH7                         0.06806 0.07853 0.03141 0.02094 0.01047 0.06806 0.08377 0.04712 0.01047 0.07330 0.15707 0.06806 0.01047 0.02094 0.04712 0.06283 0.02618 0.00524 0.02094 0.08901
P72666                         0.06806 0.06283 0.04712 0.04712 0.01047 0.04188 0.06283 0.04188 0.00000 0.04712 0.21466 0.05236 0.01571 0.02094 0.07853 0.02618 0.05236 0.01047 0.01571 0.08377
B1XIV9                         0.07330 0.06283 0.04188 0.04712 0.02094 0.03665 0.05759 0.04188 0.00524 0.05236 0.16754 0.07330 0.01047 0.02094 0.07853 0.04188 0.03665 0.00524 0.03141 0.09424
Q5N2S8                         0.08901 0.06806 0.03665 0.04188 0.03141 0.07853 0.04712 0.06806 0.00524 0.04712 0.16230 0.04188 0.00524 0.02618 0.07853 0.04712 0.03141 0.01047 0.01047 0.07330
Q31RH6                         0.08901 0.06806 0.03665 0.04188 0.03141 0.07853 0.04712 0.06806 0.00524 0.04712 0.16230 0.04188 0.00524 0.02618 0.07853 0.04712 0.03141 0.01047 0.01047 0.07330
A3PCS3                         0.02618 0.04188 0.06806 0.06283 0.01571 0.03141 0.04188 0.03665 0.00524 0.13089 0.13089 0.10995 0.01571 0.04712 0.05236 0.08901 0.02618 0.00524 0.01571 0.04712
A8G4P1                         0.03141 0.03665 0.07330 0.06283 0.01571 0.02618 0.04188 0.03665 0.01047 0.12565 0.13089 0.10995 0.01571 0.04712 0.05236 0.08901 0.02094 0.00524 0.01571 0.05236
Q31B19                         0.02618 0.04188 0.06283 0.06283 0.01571 0.03141 0.04188 0.03665 0.01047 0.13613 0.13089 0.10995 0.01047 0.04712 0.05236 0.09424 0.02094 0.00524 0.01571 0.04712
A2BR00                         0.02618 0.03665 0.06806 0.05759 0.01571 0.03141 0.04712 0.03665 0.01047 0.12565 0.13089 0.11518 0.01571 0.04712 0.05236 0.08901 0.02618 0.00524 0.01047 0.05236

Homogeneity statistic: X2 = 7.72303 G = 7.65327 

Average                        0.07523 0.06661 0.04301 0.04277 0.01812 0.04841 0.05743 0.04527 0.01184 0.06428 0.15288 0.06379 0.01377 0.03520 0.06637 0.05542 0.03214 0.00596 0.02046 0.08103

# constant sites:     19 (9.95%)
ln Lmax (unconstrained) = -994.343210

AA distances (raw proportions of different sites)

A8EQW4         
Q30NR7           0.4660
A6Q119           0.4869  0.4241
A6QCU3           0.4712  0.4660  0.3979
A8FP25           0.4869  0.5654  0.4712  0.5183
A7H660           0.4764  0.5602  0.4764  0.5183  0.0262
D1B0V6           0.5079  0.4712  0.5183  0.5026  0.5183  0.5079
Q4HQU0           0.5026  0.5707  0.4974  0.5550  0.2618  0.2513  0.4921
Q4HEA9           0.4869  0.5759  0.4712  0.5236  0.2461  0.2356  0.5183  0.2408
B9KEA2           0.5079  0.5864  0.5026  0.5288  0.2984  0.2984  0.5288  0.3508  0.3298
B9L717           0.4660  0.4503  0.4450  0.4607  0.5131  0.5079  0.4817  0.5497  0.5445  0.5445
Q7MAS0           0.5497  0.4869  0.5026  0.4555  0.5183  0.5131  0.5445  0.5445  0.5393  0.5340  0.5550
O25972           0.5550  0.5759  0.5497  0.5183  0.5393  0.5340  0.5550  0.5026  0.5236  0.5288  0.5654  0.5497
Q3AXF3           0.6859  0.6911  0.6230  0.6492  0.6702  0.6649  0.7225  0.6806  0.6859  0.6806  0.6545  0.6178  0.6911
Q8YS62           0.6702  0.6387  0.6440  0.6440  0.6440  0.6387  0.6859  0.6545  0.6649  0.6597  0.6387  0.6073  0.6492  0.4869
Q3M3F3           0.6702  0.6440  0.6440  0.6492  0.6492  0.6440  0.6859  0.6597  0.6702  0.6649  0.6335  0.6126  0.6597  0.4921  0.0576
Q066I5           0.6963  0.6911  0.6230  0.6545  0.6806  0.6754  0.7225  0.6911  0.6859  0.6754  0.6649  0.6230  0.6963  0.0157  0.4921  0.4974
B7KA67           0.6702  0.6597  0.6545  0.6806  0.6859  0.6754  0.6911  0.6649  0.6806  0.6859  0.6387  0.6545  0.6911  0.5288  0.2827  0.2827  0.5288
B8HQY8           0.6754  0.6492  0.6492  0.6492  0.6963  0.6911  0.6911  0.6649  0.6859  0.6806  0.6492  0.6230  0.6649  0.5079  0.3351  0.3246  0.5131  0.3508
A5GTK9           0.7277  0.6754  0.6492  0.6545  0.6754  0.6754  0.7016  0.6702  0.6859  0.6963  0.6649  0.5969  0.6911  0.3037  0.4921  0.4869  0.3037  0.5183  0.4974
Q3AKE0           0.6963  0.6754  0.6283  0.6492  0.6702  0.6649  0.7016  0.6545  0.6702  0.6963  0.6492  0.6178  0.6963  0.1885  0.4974  0.4974  0.1885  0.5131  0.4921  0.2565
A9B9Y0           0.6859  0.6754  0.6283  0.6649  0.6702  0.6649  0.6806  0.6492  0.6545  0.6859  0.6440  0.6387  0.6859  0.3770  0.5340  0.5393  0.3770  0.5654  0.5550  0.3979  0.3613
A3Z7B6           0.7068  0.6806  0.6440  0.6702  0.6806  0.6754  0.6859  0.6649  0.6702  0.6754  0.6754  0.5916  0.6911  0.2251  0.4869  0.4921  0.2251  0.5183  0.5131  0.1937  0.1885  0.3613
Q05TI4           0.7016  0.6911  0.6335  0.6597  0.6806  0.6754  0.7016  0.6597  0.6754  0.6754  0.6702  0.6073  0.6963  0.1832  0.4974  0.4817  0.1780  0.5183  0.5236  0.2461  0.1571  0.3770  0.1309
B0JNB1           0.6754  0.6859  0.6335  0.6545  0.6597  0.6492  0.7016  0.6702  0.6649  0.6387  0.6387  0.6387  0.6702  0.5026  0.3508  0.3560  0.5026  0.3560  0.3560  0.4974  0.4817  0.5445  0.4817  0.4869
Q46L58           0.6754  0.7068  0.6335  0.6440  0.6859  0.6859  0.6963  0.7068  0.6963  0.6806  0.6283  0.6387  0.7068  0.3455  0.5183  0.5183  0.3455  0.5340  0.5340  0.4188  0.3874  0.3613  0.3927  0.3874  0.5079
B7JWJ7           0.6859  0.6754  0.6649  0.6597  0.6911  0.6859  0.7120  0.6702  0.6859  0.6702  0.6702  0.6387  0.6754  0.4921  0.3246  0.3403  0.4921  0.2880  0.3351  0.5079  0.5131  0.5288  0.5026  0.4974  0.3455  0.4869
C7QWG6           0.6859  0.6754  0.6649  0.6597  0.6911  0.6859  0.7120  0.6702  0.6859  0.6702  0.6702  0.6387  0.6754  0.4921  0.3246  0.3403  0.4921  0.2880  0.3351  0.5079  0.5131  0.5288  0.5026  0.4974  0.3455  0.4869  0.0000
Q7U7D3           0.7120  0.6859  0.6387  0.6545  0.6911  0.6859  0.6859  0.6545  0.6754  0.7016  0.6754  0.5969  0.7016  0.2356  0.5183  0.5079  0.2408  0.5393  0.5183  0.2304  0.1571  0.3770  0.1780  0.1518  0.4869  0.3927  0.5236  0.5236
Q118D2           0.6754  0.6545  0.6126  0.6545  0.6492  0.6440  0.6859  0.6283  0.6545  0.6545  0.6126  0.6387  0.6597  0.4869  0.2775  0.2775  0.4869  0.2723  0.3560  0.4869  0.4921  0.5393  0.5026  0.5026  0.3822  0.5288  0.3246  0.3246  0.5079
B9YR34           0.6702  0.6387  0.6440  0.6387  0.6806  0.6754  0.6911  0.6597  0.6806  0.6859  0.6440  0.6126  0.6702  0.4974  0.1518  0.1309  0.5026  0.2932  0.3194  0.5131  0.5079  0.5497  0.4974  0.5079  0.3508  0.5393  0.3194  0.3194  0.5236  0.2932
A2C1Z5           0.6702  0.7016  0.6283  0.6492  0.6806  0.6806  0.7016  0.7068  0.6963  0.6806  0.6335  0.6387  0.7068  0.3455  0.5131  0.5131  0.3455  0.5340  0.5236  0.4188  0.3822  0.3613  0.3979  0.3874  0.5183  0.0262  0.4817  0.4817  0.3927  0.5340  0.5340
Q2JMR8           0.6963  0.6440  0.6492  0.6387  0.6492  0.6440  0.6702  0.6440  0.6545  0.6806  0.6492  0.5707  0.6649  0.4974  0.4084  0.4084  0.5026  0.4293  0.3874  0.4817  0.4921  0.5497  0.4921  0.4921  0.4188  0.5340  0.3979  0.3979  0.4817  0.4555  0.4031  0.5340
A4CU84           0.6963  0.6649  0.6283  0.6597  0.6649  0.6597  0.6963  0.6492  0.6702  0.6806  0.6649  0.6126  0.6963  0.2094  0.4921  0.4974  0.2147  0.5236  0.5236  0.2513  0.1990  0.3822  0.1675  0.1257  0.4869  0.3927  0.4974  0.4974  0.2094  0.4974  0.5026  0.3927  0.5026
A0YKB5           0.7016  0.6440  0.6387  0.6387  0.6702  0.6649  0.6806  0.6387  0.6649  0.6702  0.6440  0.6178  0.6545  0.4974  0.2408  0.2251  0.4974  0.2932  0.3194  0.4921  0.4869  0.5183  0.4921  0.4974  0.3613  0.4974  0.3089  0.3089  0.5026  0.2199  0.2251  0.4921  0.4188  0.4974
A5GLH7           0.6963  0.6859  0.6283  0.6597  0.6806  0.6754  0.7120  0.6702  0.6754  0.6911  0.6649  0.6126  0.6963  0.1990  0.4921  0.4869  0.1990  0.5183  0.5131  0.2408  0.1937  0.3665  0.1414  0.1047  0.4764  0.3822  0.4869  0.4869  0.1990  0.4921  0.5026  0.3822  0.4921  0.0628  0.4817
A3YZU7           0.7120  0.7016  0.6597  0.6806  0.6911  0.6963  0.7225  0.6754  0.6806  0.7120  0.6702  0.6492  0.6806  0.3089  0.5131  0.4974  0.3089  0.5288  0.5236  0.2984  0.2565  0.4031  0.2880  0.2775  0.5026  0.4346  0.5079  0.5079  0.2880  0.5131  0.5131  0.4346  0.5183  0.2932  0.4974  0.2827
Q7V7W0           0.7016  0.6754  0.6073  0.6545  0.6859  0.6806  0.6911  0.6597  0.6754  0.6754  0.6492  0.6178  0.6806  0.2356  0.4921  0.4869  0.2356  0.5079  0.5079  0.2775  0.2042  0.3246  0.2094  0.1937  0.4817  0.3874  0.4817  0.4817  0.2147  0.4764  0.5079  0.3874  0.5026  0.2251  0.4712  0.2042  0.3037
Q0I9S3           0.7068  0.6754  0.6387  0.6702  0.7016  0.7016  0.7068  0.6859  0.6911  0.6911  0.6754  0.6440  0.7016  0.2042  0.5183  0.5183  0.2042  0.5340  0.5236  0.2880  0.2304  0.3927  0.2042  0.1990  0.5026  0.3613  0.4869  0.4869  0.2356  0.4974  0.5131  0.3560  0.5497  0.2094  0.4869  0.1937  0.3141  0.2356
A2CA51           0.7068  0.6754  0.6073  0.6545  0.6911  0.6859  0.6859  0.6545  0.6702  0.6754  0.6545  0.6178  0.6754  0.2304  0.4869  0.4817  0.2304  0.5079  0.5026  0.2775  0.2042  0.3141  0.2094  0.1937  0.4764  0.3874  0.4764  0.4764  0.2147  0.4764  0.5026  0.3874  0.4974  0.2251  0.4660  0.2094  0.2932  0.0157  0.2356
Q4C0G4           0.7068  0.6545  0.6597  0.6545  0.6859  0.6754  0.6859  0.6702  0.6702  0.6911  0.6440  0.6387  0.6649  0.5079  0.3455  0.3246  0.5079  0.3141  0.3927  0.4921  0.5026  0.5288  0.5079  0.5131  0.3560  0.5340  0.2723  0.2723  0.4974  0.3298  0.3298  0.5288  0.4503  0.5131  0.3089  0.5131  0.5236  0.4921  0.5131  0.4869
Q7NJ41           0.7330  0.6963  0.6649  0.6440  0.6911  0.6859  0.7225  0.6649  0.6859  0.6911  0.6702  0.6283  0.6859  0.4817  0.4555  0.4607  0.4817  0.4660  0.4136  0.5236  0.5026  0.5654  0.5079  0.4921  0.4555  0.5288  0.4031  0.4031  0.5236  0.4660  0.4607  0.5288  0.4188  0.5026  0.4136  0.4974  0.4817  0.5131  0.4974  0.5079  0.4764
A0ZGS9           0.6859  0.6492  0.6440  0.6178  0.6702  0.6649  0.6806  0.6545  0.6649  0.6702  0.6387  0.6073  0.6702  0.4974  0.1414  0.1414  0.4974  0.2932  0.3037  0.4869  0.4974  0.5445  0.4817  0.4921  0.3560  0.5236  0.3037  0.3037  0.5026  0.2723  0.1361  0.5236  0.3874  0.4921  0.2304  0.4869  0.5079  0.4974  0.5026  0.4921  0.3351  0.4450
Q2JVW2           0.7173  0.6440  0.6335  0.6283  0.6283  0.6230  0.6859  0.6335  0.6335  0.6545  0.6806  0.5916  0.6545  0.5026  0.4031  0.4084  0.5079  0.4450  0.3979  0.4974  0.4921  0.5707  0.4921  0.4921  0.4293  0.5550  0.4136  0.4136  0.4974  0.4660  0.4188  0.5497  0.1309  0.4921  0.4136  0.4869  0.5236  0.5131  0.5445  0.5131  0.4764  0.4084  0.3822
A3INV7           0.7068  0.6649  0.6649  0.6806  0.7120  0.7016  0.6754  0.6754  0.6911  0.7068  0.6597  0.6649  0.6649  0.5183  0.3298  0.3194  0.5183  0.3089  0.3979  0.4921  0.5131  0.5497  0.5131  0.5236  0.3822  0.5445  0.2827  0.2827  0.5079  0.3351  0.3037  0.5445  0.4555  0.5236  0.3037  0.5236  0.5183  0.5026  0.5131  0.4974  0.0942  0.4921  0.3141  0.4869
B7LVU5           0.7173  0.7016  0.6859  0.7225  0.7330  0.7277  0.7382  0.7173  0.7435  0.7173  0.7173  0.6963  0.6649  0.6545  0.6073  0.6126  0.6545  0.6440  0.6073  0.6597  0.6597  0.6649  0.6283  0.6335  0.6387  0.6387  0.6283  0.6283  0.6702  0.6492  0.6335  0.6387  0.6702  0.6492  0.6126  0.6387  0.6597  0.6597  0.6545  0.6597  0.6545  0.6230  0.6126  0.6387  0.6492
P06992           0.7173  0.7016  0.6859  0.7225  0.7330  0.7277  0.7382  0.7173  0.7435  0.7173  0.7173  0.6963  0.6649  0.6545  0.6073  0.6126  0.6545  0.6440  0.6073  0.6597  0.6597  0.6649  0.6283  0.6335  0.6387  0.6387  0.6283  0.6283  0.6702  0.6492  0.6335  0.6387  0.6702  0.6492  0.6126  0.6387  0.6597  0.6597  0.6545  0.6597  0.6545  0.6230  0.6126  0.6387  0.6492  0.0000
B7MNR0           0.7173  0.7016  0.6859  0.7225  0.7330  0.7277  0.7382  0.7173  0.7435  0.7173  0.7173  0.6963  0.6649  0.6545  0.6073  0.6126  0.6545  0.6440  0.6073  0.6597  0.6597  0.6649  0.6283  0.6335  0.6387  0.6387  0.6283  0.6283  0.6702  0.6492  0.6335  0.6387  0.6702  0.6492  0.6126  0.6387  0.6597  0.6597  0.6545  0.6597  0.6545  0.6230  0.6126  0.6387  0.6492  0.0000  0.0000
B2J0A6           0.6754  0.6335  0.6178  0.6335  0.6387  0.6335  0.6806  0.6440  0.6545  0.6597  0.6387  0.5969  0.6492  0.4921  0.1099  0.1204  0.4921  0.2827  0.3351  0.4869  0.4974  0.5497  0.4764  0.4921  0.3613  0.5131  0.3403  0.3403  0.5079  0.2827  0.1675  0.5079  0.3979  0.4921  0.2461  0.4869  0.5079  0.5026  0.5079  0.4974  0.3613  0.4503  0.1518  0.3979  0.3298  0.5969  0.5969  0.5969
Q7V1E1           0.6597  0.6859  0.6597  0.7277  0.6859  0.6806  0.6911  0.6649  0.6963  0.6806  0.6545  0.7225  0.6859  0.5183  0.5183  0.5340  0.5236  0.5445  0.5550  0.5131  0.5236  0.4712  0.5079  0.5393  0.5550  0.5236  0.5445  0.5445  0.5183  0.5445  0.5393  0.5183  0.6283  0.5183  0.5497  0.5288  0.5340  0.4921  0.5079  0.4974  0.5340  0.6178  0.5654  0.6335  0.5340  0.6597  0.6597  0.6597  0.5393
B1WRJ7           0.7068  0.6597  0.6649  0.6806  0.7120  0.7016  0.6754  0.6754  0.6911  0.7016  0.6597  0.6649  0.6649  0.5236  0.3403  0.3298  0.5236  0.3194  0.4084  0.5131  0.5288  0.5550  0.5288  0.5393  0.3979  0.5445  0.2880  0.2880  0.5131  0.3455  0.3141  0.5393  0.4660  0.5393  0.3141  0.5393  0.5340  0.5131  0.5079  0.5079  0.1047  0.4974  0.3246  0.4974  0.0366  0.6492  0.6492  0.6492  0.3455  0.5236
A2BWR2           0.6702  0.7068  0.6649  0.7277  0.6806  0.6754  0.6963  0.6545  0.6963  0.6806  0.6492  0.7435  0.6859  0.5340  0.5340  0.5497  0.5393  0.5654  0.5812  0.5497  0.5497  0.5026  0.5183  0.5340  0.5550  0.5340  0.5550  0.5550  0.5236  0.5497  0.5497  0.5340  0.6335  0.5131  0.5602  0.5236  0.5654  0.5079  0.4974  0.5131  0.5602  0.6283  0.5602  0.6283  0.5497  0.6597  0.6597  0.6597  0.5445  0.1047  0.5393
B0CC89           0.7016  0.6702  0.6649  0.6597  0.6702  0.6702  0.7016  0.6545  0.6597  0.6859  0.6597  0.6387  0.6649  0.4921  0.3613  0.3717  0.4921  0.3770  0.3665  0.5026  0.5026  0.5183  0.4764  0.4921  0.3979  0.5236  0.3613  0.3613  0.5131  0.3979  0.3822  0.5236  0.3717  0.5079  0.3717  0.5026  0.5131  0.4921  0.4974  0.4817  0.3717  0.4660  0.3717  0.3927  0.3770  0.6283  0.6283  0.6283  0.3560  0.5654  0.3874  0.5812
P59157           0.7120  0.6806  0.6387  0.6754  0.6754  0.6702  0.7016  0.6230  0.6545  0.6806  0.6649  0.6545  0.6702  0.4555  0.4398  0.4398  0.4555  0.4241  0.4241  0.4607  0.4555  0.4869  0.4398  0.4398  0.4450  0.4764  0.4084  0.4084  0.4398  0.4503  0.4503  0.4712  0.4031  0.4450  0.4136  0.4398  0.4346  0.4660  0.4607  0.4555  0.4503  0.4398  0.4136  0.4136  0.4607  0.6073  0.6073  0.6073  0.4293  0.5497  0.4660  0.5602  0.4031
B4AV10           0.6702  0.6649  0.6387  0.6545  0.6806  0.6754  0.6859  0.6649  0.6702  0.6806  0.6440  0.6440  0.6649  0.4921  0.2984  0.2827  0.4974  0.1361  0.3508  0.5079  0.4974  0.5497  0.4869  0.4869  0.3298  0.5079  0.2565  0.2565  0.5131  0.2880  0.2775  0.5079  0.4293  0.4921  0.2827  0.4921  0.4974  0.4869  0.5026  0.4817  0.3037  0.4293  0.2723  0.4188  0.3089  0.6387  0.6387  0.6387  0.2932  0.5497  0.3194  0.5550  0.3770  0.4031
B5W4A7           0.6702  0.6335  0.6178  0.6545  0.6492  0.6492  0.6859  0.6335  0.6597  0.6597  0.6387  0.6283  0.6492  0.5079  0.2304  0.2461  0.5131  0.2827  0.3298  0.4921  0.4974  0.5497  0.4817  0.4921  0.3613  0.5131  0.3037  0.3037  0.5079  0.2775  0.2618  0.5131  0.4031  0.5026  0.2565  0.4974  0.5026  0.4974  0.5131  0.4921  0.3246  0.3927  0.2199  0.4031  0.3351  0.6073  0.6073  0.6073  0.2408  0.5497  0.3508  0.5497  0.3560  0.3927  0.2723
Q7VCH7           0.6963  0.7016  0.6387  0.6754  0.6911  0.6859  0.7016  0.6597  0.6911  0.6963  0.6649  0.6859  0.6911  0.3927  0.5497  0.5550  0.3927  0.5602  0.5550  0.3927  0.3613  0.3351  0.3298  0.3403  0.5131  0.4293  0.5183  0.5183  0.3613  0.5236  0.5550  0.4293  0.5550  0.3455  0.5236  0.3246  0.4031  0.3037  0.3717  0.3037  0.5445  0.5393  0.5445  0.5602  0.5602  0.6492  0.6492  0.6492  0.5393  0.5079  0.5654  0.5026  0.5340  0.5131  0.5183  0.5288
P72666           0.6911  0.6440  0.6387  0.6492  0.6649  0.6597  0.6545  0.6335  0.6545  0.6545  0.6387  0.6335  0.6230  0.5079  0.3822  0.3822  0.5026  0.3508  0.3874  0.5026  0.4974  0.5497  0.4869  0.4817  0.3770  0.5236  0.3351  0.3351  0.5026  0.3927  0.4031  0.5288  0.4136  0.4869  0.3613  0.4764  0.4817  0.4921  0.4974  0.4869  0.3770  0.4346  0.3874  0.4031  0.3927  0.6283  0.6283  0.6283  0.3822  0.5707  0.4031  0.5707  0.3874  0.4188  0.3194  0.3560  0.5602
B1XIV9           0.7173  0.6963  0.6859  0.7016  0.7120  0.7068  0.6911  0.7016  0.7173  0.6963  0.6597  0.6702  0.6806  0.5131  0.3613  0.3351  0.5131  0.3770  0.3979  0.5183  0.5183  0.5550  0.4974  0.4921  0.4241  0.5131  0.3979  0.3979  0.5288  0.4084  0.3613  0.5131  0.4188  0.5079  0.3560  0.5026  0.5236  0.5026  0.5288  0.5026  0.3874  0.4712  0.3560  0.4293  0.3822  0.6492  0.6492  0.6492  0.3717  0.5864  0.4031  0.5969  0.3508  0.4346  0.3613  0.3508  0.5759  0.4346
Q5N2S8           0.6963  0.6754  0.6283  0.6702  0.6702  0.6702  0.7016  0.6545  0.6649  0.6597  0.6754  0.6178  0.6649  0.4450  0.3927  0.3979  0.4450  0.4346  0.4031  0.4136  0.4346  0.5079  0.4346  0.4293  0.4241  0.4764  0.4084  0.4084  0.4293  0.4293  0.4293  0.4712  0.4136  0.4293  0.3927  0.4346  0.4346  0.4346  0.4555  0.4346  0.4084  0.4607  0.3822  0.4084  0.4241  0.6283  0.6283  0.6283  0.4031  0.5288  0.4293  0.5602  0.3874  0.3665  0.4293  0.3874  0.4921  0.4136  0.3770
Q31RH6           0.6963  0.6754  0.6283  0.6702  0.6702  0.6702  0.7016  0.6545  0.6649  0.6597  0.6754  0.6178  0.6649  0.4450  0.3927  0.3979  0.4450  0.4346  0.4031  0.4136  0.4346  0.5079  0.4346  0.4293  0.4241  0.4764  0.4084  0.4084  0.4293  0.4293  0.4293  0.4712  0.4136  0.4293  0.3927  0.4346  0.4346  0.4346  0.4555  0.4346  0.4084  0.4607  0.3822  0.4084  0.4241  0.6283  0.6283  0.6283  0.4031  0.5288  0.4293  0.5602  0.3874  0.3665  0.4293  0.3874  0.4921  0.4136  0.3770  0.0000
A3PCS3           0.6492  0.6963  0.6545  0.7173  0.6702  0.6649  0.6911  0.6545  0.6911  0.6859  0.6230  0.7435  0.6963  0.5236  0.5288  0.5393  0.5288  0.5393  0.5602  0.5340  0.5236  0.4817  0.5131  0.5340  0.5602  0.5131  0.5550  0.5550  0.5340  0.5340  0.5445  0.5079  0.6126  0.5236  0.5445  0.5236  0.5497  0.5131  0.5079  0.5183  0.5445  0.6126  0.5707  0.6178  0.5288  0.6702  0.6702  0.6702  0.5393  0.1832  0.5183  0.1571  0.5707  0.5602  0.5445  0.5602  0.4974  0.5707  0.5864  0.5393  0.5393
A8G4P1           0.6545  0.6754  0.6649  0.7277  0.6754  0.6702  0.6911  0.6545  0.6963  0.6911  0.6335  0.7382  0.6911  0.5288  0.5236  0.5340  0.5340  0.5340  0.5602  0.5236  0.5340  0.4921  0.5131  0.5288  0.5497  0.5131  0.5445  0.5445  0.5340  0.5340  0.5393  0.5079  0.6021  0.5131  0.5393  0.5183  0.5550  0.5079  0.5026  0.5131  0.5340  0.6021  0.5654  0.6126  0.5183  0.6806  0.6806  0.6806  0.5393  0.1937  0.5079  0.1623  0.5602  0.5497  0.5445  0.5550  0.5026  0.5654  0.5812  0.5393  0.5393  0.0628
Q31B19           0.6545  0.6859  0.6545  0.7225  0.6806  0.6754  0.6859  0.6545  0.6963  0.6911  0.6230  0.7382  0.6911  0.5288  0.5236  0.5340  0.5340  0.5340  0.5497  0.5340  0.5288  0.4817  0.5183  0.5393  0.5497  0.5026  0.5497  0.5497  0.5340  0.5288  0.5393  0.5026  0.6073  0.5288  0.5393  0.5236  0.5497  0.5131  0.5131  0.5183  0.5445  0.6126  0.5654  0.6178  0.5288  0.6702  0.6702  0.6702  0.5340  0.1780  0.5183  0.1518  0.5654  0.5550  0.5445  0.5550  0.4974  0.5759  0.5812  0.5393  0.5393  0.0209  0.0576
A2BR00           0.6597  0.6859  0.6492  0.7173  0.6702  0.6649  0.6911  0.6492  0.6911  0.6859  0.6230  0.7330  0.6859  0.5131  0.5131  0.5236  0.5183  0.5393  0.5445  0.5288  0.5183  0.4764  0.5131  0.5288  0.5550  0.5079  0.5445  0.5445  0.5288  0.5340  0.5340  0.5026  0.6073  0.5183  0.5236  0.5183  0.5445  0.5131  0.5026  0.5183  0.5340  0.6021  0.5550  0.6126  0.5288  0.6597  0.6597  0.6597  0.5236  0.1832  0.5236  0.1571  0.5602  0.5393  0.5497  0.5497  0.5026  0.5602  0.5812  0.5393  0.5393  0.0419  0.0628  0.0366


TREE #  1:  ((((((((((((((((25, (((56, (30, (35, (31, ((49, 43), (16, 15)))))), ((55, 18), (((51, 45), 41), (28, 27)))), 19)), 58), (59, 53)), ((44, 33), 42)), ((((65, ((64, 62), 63)), (52, 50)), (((57, 22), (32, 26)), ((37, (((29, 20), 21), ((39, 23), ((17, 14), ((36, 34), 24))))), (40, 38)))), ((61, 60), 54))), (48, (47, 46))), 13), 12), 2), (4, 3)), 11), 7), 1), 10), (9, 8)), 6, 5);   MP score: 2288
lnL(ntime: 63  np: 64): -11672.480077      +0.000000
  66..67   67..68   68..69   69..70   70..71   71..72   72..73   73..74   74..75   75..76   76..77   77..78   78..79   79..80   80..81   81..25   81..82   82..83   83..84   84..56   84..85   85..30   85..86   86..35   86..87   87..31   87..88   88..89   89..49   89..43   88..90   90..16   90..15   83..91   91..92   92..55   92..18   91..93   93..94   94..95   95..51   95..45   94..41   93..96   96..28   96..27   82..19   80..58   79..97   97..59   97..53   78..98   98..99   99..44   99..33   98..42   77..100 100..101 101..102 102..103 103..65  103..104 104..105 105..64  105..62  104..63  102..106 106..52  106..50  101..107 107..108 108..109 109..57  109..22  108..110 110..32  110..26  107..111 111..112 112..37  112..113 113..114 114..115 115..29  115..20  114..21  113..116 116..117 117..39  117..23  116..118 118..119 119..17  119..14  118..120 120..121 121..36  121..34  120..24  111..122 122..40  122..38  100..123 123..124 124..61  124..60  123..54   76..125 125..48  125..126 126..47  126..46   75..13   74..12   73..2    72..127 127..4   127..3    71..11   70..7    69..1    68..10   67..128 128..9   128..8    66..6    66..5  
 1.066399 1.066398 1.056305 0.968705 0.946028 0.929883 0.929882 0.929881 0.908109 0.886101 0.752088 0.653155 0.566992 0.493851 0.476582 0.422097 0.401143 0.326947 0.271211 0.223760 0.217944 0.114636 0.100252 0.090158 0.037393 0.302796 0.111967 0.234515 0.062484 0.019631 0.000000 0.383323 0.486714 0.087097 0.637773 0.519645 0.100992 0.032035 0.027707 0.017353 0.051191 0.402286 0.368459 0.274665 0.012996 0.260593 0.250336 0.206557 0.179150 0.157760 0.184082 0.152886 0.162389 0.008330 0.108858 0.038925 0.010584 0.486192 0.000000 0.000001 0.000000 0.488440 0.311159 0.726943

tree length =  24.10857

((((((((((((((((25: 0.422097, (((56: 0.271211, (30: 0.223760, (35: 0.217944, (31: 0.114636, ((49: 0.090158, 43: 0.090158): 0.010094, (16: 0.037393, 15: 0.037393): 0.062860): 0.014384): 0.103308): 0.005817): 0.047451): 0.055736, ((55: 0.111967, 18: 0.111967): 0.190829, (((51: 0.019631, 45: 0.019631): 0.042853, 41: 0.062484): 0.172031, (28: 0.000000, 27: 0.000000): 0.234514): 0.068282): 0.024151): 0.074196, 19: 0.401143): 0.020955): 0.054484, 58: 0.476582): 0.017270, (59: 0.383323, 53: 0.383323): 0.110528): 0.073141, ((44: 0.087097, 33: 0.087097): 0.399616, 42: 0.486714): 0.080278): 0.086163, ((((65: 0.032035, ((64: 0.017353, 62: 0.017353): 0.010355, 63: 0.027707): 0.004327): 0.068957, (52: 0.051191, 50: 0.051191): 0.049801): 0.418654, (((57: 0.274665, 22: 0.274665): 0.093794, (32: 0.012996, 26: 0.012996): 0.355463): 0.033827, ((37: 0.250336, (((29: 0.157760, 20: 0.157760): 0.021390, 21: 0.179150): 0.027406, ((39: 0.152886, 23: 0.152886): 0.031195, ((17: 0.008330, 14: 0.008330): 0.154059, ((36: 0.038925, 34: 0.038925): 0.069933, 24: 0.108858): 0.053531): 0.021693): 0.022475): 0.043779): 0.010257, (40: 0.010584, 38: 0.010584): 0.250009): 0.141693): 0.117359): 0.118128, ((61: 0.000000, 60: 0.000000): 0.486191, 54: 0.486192): 0.151581): 0.015382): 0.098933, (48: 0.000001, (47: 0.000000, 46: 0.000000): 0.000001): 0.752088): 0.134013, 13: 0.886101): 0.022007, 12: 0.908109): 0.021773, 2: 0.929881): 0.000001, (4: 0.488440, 3: 0.488440): 0.441443): 0.000001, 11: 0.929883): 0.016145, 7: 0.946028): 0.022677, 1: 0.968705): 0.087600, 10: 1.056305): 0.010093, (9: 0.311159, 8: 0.311159): 0.755239): 0.000001, 6: 1.066399, 5: 1.066399);

((((((((((((((((B0JNB1: 0.422097, (((B5W4A7: 0.271211, (Q118D2: 0.223760, (A0YKB5: 0.217944, (B9YR34: 0.114636, ((B2J0A6: 0.090158, A0ZGS9: 0.090158): 0.010094, (Q3M3F3: 0.037393, Q8YS62: 0.037393): 0.062860): 0.014384): 0.103308): 0.005817): 0.047451): 0.055736, ((B4AV10: 0.111967, B7KA67: 0.111967): 0.190829, (((B1WRJ7: 0.019631, A3INV7: 0.019631): 0.042853, Q4C0G4: 0.062484): 0.172031, (C7QWG6: 0.000000, B7JWJ7: 0.000000): 0.234514): 0.068282): 0.024151): 0.074196, B8HQY8: 0.401143): 0.020955): 0.054484, P72666: 0.476582): 0.017270, (B1XIV9: 0.383323, B0CC89: 0.383323): 0.110528): 0.073141, ((Q2JVW2: 0.087097, Q2JMR8: 0.087097): 0.399616, Q7NJ41: 0.486714): 0.080278): 0.086163, ((((A2BR00: 0.032035, ((Q31B19: 0.017353, A3PCS3: 0.017353): 0.010355, A8G4P1: 0.027707): 0.004327): 0.068957, (A2BWR2: 0.051191, Q7V1E1: 0.051191): 0.049801): 0.418654, (((Q7VCH7: 0.274665, A9B9Y0: 0.274665): 0.093794, (A2C1Z5: 0.012996, Q46L58: 0.012996): 0.355463): 0.033827, ((A3YZU7: 0.250336, (((Q7U7D3: 0.157760, A5GTK9: 0.157760): 0.021390, Q3AKE0: 0.179150): 0.027406, ((Q0I9S3: 0.152886, A3Z7B6: 0.152886): 0.031195, ((Q066I5: 0.008330, Q3AXF3: 0.008330): 0.154059, ((A5GLH7: 0.038925, A4CU84: 0.038925): 0.069933, Q05TI4: 0.108858): 0.053531): 0.021693): 0.022475): 0.043779): 0.010257, (A2CA51: 0.010584, Q7V7W0: 0.010584): 0.250009): 0.141693): 0.117359): 0.118128, ((Q31RH6: 0.000000, Q5N2S8: 0.000000): 0.486191, P59157: 0.486192): 0.151581): 0.015382): 0.098933, (B7MNR0: 0.000001, (P06992: 0.000000, B7LVU5: 0.000000): 0.000001): 0.752088): 0.134013, O25972: 0.886101): 0.022007, Q7MAS0: 0.908109): 0.021773, Q30NR7: 0.929881): 0.000001, (A6QCU3: 0.488440, A6Q119: 0.488440): 0.441443): 0.000001, B9L717: 0.929883): 0.016145, D1B0V6: 0.946028): 0.022677, A8EQW4: 0.968705): 0.087600, B9KEA2: 1.056305): 0.010093, (Q4HEA9: 0.311159, Q4HQU0: 0.311159): 0.755239): 0.000001, A7H660: 1.066399, A8FP25: 1.066399);

((((((((((((((((25_B0JNB1, (((56_B5W4A7, (30_Q118D2, (35_A0YKB5, (31_B9YR34, ((49_B2J0A6, 43_A0ZGS9) 89 , (16_Q3M3F3, 15_Q8YS62) 90 ) 88 ) 87 ) 86 ) 85 ) 84 , ((55_B4AV10, 18_B7KA67) 92 , (((51_B1WRJ7, 45_A3INV7) 95 , 41_Q4C0G4) 94 , (28_C7QWG6, 27_B7JWJ7) 96 ) 93 ) 91 ) 83 , 19_B8HQY8) 82 ) 81 , 58_P72666) 80 , (59_B1XIV9, 53_B0CC89) 97 ) 79 , ((44_Q2JVW2, 33_Q2JMR8) 99 , 42_Q7NJ41) 98 ) 78 , ((((65_A2BR00, ((64_Q31B19, 62_A3PCS3) 105 , 63_A8G4P1) 104 ) 103 , (52_A2BWR2, 50_Q7V1E1) 106 ) 102 , (((57_Q7VCH7, 22_A9B9Y0) 109 , (32_A2C1Z5, 26_Q46L58) 110 ) 108 , ((37_A3YZU7, (((29_Q7U7D3, 20_A5GTK9) 115 , 21_Q3AKE0) 114 , ((39_Q0I9S3, 23_A3Z7B6) 117 , ((17_Q066I5, 14_Q3AXF3) 119 , ((36_A5GLH7, 34_A4CU84) 121 , 24_Q05TI4) 120 ) 118 ) 116 ) 113 ) 112 , (40_A2CA51, 38_Q7V7W0) 122 ) 111 ) 107 ) 101 , ((61_Q31RH6, 60_Q5N2S8) 124 , 54_P59157) 123 ) 100 ) 77 , (48_B7MNR0, (47_P06992, 46_B7LVU5) 126 ) 125 ) 76 , 13_O25972) 75 , 12_Q7MAS0) 74 , 2_Q30NR7) 73 , (4_A6QCU3, 3_A6Q119) 127 ) 72 , 11_B9L717) 71 , 7_D1B0V6) 70 , 1_A8EQW4) 69 , 10_B9KEA2) 68 , (9_Q4HEA9, 8_Q4HQU0) 128 ) 67 , 6_A7H660, 5_A8FP25) 66 ;

Detailed output identifying parameters

alpha (gamma, K = 4) =  0.72694
rate:   0.07995  0.37597  0.93446  2.60962
freq:   0.25000  0.25000  0.25000  0.25000

Time used:  4:58
