AAML (in paml version 4.6, August 2012)  283.aa
Model: Empirical for branches,  Global clock  (../../../bin/LG.dat) dGamma (ncatG=4) ns =  65  ls = 194


Frequencies..
                                    A      R      N      D      C      Q      E      G      H      I      L      K      M      F      P      S      T      W      Y      V
A8EU89                         0.09278 0.01031 0.01031 0.03093 0.00515 0.01031 0.02577 0.06186 0.00515 0.10309 0.10825 0.04124 0.03608 0.13918 0.06186 0.03093 0.05155 0.01546 0.04124 0.11856
D1B301                         0.10825 0.00515 0.01031 0.02062 0.01031 0.02577 0.02577 0.06701 0.00000 0.07216 0.13402 0.04124 0.02577 0.15464 0.06701 0.04124 0.03093 0.01546 0.03093 0.11340
A6Q445                         0.08763 0.00000 0.01031 0.01546 0.00515 0.02062 0.03608 0.07216 0.01031 0.09278 0.14948 0.04639 0.03093 0.12887 0.05670 0.05155 0.04124 0.02062 0.03608 0.08763
Q7M9J6                         0.09278 0.00515 0.01546 0.02062 0.00515 0.01546 0.02062 0.05670 0.00000 0.08763 0.11340 0.04124 0.04124 0.17010 0.05670 0.03093 0.06701 0.02577 0.03608 0.09794
B9KG07                         0.08247 0.01031 0.02577 0.03093 0.01546 0.02062 0.02062 0.04639 0.00515 0.09278 0.11340 0.06186 0.03093 0.14948 0.06186 0.05155 0.03093 0.01031 0.03608 0.10309
Q4HRS0                         0.09278 0.01546 0.02062 0.03093 0.02062 0.02062 0.02062 0.05155 0.00000 0.08763 0.12371 0.05155 0.04124 0.15979 0.06186 0.03608 0.03093 0.01031 0.03093 0.09278
Q4HH93                         0.10309 0.02062 0.02062 0.03608 0.02062 0.02577 0.02062 0.04639 0.00515 0.08247 0.10825 0.04639 0.02577 0.16495 0.05670 0.04639 0.02577 0.01031 0.02577 0.10825
A8FL02                         0.09794 0.02062 0.02062 0.03608 0.02062 0.02062 0.02062 0.04639 0.00515 0.08763 0.11340 0.04639 0.02577 0.15979 0.05670 0.04639 0.02577 0.01031 0.02577 0.11340
A7H3V1                         0.09794 0.02062 0.02062 0.03608 0.02062 0.02062 0.02062 0.04639 0.00515 0.07732 0.12371 0.04639 0.02577 0.15979 0.05670 0.05155 0.02577 0.01031 0.02062 0.11340
O25701                         0.10309 0.00515 0.02062 0.01546 0.00515 0.01031 0.02577 0.06186 0.00515 0.11856 0.09278 0.05670 0.02577 0.12371 0.05155 0.07732 0.02577 0.01546 0.05155 0.10825
B9LA52                         0.11856 0.01031 0.01031 0.02577 0.00000 0.00515 0.03093 0.05155 0.01031 0.10825 0.12371 0.06701 0.03608 0.10825 0.05670 0.03093 0.04124 0.01546 0.04639 0.10309
Q30PZ8                         0.11340 0.01546 0.02577 0.02577 0.00000 0.01546 0.02577 0.06701 0.00515 0.11340 0.13402 0.02577 0.03608 0.13402 0.06186 0.02577 0.04124 0.01031 0.04124 0.08247
A6Q7F3                         0.08247 0.01031 0.03093 0.02062 0.00000 0.02577 0.01546 0.07732 0.00515 0.09794 0.13918 0.02577 0.03608 0.13918 0.05670 0.03093 0.05155 0.01031 0.04639 0.09794
P69423                         0.09278 0.02577 0.01031 0.02062 0.01031 0.02062 0.02577 0.04639 0.01031 0.06186 0.13402 0.02577 0.03608 0.10825 0.07216 0.07216 0.03608 0.01031 0.05155 0.12887
B7LTZ6                         0.09278 0.03093 0.01031 0.02062 0.01031 0.02062 0.02577 0.04639 0.01031 0.06701 0.13402 0.02062 0.03608 0.10825 0.07216 0.06701 0.04124 0.01031 0.05155 0.12371
B7N2E6                         0.09278 0.02577 0.01031 0.02062 0.01031 0.02062 0.02577 0.04639 0.01031 0.06186 0.13402 0.02577 0.03608 0.10825 0.07216 0.07216 0.03608 0.01031 0.05155 0.12887
A3ILF6                         0.08247 0.03608 0.00515 0.01546 0.00515 0.05155 0.02577 0.09278 0.00000 0.09794 0.15979 0.02577 0.01031 0.08247 0.05155 0.08247 0.02062 0.02062 0.03093 0.10309
C7QTS7                         0.05155 0.03093 0.00515 0.01031 0.00515 0.04639 0.02577 0.11856 0.00515 0.08763 0.17010 0.02577 0.01546 0.09278 0.05155 0.07216 0.03093 0.01546 0.03608 0.10309
B7JV79                         0.05155 0.03093 0.00515 0.01031 0.00515 0.04639 0.02577 0.11856 0.00515 0.08763 0.17010 0.02577 0.01546 0.09278 0.05155 0.07216 0.03093 0.01546 0.03608 0.10309
B1WUV4                         0.06701 0.04124 0.00515 0.01546 0.00515 0.04639 0.02577 0.10309 0.00000 0.09794 0.15979 0.02577 0.01031 0.08247 0.05155 0.08247 0.02062 0.02062 0.03093 0.10825
Q3MG73                         0.08247 0.02577 0.01031 0.01546 0.00515 0.04124 0.02577 0.09794 0.00000 0.07216 0.19588 0.02577 0.01031 0.08247 0.05155 0.06701 0.03608 0.01031 0.03608 0.10825
Q8YU98                         0.08247 0.02577 0.01031 0.01546 0.00515 0.04124 0.02577 0.10309 0.00000 0.06701 0.19072 0.02577 0.01031 0.08247 0.05155 0.06701 0.03093 0.01031 0.03608 0.11856
P54086                         0.06701 0.03093 0.00000 0.01546 0.01031 0.04639 0.02577 0.11340 0.00000 0.07216 0.15979 0.03093 0.02062 0.09794 0.05155 0.06186 0.02577 0.01546 0.03608 0.11856
Q7V2L2                         0.06186 0.00515 0.02062 0.02062 0.00000 0.01546 0.03608 0.06186 0.00000 0.15979 0.14433 0.03608 0.01546 0.10309 0.05670 0.11340 0.04124 0.02062 0.02577 0.06186
A8G3H9                         0.05670 0.00515 0.01546 0.02062 0.00000 0.02062 0.03608 0.06701 0.00000 0.14948 0.14433 0.03093 0.02062 0.10309 0.05670 0.11340 0.04639 0.02062 0.02577 0.06701
B2J3K9                         0.07216 0.03093 0.01031 0.01546 0.00515 0.04124 0.03093 0.10309 0.00000 0.06186 0.18041 0.03093 0.01031 0.08247 0.05155 0.06701 0.03093 0.01031 0.04124 0.12371
B0JLU5                         0.07732 0.03608 0.01031 0.00515 0.00515 0.04124 0.03608 0.09794 0.00000 0.09278 0.16495 0.01546 0.00515 0.09794 0.05155 0.06701 0.03093 0.01031 0.02577 0.12887
A2BPU7                         0.05670 0.00515 0.01546 0.02062 0.00000 0.02062 0.03608 0.06701 0.00000 0.14433 0.14433 0.03093 0.02062 0.10309 0.05670 0.11340 0.04639 0.02062 0.02577 0.07216
Q31C70                         0.05670 0.00515 0.01546 0.02062 0.00000 0.02062 0.03608 0.06701 0.00000 0.14948 0.14948 0.03093 0.02062 0.10309 0.05670 0.10825 0.05155 0.02062 0.02577 0.06186
A0ZE59                         0.07216 0.03093 0.01031 0.02062 0.00515 0.04124 0.02577 0.10825 0.00000 0.08763 0.18041 0.03093 0.01031 0.07732 0.05155 0.06701 0.02577 0.01031 0.03608 0.10825
A3PBI7                         0.05670 0.00515 0.01546 0.02062 0.00000 0.02062 0.03608 0.06701 0.00000 0.14433 0.14948 0.03093 0.02062 0.09794 0.05670 0.11340 0.04639 0.02062 0.02577 0.07216
A0YZ17                         0.06186 0.01031 0.00515 0.01031 0.00515 0.04639 0.03093 0.11340 0.00000 0.09278 0.14433 0.04639 0.00515 0.10309 0.05155 0.07216 0.02062 0.01031 0.04124 0.12887
B8HNS1                         0.08247 0.03093 0.01546 0.01546 0.00515 0.05155 0.02577 0.11856 0.00000 0.06186 0.18557 0.01546 0.01031 0.08763 0.04639 0.05155 0.03093 0.01031 0.03608 0.11856
Q4C4Z7                         0.05670 0.02577 0.01031 0.01546 0.00515 0.04639 0.02577 0.12371 0.00000 0.09278 0.16495 0.02577 0.01031 0.08247 0.05155 0.07216 0.03093 0.02062 0.03093 0.10825
B9YHN2                         0.07216 0.03093 0.01031 0.01031 0.00515 0.04639 0.03093 0.10309 0.00515 0.09794 0.18041 0.02062 0.01031 0.07732 0.05155 0.06186 0.04124 0.01031 0.03608 0.09794
Q114K5                         0.08247 0.01546 0.00515 0.00515 0.00515 0.04124 0.03608 0.09794 0.00000 0.07216 0.17010 0.04639 0.01031 0.09794 0.05155 0.05155 0.04124 0.01031 0.04124 0.11856
Q5N642                         0.10309 0.05670 0.00515 0.01546 0.01031 0.02577 0.03093 0.08763 0.00515 0.05670 0.18041 0.01031 0.00515 0.08247 0.05155 0.05670 0.03608 0.02062 0.03608 0.12371
Q8KPU8                         0.10309 0.05670 0.00515 0.01546 0.01031 0.02577 0.03093 0.08763 0.00515 0.05670 0.18041 0.01031 0.00515 0.08247 0.05155 0.05670 0.03608 0.02062 0.03608 0.12371
B7KKY8                         0.08763 0.02577 0.00515 0.01546 0.00515 0.05155 0.02062 0.11340 0.00515 0.09278 0.15979 0.02062 0.00515 0.08247 0.05155 0.07216 0.02062 0.01031 0.04124 0.11340
A4CRT5                         0.13402 0.05155 0.01031 0.01546 0.00515 0.02062 0.03093 0.08247 0.00000 0.03608 0.21649 0.00515 0.02062 0.05670 0.05670 0.05155 0.03608 0.03093 0.02577 0.11340
A5GRV0                         0.10825 0.04639 0.00515 0.01546 0.00515 0.01546 0.04124 0.10825 0.00000 0.03093 0.23196 0.01031 0.02577 0.05155 0.05670 0.05670 0.03093 0.02062 0.02577 0.11340
Q8DKA6                         0.13918 0.03608 0.00000 0.01546 0.01031 0.05155 0.03093 0.07216 0.00000 0.08763 0.17526 0.01546 0.02577 0.06701 0.04639 0.05155 0.03608 0.01546 0.04124 0.08247
Q2JUW6                         0.09794 0.03093 0.01031 0.01546 0.00515 0.03608 0.03093 0.09278 0.00000 0.04124 0.19588 0.03093 0.01546 0.08247 0.04639 0.05155 0.03093 0.01031 0.04639 0.12887
B0CFY2                         0.06701 0.03608 0.01031 0.01546 0.00515 0.04639 0.02577 0.11340 0.00515 0.09278 0.17010 0.01546 0.00515 0.08247 0.04639 0.06701 0.03093 0.01031 0.04124 0.11340
Q2JMW9                         0.10825 0.03608 0.01031 0.01546 0.00515 0.03093 0.03093 0.09278 0.00000 0.04124 0.20103 0.03093 0.00515 0.08247 0.04639 0.04639 0.03093 0.01031 0.04639 0.12887
A9BE85                         0.10825 0.01546 0.00515 0.01546 0.00000 0.02577 0.02577 0.09278 0.00000 0.08763 0.20103 0.03608 0.02062 0.07216 0.06186 0.05670 0.03608 0.03093 0.02062 0.08763
B1XKW8                         0.10825 0.03093 0.00515 0.01031 0.00515 0.03093 0.03093 0.11340 0.00000 0.06701 0.14948 0.02062 0.02062 0.10309 0.05155 0.05670 0.03093 0.01546 0.03093 0.11856
B4B748                         0.07732 0.02577 0.00515 0.01546 0.00515 0.04124 0.02577 0.10825 0.00515 0.08247 0.16495 0.02577 0.01546 0.08763 0.05155 0.07216 0.02577 0.01031 0.04124 0.11340
Q3ALX8                         0.13918 0.04639 0.00000 0.01546 0.00515 0.01546 0.03093 0.09278 0.00000 0.04124 0.23196 0.01031 0.02062 0.05155 0.06186 0.04124 0.04124 0.03093 0.02062 0.10309
Q7NJC0                         0.07732 0.03608 0.00515 0.02577 0.00515 0.03093 0.02062 0.08247 0.00000 0.06701 0.10825 0.03093 0.03093 0.09794 0.05155 0.06186 0.05155 0.01031 0.03093 0.17526
A5GMV9                         0.12887 0.05670 0.01031 0.01546 0.00515 0.02062 0.03093 0.08247 0.00000 0.04124 0.22680 0.00515 0.01546 0.05155 0.05670 0.04639 0.03608 0.03093 0.02577 0.11340
Q46GV9                         0.09278 0.01031 0.00515 0.01546 0.00515 0.02062 0.03093 0.07732 0.00000 0.08247 0.20619 0.05670 0.02577 0.09278 0.05155 0.06701 0.05155 0.02062 0.01546 0.07216
A2BVC6                         0.06701 0.00515 0.02577 0.02062 0.00000 0.01546 0.03093 0.06186 0.00000 0.15464 0.14433 0.03608 0.01546 0.10309 0.05670 0.11340 0.03608 0.02062 0.02577 0.06701
A2C0S1                         0.09278 0.01031 0.00515 0.01546 0.00515 0.02062 0.03093 0.07732 0.00000 0.09278 0.20103 0.05670 0.02577 0.09278 0.05155 0.06701 0.05155 0.02062 0.01546 0.06701
B5W1N2                         0.07732 0.02062 0.00515 0.00515 0.00515 0.04639 0.03093 0.09794 0.00000 0.10309 0.15464 0.03608 0.01546 0.09794 0.05155 0.06186 0.03093 0.01031 0.03608 0.11340
Q7U568                         0.13918 0.04639 0.00000 0.01546 0.00515 0.02062 0.03093 0.09278 0.00000 0.04124 0.23196 0.01031 0.01546 0.05670 0.05670 0.03608 0.04124 0.02577 0.02062 0.11340
Q7VDB9                         0.09794 0.01031 0.01031 0.02062 0.00000 0.03093 0.03093 0.08247 0.00000 0.10825 0.19588 0.03608 0.02062 0.07732 0.05670 0.06186 0.02577 0.03093 0.02062 0.08247
Q3AWL9                         0.12371 0.04124 0.00515 0.01546 0.00515 0.02062 0.03093 0.09278 0.00000 0.02577 0.23196 0.01546 0.01546 0.05155 0.05670 0.04124 0.04124 0.03093 0.02062 0.13402
Q05YQ3                         0.12371 0.04124 0.00515 0.01546 0.00515 0.01546 0.03093 0.08763 0.00000 0.04124 0.22680 0.02062 0.01546 0.05670 0.05670 0.04124 0.03608 0.03093 0.02062 0.12887
A3YY16                         0.13402 0.05155 0.00515 0.01546 0.00515 0.01546 0.03608 0.08247 0.00000 0.02062 0.21649 0.00515 0.02577 0.05155 0.05670 0.03608 0.04124 0.02577 0.02577 0.14948
Q0I870                         0.13918 0.04639 0.00515 0.01546 0.00515 0.01546 0.03608 0.08247 0.00000 0.06186 0.19072 0.01546 0.01546 0.07216 0.05670 0.05670 0.02577 0.03093 0.02577 0.10309
Q7V656                         0.14433 0.03093 0.00000 0.02062 0.00515 0.03093 0.02577 0.09278 0.00515 0.05155 0.23196 0.01546 0.02062 0.04639 0.06186 0.03608 0.03608 0.03093 0.02577 0.08763
A3Z5Z0                         0.15464 0.05155 0.00000 0.01546 0.01031 0.01546 0.03093 0.08763 0.00000 0.04124 0.22680 0.01031 0.01546 0.05670 0.05670 0.03093 0.04639 0.03093 0.02577 0.09278
Q05WQ6                         0.14948 0.04124 0.00515 0.01546 0.00515 0.02062 0.03093 0.08763 0.00000 0.03608 0.21649 0.01031 0.01546 0.05670 0.05670 0.03608 0.04124 0.03093 0.03093 0.11340
A2C7F7                         0.14433 0.03093 0.00000 0.02062 0.00515 0.03093 0.02577 0.09278 0.00515 0.05155 0.23196 0.01546 0.02062 0.04639 0.06186 0.03608 0.03608 0.03093 0.02577 0.08763

Homogeneity statistic: X2 = 7.15289 G = 7.24643 

Average                        0.09492 0.02641 0.00991 0.01800 0.00611 0.02863 0.02863 0.08390 0.00222 0.08057 0.16907 0.02871 0.01983 0.09445 0.05551 0.06011 0.03592 0.01792 0.03275 0.10642

# constant sites:     16 (8.25%)
ln Lmax (unconstrained) = -1005.668749

AA distances (raw proportions of different sites)

A8EU89         
D1B301           0.3041
A6Q445           0.2784  0.2990
Q7M9J6           0.3144  0.3351  0.2062
B9KG07           0.3866  0.3608  0.4072  0.4124
Q4HRS0           0.3969  0.3505  0.3969  0.4175  0.2371
Q4HH93           0.4124  0.3557  0.4072  0.4330  0.2165  0.2526
A8FL02           0.4124  0.3402  0.4124  0.4278  0.2216  0.2526  0.0361
A7H3V1           0.4278  0.3557  0.4278  0.4381  0.2320  0.2629  0.0464  0.0206
O25701           0.4588  0.4639  0.3969  0.4175  0.5000  0.4794  0.5052  0.4948  0.4948
B9LA52           0.4124  0.4691  0.4072  0.4021  0.4845  0.5000  0.5155  0.5206  0.5309  0.4794
Q30PZ8           0.3918  0.4330  0.3608  0.3814  0.4948  0.5052  0.4691  0.4794  0.4948  0.4794  0.4742
A6Q7F3           0.4021  0.4381  0.3505  0.3969  0.4948  0.4794  0.4794  0.4897  0.5052  0.4639  0.4742  0.2320
P69423           0.6392  0.6237  0.6289  0.6495  0.6546  0.6495  0.6443  0.6443  0.6443  0.6856  0.6804  0.6598  0.6495
B7LTZ6           0.6392  0.6237  0.6186  0.6443  0.6598  0.6392  0.6392  0.6392  0.6392  0.6804  0.6753  0.6598  0.6495  0.0155
B7N2E6           0.6392  0.6237  0.6289  0.6495  0.6546  0.6495  0.6443  0.6443  0.6443  0.6856  0.6804  0.6598  0.6495  0.0000  0.0155
A3ILF6           0.6753  0.6856  0.6959  0.6907  0.6753  0.6649  0.7113  0.7062  0.7216  0.7216  0.7010  0.6701  0.6546  0.6959  0.7062  0.6959
C7QTS7           0.6701  0.6753  0.6856  0.6907  0.6649  0.6392  0.6804  0.6856  0.6907  0.7320  0.7113  0.6753  0.6546  0.6959  0.7010  0.6959  0.1701
B7JV79           0.6701  0.6753  0.6856  0.6907  0.6649  0.6392  0.6804  0.6856  0.6907  0.7320  0.7113  0.6753  0.6546  0.6959  0.7010  0.6959  0.1701  0.0000
B1WUV4           0.6701  0.6804  0.6907  0.6856  0.6701  0.6649  0.7165  0.7010  0.7165  0.7165  0.6959  0.6649  0.6546  0.7062  0.7165  0.7062  0.0361  0.1804  0.1804
Q3MG73           0.6546  0.6598  0.6649  0.6907  0.6649  0.6598  0.6907  0.6856  0.7010  0.7320  0.7062  0.6701  0.6392  0.6856  0.6907  0.6856  0.2165  0.2268  0.2268  0.2216
Q8YU98           0.6546  0.6546  0.6649  0.6907  0.6649  0.6598  0.6907  0.6856  0.7010  0.7320  0.7062  0.6753  0.6443  0.6856  0.6907  0.6856  0.2268  0.2268  0.2268  0.2320  0.0206
P54086           0.6701  0.6649  0.6804  0.6959  0.6649  0.6649  0.6959  0.6907  0.7062  0.7320  0.7216  0.6598  0.6443  0.6856  0.6959  0.6856  0.1856  0.1598  0.1598  0.1804  0.2062  0.2113
Q7V2L2           0.6753  0.7165  0.6649  0.6701  0.7113  0.6701  0.6959  0.7062  0.7113  0.6907  0.7371  0.7062  0.6907  0.7371  0.7320  0.7371  0.4381  0.4381  0.4381  0.4227  0.5000  0.5052  0.4897
A8G3H9           0.6753  0.7165  0.6649  0.6753  0.7113  0.6701  0.7010  0.7113  0.7165  0.6907  0.7423  0.7113  0.6753  0.7371  0.7320  0.7371  0.4227  0.4381  0.4381  0.4072  0.4742  0.4845  0.4794  0.0619
B2J3K9           0.6649  0.6856  0.6753  0.7010  0.6753  0.6649  0.7010  0.6907  0.7062  0.7320  0.7165  0.6907  0.6649  0.6701  0.6753  0.6701  0.2165  0.2113  0.2113  0.2268  0.0876  0.0928  0.1907  0.5052  0.4845
B0JLU5           0.6701  0.6546  0.6753  0.6856  0.6753  0.6392  0.6701  0.6804  0.6856  0.7165  0.7216  0.6701  0.6598  0.6907  0.6959  0.6907  0.1907  0.1856  0.1856  0.1959  0.2165  0.2165  0.1856  0.4433  0.4485  0.2371
A2BPU7           0.6753  0.7165  0.6649  0.6701  0.7113  0.6701  0.7010  0.7113  0.7165  0.6907  0.7423  0.7113  0.6753  0.7320  0.7268  0.7320  0.4278  0.4433  0.4433  0.4124  0.4794  0.4897  0.4845  0.0619  0.0052  0.4897  0.4536
Q31C70           0.6856  0.7062  0.6701  0.6753  0.7062  0.6649  0.6959  0.7062  0.7113  0.6804  0.7526  0.7113  0.6701  0.7371  0.7320  0.7371  0.4278  0.4330  0.4330  0.4124  0.4794  0.4897  0.4742  0.0722  0.0155  0.4897  0.4485  0.0206
A0ZE59           0.6701  0.6701  0.6856  0.6959  0.6701  0.6649  0.6907  0.6804  0.6959  0.7268  0.7113  0.6804  0.6598  0.6753  0.6804  0.6753  0.1907  0.1804  0.1804  0.1907  0.0825  0.0979  0.1856  0.5000  0.4742  0.0876  0.2216  0.4794  0.4794
A3PBI7           0.6804  0.7216  0.6701  0.6804  0.7113  0.6804  0.7113  0.7216  0.7268  0.6959  0.7474  0.7165  0.6804  0.7371  0.7320  0.7371  0.4227  0.4485  0.4485  0.4072  0.4794  0.4897  0.4845  0.0722  0.0103  0.4897  0.4536  0.0155  0.0258  0.4794
A0YZ17           0.6649  0.6753  0.6701  0.6907  0.6959  0.6856  0.7216  0.7216  0.7268  0.7320  0.7062  0.6804  0.6649  0.6649  0.6701  0.6649  0.3608  0.3505  0.3505  0.3557  0.3299  0.3247  0.3247  0.5155  0.4948  0.3093  0.3454  0.5000  0.4845  0.3196  0.5000
B8HNS1           0.6701  0.7165  0.6856  0.6959  0.6753  0.6959  0.7010  0.7113  0.7165  0.7577  0.7216  0.6701  0.6598  0.6959  0.7010  0.6959  0.2474  0.2680  0.2680  0.2526  0.2165  0.2268  0.2629  0.4794  0.4845  0.2371  0.2474  0.4897  0.4845  0.2113  0.4897  0.2835
Q4C4Z7           0.6753  0.6907  0.6907  0.6959  0.6804  0.6701  0.7113  0.7113  0.7165  0.7320  0.7062  0.6598  0.6546  0.7113  0.7216  0.7113  0.0825  0.1649  0.1649  0.0825  0.2320  0.2423  0.1856  0.4433  0.4330  0.2320  0.1856  0.4381  0.4278  0.2062  0.4330  0.3505  0.2371
B9YHN2           0.6856  0.6753  0.6856  0.6907  0.6753  0.6856  0.6959  0.6907  0.7062  0.7320  0.7113  0.6649  0.6598  0.6856  0.6907  0.6856  0.2010  0.2165  0.2165  0.1959  0.1753  0.1753  0.2010  0.4691  0.4742  0.1649  0.2216  0.4794  0.4639  0.1289  0.4794  0.3299  0.2526  0.2165
Q114K5           0.6856  0.6959  0.7010  0.7216  0.7113  0.6701  0.7010  0.7010  0.7113  0.7526  0.7371  0.6701  0.6598  0.6804  0.6804  0.6804  0.3247  0.2990  0.2990  0.3144  0.2732  0.2629  0.3093  0.5052  0.4845  0.2680  0.3144  0.4897  0.4845  0.2732  0.4897  0.2835  0.2990  0.3144  0.3041
Q5N642           0.6959  0.6856  0.7216  0.7113  0.7010  0.6856  0.7165  0.7216  0.7320  0.7423  0.7268  0.6804  0.6649  0.6804  0.6804  0.6804  0.2474  0.2784  0.2784  0.2629  0.2577  0.2629  0.2887  0.4742  0.4691  0.2732  0.2732  0.4639  0.4742  0.2526  0.4742  0.3969  0.2887  0.2732  0.2526  0.3144
Q8KPU8           0.6959  0.6856  0.7216  0.7113  0.7010  0.6856  0.7165  0.7216  0.7320  0.7423  0.7268  0.6804  0.6649  0.6804  0.6804  0.6804  0.2474  0.2784  0.2784  0.2629  0.2577  0.2629  0.2887  0.4742  0.4691  0.2732  0.2732  0.4639  0.4742  0.2526  0.4742  0.3969  0.2887  0.2732  0.2526  0.3144  0.0000
B7KKY8           0.6753  0.6804  0.7010  0.6959  0.6907  0.6598  0.7062  0.7062  0.7113  0.7113  0.7010  0.6701  0.6701  0.6959  0.7010  0.6959  0.1443  0.1701  0.1701  0.1392  0.2113  0.2165  0.1649  0.4639  0.4588  0.1804  0.1598  0.4639  0.4639  0.1804  0.4639  0.3196  0.2423  0.1443  0.1804  0.3093  0.2577  0.2577
A4CRT5           0.6959  0.7010  0.7062  0.7268  0.7062  0.6649  0.7010  0.7062  0.7113  0.7526  0.7526  0.6753  0.6701  0.7062  0.7062  0.7062  0.3969  0.4485  0.4485  0.3969  0.4227  0.4278  0.4278  0.4485  0.4381  0.4175  0.4175  0.4381  0.4433  0.4278  0.4330  0.4897  0.4072  0.4175  0.4227  0.4330  0.3557  0.3557  0.4175
A5GRV0           0.7062  0.7216  0.7268  0.7423  0.7165  0.6649  0.7113  0.7113  0.7165  0.7577  0.7629  0.7062  0.7062  0.7062  0.7062  0.7062  0.3918  0.4124  0.4124  0.3918  0.4330  0.4381  0.4330  0.4433  0.4433  0.4227  0.4021  0.4433  0.4433  0.4278  0.4381  0.4639  0.4278  0.4072  0.4021  0.4381  0.3711  0.3711  0.4072  0.2062
Q8DKA6           0.6289  0.6701  0.6649  0.6598  0.6546  0.6340  0.7010  0.7113  0.7113  0.6856  0.6701  0.6804  0.6598  0.6804  0.6856  0.6804  0.3711  0.3557  0.3557  0.3814  0.3247  0.3299  0.3763  0.5155  0.5155  0.3196  0.3711  0.5155  0.5206  0.3351  0.5206  0.4278  0.3299  0.3969  0.3454  0.4072  0.3557  0.3557  0.3557  0.4588  0.4691
Q2JUW6           0.6753  0.6649  0.6649  0.6649  0.6649  0.6546  0.6959  0.6959  0.7010  0.7268  0.7010  0.6649  0.6340  0.6804  0.6804  0.6804  0.2990  0.3144  0.3144  0.2887  0.2680  0.2784  0.2938  0.5206  0.5103  0.2680  0.3299  0.5155  0.5000  0.2526  0.5155  0.3505  0.2680  0.2680  0.2835  0.3041  0.2887  0.2887  0.2887  0.4124  0.4433  0.3557
B0CFY2           0.6598  0.7062  0.6701  0.6907  0.6804  0.6804  0.7010  0.6959  0.7113  0.7320  0.7165  0.6495  0.6340  0.6959  0.7010  0.6959  0.2113  0.2216  0.2216  0.2113  0.2165  0.2216  0.2320  0.4845  0.4794  0.2062  0.2165  0.4845  0.4897  0.2062  0.4845  0.3041  0.1804  0.1959  0.2423  0.2938  0.2990  0.2990  0.2062  0.4278  0.4330  0.3660  0.3041
Q2JMW9           0.6856  0.6649  0.6701  0.6701  0.6701  0.6598  0.6959  0.6959  0.7010  0.7216  0.7010  0.6701  0.6392  0.6753  0.6753  0.6753  0.3093  0.3196  0.3196  0.2990  0.2629  0.2732  0.2887  0.5361  0.5258  0.2629  0.3247  0.5309  0.5155  0.2474  0.5309  0.3505  0.2680  0.2887  0.2732  0.3196  0.2835  0.2835  0.2887  0.4330  0.4588  0.3505  0.0309  0.2990
A9BE85           0.7010  0.7113  0.7010  0.7113  0.7062  0.6959  0.7062  0.7113  0.7216  0.7268  0.7320  0.6598  0.6907  0.7113  0.7113  0.7113  0.4278  0.4742  0.4742  0.4278  0.4485  0.4588  0.4227  0.4330  0.4124  0.4433  0.4433  0.4124  0.4175  0.4381  0.4072  0.5258  0.4588  0.4485  0.4227  0.4691  0.4433  0.4433  0.4485  0.2423  0.3196  0.4845  0.4485  0.4742  0.4485
B1XKW8           0.6804  0.6804  0.7010  0.6907  0.6495  0.6443  0.6856  0.6856  0.6907  0.7268  0.6959  0.6753  0.6546  0.6804  0.6907  0.6804  0.2268  0.2474  0.2474  0.2216  0.2423  0.2474  0.2371  0.4845  0.4794  0.2577  0.2165  0.4845  0.4742  0.2526  0.4845  0.3660  0.2629  0.2320  0.2629  0.3351  0.2938  0.2938  0.2268  0.4175  0.4175  0.3814  0.3299  0.2732  0.3299  0.4639
B4B748           0.6753  0.6701  0.6701  0.6907  0.6753  0.6598  0.6907  0.6856  0.7010  0.7268  0.7113  0.6598  0.6546  0.7113  0.7165  0.7113  0.1907  0.1701  0.1701  0.1907  0.1959  0.2010  0.1856  0.4691  0.4691  0.1753  0.1856  0.4639  0.4742  0.1907  0.4742  0.3196  0.2526  0.1959  0.2113  0.3144  0.2577  0.2577  0.1082  0.4278  0.4175  0.3505  0.3299  0.2010  0.3299  0.4588  0.2474
Q3ALX8           0.6907  0.6959  0.7010  0.7165  0.6907  0.6649  0.7010  0.7062  0.7113  0.7526  0.7577  0.6753  0.6753  0.6907  0.6907  0.6907  0.3763  0.4124  0.4124  0.3763  0.4021  0.4021  0.4072  0.4330  0.4278  0.3918  0.3866  0.4330  0.4330  0.4021  0.4227  0.4794  0.3969  0.3918  0.3866  0.4278  0.3608  0.3608  0.3918  0.1289  0.1907  0.4433  0.4021  0.4124  0.4227  0.2320  0.3969  0.4175
Q7NJC0           0.6907  0.7113  0.6907  0.7113  0.7474  0.7113  0.7320  0.7268  0.7371  0.7474  0.7371  0.6959  0.6701  0.6804  0.6907  0.6804  0.3918  0.3814  0.3814  0.3969  0.3454  0.3454  0.3608  0.5412  0.5258  0.3454  0.3660  0.5309  0.5412  0.3402  0.5309  0.4175  0.4072  0.4021  0.3814  0.4021  0.4021  0.4021  0.3711  0.4794  0.4948  0.4330  0.3660  0.3711  0.3557  0.4948  0.3969  0.3918  0.4794
A5GMV9           0.6959  0.6907  0.7062  0.7216  0.7010  0.6598  0.7010  0.7062  0.7113  0.7474  0.7474  0.6701  0.6649  0.7062  0.7062  0.7062  0.3866  0.4433  0.4433  0.3866  0.4227  0.4278  0.4227  0.4381  0.4330  0.4175  0.4124  0.4330  0.4381  0.4278  0.4278  0.4897  0.4021  0.4072  0.4072  0.4330  0.3505  0.3505  0.4072  0.0258  0.1907  0.4536  0.4021  0.4278  0.4227  0.2474  0.4124  0.4227  0.1237  0.4794
Q46GV9           0.6907  0.7216  0.7010  0.7062  0.6856  0.6753  0.6959  0.7113  0.7165  0.7577  0.7474  0.7165  0.7062  0.7010  0.7062  0.7010  0.4278  0.4381  0.4381  0.4227  0.4124  0.4175  0.4124  0.4021  0.3866  0.4227  0.4175  0.3866  0.3918  0.4278  0.3814  0.5000  0.4588  0.4278  0.4175  0.4742  0.4433  0.4433  0.4381  0.2938  0.3041  0.4588  0.4691  0.4536  0.4845  0.2474  0.4433  0.3969  0.2835  0.5206  0.2887
A2BVC6           0.6804  0.7165  0.6701  0.6598  0.7062  0.6649  0.6959  0.7062  0.7113  0.6907  0.7371  0.7062  0.6959  0.7371  0.7320  0.7371  0.4433  0.4433  0.4433  0.4278  0.5052  0.5103  0.5000  0.0258  0.0722  0.5155  0.4485  0.0670  0.0825  0.5052  0.0825  0.5155  0.4845  0.4485  0.4742  0.5103  0.4794  0.4794  0.4639  0.4536  0.4381  0.5155  0.5206  0.4845  0.5361  0.4433  0.4897  0.4639  0.4433  0.5412  0.4433  0.4021
A2C0S1           0.6959  0.7165  0.7010  0.7010  0.6856  0.6753  0.6959  0.7113  0.7165  0.7526  0.7526  0.7165  0.7062  0.7010  0.7062  0.7010  0.4227  0.4433  0.4433  0.4175  0.4175  0.4227  0.4072  0.4072  0.3918  0.4278  0.4124  0.3918  0.3866  0.4330  0.3866  0.4948  0.4639  0.4278  0.4124  0.4794  0.4485  0.4485  0.4330  0.2990  0.3093  0.4639  0.4639  0.4588  0.4794  0.2526  0.4485  0.4021  0.2887  0.5258  0.2938  0.0103  0.4072
B5W1N2           0.6598  0.6804  0.6649  0.6907  0.7062  0.6959  0.7113  0.7062  0.7113  0.7371  0.7320  0.6649  0.6753  0.7010  0.7062  0.7010  0.3144  0.2990  0.2990  0.3196  0.2680  0.2680  0.2990  0.5052  0.4948  0.2629  0.2835  0.5000  0.5000  0.2680  0.5000  0.2629  0.2629  0.3093  0.2938  0.2680  0.3814  0.3814  0.2887  0.4742  0.4639  0.3969  0.3557  0.2835  0.3505  0.4845  0.3454  0.2990  0.4330  0.4124  0.4691  0.4794  0.5103  0.4794
Q7U568           0.6753  0.6959  0.7010  0.7216  0.6959  0.6649  0.7062  0.7113  0.7165  0.7423  0.7526  0.6753  0.6649  0.6907  0.6907  0.6907  0.3711  0.4227  0.4227  0.3763  0.3969  0.4021  0.4124  0.4433  0.4485  0.3866  0.3814  0.4485  0.4536  0.4021  0.4433  0.4845  0.3969  0.3814  0.3969  0.4330  0.3608  0.3608  0.3918  0.1392  0.1907  0.4485  0.4072  0.4124  0.4330  0.2320  0.4124  0.4175  0.0567  0.4845  0.1289  0.2887  0.4588  0.2938  0.4278
Q7VDB9           0.6856  0.6804  0.7010  0.6959  0.6804  0.6546  0.6753  0.6649  0.6753  0.7371  0.7268  0.6649  0.6907  0.7216  0.7216  0.7216  0.4330  0.4742  0.4742  0.4175  0.4588  0.4639  0.4433  0.4227  0.4124  0.4485  0.4639  0.4175  0.4175  0.4433  0.4072  0.4897  0.4691  0.4433  0.4175  0.4639  0.4691  0.4691  0.4639  0.2732  0.3299  0.4948  0.4691  0.4536  0.4845  0.2113  0.4588  0.4536  0.2629  0.5309  0.2732  0.2887  0.4227  0.2938  0.4794  0.2732
Q3AWL9           0.6804  0.6959  0.6907  0.7113  0.6907  0.6598  0.7010  0.7062  0.7113  0.7320  0.7526  0.6701  0.6753  0.7010  0.7010  0.7010  0.3763  0.4124  0.4124  0.3763  0.4072  0.4124  0.4124  0.4330  0.4278  0.3969  0.3866  0.4278  0.4330  0.4021  0.4227  0.4845  0.4021  0.3969  0.3866  0.4485  0.3763  0.3763  0.4021  0.1701  0.1907  0.4536  0.4175  0.4072  0.4330  0.2268  0.4021  0.4175  0.0773  0.4742  0.1598  0.2835  0.4433  0.2887  0.4381  0.0876  0.2732
Q05YQ3           0.6753  0.6907  0.6959  0.7165  0.6856  0.6598  0.7010  0.7062  0.7113  0.7320  0.7474  0.6701  0.6701  0.6907  0.6907  0.6907  0.3711  0.4175  0.4175  0.3711  0.4072  0.4124  0.4124  0.4330  0.4330  0.3969  0.3918  0.4330  0.4381  0.4021  0.4278  0.4794  0.4072  0.3918  0.3814  0.4485  0.3763  0.3763  0.4021  0.1649  0.1907  0.4588  0.4124  0.4124  0.4278  0.2423  0.4072  0.4227  0.0825  0.4742  0.1495  0.2938  0.4485  0.2990  0.4381  0.0773  0.2784  0.0309
A3YY16           0.6959  0.6959  0.7010  0.7216  0.7062  0.6598  0.6907  0.6907  0.6959  0.7629  0.7371  0.7010  0.6804  0.6856  0.6856  0.6856  0.4175  0.4381  0.4381  0.4175  0.4381  0.4433  0.4278  0.4845  0.4845  0.4278  0.4175  0.4794  0.4845  0.4433  0.4794  0.5052  0.4175  0.4278  0.4330  0.4485  0.3763  0.3763  0.4124  0.1598  0.1959  0.4845  0.4330  0.4433  0.4485  0.2887  0.4330  0.4381  0.1495  0.5103  0.1649  0.3608  0.4845  0.3660  0.4742  0.1598  0.3299  0.1804  0.1856
Q0I870           0.7113  0.7062  0.7216  0.7320  0.6959  0.6649  0.7113  0.7113  0.7165  0.7423  0.7526  0.7062  0.6701  0.6959  0.6959  0.6959  0.3505  0.4124  0.4124  0.3608  0.4072  0.4124  0.4021  0.4278  0.4227  0.4021  0.3918  0.4227  0.4278  0.4124  0.4175  0.4897  0.4021  0.3814  0.4072  0.4588  0.3660  0.3660  0.4021  0.1031  0.2474  0.4536  0.4381  0.4072  0.4485  0.2526  0.3866  0.4124  0.1701  0.4742  0.1134  0.2938  0.4330  0.2990  0.4691  0.1546  0.2784  0.1959  0.1856  0.2165
Q7V656           0.7010  0.6959  0.7113  0.7165  0.6856  0.6701  0.6959  0.7010  0.7062  0.7526  0.7423  0.6804  0.6907  0.6856  0.6856  0.6856  0.3660  0.4175  0.4175  0.3763  0.4072  0.4124  0.3969  0.4381  0.4227  0.3969  0.3814  0.4227  0.4278  0.4021  0.4175  0.4794  0.4021  0.3969  0.3866  0.4330  0.3711  0.3711  0.3866  0.1443  0.1959  0.4330  0.4227  0.4330  0.4330  0.2113  0.3969  0.4021  0.1134  0.4794  0.1340  0.2680  0.4433  0.2732  0.4433  0.1289  0.2526  0.1392  0.1443  0.2010  0.1649
A3Z5Z0           0.6959  0.7113  0.7216  0.7371  0.7113  0.6753  0.7010  0.7113  0.7165  0.7423  0.7577  0.6959  0.6856  0.6907  0.6856  0.6907  0.3814  0.4381  0.4381  0.3969  0.4072  0.4124  0.4175  0.4536  0.4381  0.4072  0.4072  0.4381  0.4433  0.4072  0.4330  0.5000  0.4072  0.4175  0.3969  0.4639  0.3608  0.3608  0.4124  0.1134  0.2062  0.4536  0.4330  0.4175  0.4433  0.2371  0.4175  0.4278  0.1237  0.4742  0.1134  0.2835  0.4588  0.2887  0.4639  0.1134  0.2732  0.1546  0.1546  0.1856  0.1340  0.1134
Q05WQ6           0.6959  0.6907  0.7113  0.7216  0.6959  0.6598  0.6959  0.7010  0.7062  0.7268  0.7526  0.6959  0.6753  0.6856  0.6804  0.6856  0.3660  0.4227  0.4227  0.3814  0.4021  0.4072  0.4124  0.4536  0.4433  0.4021  0.4124  0.4381  0.4485  0.4021  0.4381  0.4897  0.4021  0.3918  0.3918  0.4485  0.3505  0.3505  0.4072  0.1237  0.2010  0.4588  0.4433  0.4021  0.4433  0.2629  0.4072  0.4227  0.1495  0.4691  0.1237  0.3041  0.4536  0.3093  0.4536  0.1289  0.2887  0.1701  0.1598  0.1907  0.1340  0.1546  0.0825
A2C7F7           0.7010  0.6959  0.7113  0.7165  0.6856  0.6701  0.6959  0.7010  0.7062  0.7526  0.7423  0.6804  0.6907  0.6856  0.6856  0.6856  0.3660  0.4175  0.4175  0.3763  0.4072  0.4124  0.3969  0.4381  0.4227  0.3969  0.3814  0.4227  0.4278  0.4021  0.4175  0.4794  0.4021  0.3969  0.3866  0.4330  0.3711  0.3711  0.3866  0.1443  0.1959  0.4330  0.4227  0.4330  0.4330  0.2113  0.3969  0.4021  0.1134  0.4794  0.1340  0.2680  0.4433  0.2732  0.4433  0.1289  0.2526  0.1392  0.1443  0.2010  0.1649  0.0000  0.1134  0.1546


TREE #  1:  (((((((12, 13), 1), (((((8, 9), 7), 5), 6), 2)), (4, 10)), 3), 11), ((14, 15), 16), ((((((((((18, 19), ((17, 20), 34)), ((39, 48), 27)), 23), 47), (((55, 32), 36), (((30, 26), (22, 21)), 35))), ((42, 33), 44)), ((38, 37), ((((((56, 49), (59, 58)), (((40, 51), 61), (63, 64))), (((((53, 24), (((31, 28), 25), 29)), (52, 54)), (57, 46)), (65, 62))), 60), 41))), (43, 45)), 50));   MP score: 1681
lnL(ntime: 63  np: 64):  -8713.541815      +0.000000
  66..67   67..68   68..69   69..70   70..71   71..72   72..12   72..13   71..1    70..73   73..74   74..75   75..76   76..77   77..8    77..9    76..7    75..5    74..6    73..2    69..78   78..4    78..10   68..3    67..11   66..79   79..80   80..14   80..15   79..16   66..81   81..82   82..83   83..84   84..85   85..86   86..87   87..88   88..89   89..90   90..18   90..19   89..91   91..92   92..17   92..20   91..34   88..93   93..94   94..39   94..48   93..27   87..23   86..47   85..95   95..96   96..97   97..55   97..32   96..36   95..98   98..99   99..100 100..30  100..26   99..101 101..22  101..21   98..35   84..102 102..103 103..42  103..33  102..44   83..104 104..105 105..38  105..37  104..106 106..107 107..108 108..109 109..110 110..111 111..56  111..49  110..112 112..59  112..58  109..113 113..114 114..115 115..40  115..51  114..61  113..116 116..63  116..64  108..117 117..118 118..119 119..120 120..121 121..53  121..24  120..122 122..123 123..124 124..31  124..28  123..25  122..29  119..125 125..52  125..54  118..126 126..57  126..46  117..127 127..65  127..62  107..60  106..41   82..128 128..43  128..45   81..50 
 1.477254 0.545857 0.440009 0.440008 0.419669 0.409248 0.149771 0.335627 0.153652 0.120067 0.018603 0.009579 0.390280 0.005470 0.005470 0.478890 0.473935 0.440060 0.299769 0.299769 0.208848 0.154861 0.149766 0.126226 0.000000 0.051823 0.019370 0.123183 0.063065 0.299769 0.208355 0.170992 0.134740 0.062386 0.062386 0.011232 0.272774 0.248066 0.431299 0.000000 0.250597 0.243958 0.232885 0.163010 0.069626 0.048094 0.019201 0.096548 0.065713 0.015327 0.061236 0.232885 0.205864 0.172571 0.025047 0.008958 0.007240 0.007240 0.007240 0.005169 0.131543 0.000000 0.020447 1.012290

tree length =  14.75704

(((((((12: 0.149771, 13: 0.149771): 0.259476, 1: 0.409248): 0.010421, (((((8: 0.009579, 9: 0.009579): 0.009025, 7: 0.018603): 0.101464, 5: 0.120067): 0.033585, 6: 0.153652): 0.181975, 2: 0.335627): 0.084042): 0.020339, (4: 0.390280, 10: 0.390280): 0.049728): 0.000000, 3: 0.440009): 0.105848, 11: 0.545857): 0.931398, ((14: 0.005470, 15: 0.005470): 0.000000, 16: 0.005470): 1.471785, ((((((((((18: 0.000000, 19: 0.000000): 0.126226, ((17: 0.019370, 20: 0.019370): 0.032454, 34: 0.051823): 0.074403): 0.023540, ((39: 0.063065, 48: 0.063065): 0.060118, 27: 0.123183): 0.026583): 0.005096, 23: 0.154861): 0.053987, 47: 0.208848): 0.090921, (((55: 0.170992, 32: 0.170992): 0.037363, 36: 0.208355): 0.091414, (((30: 0.062386, 26: 0.062386): 0.000000, (22: 0.011232, 21: 0.011232): 0.051154): 0.072354, 35: 0.134740): 0.165029): 0.000000): 0.000000, ((42: 0.248066, 33: 0.248066): 0.024707, 44: 0.272774): 0.026996): 0.140290, ((38: 0.000000, 37: 0.000000): 0.431299, ((((((56: 0.048094, 49: 0.048094): 0.021532, (59: 0.019201, 58: 0.019201): 0.050424): 0.093385, (((40: 0.015327, 51: 0.015327): 0.050386, 61: 0.065713): 0.030835, (63: 0.061236, 64: 0.061236): 0.035313): 0.066462): 0.069875, (((((53: 0.008958, 24: 0.008958): 0.016089, (((31: 0.007240, 28: 0.007240): 0.000000, 25: 0.007240): 0.000000, 29: 0.007240): 0.017807): 0.147524, (52: 0.005169, 54: 0.005169): 0.167401): 0.033294, (57: 0.131543, 46: 0.131543): 0.074321): 0.027021, (65: 0.000000, 62: 0.000000): 0.232885): 0.000000): 0.011073, 60: 0.243958): 0.006639, 41: 0.250597): 0.180702): 0.008761): 0.033876, (43: 0.020447, 45: 0.020447): 0.453488): 0.004955, 50: 0.478890): 0.998364);

(((((((Q30PZ8: 0.149771, A6Q7F3: 0.149771): 0.259476, A8EU89: 0.409248): 0.010421, (((((A8FL02: 0.009579, A7H3V1: 0.009579): 0.009025, Q4HH93: 0.018603): 0.101464, B9KG07: 0.120067): 0.033585, Q4HRS0: 0.153652): 0.181975, D1B301: 0.335627): 0.084042): 0.020339, (Q7M9J6: 0.390280, O25701: 0.390280): 0.049728): 0.000000, A6Q445: 0.440009): 0.105848, B9LA52: 0.545857): 0.931398, ((P69423: 0.005470, B7LTZ6: 0.005470): 0.000000, B7N2E6: 0.005470): 1.471785, ((((((((((C7QTS7: 0.000000, B7JV79: 0.000000): 0.126226, ((A3ILF6: 0.019370, B1WUV4: 0.019370): 0.032454, Q4C4Z7: 0.051823): 0.074403): 0.023540, ((B7KKY8: 0.063065, B4B748: 0.063065): 0.060118, B0JLU5: 0.123183): 0.026583): 0.005096, P54086: 0.154861): 0.053987, B1XKW8: 0.208848): 0.090921, (((B5W1N2: 0.170992, A0YZ17: 0.170992): 0.037363, Q114K5: 0.208355): 0.091414, (((A0ZE59: 0.062386, B2J3K9: 0.062386): 0.000000, (Q8YU98: 0.011232, Q3MG73: 0.011232): 0.051154): 0.072354, B9YHN2: 0.134740): 0.165029): 0.000000): 0.000000, ((Q8DKA6: 0.248066, B8HNS1: 0.248066): 0.024707, B0CFY2: 0.272774): 0.026996): 0.140290, ((Q8KPU8: 0.000000, Q5N642: 0.000000): 0.431299, ((((((Q7U568: 0.048094, Q3ALX8: 0.048094): 0.021532, (Q05YQ3: 0.019201, Q3AWL9: 0.019201): 0.050424): 0.093385, (((A4CRT5: 0.015327, A5GMV9: 0.015327): 0.050386, Q0I870: 0.065713): 0.030835, (A3Z5Z0: 0.061236, Q05WQ6: 0.061236): 0.035313): 0.066462): 0.069875, (((((A2BVC6: 0.008958, Q7V2L2: 0.008958): 0.016089, (((A3PBI7: 0.007240, A2BPU7: 0.007240): 0.000000, A8G3H9: 0.007240): 0.000000, Q31C70: 0.007240): 0.017807): 0.147524, (Q46GV9: 0.005169, A2C0S1: 0.005169): 0.167401): 0.033294, (Q7VDB9: 0.131543, A9BE85: 0.131543): 0.074321): 0.027021, (A2C7F7: 0.000000, Q7V656: 0.000000): 0.232885): 0.000000): 0.011073, A3YY16: 0.243958): 0.006639, A5GRV0: 0.250597): 0.180702): 0.008761): 0.033876, (Q2JUW6: 0.020447, Q2JMW9: 0.020447): 0.453488): 0.004955, Q7NJC0: 0.478890): 0.998364);

(((((((12_Q30PZ8, 13_A6Q7F3) 72 , 1_A8EU89) 71 , (((((8_A8FL02, 9_A7H3V1) 77 , 7_Q4HH93) 76 , 5_B9KG07) 75 , 6_Q4HRS0) 74 , 2_D1B301) 73 ) 70 , (4_Q7M9J6, 10_O25701) 78 ) 69 , 3_A6Q445) 68 , 11_B9LA52) 67 , ((14_P69423, 15_B7LTZ6) 80 , 16_B7N2E6) 79 , ((((((((((18_C7QTS7, 19_B7JV79) 90 , ((17_A3ILF6, 20_B1WUV4) 92 , 34_Q4C4Z7) 91 ) 89 , ((39_B7KKY8, 48_B4B748) 94 , 27_B0JLU5) 93 ) 88 , 23_P54086) 87 , 47_B1XKW8) 86 , (((55_B5W1N2, 32_A0YZ17) 97 , 36_Q114K5) 96 , (((30_A0ZE59, 26_B2J3K9) 100 , (22_Q8YU98, 21_Q3MG73) 101 ) 99 , 35_B9YHN2) 98 ) 95 ) 85 , ((42_Q8DKA6, 33_B8HNS1) 103 , 44_B0CFY2) 102 ) 84 , ((38_Q8KPU8, 37_Q5N642) 105 , ((((((56_Q7U568, 49_Q3ALX8) 111 , (59_Q05YQ3, 58_Q3AWL9) 112 ) 110 , (((40_A4CRT5, 51_A5GMV9) 115 , 61_Q0I870) 114 , (63_A3Z5Z0, 64_Q05WQ6) 116 ) 113 ) 109 , (((((53_A2BVC6, 24_Q7V2L2) 121 , (((31_A3PBI7, 28_A2BPU7) 124 , 25_A8G3H9) 123 , 29_Q31C70) 122 ) 120 , (52_Q46GV9, 54_A2C0S1) 125 ) 119 , (57_Q7VDB9, 46_A9BE85) 126 ) 118 , (65_A2C7F7, 62_Q7V656) 127 ) 117 ) 108 , 60_A3YY16) 107 , 41_A5GRV0) 106 ) 104 ) 83 , (43_Q2JUW6, 45_Q2JMW9) 128 ) 82 , 50_Q7NJC0) 81 ) 66 ;

Detailed output identifying parameters

alpha (gamma, K = 4) =  1.01229
rate:   0.13940  0.48041  1.00201  2.37818
freq:   0.25000  0.25000  0.25000  0.25000

Time used:  5:41
