AAML (in paml version 4.6, August 2012)  278.aa
Model: Empirical for branches,  (../../../bin/LG.dat) dGamma (ncatG=5) ns =  65  ls = 277


Frequencies..
                                    A      R      N      D      C      Q      E      G      H      I      L      K      M      F      P      S      T      W      Y      V
A8EU15                         0.07581 0.02166 0.03249 0.06498 0.01805 0.01805 0.08664 0.09386 0.01444 0.07942 0.06498 0.09386 0.02166 0.03610 0.04693 0.04693 0.04693 0.00000 0.04332 0.09386
B9L9E7                         0.07942 0.02166 0.02527 0.09025 0.01805 0.01805 0.07942 0.08664 0.00722 0.06137 0.06498 0.11191 0.03249 0.04332 0.03971 0.03971 0.02527 0.00000 0.04693 0.10830
Q30TH6                         0.08303 0.03971 0.02888 0.07581 0.01805 0.02166 0.06859 0.08664 0.01805 0.06859 0.06859 0.05776 0.04693 0.04693 0.04332 0.04332 0.04693 0.00000 0.04693 0.09025
D1B016                         0.09747 0.02527 0.03249 0.05415 0.01805 0.02527 0.08303 0.08303 0.02166 0.07581 0.09025 0.07581 0.02166 0.03971 0.04693 0.03249 0.04332 0.00000 0.05054 0.08303
A6Q4N6                         0.10469 0.03249 0.02888 0.05776 0.01444 0.01805 0.09386 0.09025 0.01444 0.07581 0.08664 0.06859 0.02166 0.04332 0.05054 0.03610 0.02888 0.00000 0.05054 0.08303
A6QBH9                         0.10108 0.02888 0.02527 0.06137 0.01805 0.02166 0.08303 0.09386 0.01805 0.06498 0.07581 0.07581 0.02888 0.03610 0.04693 0.03971 0.02888 0.00000 0.05415 0.09747
A8FMV6                         0.08664 0.02527 0.05054 0.05054 0.02527 0.02527 0.07942 0.07942 0.01805 0.07581 0.09025 0.09747 0.02166 0.03971 0.04693 0.04693 0.02527 0.00000 0.03249 0.08303
A7H2D0                         0.08303 0.02527 0.05776 0.04332 0.02527 0.02527 0.07942 0.07942 0.01805 0.07581 0.09025 0.09747 0.02166 0.03971 0.04693 0.04693 0.02527 0.00000 0.03249 0.08664
Q7M9I6                         0.09025 0.04693 0.01805 0.04332 0.01805 0.02527 0.09747 0.09386 0.01805 0.05776 0.10469 0.03971 0.02527 0.05054 0.06137 0.06498 0.02527 0.00000 0.03249 0.08664
B9KFL7                         0.08303 0.01444 0.06137 0.05054 0.02527 0.02527 0.07581 0.07581 0.01805 0.06498 0.09386 0.09386 0.02166 0.04332 0.04693 0.04693 0.02527 0.00000 0.03971 0.09386
Q4HH59                         0.07220 0.02166 0.03971 0.04693 0.02527 0.02166 0.08303 0.08303 0.02166 0.09025 0.08664 0.10108 0.02166 0.04332 0.04693 0.05776 0.03249 0.00000 0.02527 0.07942
Q4HSF2                         0.07942 0.03249 0.05054 0.05415 0.02888 0.02166 0.09747 0.07581 0.01083 0.05415 0.09025 0.10108 0.02888 0.05776 0.04332 0.04332 0.01444 0.00000 0.02527 0.09025
P15640                         0.10108 0.04693 0.01444 0.07220 0.02166 0.02166 0.08664 0.09747 0.03249 0.05415 0.06859 0.05054 0.04332 0.02888 0.04332 0.02527 0.06137 0.01444 0.02527 0.09025
B0BZX6                         0.10830 0.02166 0.01805 0.04693 0.01444 0.07942 0.05415 0.09747 0.01083 0.07581 0.09025 0.03971 0.01083 0.02888 0.05776 0.03610 0.08664 0.00722 0.03610 0.07942
B7LUJ7                         0.10469 0.04332 0.01083 0.06859 0.02166 0.01805 0.08664 0.10108 0.03610 0.05415 0.07220 0.05054 0.04332 0.02888 0.04332 0.02527 0.06137 0.01444 0.02527 0.09025
B7N2K7                         0.10469 0.04693 0.01083 0.07220 0.02166 0.02166 0.08664 0.09747 0.03249 0.05415 0.06859 0.05054 0.04332 0.02888 0.04332 0.02527 0.06137 0.01444 0.02527 0.09025
B8HRF5                         0.13718 0.06137 0.02166 0.04693 0.02166 0.04332 0.07581 0.10108 0.00361 0.05776 0.10108 0.03249 0.01444 0.03249 0.05415 0.01083 0.05415 0.00361 0.03610 0.09025
Q3AZF8                         0.14440 0.06137 0.01805 0.05776 0.02166 0.04693 0.06498 0.09747 0.02527 0.03610 0.11191 0.02166 0.02166 0.02888 0.05415 0.02888 0.06137 0.00000 0.02166 0.07581
A2C4B3                         0.07942 0.02527 0.05415 0.04332 0.02527 0.02888 0.09386 0.08664 0.01083 0.09025 0.09747 0.08303 0.01805 0.04693 0.04332 0.05776 0.03610 0.00000 0.02166 0.05776
B5W0I1                         0.09025 0.04693 0.01805 0.06859 0.03249 0.05054 0.04332 0.10108 0.00722 0.09747 0.09025 0.03249 0.02527 0.02527 0.05415 0.03249 0.07942 0.00361 0.02888 0.07220
Q46JC6                         0.07581 0.02888 0.05054 0.04332 0.02527 0.02888 0.09386 0.08664 0.01083 0.08664 0.09747 0.08303 0.01805 0.04693 0.04332 0.05776 0.03971 0.00000 0.02166 0.06137
Q05YA5                         0.11191 0.06859 0.01805 0.05415 0.02888 0.06859 0.07220 0.10469 0.01805 0.02888 0.11552 0.02166 0.02527 0.02527 0.05415 0.03249 0.04332 0.00000 0.02527 0.08303
Q7NGV8                         0.15523 0.07220 0.01083 0.05776 0.01083 0.02888 0.07220 0.09747 0.01083 0.05054 0.10469 0.02888 0.02166 0.01805 0.04332 0.02888 0.05415 0.00722 0.02888 0.09747
Q2JQ72                         0.14079 0.04693 0.01444 0.04332 0.01805 0.06859 0.06498 0.09747 0.01083 0.04693 0.12635 0.02527 0.01083 0.01805 0.06859 0.03249 0.03971 0.00361 0.04332 0.07942
Q7U8R1                         0.14079 0.07220 0.01805 0.06859 0.02166 0.06137 0.05776 0.09747 0.01444 0.03610 0.12274 0.02166 0.01444 0.03249 0.05054 0.03971 0.03249 0.00000 0.02166 0.07581
A2BSR3                         0.04332 0.03249 0.05415 0.06137 0.02888 0.02888 0.07220 0.08664 0.00722 0.09386 0.07581 0.08664 0.01805 0.05415 0.04332 0.06859 0.04693 0.00000 0.03971 0.05776
Q2JWM2                         0.13357 0.04693 0.01805 0.04332 0.01805 0.06859 0.06498 0.10108 0.01444 0.05054 0.12635 0.02527 0.01083 0.01805 0.06859 0.02888 0.04332 0.00361 0.04332 0.07220
A8G6F1                         0.03610 0.03971 0.04693 0.06498 0.03249 0.02888 0.06498 0.08664 0.02166 0.09747 0.07942 0.09747 0.02166 0.04332 0.04693 0.05776 0.04332 0.00000 0.03610 0.05415
Q3AHS1                         0.12996 0.07581 0.01444 0.06859 0.02527 0.04332 0.08303 0.10108 0.01444 0.03971 0.11552 0.01805 0.01805 0.02527 0.05415 0.03610 0.03610 0.00000 0.02527 0.07581
A3PEH4                         0.03610 0.03610 0.05415 0.06859 0.02888 0.03249 0.06859 0.08664 0.01083 0.09747 0.07581 0.09025 0.02166 0.05054 0.04332 0.06137 0.04693 0.00000 0.03610 0.05415
A0YIR4                         0.11191 0.03610 0.01083 0.05415 0.02166 0.06498 0.06137 0.10108 0.01083 0.07220 0.09025 0.03610 0.01083 0.02888 0.04693 0.02888 0.08664 0.00722 0.03610 0.08303
A9BBW3                         0.07220 0.02527 0.05776 0.03971 0.03249 0.05054 0.07581 0.08664 0.01444 0.07220 0.11191 0.08303 0.02166 0.03610 0.03971 0.05776 0.03610 0.00000 0.02166 0.06498
A4CRC2                         0.13718 0.07581 0.02166 0.05054 0.02527 0.05776 0.06498 0.09386 0.01805 0.03249 0.12274 0.02166 0.02166 0.02888 0.05415 0.02888 0.04693 0.00000 0.02166 0.07581
B1WTW8                         0.10108 0.04693 0.03249 0.04332 0.02166 0.04332 0.09386 0.10108 0.00722 0.05776 0.09386 0.04332 0.01083 0.02166 0.05054 0.03249 0.06137 0.00361 0.04332 0.09025
Q7V0C6                         0.03610 0.02166 0.05415 0.04693 0.02527 0.02166 0.07220 0.09025 0.01444 0.09747 0.07581 0.11552 0.02527 0.05054 0.04693 0.05776 0.05415 0.00000 0.04332 0.05054
Q064X8                         0.14079 0.05776 0.01805 0.05776 0.02166 0.05054 0.06859 0.09747 0.02527 0.03971 0.11191 0.01805 0.01805 0.02888 0.05415 0.03610 0.05415 0.00000 0.02166 0.07942
A3Z679                         0.13357 0.08303 0.00722 0.06137 0.01805 0.06859 0.06859 0.10108 0.01444 0.02166 0.12996 0.01444 0.02166 0.02888 0.05054 0.02888 0.04332 0.00000 0.01805 0.08664
Q0I806                         0.13357 0.06137 0.01444 0.05054 0.02166 0.06137 0.07581 0.09747 0.01805 0.03971 0.11913 0.02888 0.02888 0.02888 0.06137 0.02166 0.04693 0.00000 0.02166 0.06859
A5GN73                         0.13718 0.08303 0.01083 0.06137 0.02527 0.06498 0.06498 0.09025 0.01083 0.02527 0.12635 0.01805 0.02166 0.02527 0.05776 0.01083 0.06137 0.00000 0.02527 0.07942
A3YVG0                         0.13357 0.07581 0.01083 0.06137 0.02166 0.04332 0.07220 0.11191 0.01444 0.03610 0.11191 0.01444 0.01444 0.02888 0.04693 0.04693 0.04693 0.00000 0.02166 0.08664
A3IQF6                         0.09747 0.04693 0.01444 0.05054 0.01805 0.03971 0.09025 0.11191 0.00722 0.05776 0.09386 0.03971 0.01444 0.02166 0.05776 0.02166 0.07942 0.00361 0.04332 0.09025
A5GV16                         0.13357 0.04693 0.01444 0.05054 0.03971 0.07581 0.07220 0.10469 0.01444 0.03610 0.10830 0.02888 0.01444 0.03249 0.05054 0.03971 0.03971 0.00000 0.01805 0.07942
A2BY47                         0.02888 0.02166 0.05776 0.05054 0.02527 0.02527 0.08303 0.09025 0.00722 0.10108 0.08303 0.10830 0.01444 0.05054 0.05054 0.05054 0.06137 0.00000 0.03610 0.05415
Q7VAN7                         0.08303 0.03249 0.05776 0.04332 0.01805 0.03971 0.07581 0.09025 0.01805 0.06498 0.11913 0.07220 0.01805 0.02527 0.05415 0.04693 0.04693 0.00000 0.02888 0.06498
P74232                         0.13357 0.03249 0.02527 0.04332 0.01805 0.04693 0.06859 0.10469 0.01444 0.05415 0.09747 0.05415 0.01444 0.01805 0.06137 0.02166 0.05415 0.00361 0.03610 0.09747
Q319E7                         0.03971 0.02888 0.04332 0.07942 0.03249 0.03249 0.07220 0.08664 0.00722 0.10108 0.07942 0.09025 0.02166 0.04693 0.05054 0.04693 0.04332 0.00000 0.04332 0.05415
B4B619                         0.11913 0.04693 0.01444 0.04693 0.01444 0.03971 0.07581 0.09747 0.01444 0.05776 0.08664 0.05054 0.01444 0.02888 0.05054 0.03249 0.06137 0.00361 0.03971 0.10469
B7KDW1                         0.11191 0.04332 0.01444 0.04332 0.01083 0.03971 0.08664 0.10108 0.01805 0.06137 0.09386 0.04693 0.01444 0.02527 0.05054 0.03249 0.06859 0.00361 0.03610 0.09747
A2C738                         0.11913 0.06137 0.02888 0.06498 0.03610 0.07581 0.05776 0.09747 0.00722 0.03249 0.12996 0.01805 0.01444 0.02888 0.05776 0.02527 0.03610 0.00000 0.02527 0.08303
Q3M851                         0.13357 0.03971 0.02166 0.03610 0.01083 0.06859 0.06498 0.11191 0.00722 0.08303 0.08303 0.03249 0.01083 0.02888 0.04693 0.02527 0.07581 0.00361 0.03610 0.07942
A0ZC38                         0.13357 0.04332 0.01444 0.04332 0.01444 0.04332 0.07220 0.10830 0.01083 0.07942 0.09025 0.04693 0.01805 0.02527 0.05054 0.02527 0.05776 0.00361 0.03249 0.08664
Q7V5W9                         0.11913 0.05415 0.03610 0.06137 0.03610 0.07220 0.05054 0.09747 0.01083 0.03249 0.12996 0.02527 0.01805 0.02888 0.05776 0.02527 0.03610 0.00000 0.02527 0.08303
Q8YRD8                         0.13357 0.03610 0.02166 0.03610 0.01083 0.06859 0.06498 0.11191 0.00722 0.08303 0.08664 0.03249 0.01083 0.02888 0.04693 0.02527 0.07581 0.00361 0.03610 0.07942
C7QRU3                         0.09386 0.05054 0.01805 0.04693 0.02166 0.03971 0.07581 0.11552 0.01805 0.06137 0.09747 0.03249 0.01083 0.01805 0.05776 0.02888 0.06498 0.00361 0.03610 0.10830
B7K5B0                         0.09386 0.05054 0.01805 0.04693 0.02166 0.03971 0.07581 0.11552 0.01805 0.06137 0.09747 0.03249 0.01083 0.01805 0.05776 0.02888 0.06498 0.00361 0.03610 0.10830
Q4C751                         0.10830 0.04693 0.01444 0.04693 0.01805 0.03971 0.08664 0.10830 0.00722 0.05415 0.09747 0.04693 0.01083 0.02527 0.05054 0.03249 0.07220 0.00361 0.03971 0.09025
Q5N4G2                         0.17329 0.05054 0.01805 0.06859 0.01805 0.04693 0.05776 0.09025 0.01083 0.04332 0.10108 0.02527 0.00722 0.02888 0.04693 0.01805 0.05776 0.00722 0.03249 0.09747
Q31PR4                         0.17329 0.05054 0.01805 0.06859 0.01805 0.04693 0.05776 0.09025 0.01083 0.04332 0.10108 0.02527 0.00722 0.02888 0.04693 0.01805 0.05776 0.00722 0.03249 0.09747
O25817                         0.06498 0.02527 0.05054 0.04332 0.01083 0.02888 0.10469 0.06137 0.01805 0.08303 0.12635 0.07220 0.01083 0.06859 0.04332 0.06137 0.03249 0.00000 0.02888 0.06498
Q115R3                         0.10469 0.04332 0.02527 0.02888 0.02166 0.05054 0.07220 0.10108 0.01444 0.08664 0.08664 0.05054 0.01444 0.03249 0.05054 0.02166 0.07942 0.00361 0.03249 0.07942
B0JGD2                         0.12274 0.05054 0.01805 0.05415 0.01083 0.03610 0.06137 0.09747 0.02166 0.07942 0.09386 0.04332 0.01083 0.03610 0.04332 0.03249 0.06498 0.00361 0.03249 0.08664
Q8DHV4                         0.14079 0.05415 0.02527 0.03610 0.01805 0.04693 0.05415 0.10469 0.01083 0.06137 0.09025 0.02166 0.01444 0.02166 0.05776 0.01805 0.05415 0.01444 0.04693 0.10830
B1XMB1                         0.11552 0.03610 0.03249 0.04332 0.01444 0.05415 0.06137 0.10108 0.01444 0.06137 0.09747 0.04693 0.01805 0.02166 0.05054 0.01444 0.07581 0.00361 0.03971 0.09747
B2J8M2                         0.13357 0.03971 0.01444 0.03249 0.01083 0.04332 0.09025 0.10469 0.01083 0.07581 0.09025 0.05054 0.01083 0.02527 0.04332 0.02888 0.05776 0.00361 0.03610 0.09747
B9YXU8                         0.11552 0.04693 0.02527 0.03610 0.01083 0.04693 0.07942 0.10469 0.01083 0.09025 0.09025 0.04332 0.01444 0.02888 0.04693 0.01805 0.07942 0.00361 0.03610 0.07220

Homogeneity statistic: X2 = 6.46416 G = 6.41833 

Average                        0.10575 0.04393 0.02766 0.05343 0.02133 0.04232 0.07453 0.09581 0.01461 0.06359 0.09681 0.05237 0.01922 0.03310 0.05026 0.03571 0.05126 0.00255 0.03327 0.08248

# constant sites:     29 (10.47%)
ln Lmax (unconstrained) = -1522.488792

AA distances (raw proportions of different sites)

A8EU15         
B9L9E7           0.2780
Q30TH6           0.3430  0.3285
D1B016           0.2888  0.3502  0.3357
A6Q4N6           0.2996  0.3574  0.3394  0.2599
A6QBH9           0.2816  0.3213  0.3141  0.2780  0.3032
A8FMV6           0.3971  0.3791  0.3971  0.3863  0.3755  0.3899
A7H2D0           0.4043  0.3863  0.4043  0.3863  0.3755  0.3935  0.0108
Q7M9I6           0.4404  0.4477  0.3935  0.4152  0.3755  0.4152  0.4043  0.4043
B9KFL7           0.3971  0.3755  0.3971  0.3935  0.3827  0.3827  0.2094  0.2130  0.3971
Q4HH59           0.4152  0.3899  0.4007  0.3935  0.3791  0.3899  0.1083  0.1083  0.4079  0.2238
Q4HSF2           0.4440  0.4079  0.4368  0.4188  0.4188  0.4116  0.3032  0.2996  0.4585  0.3177  0.2924
P15640           0.5884  0.6101  0.6029  0.5848  0.5848  0.5848  0.6101  0.6137  0.5812  0.6173  0.6101  0.6065
B0BZX6           0.5921  0.6137  0.6209  0.6065  0.6029  0.6390  0.5993  0.6029  0.5921  0.5884  0.6101  0.6318  0.5090
B7LUJ7           0.5921  0.6101  0.6029  0.5848  0.5812  0.5776  0.6101  0.6137  0.5704  0.6137  0.6101  0.6029  0.0217  0.5054
B7N2K7           0.5921  0.6101  0.5993  0.5884  0.5848  0.5776  0.6137  0.6173  0.5704  0.6173  0.6137  0.6065  0.0181  0.5054  0.0181
B8HRF5           0.6029  0.5848  0.5812  0.5812  0.5632  0.6101  0.5776  0.5776  0.5704  0.5560  0.5921  0.5740  0.5090  0.3646  0.4982  0.5090
Q3AZF8           0.5884  0.5884  0.5921  0.6029  0.5848  0.5957  0.5812  0.5848  0.5740  0.5884  0.5921  0.5957  0.5596  0.4874  0.5560  0.5560  0.4549
A2C4B3           0.5957  0.5884  0.5848  0.5993  0.5812  0.6065  0.5921  0.5921  0.6029  0.5812  0.5957  0.5740  0.6029  0.5343  0.5993  0.5993  0.4874  0.3935
B5W0I1           0.5812  0.5957  0.6462  0.5993  0.5884  0.6137  0.5921  0.5957  0.6426  0.5993  0.6029  0.6318  0.5235  0.3755  0.5199  0.5307  0.3791  0.5235  0.5523
Q46JC6           0.5957  0.5884  0.5848  0.5993  0.5812  0.6065  0.5957  0.5957  0.6029  0.5812  0.5957  0.5776  0.5993  0.5415  0.5957  0.5957  0.4874  0.3971  0.0144  0.5596
Q05YA5           0.5812  0.5632  0.5921  0.5812  0.5632  0.5704  0.5776  0.5776  0.5704  0.5596  0.5884  0.5668  0.5848  0.5235  0.5776  0.5776  0.4513  0.2419  0.3971  0.5126  0.3971
Q7NGV8           0.6209  0.6245  0.6426  0.6282  0.5993  0.6390  0.6173  0.6173  0.5957  0.6245  0.6282  0.6534  0.4910  0.4224  0.4874  0.4874  0.4079  0.4982  0.5848  0.4368  0.5848  0.5090
Q2JQ72           0.6137  0.6137  0.6245  0.5993  0.5740  0.6029  0.5921  0.5884  0.5704  0.5812  0.5884  0.5957  0.5596  0.4368  0.5487  0.5596  0.3863  0.5090  0.5632  0.4549  0.5632  0.4874  0.4477
Q7U8R1           0.6065  0.5884  0.5957  0.5921  0.5776  0.5957  0.5812  0.5776  0.5668  0.5812  0.5884  0.5884  0.5632  0.5018  0.5596  0.5596  0.4296  0.1986  0.3971  0.4946  0.3971  0.2347  0.4874  0.4874
A2BSR3           0.5993  0.5884  0.6029  0.5884  0.5740  0.5740  0.5957  0.5921  0.5993  0.5668  0.5848  0.5921  0.6245  0.5668  0.6173  0.6137  0.5235  0.4765  0.4621  0.5632  0.4621  0.4910  0.5993  0.5776  0.4838
Q2JWM2           0.6101  0.6209  0.6245  0.5993  0.5740  0.5921  0.5884  0.5848  0.5668  0.5776  0.5848  0.5957  0.5596  0.4368  0.5487  0.5596  0.3899  0.5018  0.5523  0.4585  0.5523  0.4729  0.4513  0.0361  0.4765  0.5668
A8G6F1           0.5993  0.6029  0.6101  0.5884  0.5776  0.5884  0.5921  0.5884  0.5993  0.5740  0.5812  0.5812  0.6245  0.5668  0.6245  0.6209  0.5415  0.4729  0.4765  0.5668  0.4765  0.4946  0.6173  0.5776  0.4729  0.1155  0.5704
Q3AHS1           0.5993  0.5921  0.6029  0.5884  0.5704  0.5921  0.5957  0.5957  0.5740  0.5921  0.6029  0.5848  0.5776  0.5090  0.5704  0.5704  0.4116  0.1913  0.4079  0.4982  0.4079  0.2274  0.4765  0.4874  0.1697  0.4657  0.4729  0.4657
A3PEH4           0.6029  0.5957  0.6101  0.5848  0.5776  0.5740  0.5957  0.5921  0.5848  0.5776  0.5884  0.5848  0.6209  0.5740  0.6209  0.6173  0.5415  0.4765  0.4765  0.5596  0.4765  0.4910  0.6173  0.5812  0.4838  0.0939  0.5704  0.0758  0.4585
A0YIR4           0.5957  0.6173  0.6390  0.5957  0.6029  0.6318  0.5884  0.5884  0.6318  0.6029  0.5884  0.6137  0.5162  0.3321  0.5162  0.5235  0.3791  0.5126  0.5343  0.3032  0.5379  0.5090  0.4116  0.4404  0.4910  0.5668  0.4368  0.5632  0.4982  0.5632
A9BBW3           0.6065  0.5957  0.6173  0.6209  0.5993  0.6173  0.5848  0.5848  0.5993  0.5776  0.6065  0.5957  0.5993  0.5379  0.5921  0.5957  0.5018  0.3971  0.3394  0.5596  0.3394  0.3755  0.5776  0.5596  0.4079  0.4404  0.5560  0.4477  0.4007  0.4513  0.5307
A4CRC2           0.6029  0.5776  0.6065  0.5848  0.5632  0.5884  0.5776  0.5812  0.5848  0.5740  0.5812  0.5848  0.5704  0.5271  0.5632  0.5668  0.4585  0.2563  0.3827  0.5126  0.3863  0.2455  0.5054  0.4910  0.2383  0.4874  0.4838  0.4838  0.2563  0.4874  0.5199  0.4043
B1WTW8           0.5668  0.5993  0.6137  0.5704  0.5668  0.5921  0.5487  0.5523  0.5596  0.5487  0.5343  0.5523  0.5162  0.3755  0.5054  0.5162  0.3213  0.4729  0.5379  0.3899  0.5379  0.4657  0.4404  0.4440  0.4874  0.5235  0.4477  0.5235  0.4693  0.5235  0.3538  0.5162  0.4982
Q7V0C6           0.6029  0.5957  0.6173  0.5884  0.5776  0.5812  0.5740  0.5740  0.5812  0.5560  0.5848  0.5957  0.6245  0.5596  0.6209  0.6245  0.5596  0.4910  0.4693  0.5560  0.4693  0.4910  0.6173  0.5848  0.4874  0.2744  0.5812  0.2383  0.4729  0.2383  0.5596  0.4621  0.5018  0.5090
Q064X8           0.5776  0.5848  0.5957  0.5993  0.5740  0.5993  0.5848  0.5884  0.5848  0.5957  0.5957  0.6029  0.5596  0.5054  0.5560  0.5523  0.4657  0.0650  0.3971  0.5235  0.4007  0.2599  0.5018  0.5090  0.2130  0.4874  0.5018  0.4765  0.2022  0.4838  0.5235  0.4079  0.2671  0.4874  0.4946
A3Z679           0.6065  0.5812  0.5957  0.5957  0.5776  0.6029  0.5848  0.5884  0.5740  0.5812  0.5884  0.5921  0.5596  0.5379  0.5560  0.5523  0.4801  0.2888  0.4224  0.5235  0.4224  0.2455  0.5162  0.5271  0.2635  0.5018  0.5126  0.4982  0.2671  0.4910  0.5199  0.4152  0.2671  0.4982  0.5090  0.2960
Q0I806           0.6209  0.6101  0.5957  0.5993  0.5812  0.6137  0.5884  0.5884  0.5740  0.5993  0.5812  0.5957  0.5812  0.5090  0.5776  0.5776  0.4513  0.2563  0.4043  0.5307  0.4079  0.2491  0.5090  0.5090  0.2599  0.4801  0.4982  0.4801  0.2527  0.4910  0.4946  0.4043  0.2455  0.4910  0.4946  0.2780  0.2780
A5GN73           0.6137  0.5957  0.6065  0.6065  0.5884  0.6029  0.5957  0.5993  0.5812  0.5884  0.5993  0.5957  0.5776  0.5199  0.5704  0.5740  0.4621  0.2455  0.4188  0.5235  0.4188  0.2347  0.5054  0.4801  0.2202  0.4946  0.4838  0.4910  0.2455  0.4910  0.5271  0.4188  0.0975  0.4982  0.4982  0.2527  0.2563  0.2455
A3YVG0           0.6173  0.5884  0.6282  0.6137  0.5921  0.6209  0.6101  0.6101  0.6029  0.6065  0.6101  0.6029  0.5776  0.5054  0.5776  0.5776  0.4260  0.2924  0.4440  0.4982  0.4440  0.3321  0.4729  0.5018  0.2708  0.4838  0.4946  0.4874  0.2491  0.4910  0.4729  0.4549  0.2816  0.4838  0.5018  0.2960  0.3177  0.3105  0.2780
A3IQF6           0.5740  0.5884  0.6065  0.5740  0.5704  0.5884  0.5523  0.5523  0.5596  0.5415  0.5451  0.5451  0.5090  0.3827  0.4982  0.5090  0.3249  0.4874  0.5343  0.3971  0.5343  0.4729  0.4368  0.4332  0.4874  0.5199  0.4368  0.5271  0.4765  0.5235  0.3357  0.5343  0.5018  0.0830  0.5235  0.4982  0.4982  0.4982  0.5018  0.4801
A5GV16           0.5957  0.5848  0.5921  0.5921  0.5668  0.5993  0.5740  0.5704  0.5632  0.5632  0.5884  0.5993  0.5704  0.5018  0.5668  0.5668  0.4440  0.3430  0.4368  0.5162  0.4332  0.3177  0.5054  0.5018  0.3105  0.4693  0.4910  0.4765  0.3177  0.4729  0.4838  0.4043  0.3321  0.4693  0.4982  0.3430  0.3430  0.3177  0.3321  0.3141  0.4765
A2BY47           0.6065  0.5776  0.6209  0.5884  0.5776  0.5776  0.5704  0.5668  0.5848  0.5596  0.5812  0.5848  0.6137  0.5523  0.6137  0.6137  0.5560  0.4838  0.4585  0.5668  0.4585  0.5054  0.6065  0.5848  0.4729  0.2635  0.5776  0.2347  0.4657  0.2455  0.5560  0.4693  0.5054  0.5235  0.1516  0.4874  0.5054  0.4946  0.5054  0.4910  0.5199  0.4838
Q7VAN7           0.5957  0.6065  0.6426  0.6101  0.5740  0.6029  0.6173  0.6173  0.5957  0.5957  0.6101  0.6065  0.6065  0.5379  0.5957  0.5957  0.5343  0.3899  0.4260  0.5415  0.4296  0.3791  0.5596  0.5307  0.3791  0.4801  0.5235  0.4657  0.3935  0.4549  0.5451  0.3971  0.3863  0.5199  0.4585  0.4043  0.4152  0.3935  0.3863  0.4296  0.5307  0.4440  0.4693
P74232           0.5921  0.6137  0.6029  0.5921  0.5921  0.6065  0.6029  0.6029  0.5921  0.5848  0.6065  0.6173  0.5054  0.4079  0.5090  0.5018  0.3935  0.4729  0.5596  0.4332  0.5596  0.4838  0.4152  0.4585  0.4729  0.5560  0.4621  0.5596  0.4693  0.5632  0.4116  0.5451  0.4874  0.3321  0.5668  0.4801  0.4946  0.4693  0.4838  0.4765  0.3285  0.4874  0.5523  0.5343
Q319E7           0.6101  0.5993  0.6209  0.5957  0.5921  0.5884  0.6029  0.5993  0.5921  0.5812  0.5993  0.5812  0.6245  0.5632  0.6245  0.6209  0.5415  0.4874  0.4729  0.5632  0.4765  0.4946  0.6209  0.5776  0.4910  0.1264  0.5668  0.1191  0.4693  0.1011  0.5704  0.4549  0.4982  0.5235  0.2383  0.5018  0.4982  0.4910  0.5090  0.4946  0.5199  0.4801  0.2383  0.4801  0.5704
B4B619           0.5884  0.6065  0.6354  0.5776  0.5704  0.6065  0.5740  0.5704  0.5848  0.5560  0.5704  0.5776  0.5126  0.3791  0.5018  0.5126  0.3610  0.4874  0.5632  0.3610  0.5668  0.4801  0.4152  0.4296  0.4657  0.5523  0.4296  0.5379  0.4765  0.5487  0.3574  0.5487  0.4982  0.2708  0.5523  0.4874  0.4801  0.5054  0.4910  0.4729  0.2744  0.4910  0.5379  0.5162  0.3502  0.5596
B7KDW1           0.6029  0.6245  0.6318  0.5993  0.5884  0.6137  0.5776  0.5812  0.5776  0.5596  0.5740  0.5957  0.5054  0.3827  0.4946  0.5054  0.3899  0.5126  0.5451  0.3899  0.5487  0.5018  0.4260  0.4368  0.5054  0.5704  0.4404  0.5451  0.5271  0.5596  0.3574  0.5560  0.5162  0.3105  0.5632  0.5126  0.5054  0.5162  0.5090  0.4801  0.3069  0.5054  0.5415  0.5343  0.3285  0.5740  0.1733
A2C738           0.6101  0.5993  0.6245  0.5884  0.5884  0.6209  0.5957  0.5957  0.6065  0.5921  0.6065  0.6029  0.5957  0.5415  0.5993  0.5993  0.4585  0.2816  0.4116  0.5090  0.4116  0.2816  0.5307  0.5235  0.2491  0.4729  0.5126  0.4801  0.2455  0.4765  0.5090  0.3971  0.2780  0.5054  0.4982  0.2852  0.2780  0.2852  0.2671  0.2996  0.5018  0.3394  0.4910  0.3899  0.4874  0.4874  0.5126  0.5415
Q3M851           0.6101  0.6426  0.6498  0.5993  0.5848  0.6426  0.5848  0.5848  0.6101  0.5993  0.5993  0.6101  0.5162  0.3502  0.5090  0.5199  0.3574  0.5054  0.5451  0.3755  0.5487  0.5199  0.4477  0.4513  0.4874  0.5523  0.4585  0.5523  0.4946  0.5560  0.3249  0.5523  0.5126  0.3285  0.5379  0.5162  0.5235  0.5199  0.5271  0.4801  0.3394  0.5054  0.5451  0.5560  0.4007  0.5596  0.3466  0.3502  0.5054
A0ZC38           0.6101  0.6245  0.6390  0.6029  0.5812  0.6498  0.5704  0.5704  0.6137  0.5884  0.5848  0.5993  0.5126  0.3971  0.5054  0.5162  0.3755  0.5054  0.5596  0.3827  0.5668  0.5126  0.4404  0.4693  0.4874  0.5523  0.4765  0.5451  0.4910  0.5523  0.3285  0.5560  0.5199  0.3213  0.5523  0.5054  0.5126  0.5307  0.5379  0.4729  0.3249  0.5018  0.5487  0.5560  0.3827  0.5596  0.3177  0.3357  0.5018  0.1480
Q7V5W9           0.6137  0.6029  0.6173  0.5957  0.5921  0.6209  0.5921  0.5921  0.6029  0.5848  0.6029  0.6029  0.5921  0.5451  0.5957  0.5921  0.4693  0.2888  0.4079  0.5162  0.4079  0.2816  0.5343  0.5271  0.2563  0.4838  0.5162  0.4874  0.2563  0.4874  0.5162  0.4116  0.2852  0.5126  0.5054  0.2924  0.2852  0.2852  0.2744  0.3032  0.5090  0.3502  0.5054  0.3863  0.4874  0.4982  0.5162  0.5415  0.0289  0.5126  0.5054
Q8YRD8           0.6101  0.6426  0.6498  0.5993  0.5848  0.6426  0.5848  0.5848  0.6101  0.5993  0.5993  0.6137  0.5199  0.3538  0.5126  0.5235  0.3610  0.5054  0.5451  0.3755  0.5487  0.5199  0.4477  0.4549  0.4874  0.5560  0.4621  0.5560  0.4946  0.5560  0.3285  0.5523  0.5126  0.3321  0.5379  0.5162  0.5235  0.5199  0.5271  0.4801  0.3430  0.5054  0.5451  0.5560  0.4007  0.5632  0.3502  0.3502  0.5018  0.0036  0.1516  0.5090
C7QRU3           0.5957  0.6173  0.6245  0.5848  0.5848  0.6209  0.5740  0.5740  0.5957  0.5776  0.5668  0.5884  0.5090  0.4007  0.5054  0.5126  0.3466  0.4982  0.5632  0.3755  0.5632  0.4874  0.4260  0.4549  0.4838  0.5632  0.4549  0.5379  0.4765  0.5523  0.3141  0.5487  0.5090  0.2310  0.5487  0.5018  0.4982  0.5054  0.5199  0.4765  0.2274  0.4910  0.5560  0.5379  0.3213  0.5523  0.2491  0.2563  0.5126  0.2996  0.2744  0.5162  0.3032
B7K5B0           0.5957  0.6173  0.6245  0.5848  0.5848  0.6209  0.5740  0.5740  0.5957  0.5776  0.5668  0.5884  0.5090  0.4007  0.5054  0.5126  0.3466  0.4982  0.5632  0.3755  0.5632  0.4874  0.4260  0.4549  0.4838  0.5632  0.4549  0.5379  0.4765  0.5523  0.3141  0.5487  0.5090  0.2310  0.5487  0.5018  0.4982  0.5054  0.5199  0.4765  0.2274  0.4910  0.5560  0.5379  0.3213  0.5523  0.2491  0.2563  0.5126  0.2996  0.2744  0.5162  0.3032  0.0000
Q4C751           0.5848  0.6065  0.6173  0.5704  0.5776  0.5957  0.5668  0.5668  0.5632  0.5632  0.5560  0.5523  0.5199  0.3682  0.5090  0.5199  0.3213  0.4838  0.5343  0.3971  0.5343  0.4801  0.4440  0.4368  0.4765  0.5235  0.4368  0.5162  0.4657  0.5235  0.3466  0.5343  0.4982  0.1047  0.5235  0.4910  0.4946  0.4982  0.5018  0.4801  0.1011  0.4657  0.5199  0.5162  0.3032  0.5271  0.2671  0.2996  0.5018  0.3141  0.3177  0.5090  0.3177  0.2274  0.2274
Q5N4G2           0.6245  0.6462  0.6462  0.6282  0.6101  0.6426  0.6282  0.6318  0.5957  0.6065  0.6318  0.6426  0.5271  0.3971  0.5162  0.5199  0.3430  0.4440  0.5271  0.4079  0.5307  0.4693  0.4188  0.4513  0.4260  0.5560  0.4585  0.5596  0.4513  0.5704  0.3827  0.5379  0.4513  0.3899  0.5740  0.4477  0.4549  0.4513  0.4440  0.4404  0.3935  0.4477  0.5560  0.5162  0.4007  0.5668  0.3971  0.4043  0.4477  0.3574  0.3791  0.4513  0.3574  0.3971  0.3971  0.3791
Q31PR4           0.6245  0.6462  0.6462  0.6282  0.6101  0.6426  0.6282  0.6318  0.5957  0.6065  0.6318  0.6426  0.5271  0.3971  0.5162  0.5199  0.3430  0.4440  0.5271  0.4079  0.5307  0.4693  0.4188  0.4513  0.4260  0.5560  0.4585  0.5596  0.4513  0.5704  0.3827  0.5379  0.4513  0.3899  0.5740  0.4477  0.4549  0.4513  0.4440  0.4404  0.3935  0.4477  0.5560  0.5162  0.4007  0.5668  0.3971  0.4043  0.4477  0.3574  0.3791  0.4513  0.3574  0.3971  0.3971  0.3791  0.0000
O25817           0.6282  0.6101  0.6245  0.6390  0.6137  0.6426  0.5993  0.5957  0.5921  0.5884  0.5993  0.6245  0.7184  0.6643  0.7076  0.7112  0.6534  0.6715  0.6606  0.6859  0.6606  0.6606  0.6751  0.6209  0.6606  0.6679  0.6209  0.6679  0.6606  0.6787  0.6859  0.6643  0.6643  0.6715  0.6498  0.6787  0.6751  0.6606  0.6643  0.6787  0.6751  0.6787  0.6534  0.6426  0.6859  0.6787  0.6570  0.6643  0.6751  0.6679  0.6859  0.6859  0.6679  0.6968  0.6968  0.6715  0.7004  0.7004
Q115R3           0.5921  0.6065  0.6318  0.5957  0.5776  0.6173  0.5812  0.5812  0.6137  0.5993  0.5921  0.6173  0.5235  0.3502  0.5162  0.5271  0.3755  0.5199  0.5343  0.3394  0.5343  0.5090  0.4260  0.4332  0.4946  0.5523  0.4404  0.5523  0.5162  0.5596  0.2852  0.5343  0.5235  0.3827  0.5668  0.5271  0.5415  0.5235  0.5307  0.4874  0.3863  0.4910  0.5560  0.5523  0.3971  0.5668  0.3755  0.3610  0.5307  0.3213  0.3394  0.5379  0.3213  0.3466  0.3466  0.3718  0.3899  0.3899  0.6679
B0JGD2           0.6065  0.6137  0.6282  0.5812  0.5957  0.6245  0.5704  0.5704  0.6065  0.5776  0.5740  0.6101  0.5343  0.4188  0.5307  0.5379  0.3791  0.5054  0.5235  0.4079  0.5235  0.5090  0.4224  0.4910  0.4801  0.5451  0.4874  0.5415  0.4946  0.5451  0.3610  0.5271  0.5126  0.3177  0.5451  0.4982  0.4982  0.5162  0.5199  0.4801  0.3032  0.4982  0.5379  0.5235  0.3718  0.5596  0.2888  0.3069  0.4838  0.3466  0.3538  0.4910  0.3466  0.3249  0.3249  0.3213  0.4152  0.4152  0.6643  0.3899
Q8DHV4           0.6209  0.6354  0.6318  0.6282  0.6029  0.6282  0.6209  0.6209  0.6101  0.6029  0.6137  0.6462  0.5126  0.4007  0.5126  0.5090  0.3285  0.5126  0.5740  0.4007  0.5740  0.5307  0.3971  0.4224  0.4910  0.5848  0.4296  0.5921  0.4910  0.6029  0.3863  0.5740  0.5199  0.3935  0.5812  0.5126  0.5162  0.5018  0.5235  0.5018  0.3935  0.5126  0.5921  0.5560  0.3899  0.5921  0.4007  0.4296  0.5126  0.3718  0.3827  0.5126  0.3755  0.3755  0.3755  0.3827  0.3646  0.3646  0.6570  0.3899  0.4296
B1XMB1           0.5884  0.6101  0.6462  0.5993  0.6065  0.6065  0.5993  0.5993  0.6173  0.5812  0.5993  0.6173  0.5523  0.3899  0.5487  0.5596  0.4116  0.5199  0.5812  0.3610  0.5812  0.5235  0.4549  0.4657  0.5054  0.6029  0.4657  0.5957  0.5199  0.6065  0.3466  0.5451  0.5090  0.3177  0.5884  0.5271  0.5415  0.5235  0.5235  0.5018  0.3177  0.5018  0.5668  0.5487  0.3827  0.6101  0.3069  0.3177  0.5126  0.3321  0.3430  0.5235  0.3321  0.3032  0.3032  0.2996  0.3791  0.3791  0.6931  0.3646  0.3394  0.3971
B2J8M2           0.6173  0.6498  0.6679  0.6209  0.5921  0.6534  0.5848  0.5848  0.5957  0.5993  0.5921  0.6245  0.5090  0.3899  0.5018  0.5054  0.3935  0.5162  0.5632  0.3899  0.5668  0.5271  0.4404  0.4513  0.4946  0.5415  0.4585  0.5307  0.5018  0.5379  0.3213  0.5632  0.5271  0.3357  0.5235  0.5126  0.5235  0.5307  0.5415  0.4801  0.3394  0.5162  0.5235  0.5632  0.4007  0.5343  0.3285  0.3430  0.5235  0.1516  0.1625  0.5235  0.1552  0.2960  0.2960  0.3321  0.3682  0.3682  0.6715  0.3357  0.3538  0.4007  0.3394
B9YXU8           0.6282  0.6498  0.6498  0.6245  0.6029  0.6498  0.5921  0.5921  0.6029  0.5921  0.6029  0.6137  0.5307  0.3755  0.5235  0.5343  0.3718  0.5054  0.5523  0.3899  0.5560  0.5379  0.4477  0.4332  0.4910  0.5812  0.4404  0.5740  0.5018  0.5776  0.3466  0.5560  0.5199  0.3321  0.5596  0.5126  0.5343  0.5343  0.5307  0.4946  0.3430  0.5162  0.5632  0.5451  0.4043  0.5884  0.3394  0.3502  0.5343  0.1769  0.1986  0.5379  0.1805  0.2960  0.2960  0.3249  0.3827  0.3827  0.6715  0.3141  0.3791  0.3791  0.2996  0.2166


TREE #  1:  (7, 8, (11, (10, (12, ((5, (4, (6, (3, (2, 1))))), (9, (59, ((15, (13, 16)), ((24, 27), (23, (((57, 58), (42, (40, (((19, 21), (32, (44, ((46, (30, (28, 26))), (35, 43))))), ((49, 52), ((33, 39), ((29, (25, (18, 36))), (38, (22, 37))))))))), ((17, 62), (14, ((60, (20, 31)), ((65, ((50, 53), (51, 64))), (63, ((61, (47, 48)), ((41, (34, 56)), ((54, 55), 45)))))))))))))))))));   MP score: 3217
lnL(ntime:127  np:128): -15926.491733      +0.000000
  66..7    66..8    66..67   67..11   67..68   68..10   68..69   69..12   69..70   70..71   71..5    71..72   72..4    72..73   73..6    73..74   74..3    74..75   75..2    75..1    70..76   76..9    76..77   77..59   77..78   78..79   79..15   79..80   80..13   80..16   78..81   81..82   82..24   82..27   81..83   83..23   83..84   84..85   85..86   86..57   86..58   85..87   87..42   87..88   88..40   88..89   89..90   90..91   91..19   91..21   90..92   92..32   92..93   93..44   93..94   94..95   95..46   95..96   96..30   96..97   97..28   97..26   94..98   98..35   98..43   89..99   99..100 100..49  100..52   99..101 101..102 102..33  102..39  101..103 103..104 104..29  104..105 105..25  105..106 106..18  106..36  103..107 107..38  107..108 108..22  108..37   84..109 109..110 110..17  110..62  109..111 111..14  111..112 112..113 113..60  113..114 114..20  114..31  112..115 115..116 116..65  116..117 117..118 118..50  118..53  117..119 119..51  119..64  115..120 120..63  120..121 121..122 122..61  122..123 123..47  123..48  121..124 124..125 125..41  125..126 126..34  126..56  124..127 127..128 128..54  128..55  127..45 
 0.003467 0.006847 0.039861 0.071733 0.080408 0.148410 0.095223 0.272918 0.247613 0.133917 0.152110 0.052301 0.183272 0.053656 0.207880 0.032256 0.305676 0.112310 0.259209 0.158979 0.071018 0.343376 0.226162 1.202399 0.676693 0.590676 0.005955 0.004794 0.010647 0.007145 0.278068 0.501245 0.011899 0.025020 0.031479 0.438233 0.041107 0.111046 0.302843 0.000004 0.000004 0.455305 0.264750 0.054469 0.232596 0.092359 0.295161 0.362934 0.000004 0.013444 0.045966 0.302086 0.074112 0.359424 0.624644 0.135138 0.057557 0.030274 0.025864 0.000004 0.051028 0.073917 0.081824 0.086654 0.096511 0.003505 0.214250 0.005397 0.023174 0.030080 0.161455 0.070488 0.044031 0.025060 0.065129 0.117709 0.026407 0.096702 0.160615 0.017083 0.051529 0.030863 0.250491 0.039843 0.115350 0.219080 0.023617 0.036135 0.240059 0.375956 0.073168 0.296783 0.075783 0.047563 0.230269 0.049352 0.301204 0.138988 0.052332 0.186207 0.105268 0.045710 0.066666 0.000004 0.003409 0.021213 0.091721 0.101533 0.040008 0.271075 0.056840 0.079358 0.296214 0.053376 0.093454 0.122517 0.039474 0.150681 0.038862 0.007366 0.059525 0.070192 0.021456 0.111381 0.000004 0.000004 0.415989 0.787905

tree length =  17.57285

(7: 0.003467, 8: 0.006847, (11: 0.071733, (10: 0.148410, (12: 0.272918, ((5: 0.152110, (4: 0.183272, (6: 0.207880, (3: 0.305676, (2: 0.259209, 1: 0.158979): 0.112310): 0.032256): 0.053656): 0.052301): 0.133917, (9: 0.343376, (59: 1.202399, ((15: 0.005955, (13: 0.010647, 16: 0.007145): 0.004794): 0.590676, ((24: 0.011899, 27: 0.025020): 0.501245, (23: 0.438233, (((57: 0.000004, 58: 0.000004): 0.302843, (42: 0.264750, (40: 0.232596, (((19: 0.000004, 21: 0.013444): 0.362934, (32: 0.302086, (44: 0.359424, ((46: 0.057557, (30: 0.025864, (28: 0.051028, 26: 0.073917): 0.000004): 0.030274): 0.135138, (35: 0.086654, 43: 0.096511): 0.081824): 0.624644): 0.074112): 0.045966): 0.295161, ((49: 0.005397, 52: 0.023174): 0.214250, ((33: 0.070488, 39: 0.044031): 0.161455, ((29: 0.117709, (25: 0.096702, (18: 0.017083, 36: 0.051529): 0.160615): 0.026407): 0.065129, (38: 0.250491, (22: 0.115350, 37: 0.219080): 0.039843): 0.030863): 0.025060): 0.030080): 0.003505): 0.092359): 0.054469): 0.455305): 0.111046, ((17: 0.240059, 62: 0.375956): 0.036135, (14: 0.296783, ((60: 0.230269, (20: 0.301204, 31: 0.138988): 0.049352): 0.047563, ((65: 0.105268, ((50: 0.000004, 53: 0.003409): 0.066666, (51: 0.091721, 64: 0.101533): 0.021213): 0.045710): 0.186207, (63: 0.271075, ((61: 0.296214, (47: 0.093454, 48: 0.122517): 0.053376): 0.079358, ((41: 0.038862, (34: 0.059525, 56: 0.070192): 0.007366): 0.150681, ((54: 0.000004, 55: 0.000004): 0.111381, 45: 0.415989): 0.021456): 0.039474): 0.056840): 0.040008): 0.052332): 0.075783): 0.073168): 0.023617): 0.041107): 0.031479): 0.278068): 0.676693): 0.226162): 0.071018): 0.247613): 0.095223): 0.080408): 0.039861);

(A8FMV6: 0.003467, A7H2D0: 0.006847, (Q4HH59: 0.071733, (B9KFL7: 0.148410, (Q4HSF2: 0.272918, ((A6Q4N6: 0.152110, (D1B016: 0.183272, (A6QBH9: 0.207880, (Q30TH6: 0.305676, (B9L9E7: 0.259209, A8EU15: 0.158979): 0.112310): 0.032256): 0.053656): 0.052301): 0.133917, (Q7M9I6: 0.343376, (O25817: 1.202399, ((B7LUJ7: 0.005955, (P15640: 0.010647, B7N2K7: 0.007145): 0.004794): 0.590676, ((Q2JQ72: 0.011899, Q2JWM2: 0.025020): 0.501245, (Q7NGV8: 0.438233, (((Q5N4G2: 0.000004, Q31PR4: 0.000004): 0.302843, (A5GV16: 0.264750, (A3YVG0: 0.232596, (((A2C4B3: 0.000004, Q46JC6: 0.013444): 0.362934, (A9BBW3: 0.302086, (Q7VAN7: 0.359424, ((Q319E7: 0.057557, (A3PEH4: 0.025864, (A8G6F1: 0.051028, A2BSR3: 0.073917): 0.000004): 0.030274): 0.135138, (Q7V0C6: 0.086654, A2BY47: 0.096511): 0.081824): 0.624644): 0.074112): 0.045966): 0.295161, ((A2C738: 0.005397, Q7V5W9: 0.023174): 0.214250, ((A4CRC2: 0.070488, A5GN73: 0.044031): 0.161455, ((Q3AHS1: 0.117709, (Q7U8R1: 0.096702, (Q3AZF8: 0.017083, Q064X8: 0.051529): 0.160615): 0.026407): 0.065129, (Q0I806: 0.250491, (Q05YA5: 0.115350, A3Z679: 0.219080): 0.039843): 0.030863): 0.025060): 0.030080): 0.003505): 0.092359): 0.054469): 0.455305): 0.111046, ((B8HRF5: 0.240059, Q8DHV4: 0.375956): 0.036135, (B0BZX6: 0.296783, ((Q115R3: 0.230269, (B5W0I1: 0.301204, A0YIR4: 0.138988): 0.049352): 0.047563, ((B9YXU8: 0.105268, ((Q3M851: 0.000004, Q8YRD8: 0.003409): 0.066666, (A0ZC38: 0.091721, B2J8M2: 0.101533): 0.021213): 0.045710): 0.186207, (B1XMB1: 0.271075, ((B0JGD2: 0.296214, (B4B619: 0.093454, B7KDW1: 0.122517): 0.053376): 0.079358, ((A3IQF6: 0.038862, (B1WTW8: 0.059525, Q4C751: 0.070192): 0.007366): 0.150681, ((C7QRU3: 0.000004, B7K5B0: 0.000004): 0.111381, P74232: 0.415989): 0.021456): 0.039474): 0.056840): 0.040008): 0.052332): 0.075783): 0.073168): 0.023617): 0.041107): 0.031479): 0.278068): 0.676693): 0.226162): 0.071018): 0.247613): 0.095223): 0.080408): 0.039861);

Detailed output identifying parameters

alpha (gamma, K = 5) =  0.78790
rate:   0.06898  0.28778  0.63016  1.19992  2.81317
freq:   0.20000  0.20000  0.20000  0.20000  0.20000

Time used: 39:17
