AAML (in paml version 4.6, August 2012)  217.aa
Model: Empirical for branches,  Global clock  (../../../bin/LG.dat) dGamma (ncatG=4) ns =  65  ls = 194


Frequencies..
                                    A      R      N      D      C      Q      E      G      H      I      L      K      M      F      P      S      T      W      Y      V
A8ETK5                         0.05155 0.10309 0.03093 0.03608 0.00000 0.05155 0.09278 0.07216 0.01546 0.06701 0.06701 0.10309 0.02062 0.04124 0.03608 0.03608 0.04124 0.00515 0.03093 0.09794
A6QCS3                         0.05670 0.11340 0.02577 0.02577 0.00000 0.06186 0.10825 0.07732 0.01546 0.06186 0.08247 0.09278 0.02062 0.03093 0.02577 0.05155 0.03608 0.00515 0.03608 0.07216
A6Q1K3                         0.03608 0.12371 0.04124 0.02577 0.00000 0.05155 0.10825 0.07216 0.01546 0.06701 0.07732 0.09794 0.02062 0.04124 0.04639 0.03608 0.03093 0.00515 0.02577 0.07732
Q30TS4                         0.05670 0.11856 0.03093 0.03093 0.00000 0.05155 0.09794 0.07216 0.01546 0.05155 0.08763 0.08763 0.01546 0.04124 0.03608 0.04124 0.04639 0.00515 0.03093 0.08247
Q7M8F6                         0.04124 0.11856 0.02577 0.02062 0.00000 0.06186 0.10309 0.07216 0.01546 0.06186 0.07732 0.08763 0.02577 0.04124 0.04124 0.05155 0.03093 0.00515 0.03093 0.08763
B9KEH5                         0.07732 0.11856 0.01546 0.03093 0.00000 0.05670 0.09794 0.07216 0.01546 0.06701 0.07216 0.09794 0.02062 0.03608 0.03093 0.03608 0.03608 0.00515 0.03608 0.07732
D1B4D8                         0.06186 0.12887 0.02577 0.03093 0.00515 0.04639 0.10309 0.07216 0.01546 0.06701 0.07732 0.08247 0.02062 0.03093 0.03608 0.03093 0.04124 0.00515 0.03093 0.08763
A8FNQ6                         0.07732 0.12371 0.01546 0.02577 0.00000 0.04639 0.10309 0.07732 0.01546 0.06186 0.07216 0.09278 0.01546 0.05155 0.03093 0.03093 0.04124 0.00515 0.02577 0.08763
A7H5U4                         0.07732 0.12371 0.01546 0.02577 0.00000 0.04639 0.10309 0.07732 0.01546 0.06186 0.07216 0.09278 0.01546 0.05155 0.03093 0.03093 0.04124 0.00515 0.02577 0.08763
Q4HDU6                         0.07732 0.12371 0.01546 0.03093 0.00000 0.04639 0.09794 0.07732 0.01546 0.06701 0.07216 0.09278 0.01546 0.05155 0.03093 0.03093 0.04124 0.00515 0.02577 0.08247
Q4HRY9                         0.08247 0.12887 0.01546 0.03093 0.00000 0.04639 0.09794 0.07732 0.01546 0.05670 0.07216 0.08763 0.01546 0.04639 0.03093 0.03608 0.03608 0.00515 0.03093 0.08763
P56011                         0.05155 0.11856 0.02062 0.04124 0.00000 0.04639 0.09278 0.07732 0.01546 0.06186 0.07216 0.09278 0.02577 0.03093 0.02577 0.05155 0.04639 0.00515 0.04124 0.08247
B9L6T8                         0.03608 0.11856 0.03608 0.02577 0.00000 0.06186 0.11340 0.07216 0.01546 0.05670 0.08763 0.09794 0.01031 0.03608 0.03093 0.03608 0.03093 0.00515 0.03608 0.09278
B7N181                         0.09278 0.11340 0.04124 0.03093 0.00515 0.04124 0.08247 0.07732 0.01546 0.03093 0.10309 0.09278 0.02062 0.02062 0.03093 0.05155 0.02062 0.00515 0.04124 0.08247
P0A7V8                         0.09278 0.11340 0.04124 0.03093 0.00515 0.04124 0.08247 0.07732 0.01546 0.03093 0.10309 0.09278 0.02062 0.02062 0.03093 0.05155 0.02062 0.00515 0.04124 0.08247
B7LRR3                         0.09278 0.11340 0.04124 0.03093 0.00515 0.04124 0.08247 0.07732 0.01546 0.03093 0.10309 0.09278 0.02062 0.02062 0.03093 0.05155 0.02062 0.00515 0.04124 0.08247
Q7NFF4                         0.11856 0.11856 0.03093 0.02577 0.02062 0.03608 0.07216 0.06186 0.01546 0.03093 0.08763 0.06186 0.01031 0.03608 0.04639 0.05155 0.04639 0.01546 0.03608 0.07732
Q119M5                         0.04639 0.10825 0.04639 0.01546 0.01031 0.04124 0.07732 0.08247 0.02062 0.04639 0.11856 0.08247 0.02062 0.01031 0.04639 0.05155 0.03093 0.00515 0.04639 0.09278
P59134                         0.05155 0.13918 0.04639 0.02062 0.00515 0.05155 0.06701 0.07732 0.02062 0.03093 0.13402 0.04124 0.01546 0.01031 0.05155 0.04639 0.05155 0.00515 0.03608 0.09794
B9YJN5                         0.05670 0.12371 0.06186 0.01546 0.00515 0.05155 0.07732 0.07732 0.02062 0.03093 0.12371 0.05670 0.02577 0.01031 0.04124 0.04124 0.04124 0.00515 0.04124 0.09278
B0JLP1                         0.05670 0.13402 0.05155 0.02577 0.00515 0.04639 0.06701 0.09278 0.02062 0.03608 0.11340 0.05155 0.02062 0.01546 0.03608 0.04124 0.03608 0.00515 0.04124 0.10309
Q3ALH7                         0.07732 0.12371 0.04124 0.02577 0.02062 0.03608 0.07732 0.07732 0.02062 0.03093 0.11856 0.07216 0.00515 0.02062 0.04639 0.04639 0.04124 0.00515 0.03608 0.07732
B2J1M8                         0.06186 0.12887 0.05155 0.02062 0.00515 0.05670 0.06186 0.07216 0.02062 0.03608 0.12887 0.05670 0.01031 0.01546 0.04639 0.04124 0.03608 0.00515 0.04124 0.10309
Q8YTI0                         0.05670 0.12887 0.05670 0.02062 0.00515 0.05155 0.06701 0.07216 0.02062 0.03093 0.13402 0.05670 0.01546 0.01031 0.05155 0.04124 0.03608 0.00515 0.04124 0.09794
Q5MZ57                         0.07216 0.13402 0.04639 0.02577 0.01031 0.04639 0.06701 0.08247 0.02062 0.03093 0.12371 0.05155 0.01546 0.02062 0.04639 0.03093 0.03608 0.00515 0.04124 0.09278
Q31N52                         0.07216 0.13402 0.04639 0.02577 0.01031 0.04639 0.06701 0.08247 0.02062 0.03093 0.12371 0.05155 0.01546 0.02062 0.04639 0.03093 0.03608 0.00515 0.04124 0.09278
A0ZL44                         0.06701 0.12887 0.04124 0.02062 0.00515 0.05155 0.07216 0.07216 0.02062 0.03093 0.11856 0.06186 0.02577 0.01031 0.04639 0.04124 0.04124 0.00515 0.04124 0.09794
Q7U5K9                         0.07732 0.12371 0.04124 0.02577 0.02062 0.04124 0.07732 0.08763 0.02062 0.02577 0.11856 0.06701 0.00515 0.02062 0.04639 0.03093 0.04639 0.00515 0.03608 0.08247
Q3M534                         0.05670 0.12887 0.05670 0.02062 0.00515 0.05155 0.06701 0.07732 0.02062 0.03093 0.13402 0.05670 0.01546 0.01031 0.05155 0.03608 0.03608 0.00515 0.04124 0.09794
B1XI84                         0.05155 0.13918 0.03608 0.03093 0.00515 0.04639 0.06701 0.09278 0.02062 0.06701 0.10825 0.04639 0.02062 0.02062 0.04639 0.03608 0.05670 0.00515 0.03608 0.06701
B7KK85                         0.06186 0.13402 0.05670 0.03608 0.00515 0.05155 0.06186 0.07732 0.02062 0.05155 0.11856 0.05155 0.02062 0.01546 0.04124 0.03093 0.03608 0.00515 0.04124 0.08247
B5VYE4                         0.07216 0.13402 0.05155 0.02577 0.00515 0.04639 0.06186 0.07732 0.02062 0.03093 0.11856 0.04639 0.02062 0.01031 0.04639 0.04639 0.04639 0.00515 0.04639 0.08763
A0YJ14                         0.06186 0.12371 0.04124 0.03608 0.00515 0.05155 0.06186 0.07216 0.02062 0.03093 0.12371 0.06701 0.02577 0.01031 0.04639 0.04124 0.03093 0.00515 0.04124 0.10309
P48939                         0.04639 0.12887 0.03608 0.03608 0.01031 0.04639 0.06701 0.08247 0.02062 0.05155 0.10825 0.05155 0.02062 0.02062 0.05155 0.05155 0.04639 0.00515 0.03608 0.08247
Q3AWW5                         0.06701 0.11856 0.03608 0.02577 0.01546 0.04124 0.07216 0.09278 0.02062 0.03608 0.12371 0.07216 0.00515 0.02062 0.05155 0.05155 0.04124 0.00515 0.03608 0.06701
Q060K7                         0.06701 0.11856 0.03608 0.02577 0.01546 0.04124 0.07216 0.09278 0.02062 0.03608 0.12371 0.07216 0.00515 0.02062 0.05155 0.05155 0.04124 0.00515 0.03608 0.06701
A9BE29                         0.05155 0.10825 0.04124 0.02062 0.01546 0.03093 0.08247 0.09278 0.02062 0.05155 0.11340 0.08763 0.01031 0.02577 0.05155 0.05670 0.03608 0.00515 0.03608 0.06186
A5GJA2                         0.06701 0.12371 0.04639 0.02577 0.02062 0.04124 0.07732 0.08763 0.02062 0.03093 0.11856 0.06701 0.00515 0.02062 0.05670 0.03093 0.03608 0.00515 0.03608 0.08247
Q05SC9                         0.07216 0.12371 0.04124 0.03093 0.01546 0.03608 0.07216 0.08247 0.02062 0.03608 0.11856 0.07216 0.00515 0.02062 0.05155 0.04639 0.03608 0.00515 0.03608 0.07732
B4B713                         0.06186 0.12371 0.05670 0.02577 0.00515 0.05155 0.07216 0.07732 0.02062 0.05670 0.11340 0.05670 0.02062 0.02577 0.04124 0.03608 0.03093 0.00515 0.03608 0.08247
A3Z0F9                         0.06186 0.12887 0.05670 0.02577 0.01031 0.04124 0.07732 0.08763 0.01546 0.04639 0.11340 0.06186 0.00515 0.03093 0.05155 0.03608 0.03608 0.00515 0.03093 0.07732
A2C0L5                         0.08247 0.10825 0.04639 0.03608 0.01031 0.04639 0.06186 0.07732 0.02062 0.05670 0.11340 0.07732 0.00515 0.02062 0.04639 0.04124 0.05155 0.00515 0.03608 0.05670
A4CWI5                         0.06701 0.12371 0.04639 0.02577 0.02062 0.04124 0.07216 0.08763 0.02062 0.03093 0.12371 0.06701 0.00515 0.02062 0.05670 0.03093 0.03608 0.00515 0.03608 0.08247
Q2JMH0                         0.05670 0.10825 0.02062 0.02577 0.01546 0.03093 0.07732 0.07732 0.01546 0.05670 0.10309 0.09278 0.03608 0.03093 0.06701 0.04639 0.03093 0.00000 0.04639 0.06186
C7QU90                         0.06186 0.12371 0.05155 0.01546 0.00515 0.05155 0.07732 0.08247 0.02062 0.04639 0.11340 0.05670 0.02062 0.01546 0.05155 0.03608 0.04124 0.00515 0.04124 0.08247
B7JVE5                         0.06186 0.12371 0.05155 0.01546 0.00515 0.05155 0.07732 0.08247 0.02062 0.04639 0.11340 0.05670 0.02062 0.01546 0.05155 0.03608 0.04124 0.00515 0.04124 0.08247
B8HXV1                         0.06701 0.13918 0.05670 0.01546 0.00515 0.04124 0.07216 0.07216 0.02062 0.03608 0.13402 0.05155 0.02577 0.01546 0.05155 0.04124 0.03093 0.00515 0.03608 0.08247
A3ZA20                         0.07216 0.12371 0.04124 0.02577 0.01546 0.03608 0.07732 0.09278 0.02062 0.03608 0.11856 0.07216 0.00515 0.02062 0.04639 0.03608 0.04124 0.00515 0.03608 0.07732
Q46LZ9                         0.08247 0.11340 0.04639 0.03608 0.01031 0.04639 0.06186 0.07732 0.02062 0.05670 0.11340 0.07216 0.00515 0.02062 0.04639 0.04639 0.04639 0.00515 0.03608 0.05670
Q7V8U9                         0.08247 0.11856 0.04124 0.03093 0.01546 0.03608 0.07216 0.08247 0.02062 0.04639 0.11340 0.07732 0.01031 0.02062 0.04639 0.04124 0.03093 0.00515 0.03608 0.07216
A2CBJ1                         0.08247 0.11856 0.04124 0.03093 0.01546 0.03608 0.07216 0.08247 0.02062 0.04639 0.11340 0.07732 0.01031 0.02062 0.04639 0.04124 0.03093 0.00515 0.03608 0.07216
Q2JUD6                         0.05670 0.11856 0.02062 0.02577 0.01546 0.02577 0.07732 0.07732 0.01546 0.05155 0.10825 0.08763 0.03608 0.02577 0.06701 0.04639 0.03093 0.00000 0.04639 0.06701
Q0ICH5                         0.08247 0.12371 0.04124 0.02577 0.01546 0.04124 0.07216 0.08247 0.02062 0.04124 0.11856 0.06701 0.00515 0.02062 0.05155 0.03608 0.03608 0.00515 0.03608 0.07732
Q7VDG7                         0.06186 0.11340 0.04124 0.02577 0.01546 0.02577 0.07732 0.09794 0.02062 0.04639 0.11340 0.08247 0.01546 0.02062 0.04639 0.04639 0.05155 0.00515 0.03608 0.05670
B0C9F5                         0.06186 0.12887 0.03608 0.03093 0.00515 0.05670 0.06186 0.08247 0.02577 0.04639 0.12371 0.04639 0.02062 0.02062 0.05155 0.04639 0.04639 0.00515 0.03608 0.06701
Q4BZ45                         0.04639 0.12371 0.05155 0.02577 0.00515 0.04639 0.06701 0.08763 0.02577 0.04124 0.11340 0.06186 0.03093 0.01031 0.04639 0.03608 0.03608 0.00515 0.04639 0.09278
B1X067                         0.03608 0.12371 0.05670 0.03608 0.00515 0.04639 0.06186 0.08247 0.02062 0.03608 0.11340 0.06186 0.03093 0.01031 0.04639 0.04124 0.04639 0.00515 0.04639 0.09278
A3IK81                         0.03608 0.12371 0.06186 0.02577 0.00515 0.04639 0.06701 0.08247 0.02062 0.03093 0.11340 0.06186 0.03608 0.01031 0.04639 0.04124 0.04639 0.00515 0.04639 0.09278
A5GRL5                         0.07216 0.11340 0.04124 0.02062 0.01546 0.03608 0.07732 0.08763 0.02062 0.03608 0.11856 0.08247 0.00515 0.02062 0.04639 0.04124 0.04124 0.00515 0.03608 0.08247
Q7V2R1                         0.04639 0.10825 0.05155 0.02577 0.01546 0.03608 0.07732 0.10309 0.02062 0.05155 0.11340 0.08247 0.00515 0.02062 0.05155 0.04124 0.03608 0.00515 0.03608 0.07216
Q31CC9                         0.04639 0.10309 0.04639 0.03093 0.01546 0.03608 0.07216 0.10825 0.02062 0.04124 0.11856 0.08763 0.00515 0.02062 0.04639 0.04124 0.04124 0.00515 0.03608 0.07732
A2BV69                         0.04639 0.10825 0.04639 0.02577 0.01546 0.03608 0.07732 0.10309 0.02062 0.04639 0.11340 0.08763 0.00515 0.02062 0.04639 0.04639 0.03608 0.00515 0.03608 0.07732
A3PBC7                         0.04639 0.10309 0.05155 0.03093 0.01546 0.03608 0.07216 0.10825 0.02062 0.04124 0.11856 0.08763 0.00515 0.02062 0.04639 0.04124 0.03608 0.00515 0.03608 0.07732
A8G3C1                         0.04639 0.10309 0.05155 0.03093 0.01546 0.03608 0.07216 0.10825 0.02062 0.04124 0.11856 0.08763 0.00515 0.02062 0.04639 0.04124 0.03608 0.00515 0.03608 0.07732
A2BPN7                         0.04639 0.10309 0.05155 0.03093 0.01546 0.03608 0.07216 0.10825 0.02062 0.04124 0.11856 0.08763 0.00515 0.02062 0.04639 0.04124 0.03608 0.00515 0.03608 0.07732

Homogeneity statistic: X2 = 3.02373 G = 3.13440 

Average                        0.06344 0.12094 0.04132 0.02704 0.00880 0.04449 0.07780 0.08255 0.01919 0.04465 0.10864 0.07351 0.01578 0.02324 0.04481 0.04132 0.03830 0.00515 0.03735 0.08168

# constant sites:     39 (20.10%)
ln Lmax (unconstrained) = -973.249631

AA distances (raw proportions of different sites)

A8ETK5         
A6QCS3           0.1856
A6Q1K3           0.1856  0.1598
Q30TS4           0.2010  0.2113  0.1907
Q7M8F6           0.2010  0.2062  0.1289  0.1907
B9KEH5           0.2216  0.1907  0.1907  0.2216  0.2113
D1B4D8           0.2268  0.2371  0.1959  0.1856  0.2010  0.1649
A8FNQ6           0.2216  0.1959  0.1804  0.2062  0.1959  0.0722  0.1701
A7H5U4           0.2216  0.1959  0.1804  0.2062  0.1959  0.0722  0.1701  0.0000
Q4HDU6           0.2423  0.2113  0.1959  0.2216  0.2165  0.0515  0.1701  0.0206  0.0206
Q4HRY9           0.2474  0.2113  0.2010  0.2216  0.2165  0.0773  0.1649  0.0464  0.0464  0.0464
P56011           0.2474  0.2474  0.2423  0.2268  0.2216  0.2320  0.2371  0.2320  0.2320  0.2423  0.2423
B9L6T8           0.2577  0.2371  0.1804  0.2423  0.2113  0.2371  0.1907  0.2423  0.2423  0.2474  0.2474  0.2938
B7N181           0.4588  0.4536  0.4381  0.4588  0.4381  0.4588  0.4381  0.4536  0.4536  0.4536  0.4588  0.4691  0.4278
P0A7V8           0.4588  0.4536  0.4381  0.4588  0.4381  0.4588  0.4381  0.4536  0.4536  0.4536  0.4588  0.4691  0.4278  0.0000
B7LRR3           0.4588  0.4536  0.4381  0.4588  0.4381  0.4588  0.4381  0.4536  0.4536  0.4536  0.4588  0.4691  0.4278  0.0000  0.0000
Q7NFF4           0.5103  0.4742  0.4639  0.4845  0.4897  0.4845  0.4588  0.5000  0.5000  0.4948  0.4897  0.5155  0.4794  0.4897  0.4897  0.4897
Q119M5           0.5155  0.5155  0.5000  0.5567  0.5412  0.5412  0.5309  0.5515  0.5515  0.5515  0.5515  0.5412  0.5155  0.5258  0.5258  0.5258  0.5052
P59134           0.5309  0.5258  0.5155  0.5206  0.5412  0.5309  0.5155  0.5515  0.5515  0.5412  0.5309  0.5670  0.5000  0.5515  0.5515  0.5515  0.4845  0.2423
B9YJN5           0.5412  0.5206  0.5309  0.5361  0.5412  0.5515  0.5464  0.5619  0.5619  0.5619  0.5515  0.5722  0.5052  0.5515  0.5515  0.5515  0.5000  0.1907  0.2113
B0JLP1           0.5515  0.5103  0.5412  0.5412  0.5567  0.5464  0.5361  0.5567  0.5567  0.5567  0.5515  0.5619  0.5155  0.5412  0.5412  0.5412  0.4742  0.1907  0.2010  0.1598
Q3ALH7           0.5309  0.5206  0.5052  0.5258  0.5464  0.5619  0.5412  0.5567  0.5567  0.5722  0.5619  0.5619  0.5052  0.5206  0.5206  0.5206  0.5206  0.2526  0.2577  0.2732  0.2526
B2J1M8           0.5464  0.5258  0.5258  0.5412  0.5464  0.5567  0.5515  0.5670  0.5670  0.5670  0.5567  0.5773  0.5103  0.5464  0.5464  0.5464  0.5052  0.1649  0.2010  0.0722  0.1546  0.2320
Q8YTI0           0.5464  0.5258  0.5258  0.5464  0.5464  0.5567  0.5515  0.5670  0.5670  0.5670  0.5567  0.5722  0.5103  0.5515  0.5515  0.5515  0.5052  0.1649  0.2113  0.0619  0.1649  0.2577  0.0361
Q5MZ57           0.5361  0.5206  0.5155  0.5309  0.5464  0.5464  0.5361  0.5515  0.5515  0.5515  0.5515  0.5515  0.5309  0.5361  0.5361  0.5361  0.5000  0.1959  0.2423  0.1907  0.1856  0.1649  0.1649  0.1907
Q31N52           0.5361  0.5206  0.5155  0.5309  0.5464  0.5464  0.5361  0.5515  0.5515  0.5515  0.5515  0.5515  0.5309  0.5361  0.5361  0.5361  0.5000  0.1959  0.2423  0.1907  0.1856  0.1649  0.1649  0.1907  0.0000
A0ZL44           0.5515  0.5258  0.5361  0.5515  0.5412  0.5670  0.5619  0.5670  0.5670  0.5773  0.5773  0.5670  0.5206  0.5567  0.5567  0.5567  0.5206  0.2062  0.2165  0.1031  0.1907  0.2680  0.0876  0.1031  0.2062  0.2062
Q7U5K9           0.5309  0.5206  0.5052  0.5258  0.5309  0.5619  0.5309  0.5567  0.5567  0.5722  0.5619  0.5619  0.5052  0.5103  0.5103  0.5103  0.5258  0.2629  0.2629  0.2887  0.2629  0.0361  0.2577  0.2784  0.1804  0.1804  0.2784
Q3M534           0.5464  0.5258  0.5258  0.5464  0.5464  0.5567  0.5515  0.5670  0.5670  0.5670  0.5567  0.5722  0.5103  0.5515  0.5515  0.5515  0.5052  0.1598  0.2062  0.0670  0.1598  0.2577  0.0412  0.0052  0.1856  0.1856  0.1082  0.2732
B1XI84           0.5464  0.5206  0.5206  0.5361  0.5515  0.5258  0.5155  0.5464  0.5464  0.5361  0.5309  0.5464  0.5000  0.5567  0.5567  0.5567  0.4897  0.2320  0.1804  0.1959  0.1546  0.2371  0.1753  0.1959  0.2113  0.2113  0.2062  0.2474  0.1907
B7KK85           0.5567  0.5155  0.5309  0.5464  0.5567  0.5412  0.5361  0.5619  0.5619  0.5515  0.5464  0.5619  0.5103  0.5361  0.5361  0.5361  0.4845  0.2216  0.2010  0.1907  0.1031  0.2680  0.1598  0.1649  0.2113  0.2113  0.1959  0.2784  0.1598  0.1186
B5VYE4           0.5670  0.5412  0.5619  0.5722  0.5773  0.5619  0.5567  0.5825  0.5825  0.5722  0.5722  0.5825  0.5412  0.5464  0.5464  0.5464  0.5103  0.1804  0.2216  0.2010  0.1701  0.2474  0.1649  0.1804  0.1804  0.1804  0.1753  0.2629  0.1753  0.2113  0.1804
A0YJ14           0.5515  0.5309  0.5464  0.5722  0.5619  0.5825  0.5515  0.5825  0.5825  0.5928  0.5825  0.5928  0.5412  0.5515  0.5515  0.5515  0.5103  0.1856  0.2474  0.1804  0.1753  0.2268  0.1546  0.1649  0.1804  0.1804  0.1598  0.2371  0.1701  0.2268  0.2010  0.1443
P48939           0.5567  0.5567  0.5619  0.5722  0.5619  0.5722  0.5515  0.5928  0.5928  0.5825  0.5825  0.5722  0.5412  0.5619  0.5619  0.5619  0.5103  0.2320  0.2371  0.1907  0.1856  0.2680  0.1907  0.1907  0.2268  0.2268  0.1959  0.2784  0.1959  0.1546  0.1856  0.2268  0.2113
Q3AWW5           0.5412  0.5309  0.5052  0.5361  0.5361  0.5670  0.5361  0.5619  0.5619  0.5773  0.5619  0.5619  0.5052  0.5309  0.5309  0.5309  0.5464  0.2680  0.2887  0.3041  0.2835  0.0825  0.2784  0.2887  0.2113  0.2113  0.3041  0.0670  0.2835  0.2784  0.3093  0.2887  0.2577  0.3144
Q060K7           0.5412  0.5309  0.5052  0.5361  0.5361  0.5670  0.5361  0.5619  0.5619  0.5773  0.5619  0.5619  0.5052  0.5309  0.5309  0.5309  0.5464  0.2680  0.2887  0.3041  0.2835  0.0825  0.2784  0.2887  0.2113  0.2113  0.3041  0.0670  0.2835  0.2784  0.3093  0.2887  0.2577  0.3144  0.0000
A9BE29           0.5206  0.5206  0.5000  0.5258  0.5258  0.5464  0.5309  0.5412  0.5412  0.5567  0.5567  0.5309  0.5103  0.5206  0.5206  0.5206  0.5515  0.2577  0.2938  0.2990  0.2784  0.0979  0.2732  0.2835  0.1907  0.1907  0.2990  0.1082  0.2784  0.2732  0.2990  0.2784  0.2629  0.2784  0.1134  0.1134
A5GJA2           0.5361  0.5206  0.5052  0.5258  0.5464  0.5670  0.5412  0.5619  0.5619  0.5773  0.5670  0.5619  0.5000  0.5258  0.5258  0.5258  0.5258  0.2526  0.2680  0.2784  0.2526  0.0361  0.2474  0.2680  0.1753  0.1753  0.2835  0.0309  0.2629  0.2423  0.2784  0.2526  0.2371  0.2784  0.0722  0.0722  0.1031
Q05SC9           0.5412  0.5258  0.5103  0.5309  0.5515  0.5619  0.5464  0.5670  0.5670  0.5722  0.5722  0.5567  0.5052  0.5206  0.5206  0.5206  0.5258  0.2526  0.2629  0.2732  0.2526  0.0258  0.2371  0.2629  0.1701  0.1701  0.2732  0.0464  0.2577  0.2371  0.2680  0.2474  0.2320  0.2732  0.0876  0.0876  0.1031  0.0361
B4B713           0.5670  0.5412  0.5567  0.5670  0.5825  0.5567  0.5515  0.5773  0.5773  0.5670  0.5670  0.5722  0.5412  0.5619  0.5619  0.5619  0.4948  0.2216  0.2165  0.2010  0.0928  0.2680  0.1753  0.1907  0.2165  0.2165  0.2010  0.2887  0.1856  0.1495  0.0670  0.1856  0.1907  0.1753  0.3093  0.3093  0.2887  0.2784  0.2680
A3Z0F9           0.5464  0.5309  0.5206  0.5361  0.5464  0.5464  0.5155  0.5619  0.5619  0.5567  0.5464  0.5567  0.5052  0.5464  0.5464  0.5464  0.5206  0.2680  0.2680  0.2732  0.2680  0.1237  0.2526  0.2732  0.2010  0.2010  0.2990  0.1186  0.2680  0.2268  0.2784  0.2474  0.2526  0.2423  0.1340  0.1340  0.1598  0.1031  0.1186  0.2577
A2C0L5           0.5309  0.5206  0.5103  0.5412  0.5412  0.5619  0.5464  0.5567  0.5567  0.5722  0.5722  0.5619  0.5052  0.5515  0.5515  0.5515  0.5412  0.2887  0.2938  0.2990  0.2938  0.0928  0.2784  0.2990  0.2062  0.2062  0.2938  0.1082  0.2990  0.2887  0.3041  0.2784  0.2526  0.2938  0.1237  0.1237  0.0979  0.1031  0.1031  0.3144  0.1546
A4CWI5           0.5412  0.5258  0.5103  0.5309  0.5515  0.5722  0.5464  0.5670  0.5670  0.5825  0.5670  0.5670  0.5052  0.5309  0.5309  0.5309  0.5309  0.2474  0.2629  0.2732  0.2577  0.0412  0.2423  0.2629  0.1804  0.1804  0.2784  0.0412  0.2577  0.2474  0.2835  0.2474  0.2320  0.2835  0.0773  0.0773  0.1082  0.0103  0.0412  0.2835  0.1134  0.1134
Q2JMH0           0.5412  0.5515  0.5515  0.5567  0.5567  0.5619  0.5515  0.5619  0.5619  0.5515  0.5515  0.5928  0.5155  0.5464  0.5464  0.5464  0.5052  0.3660  0.3299  0.3505  0.3402  0.3918  0.3299  0.3402  0.3454  0.3454  0.3454  0.4124  0.3402  0.3557  0.3454  0.3608  0.3557  0.3814  0.4124  0.4124  0.3918  0.4021  0.3918  0.3196  0.3866  0.3918  0.4072
C7QU90           0.5670  0.5309  0.5412  0.5619  0.5773  0.5619  0.5619  0.5825  0.5825  0.5722  0.5722  0.5773  0.5361  0.5567  0.5567  0.5567  0.4794  0.2010  0.1959  0.1753  0.1134  0.2680  0.1546  0.1701  0.2165  0.2165  0.1598  0.2938  0.1701  0.1701  0.1340  0.1804  0.2113  0.1443  0.3093  0.3093  0.3041  0.2835  0.2784  0.1186  0.2732  0.3041  0.2784  0.3402
B7JVE5           0.5670  0.5309  0.5412  0.5619  0.5773  0.5619  0.5619  0.5825  0.5825  0.5722  0.5722  0.5773  0.5361  0.5567  0.5567  0.5567  0.4794  0.2010  0.1959  0.1753  0.1134  0.2680  0.1546  0.1701  0.2165  0.2165  0.1598  0.2938  0.1701  0.1701  0.1340  0.1804  0.2113  0.1443  0.3093  0.3093  0.3041  0.2835  0.2784  0.1186  0.2732  0.3041  0.2784  0.3402  0.0000
B8HXV1           0.5567  0.5258  0.5361  0.5515  0.5619  0.5670  0.5567  0.5670  0.5670  0.5773  0.5670  0.5825  0.5258  0.5619  0.5619  0.5619  0.5052  0.2526  0.2062  0.2010  0.2216  0.2474  0.1856  0.1701  0.2165  0.2165  0.2165  0.2423  0.1753  0.2577  0.2474  0.2113  0.2062  0.2629  0.2629  0.2629  0.2732  0.2474  0.2474  0.2526  0.2577  0.2835  0.2474  0.3454  0.2216  0.2216
A3ZA20           0.5412  0.5155  0.5103  0.5309  0.5515  0.5619  0.5361  0.5567  0.5567  0.5722  0.5619  0.5619  0.5000  0.5309  0.5309  0.5309  0.5206  0.2629  0.2680  0.2887  0.2629  0.0464  0.2577  0.2784  0.1804  0.1804  0.2938  0.0515  0.2732  0.2423  0.2784  0.2629  0.2474  0.2835  0.0825  0.0825  0.0979  0.0412  0.0412  0.2784  0.1082  0.1031  0.0464  0.3918  0.2990  0.2990  0.2577
Q46LZ9           0.5412  0.5206  0.5206  0.5464  0.5515  0.5722  0.5515  0.5670  0.5670  0.5825  0.5722  0.5722  0.5103  0.5464  0.5464  0.5464  0.5361  0.2938  0.2938  0.2938  0.2887  0.0928  0.2732  0.2938  0.2062  0.2062  0.2990  0.1082  0.2938  0.2835  0.2990  0.2835  0.2474  0.2938  0.1237  0.1237  0.1082  0.0979  0.0979  0.3144  0.1495  0.0103  0.1082  0.3918  0.3093  0.3093  0.2784  0.0979
Q7V8U9           0.5464  0.5309  0.5258  0.5412  0.5412  0.5619  0.5412  0.5670  0.5670  0.5722  0.5722  0.5464  0.5206  0.5206  0.5206  0.5206  0.5567  0.2887  0.3041  0.2938  0.2887  0.0722  0.2577  0.2835  0.1959  0.1959  0.2784  0.0773  0.2887  0.2732  0.3041  0.2784  0.2423  0.2732  0.1082  0.1082  0.0928  0.0825  0.0619  0.2990  0.1340  0.1031  0.0876  0.4021  0.3093  0.3093  0.2680  0.0670  0.0979
A2CBJ1           0.5464  0.5309  0.5258  0.5412  0.5412  0.5619  0.5412  0.5670  0.5670  0.5722  0.5722  0.5464  0.5206  0.5206  0.5206  0.5206  0.5567  0.2887  0.3041  0.2938  0.2887  0.0722  0.2577  0.2835  0.1959  0.1959  0.2784  0.0773  0.2887  0.2732  0.3041  0.2784  0.2423  0.2732  0.1082  0.1082  0.0928  0.0825  0.0619  0.2990  0.1340  0.1031  0.0876  0.4021  0.3093  0.3093  0.2680  0.0670  0.0979  0.0000
Q2JUD6           0.5515  0.5515  0.5464  0.5515  0.5567  0.5619  0.5515  0.5619  0.5619  0.5515  0.5464  0.5979  0.5103  0.5309  0.5309  0.5309  0.4948  0.3608  0.3196  0.3351  0.3351  0.3814  0.3247  0.3247  0.3454  0.3454  0.3402  0.4021  0.3247  0.3505  0.3402  0.3608  0.3505  0.3763  0.4021  0.4021  0.3918  0.3918  0.3814  0.3351  0.3814  0.3918  0.3969  0.0258  0.3402  0.3402  0.3454  0.3814  0.3866  0.3969  0.3969
Q0ICH5           0.5464  0.5206  0.5155  0.5361  0.5567  0.5670  0.5412  0.5619  0.5619  0.5773  0.5619  0.5670  0.5052  0.5309  0.5309  0.5309  0.5412  0.2577  0.2732  0.2784  0.2680  0.0464  0.2474  0.2732  0.1907  0.1907  0.2835  0.0567  0.2680  0.2526  0.2887  0.2526  0.2371  0.2938  0.0928  0.0928  0.1237  0.0412  0.0361  0.2887  0.1186  0.1031  0.0309  0.4072  0.2835  0.2835  0.2577  0.0464  0.0979  0.0773  0.0773  0.3969
Q7VDG7           0.5361  0.5361  0.5155  0.5412  0.5515  0.5619  0.5464  0.5515  0.5515  0.5670  0.5670  0.5464  0.5258  0.5515  0.5515  0.5515  0.5619  0.2938  0.2990  0.3093  0.3041  0.1082  0.2887  0.3041  0.2062  0.2062  0.3041  0.1186  0.2990  0.2887  0.3247  0.2732  0.2732  0.2835  0.1340  0.1340  0.0670  0.1082  0.1134  0.3144  0.1598  0.1031  0.1134  0.4124  0.3196  0.3196  0.2887  0.1082  0.1134  0.1082  0.1082  0.4124  0.1289
B0C9F5           0.5773  0.5206  0.5361  0.5619  0.5670  0.5619  0.5567  0.5670  0.5670  0.5722  0.5619  0.5722  0.5258  0.5619  0.5619  0.5619  0.5206  0.2371  0.1959  0.2010  0.1804  0.2732  0.1856  0.2010  0.2216  0.2216  0.1907  0.2784  0.1959  0.1804  0.1701  0.1959  0.2371  0.2062  0.2990  0.2990  0.2938  0.2732  0.2680  0.1804  0.2680  0.3093  0.2680  0.3711  0.1804  0.1804  0.2216  0.2732  0.3041  0.2990  0.2990  0.3660  0.2784  0.3093
Q4BZ45           0.5670  0.5412  0.5464  0.5825  0.5722  0.5773  0.5670  0.5876  0.5876  0.5876  0.5773  0.5773  0.5361  0.5412  0.5412  0.5412  0.4948  0.2010  0.2474  0.1959  0.1701  0.2784  0.1856  0.1907  0.2268  0.2268  0.2062  0.2938  0.1907  0.1907  0.1701  0.2216  0.2062  0.1546  0.3093  0.3093  0.2990  0.2835  0.2784  0.1804  0.2990  0.3041  0.2784  0.3763  0.1340  0.1340  0.2577  0.2887  0.2990  0.3093  0.3093  0.3608  0.2835  0.3247  0.2010
B1X067           0.5670  0.5515  0.5515  0.5825  0.5773  0.5825  0.5722  0.5928  0.5928  0.5928  0.5825  0.5825  0.5412  0.5515  0.5515  0.5515  0.5052  0.1959  0.2423  0.1907  0.1753  0.2938  0.1907  0.1907  0.2423  0.2423  0.2113  0.3041  0.1907  0.1959  0.1856  0.2268  0.2165  0.1598  0.3144  0.3144  0.3093  0.2938  0.2938  0.1959  0.2990  0.3299  0.2887  0.3763  0.1392  0.1392  0.2526  0.2990  0.3247  0.3247  0.3247  0.3608  0.2990  0.3351  0.2010  0.0515
A3IK81           0.5722  0.5464  0.5515  0.5825  0.5773  0.5825  0.5722  0.5928  0.5928  0.5928  0.5825  0.5825  0.5412  0.5464  0.5464  0.5464  0.5052  0.1959  0.2423  0.1907  0.1753  0.2938  0.1907  0.1907  0.2423  0.2423  0.2113  0.3041  0.1907  0.1959  0.1856  0.2268  0.2165  0.1598  0.3144  0.3144  0.3093  0.2938  0.2938  0.1959  0.2990  0.3299  0.2887  0.3814  0.1392  0.1392  0.2526  0.2990  0.3247  0.3247  0.3247  0.3660  0.2990  0.3351  0.2010  0.0464  0.0155
A5GRL5           0.5567  0.5258  0.5206  0.5567  0.5619  0.5464  0.5309  0.5464  0.5464  0.5567  0.5515  0.5464  0.5103  0.5309  0.5309  0.5309  0.5361  0.2474  0.2680  0.2835  0.2577  0.0876  0.2629  0.2680  0.1959  0.1959  0.2938  0.1031  0.2629  0.2423  0.2784  0.2629  0.2526  0.2887  0.1082  0.1082  0.0979  0.0825  0.0825  0.2784  0.1340  0.1186  0.0876  0.4021  0.2835  0.2835  0.2474  0.0876  0.1134  0.1031  0.1031  0.3918  0.0979  0.1031  0.2577  0.2887  0.2835  0.2835
Q7V2R1           0.5412  0.5309  0.5361  0.5515  0.5619  0.5670  0.5619  0.5619  0.5619  0.5773  0.5773  0.5464  0.5258  0.5464  0.5464  0.5464  0.5567  0.2732  0.2938  0.2990  0.2629  0.1443  0.2990  0.3144  0.2320  0.2320  0.3041  0.1495  0.3093  0.2629  0.2835  0.2887  0.2835  0.2680  0.1649  0.1649  0.1289  0.1289  0.1443  0.2680  0.1907  0.1392  0.1340  0.4072  0.2784  0.2784  0.2938  0.1392  0.1443  0.1443  0.1443  0.4124  0.1546  0.1443  0.2835  0.2784  0.2835  0.2835  0.1340
Q31CC9           0.5309  0.5155  0.5206  0.5361  0.5464  0.5464  0.5412  0.5412  0.5412  0.5567  0.5567  0.5258  0.5103  0.5567  0.5567  0.5567  0.5515  0.2887  0.2938  0.2990  0.2577  0.1443  0.2990  0.3144  0.2165  0.2165  0.3041  0.1495  0.3093  0.2629  0.2835  0.2938  0.2784  0.2732  0.1649  0.1649  0.1340  0.1340  0.1495  0.2680  0.1959  0.1340  0.1392  0.4072  0.2835  0.2835  0.2990  0.1392  0.1443  0.1546  0.1546  0.4124  0.1546  0.1340  0.2835  0.2835  0.2887  0.2887  0.1340  0.0361
A2BV69           0.5361  0.5206  0.5309  0.5515  0.5567  0.5567  0.5515  0.5515  0.5515  0.5670  0.5670  0.5309  0.5155  0.5412  0.5412  0.5412  0.5619  0.2680  0.2990  0.3041  0.2629  0.1443  0.2990  0.3093  0.2320  0.2320  0.3041  0.1495  0.3041  0.2629  0.2835  0.2887  0.2784  0.2680  0.1598  0.1598  0.1237  0.1289  0.1443  0.2680  0.1856  0.1392  0.1340  0.3969  0.2784  0.2784  0.2887  0.1340  0.1443  0.1392  0.1392  0.4021  0.1495  0.1340  0.2835  0.2732  0.2784  0.2784  0.1237  0.0155  0.0309
A3PBC7           0.5361  0.5155  0.5258  0.5412  0.5515  0.5515  0.5464  0.5464  0.5464  0.5619  0.5619  0.5309  0.5103  0.5567  0.5567  0.5567  0.5515  0.2835  0.2990  0.2938  0.2526  0.1495  0.2938  0.3093  0.2216  0.2216  0.2990  0.1546  0.3041  0.2577  0.2784  0.2887  0.2732  0.2680  0.1701  0.1701  0.1392  0.1340  0.1495  0.2629  0.1907  0.1392  0.1392  0.4072  0.2784  0.2784  0.2938  0.1392  0.1443  0.1546  0.1546  0.4124  0.1546  0.1392  0.2784  0.2784  0.2835  0.2835  0.1340  0.0309  0.0052  0.0258
A8G3C1           0.5361  0.5155  0.5258  0.5412  0.5515  0.5515  0.5464  0.5464  0.5464  0.5619  0.5619  0.5309  0.5103  0.5567  0.5567  0.5567  0.5515  0.2835  0.2990  0.2938  0.2526  0.1495  0.2938  0.3093  0.2216  0.2216  0.2990  0.1546  0.3041  0.2577  0.2784  0.2887  0.2732  0.2680  0.1701  0.1701  0.1392  0.1340  0.1495  0.2629  0.1907  0.1392  0.1392  0.4072  0.2784  0.2784  0.2938  0.1392  0.1443  0.1546  0.1546  0.4124  0.1546  0.1392  0.2784  0.2784  0.2835  0.2835  0.1340  0.0309  0.0052  0.0258  0.0000
A2BPN7           0.5361  0.5155  0.5258  0.5412  0.5515  0.5515  0.5464  0.5464  0.5464  0.5619  0.5619  0.5309  0.5103  0.5567  0.5567  0.5567  0.5515  0.2835  0.2990  0.2938  0.2526  0.1495  0.2938  0.3093  0.2216  0.2216  0.2990  0.1546  0.3041  0.2577  0.2784  0.2887  0.2732  0.2680  0.1701  0.1701  0.1392  0.1340  0.1495  0.2629  0.1907  0.1392  0.1392  0.4072  0.2784  0.2784  0.2938  0.1392  0.1443  0.1546  0.1546  0.4124  0.1546  0.1392  0.2784  0.2784  0.2835  0.2835  0.1340  0.0309  0.0052  0.0258  0.0000  0.0000


TREE #  1:  (15, 14, (16, ((13, (3, (5, (((7, (6, (10, (11, (8, 9))))), (12, 4)), (1, 2))))), (17, ((44, 52), (47, ((((27, (23, (20, (24, 29)))), (18, (32, 33))), ((19, 55), ((21, (31, 40)), (30, (34, ((45, 46), (56, (57, 58)))))))), ((25, 26), (41, ((35, 36), ((28, (38, (53, 43))), (22, (39, (48, (59, ((50, 51), ((42, 49), ((62, (60, (61, (64, (63, 65))))), (37, 54)))))))))))))))))));   MP score: 992
lnL(ntime: 63  np: 64):  -6021.851777      +0.000000
  66..15   66..14   66..67   67..16   67..68   68..69   69..13   69..70   70..3    70..71   71..5    71..72   72..73   73..74   74..7    74..75   75..6    75..76   76..10   76..77   77..11   77..78   78..8    78..9    73..79   79..12   79..4    72..80   80..1    80..2    68..81   81..17   81..82   82..83   83..44   83..52   82..84   84..47   84..85   85..86   86..87   87..88   88..27   88..89   89..23   89..90   90..20   90..91   91..24   91..29   87..92   92..18   92..93   93..32   93..33   86..94   94..95   95..19   95..55   94..96   96..97   97..21   97..98   98..31   98..40   96..99   99..30   99..100 100..34  100..101 101..102 102..45  102..46  101..103 103..56  103..104 104..57  104..58   85..105 105..106 106..25  106..26  105..107 107..41  107..108 108..109 109..35  109..36  108..110 110..111 111..28  111..112 112..38  112..113 113..53  113..43  110..114 114..22  114..115 115..39  115..116 116..48  116..117 117..59  117..118 118..119 119..50  119..51  118..120 120..121 121..42  121..49  120..122 122..123 123..62  123..124 124..60  124..125 125..61  125..126 126..64  126..127 127..63  127..65  122..128 128..37  128..54 
 0.510770 0.510769 0.435603 0.205132 0.167045 0.165003 0.153464 0.147413 0.099405 0.040241 0.019043 0.019043 0.000000 0.121488 0.106018 0.386726 0.252284 0.012878 0.196891 0.196891 0.176111 0.141830 0.063570 0.048082 0.033371 0.002883 0.119214 0.087438 0.157486 0.120483 0.124104 0.066540 0.037925 0.124104 0.096435 0.079734 0.000000 0.022865 0.006318 0.146866 0.000000 0.086337 0.067459 0.000000 0.062821 0.043906 0.021780 0.014079 0.060093 0.060093 0.057257 0.054697 0.052338 0.000000 0.047862 0.004485 0.043623 0.009386 0.008686 0.001430 0.000000 0.000000 0.028904 0.755205

tree length =   7.14824

(15: 0.510770, 14: 0.510770, (16: 0.510769, ((13: 0.205132, (3: 0.167045, (5: 0.165003, (((7: 0.099405, (6: 0.040241, (10: 0.019043, (11: 0.019043, (8: 0.000000, 9: 0.000000): 0.019043): 0.000000): 0.021199): 0.059164): 0.048008, (12: 0.121488, 4: 0.121488): 0.025925): 0.006051, (1: 0.106018, 2: 0.106018): 0.047446): 0.011539): 0.002042): 0.038087): 0.230470, (17: 0.386726, ((44: 0.012878, 52: 0.012878): 0.239406, (47: 0.196891, ((((27: 0.063570, (23: 0.048082, (20: 0.033371, (24: 0.002883, 29: 0.002883): 0.030488): 0.014712): 0.015488): 0.078260, (18: 0.119214, (32: 0.087438, 33: 0.087438): 0.031777): 0.022616): 0.034281, ((19: 0.120483, 55: 0.120483): 0.037003, ((21: 0.066540, (31: 0.037925, 40: 0.037925): 0.028614): 0.057564, (30: 0.124104, (34: 0.096435, ((45: 0.000000, 46: 0.000000): 0.079734, (56: 0.022865, (57: 0.006318, 58: 0.006318): 0.016547): 0.056869): 0.016701): 0.027668): 0.000000): 0.033382): 0.018625): 0.020780, ((25: 0.000000, 26: 0.000000): 0.146866, (41: 0.086337, ((35: 0.000000, 36: 0.000000): 0.067459, ((28: 0.043906, (38: 0.021780, (53: 0.014079, 43: 0.014079): 0.007701): 0.022126): 0.018916, (22: 0.060093, (39: 0.060093, (48: 0.057257, (59: 0.054697, ((50: 0.000000, 51: 0.000000): 0.052338, ((42: 0.004485, 49: 0.004485): 0.043377, ((62: 0.009386, (60: 0.008686, (61: 0.001430, (64: 0.000000, (63: 0.000000, 65: 0.000000): 0.000000): 0.001430): 0.007257): 0.000700): 0.034237, (37: 0.028904, 54: 0.028904): 0.014720): 0.004239): 0.004476): 0.002359): 0.002560): 0.002836): 0.000000): 0.002728): 0.004638): 0.018878): 0.060528): 0.050025): 0.000000): 0.055393): 0.134442): 0.048876): 0.075167): 0.000001);

(P0A7V8: 0.510770, B7N181: 0.510770, (B7LRR3: 0.510769, ((B9L6T8: 0.205132, (A6Q1K3: 0.167045, (Q7M8F6: 0.165003, (((D1B4D8: 0.099405, (B9KEH5: 0.040241, (Q4HDU6: 0.019043, (Q4HRY9: 0.019043, (A8FNQ6: 0.000000, A7H5U4: 0.000000): 0.019043): 0.000000): 0.021199): 0.059164): 0.048008, (P56011: 0.121488, Q30TS4: 0.121488): 0.025925): 0.006051, (A8ETK5: 0.106018, A6QCS3: 0.106018): 0.047446): 0.011539): 0.002042): 0.038087): 0.230470, (Q7NFF4: 0.386726, ((Q2JMH0: 0.012878, Q2JUD6: 0.012878): 0.239406, (B8HXV1: 0.196891, ((((A0ZL44: 0.063570, (B2J1M8: 0.048082, (B9YJN5: 0.033371, (Q8YTI0: 0.002883, Q3M534: 0.002883): 0.030488): 0.014712): 0.015488): 0.078260, (Q119M5: 0.119214, (B5VYE4: 0.087438, A0YJ14: 0.087438): 0.031777): 0.022616): 0.034281, ((P59134: 0.120483, B0C9F5: 0.120483): 0.037003, ((B0JLP1: 0.066540, (B7KK85: 0.037925, B4B713: 0.037925): 0.028614): 0.057564, (B1XI84: 0.124104, (P48939: 0.096435, ((C7QU90: 0.000000, B7JVE5: 0.000000): 0.079734, (Q4BZ45: 0.022865, (B1X067: 0.006318, A3IK81: 0.006318): 0.016547): 0.056869): 0.016701): 0.027668): 0.000000): 0.033382): 0.018625): 0.020780, ((Q5MZ57: 0.000000, Q31N52: 0.000000): 0.146866, (A3Z0F9: 0.086337, ((Q3AWW5: 0.000000, Q060K7: 0.000000): 0.067459, ((Q7U5K9: 0.043906, (A5GJA2: 0.021780, (Q0ICH5: 0.014079, A4CWI5: 0.014079): 0.007701): 0.022126): 0.018916, (Q3ALH7: 0.060093, (Q05SC9: 0.060093, (A3ZA20: 0.057257, (A5GRL5: 0.054697, ((Q7V8U9: 0.000000, A2CBJ1: 0.000000): 0.052338, ((A2C0L5: 0.004485, Q46LZ9: 0.004485): 0.043377, ((A2BV69: 0.009386, (Q7V2R1: 0.008686, (Q31CC9: 0.001430, (A8G3C1: 0.000000, (A3PBC7: 0.000000, A2BPN7: 0.000000): 0.000000): 0.001430): 0.007257): 0.000700): 0.034237, (A9BE29: 0.028904, Q7VDG7: 0.028904): 0.014720): 0.004239): 0.004476): 0.002359): 0.002560): 0.002836): 0.000000): 0.002728): 0.004638): 0.018878): 0.060528): 0.050025): 0.000000): 0.055393): 0.134442): 0.048876): 0.075167): 0.000001);

(15_P0A7V8, 14_B7N181, (16_B7LRR3, ((13_B9L6T8, (3_A6Q1K3, (5_Q7M8F6, (((7_D1B4D8, (6_B9KEH5, (10_Q4HDU6, (11_Q4HRY9, (8_A8FNQ6, 9_A7H5U4) 78 ) 77 ) 76 ) 75 ) 74 , (12_P56011, 4_Q30TS4) 79 ) 73 , (1_A8ETK5, 2_A6QCS3) 80 ) 72 ) 71 ) 70 ) 69 , (17_Q7NFF4, ((44_Q2JMH0, 52_Q2JUD6) 83 , (47_B8HXV1, ((((27_A0ZL44, (23_B2J1M8, (20_B9YJN5, (24_Q8YTI0, 29_Q3M534) 91 ) 90 ) 89 ) 88 , (18_Q119M5, (32_B5VYE4, 33_A0YJ14) 93 ) 92 ) 87 , ((19_P59134, 55_B0C9F5) 95 , ((21_B0JLP1, (31_B7KK85, 40_B4B713) 98 ) 97 , (30_B1XI84, (34_P48939, ((45_C7QU90, 46_B7JVE5) 102 , (56_Q4BZ45, (57_B1X067, 58_A3IK81) 104 ) 103 ) 101 ) 100 ) 99 ) 96 ) 94 ) 86 , ((25_Q5MZ57, 26_Q31N52) 106 , (41_A3Z0F9, ((35_Q3AWW5, 36_Q060K7) 109 , ((28_Q7U5K9, (38_A5GJA2, (53_Q0ICH5, 43_A4CWI5) 113 ) 112 ) 111 , (22_Q3ALH7, (39_Q05SC9, (48_A3ZA20, (59_A5GRL5, ((50_Q7V8U9, 51_A2CBJ1) 119 , ((42_A2C0L5, 49_Q46LZ9) 121 , ((62_A2BV69, (60_Q7V2R1, (61_Q31CC9, (64_A8G3C1, (63_A3PBC7, 65_A2BPN7) 127 ) 126 ) 125 ) 124 ) 123 , (37_A9BE29, 54_Q7VDG7) 128 ) 122 ) 120 ) 118 ) 117 ) 116 ) 115 ) 114 ) 110 ) 108 ) 107 ) 105 ) 85 ) 84 ) 82 ) 81 ) 68 ) 67 ) 66 ;

Detailed output identifying parameters

alpha (gamma, K = 4) =  0.75520
rate:   0.08600  0.38845  0.94373  2.58182
freq:   0.25000  0.25000  0.25000  0.25000

Time used:  3:41
