AAML (in paml version 4.6, August 2012)  182.aa
Model: Empirical for branches,  (../../../bin/LG.dat) dGamma (ncatG=4) ns =  65  ls = 318


Frequencies..
                                    A      R      N      D      C      Q      E      G      H      I      L      K      M      F      P      S      T      W      Y      V
A8ERD8                         0.11006 0.03145 0.04088 0.05031 0.01258 0.03145 0.07547 0.09434 0.02201 0.08176 0.07233 0.07547 0.03459 0.03774 0.02830 0.04088 0.04717 0.00629 0.04088 0.06604
Q30T61                         0.11635 0.04403 0.04403 0.04403 0.00943 0.02830 0.07862 0.10063 0.02201 0.08176 0.07233 0.05346 0.03459 0.03774 0.03145 0.05031 0.05031 0.00629 0.03774 0.05660
A6Q7E4                         0.11321 0.03459 0.05031 0.04403 0.00943 0.02201 0.08805 0.09748 0.01887 0.07862 0.07233 0.06604 0.03145 0.03774 0.03145 0.04403 0.06289 0.00629 0.03459 0.05660
D1B1C8                         0.12264 0.03774 0.02830 0.05031 0.01258 0.02516 0.07862 0.10063 0.01887 0.08176 0.06918 0.06918 0.03774 0.04088 0.02516 0.04403 0.05660 0.00629 0.03459 0.05975
B9LA88                         0.09119 0.03459 0.03459 0.04403 0.00943 0.03145 0.09434 0.10063 0.01887 0.07862 0.08805 0.07862 0.03145 0.03774 0.02830 0.04403 0.04717 0.00629 0.03774 0.06289
A6Q461                         0.09748 0.04403 0.03459 0.05346 0.01258 0.02516 0.08805 0.09434 0.02516 0.09119 0.06918 0.06289 0.03145 0.03459 0.04088 0.04717 0.04088 0.00943 0.04088 0.05660
Q7M851                         0.10692 0.04088 0.03145 0.04403 0.01258 0.02516 0.09119 0.09748 0.02516 0.07547 0.07547 0.06918 0.03145 0.04403 0.02830 0.05346 0.03459 0.00629 0.02830 0.07862
Q4HHV7                         0.11635 0.03774 0.04403 0.04403 0.01258 0.02830 0.07547 0.09748 0.02516 0.10377 0.06604 0.05975 0.03459 0.04403 0.02516 0.05660 0.04088 0.00314 0.03145 0.05346
A8FL53                         0.11006 0.03459 0.04717 0.04403 0.01258 0.02516 0.07547 0.09434 0.02516 0.10063 0.06918 0.06604 0.03774 0.04088 0.02516 0.05031 0.05031 0.00314 0.03145 0.05660
B9KCI3                         0.10692 0.03145 0.03145 0.04088 0.01258 0.03145 0.08805 0.09119 0.02830 0.10692 0.07233 0.07862 0.03459 0.04088 0.02516 0.05346 0.04403 0.00629 0.03145 0.04403
A7H4H9                         0.11006 0.03459 0.04717 0.04403 0.01258 0.02830 0.07547 0.09434 0.02516 0.10063 0.06918 0.06289 0.04088 0.04088 0.02516 0.05031 0.04403 0.00314 0.03145 0.05975
Q4HSQ3                         0.09119 0.02201 0.04088 0.04088 0.01572 0.05346 0.07233 0.09119 0.03145 0.09434 0.09119 0.08176 0.03145 0.04403 0.02830 0.04403 0.03459 0.00314 0.04088 0.04717
A4CWA1                         0.11006 0.03145 0.01887 0.06289 0.00943 0.03459 0.08805 0.10063 0.02201 0.05346 0.09748 0.07547 0.02516 0.04088 0.02830 0.05031 0.03774 0.00943 0.03145 0.07233
Q31MY7                         0.13836 0.04717 0.02201 0.04717 0.01258 0.04088 0.07862 0.08805 0.02201 0.05660 0.09748 0.04717 0.02516 0.04088 0.03774 0.04403 0.03774 0.00629 0.03459 0.07547
Q5N667                         0.13836 0.04717 0.02201 0.04717 0.01258 0.04088 0.07862 0.08805 0.02201 0.05660 0.09434 0.04717 0.02516 0.04088 0.04088 0.04403 0.03774 0.00629 0.03459 0.07547
A5GMM6                         0.11321 0.03459 0.02201 0.05975 0.00943 0.03145 0.08805 0.10063 0.02516 0.05031 0.09748 0.07233 0.02516 0.04088 0.02830 0.04717 0.03774 0.00943 0.03145 0.07547
A3Z0D5                         0.13522 0.04088 0.02201 0.06289 0.00943 0.03459 0.07233 0.09119 0.02830 0.05031 0.09748 0.05346 0.02516 0.03774 0.03459 0.04403 0.04088 0.00943 0.03145 0.07862
B1WNP1                         0.11006 0.05031 0.02516 0.05660 0.00943 0.04403 0.08491 0.09119 0.02201 0.05975 0.09119 0.05031 0.02830 0.03774 0.03459 0.04717 0.03774 0.00629 0.03459 0.07862
B7KF23                         0.10377 0.04403 0.02201 0.05346 0.00943 0.04717 0.08176 0.09434 0.02830 0.05975 0.08805 0.05346 0.02516 0.04088 0.03774 0.04717 0.04403 0.00629 0.03459 0.07862
Q2JXL2                         0.10377 0.05660 0.01887 0.04403 0.00943 0.03774 0.08176 0.08805 0.02830 0.05975 0.10377 0.05031 0.02516 0.03774 0.04717 0.03774 0.05031 0.00943 0.03459 0.07547
Q7NH80                         0.12893 0.05975 0.02201 0.05346 0.00943 0.02830 0.09434 0.08176 0.02516 0.05975 0.09119 0.04717 0.02830 0.03774 0.02830 0.04088 0.04717 0.00943 0.03459 0.07233
A2CB87                         0.11950 0.03459 0.02201 0.06289 0.00943 0.03774 0.07862 0.09434 0.02201 0.05031 0.09748 0.06604 0.02516 0.04088 0.03145 0.05346 0.03774 0.00943 0.03145 0.07547
A0YTA9                         0.09119 0.04403 0.02201 0.05346 0.00943 0.04403 0.08805 0.09434 0.02830 0.06289 0.09119 0.05660 0.02516 0.03774 0.04403 0.04088 0.04717 0.00314 0.03774 0.07862
Q0IC80                         0.12264 0.03145 0.02516 0.05660 0.00943 0.02830 0.07862 0.09434 0.02201 0.05031 0.10063 0.07233 0.02516 0.04088 0.03145 0.06289 0.03459 0.00943 0.03145 0.07233
Q7VAR8                         0.11006 0.03145 0.01887 0.05975 0.00943 0.03459 0.07862 0.09119 0.01887 0.06289 0.09748 0.07547 0.02830 0.04717 0.03459 0.06289 0.03459 0.00943 0.02830 0.06604
A9BBT2                         0.11006 0.03459 0.02201 0.05975 0.00943 0.03459 0.07547 0.09434 0.01887 0.05660 0.10063 0.06604 0.02516 0.04717 0.03459 0.06289 0.03774 0.00943 0.02830 0.07233
A2C482                         0.10063 0.03145 0.02201 0.05660 0.00943 0.03145 0.09119 0.08805 0.01887 0.06289 0.10063 0.08805 0.02516 0.04403 0.03145 0.05346 0.04088 0.00943 0.03145 0.06289
Q7U5Q1                         0.10692 0.03145 0.02201 0.06918 0.00943 0.03459 0.07233 0.09434 0.02201 0.04403 0.09748 0.07547 0.02516 0.04088 0.03145 0.05660 0.04403 0.00943 0.03145 0.08176
Q7V8M5                         0.12264 0.03459 0.02516 0.06289 0.00943 0.03774 0.07862 0.09748 0.02201 0.05346 0.09748 0.06604 0.02516 0.04088 0.02830 0.05031 0.03459 0.00943 0.03145 0.07233
Q3AVC2                         0.11006 0.03459 0.02516 0.06289 0.00943 0.03145 0.07862 0.09748 0.02201 0.05031 0.09434 0.07547 0.02830 0.04088 0.03145 0.04717 0.04403 0.00943 0.03145 0.07547
Q060G4                         0.11006 0.03459 0.02516 0.05975 0.00943 0.03459 0.08176 0.09748 0.02201 0.05031 0.09434 0.07233 0.02830 0.04088 0.03145 0.05031 0.04088 0.00943 0.03145 0.07547
Q05X31                         0.11635 0.03145 0.02516 0.06289 0.00943 0.03459 0.07862 0.09748 0.02516 0.05031 0.09748 0.07233 0.02516 0.04088 0.02830 0.05346 0.03459 0.00943 0.03145 0.07547
A3PEE9                         0.06604 0.02201 0.03145 0.05975 0.01258 0.03459 0.08805 0.08491 0.01887 0.06289 0.10063 0.09434 0.02830 0.04717 0.02830 0.07862 0.04088 0.00943 0.03145 0.05975
Q46JF6                         0.09434 0.03145 0.02201 0.05660 0.00943 0.02830 0.09434 0.08805 0.01887 0.06289 0.10063 0.08805 0.02516 0.04403 0.03145 0.05660 0.04403 0.00943 0.03145 0.06289
Q7V0F0                         0.06604 0.02201 0.05031 0.05660 0.01258 0.03459 0.09119 0.08491 0.01887 0.06289 0.10063 0.09119 0.02830 0.04717 0.02830 0.05660 0.04403 0.00943 0.03459 0.05975
Q3ALC5                         0.11321 0.03459 0.02830 0.06604 0.00943 0.03145 0.07547 0.09748 0.02201 0.04717 0.09434 0.07233 0.02830 0.04088 0.03145 0.05031 0.03774 0.00943 0.03145 0.07862
A5GRI8                         0.12579 0.03145 0.02201 0.05975 0.00943 0.02516 0.08491 0.10063 0.02201 0.05346 0.09748 0.07233 0.02516 0.03774 0.02830 0.04717 0.04088 0.00943 0.03459 0.07233
Q319H3                         0.06604 0.02201 0.03459 0.05660 0.01258 0.03459 0.08805 0.09119 0.01887 0.05975 0.10063 0.09748 0.02830 0.04717 0.02830 0.06918 0.04088 0.00943 0.03145 0.06289
A2BSN6                         0.06604 0.02201 0.03774 0.05660 0.01258 0.03774 0.08805 0.08805 0.01887 0.06289 0.10063 0.09119 0.02830 0.04717 0.02830 0.07233 0.04088 0.00943 0.03145 0.05975
A3ZA73                         0.12264 0.03459 0.01887 0.06604 0.00943 0.03145 0.07547 0.09434 0.02201 0.05346 0.09748 0.06918 0.02516 0.04088 0.03145 0.04717 0.04717 0.00943 0.03145 0.07233
A8G6C6                         0.06604 0.02201 0.03459 0.05660 0.01258 0.03774 0.08805 0.08805 0.01887 0.05975 0.10063 0.09119 0.02830 0.04717 0.02830 0.07547 0.04088 0.00943 0.03145 0.06289
A3IRL9                         0.10692 0.05031 0.02201 0.05660 0.00943 0.04717 0.08176 0.09434 0.02201 0.05975 0.09434 0.04717 0.02516 0.03774 0.03459 0.05031 0.04088 0.00629 0.03459 0.07862
Q4C623                         0.10692 0.04717 0.01887 0.05031 0.00943 0.04717 0.09119 0.09119 0.02201 0.05975 0.09434 0.05346 0.02516 0.03774 0.03145 0.05031 0.04403 0.00629 0.03459 0.07862
A2BY22                         0.07233 0.02516 0.03774 0.05975 0.01258 0.03774 0.08805 0.08805 0.01887 0.06289 0.10063 0.08491 0.02830 0.04717 0.02830 0.05975 0.04403 0.00943 0.03459 0.05975
B9YI18                         0.11950 0.04717 0.02830 0.04403 0.00629 0.04088 0.08491 0.09748 0.02201 0.05975 0.09119 0.05031 0.02516 0.03774 0.03145 0.04088 0.05346 0.00314 0.03774 0.07862
Q8YUM5                         0.11321 0.04088 0.04088 0.04403 0.00629 0.04717 0.08491 0.09748 0.02201 0.05031 0.09434 0.05346 0.02201 0.04088 0.03459 0.04088 0.04403 0.00314 0.03774 0.08176
Q3MGX7                         0.11321 0.04088 0.04088 0.04403 0.00629 0.04717 0.08491 0.09748 0.02201 0.04717 0.09434 0.05346 0.02201 0.04088 0.03459 0.04088 0.04403 0.00314 0.03774 0.08491
P29107                         0.12893 0.04088 0.02830 0.05031 0.00629 0.04403 0.08176 0.09434 0.01572 0.05346 0.10377 0.05031 0.02516 0.03774 0.02830 0.03774 0.04403 0.00314 0.03774 0.08805
B1XL20                         0.12579 0.03774 0.02830 0.05031 0.00629 0.04403 0.07547 0.09434 0.01887 0.06289 0.09748 0.05346 0.02201 0.03774 0.03145 0.03459 0.05346 0.00629 0.03774 0.08176
B5W6B2                         0.11321 0.04403 0.02830 0.05031 0.00943 0.04403 0.08491 0.09748 0.02516 0.05975 0.09119 0.04717 0.02830 0.03774 0.03459 0.03459 0.05031 0.00314 0.04088 0.07547
B0JRP2                         0.12264 0.04088 0.02830 0.04403 0.00943 0.04403 0.08176 0.09748 0.02201 0.06289 0.08491 0.05346 0.02830 0.03459 0.03459 0.03774 0.04403 0.00629 0.04088 0.08176
B2J2U6                         0.11635 0.03774 0.03459 0.04403 0.00629 0.04088 0.08805 0.09748 0.02201 0.05346 0.09119 0.05660 0.02516 0.04088 0.03145 0.04717 0.04403 0.00314 0.03774 0.08176
Q8DGR0                         0.11950 0.05975 0.01887 0.03774 0.00943 0.05031 0.08491 0.09119 0.03459 0.05975 0.09748 0.03459 0.03145 0.03774 0.03774 0.03459 0.04088 0.00629 0.03459 0.07862
B8HNI6                         0.11006 0.05346 0.01887 0.04717 0.00943 0.03459 0.08491 0.08805 0.02516 0.05660 0.09748 0.04403 0.02516 0.03774 0.03459 0.04403 0.05660 0.00314 0.04088 0.08805
Q2JKN5                         0.11950 0.05660 0.02201 0.03774 0.00943 0.05031 0.08491 0.09119 0.02830 0.05975 0.09434 0.03774 0.02830 0.03774 0.04717 0.02830 0.04717 0.00943 0.03459 0.07547
Q10WP7                         0.09748 0.04088 0.02830 0.05660 0.00943 0.04717 0.08176 0.09119 0.02516 0.06918 0.08491 0.05975 0.02830 0.04403 0.03145 0.04717 0.04717 0.00314 0.03459 0.07233
A0ZCX4                         0.13208 0.04088 0.03459 0.04403 0.00629 0.04088 0.08805 0.09119 0.02201 0.05031 0.08805 0.05031 0.02516 0.04088 0.03774 0.04088 0.04088 0.00314 0.03774 0.08491
B4B1W5                         0.10692 0.04403 0.02516 0.04717 0.00943 0.04717 0.08176 0.09119 0.02516 0.05346 0.09119 0.05660 0.02516 0.04088 0.03459 0.04403 0.04717 0.00629 0.03459 0.08805
B7K0S6                         0.11006 0.04403 0.02201 0.04403 0.01258 0.04088 0.08491 0.09748 0.02516 0.06289 0.09434 0.05660 0.02516 0.03774 0.03774 0.03459 0.05031 0.00629 0.03774 0.07547
C7QLT1                         0.10692 0.04403 0.02201 0.04403 0.01258 0.04088 0.08491 0.09748 0.02516 0.06289 0.09434 0.05660 0.02516 0.03774 0.03774 0.03774 0.05031 0.00629 0.03774 0.07547
B0CE35                         0.13208 0.05031 0.01887 0.06289 0.00943 0.04717 0.06918 0.08491 0.02830 0.05031 0.08805 0.05031 0.02516 0.03774 0.02516 0.04088 0.05660 0.00314 0.03774 0.08176
O25097                         0.08176 0.03459 0.03145 0.02516 0.00943 0.04088 0.09748 0.09434 0.02516 0.05975 0.12579 0.10377 0.01887 0.04088 0.03145 0.05031 0.01572 0.00000 0.03459 0.07862
P05793                         0.10377 0.04403 0.03459 0.05346 0.01258 0.03774 0.07547 0.09434 0.01887 0.05660 0.08176 0.06289 0.03774 0.02830 0.03774 0.04717 0.04088 0.00629 0.04088 0.08491
B7LU79                         0.10692 0.04403 0.03459 0.05346 0.01258 0.03774 0.07547 0.09119 0.01887 0.05346 0.08176 0.06289 0.03774 0.02830 0.03774 0.04717 0.04088 0.00629 0.04088 0.08805
B7N269                         0.10692 0.04403 0.03459 0.05346 0.01258 0.03774 0.07547 0.09119 0.01887 0.05346 0.08176 0.06289 0.03774 0.02830 0.03774 0.04717 0.04088 0.00629 0.04088 0.08805

Homogeneity statistic: X2 = 1.81880 G = 1.82043 

Average                        0.10851 0.03861 0.02903 0.05196 0.01021 0.03711 0.08278 0.09352 0.02284 0.06280 0.09149 0.06488 0.02806 0.04011 0.03241 0.04843 0.04330 0.00677 0.03474 0.07247

# constant sites:     59 (18.55%)
ln Lmax (unconstrained) = -1725.692820

AA distances (raw proportions of different sites)

A8ERD8         
Q30T61           0.1730
A6Q7E4           0.1824  0.1321
D1B1C8           0.1887  0.2107  0.2296
B9LA88           0.2201  0.2327  0.2075  0.2170
A6Q461           0.2358  0.2233  0.2138  0.2893  0.2296
Q7M851           0.2642  0.2484  0.2673  0.2107  0.2736  0.2421
Q4HHV7           0.2862  0.2830  0.2799  0.2358  0.2767  0.2987  0.2610
A8FL53           0.2799  0.2956  0.2799  0.2453  0.2799  0.2956  0.2736  0.0597
B9KCI3           0.2893  0.2987  0.3019  0.2642  0.3019  0.2987  0.2893  0.1321  0.1258
A7H4H9           0.2862  0.3019  0.2925  0.2421  0.2893  0.3082  0.2736  0.0692  0.0252  0.1321
Q4HSQ3           0.3176  0.3365  0.3365  0.3145  0.3145  0.3553  0.3396  0.2547  0.2453  0.2516  0.2390
A4CWA1           0.4088  0.4182  0.4025  0.3899  0.4119  0.4182  0.4214  0.3899  0.3962  0.4088  0.3931  0.3994
Q31MY7           0.4057  0.4182  0.4088  0.3962  0.3994  0.3994  0.3899  0.3711  0.3711  0.3805  0.3679  0.4025  0.2170
Q5N667           0.4057  0.4182  0.4088  0.3962  0.3994  0.3994  0.3899  0.3711  0.3711  0.3805  0.3679  0.4025  0.2201  0.0031
A5GMM6           0.4151  0.4151  0.4057  0.3899  0.4119  0.4151  0.4151  0.3899  0.3962  0.4088  0.3931  0.4057  0.0252  0.2233  0.2264
A3Z0D5           0.4088  0.4119  0.4119  0.3899  0.4277  0.4151  0.4245  0.3868  0.3994  0.4119  0.3962  0.4057  0.0912  0.2264  0.2296  0.0881
B1WNP1           0.4245  0.4340  0.4434  0.4340  0.4214  0.4057  0.4119  0.4088  0.4119  0.4277  0.4088  0.4151  0.2799  0.1730  0.1761  0.2862  0.2830
B7KF23           0.4214  0.4308  0.4371  0.4371  0.4308  0.4025  0.4340  0.4182  0.4119  0.4214  0.4057  0.4182  0.2610  0.1855  0.1887  0.2704  0.2736  0.0943
Q2JXL2           0.4025  0.4182  0.3994  0.4182  0.4025  0.3805  0.4057  0.4025  0.3931  0.3994  0.4025  0.4057  0.2610  0.1792  0.1824  0.2704  0.2516  0.1667  0.1667
Q7NH80           0.4277  0.4465  0.4182  0.4340  0.4088  0.4151  0.4182  0.4277  0.4151  0.4119  0.4119  0.4151  0.3270  0.2799  0.2830  0.3270  0.3270  0.2610  0.2421  0.2579
A2CB87           0.4182  0.4088  0.4057  0.3931  0.4245  0.4151  0.4057  0.3899  0.3994  0.4214  0.3962  0.4119  0.0723  0.2170  0.2201  0.0755  0.0818  0.2830  0.2642  0.2673  0.3113
A0YTA9           0.4277  0.4277  0.4403  0.4465  0.4182  0.4057  0.4403  0.4088  0.4088  0.4214  0.4057  0.4057  0.2704  0.1950  0.1981  0.2767  0.2830  0.1195  0.1164  0.1761  0.2642  0.2830
Q0IC80           0.4182  0.4025  0.3962  0.3899  0.4245  0.4088  0.4088  0.3899  0.3931  0.4119  0.3899  0.3994  0.0692  0.2170  0.2201  0.0692  0.1006  0.2799  0.2704  0.2516  0.3208  0.0818  0.2799
Q7VAR8           0.4182  0.4151  0.4025  0.3962  0.4277  0.4214  0.4214  0.3774  0.3836  0.4057  0.3805  0.3899  0.1258  0.2610  0.2642  0.1321  0.1541  0.2956  0.2736  0.2893  0.3176  0.1101  0.2925  0.1384
A9BBT2           0.4119  0.4245  0.4151  0.4025  0.4245  0.4277  0.4182  0.3868  0.3994  0.4214  0.3962  0.4119  0.1132  0.2296  0.2327  0.1195  0.1101  0.2799  0.2642  0.2736  0.3365  0.1006  0.2862  0.1069  0.1101
A2C482           0.4182  0.4277  0.4088  0.3899  0.4214  0.4214  0.4277  0.3805  0.3868  0.3962  0.3805  0.3836  0.1132  0.2358  0.2390  0.1101  0.1321  0.2830  0.2767  0.2862  0.3270  0.1195  0.2673  0.1164  0.1038  0.1164
Q7U5Q1           0.4182  0.4214  0.4025  0.3994  0.4277  0.4151  0.4277  0.3931  0.3868  0.4182  0.3899  0.4057  0.0912  0.2233  0.2264  0.0943  0.1069  0.2893  0.2767  0.2642  0.3302  0.0755  0.2893  0.0629  0.1226  0.1101  0.1101
Q7V8M5           0.4182  0.4119  0.4025  0.3931  0.4214  0.4182  0.4151  0.3931  0.4025  0.4214  0.3994  0.4119  0.0692  0.2107  0.2138  0.0786  0.0818  0.2799  0.2610  0.2642  0.3176  0.0189  0.2799  0.0849  0.1132  0.1069  0.1195  0.0723
Q3AVC2           0.4245  0.4214  0.4025  0.4088  0.4340  0.4245  0.4277  0.3962  0.3962  0.4182  0.3931  0.4057  0.0849  0.2170  0.2201  0.0818  0.0943  0.2925  0.2799  0.2610  0.3333  0.0692  0.2862  0.0629  0.1352  0.1069  0.1038  0.0472  0.0660
Q060G4           0.4277  0.4214  0.4025  0.4088  0.4340  0.4245  0.4308  0.3931  0.3931  0.4182  0.3899  0.4088  0.0849  0.2170  0.2201  0.0818  0.0975  0.2925  0.2830  0.2642  0.3333  0.0723  0.2893  0.0629  0.1352  0.1038  0.1069  0.0503  0.0692  0.0126
Q05X31           0.4245  0.4182  0.4025  0.3994  0.4308  0.4214  0.4214  0.3868  0.3868  0.4119  0.3836  0.4057  0.0723  0.2075  0.2107  0.0723  0.1038  0.2862  0.2736  0.2610  0.3302  0.0692  0.2862  0.0409  0.1321  0.1132  0.1069  0.0472  0.0660  0.0409  0.0440
A3PEE9           0.4214  0.4245  0.4308  0.4119  0.4214  0.4277  0.4277  0.4025  0.4119  0.4245  0.4057  0.4119  0.1572  0.2799  0.2830  0.1604  0.2013  0.2956  0.2799  0.3082  0.3491  0.1730  0.2799  0.1792  0.1635  0.1855  0.1635  0.1792  0.1761  0.1824  0.1761  0.1761
Q46JF6           0.4245  0.4277  0.4119  0.3962  0.4277  0.4245  0.4308  0.3836  0.3899  0.3962  0.3836  0.3931  0.1226  0.2421  0.2453  0.1195  0.1384  0.2862  0.2799  0.2925  0.3333  0.1226  0.2736  0.1258  0.1101  0.1226  0.0126  0.1195  0.1226  0.1132  0.1101  0.1164  0.1604
Q7V0F0           0.4182  0.4119  0.4182  0.4057  0.4182  0.4182  0.4245  0.3962  0.3994  0.4119  0.3962  0.4119  0.1698  0.2830  0.2862  0.1698  0.2107  0.2987  0.2862  0.3082  0.3459  0.1824  0.2830  0.1824  0.1761  0.1855  0.1667  0.1887  0.1855  0.1824  0.1792  0.1855  0.0503  0.1667
Q3ALC5           0.4277  0.4214  0.4151  0.4025  0.4371  0.4214  0.4308  0.3962  0.3962  0.4182  0.3931  0.4025  0.0849  0.2138  0.2170  0.0818  0.0975  0.2862  0.2736  0.2610  0.3365  0.0755  0.2862  0.0503  0.1289  0.1038  0.1069  0.0283  0.0723  0.0346  0.0377  0.0377  0.1824  0.1164  0.1887
A5GRI8           0.4214  0.3962  0.3931  0.3931  0.4214  0.4057  0.4088  0.3836  0.3868  0.4025  0.3836  0.4025  0.0566  0.2138  0.2170  0.0503  0.1069  0.2767  0.2579  0.2579  0.3239  0.0849  0.2767  0.0692  0.1289  0.1195  0.1226  0.0881  0.0786  0.0943  0.0912  0.0723  0.1824  0.1321  0.1792  0.0818
Q319H3           0.4214  0.4214  0.4308  0.4088  0.4214  0.4245  0.4308  0.4025  0.4088  0.4182  0.4025  0.4088  0.1541  0.2799  0.2830  0.1541  0.1950  0.2956  0.2830  0.3082  0.3491  0.1698  0.2799  0.1730  0.1635  0.1887  0.1635  0.1761  0.1730  0.1761  0.1698  0.1730  0.0189  0.1604  0.0503  0.1761  0.1761
A2BSN6           0.4245  0.4245  0.4308  0.4119  0.4245  0.4245  0.4308  0.3994  0.4088  0.4182  0.4025  0.4088  0.1541  0.2830  0.2862  0.1541  0.1950  0.2987  0.2799  0.3082  0.3459  0.1698  0.2799  0.1730  0.1604  0.1824  0.1604  0.1761  0.1730  0.1761  0.1698  0.1730  0.0126  0.1572  0.0440  0.1761  0.1761  0.0126
A3ZA73           0.4245  0.4214  0.4088  0.3931  0.4214  0.4245  0.4182  0.4025  0.4057  0.4151  0.4025  0.3994  0.0597  0.2138  0.2170  0.0660  0.0818  0.2767  0.2547  0.2484  0.3176  0.0660  0.2767  0.0597  0.1352  0.1006  0.1226  0.0849  0.0629  0.0786  0.0818  0.0723  0.1761  0.1321  0.1887  0.0755  0.0723  0.1730  0.1730
A8G6C6           0.4245  0.4277  0.4308  0.4151  0.4245  0.4277  0.4308  0.4025  0.4119  0.4214  0.4057  0.4088  0.1541  0.2830  0.2862  0.1572  0.1981  0.2987  0.2799  0.3082  0.3459  0.1698  0.2799  0.1761  0.1604  0.1855  0.1635  0.1761  0.1730  0.1792  0.1730  0.1730  0.0126  0.1604  0.0503  0.1792  0.1792  0.0126  0.0063  0.1730
A3IRL9           0.4151  0.4403  0.4434  0.4371  0.4340  0.4182  0.4277  0.4151  0.4182  0.4277  0.4151  0.4182  0.2704  0.1667  0.1698  0.2736  0.2767  0.0377  0.0975  0.1730  0.2704  0.2736  0.1321  0.2736  0.2925  0.2704  0.2736  0.2799  0.2704  0.2862  0.2862  0.2767  0.2956  0.2767  0.3019  0.2767  0.2642  0.2956  0.2987  0.2673  0.2987
Q4C623           0.4057  0.4308  0.4308  0.4214  0.4119  0.4151  0.4245  0.4057  0.4088  0.4151  0.4057  0.4151  0.2673  0.1698  0.1730  0.2736  0.2799  0.0472  0.0943  0.1792  0.2547  0.2704  0.1289  0.2830  0.2893  0.2767  0.2673  0.2862  0.2673  0.2862  0.2862  0.2799  0.2893  0.2704  0.2956  0.2830  0.2704  0.2893  0.2925  0.2704  0.2925  0.0440
A2BY22           0.4182  0.4182  0.4214  0.4088  0.4245  0.4214  0.4277  0.3994  0.4025  0.4214  0.3962  0.4057  0.1604  0.2799  0.2830  0.1604  0.1981  0.2956  0.2799  0.3019  0.3459  0.1667  0.2767  0.1730  0.1635  0.1792  0.1667  0.1761  0.1698  0.1698  0.1698  0.1761  0.0314  0.1667  0.0409  0.1761  0.1761  0.0377  0.0283  0.1792  0.0346  0.2987  0.2925
B9YI18           0.4151  0.4119  0.4119  0.4182  0.3994  0.3994  0.4245  0.3994  0.3994  0.4025  0.3931  0.4057  0.2704  0.1824  0.1855  0.2736  0.2799  0.1604  0.1667  0.1887  0.2610  0.2862  0.1604  0.2642  0.2862  0.2830  0.2893  0.2893  0.2799  0.2862  0.2862  0.2736  0.2987  0.2956  0.3082  0.2736  0.2673  0.2987  0.2987  0.2673  0.2987  0.1667  0.1572  0.2987
Q8YUM5           0.4214  0.4151  0.4182  0.4340  0.4151  0.3962  0.4182  0.4088  0.4057  0.4151  0.3994  0.4214  0.2830  0.1887  0.1918  0.2862  0.2925  0.1447  0.1384  0.1918  0.2642  0.2830  0.1352  0.2799  0.3050  0.2862  0.3050  0.2956  0.2767  0.2862  0.2830  0.2799  0.2925  0.3082  0.2925  0.2799  0.2830  0.2925  0.2925  0.2799  0.2925  0.1541  0.1509  0.2893  0.1132
Q3MGX7           0.4245  0.4151  0.4182  0.4340  0.4151  0.3962  0.4182  0.4057  0.4057  0.4151  0.3994  0.4214  0.2830  0.1887  0.1918  0.2862  0.2925  0.1447  0.1384  0.1918  0.2642  0.2830  0.1384  0.2799  0.3050  0.2862  0.3050  0.2956  0.2767  0.2862  0.2830  0.2799  0.2925  0.3082  0.2925  0.2799  0.2830  0.2925  0.2925  0.2799  0.2925  0.1541  0.1509  0.2893  0.1132  0.0031
P29107           0.4057  0.4182  0.4151  0.4057  0.4057  0.4214  0.4214  0.3994  0.4057  0.4119  0.4025  0.4151  0.2547  0.1635  0.1667  0.2610  0.2642  0.1352  0.1541  0.1792  0.2579  0.2673  0.1730  0.2610  0.2956  0.2736  0.2704  0.2704  0.2642  0.2704  0.2704  0.2610  0.2987  0.2767  0.3019  0.2579  0.2484  0.2987  0.3019  0.2579  0.3019  0.1258  0.1164  0.3019  0.1415  0.1509  0.1509
B1XL20           0.4119  0.4088  0.4088  0.3962  0.3836  0.3931  0.3994  0.3994  0.4057  0.4119  0.4025  0.4057  0.2579  0.1635  0.1667  0.2610  0.2642  0.1635  0.1887  0.2201  0.2704  0.2516  0.1855  0.2547  0.2925  0.2610  0.2736  0.2704  0.2453  0.2579  0.2547  0.2547  0.2987  0.2767  0.3050  0.2610  0.2516  0.2987  0.3019  0.2421  0.3019  0.1698  0.1635  0.2987  0.1667  0.1730  0.1698  0.1509
B5W6B2           0.4057  0.4245  0.4308  0.4308  0.4088  0.4057  0.4119  0.3931  0.3899  0.4057  0.3836  0.4151  0.2830  0.1855  0.1887  0.2830  0.2925  0.1321  0.1447  0.1950  0.2484  0.2799  0.0912  0.2862  0.3145  0.2925  0.2956  0.3019  0.2830  0.2956  0.2956  0.2925  0.2862  0.3019  0.2925  0.2956  0.2862  0.2862  0.2862  0.2799  0.2862  0.1447  0.1384  0.2830  0.1447  0.1101  0.1132  0.1667  0.1667
B0JRP2           0.4088  0.4308  0.4151  0.4214  0.4151  0.4119  0.4182  0.3931  0.3899  0.4088  0.3836  0.4151  0.2610  0.1698  0.1698  0.2610  0.2736  0.1447  0.1352  0.1918  0.2421  0.2736  0.1541  0.2673  0.2956  0.2862  0.2862  0.2862  0.2704  0.2767  0.2767  0.2673  0.2956  0.2956  0.3019  0.2736  0.2579  0.2956  0.2956  0.2610  0.2956  0.1415  0.1226  0.2925  0.1195  0.1069  0.1101  0.1321  0.1698  0.1038
B2J2U6           0.4214  0.4151  0.4214  0.4277  0.4182  0.4057  0.4308  0.4088  0.4088  0.4151  0.4025  0.4214  0.2673  0.1887  0.1918  0.2799  0.2893  0.1352  0.1321  0.1855  0.2579  0.2862  0.1509  0.2799  0.2956  0.2893  0.2956  0.2893  0.2799  0.2956  0.2956  0.2830  0.2830  0.2987  0.2862  0.2799  0.2673  0.2830  0.2830  0.2830  0.2830  0.1384  0.1258  0.2830  0.1006  0.0629  0.0629  0.1289  0.1730  0.1289  0.1101
Q8DGR0           0.4245  0.4340  0.4245  0.4340  0.4119  0.4025  0.4340  0.3994  0.4057  0.4182  0.4025  0.4119  0.2610  0.1887  0.1918  0.2673  0.2484  0.1572  0.1572  0.1918  0.2421  0.2642  0.1698  0.2579  0.2862  0.2642  0.2736  0.2736  0.2579  0.2642  0.2610  0.2642  0.3050  0.2799  0.3082  0.2673  0.2673  0.3050  0.3050  0.2484  0.3050  0.1572  0.1572  0.3082  0.2044  0.1761  0.1761  0.1635  0.1730  0.1792  0.1604  0.1824
B8HNI6           0.4308  0.4371  0.4340  0.4308  0.4151  0.4088  0.4182  0.4025  0.4025  0.4151  0.3994  0.4057  0.2736  0.1887  0.1918  0.2767  0.2799  0.1478  0.1415  0.1761  0.2516  0.2736  0.1321  0.2830  0.3082  0.2925  0.2925  0.3019  0.2767  0.2925  0.2956  0.2925  0.3113  0.2956  0.3145  0.2925  0.2830  0.3145  0.3113  0.2767  0.3113  0.1478  0.1447  0.3113  0.1918  0.1824  0.1792  0.1667  0.1918  0.1509  0.1792  0.1761  0.1478
Q2JKN5           0.4025  0.4214  0.4088  0.4151  0.4088  0.3868  0.4057  0.4057  0.4025  0.4057  0.4025  0.4151  0.2767  0.2013  0.2044  0.2830  0.2579  0.1667  0.1761  0.0723  0.2547  0.2704  0.1918  0.2704  0.2987  0.2830  0.2925  0.2767  0.2673  0.2767  0.2736  0.2736  0.3176  0.2987  0.3176  0.2736  0.2673  0.3176  0.3176  0.2642  0.3176  0.1792  0.1730  0.3113  0.1981  0.1918  0.1918  0.1855  0.2264  0.2044  0.1918  0.1824  0.1667  0.1855
Q10WP7           0.4308  0.4528  0.4465  0.4528  0.4245  0.4245  0.4528  0.4277  0.4245  0.4308  0.4182  0.4214  0.2767  0.2044  0.2075  0.2893  0.2956  0.1478  0.1321  0.2138  0.2579  0.2925  0.1321  0.2956  0.3050  0.2893  0.2799  0.3019  0.2893  0.2956  0.2987  0.2956  0.2893  0.2862  0.2956  0.2987  0.2893  0.2893  0.2893  0.2830  0.2893  0.1572  0.1415  0.2862  0.1698  0.1604  0.1604  0.1855  0.2138  0.1352  0.1572  0.1541  0.1918  0.1792  0.2170
A0ZCX4           0.4119  0.4119  0.4214  0.4151  0.4119  0.3962  0.4182  0.4214  0.4182  0.4214  0.4119  0.4277  0.2673  0.1667  0.1698  0.2704  0.2767  0.1321  0.1321  0.1855  0.2453  0.2673  0.1415  0.2610  0.2893  0.2767  0.2893  0.2799  0.2610  0.2767  0.2767  0.2673  0.2893  0.2925  0.2925  0.2673  0.2642  0.2893  0.2893  0.2673  0.2893  0.1352  0.1321  0.2862  0.0975  0.0723  0.0723  0.1321  0.1478  0.1132  0.1069  0.0692  0.1761  0.1730  0.1887  0.1572
B4B1W5           0.4151  0.4308  0.4340  0.4434  0.4371  0.4057  0.4340  0.4151  0.4088  0.4182  0.4025  0.4151  0.2673  0.1918  0.1950  0.2736  0.2736  0.1101  0.0692  0.1604  0.2547  0.2704  0.1164  0.2704  0.2799  0.2767  0.2830  0.2767  0.2673  0.2799  0.2830  0.2736  0.2830  0.2830  0.2956  0.2736  0.2673  0.2862  0.2830  0.2673  0.2830  0.1195  0.1101  0.2830  0.1384  0.1101  0.1101  0.1541  0.1950  0.1289  0.1195  0.1038  0.1730  0.1415  0.1635  0.1352  0.1195
B7K0S6           0.4182  0.4497  0.4434  0.4340  0.4371  0.4214  0.4245  0.4119  0.4088  0.4245  0.4025  0.4308  0.2642  0.1635  0.1667  0.2704  0.2704  0.0849  0.0943  0.1792  0.2547  0.2673  0.1352  0.2736  0.2956  0.2704  0.2799  0.2862  0.2642  0.2830  0.2830  0.2767  0.2862  0.2830  0.2925  0.2799  0.2642  0.2862  0.2893  0.2579  0.2893  0.0818  0.0849  0.2893  0.1572  0.1384  0.1384  0.1321  0.1667  0.1289  0.1132  0.1258  0.1509  0.1478  0.1792  0.1509  0.1258  0.1038
C7QLT1           0.4182  0.4497  0.4434  0.4340  0.4371  0.4214  0.4245  0.4119  0.4088  0.4245  0.4025  0.4308  0.2642  0.1667  0.1698  0.2704  0.2704  0.0881  0.0943  0.1824  0.2547  0.2673  0.1352  0.2736  0.2956  0.2704  0.2799  0.2862  0.2642  0.2830  0.2830  0.2767  0.2862  0.2830  0.2925  0.2799  0.2642  0.2862  0.2893  0.2579  0.2893  0.0849  0.0881  0.2893  0.1604  0.1384  0.1384  0.1352  0.1667  0.1289  0.1132  0.1289  0.1509  0.1478  0.1824  0.1509  0.1289  0.1069  0.0031
B0CE35           0.4308  0.4403  0.4528  0.4340  0.4308  0.4214  0.4277  0.4088  0.4025  0.3994  0.3899  0.4182  0.2767  0.1887  0.1918  0.2862  0.3019  0.1761  0.1572  0.2044  0.2390  0.2799  0.1824  0.2830  0.2987  0.3082  0.2987  0.2830  0.2767  0.2925  0.2925  0.2736  0.3113  0.3019  0.3208  0.2830  0.2673  0.3145  0.3113  0.2862  0.3113  0.1761  0.1698  0.3113  0.1792  0.1635  0.1635  0.1541  0.2013  0.1635  0.1635  0.1604  0.1981  0.1415  0.2107  0.2075  0.1541  0.1447  0.1667  0.1698
O25097           0.5252  0.5283  0.5063  0.5094  0.5000  0.5063  0.4686  0.4843  0.4843  0.4874  0.4780  0.4717  0.4969  0.5063  0.5063  0.4969  0.5063  0.5189  0.5157  0.5063  0.5314  0.5031  0.5031  0.4969  0.5063  0.5094  0.4780  0.5094  0.5000  0.5063  0.5031  0.5063  0.4969  0.4748  0.4874  0.5094  0.4874  0.4937  0.4906  0.5000  0.4937  0.5252  0.5220  0.4906  0.5031  0.5063  0.5063  0.5189  0.5220  0.5126  0.5126  0.5000  0.5220  0.5094  0.5094  0.5063  0.5157  0.5063  0.5157  0.5157  0.5314
P05793           0.6006  0.6226  0.6258  0.6226  0.6006  0.5975  0.6289  0.6289  0.6321  0.6321  0.6352  0.6572  0.5881  0.6069  0.6069  0.5881  0.5912  0.6258  0.6132  0.5881  0.6006  0.5849  0.6384  0.6069  0.6069  0.6101  0.6038  0.6038  0.5943  0.6069  0.6038  0.6069  0.6006  0.6006  0.6038  0.6069  0.6132  0.6038  0.6069  0.5975  0.6069  0.6258  0.6195  0.6038  0.6226  0.6258  0.6258  0.6226  0.6101  0.6258  0.6132  0.6258  0.6258  0.6226  0.6006  0.6258  0.6195  0.6132  0.6226  0.6226  0.6164  0.6415
B7LU79           0.6006  0.6226  0.6258  0.6226  0.6006  0.5975  0.6258  0.6258  0.6289  0.6289  0.6321  0.6541  0.5881  0.6069  0.6069  0.5881  0.5912  0.6258  0.6132  0.5881  0.5975  0.5849  0.6384  0.6069  0.6069  0.6101  0.6038  0.6038  0.5943  0.6069  0.6038  0.6069  0.6006  0.6006  0.6038  0.6069  0.6132  0.6038  0.6069  0.5975  0.6069  0.6258  0.6195  0.6038  0.6226  0.6258  0.6258  0.6226  0.6069  0.6226  0.6132  0.6258  0.6258  0.6195  0.6006  0.6258  0.6195  0.6132  0.6226  0.6226  0.6132  0.6415  0.0063
B7N269           0.6006  0.6226  0.6258  0.6226  0.6006  0.5975  0.6258  0.6258  0.6289  0.6289  0.6321  0.6541  0.5881  0.6069  0.6069  0.5881  0.5912  0.6258  0.6132  0.5881  0.5975  0.5849  0.6384  0.6069  0.6069  0.6101  0.6038  0.6038  0.5943  0.6069  0.6038  0.6069  0.6006  0.6006  0.6038  0.6069  0.6132  0.6038  0.6069  0.5975  0.6069  0.6258  0.6195  0.6038  0.6226  0.6258  0.6258  0.6226  0.6069  0.6226  0.6132  0.6258  0.6258  0.6195  0.6006  0.6258  0.6195  0.6132  0.6226  0.6226  0.6132  0.6415  0.0063  0.0000


TREE #  1:  (63, (65, 64), (62, ((12, ((10, (8, (9, 11))), (7, (4, (1, ((2, 3), (5, 6))))))), (((24, (32, ((30, 31), (28, 36)))), ((37, ((13, 16), ((39, (41, ((35, 44), (38, 33)))), ((27, 34), (26, 25))))), ((22, 29), (40, 17)))), ((14, 15), (49, (53, (48, ((20, 55), (((51, (45, (57, (52, (46, 47))))), ((56, (23, 50)), ((19, 58), ((59, 60), (43, (18, 42)))))), (54, (61, 21))))))))))));   MP score: 1727
lnL(ntime:127  np:128):  -9749.169940      +0.000000
  66..63   66..67   67..65   67..64   66..68   68..62   68..69   69..70   70..12   70..71   71..72   72..10   72..73   73..8    73..74   74..9    74..11   71..75   75..7    75..76   76..4    76..77   77..1    77..78   78..79   79..2    79..3    78..80   80..5    80..6    69..81   81..82   82..83   83..24   83..84   84..32   84..85   85..86   86..30   86..31   85..87   87..28   87..36   82..88   88..89   89..37   89..90   90..91   91..13   91..16   90..92   92..93   93..39   93..94   94..41   94..95   95..96   96..35   96..44   95..97   97..38   97..33   92..98   98..99   99..27   99..34   98..100 100..26  100..25   88..101 101..102 102..22  102..29  101..103 103..40  103..17   81..104 104..105 105..14  105..15  104..106 106..49  106..107 107..53  107..108 108..48  108..109 109..110 110..20  110..55  109..111 111..112 112..113 113..51  113..114 114..45  114..115 115..57  115..116 116..52  116..117 117..46  117..47  112..118 118..119 119..56  119..120 120..23  120..50  118..121 121..122 122..19  122..58  121..123 123..124 124..59  124..60  123..125 125..43  125..126 126..18  126..42  111..127 127..54  127..128 128..61  128..21 
 0.000004 0.008181 0.000004 0.000004 3.711023 1.042051 0.435271 0.253378 0.274637 0.089126 0.097519 0.144768 0.024937 0.046113 0.036078 0.011614 0.020534 0.174062 0.240772 0.023973 0.122248 0.127603 0.128099 0.043482 0.049855 0.105262 0.107292 0.051810 0.231675 0.231007 0.411570 0.221867 0.021361 0.032201 0.013974 0.015684 0.017647 0.024621 0.005969 0.010911 0.014022 0.031829 0.007325 0.005750 0.025111 0.042199 0.012854 0.007419 0.021950 0.017028 0.059209 0.179285 0.000004 0.000004 0.007909 0.003964 0.017221 0.037539 0.019570 0.000004 0.012075 0.011913 0.028655 0.085957 0.000004 0.016554 0.030269 0.097758 0.070496 0.015454 0.033365 0.013119 0.012620 0.009542 0.037842 0.089416 0.087478 0.091424 0.000004 0.004109 0.072232 0.135806 0.018684 0.147816 0.029936 0.107468 0.026118 0.168962 0.047022 0.061264 0.015620 0.022816 0.030754 0.088283 0.033908 0.098804 0.006362 0.047556 0.016021 0.037287 0.048468 0.004034 0.000004 0.032207 0.048344 0.133642 0.022012 0.059855 0.081364 0.020603 0.027434 0.048156 0.049764 0.027395 0.068352 0.000004 0.004131 0.047731 0.023365 0.015871 0.024879 0.026072 0.046898 0.122994 0.037228 0.074943 0.387705 0.589165

tree length =  12.56261

(63: 0.000004, (65: 0.000004, 64: 0.000004): 0.008181, (62: 1.042051, ((12: 0.274637, ((10: 0.144768, (8: 0.046113, (9: 0.011614, 11: 0.020534): 0.036078): 0.024937): 0.097519, (7: 0.240772, (4: 0.122248, (1: 0.128099, ((2: 0.105262, 3: 0.107292): 0.049855, (5: 0.231675, 6: 0.231007): 0.051810): 0.043482): 0.127603): 0.023973): 0.174062): 0.089126): 0.253378, (((24: 0.032201, (32: 0.015684, ((30: 0.005969, 31: 0.010911): 0.024621, (28: 0.031829, 36: 0.007325): 0.014022): 0.017647): 0.013974): 0.021361, ((37: 0.042199, ((13: 0.021950, 16: 0.017028): 0.007419, ((39: 0.000004, (41: 0.007909, ((35: 0.037539, 44: 0.019570): 0.017221, (38: 0.012075, 33: 0.011913): 0.000004): 0.003964): 0.000004): 0.179285, ((27: 0.000004, 34: 0.016554): 0.085957, (26: 0.097758, 25: 0.070496): 0.030269): 0.028655): 0.059209): 0.012854): 0.025111, ((22: 0.013119, 29: 0.012620): 0.033365, (40: 0.037842, 17: 0.089416): 0.009542): 0.015454): 0.005750): 0.221867, ((14: 0.000004, 15: 0.004109): 0.091424, (49: 0.135806, (53: 0.147816, (48: 0.107468, ((20: 0.047022, 55: 0.061264): 0.168962, (((51: 0.088283, (45: 0.098804, (57: 0.047556, (52: 0.037287, (46: 0.004034, 47: 0.000004): 0.048468): 0.016021): 0.006362): 0.033908): 0.030754, ((56: 0.133642, (23: 0.059855, 50: 0.081364): 0.022012): 0.048344, ((19: 0.048156, 58: 0.049764): 0.027434, ((59: 0.000004, 60: 0.004131): 0.068352, (43: 0.023365, (18: 0.024879, 42: 0.026072): 0.015871): 0.047731): 0.027395): 0.020603): 0.032207): 0.022816, (54: 0.122994, (61: 0.074943, 21: 0.387705): 0.037228): 0.046898): 0.015620): 0.026118): 0.029936): 0.018684): 0.072232): 0.087478): 0.411570): 0.435271): 3.711023);

(P05793: 0.000004, (B7N269: 0.000004, B7LU79: 0.000004): 0.008181, (O25097: 1.042051, ((Q4HSQ3: 0.274637, ((B9KCI3: 0.144768, (Q4HHV7: 0.046113, (A8FL53: 0.011614, A7H4H9: 0.020534): 0.036078): 0.024937): 0.097519, (Q7M851: 0.240772, (D1B1C8: 0.122248, (A8ERD8: 0.128099, ((Q30T61: 0.105262, A6Q7E4: 0.107292): 0.049855, (B9LA88: 0.231675, A6Q461: 0.231007): 0.051810): 0.043482): 0.127603): 0.023973): 0.174062): 0.089126): 0.253378, (((Q0IC80: 0.032201, (Q05X31: 0.015684, ((Q3AVC2: 0.005969, Q060G4: 0.010911): 0.024621, (Q7U5Q1: 0.031829, Q3ALC5: 0.007325): 0.014022): 0.017647): 0.013974): 0.021361, ((A5GRI8: 0.042199, ((A4CWA1: 0.021950, A5GMM6: 0.017028): 0.007419, ((A2BSN6: 0.000004, (A8G6C6: 0.007909, ((Q7V0F0: 0.037539, A2BY22: 0.019570): 0.017221, (Q319H3: 0.012075, A3PEE9: 0.011913): 0.000004): 0.003964): 0.000004): 0.179285, ((A2C482: 0.000004, Q46JF6: 0.016554): 0.085957, (A9BBT2: 0.097758, Q7VAR8: 0.070496): 0.030269): 0.028655): 0.059209): 0.012854): 0.025111, ((A2CB87: 0.013119, Q7V8M5: 0.012620): 0.033365, (A3ZA73: 0.037842, A3Z0D5: 0.089416): 0.009542): 0.015454): 0.005750): 0.221867, ((Q31MY7: 0.000004, Q5N667: 0.004109): 0.091424, (B1XL20: 0.135806, (Q8DGR0: 0.147816, (P29107: 0.107468, ((Q2JXL2: 0.047022, Q2JKN5: 0.061264): 0.168962, (((B0JRP2: 0.088283, (B9YI18: 0.098804, (A0ZCX4: 0.047556, (B2J2U6: 0.037287, (Q8YUM5: 0.004034, Q3MGX7: 0.000004): 0.048468): 0.016021): 0.006362): 0.033908): 0.030754, ((Q10WP7: 0.133642, (A0YTA9: 0.059855, B5W6B2: 0.081364): 0.022012): 0.048344, ((B7KF23: 0.048156, B4B1W5: 0.049764): 0.027434, ((B7K0S6: 0.000004, C7QLT1: 0.004131): 0.068352, (Q4C623: 0.023365, (B1WNP1: 0.024879, A3IRL9: 0.026072): 0.015871): 0.047731): 0.027395): 0.020603): 0.032207): 0.022816, (B8HNI6: 0.122994, (B0CE35: 0.074943, Q7NH80: 0.387705): 0.037228): 0.046898): 0.015620): 0.026118): 0.029936): 0.018684): 0.072232): 0.087478): 0.411570): 0.435271): 3.711023);

Detailed output identifying parameters

alpha (gamma, K = 4) =  0.58917
rate:   0.05088  0.30620  0.87569  2.76723
freq:   0.25000  0.25000  0.25000  0.25000

Time used: 23:31
