AAML (in paml version 4.6, August 2012)  214.aa
Model: Empirical for branches,  Global clock  (../../../bin/LG.dat) dGamma (ncatG=4) ns =  65  ls =  70


Frequencies..
                                    A      R      N      D      C      Q      E      G      H      I      L      K      M      F      P      S      T      W      Y      V
A8ERE4                         0.05714 0.08571 0.05714 0.04286 0.00000 0.01429 0.07143 0.04286 0.01429 0.05714 0.07143 0.17143 0.07143 0.01429 0.02857 0.04286 0.05714 0.00000 0.05714 0.04286
B9KCI8                         0.08571 0.11429 0.00000 0.05714 0.00000 0.01429 0.07143 0.01429 0.04286 0.08571 0.07143 0.15714 0.02857 0.02857 0.02857 0.04286 0.05714 0.00000 0.05714 0.04286
Q4HSX9                         0.08571 0.11429 0.01429 0.04286 0.00000 0.01429 0.07143 0.01429 0.02857 0.07143 0.07143 0.15714 0.04286 0.02857 0.02857 0.04286 0.05714 0.00000 0.07143 0.04286
Q4HGL2                         0.08571 0.11429 0.00000 0.04286 0.00000 0.01429 0.08571 0.01429 0.02857 0.07143 0.05714 0.15714 0.04286 0.02857 0.02857 0.04286 0.05714 0.00000 0.07143 0.05714
Q7MQZ9                         0.05714 0.14286 0.01429 0.04286 0.00000 0.01429 0.08571 0.01429 0.02857 0.08571 0.05714 0.15714 0.04286 0.01429 0.02857 0.05714 0.02857 0.01429 0.07143 0.04286
A8FMC5                         0.08571 0.11429 0.00000 0.04286 0.00000 0.01429 0.08571 0.01429 0.02857 0.07143 0.05714 0.15714 0.04286 0.02857 0.02857 0.04286 0.05714 0.00000 0.07143 0.05714
A7H2T2                         0.08571 0.11429 0.00000 0.04286 0.00000 0.01429 0.08571 0.01429 0.02857 0.07143 0.05714 0.15714 0.04286 0.02857 0.02857 0.04286 0.05714 0.00000 0.07143 0.05714
P66459                         0.05714 0.12857 0.01429 0.05714 0.00000 0.01429 0.05714 0.01429 0.02857 0.08571 0.07143 0.17143 0.04286 0.01429 0.02857 0.05714 0.04286 0.01429 0.07143 0.02857
A6Q7C7                         0.04286 0.12857 0.04286 0.05714 0.02857 0.04286 0.04286 0.01429 0.01429 0.07143 0.07143 0.15714 0.02857 0.05714 0.02857 0.04286 0.04286 0.00000 0.04286 0.04286
A6Q466                         0.05714 0.14286 0.01429 0.04286 0.02857 0.02857 0.07143 0.01429 0.04286 0.08571 0.05714 0.15714 0.02857 0.02857 0.02857 0.02857 0.02857 0.00000 0.05714 0.05714
D1B1C2                         0.10000 0.12857 0.01429 0.04286 0.02857 0.02857 0.07143 0.01429 0.02857 0.08571 0.05714 0.14286 0.02857 0.01429 0.02857 0.02857 0.04286 0.00000 0.07143 0.04286
Q30PZ2                         0.10000 0.14286 0.02857 0.05714 0.02857 0.01429 0.02857 0.02857 0.01429 0.04286 0.05714 0.12857 0.04286 0.02857 0.02857 0.02857 0.07143 0.00000 0.07143 0.05714
B9L5W7                         0.04286 0.10000 0.00000 0.07143 0.02857 0.02857 0.02857 0.04286 0.02857 0.07143 0.07143 0.18571 0.04286 0.01429 0.02857 0.02857 0.04286 0.00000 0.08571 0.05714
Q10Y89                         0.02857 0.11429 0.02857 0.05714 0.00000 0.02857 0.04286 0.04286 0.00000 0.08571 0.10000 0.14286 0.01429 0.00000 0.07143 0.05714 0.05714 0.00000 0.07143 0.05714
B5W9J4                         0.04286 0.11429 0.02857 0.04286 0.01429 0.04286 0.04286 0.04286 0.00000 0.10000 0.10000 0.12857 0.02857 0.04286 0.07143 0.02857 0.07143 0.00000 0.02857 0.02857
B0JVN4                         0.05714 0.12857 0.01429 0.04286 0.00000 0.05714 0.05714 0.02857 0.00000 0.07143 0.12857 0.08571 0.01429 0.02857 0.07143 0.07143 0.07143 0.00000 0.04286 0.02857
B1WYB1                         0.08571 0.12857 0.01429 0.02857 0.00000 0.04286 0.04286 0.02857 0.00000 0.07143 0.12857 0.11429 0.00000 0.04286 0.08571 0.04286 0.07143 0.00000 0.04286 0.02857
C7QT25                         0.08571 0.12857 0.01429 0.04286 0.00000 0.05714 0.04286 0.02857 0.00000 0.05714 0.14286 0.10000 0.00000 0.04286 0.07143 0.04286 0.07143 0.00000 0.04286 0.02857
B7JW31                         0.08571 0.12857 0.01429 0.04286 0.00000 0.05714 0.04286 0.02857 0.00000 0.05714 0.14286 0.10000 0.00000 0.04286 0.07143 0.04286 0.07143 0.00000 0.04286 0.02857
A3IXH5                         0.10000 0.12857 0.01429 0.02857 0.00000 0.04286 0.04286 0.02857 0.00000 0.07143 0.12857 0.11429 0.00000 0.04286 0.08571 0.02857 0.07143 0.00000 0.04286 0.02857
B7MST2                         0.08571 0.17143 0.01429 0.04286 0.00000 0.05714 0.04286 0.04286 0.01429 0.08571 0.07143 0.07143 0.00000 0.02857 0.02857 0.04286 0.08571 0.00000 0.08571 0.02857
P0A7T7                         0.08571 0.17143 0.01429 0.04286 0.00000 0.05714 0.04286 0.04286 0.01429 0.08571 0.07143 0.07143 0.00000 0.02857 0.02857 0.04286 0.08571 0.00000 0.08571 0.02857
B7LLY4                         0.08571 0.17143 0.01429 0.04286 0.00000 0.05714 0.04286 0.04286 0.01429 0.08571 0.07143 0.07143 0.00000 0.02857 0.02857 0.04286 0.08571 0.00000 0.08571 0.02857
B1XPV2                         0.07143 0.14286 0.02857 0.04286 0.00000 0.04286 0.04286 0.04286 0.00000 0.10000 0.11429 0.08571 0.01429 0.02857 0.08571 0.02857 0.05714 0.00000 0.04286 0.02857
Q46KZ6                         0.05714 0.08571 0.01429 0.07143 0.00000 0.04286 0.02857 0.05714 0.00000 0.08571 0.14286 0.12857 0.00000 0.04286 0.08571 0.02857 0.07143 0.00000 0.01429 0.04286
A2C261                         0.05714 0.08571 0.01429 0.07143 0.00000 0.04286 0.02857 0.05714 0.00000 0.08571 0.14286 0.12857 0.00000 0.04286 0.08571 0.02857 0.07143 0.00000 0.01429 0.04286
Q7U6W1                         0.05714 0.10000 0.02857 0.07143 0.00000 0.02857 0.02857 0.05714 0.00000 0.07143 0.12857 0.12857 0.00000 0.05714 0.08571 0.02857 0.05714 0.00000 0.01429 0.05714
A4CUF4                         0.05714 0.10000 0.02857 0.07143 0.00000 0.02857 0.02857 0.05714 0.00000 0.07143 0.12857 0.12857 0.00000 0.05714 0.08571 0.02857 0.05714 0.00000 0.01429 0.05714
A5GLA3                         0.05714 0.10000 0.02857 0.07143 0.00000 0.02857 0.02857 0.05714 0.00000 0.07143 0.12857 0.12857 0.00000 0.05714 0.08571 0.02857 0.05714 0.00000 0.01429 0.05714
A3Z6P5                         0.05714 0.10000 0.02857 0.07143 0.00000 0.02857 0.02857 0.05714 0.00000 0.07143 0.12857 0.12857 0.00000 0.05714 0.08571 0.02857 0.05714 0.00000 0.01429 0.05714
Q3AVJ4                         0.05714 0.10000 0.02857 0.07143 0.00000 0.02857 0.02857 0.05714 0.00000 0.07143 0.12857 0.12857 0.00000 0.05714 0.08571 0.02857 0.05714 0.00000 0.01429 0.05714
Q3AJZ1                         0.05714 0.10000 0.02857 0.07143 0.00000 0.02857 0.02857 0.05714 0.00000 0.07143 0.12857 0.12857 0.00000 0.05714 0.08571 0.02857 0.05714 0.00000 0.01429 0.05714
Q0IAH8                         0.05714 0.10000 0.02857 0.07143 0.00000 0.02857 0.02857 0.05714 0.00000 0.07143 0.12857 0.12857 0.00000 0.05714 0.08571 0.02857 0.05714 0.00000 0.01429 0.05714
Q066Y4                         0.05714 0.10000 0.02857 0.07143 0.00000 0.02857 0.02857 0.05714 0.00000 0.07143 0.12857 0.12857 0.00000 0.05714 0.08571 0.02857 0.05714 0.00000 0.01429 0.05714
Q4BZP2                         0.08571 0.12857 0.02857 0.01429 0.00000 0.04286 0.04286 0.02857 0.00000 0.07143 0.12857 0.11429 0.00000 0.04286 0.08571 0.02857 0.08571 0.00000 0.04286 0.02857
Q7TUA0                         0.04286 0.08571 0.01429 0.05714 0.00000 0.04286 0.04286 0.05714 0.00000 0.08571 0.12857 0.12857 0.01429 0.04286 0.08571 0.04286 0.05714 0.00000 0.01429 0.05714
A2BWJ6                         0.04286 0.08571 0.01429 0.05714 0.00000 0.04286 0.04286 0.05714 0.00000 0.08571 0.12857 0.12857 0.01429 0.04286 0.08571 0.04286 0.05714 0.00000 0.01429 0.05714
Q31AV3                         0.04286 0.08571 0.01429 0.05714 0.00000 0.04286 0.04286 0.05714 0.00000 0.08571 0.12857 0.12857 0.01429 0.04286 0.08571 0.04286 0.05714 0.00000 0.01429 0.05714
A3PCY9                         0.04286 0.08571 0.01429 0.05714 0.00000 0.04286 0.04286 0.05714 0.00000 0.08571 0.12857 0.12857 0.01429 0.04286 0.08571 0.04286 0.05714 0.00000 0.01429 0.05714
A8G4V8                         0.04286 0.08571 0.01429 0.05714 0.00000 0.04286 0.04286 0.05714 0.00000 0.08571 0.12857 0.12857 0.01429 0.04286 0.08571 0.04286 0.05714 0.00000 0.01429 0.05714
A2BR66                         0.04286 0.08571 0.01429 0.05714 0.00000 0.04286 0.04286 0.05714 0.00000 0.08571 0.12857 0.12857 0.01429 0.04286 0.08571 0.04286 0.05714 0.00000 0.01429 0.05714
Q7TUZ8                         0.04286 0.10000 0.02857 0.08571 0.00000 0.02857 0.01429 0.05714 0.00000 0.08571 0.12857 0.12857 0.00000 0.05714 0.08571 0.04286 0.05714 0.00000 0.01429 0.04286
A2C9R4                         0.04286 0.10000 0.02857 0.08571 0.00000 0.02857 0.01429 0.05714 0.00000 0.08571 0.12857 0.12857 0.00000 0.05714 0.08571 0.04286 0.05714 0.00000 0.01429 0.04286
B0C2J3                         0.05714 0.18571 0.01429 0.07143 0.00000 0.04286 0.02857 0.05714 0.00000 0.10000 0.11429 0.05714 0.00000 0.02857 0.08571 0.01429 0.05714 0.00000 0.04286 0.04286
A9BAG4                         0.05714 0.08571 0.01429 0.05714 0.00000 0.04286 0.04286 0.05714 0.00000 0.08571 0.11429 0.12857 0.00000 0.04286 0.08571 0.02857 0.07143 0.00000 0.01429 0.07143
Q7VBX4                         0.05714 0.08571 0.01429 0.05714 0.00000 0.02857 0.04286 0.05714 0.00000 0.08571 0.12857 0.14286 0.00000 0.04286 0.08571 0.02857 0.08571 0.00000 0.01429 0.04286
Q8DH98                         0.08571 0.15714 0.01429 0.04286 0.00000 0.05714 0.02857 0.05714 0.00000 0.10000 0.12857 0.05714 0.01429 0.04286 0.08571 0.01429 0.04286 0.00000 0.02857 0.04286
Q05SV1                         0.05714 0.10000 0.02857 0.07143 0.00000 0.02857 0.02857 0.05714 0.00000 0.07143 0.11429 0.12857 0.01429 0.05714 0.08571 0.02857 0.05714 0.00000 0.01429 0.05714
A0YR62                         0.04286 0.11429 0.02857 0.04286 0.01429 0.05714 0.04286 0.04286 0.00000 0.10000 0.10000 0.11429 0.01429 0.04286 0.07143 0.02857 0.07143 0.00000 0.02857 0.04286
B4AVH0                         0.08571 0.12857 0.01429 0.04286 0.00000 0.05714 0.04286 0.02857 0.00000 0.11429 0.12857 0.08571 0.00000 0.02857 0.08571 0.04286 0.05714 0.00000 0.04286 0.01429
B8HWY5                         0.07143 0.15714 0.01429 0.04286 0.00000 0.05714 0.05714 0.04286 0.00000 0.10000 0.11429 0.08571 0.00000 0.04286 0.05714 0.02857 0.05714 0.00000 0.02857 0.04286
A3Z2C0                         0.05714 0.10000 0.02857 0.07143 0.00000 0.02857 0.02857 0.05714 0.00000 0.07143 0.12857 0.12857 0.00000 0.05714 0.08571 0.04286 0.04286 0.00000 0.01429 0.05714
P48946                         0.04286 0.12857 0.04286 0.04286 0.00000 0.04286 0.04286 0.02857 0.00000 0.07143 0.14286 0.10000 0.00000 0.02857 0.08571 0.02857 0.08571 0.00000 0.04286 0.04286
A5GTB9                         0.04286 0.11429 0.02857 0.07143 0.00000 0.02857 0.02857 0.05714 0.00000 0.05714 0.12857 0.11429 0.01429 0.05714 0.08571 0.04286 0.07143 0.00000 0.01429 0.04286
Q5N503                         0.07143 0.15714 0.01429 0.07143 0.00000 0.04286 0.02857 0.04286 0.00000 0.10000 0.14286 0.07143 0.00000 0.04286 0.07143 0.04286 0.04286 0.00000 0.02857 0.02857
Q31P66                         0.07143 0.15714 0.01429 0.07143 0.00000 0.04286 0.02857 0.04286 0.00000 0.10000 0.14286 0.07143 0.00000 0.04286 0.07143 0.04286 0.04286 0.00000 0.02857 0.02857
B9YQ19                         0.05714 0.14286 0.01429 0.04286 0.00000 0.04286 0.05714 0.05714 0.00000 0.11429 0.12857 0.07143 0.00000 0.02857 0.07143 0.04286 0.05714 0.00000 0.04286 0.02857
Q7NCC0                         0.05714 0.12857 0.01429 0.05714 0.00000 0.04286 0.04286 0.07143 0.00000 0.08571 0.12857 0.11429 0.00000 0.02857 0.07143 0.01429 0.05714 0.00000 0.02857 0.05714
A0ZC92                         0.07143 0.14286 0.01429 0.07143 0.01429 0.02857 0.02857 0.04286 0.00000 0.10000 0.12857 0.08571 0.00000 0.01429 0.07143 0.02857 0.05714 0.00000 0.05714 0.04286
B2J0D3                         0.04286 0.14286 0.01429 0.04286 0.00000 0.04286 0.05714 0.05714 0.00000 0.10000 0.12857 0.07143 0.00000 0.04286 0.07143 0.05714 0.05714 0.00000 0.02857 0.04286
Q3MDJ1                         0.05714 0.14286 0.01429 0.04286 0.00000 0.02857 0.05714 0.05714 0.00000 0.10000 0.14286 0.08571 0.00000 0.02857 0.07143 0.04286 0.05714 0.00000 0.04286 0.02857
Q8YNW0                         0.05714 0.14286 0.01429 0.04286 0.00000 0.02857 0.05714 0.05714 0.00000 0.10000 0.14286 0.08571 0.00000 0.02857 0.07143 0.04286 0.05714 0.00000 0.04286 0.02857
B7KBE2                         0.07143 0.11429 0.02857 0.02857 0.00000 0.05714 0.04286 0.02857 0.00000 0.11429 0.12857 0.10000 0.00000 0.02857 0.08571 0.04286 0.07143 0.00000 0.04286 0.01429
Q2JU22                         0.05714 0.11429 0.01429 0.01429 0.00000 0.05714 0.05714 0.07143 0.00000 0.08571 0.11429 0.12857 0.00000 0.02857 0.05714 0.02857 0.05714 0.00000 0.04286 0.07143
Q2JL28                         0.07143 0.14286 0.01429 0.01429 0.00000 0.02857 0.07143 0.07143 0.00000 0.08571 0.11429 0.10000 0.01429 0.02857 0.05714 0.01429 0.07143 0.00000 0.04286 0.05714

Homogeneity statistic: X2 = 11.42975 G = 10.10567 

Average                        0.06308 0.12000 0.01912 0.05319 0.00286 0.03670 0.04462 0.04396 0.00615 0.08264 0.11209 0.11846 0.01165 0.03780 0.06725 0.03670 0.06022 0.00044 0.03846 0.04462

# constant sites:      8 (11.43%)
ln Lmax (unconstrained) = -293.235784

AA distances (raw proportions of different sites)

A8ERE4         
B9KCI8           0.2429
Q4HSX9           0.2571  0.0714
Q4HGL2           0.2714  0.0571  0.0286
Q7MQZ9           0.2857  0.2571  0.2286  0.2143
A8FMC5           0.2714  0.0571  0.0286  0.0000  0.2143
A7H2T2           0.2714  0.0571  0.0286  0.0000  0.2143  0.0000
P66459           0.3143  0.2429  0.2286  0.2143  0.0714  0.2143  0.2143
A6Q7C7           0.3000  0.2714  0.2857  0.2857  0.2857  0.2857  0.2857  0.3000
A6Q466           0.3000  0.2857  0.3143  0.3143  0.2714  0.3143  0.3143  0.2857  0.2286
D1B1C2           0.3571  0.3000  0.2857  0.3000  0.3143  0.3000  0.3000  0.3571  0.2714  0.3143
Q30PZ2           0.4000  0.3857  0.4143  0.4143  0.3714  0.4143  0.4143  0.4143  0.2857  0.3143  0.3429
B9L5W7           0.3286  0.2857  0.3286  0.3286  0.3714  0.3286  0.3286  0.3429  0.2714  0.2857  0.3714  0.3571
Q10Y89           0.5286  0.5429  0.5714  0.5714  0.5429  0.5714  0.5714  0.5571  0.5571  0.5571  0.6429  0.5714  0.5143
B5W9J4           0.5714  0.6143  0.6286  0.6286  0.6429  0.6286  0.6286  0.6429  0.6286  0.5857  0.6429  0.7000  0.6143  0.2714
B0JVN4           0.5714  0.6000  0.6143  0.6143  0.5857  0.6143  0.6143  0.5857  0.6143  0.5857  0.6571  0.6286  0.6000  0.2286  0.2714
B1WYB1           0.5857  0.6000  0.6143  0.6143  0.6000  0.6143  0.6143  0.6000  0.6143  0.6000  0.6571  0.6286  0.6000  0.2571  0.2429  0.1143
C7QT25           0.5857  0.6000  0.6143  0.6143  0.6000  0.6143  0.6143  0.6000  0.6286  0.6143  0.6571  0.6286  0.6000  0.2571  0.2571  0.0857  0.0857
B7JW31           0.5857  0.6000  0.6143  0.6143  0.6000  0.6143  0.6143  0.6000  0.6286  0.6143  0.6571  0.6286  0.6000  0.2571  0.2571  0.0857  0.0857  0.0000
A3IXH5           0.5857  0.6000  0.6143  0.6143  0.6000  0.6143  0.6143  0.6000  0.6143  0.6000  0.6571  0.6286  0.6000  0.2571  0.2429  0.1143  0.0143  0.0857  0.0857
B7MST2           0.6000  0.5286  0.5143  0.5143  0.6000  0.5143  0.5143  0.5857  0.5714  0.5571  0.6143  0.6143  0.6000  0.5000  0.5143  0.5286  0.5000  0.5143  0.5143  0.5000
P0A7T7           0.6000  0.5286  0.5143  0.5143  0.6000  0.5143  0.5143  0.5857  0.5714  0.5571  0.6143  0.6143  0.6000  0.5000  0.5143  0.5286  0.5000  0.5143  0.5143  0.5000  0.0000
B7LLY4           0.6000  0.5286  0.5143  0.5143  0.6000  0.5143  0.5143  0.5857  0.5714  0.5571  0.6143  0.6143  0.6000  0.5000  0.5143  0.5286  0.5000  0.5143  0.5143  0.5000  0.0000  0.0000
B1XPV2           0.5571  0.5857  0.6000  0.6000  0.5286  0.6000  0.6000  0.5714  0.5714  0.5714  0.6000  0.5714  0.6143  0.2714  0.2857  0.2000  0.1714  0.1857  0.1857  0.1714  0.5143  0.5143  0.5143
Q46KZ6           0.5857  0.5857  0.6143  0.6143  0.6143  0.6143  0.6143  0.6286  0.5857  0.5857  0.6429  0.6286  0.5857  0.2857  0.2714  0.2571  0.2571  0.2571  0.2571  0.2571  0.5714  0.5714  0.5714  0.2857
A2C261           0.5857  0.5857  0.6143  0.6143  0.6143  0.6143  0.6143  0.6286  0.5857  0.5857  0.6429  0.6286  0.5857  0.2857  0.2714  0.2571  0.2571  0.2571  0.2571  0.2571  0.5714  0.5714  0.5714  0.2857  0.0000
Q7U6W1           0.5857  0.5714  0.6000  0.6000  0.5857  0.6000  0.6000  0.5714  0.5429  0.5571  0.6429  0.6000  0.5429  0.2429  0.2714  0.2286  0.2286  0.2286  0.2286  0.2286  0.5429  0.5429  0.5429  0.2714  0.1000  0.1000
A4CUF4           0.5857  0.5714  0.6000  0.6000  0.5857  0.6000  0.6000  0.5714  0.5429  0.5571  0.6429  0.6000  0.5429  0.2429  0.2714  0.2286  0.2286  0.2286  0.2286  0.2286  0.5429  0.5429  0.5429  0.2714  0.1000  0.1000  0.0000
A5GLA3           0.5857  0.5714  0.6000  0.6000  0.5857  0.6000  0.6000  0.5714  0.5429  0.5571  0.6429  0.6000  0.5429  0.2429  0.2714  0.2286  0.2286  0.2286  0.2286  0.2286  0.5429  0.5429  0.5429  0.2714  0.1000  0.1000  0.0000  0.0000
A3Z6P5           0.5857  0.5714  0.6000  0.6000  0.5857  0.6000  0.6000  0.5714  0.5429  0.5571  0.6429  0.6000  0.5429  0.2429  0.2714  0.2286  0.2286  0.2286  0.2286  0.2286  0.5429  0.5429  0.5429  0.2714  0.1000  0.1000  0.0000  0.0000  0.0000
Q3AVJ4           0.5857  0.5714  0.6000  0.6000  0.5857  0.6000  0.6000  0.5714  0.5429  0.5571  0.6429  0.6000  0.5429  0.2429  0.2714  0.2286  0.2286  0.2286  0.2286  0.2286  0.5429  0.5429  0.5429  0.2714  0.1000  0.1000  0.0000  0.0000  0.0000  0.0000
Q3AJZ1           0.5857  0.5714  0.6000  0.6000  0.5857  0.6000  0.6000  0.5714  0.5429  0.5571  0.6429  0.6000  0.5429  0.2429  0.2714  0.2286  0.2286  0.2286  0.2286  0.2286  0.5429  0.5429  0.5429  0.2714  0.1000  0.1000  0.0000  0.0000  0.0000  0.0000  0.0000
Q0IAH8           0.5857  0.5714  0.6000  0.6000  0.5857  0.6000  0.6000  0.5714  0.5429  0.5571  0.6429  0.6000  0.5429  0.2429  0.2714  0.2286  0.2286  0.2286  0.2286  0.2286  0.5429  0.5429  0.5429  0.2714  0.1000  0.1000  0.0000  0.0000  0.0000  0.0000  0.0000  0.0000
Q066Y4           0.5857  0.5714  0.6000  0.6000  0.5857  0.6000  0.6000  0.5714  0.5429  0.5571  0.6429  0.6000  0.5429  0.2429  0.2714  0.2286  0.2286  0.2286  0.2286  0.2286  0.5429  0.5429  0.5429  0.2714  0.1000  0.1000  0.0000  0.0000  0.0000  0.0000  0.0000  0.0000  0.0000
Q4BZP2           0.6000  0.6143  0.6286  0.6286  0.6143  0.6286  0.6286  0.6143  0.6286  0.6143  0.6714  0.6286  0.6000  0.2714  0.2571  0.1286  0.0286  0.1000  0.1000  0.0286  0.5143  0.5143  0.5143  0.1714  0.2571  0.2571  0.2429  0.2429  0.2429  0.2429  0.2429  0.2429  0.2429  0.2429
Q7TUA0           0.5857  0.5857  0.6000  0.6143  0.6000  0.6143  0.6143  0.6143  0.5714  0.5714  0.6429  0.6286  0.5714  0.2286  0.2429  0.2143  0.2429  0.2429  0.2429  0.2429  0.5714  0.5714  0.5714  0.2857  0.1143  0.1143  0.0857  0.0857  0.0857  0.0857  0.0857  0.0857  0.0857  0.0857  0.2571
A2BWJ6           0.5857  0.5857  0.6000  0.6143  0.6000  0.6143  0.6143  0.6143  0.5714  0.5714  0.6429  0.6286  0.5714  0.2286  0.2429  0.2143  0.2429  0.2429  0.2429  0.2429  0.5714  0.5714  0.5714  0.2857  0.1143  0.1143  0.0857  0.0857  0.0857  0.0857  0.0857  0.0857  0.0857  0.0857  0.2571  0.0000
Q31AV3           0.5857  0.5857  0.6000  0.6143  0.6000  0.6143  0.6143  0.6143  0.5714  0.5714  0.6429  0.6286  0.5714  0.2286  0.2429  0.2143  0.2429  0.2429  0.2429  0.2429  0.5714  0.5714  0.5714  0.2857  0.1143  0.1143  0.0857  0.0857  0.0857  0.0857  0.0857  0.0857  0.0857  0.0857  0.2571  0.0000  0.0000
A3PCY9           0.5857  0.5857  0.6000  0.6143  0.6000  0.6143  0.6143  0.6143  0.5714  0.5714  0.6429  0.6286  0.5714  0.2286  0.2429  0.2143  0.2429  0.2429  0.2429  0.2429  0.5714  0.5714  0.5714  0.2857  0.1143  0.1143  0.0857  0.0857  0.0857  0.0857  0.0857  0.0857  0.0857  0.0857  0.2571  0.0000  0.0000  0.0000
A8G4V8           0.5857  0.5857  0.6000  0.6143  0.6000  0.6143  0.6143  0.6143  0.5714  0.5714  0.6429  0.6286  0.5714  0.2286  0.2429  0.2143  0.2429  0.2429  0.2429  0.2429  0.5714  0.5714  0.5714  0.2857  0.1143  0.1143  0.0857  0.0857  0.0857  0.0857  0.0857  0.0857  0.0857  0.0857  0.2571  0.0000  0.0000  0.0000  0.0000
A2BR66           0.5857  0.5857  0.6000  0.6143  0.6000  0.6143  0.6143  0.6143  0.5714  0.5714  0.6429  0.6286  0.5714  0.2286  0.2429  0.2143  0.2429  0.2429  0.2429  0.2429  0.5714  0.5714  0.5714  0.2857  0.1143  0.1143  0.0857  0.0857  0.0857  0.0857  0.0857  0.0857  0.0857  0.0857  0.2571  0.0000  0.0000  0.0000  0.0000  0.0000
Q7TUZ8           0.6000  0.6000  0.6286  0.6286  0.6000  0.6286  0.6286  0.5857  0.5571  0.5714  0.6571  0.6143  0.5714  0.2571  0.2857  0.2286  0.2571  0.2571  0.2571  0.2571  0.5714  0.5714  0.5714  0.3000  0.0857  0.0857  0.0429  0.0429  0.0429  0.0429  0.0429  0.0429  0.0429  0.0429  0.2714  0.1000  0.1000  0.1000  0.1000  0.1000  0.1000
A2C9R4           0.6000  0.6000  0.6286  0.6286  0.6000  0.6286  0.6286  0.5857  0.5571  0.5714  0.6571  0.6143  0.5714  0.2571  0.2857  0.2286  0.2571  0.2571  0.2571  0.2571  0.5714  0.5714  0.5714  0.3000  0.0857  0.0857  0.0429  0.0429  0.0429  0.0429  0.0429  0.0429  0.0429  0.0429  0.2714  0.1000  0.1000  0.1000  0.1000  0.1000  0.1000  0.0000
B0C2J3           0.6000  0.5714  0.6000  0.6000  0.5714  0.6000  0.6000  0.5857  0.5714  0.6143  0.6143  0.5857  0.6000  0.2571  0.2857  0.2714  0.2571  0.2571  0.2571  0.2571  0.4857  0.4857  0.4857  0.2000  0.2857  0.2857  0.2429  0.2429  0.2429  0.2429  0.2429  0.2429  0.2429  0.2429  0.2714  0.2857  0.2857  0.2857  0.2857  0.2857  0.2857  0.2714  0.2714
A9BAG4           0.5714  0.6000  0.6143  0.6000  0.5714  0.6000  0.6000  0.6000  0.5429  0.5857  0.6286  0.6143  0.5857  0.2857  0.2857  0.2571  0.2571  0.2571  0.2571  0.2571  0.5571  0.5571  0.5571  0.2857  0.0857  0.0857  0.1000  0.1000  0.1000  0.1000  0.1000  0.1000  0.1000  0.1000  0.2714  0.1143  0.1143  0.1143  0.1143  0.1143  0.1143  0.1143  0.1143  0.2857
Q7VBX4           0.5714  0.5857  0.6000  0.6000  0.5857  0.6000  0.6000  0.6000  0.5571  0.5714  0.6286  0.6000  0.5714  0.2714  0.2714  0.2429  0.2429  0.2429  0.2429  0.2429  0.5429  0.5429  0.5429  0.2714  0.0429  0.0429  0.0857  0.0857  0.0857  0.0857  0.0857  0.0857  0.0857  0.0857  0.2429  0.1000  0.1000  0.1000  0.1000  0.1000  0.1000  0.1000  0.1000  0.2857  0.0429
Q8DH98           0.6000  0.5857  0.6000  0.5857  0.5714  0.5857  0.5857  0.5571  0.6143  0.6143  0.6286  0.6000  0.6143  0.3286  0.3286  0.2714  0.2571  0.2857  0.2857  0.2571  0.4857  0.4857  0.4857  0.2286  0.3000  0.3000  0.2429  0.2429  0.2429  0.2429  0.2429  0.2429  0.2429  0.2429  0.2714  0.3000  0.3000  0.3000  0.3000  0.3000  0.3000  0.2714  0.2714  0.2143  0.3000  0.3000
Q05SV1           0.6000  0.5857  0.6143  0.6143  0.6000  0.6143  0.6143  0.5857  0.5571  0.5714  0.6429  0.6143  0.5571  0.2571  0.2571  0.2429  0.2429  0.2429  0.2429  0.2429  0.5571  0.5571  0.5571  0.2857  0.1143  0.1143  0.0143  0.0143  0.0143  0.0143  0.0143  0.0143  0.0143  0.0143  0.2571  0.1000  0.1000  0.1000  0.1000  0.1000  0.1000  0.0571  0.0571  0.2571  0.1143  0.1000  0.2571
A0YR62           0.6143  0.6429  0.6571  0.6571  0.6714  0.6571  0.6571  0.6714  0.6571  0.6143  0.6429  0.7000  0.6429  0.3000  0.0429  0.2714  0.2429  0.2571  0.2571  0.2429  0.5429  0.5429  0.5429  0.2857  0.3000  0.3000  0.3000  0.3000  0.3000  0.3000  0.3000  0.3000  0.3000  0.3000  0.2571  0.2714  0.2714  0.2714  0.2714  0.2714  0.2714  0.3143  0.3143  0.2571  0.3143  0.3000  0.3286  0.2857
B4AVH0           0.5857  0.6143  0.6286  0.6286  0.5857  0.6286  0.6286  0.6000  0.6000  0.5857  0.6429  0.6286  0.6286  0.2571  0.2714  0.1143  0.1143  0.1286  0.1286  0.1000  0.5143  0.5143  0.5143  0.1429  0.2571  0.2571  0.2429  0.2429  0.2429  0.2429  0.2429  0.2429  0.2429  0.2429  0.1286  0.2571  0.2571  0.2571  0.2571  0.2571  0.2571  0.2571  0.2571  0.2429  0.2286  0.2429  0.2714  0.2571  0.2714
B8HWY5           0.6286  0.6000  0.6000  0.6000  0.6000  0.6000  0.6000  0.6000  0.6286  0.6286  0.6286  0.6286  0.6286  0.2857  0.3000  0.2857  0.2429  0.2714  0.2714  0.2429  0.5143  0.5143  0.5143  0.2429  0.3000  0.3000  0.2429  0.2429  0.2429  0.2429  0.2429  0.2429  0.2429  0.2429  0.2571  0.3000  0.3000  0.3000  0.3000  0.3000  0.3000  0.2714  0.2714  0.1857  0.3143  0.3000  0.1857  0.2571  0.3000  0.2571
A3Z2C0           0.6000  0.5857  0.6143  0.6143  0.6000  0.6143  0.6143  0.5857  0.5571  0.5714  0.6571  0.6143  0.5571  0.2571  0.2857  0.2429  0.2429  0.2429  0.2429  0.2429  0.5571  0.5571  0.5571  0.2857  0.1143  0.1143  0.0143  0.0143  0.0143  0.0143  0.0143  0.0143  0.0143  0.0143  0.2571  0.1000  0.1000  0.1000  0.1000  0.1000  0.1000  0.0571  0.0571  0.2571  0.1143  0.1000  0.2571  0.0286  0.3143  0.2571  0.2571
P48946           0.6000  0.6000  0.6143  0.6143  0.6143  0.6143  0.6143  0.6143  0.6286  0.6143  0.6714  0.6286  0.6000  0.2286  0.3000  0.1429  0.1286  0.1571  0.1571  0.1286  0.5286  0.5286  0.5286  0.1857  0.2714  0.2714  0.2429  0.2429  0.2429  0.2429  0.2429  0.2429  0.2429  0.2429  0.1286  0.2571  0.2571  0.2571  0.2571  0.2571  0.2571  0.2857  0.2857  0.2857  0.2857  0.2571  0.2857  0.2571  0.3000  0.1429  0.2857  0.2571
A5GTB9           0.6143  0.6143  0.6429  0.6429  0.6286  0.6429  0.6429  0.6286  0.5714  0.6143  0.6714  0.6286  0.6000  0.2714  0.3143  0.2571  0.2571  0.2286  0.2286  0.2571  0.5857  0.5857  0.5857  0.3000  0.1714  0.1714  0.0714  0.0714  0.0714  0.0714  0.0714  0.0714  0.0714  0.0714  0.2714  0.1286  0.1286  0.1286  0.1286  0.1286  0.1286  0.1143  0.1143  0.2714  0.1571  0.1571  0.3000  0.0857  0.3429  0.2714  0.2714  0.0857  0.2714
Q5N503           0.6143  0.6000  0.6286  0.6143  0.5857  0.6143  0.6143  0.6000  0.5714  0.6143  0.6000  0.5857  0.6286  0.2857  0.2429  0.2143  0.2286  0.2000  0.2000  0.2286  0.4714  0.4714  0.4714  0.1714  0.2286  0.2286  0.1857  0.1857  0.1857  0.1857  0.1857  0.1857  0.1857  0.1857  0.2429  0.2286  0.2286  0.2286  0.2286  0.2286  0.2286  0.2143  0.2143  0.1571  0.2143  0.2286  0.1857  0.2000  0.2429  0.2143  0.2286  0.2000  0.2714  0.2143
Q31P66           0.6143  0.6000  0.6286  0.6143  0.5857  0.6143  0.6143  0.6000  0.5714  0.6143  0.6000  0.5857  0.6286  0.2857  0.2429  0.2143  0.2286  0.2000  0.2000  0.2286  0.4714  0.4714  0.4714  0.1714  0.2286  0.2286  0.1857  0.1857  0.1857  0.1857  0.1857  0.1857  0.1857  0.1857  0.2429  0.2286  0.2286  0.2286  0.2286  0.2286  0.2286  0.2143  0.2143  0.1571  0.2143  0.2286  0.1857  0.2000  0.2429  0.2143  0.2286  0.2000  0.2714  0.2143  0.0000
B9YQ19           0.6000  0.5714  0.5571  0.5714  0.5714  0.5714  0.5714  0.5857  0.6000  0.6143  0.5857  0.6143  0.6000  0.2429  0.2714  0.2143  0.2286  0.2429  0.2429  0.2286  0.5286  0.5286  0.5286  0.2143  0.2571  0.2571  0.2000  0.2000  0.2000  0.2000  0.2000  0.2000  0.2000  0.2000  0.2429  0.2000  0.2000  0.2000  0.2000  0.2000  0.2000  0.2143  0.2143  0.1714  0.2429  0.2571  0.2143  0.2143  0.2714  0.2000  0.2000  0.2143  0.2571  0.2429  0.1571  0.1571
Q7NCC0           0.5857  0.6143  0.6429  0.6286  0.6000  0.6286  0.6286  0.5857  0.5857  0.6143  0.6571  0.6143  0.5714  0.2571  0.2571  0.2286  0.2143  0.2286  0.2286  0.2143  0.5286  0.5286  0.5286  0.2286  0.2857  0.2857  0.2286  0.2286  0.2286  0.2286  0.2286  0.2286  0.2286  0.2286  0.2286  0.2714  0.2714  0.2714  0.2714  0.2714  0.2714  0.2571  0.2571  0.2143  0.2714  0.2714  0.2571  0.2429  0.2571  0.2429  0.2571  0.2429  0.2429  0.2857  0.1857  0.1857  0.2571
A0ZC92           0.6000  0.5571  0.5714  0.5857  0.6000  0.5857  0.5857  0.5857  0.6000  0.6143  0.6143  0.6000  0.5571  0.1857  0.2429  0.1857  0.2000  0.2000  0.2000  0.2000  0.5000  0.5000  0.5000  0.2429  0.2286  0.2286  0.1714  0.1714  0.1714  0.1714  0.1714  0.1714  0.1714  0.1714  0.2143  0.1857  0.1857  0.1857  0.1857  0.1857  0.1857  0.2000  0.2000  0.1857  0.2429  0.2286  0.2286  0.1857  0.2429  0.2143  0.2429  0.1857  0.2286  0.2286  0.1571  0.1571  0.1000  0.2286
B2J0D3           0.6286  0.6000  0.5857  0.6000  0.6000  0.6000  0.6000  0.6143  0.6000  0.6143  0.5857  0.6429  0.6286  0.2857  0.2714  0.2571  0.2714  0.2857  0.2857  0.2714  0.5429  0.5429  0.5429  0.2571  0.2714  0.2714  0.2143  0.2143  0.2143  0.2143  0.2143  0.2143  0.2143  0.2143  0.2857  0.2143  0.2143  0.2143  0.2143  0.2143  0.2143  0.2286  0.2286  0.2143  0.2571  0.2714  0.2571  0.2286  0.2571  0.2429  0.2429  0.2286  0.2714  0.2571  0.1714  0.1714  0.0429  0.2857  0.1429
Q3MDJ1           0.6143  0.5714  0.5571  0.5714  0.5857  0.5714  0.5714  0.5857  0.6143  0.6143  0.6000  0.6286  0.6000  0.2429  0.2857  0.2143  0.2143  0.2286  0.2286  0.2143  0.5143  0.5143  0.5143  0.2143  0.2571  0.2571  0.2000  0.2000  0.2000  0.2000  0.2000  0.2000  0.2000  0.2000  0.2286  0.2286  0.2286  0.2286  0.2286  0.2286  0.2286  0.2429  0.2429  0.1714  0.2714  0.2571  0.2143  0.2143  0.2857  0.2000  0.2000  0.2143  0.2000  0.2571  0.1714  0.1714  0.0571  0.2286  0.1143  0.0714
Q8YNW0           0.6143  0.5714  0.5571  0.5714  0.5857  0.5714  0.5714  0.5857  0.6143  0.6143  0.6000  0.6286  0.6000  0.2429  0.2857  0.2143  0.2143  0.2286  0.2286  0.2143  0.5143  0.5143  0.5143  0.2143  0.2571  0.2571  0.2000  0.2000  0.2000  0.2000  0.2000  0.2000  0.2000  0.2000  0.2286  0.2286  0.2286  0.2286  0.2286  0.2286  0.2286  0.2429  0.2429  0.1714  0.2714  0.2571  0.2143  0.2143  0.2857  0.2000  0.2000  0.2143  0.2000  0.2571  0.1714  0.1714  0.0571  0.2286  0.1143  0.0714  0.0000
B7KBE2           0.6143  0.6286  0.6429  0.6429  0.6143  0.6429  0.6429  0.6143  0.6286  0.6000  0.6714  0.6429  0.6286  0.2857  0.2571  0.1429  0.1143  0.1286  0.1286  0.1143  0.5143  0.5143  0.5143  0.1429  0.2571  0.2571  0.2429  0.2429  0.2429  0.2429  0.2429  0.2429  0.2429  0.2429  0.0857  0.2571  0.2571  0.2571  0.2571  0.2571  0.2571  0.2714  0.2714  0.2286  0.2714  0.2429  0.2714  0.2571  0.2286  0.0857  0.2429  0.2571  0.1571  0.2857  0.2143  0.2143  0.2286  0.2571  0.2143  0.2714  0.2286  0.2286
Q2JU22           0.6429  0.6429  0.6429  0.6429  0.6286  0.6429  0.6429  0.6571  0.6714  0.6429  0.6857  0.7143  0.6429  0.3143  0.2857  0.3429  0.3000  0.3143  0.3143  0.3000  0.5429  0.5429  0.5429  0.2714  0.3143  0.3143  0.3000  0.3000  0.3000  0.3000  0.3000  0.3000  0.3000  0.3000  0.3000  0.3143  0.3143  0.3143  0.3143  0.3143  0.3143  0.3286  0.3286  0.2857  0.3286  0.3143  0.3143  0.3143  0.2714  0.3429  0.3000  0.3143  0.3429  0.3571  0.2714  0.2714  0.2714  0.3429  0.2857  0.2714  0.2714  0.2714  0.2857
Q2JL28           0.6429  0.6429  0.6429  0.6429  0.6143  0.6429  0.6429  0.6429  0.6571  0.6429  0.6857  0.7000  0.6429  0.2857  0.2714  0.2857  0.2714  0.3000  0.3000  0.2571  0.5429  0.5429  0.5429  0.2857  0.2714  0.2714  0.2571  0.2571  0.2571  0.2571  0.2571  0.2571  0.2571  0.2571  0.2714  0.2714  0.2714  0.2714  0.2714  0.2714  0.2714  0.2857  0.2857  0.2857  0.2857  0.2714  0.2857  0.2714  0.2857  0.2857  0.2857  0.2714  0.3000  0.3143  0.2571  0.2571  0.2143  0.3143  0.2429  0.2143  0.2143  0.2143  0.2857  0.1000


TREE #  1:  (4, ((6, (3, 7)), (2, (1, ((5, 8), (11, (10, (13, (9, 12)))))))), ((23, (22, 21)), (14, ((64, 65), ((15, 49), ((44, (47, 51)), (((55, 56), (58, (24, (((53, (35, (17, 20))), (16, (18, 19))), (50, 63))))), (((61, 62), (60, 57)), (59, ((54, ((37, (41, (40, (39, (38, 36))))), ((25, 26), (45, 46)))), ((28, (42, 43)), ((30, 27), (33, ((31, (29, 52)), (34, (32, 48))))))))))))))));   MP score: 351
lnL(ntime: 63  np: 64):  -2076.063152      +0.000000
  66..4    66..67   67..68   68..6    68..69   69..3    69..7    67..70   70..2    70..71   71..1    71..72   72..73   73..5    73..8    72..74   74..11   74..75   75..10   75..76   76..13   76..77   77..9    77..12   66..78   78..79   79..23   79..80   80..22   80..21   78..81   81..14   81..82   82..83   83..64   83..65   82..84   84..85   85..15   85..49   84..86   86..87   87..44   87..88   88..47   88..51   86..89   89..90   90..91   91..55   91..56   90..92   92..58   92..93   93..24   93..94   94..95   95..96   96..53   96..97   97..35   97..98   98..17   98..20   95..99   99..16   99..100 100..18  100..19   94..101 101..50  101..63   89..102 102..103 103..104 104..61  104..62  103..105 105..60  105..57  102..106 106..59  106..107 107..108 108..54  108..109 109..110 110..37  110..111 111..41  111..112 112..40  112..113 113..39  113..114 114..38  114..36  109..115 115..116 116..25  116..26  115..117 117..45  117..46  107..118 118..119 119..28  119..120 120..42  120..43  118..121 121..122 122..30  122..27  121..123 123..33  123..124 124..125 125..31  125..126 126..29  126..52  124..127 127..34  127..128 128..32  128..48 
 0.663219 0.331620 0.013938 0.013938 0.331620 0.281852 0.277234 0.052254 0.249996 0.235913 0.202931 0.161059 0.461111 0.000000 0.000000 0.249016 0.227133 0.056374 0.227133 0.026121 0.208081 0.166247 0.118349 0.190886 0.176352 0.000000 0.148978 0.115995 0.090310 0.079812 0.079812 0.021478 0.009970 0.046207 0.000000 0.059633 0.153021 0.049880 0.000000 0.022904 0.153021 0.072115 0.072115 0.051347 0.000000 0.000000 0.000000 0.000000 0.000000 0.029216 0.000000 0.018879 0.022795 0.022795 0.000000 0.004931 0.000000 0.004931 0.004931 0.004931 0.004931 0.004931 0.004931 1.072495

tree length =   7.60361

(4: 0.663219, ((6: 0.013938, (3: 0.013938, 7: 0.013938): 0.000000): 0.317682, (2: 0.331620, (1: 0.281852, ((5: 0.052254, 8: 0.052254): 0.224980, (11: 0.249996, (10: 0.235913, (13: 0.202931, (9: 0.161059, 12: 0.161059): 0.041872): 0.032982): 0.014082): 0.027238): 0.004618): 0.049767): 0.000000): 0.331599, ((23: 0.000000, (22: 0.000000, 21: 0.000000): 0.000000): 0.461110, (14: 0.249016, ((64: 0.056374, 65: 0.056374): 0.170759, ((15: 0.026121, 49: 0.026121): 0.201012, ((44: 0.166247, (47: 0.118349, 51: 0.118349): 0.047898): 0.041834, (((55: 0.000000, 56: 0.000000): 0.176351, (58: 0.148978, (24: 0.115995, (((53: 0.079812, (35: 0.021478, (17: 0.009970, 20: 0.009970): 0.011508): 0.058334): 0.000000, (16: 0.046207, (18: 0.000000, 19: 0.000000): 0.046207): 0.033605): 0.010498, (50: 0.059633, 63: 0.059633): 0.030676): 0.025685): 0.032983): 0.027374): 0.014535, (((61: 0.000000, 62: 0.000000): 0.049880, (60: 0.022904, 57: 0.022904): 0.026976): 0.103141, (59: 0.153021, ((54: 0.072115, ((37: 0.000000, (41: 0.000000, (40: 0.000000, (39: 0.000000, (38: 0.000000, 36: 0.000000): 0.000000): 0.000000): 0.000000): 0.000000): 0.051347, ((25: 0.000000, 26: 0.000000): 0.029216, (45: 0.018879, 46: 0.018879): 0.010337): 0.022131): 0.020768): 0.000000, ((28: 0.022795, (42: 0.000000, 43: 0.000000): 0.022795): 0.000000, ((30: 0.000000, 27: 0.000000): 0.004931, (33: 0.004931, ((31: 0.004931, (29: 0.004931, 52: 0.004931): 0.000000): 0.000000, (34: 0.004931, (32: 0.004931, 48: 0.004931): 0.000000): 0.000000): 0.000000): 0.000000): 0.017865): 0.049320): 0.080906): 0.000000): 0.037865): 0.017195): 0.019052): 0.000000): 0.021882): 0.212095): 0.202108);

(Q4HGL2: 0.663219, ((A8FMC5: 0.013938, (Q4HSX9: 0.013938, A7H2T2: 0.013938): 0.000000): 0.317682, (B9KCI8: 0.331620, (A8ERE4: 0.281852, ((Q7MQZ9: 0.052254, P66459: 0.052254): 0.224980, (D1B1C2: 0.249996, (A6Q466: 0.235913, (B9L5W7: 0.202931, (A6Q7C7: 0.161059, Q30PZ2: 0.161059): 0.041872): 0.032982): 0.014082): 0.027238): 0.004618): 0.049767): 0.000000): 0.331599, ((B7LLY4: 0.000000, (P0A7T7: 0.000000, B7MST2: 0.000000): 0.000000): 0.461110, (Q10Y89: 0.249016, ((Q2JU22: 0.056374, Q2JL28: 0.056374): 0.170759, ((B5W9J4: 0.026121, A0YR62: 0.026121): 0.201012, ((B0C2J3: 0.166247, (Q8DH98: 0.118349, B8HWY5: 0.118349): 0.047898): 0.041834, (((Q5N503: 0.000000, Q31P66: 0.000000): 0.176351, (Q7NCC0: 0.148978, (B1XPV2: 0.115995, (((P48946: 0.079812, (Q4BZP2: 0.021478, (B1WYB1: 0.009970, A3IXH5: 0.009970): 0.011508): 0.058334): 0.000000, (B0JVN4: 0.046207, (C7QT25: 0.000000, B7JW31: 0.000000): 0.046207): 0.033605): 0.010498, (B4AVH0: 0.059633, B7KBE2: 0.059633): 0.030676): 0.025685): 0.032983): 0.027374): 0.014535, (((Q3MDJ1: 0.000000, Q8YNW0: 0.000000): 0.049880, (B2J0D3: 0.022904, B9YQ19: 0.022904): 0.026976): 0.103141, (A0ZC92: 0.153021, ((A5GTB9: 0.072115, ((A2BWJ6: 0.000000, (A2BR66: 0.000000, (A8G4V8: 0.000000, (A3PCY9: 0.000000, (Q31AV3: 0.000000, Q7TUA0: 0.000000): 0.000000): 0.000000): 0.000000): 0.000000): 0.051347, ((Q46KZ6: 0.000000, A2C261: 0.000000): 0.029216, (A9BAG4: 0.018879, Q7VBX4: 0.018879): 0.010337): 0.022131): 0.020768): 0.000000, ((A4CUF4: 0.022795, (Q7TUZ8: 0.000000, A2C9R4: 0.000000): 0.022795): 0.000000, ((A3Z6P5: 0.000000, Q7U6W1: 0.000000): 0.004931, (Q0IAH8: 0.004931, ((Q3AVJ4: 0.004931, (A5GLA3: 0.004931, A3Z2C0: 0.004931): 0.000000): 0.000000, (Q066Y4: 0.004931, (Q3AJZ1: 0.004931, Q05SV1: 0.004931): 0.000000): 0.000000): 0.000000): 0.000000): 0.017865): 0.049320): 0.080906): 0.000000): 0.037865): 0.017195): 0.019052): 0.000000): 0.021882): 0.212095): 0.202108);

(4_Q4HGL2, ((6_A8FMC5, (3_Q4HSX9, 7_A7H2T2) 69 ) 68 , (2_B9KCI8, (1_A8ERE4, ((5_Q7MQZ9, 8_P66459) 73 , (11_D1B1C2, (10_A6Q466, (13_B9L5W7, (9_A6Q7C7, 12_Q30PZ2) 77 ) 76 ) 75 ) 74 ) 72 ) 71 ) 70 ) 67 , ((23_B7LLY4, (22_P0A7T7, 21_B7MST2) 80 ) 79 , (14_Q10Y89, ((64_Q2JU22, 65_Q2JL28) 83 , ((15_B5W9J4, 49_A0YR62) 85 , ((44_B0C2J3, (47_Q8DH98, 51_B8HWY5) 88 ) 87 , (((55_Q5N503, 56_Q31P66) 91 , (58_Q7NCC0, (24_B1XPV2, (((53_P48946, (35_Q4BZP2, (17_B1WYB1, 20_A3IXH5) 98 ) 97 ) 96 , (16_B0JVN4, (18_C7QT25, 19_B7JW31) 100 ) 99 ) 95 , (50_B4AVH0, 63_B7KBE2) 101 ) 94 ) 93 ) 92 ) 90 , (((61_Q3MDJ1, 62_Q8YNW0) 104 , (60_B2J0D3, 57_B9YQ19) 105 ) 103 , (59_A0ZC92, ((54_A5GTB9, ((37_A2BWJ6, (41_A2BR66, (40_A8G4V8, (39_A3PCY9, (38_Q31AV3, 36_Q7TUA0) 114 ) 113 ) 112 ) 111 ) 110 , ((25_Q46KZ6, 26_A2C261) 116 , (45_A9BAG4, 46_Q7VBX4) 117 ) 115 ) 109 ) 108 , ((28_A4CUF4, (42_Q7TUZ8, 43_A2C9R4) 120 ) 119 , ((30_A3Z6P5, 27_Q7U6W1) 122 , (33_Q0IAH8, ((31_Q3AVJ4, (29_A5GLA3, 52_A3Z2C0) 126 ) 125 , (34_Q066Y4, (32_Q3AJZ1, 48_Q05SV1) 128 ) 127 ) 124 ) 123 ) 121 ) 118 ) 107 ) 106 ) 102 ) 89 ) 86 ) 84 ) 82 ) 81 ) 78 ) 66 ;

Detailed output identifying parameters

alpha (gamma, K = 4) =  1.07250
rate:   0.15119  0.49751  1.01105  2.34026
freq:   0.25000  0.25000  0.25000  0.25000

Time used:  1:48
