AAML (in paml version 4.6, August 2012)  256.aa
Model: Empirical for branches,  Global clock  (../../../bin/LG.dat) dGamma (ncatG=4) ns =  65  ls = 190


Frequencies..
                                    A      R      N      D      C      Q      E      G      H      I      L      K      M      F      P      S      T      W      Y      V
A8ESD3                         0.13684 0.02632 0.02105 0.03684 0.01053 0.02105 0.05263 0.07368 0.02632 0.08947 0.10000 0.05789 0.02632 0.03684 0.02632 0.09474 0.07368 0.00526 0.01053 0.07368
A6QB49                         0.15263 0.03684 0.02105 0.05263 0.01053 0.02105 0.06842 0.10526 0.01053 0.03684 0.12632 0.07895 0.03158 0.01579 0.02632 0.05263 0.05263 0.00526 0.02105 0.07368
Q30SG1                         0.15263 0.04211 0.01579 0.03684 0.01053 0.02632 0.06842 0.10526 0.01579 0.04737 0.11579 0.05789 0.04211 0.01579 0.03158 0.05263 0.06316 0.00526 0.02105 0.07368
A6Q4P9                         0.15263 0.02105 0.02105 0.04211 0.00526 0.03684 0.06316 0.08421 0.01053 0.11053 0.08947 0.07895 0.02105 0.02105 0.04211 0.05789 0.04737 0.00526 0.02632 0.06316
B9L9C9                         0.13158 0.02632 0.02105 0.06316 0.00526 0.00526 0.06842 0.07895 0.00000 0.12632 0.08421 0.09474 0.03158 0.02632 0.02105 0.06842 0.05263 0.00526 0.04737 0.04211
Q7M801                         0.15263 0.04211 0.00526 0.03684 0.01579 0.01053 0.08947 0.08421 0.01579 0.05263 0.16316 0.04211 0.02105 0.02632 0.04737 0.09474 0.04211 0.00526 0.02105 0.03158
D1B3R8                         0.14737 0.02105 0.01053 0.03158 0.01053 0.01053 0.07368 0.08947 0.01579 0.07895 0.09474 0.07368 0.03684 0.02632 0.02632 0.08421 0.04211 0.01053 0.03158 0.08421
A7H2S8                         0.12105 0.02105 0.06316 0.02105 0.01053 0.03158 0.06842 0.05789 0.01053 0.10526 0.11579 0.08421 0.02632 0.04211 0.03158 0.07895 0.04737 0.00000 0.03158 0.03158
Q4HGL6                         0.15263 0.01579 0.07368 0.02105 0.01053 0.02105 0.06842 0.04737 0.00526 0.08947 0.11579 0.10000 0.01579 0.04211 0.03158 0.05789 0.05263 0.00000 0.03684 0.04211
A8FMC9                         0.12632 0.02105 0.06842 0.01579 0.01053 0.03158 0.06842 0.05789 0.00526 0.12105 0.11053 0.08421 0.01579 0.04211 0.03158 0.07895 0.04211 0.00000 0.03684 0.03158
Q4HSX5                         0.12632 0.03158 0.04737 0.01053 0.01579 0.02632 0.08421 0.04737 0.00526 0.08421 0.13158 0.07895 0.02632 0.04211 0.03684 0.08947 0.03684 0.00000 0.03158 0.04737
B9KCJ3                         0.14737 0.02632 0.06842 0.02632 0.01579 0.01579 0.07895 0.04737 0.01053 0.07368 0.11053 0.07895 0.02105 0.06842 0.02632 0.06842 0.03684 0.00526 0.02632 0.04737
P74572                         0.17368 0.04211 0.03684 0.03158 0.00000 0.03684 0.03684 0.07895 0.01053 0.07368 0.10000 0.05263 0.02632 0.01579 0.05789 0.05263 0.04737 0.00000 0.01053 0.11579
Q8YZH2                         0.15263 0.02105 0.01579 0.03158 0.00526 0.06842 0.04737 0.08947 0.01579 0.04737 0.10526 0.02632 0.01579 0.02632 0.05263 0.08947 0.06842 0.00526 0.00526 0.11053
B1WT41                         0.12105 0.02632 0.03684 0.02632 0.00000 0.03158 0.05789 0.10000 0.00526 0.05789 0.11579 0.04211 0.02632 0.02632 0.06316 0.05263 0.10526 0.00000 0.01053 0.09474
Q2JKS6                         0.14211 0.03158 0.00526 0.02105 0.00000 0.07895 0.05789 0.10000 0.00526 0.05789 0.12105 0.02632 0.02105 0.02105 0.06842 0.04737 0.06842 0.00000 0.01579 0.11053
Q3M924                         0.15789 0.02105 0.01579 0.03158 0.00526 0.06842 0.04737 0.08947 0.01579 0.04737 0.10526 0.02632 0.01579 0.02632 0.05263 0.08421 0.06842 0.00526 0.00526 0.11053
A2CBM1                         0.21053 0.04211 0.00526 0.03158 0.00526 0.05263 0.04737 0.06842 0.02632 0.02632 0.15789 0.02105 0.01579 0.01579 0.06842 0.05789 0.04737 0.01053 0.00526 0.08421
C7QUK5                         0.14737 0.03158 0.02105 0.03684 0.00000 0.05263 0.03684 0.09474 0.01053 0.04211 0.13158 0.02105 0.02105 0.02105 0.06842 0.05263 0.06842 0.00000 0.01579 0.12632
B7JW57                         0.14737 0.02632 0.02105 0.03684 0.00000 0.05263 0.03684 0.09474 0.01053 0.04211 0.13158 0.02632 0.02105 0.02105 0.06842 0.05263 0.06842 0.00000 0.01579 0.12632
B1XQL1                         0.17895 0.03158 0.01579 0.02632 0.00000 0.05789 0.04211 0.10000 0.01053 0.05263 0.10000 0.02632 0.02632 0.02632 0.06316 0.04737 0.07895 0.00000 0.00526 0.11053
B0JHK0                         0.14211 0.05789 0.02105 0.03158 0.00000 0.02632 0.06316 0.08947 0.01053 0.06842 0.10526 0.02632 0.02105 0.02105 0.06842 0.05263 0.07368 0.00000 0.00526 0.11579
B2J1K7                         0.15789 0.02105 0.02105 0.02105 0.00526 0.06316 0.06316 0.08947 0.01053 0.06316 0.11053 0.03158 0.01053 0.02632 0.05263 0.06316 0.06842 0.00000 0.01053 0.11053
Q7V8W5                         0.20526 0.04737 0.00526 0.03684 0.00526 0.04211 0.04737 0.06842 0.03158 0.02632 0.15789 0.02105 0.01579 0.01579 0.06842 0.05789 0.04737 0.01053 0.00526 0.08421
Q3AZ60                         0.18421 0.06316 0.00526 0.05789 0.01053 0.05263 0.04211 0.08947 0.01579 0.02105 0.16316 0.01579 0.01579 0.02105 0.05789 0.04737 0.04211 0.01053 0.00526 0.07895
A0ZMZ3                         0.15789 0.01579 0.01579 0.02105 0.00526 0.05789 0.05263 0.09474 0.01579 0.05789 0.10526 0.02632 0.02632 0.02632 0.05263 0.07895 0.06842 0.00000 0.00526 0.11579
B0CBS3                         0.17368 0.02105 0.02105 0.03158 0.00526 0.04737 0.02105 0.11053 0.01579 0.04737 0.14211 0.02632 0.01053 0.01579 0.06842 0.05263 0.07368 0.00000 0.01053 0.10526
A3IWN8                         0.12105 0.02632 0.03684 0.03158 0.00000 0.03158 0.05263 0.09474 0.01053 0.05789 0.11053 0.04211 0.02632 0.02632 0.06316 0.05263 0.10000 0.00000 0.01053 0.10526
Q7NMR1                         0.17368 0.06842 0.01579 0.02105 0.00526 0.03158 0.05263 0.08947 0.00526 0.03684 0.12105 0.01053 0.01053 0.02632 0.05789 0.06842 0.06842 0.00000 0.00526 0.13158
B7KDJ1                         0.16842 0.03684 0.01579 0.03158 0.00000 0.05789 0.04737 0.08947 0.00526 0.07368 0.11053 0.03684 0.02105 0.02105 0.05789 0.05263 0.07368 0.00000 0.00526 0.09474
Q2JW11                         0.14737 0.02632 0.00526 0.02105 0.00000 0.10000 0.04737 0.10000 0.00526 0.05789 0.11579 0.02105 0.02632 0.02105 0.06316 0.04737 0.06316 0.00000 0.01579 0.11579
A4CWK7                         0.18421 0.06842 0.00526 0.02632 0.01579 0.04211 0.06316 0.06842 0.02632 0.01053 0.14211 0.01579 0.02632 0.01579 0.06842 0.06316 0.03684 0.01579 0.00526 0.10000
Q063Z3                         0.18947 0.06316 0.00526 0.06316 0.00526 0.05263 0.04211 0.07895 0.02105 0.02105 0.17368 0.01579 0.01579 0.02105 0.06316 0.03684 0.03684 0.01053 0.00000 0.08421
O25773                         0.10000 0.02632 0.03684 0.03158 0.02632 0.03158 0.06316 0.06842 0.02105 0.05789 0.11579 0.10000 0.01579 0.05789 0.02632 0.10000 0.02105 0.00000 0.02105 0.07895
B8HPI1                         0.19474 0.03684 0.01579 0.02632 0.00000 0.04737 0.05263 0.08421 0.01053 0.08421 0.11053 0.02105 0.01579 0.02105 0.06316 0.07895 0.06316 0.00526 0.00000 0.06842
Q7U8F7                         0.18947 0.06842 0.01053 0.04211 0.00000 0.03158 0.06316 0.07895 0.02105 0.02632 0.13684 0.02105 0.02632 0.02105 0.05263 0.05789 0.05263 0.01053 0.00000 0.08947
Q10V93                         0.12105 0.03158 0.01053 0.02632 0.01053 0.04737 0.05263 0.08947 0.00526 0.06842 0.11579 0.02632 0.02105 0.02105 0.05263 0.07895 0.09474 0.00000 0.01053 0.11579
A2C0K2                         0.12105 0.04211 0.01053 0.02632 0.00526 0.03158 0.05263 0.05263 0.02105 0.05789 0.15263 0.07895 0.01053 0.02105 0.07895 0.08947 0.05263 0.01053 0.01053 0.07368
A5GJ84                         0.18947 0.05789 0.00526 0.03684 0.02105 0.05263 0.05789 0.06842 0.00526 0.01579 0.14737 0.01579 0.02105 0.01579 0.06842 0.06316 0.04211 0.01579 0.00526 0.09474
Q3AI18                         0.20000 0.05263 0.00526 0.05263 0.00526 0.04211 0.05263 0.07895 0.02105 0.02105 0.15263 0.01579 0.01053 0.02105 0.05789 0.04211 0.04737 0.01053 0.00000 0.11053
B4AV72                         0.15789 0.03684 0.01579 0.02632 0.00000 0.04737 0.05263 0.08947 0.00526 0.07895 0.11053 0.04211 0.01579 0.01579 0.05789 0.06316 0.06316 0.00526 0.01053 0.10526
Q5N0E5                         0.18947 0.04211 0.01579 0.04211 0.01053 0.04737 0.05263 0.10000 0.01053 0.05263 0.11053 0.02105 0.00526 0.02105 0.05789 0.04737 0.05789 0.00526 0.00526 0.10526
Q31LI1                         0.18947 0.04211 0.01579 0.04211 0.01053 0.04737 0.05263 0.10000 0.01053 0.05263 0.11053 0.02105 0.00526 0.02105 0.05789 0.04737 0.05789 0.00526 0.00526 0.10526
Q4C649                         0.12632 0.02632 0.02632 0.02632 0.00000 0.03684 0.06316 0.09474 0.00526 0.05789 0.12105 0.04211 0.02105 0.02632 0.05789 0.06316 0.08947 0.00000 0.01053 0.10526
Q46H15                         0.12632 0.03684 0.01053 0.02632 0.00526 0.02632 0.05263 0.05263 0.02105 0.05789 0.15789 0.08421 0.01053 0.02105 0.07368 0.09474 0.04737 0.01053 0.01053 0.07368
B9YSW9                         0.16316 0.02105 0.01053 0.02105 0.01053 0.05263 0.07368 0.08421 0.02105 0.05263 0.10526 0.04737 0.03158 0.02105 0.05263 0.06316 0.05789 0.00000 0.00526 0.10526
B5W9K8                         0.16316 0.04211 0.01053 0.05263 0.00000 0.01053 0.04737 0.10526 0.00526 0.07368 0.10000 0.04737 0.01579 0.02105 0.05263 0.05789 0.07368 0.01053 0.01053 0.10000
Q8DJK6                         0.14737 0.03684 0.01579 0.02632 0.00526 0.05789 0.05789 0.09474 0.01053 0.05263 0.12632 0.03158 0.03158 0.01579 0.03684 0.05789 0.06842 0.00000 0.01053 0.11579
A0YZ90                         0.15263 0.02632 0.01053 0.03158 0.01053 0.05263 0.05789 0.08947 0.01053 0.06316 0.12632 0.03158 0.02632 0.01053 0.05263 0.06316 0.06316 0.00000 0.01053 0.11053
A3Z9Z6                         0.20000 0.07368 0.00526 0.03684 0.01053 0.04211 0.05263 0.06316 0.02105 0.02105 0.14211 0.01579 0.01579 0.02105 0.05789 0.06842 0.04211 0.01053 0.00526 0.09474
Q7VDI3                         0.13158 0.02632 0.03158 0.03684 0.00526 0.04737 0.05263 0.05789 0.01579 0.05263 0.15263 0.06842 0.00526 0.02632 0.06842 0.07368 0.04737 0.01053 0.00526 0.08421
A9BE14                         0.14211 0.04211 0.04211 0.03158 0.00526 0.03158 0.05263 0.05789 0.01579 0.06316 0.14211 0.04737 0.01579 0.01579 0.07368 0.08421 0.03158 0.01053 0.00526 0.08947
Q05SE6                         0.17895 0.06316 0.01053 0.03158 0.00526 0.05263 0.05789 0.06316 0.01579 0.02632 0.13158 0.01579 0.03158 0.02105 0.07368 0.06316 0.04737 0.01053 0.01053 0.08947
A5GR65                         0.16316 0.05789 0.00526 0.03684 0.00526 0.05789 0.05789 0.06842 0.02632 0.01579 0.16316 0.01053 0.01053 0.03158 0.06842 0.06842 0.04211 0.00526 0.00000 0.10526
Q7V2S1                         0.05263 0.03158 0.05263 0.02632 0.01053 0.02632 0.06842 0.07368 0.00526 0.10000 0.14211 0.07895 0.01053 0.03158 0.03158 0.10526 0.05263 0.01053 0.01053 0.07895
B7MPE7                         0.16842 0.03684 0.02632 0.03684 0.01579 0.02632 0.05789 0.06842 0.01579 0.07895 0.05789 0.04737 0.06316 0.03684 0.05263 0.05263 0.04737 0.00000 0.01053 0.10000
P0A9L8                         0.17368 0.03684 0.02632 0.03684 0.01579 0.02632 0.05789 0.06842 0.01579 0.07368 0.05789 0.04737 0.06316 0.03684 0.05263 0.05263 0.04211 0.00000 0.01053 0.10526
B7LMJ9                         0.17895 0.04211 0.02632 0.04211 0.01579 0.03158 0.04737 0.06842 0.01579 0.06316 0.05789 0.04211 0.06316 0.03684 0.04737 0.05789 0.03684 0.00000 0.01053 0.11579
A2BV56                         0.06316 0.03684 0.06316 0.03684 0.01053 0.02105 0.06316 0.06842 0.00526 0.11053 0.13684 0.06842 0.01579 0.02105 0.04211 0.09474 0.06316 0.01053 0.00000 0.06842
Q31CE2                         0.04211 0.01579 0.04737 0.02105 0.01053 0.01579 0.07895 0.08421 0.01579 0.11579 0.12632 0.09474 0.01053 0.03158 0.03158 0.10526 0.07368 0.01053 0.01053 0.05789
Q0ICK3                         0.18421 0.04737 0.00526 0.03158 0.01053 0.04737 0.04737 0.08421 0.02632 0.02105 0.14211 0.02105 0.03158 0.02105 0.05789 0.08421 0.04211 0.01053 0.00526 0.07895
A2BPM4                         0.04737 0.01579 0.04211 0.02632 0.01579 0.02632 0.06842 0.07895 0.00526 0.12632 0.12105 0.09474 0.01053 0.02632 0.03158 0.11053 0.07368 0.01053 0.01579 0.05263
A3Z0Q5                         0.19474 0.05263 0.00526 0.03158 0.01053 0.03684 0.05263 0.08947 0.00526 0.02105 0.17368 0.02632 0.01579 0.01053 0.06842 0.04737 0.02632 0.02105 0.00000 0.11053
A3PBB4                         0.05263 0.02105 0.04737 0.02632 0.01579 0.02632 0.06316 0.07368 0.00526 0.12632 0.12105 0.08947 0.01053 0.02632 0.03158 0.11053 0.06842 0.01053 0.02105 0.05263
A8G3A8                         0.04737 0.02632 0.05263 0.03158 0.01579 0.02632 0.06316 0.07368 0.00526 0.11579 0.12105 0.07895 0.01053 0.03158 0.03158 0.11053 0.07368 0.01053 0.01579 0.05789

Homogeneity statistic: X2 = 9.01894 G = 9.17745 

Average                        0.14907 0.03652 0.02308 0.03263 0.00777 0.03951 0.05700 0.08049 0.01287 0.06170 0.12267 0.04559 0.02154 0.02526 0.05239 0.06842 0.05733 0.00534 0.01198 0.08883

# constant sites:     10 (5.26%)
ln Lmax (unconstrained) = -995.548279

AA distances (raw proportions of different sites)

A8ESD3         
A6QB49           0.4632
Q30SG1           0.4579  0.2474
A6Q4P9           0.4684  0.4632  0.5158
B9L9C9           0.4579  0.5211  0.5526  0.4684
Q7M801           0.4947  0.5105  0.5368  0.5421  0.5105
D1B3R8           0.5211  0.5105  0.4842  0.4895  0.5842  0.5684
A7H2S8           0.5947  0.6263  0.6684  0.5895  0.5842  0.5789  0.6579
Q4HGL6           0.5737  0.6474  0.6579  0.5526  0.5737  0.5895  0.6421  0.2000
A8FMC9           0.6000  0.6421  0.6737  0.5947  0.5947  0.5947  0.6632  0.0316  0.1947
Q4HSX5           0.5737  0.5895  0.6211  0.5789  0.5632  0.5947  0.6158  0.3579  0.3316  0.3526
B9KCJ3           0.6000  0.5895  0.6105  0.5474  0.5895  0.6053  0.6158  0.3895  0.3579  0.3947  0.4105
P74572           0.5895  0.6000  0.6000  0.6000  0.6105  0.5579  0.6421  0.6895  0.6895  0.7053  0.6737  0.6895
Q8YZH2           0.5895  0.6000  0.6053  0.6211  0.6474  0.5579  0.6211  0.6789  0.7000  0.6895  0.6737  0.7053  0.3368
B1WT41           0.5789  0.6000  0.6211  0.6105  0.6158  0.5842  0.6474  0.7053  0.7053  0.7211  0.6789  0.7053  0.3053  0.3316
Q2JKS6           0.6158  0.6053  0.6211  0.5895  0.6526  0.6105  0.6474  0.6737  0.6789  0.6842  0.7053  0.7053  0.4368  0.4053  0.4684
Q3M924           0.5895  0.5947  0.6053  0.6158  0.6421  0.5632  0.6211  0.6737  0.6947  0.6842  0.6684  0.7000  0.3316  0.0053  0.3316  0.4000
A2CBM1           0.5947  0.5842  0.6053  0.6263  0.6737  0.5737  0.6632  0.6579  0.6632  0.6684  0.6895  0.7053  0.4526  0.4684  0.5105  0.4474  0.4632
C7QUK5           0.6000  0.6000  0.6316  0.6105  0.6368  0.5789  0.6474  0.6895  0.7000  0.7053  0.6842  0.7000  0.2737  0.2789  0.2053  0.4263  0.2737  0.4895
B7JW57           0.6000  0.6000  0.6316  0.6105  0.6316  0.5842  0.6474  0.6895  0.7000  0.7053  0.6842  0.7000  0.2789  0.2737  0.2000  0.4316  0.2684  0.4895  0.0053
B1XQL1           0.5895  0.6053  0.6158  0.6053  0.6368  0.5842  0.6474  0.6895  0.7053  0.6947  0.7000  0.7105  0.3263  0.3211  0.3316  0.4105  0.3211  0.4947  0.2737  0.2737
B0JHK0           0.6000  0.6368  0.6316  0.6211  0.6316  0.5895  0.6316  0.7000  0.6947  0.7053  0.6842  0.6947  0.3000  0.3316  0.2842  0.4526  0.3316  0.4842  0.2474  0.2474  0.3053
B2J1K7           0.5947  0.6105  0.6000  0.6105  0.6421  0.6000  0.6158  0.6526  0.6789  0.6632  0.6737  0.6947  0.3474  0.1421  0.3421  0.3842  0.1368  0.4684  0.3053  0.3000  0.3368  0.3316
Q7V8W5           0.5947  0.5842  0.6053  0.6263  0.6737  0.5737  0.6632  0.6632  0.6684  0.6737  0.6895  0.7053  0.4579  0.4632  0.5105  0.4526  0.4579  0.0158  0.4947  0.4947  0.4947  0.4842  0.4737
Q3AZ60           0.5895  0.5789  0.6158  0.5895  0.6421  0.5842  0.6579  0.6526  0.6526  0.6632  0.6842  0.6789  0.4526  0.4632  0.5000  0.4737  0.4579  0.2158  0.4737  0.4737  0.4895  0.4632  0.4632  0.2211
A0ZMZ3           0.5947  0.6053  0.6053  0.6053  0.6421  0.5789  0.6105  0.6579  0.6789  0.6737  0.6579  0.6895  0.3263  0.1474  0.3579  0.4053  0.1421  0.4684  0.2895  0.2842  0.3316  0.3263  0.1368  0.4684  0.4579
B0CBS3           0.6211  0.5895  0.6211  0.6158  0.6421  0.5947  0.6316  0.7000  0.7000  0.7158  0.7000  0.6789  0.3737  0.3474  0.3632  0.3947  0.3421  0.5000  0.3158  0.3158  0.3684  0.3526  0.3421  0.5053  0.4789  0.3632
A3IWN8           0.6000  0.6105  0.6263  0.6211  0.6211  0.5947  0.6474  0.7158  0.7158  0.7316  0.6895  0.7158  0.3053  0.3263  0.0526  0.4579  0.3263  0.5053  0.2053  0.2000  0.3316  0.2947  0.3421  0.5000  0.4947  0.3579  0.3579
Q7NMR1           0.6000  0.5895  0.6105  0.5789  0.6579  0.5632  0.6053  0.6789  0.6947  0.6947  0.6895  0.6895  0.4263  0.3789  0.4474  0.4000  0.3842  0.4526  0.4105  0.4105  0.3947  0.3895  0.3947  0.4526  0.4684  0.4105  0.4263  0.4474
B7KDJ1           0.5895  0.6211  0.6211  0.6158  0.6316  0.5842  0.6684  0.6895  0.6895  0.7053  0.6684  0.6789  0.2895  0.3000  0.2789  0.4421  0.2947  0.4737  0.2368  0.2368  0.3211  0.2789  0.3263  0.4737  0.4579  0.3211  0.3211  0.2789  0.4000
Q2JW11           0.6263  0.5895  0.6105  0.5842  0.6421  0.6105  0.6474  0.6737  0.6789  0.6842  0.6947  0.7053  0.4316  0.4158  0.4632  0.0895  0.4105  0.4368  0.4105  0.4105  0.4158  0.4526  0.4000  0.4474  0.4737  0.4000  0.3789  0.4421  0.4158  0.4474
A4CWK7           0.5947  0.6053  0.6263  0.6368  0.6842  0.5842  0.6684  0.6737  0.6789  0.6842  0.7105  0.7158  0.4789  0.5000  0.5000  0.4947  0.5000  0.2053  0.4842  0.4842  0.5000  0.4632  0.5053  0.2105  0.2474  0.4947  0.5158  0.5105  0.4947  0.4579  0.5000
Q063Z3           0.5947  0.5947  0.6263  0.5789  0.6421  0.5947  0.6684  0.6526  0.6526  0.6632  0.6895  0.6789  0.4684  0.4737  0.4947  0.4737  0.4684  0.2263  0.4684  0.4684  0.4947  0.4684  0.4632  0.2316  0.0632  0.4632  0.4789  0.4895  0.4474  0.4579  0.4737  0.2579
O25773           0.6421  0.7000  0.7421  0.6368  0.6737  0.6105  0.7000  0.6000  0.6053  0.6105  0.6316  0.6053  0.7105  0.7053  0.7105  0.7474  0.7053  0.7632  0.7053  0.7053  0.7211  0.7316  0.6895  0.7632  0.7474  0.6947  0.7368  0.7158  0.7105  0.7053  0.7474  0.7526  0.7474
B8HPI1           0.5842  0.6211  0.6158  0.6053  0.6421  0.5737  0.6105  0.6842  0.6947  0.7000  0.6947  0.7000  0.3421  0.3316  0.3737  0.4105  0.3263  0.4842  0.3421  0.3421  0.3368  0.3842  0.3579  0.4947  0.4789  0.3632  0.3632  0.3632  0.4263  0.3263  0.4000  0.5211  0.4895  0.7263
Q7U8F7           0.5947  0.6053  0.6316  0.6368  0.6579  0.5895  0.6789  0.6789  0.6737  0.6895  0.7000  0.7105  0.4737  0.4789  0.5000  0.5000  0.4789  0.2526  0.4737  0.4737  0.4895  0.4895  0.4895  0.2474  0.2316  0.4842  0.5000  0.5000  0.4842  0.4789  0.5000  0.2842  0.2158  0.7684  0.5211
Q10V93           0.6105  0.6211  0.6421  0.6105  0.6737  0.6053  0.6211  0.6789  0.6842  0.6947  0.6895  0.7316  0.3579  0.3316  0.3474  0.3947  0.3316  0.5263  0.3263  0.3263  0.3684  0.3684  0.3105  0.5263  0.5000  0.3368  0.3737  0.3474  0.4263  0.3211  0.4105  0.5211  0.4947  0.7316  0.3842  0.5158
A2C0K2           0.5789  0.6368  0.6579  0.6526  0.7000  0.6105  0.6632  0.7158  0.6789  0.7158  0.6789  0.7158  0.5474  0.5158  0.5684  0.5632  0.5158  0.3158  0.5474  0.5474  0.5632  0.5105  0.5316  0.3158  0.3368  0.5211  0.5737  0.5632  0.5421  0.5263  0.5737  0.3263  0.3368  0.7632  0.5368  0.3684  0.5842
A5GJ84           0.6053  0.6105  0.6368  0.6316  0.6789  0.5737  0.6684  0.6684  0.6684  0.6789  0.6947  0.7053  0.4526  0.4789  0.5000  0.4895  0.4789  0.2263  0.4737  0.4737  0.4895  0.4526  0.4947  0.2263  0.2474  0.4895  0.4842  0.5105  0.4789  0.4526  0.4895  0.1000  0.2579  0.7421  0.5105  0.2632  0.5105  0.3316
Q3AI18           0.6000  0.5737  0.6000  0.5947  0.6368  0.5789  0.6526  0.6632  0.6474  0.6737  0.6684  0.6684  0.4421  0.4526  0.4842  0.4684  0.4474  0.2158  0.4526  0.4526  0.4737  0.4579  0.4579  0.2105  0.1684  0.4579  0.4632  0.4842  0.4368  0.4421  0.4895  0.2684  0.1842  0.7474  0.4737  0.2053  0.4842  0.3474  0.2368
B4AV72           0.6211  0.6211  0.6316  0.6053  0.6526  0.5842  0.6579  0.7053  0.7000  0.7211  0.6842  0.6947  0.3000  0.2947  0.2895  0.4158  0.2895  0.4526  0.2579  0.2579  0.3421  0.2684  0.3105  0.4526  0.4579  0.3105  0.3211  0.3000  0.4368  0.1789  0.4263  0.4421  0.4684  0.7316  0.3579  0.5053  0.3263  0.5263  0.4316  0.4632
Q5N0E5           0.6053  0.6105  0.5947  0.6211  0.6263  0.5895  0.6316  0.6895  0.7053  0.7053  0.7053  0.7105  0.3684  0.3421  0.3579  0.4105  0.3368  0.4474  0.3211  0.3158  0.3842  0.3474  0.3368  0.4526  0.4579  0.3579  0.3526  0.3579  0.3947  0.3526  0.4000  0.4842  0.4526  0.7263  0.3684  0.4842  0.4000  0.5526  0.4895  0.4474  0.3263
Q31LI1           0.6053  0.6105  0.5947  0.6211  0.6263  0.5895  0.6316  0.6895  0.7053  0.7053  0.7053  0.7105  0.3684  0.3421  0.3579  0.4105  0.3368  0.4474  0.3211  0.3158  0.3842  0.3474  0.3368  0.4526  0.4579  0.3579  0.3526  0.3579  0.3947  0.3526  0.4000  0.4842  0.4526  0.7263  0.3684  0.4842  0.4000  0.5526  0.4895  0.4474  0.3263  0.0000
Q4C649           0.6053  0.6053  0.6263  0.6053  0.6316  0.6000  0.6368  0.7158  0.7158  0.7316  0.6895  0.7000  0.3053  0.3263  0.0842  0.4684  0.3263  0.5053  0.2053  0.2000  0.3158  0.3000  0.3421  0.5053  0.4947  0.3474  0.3368  0.0895  0.4368  0.2789  0.4579  0.5158  0.4895  0.7053  0.3579  0.4947  0.3474  0.5789  0.5158  0.4842  0.2947  0.3526  0.3526
Q46H15           0.5789  0.6368  0.6579  0.6474  0.7000  0.6105  0.6684  0.7158  0.6789  0.7158  0.6789  0.7105  0.5474  0.5105  0.5684  0.5632  0.5105  0.3211  0.5421  0.5421  0.5632  0.5105  0.5263  0.3211  0.3316  0.5158  0.5684  0.5632  0.5421  0.5316  0.5684  0.3263  0.3316  0.7632  0.5421  0.3632  0.5789  0.0263  0.3316  0.3579  0.5211  0.5526  0.5526  0.5789
B9YSW9           0.6000  0.5947  0.6105  0.6211  0.6316  0.5789  0.6526  0.6895  0.7053  0.7000  0.6684  0.7000  0.3211  0.2158  0.3421  0.4316  0.2105  0.4842  0.3263  0.3211  0.3526  0.3368  0.2158  0.4842  0.4842  0.2368  0.3737  0.3421  0.4421  0.3368  0.4421  0.5053  0.4895  0.6947  0.3526  0.4895  0.3842  0.5368  0.4947  0.4632  0.3158  0.3579  0.3579  0.3579  0.5316
B5W9K8           0.6211  0.6158  0.6211  0.6474  0.6526  0.6000  0.6368  0.6947  0.6947  0.7105  0.7053  0.7211  0.3526  0.3211  0.3474  0.4421  0.3158  0.5000  0.3053  0.3000  0.3579  0.3053  0.3211  0.5000  0.4947  0.3263  0.3421  0.3368  0.4211  0.3000  0.4474  0.5000  0.4895  0.7526  0.3263  0.5053  0.3000  0.5632  0.4895  0.4947  0.2842  0.3526  0.3526  0.3474  0.5579  0.3211
Q8DJK6           0.6316  0.6211  0.6421  0.6158  0.6526  0.5842  0.6421  0.6684  0.6789  0.6842  0.6737  0.6947  0.4947  0.4842  0.5053  0.4895  0.4789  0.5474  0.4789  0.4737  0.5000  0.5105  0.4895  0.5474  0.5158  0.4842  0.5000  0.5053  0.5105  0.5158  0.4684  0.5684  0.5263  0.7105  0.5105  0.5316  0.5158  0.5947  0.5579  0.5316  0.5053  0.5105  0.5105  0.5053  0.5895  0.5053  0.4895
A0YZ90           0.6263  0.6053  0.6158  0.6368  0.6526  0.6000  0.6526  0.6789  0.7000  0.6947  0.6737  0.7105  0.3211  0.2947  0.3000  0.4211  0.2895  0.4632  0.2684  0.2632  0.3421  0.2842  0.2789  0.4684  0.4789  0.2947  0.3421  0.2947  0.4053  0.2947  0.4368  0.4789  0.4684  0.7421  0.3684  0.4895  0.3053  0.5421  0.4789  0.4579  0.2895  0.2947  0.2947  0.2895  0.5368  0.3000  0.2421  0.4895
A3Z9Z6           0.6105  0.6158  0.6526  0.6263  0.6684  0.6105  0.6526  0.6789  0.6737  0.6895  0.7053  0.7158  0.4789  0.4842  0.5368  0.4842  0.4789  0.2158  0.4895  0.4895  0.5105  0.5000  0.4737  0.2211  0.2368  0.4684  0.5211  0.5368  0.4895  0.5053  0.4947  0.1947  0.2421  0.7684  0.5158  0.2684  0.5211  0.3368  0.2316  0.2421  0.4842  0.4789  0.4789  0.5263  0.3421  0.5000  0.5263  0.5526  0.5000
Q7VDI3           0.5947  0.6263  0.6263  0.6421  0.6579  0.6000  0.6474  0.6895  0.6789  0.6895  0.6632  0.6947  0.4842  0.5158  0.5211  0.5211  0.5105  0.3158  0.4789  0.4789  0.5105  0.4737  0.5263  0.3158  0.3526  0.5053  0.5421  0.5158  0.5000  0.5053  0.5053  0.3158  0.3526  0.7421  0.5263  0.3947  0.5316  0.3263  0.3263  0.3579  0.4842  0.5053  0.5053  0.5316  0.3263  0.5211  0.5316  0.5632  0.5158  0.3474
A9BE14           0.6000  0.6316  0.6526  0.6421  0.6684  0.6105  0.6789  0.6842  0.7000  0.6947  0.6789  0.7421  0.5316  0.5211  0.5474  0.5368  0.5263  0.2789  0.5474  0.5474  0.5579  0.5316  0.5263  0.2789  0.3526  0.5211  0.5842  0.5474  0.5316  0.5368  0.5368  0.3158  0.3474  0.7421  0.5474  0.3632  0.5632  0.3263  0.3263  0.3579  0.5105  0.5316  0.5316  0.5579  0.3211  0.5316  0.5579  0.5526  0.5368  0.3316  0.2684
Q05SE6           0.6211  0.6263  0.6368  0.6211  0.6737  0.6053  0.6632  0.6947  0.6789  0.7053  0.7105  0.7053  0.5000  0.5053  0.5421  0.5105  0.5000  0.2579  0.4947  0.4947  0.5316  0.4842  0.5000  0.2632  0.2789  0.5105  0.5053  0.5316  0.5316  0.4842  0.5053  0.2000  0.2895  0.7789  0.4947  0.3263  0.5368  0.3632  0.1947  0.2842  0.4526  0.4895  0.4895  0.5316  0.3526  0.5105  0.5053  0.5737  0.5000  0.2053  0.3684  0.3684
A5GR65           0.6421  0.6105  0.6579  0.6579  0.7105  0.6316  0.6737  0.6842  0.6737  0.6895  0.6632  0.7105  0.5158  0.4947  0.5105  0.5000  0.4947  0.3263  0.5053  0.5053  0.5158  0.4632  0.5000  0.3316  0.3263  0.5158  0.5316  0.5053  0.4842  0.4947  0.5105  0.3368  0.3158  0.7474  0.5105  0.3579  0.5211  0.4158  0.3474  0.3263  0.4737  0.4842  0.4842  0.5053  0.4316  0.5158  0.5158  0.5579  0.4947  0.3316  0.4263  0.4105  0.3632
Q7V2S1           0.6579  0.6895  0.7000  0.7053  0.7263  0.6684  0.7158  0.7368  0.7632  0.7421  0.7211  0.7263  0.5737  0.5789  0.5842  0.6421  0.5789  0.4789  0.5789  0.5789  0.6053  0.5737  0.5842  0.4789  0.5263  0.5895  0.6053  0.5737  0.6316  0.6000  0.6263  0.5158  0.5316  0.7421  0.6105  0.5316  0.6263  0.4789  0.5158  0.5211  0.5842  0.6053  0.6053  0.5737  0.4789  0.5895  0.6211  0.6316  0.5737  0.5263  0.4842  0.5105  0.5474  0.5684
B7MPE7           0.6737  0.6947  0.6789  0.7000  0.6842  0.7000  0.6947  0.7526  0.7316  0.7579  0.7421  0.7368  0.5368  0.5684  0.5421  0.6000  0.5632  0.6105  0.5895  0.5895  0.5526  0.5895  0.5789  0.6105  0.6000  0.5947  0.6158  0.5474  0.6105  0.5684  0.6053  0.6105  0.6000  0.7632  0.5895  0.6158  0.6105  0.6263  0.6053  0.6105  0.5895  0.6000  0.6000  0.5474  0.6263  0.5737  0.6105  0.6632  0.6053  0.6158  0.6316  0.6368  0.5947  0.6789  0.7053
P0A9L8           0.6737  0.6947  0.6789  0.7000  0.6842  0.6947  0.7000  0.7474  0.7316  0.7526  0.7421  0.7368  0.5316  0.5632  0.5421  0.6053  0.5579  0.6053  0.5842  0.5842  0.5474  0.5842  0.5737  0.6053  0.5947  0.5895  0.6105  0.5526  0.6053  0.5632  0.6105  0.6053  0.5947  0.7579  0.5947  0.6158  0.6053  0.6316  0.6000  0.6053  0.5842  0.5947  0.5947  0.5474  0.6316  0.5684  0.6053  0.6684  0.6000  0.6105  0.6263  0.6316  0.6000  0.6737  0.7000  0.0105
B7LMJ9           0.6737  0.6947  0.6684  0.7000  0.6947  0.6947  0.7000  0.7474  0.7421  0.7526  0.7368  0.7368  0.5316  0.5526  0.5474  0.6000  0.5474  0.6000  0.5842  0.5842  0.5474  0.5895  0.5684  0.6000  0.5895  0.5842  0.6053  0.5579  0.5947  0.5579  0.6053  0.6000  0.5895  0.7579  0.5842  0.6158  0.6000  0.6368  0.5947  0.6053  0.5789  0.5842  0.5842  0.5526  0.6368  0.5632  0.6053  0.6684  0.6000  0.6105  0.6263  0.6316  0.6000  0.6684  0.6947  0.0474  0.0368
A2BV56           0.6421  0.6947  0.7053  0.7000  0.7211  0.6579  0.7158  0.7421  0.7579  0.7421  0.7263  0.7421  0.5789  0.5895  0.5789  0.6421  0.5895  0.4789  0.5789  0.5789  0.6211  0.5737  0.6053  0.4789  0.4947  0.6105  0.6000  0.5737  0.6316  0.5947  0.6316  0.4947  0.5053  0.7421  0.5947  0.5105  0.6211  0.4421  0.5000  0.5053  0.5842  0.6000  0.6000  0.5684  0.4474  0.6053  0.6158  0.6632  0.5789  0.5158  0.4737  0.5105  0.5421  0.5632  0.1263  0.7053  0.7000  0.7053
Q31CE2           0.6474  0.7000  0.7000  0.6684  0.7368  0.6737  0.7211  0.7316  0.7526  0.7421  0.7474  0.7421  0.6053  0.6158  0.5842  0.6421  0.6158  0.5053  0.6000  0.6000  0.6579  0.5947  0.6211  0.5053  0.5474  0.6263  0.6263  0.5895  0.6579  0.6263  0.6421  0.5474  0.5526  0.7263  0.6211  0.5421  0.6368  0.4947  0.5474  0.5474  0.5895  0.6053  0.6053  0.5895  0.4947  0.6263  0.6526  0.6421  0.6158  0.5263  0.5105  0.5263  0.5737  0.6000  0.2263  0.7263  0.7211  0.7263  0.2158
Q0ICK3           0.6316  0.6158  0.6316  0.6474  0.7053  0.6105  0.6895  0.7053  0.7158  0.7158  0.7474  0.7263  0.5053  0.4895  0.5158  0.5158  0.4895  0.2368  0.4737  0.4737  0.5158  0.4842  0.5000  0.2368  0.2684  0.5105  0.5263  0.5105  0.4842  0.4684  0.5053  0.2158  0.2789  0.7526  0.5263  0.3316  0.5474  0.3421  0.2263  0.2842  0.4737  0.4526  0.4526  0.5158  0.3474  0.5158  0.5263  0.5789  0.5000  0.2316  0.3684  0.3737  0.2316  0.3474  0.5158  0.6000  0.5947  0.5947  0.5053  0.5316
A2BPM4           0.6737  0.7053  0.7053  0.6789  0.7316  0.6684  0.7263  0.7526  0.7737  0.7632  0.7526  0.7632  0.6053  0.6105  0.5842  0.6474  0.6105  0.5105  0.6000  0.6000  0.6474  0.5789  0.6158  0.5105  0.5632  0.6316  0.6158  0.5895  0.6421  0.6211  0.6421  0.5632  0.5632  0.7421  0.6263  0.5474  0.6579  0.5158  0.5579  0.5632  0.5842  0.6105  0.6105  0.5895  0.5158  0.6158  0.6474  0.6526  0.6053  0.5421  0.5105  0.5316  0.5842  0.6000  0.2053  0.7316  0.7263  0.7316  0.2105  0.0842  0.5474
A3Z0Q5           0.6368  0.5947  0.6368  0.6105  0.6684  0.6000  0.6632  0.6632  0.6789  0.6737  0.6737  0.6895  0.5053  0.4684  0.5158  0.4789  0.4632  0.3474  0.4789  0.4789  0.5263  0.4895  0.4684  0.3474  0.3368  0.4737  0.4947  0.5053  0.4947  0.4474  0.4895  0.3263  0.3263  0.7421  0.5105  0.3947  0.5053  0.4263  0.3263  0.3526  0.4579  0.4789  0.4789  0.5105  0.4263  0.4895  0.5000  0.5263  0.5000  0.3316  0.4105  0.4105  0.3526  0.4158  0.5474  0.6263  0.6211  0.6105  0.5368  0.5684  0.3895  0.5789
A3PBB4           0.6737  0.7105  0.7158  0.6789  0.7316  0.6684  0.7316  0.7579  0.7789  0.7684  0.7474  0.7632  0.5947  0.6105  0.5789  0.6474  0.6105  0.5105  0.5895  0.5895  0.6421  0.5737  0.6158  0.5105  0.5579  0.6316  0.6211  0.5842  0.6421  0.6105  0.6421  0.5579  0.5579  0.7526  0.6211  0.5474  0.6579  0.5158  0.5526  0.5632  0.5737  0.6105  0.6105  0.5842  0.5158  0.6158  0.6579  0.6526  0.6105  0.5368  0.5053  0.5263  0.5789  0.5947  0.2158  0.7211  0.7158  0.7211  0.2211  0.1053  0.5421  0.0316  0.5684
A8G3A8           0.6789  0.7053  0.7158  0.6895  0.7263  0.6684  0.7263  0.7579  0.7789  0.7684  0.7526  0.7632  0.6053  0.6000  0.5947  0.6474  0.6000  0.5053  0.5947  0.5947  0.6368  0.5842  0.6211  0.5053  0.5579  0.6211  0.6211  0.6000  0.6316  0.6263  0.6421  0.5632  0.5579  0.7684  0.6263  0.5368  0.6526  0.5211  0.5579  0.5579  0.5895  0.6105  0.6105  0.5947  0.5211  0.6211  0.6526  0.6526  0.6158  0.5368  0.5000  0.5263  0.5842  0.6000  0.2316  0.7211  0.7158  0.7211  0.2316  0.1158  0.5526  0.0526  0.5789  0.0526


TREE #  1:  (8, 10, (9, (11, (12, (5, (4, (((6, 34), (1, (2, 3))), (7, (48, ((54, (63, ((36, (40, (25, 33))), ((((50, 53), (32, 39)), 61), ((18, 24), ((52, 51), ((59, (55, (60, (62, (65, 64))))), (38, 45)))))))), ((16, 31), (29, ((42, 43), ((49, (47, 37)), ((46, ((14, 17), (23, 26))), (21, ((35, 27), ((13, (58, (57, 56))), (((19, 20), (44, (15, 28))), (22, (30, 41)))))))))))))))))))));   MP score: 2366
lnL(ntime: 63  np: 64): -12180.300419      +0.000000
  66..8    66..10   66..67   67..9    67..68   68..11   68..69   69..12   69..70   70..5    70..71   71..4    71..72   72..73   73..74   74..6    74..34   73..75   75..1    75..76   76..2    76..3    72..77   77..7    77..78   78..48   78..79   79..80   80..54   80..81   81..63   81..82   82..83   83..36   83..84   84..40   84..85   85..25   85..33   82..86   86..87   87..88   88..89   89..50   89..53   88..90   90..32   90..39   87..61   86..91   91..92   92..18   92..24   91..93   93..94   94..52   94..51   93..95   95..96   96..59   96..97   97..55   97..98   98..60   98..99   99..62   99..100 100..65  100..64   95..101 101..38  101..45   79..102 102..103 103..16  103..31  102..104 104..29  104..105 105..106 106..42  106..43  105..107 107..108 108..49  108..109 109..47  109..37  107..110 110..111 111..46  111..112 112..113 113..14  113..17  112..114 114..23  114..26  110..115 115..21  115..116 116..117 117..35  117..27  116..118 118..119 119..13  119..120 120..58  120..121 121..57  121..56  118..122 122..123 123..124 124..19  124..20  123..125 125..44  125..126 126..15  126..28  122..127 127..22  127..128 128..30  128..41 
 0.840891 0.840890 0.832880 0.825131 0.714674 0.708244 0.694509 0.667941 0.546010 0.500097 0.158171 0.678410 0.529197 0.505303 0.374580 0.372962 0.351802 0.169031 0.169031 0.038941 0.326100 0.205582 0.157680 0.127303 0.061833 0.326100 0.010166 0.296121 0.177527 0.279960 0.088141 0.088141 0.033493 0.019102 0.014525 0.013145 0.440990 0.050562 0.415684 0.380359 0.000000 0.347044 0.256052 0.233038 0.339380 0.145334 0.101773 0.002884 0.078099 0.329133 0.326541 0.269434 0.307786 0.285265 0.013264 0.003766 0.235522 0.145808 0.003049 0.047559 0.024494 0.209578 0.106098 0.882174

tree length =  19.52390

(8: 0.840891, 10: 0.840891, (9: 0.840890, (11: 0.832880, (12: 0.825131, (5: 0.714674, (4: 0.708244, (((6: 0.546010, 34: 0.546010): 0.121931, (1: 0.500097, (2: 0.158171, 3: 0.158171): 0.341926): 0.167844): 0.026569, (7: 0.678410, (48: 0.529197, ((54: 0.374580, (63: 0.372962, ((36: 0.169031, (40: 0.169031, (25: 0.038941, 33: 0.038941): 0.130090): 0.000000): 0.182771, ((((50: 0.127303, 53: 0.127303): 0.030377, (32: 0.061833, 39: 0.061833): 0.095848): 0.047902, 61: 0.205582): 0.120518, ((18: 0.010166, 24: 0.010166): 0.315934, ((52: 0.177527, 51: 0.177527): 0.118594, ((59: 0.088141, (55: 0.088141, (60: 0.033493, (62: 0.019102, (65: 0.014525, 64: 0.014525): 0.004577): 0.014392): 0.054647): 0.000000): 0.191819, (38: 0.013145, 45: 0.013145): 0.266814): 0.016162): 0.029979): 0.000000): 0.025702): 0.021159): 0.001618): 0.130723, ((16: 0.050562, 31: 0.050562): 0.390428, (29: 0.415684, ((42: 0.000000, 43: 0.000000): 0.380359, ((49: 0.256052, (47: 0.233038, 37: 0.233038): 0.023014): 0.090992, ((46: 0.145334, ((14: 0.002884, 17: 0.002884): 0.098889, (23: 0.078099, 26: 0.078099): 0.023673): 0.043561): 0.194046, (21: 0.329133, ((35: 0.269434, 27: 0.269434): 0.057107, ((13: 0.285265, (58: 0.013264, (57: 0.003766, 56: 0.003766): 0.009499): 0.272001): 0.022521, (((19: 0.003049, 20: 0.003049): 0.142759, (44: 0.047559, (15: 0.024494, 28: 0.024494): 0.023065): 0.098249): 0.089714, (22: 0.209578, (30: 0.106098, 41: 0.106098): 0.103480): 0.025944): 0.072264): 0.018755): 0.002592): 0.010247): 0.007664): 0.033315): 0.035325): 0.025306): 0.064313): 0.023894): 0.149213): 0.016100): 0.013735): 0.006430): 0.110457): 0.007748): 0.008011): 0.000001);

(A7H2S8: 0.840891, A8FMC9: 0.840891, (Q4HGL6: 0.840890, (Q4HSX5: 0.832880, (B9KCJ3: 0.825131, (B9L9C9: 0.714674, (A6Q4P9: 0.708244, (((Q7M801: 0.546010, O25773: 0.546010): 0.121931, (A8ESD3: 0.500097, (A6QB49: 0.158171, Q30SG1: 0.158171): 0.341926): 0.167844): 0.026569, (D1B3R8: 0.678410, (Q8DJK6: 0.529197, ((A5GR65: 0.374580, (A3Z0Q5: 0.372962, ((Q7U8F7: 0.169031, (Q3AI18: 0.169031, (Q3AZ60: 0.038941, Q063Z3: 0.038941): 0.130090): 0.000000): 0.182771, ((((A3Z9Z6: 0.127303, Q05SE6: 0.127303): 0.030377, (A4CWK7: 0.061833, A5GJ84: 0.061833): 0.095848): 0.047902, Q0ICK3: 0.205582): 0.120518, ((A2CBM1: 0.010166, Q7V8W5: 0.010166): 0.315934, ((A9BE14: 0.177527, Q7VDI3: 0.177527): 0.118594, ((A2BV56: 0.088141, (Q7V2S1: 0.088141, (Q31CE2: 0.033493, (A2BPM4: 0.019102, (A8G3A8: 0.014525, A3PBB4: 0.014525): 0.004577): 0.014392): 0.054647): 0.000000): 0.191819, (A2C0K2: 0.013145, Q46H15: 0.013145): 0.266814): 0.016162): 0.029979): 0.000000): 0.025702): 0.021159): 0.001618): 0.130723, ((Q2JKS6: 0.050562, Q2JW11: 0.050562): 0.390428, (Q7NMR1: 0.415684, ((Q5N0E5: 0.000000, Q31LI1: 0.000000): 0.380359, ((A0YZ90: 0.256052, (B5W9K8: 0.233038, Q10V93: 0.233038): 0.023014): 0.090992, ((B9YSW9: 0.145334, ((Q8YZH2: 0.002884, Q3M924: 0.002884): 0.098889, (B2J1K7: 0.078099, A0ZMZ3: 0.078099): 0.023673): 0.043561): 0.194046, (B1XQL1: 0.329133, ((B8HPI1: 0.269434, B0CBS3: 0.269434): 0.057107, ((P74572: 0.285265, (B7LMJ9: 0.013264, (P0A9L8: 0.003766, B7MPE7: 0.003766): 0.009499): 0.272001): 0.022521, (((C7QUK5: 0.003049, B7JW57: 0.003049): 0.142759, (Q4C649: 0.047559, (B1WT41: 0.024494, A3IWN8: 0.024494): 0.023065): 0.098249): 0.089714, (B0JHK0: 0.209578, (B7KDJ1: 0.106098, B4AV72: 0.106098): 0.103480): 0.025944): 0.072264): 0.018755): 0.002592): 0.010247): 0.007664): 0.033315): 0.035325): 0.025306): 0.064313): 0.023894): 0.149213): 0.016100): 0.013735): 0.006430): 0.110457): 0.007748): 0.008011): 0.000001);

(8_A7H2S8, 10_A8FMC9, (9_Q4HGL6, (11_Q4HSX5, (12_B9KCJ3, (5_B9L9C9, (4_A6Q4P9, (((6_Q7M801, 34_O25773) 74 , (1_A8ESD3, (2_A6QB49, 3_Q30SG1) 76 ) 75 ) 73 , (7_D1B3R8, (48_Q8DJK6, ((54_A5GR65, (63_A3Z0Q5, ((36_Q7U8F7, (40_Q3AI18, (25_Q3AZ60, 33_Q063Z3) 85 ) 84 ) 83 , ((((50_A3Z9Z6, 53_Q05SE6) 89 , (32_A4CWK7, 39_A5GJ84) 90 ) 88 , 61_Q0ICK3) 87 , ((18_A2CBM1, 24_Q7V8W5) 92 , ((52_A9BE14, 51_Q7VDI3) 94 , ((59_A2BV56, (55_Q7V2S1, (60_Q31CE2, (62_A2BPM4, (65_A8G3A8, 64_A3PBB4) 100 ) 99 ) 98 ) 97 ) 96 , (38_A2C0K2, 45_Q46H15) 101 ) 95 ) 93 ) 91 ) 86 ) 82 ) 81 ) 80 , ((16_Q2JKS6, 31_Q2JW11) 103 , (29_Q7NMR1, ((42_Q5N0E5, 43_Q31LI1) 106 , ((49_A0YZ90, (47_B5W9K8, 37_Q10V93) 109 ) 108 , ((46_B9YSW9, ((14_Q8YZH2, 17_Q3M924) 113 , (23_B2J1K7, 26_A0ZMZ3) 114 ) 112 ) 111 , (21_B1XQL1, ((35_B8HPI1, 27_B0CBS3) 117 , ((13_P74572, (58_B7LMJ9, (57_P0A9L8, 56_B7MPE7) 121 ) 120 ) 119 , (((19_C7QUK5, 20_B7JW57) 124 , (44_Q4C649, (15_B1WT41, 28_A3IWN8) 126 ) 125 ) 123 , (22_B0JHK0, (30_B7KDJ1, 41_B4AV72) 128 ) 127 ) 122 ) 118 ) 116 ) 115 ) 110 ) 107 ) 105 ) 104 ) 102 ) 79 ) 78 ) 77 ) 72 ) 71 ) 70 ) 69 ) 68 ) 67 ) 66 ;

Detailed output identifying parameters

alpha (gamma, K = 4) =  0.88217
rate:   0.11289  0.43823  0.97736  2.47152
freq:   0.25000  0.25000  0.25000  0.25000

Time used:  5:07
