AAML (in paml version 4.6, August 2012)  292.aa
Model: Empirical for branches,  Global clock  (../../../bin/LG.dat) dGamma (ncatG=4) ns =  65  ls = 284


Frequencies..
                                    A      R      N      D      C      Q      E      G      H      I      L      K      M      F      P      S      T      W      Y      V
A8EVH0                         0.05986 0.02817 0.03521 0.07042 0.01056 0.01408 0.08451 0.05282 0.02113 0.10563 0.09155 0.13380 0.02817 0.02817 0.03169 0.03521 0.04930 0.00704 0.04225 0.07042
D1B1T7                         0.05986 0.03521 0.03873 0.05282 0.00352 0.05282 0.07394 0.04577 0.02113 0.12324 0.10915 0.09859 0.02113 0.03521 0.02817 0.05986 0.05282 0.00704 0.03169 0.04930
A6Q3Q3                         0.05282 0.03521 0.03521 0.05634 0.00352 0.02817 0.08099 0.04930 0.02113 0.10211 0.11620 0.11972 0.02113 0.03873 0.04225 0.03521 0.04930 0.00704 0.03521 0.07042
A6QAX0                         0.05634 0.03873 0.03521 0.04930 0.00000 0.03169 0.10211 0.05986 0.02465 0.09155 0.09155 0.11268 0.03169 0.04577 0.02465 0.04577 0.05282 0.00352 0.02465 0.07746
Q7M8Z8                         0.06690 0.03169 0.02465 0.04930 0.00352 0.04225 0.08803 0.07042 0.02113 0.06690 0.11620 0.10563 0.02465 0.04930 0.03873 0.05986 0.03521 0.00704 0.02113 0.07746
Q30QS6                         0.05282 0.03521 0.04577 0.05986 0.00352 0.03873 0.07746 0.06338 0.01408 0.11268 0.09507 0.10211 0.02817 0.03873 0.03169 0.07042 0.03521 0.00352 0.03169 0.05986
B9L5M2                         0.04930 0.03169 0.03169 0.05986 0.00000 0.01056 0.10563 0.06690 0.02113 0.09155 0.14085 0.12676 0.01408 0.02465 0.03873 0.04225 0.02817 0.01056 0.04225 0.06338
B9KGA1                         0.05986 0.02465 0.05986 0.05634 0.00352 0.03169 0.06338 0.02817 0.02817 0.13380 0.09859 0.12676 0.02113 0.03873 0.02817 0.06338 0.04225 0.00352 0.04225 0.04577
A8FL79                         0.05634 0.02465 0.05282 0.05634 0.00352 0.02465 0.07042 0.03873 0.02465 0.08803 0.13028 0.13028 0.01408 0.04577 0.02465 0.08803 0.04577 0.00352 0.03169 0.04577
Q4HHY1                         0.04577 0.02113 0.06690 0.04930 0.01408 0.03169 0.06690 0.03521 0.01761 0.11268 0.11972 0.12676 0.01761 0.05634 0.02817 0.07746 0.04225 0.00352 0.02817 0.03873
A7H4F3                         0.05282 0.02465 0.06338 0.05282 0.00704 0.02465 0.07746 0.03521 0.02113 0.08803 0.12676 0.12676 0.01056 0.05282 0.02113 0.08803 0.04577 0.00352 0.02817 0.04930
Q4HS36                         0.05986 0.02465 0.03873 0.04577 0.01056 0.04930 0.07746 0.02465 0.02817 0.08803 0.13380 0.11972 0.02113 0.04930 0.02465 0.08099 0.04225 0.00352 0.02465 0.05282
P56059                         0.07042 0.02465 0.04225 0.05282 0.01761 0.05634 0.07394 0.03873 0.02817 0.07746 0.13732 0.11620 0.02465 0.03873 0.02465 0.07042 0.02465 0.00704 0.02113 0.05282
Q2JHI1                         0.09859 0.07042 0.02113 0.04577 0.00704 0.06338 0.04577 0.06338 0.02817 0.08099 0.12324 0.03873 0.00352 0.02113 0.06690 0.04577 0.04930 0.01056 0.02465 0.09155
Q7ND14                         0.05986 0.08803 0.02113 0.03873 0.00000 0.04225 0.07042 0.08451 0.02113 0.07394 0.10211 0.04930 0.01761 0.02817 0.05282 0.05986 0.04930 0.00704 0.02465 0.10915
A0ZHM4                         0.06690 0.05986 0.02465 0.04577 0.00352 0.07394 0.05634 0.07746 0.02113 0.10211 0.10563 0.04930 0.01408 0.03521 0.05634 0.04577 0.05634 0.00704 0.01761 0.08099
A0YYZ5                         0.04930 0.06338 0.02465 0.04225 0.00000 0.09155 0.04930 0.08099 0.02465 0.10211 0.10211 0.04577 0.01761 0.02465 0.05986 0.05634 0.05282 0.00704 0.02465 0.08099
Q3M4H1                         0.06338 0.05282 0.02113 0.04225 0.00352 0.06690 0.06338 0.07394 0.03169 0.09155 0.10563 0.05634 0.01056 0.02817 0.05282 0.05282 0.05634 0.00704 0.02113 0.09859
Q8YYD8                         0.06690 0.05282 0.01761 0.03873 0.00352 0.06690 0.06690 0.07394 0.03169 0.09155 0.10563 0.05986 0.01056 0.02817 0.05634 0.04930 0.05282 0.00704 0.02113 0.09859
B9YMS4                         0.07394 0.05282 0.01761 0.04577 0.00352 0.05986 0.07042 0.07746 0.02465 0.10563 0.10915 0.06338 0.01056 0.03169 0.04225 0.04577 0.05986 0.00704 0.01761 0.08099
B2J752                         0.07042 0.05282 0.02113 0.04225 0.00352 0.06690 0.07042 0.07394 0.01761 0.10211 0.10915 0.05282 0.01408 0.02817 0.04930 0.06338 0.04930 0.00704 0.02113 0.08451
Q110F4                         0.06690 0.05282 0.02465 0.04225 0.00000 0.08803 0.05282 0.08099 0.01056 0.11972 0.10563 0.05634 0.01761 0.01761 0.03873 0.04577 0.04930 0.01056 0.03169 0.08803
A9BBP7                         0.04577 0.07042 0.03873 0.02817 0.01056 0.05634 0.08099 0.07394 0.02817 0.07746 0.12324 0.04225 0.01056 0.03873 0.05282 0.05986 0.04930 0.01056 0.01408 0.08803
Q8DMQ5                         0.08099 0.08451 0.02113 0.03169 0.00352 0.07042 0.05634 0.07394 0.03169 0.07394 0.10563 0.03521 0.01056 0.02817 0.06690 0.02465 0.07042 0.00704 0.03169 0.09155
B0C2B8                         0.07394 0.05634 0.01761 0.03169 0.00704 0.07746 0.04577 0.05986 0.02465 0.09155 0.11620 0.07394 0.02113 0.02817 0.05986 0.03873 0.06338 0.00704 0.02113 0.08451
Q46JI9                         0.04225 0.04930 0.04577 0.03521 0.01761 0.03873 0.07746 0.07042 0.02113 0.10563 0.09507 0.08099 0.01056 0.05634 0.04577 0.07394 0.04225 0.01056 0.01408 0.06690
Q5N2D4                         0.08803 0.06690 0.01761 0.04225 0.00352 0.07746 0.06338 0.07042 0.01761 0.08099 0.09859 0.04225 0.02113 0.02817 0.05634 0.05282 0.05634 0.00704 0.02113 0.08803
Q31RX7                         0.08803 0.06690 0.01761 0.04225 0.00352 0.07746 0.06338 0.07042 0.01761 0.08099 0.09859 0.04225 0.02113 0.02817 0.05634 0.05282 0.05634 0.00704 0.02113 0.08803
A2BSK2                         0.03873 0.05986 0.04930 0.04225 0.00704 0.03169 0.08451 0.07394 0.01761 0.09155 0.10563 0.08451 0.01761 0.03873 0.03873 0.05986 0.04930 0.00704 0.02113 0.08099
A2BXY8                         0.03169 0.03873 0.04577 0.03521 0.00704 0.02817 0.07394 0.07042 0.01761 0.10211 0.11268 0.10915 0.01761 0.03521 0.03521 0.06690 0.05986 0.00704 0.02113 0.08451
Q2JV43                         0.09155 0.07042 0.01761 0.04225 0.00704 0.05986 0.04930 0.07042 0.03169 0.07394 0.11268 0.04225 0.00704 0.02465 0.07042 0.04577 0.04577 0.01056 0.02465 0.10211
A8G691                         0.03169 0.05634 0.05634 0.04225 0.00704 0.03521 0.07746 0.07042 0.01761 0.08803 0.10563 0.08803 0.01761 0.03873 0.03873 0.06338 0.04930 0.00704 0.01761 0.09155
B0JVJ7                         0.06690 0.05986 0.04577 0.03873 0.00000 0.04930 0.07042 0.07042 0.01408 0.08803 0.10915 0.05986 0.01408 0.03521 0.04930 0.06338 0.05634 0.00704 0.02465 0.07746
A2C447                         0.04225 0.04930 0.03873 0.03521 0.01761 0.03873 0.07746 0.07042 0.02113 0.11268 0.09859 0.08099 0.01056 0.04930 0.04577 0.07394 0.04225 0.01056 0.01761 0.06690
B1XPH0                         0.08451 0.06690 0.02817 0.04225 0.00000 0.07746 0.05634 0.07042 0.02113 0.10211 0.10563 0.06690 0.01056 0.02817 0.04930 0.03521 0.04930 0.00704 0.02113 0.07746
B5W9G1                         0.05634 0.05282 0.02817 0.04577 0.00000 0.07746 0.04577 0.07746 0.02465 0.09155 0.10563 0.06338 0.01761 0.02465 0.04225 0.05634 0.05634 0.01056 0.03169 0.09155
Q7U5T2                         0.09155 0.07042 0.01408 0.03521 0.01056 0.05282 0.07746 0.09155 0.02465 0.05282 0.13028 0.03873 0.02465 0.01056 0.05634 0.04930 0.04577 0.01056 0.01408 0.09859
Q319K8                         0.03521 0.05634 0.05634 0.03873 0.00704 0.03169 0.08451 0.07042 0.01408 0.09155 0.11268 0.08099 0.02113 0.03521 0.03873 0.06338 0.04930 0.00704 0.02113 0.08451
Q7V0H6                         0.03873 0.03521 0.05634 0.03873 0.00704 0.02817 0.07394 0.07042 0.01761 0.09507 0.11620 0.10211 0.01761 0.03169 0.03873 0.05986 0.05282 0.00704 0.01761 0.09507
C7QM72                         0.05282 0.04577 0.04225 0.03521 0.00000 0.08099 0.07394 0.07394 0.01408 0.10915 0.09859 0.05282 0.01408 0.02817 0.05282 0.04930 0.05986 0.00704 0.02817 0.08099
B7K414                         0.05634 0.04577 0.04225 0.03521 0.00000 0.08099 0.07042 0.07394 0.01408 0.10915 0.09859 0.05282 0.01408 0.02817 0.05282 0.04930 0.05986 0.00704 0.02817 0.08099
A3PEB4                         0.03873 0.05634 0.05634 0.04225 0.01056 0.03169 0.08451 0.07042 0.01761 0.09507 0.10563 0.08099 0.02113 0.03873 0.03873 0.05986 0.04930 0.00704 0.01761 0.07746
Q7VAU9                         0.04225 0.05986 0.04225 0.03521 0.01056 0.03521 0.06338 0.08803 0.01408 0.09507 0.10915 0.07746 0.01056 0.03873 0.05282 0.06690 0.04577 0.01056 0.01408 0.08803
A5GUR1                         0.05634 0.07042 0.02465 0.03873 0.00704 0.04225 0.08451 0.08803 0.02465 0.04930 0.14085 0.04577 0.02113 0.01761 0.05986 0.05986 0.04577 0.00352 0.01408 0.10563
A5GMI7                         0.08451 0.07042 0.01408 0.04225 0.01408 0.06338 0.07394 0.08451 0.02465 0.04930 0.13380 0.03521 0.01761 0.01056 0.06690 0.03873 0.04577 0.01056 0.01408 0.10563
Q55526                         0.06338 0.06338 0.02817 0.03521 0.00352 0.08099 0.05986 0.07042 0.01761 0.07746 0.10211 0.04930 0.01056 0.03873 0.05634 0.05986 0.06338 0.00704 0.02113 0.09155
A3INF0                         0.04577 0.04930 0.03873 0.03521 0.00000 0.07394 0.05986 0.07394 0.01761 0.12676 0.09155 0.07042 0.01408 0.03169 0.04577 0.05634 0.06690 0.00704 0.02817 0.06690
Q05WY4                         0.08099 0.06338 0.02465 0.04225 0.01056 0.06690 0.07394 0.07394 0.02465 0.04930 0.12676 0.04225 0.01761 0.01408 0.05986 0.04577 0.05282 0.01056 0.01408 0.10563
Q3AL77                         0.09859 0.07042 0.01761 0.03521 0.01056 0.04930 0.07746 0.08451 0.02113 0.04577 0.13732 0.04225 0.01761 0.01056 0.05634 0.03873 0.04930 0.01056 0.01761 0.10915
B1WT49                         0.04930 0.04225 0.04225 0.03521 0.00000 0.07042 0.06338 0.07042 0.01408 0.12324 0.08803 0.07746 0.01408 0.03169 0.04930 0.05634 0.06690 0.00704 0.02465 0.07394
Q4C234                         0.05634 0.04577 0.04577 0.03521 0.00000 0.06690 0.06338 0.07394 0.01408 0.12676 0.09155 0.07394 0.01761 0.03169 0.04577 0.05986 0.05634 0.00704 0.02817 0.05986
Q0IC35                         0.07746 0.07394 0.02113 0.05282 0.01056 0.04930 0.06690 0.08451 0.01761 0.05986 0.14085 0.04225 0.01761 0.01408 0.05634 0.04930 0.04577 0.01056 0.01408 0.09507
Q7V8J1                         0.08099 0.07394 0.01761 0.03169 0.01761 0.05986 0.08099 0.08451 0.02113 0.04930 0.13380 0.03521 0.01761 0.01056 0.05634 0.04577 0.04225 0.01056 0.01761 0.11268
Q3AX07                         0.07394 0.07042 0.01761 0.04930 0.01056 0.04930 0.06690 0.08451 0.03169 0.04930 0.14085 0.04225 0.01761 0.01056 0.05634 0.04930 0.04930 0.01056 0.01761 0.10211
Q060C5                         0.07394 0.07042 0.01761 0.04930 0.01056 0.04930 0.06690 0.08451 0.02817 0.04930 0.14085 0.04225 0.01761 0.01056 0.05634 0.04930 0.04930 0.01056 0.02113 0.10211
A3ZAC0                         0.09155 0.07042 0.01408 0.04577 0.01408 0.05986 0.06690 0.07746 0.02465 0.05634 0.14085 0.03873 0.01408 0.01056 0.06338 0.04225 0.04225 0.01056 0.01408 0.10211
B7KA73                         0.07042 0.05282 0.04225 0.03873 0.00000 0.06338 0.06690 0.07042 0.01761 0.08099 0.11620 0.05282 0.01761 0.03169 0.05282 0.05634 0.04577 0.00704 0.02465 0.09155
A2CB29                         0.08099 0.07394 0.01761 0.03169 0.01408 0.05986 0.08099 0.08451 0.02113 0.04930 0.13380 0.03873 0.01761 0.01408 0.06338 0.03873 0.04225 0.01056 0.01408 0.11268
A3YV73                         0.09507 0.07746 0.02113 0.03521 0.00704 0.03521 0.07394 0.07746 0.02113 0.04225 0.15141 0.03873 0.00704 0.02113 0.06690 0.06338 0.03521 0.00704 0.01408 0.10915
A4CW55                         0.08803 0.07394 0.01408 0.04225 0.01408 0.05986 0.07042 0.08099 0.02465 0.04930 0.13380 0.03521 0.01761 0.01056 0.06338 0.04225 0.04930 0.01056 0.01408 0.10563
P06616                         0.07042 0.06338 0.03521 0.05282 0.00352 0.02817 0.08451 0.07394 0.02817 0.08803 0.09155 0.06338 0.02817 0.02817 0.03521 0.05282 0.04930 0.01056 0.02465 0.08803
B7MYJ7                         0.07042 0.06338 0.03521 0.05634 0.00352 0.02817 0.08099 0.07394 0.02817 0.08803 0.09155 0.06338 0.02817 0.02817 0.03521 0.05282 0.04930 0.01056 0.02465 0.08803
B7LUZ8                         0.07042 0.06338 0.03521 0.05634 0.00352 0.02817 0.08099 0.07394 0.02817 0.08803 0.09155 0.06338 0.02817 0.02817 0.03521 0.05282 0.04930 0.01056 0.02465 0.08803
B8HSV1                         0.07746 0.05282 0.01761 0.04577 0.00000 0.05634 0.04930 0.08099 0.02113 0.07394 0.11972 0.05634 0.01761 0.02817 0.05634 0.05634 0.06690 0.00704 0.02113 0.09507
B4AZE1                         0.06338 0.04930 0.04577 0.03873 0.00000 0.06690 0.07042 0.07042 0.02113 0.08451 0.10563 0.05282 0.01408 0.02817 0.05282 0.04930 0.05282 0.00704 0.02817 0.09859

Homogeneity statistic: X2 = 5.03094 G = 5.19183 

Average                        0.06457 0.05460 0.03277 0.04334 0.00612 0.05233 0.07080 0.06999 0.02183 0.08640 0.11360 0.06950 0.01717 0.02985 0.04756 0.05482 0.04995 0.00785 0.02291 0.08402

# constant sites:     29 (10.21%)
ln Lmax (unconstrained) = -1578.648687

AA distances (raw proportions of different sites)

A8EVH0         
D1B1T7           0.3592
A6Q3Q3           0.3873  0.3345
A6QAX0           0.3768  0.3838  0.3099
Q7M8Z8           0.3979  0.3979  0.3697  0.3662
Q30QS6           0.3979  0.3944  0.3873  0.3627  0.4225
B9L5M2           0.4296  0.4437  0.3627  0.4049  0.4789  0.4542
B9KGA1           0.4718  0.5000  0.4648  0.5246  0.5317  0.4930  0.5317
A8FL79           0.5000  0.5176  0.4824  0.5423  0.5387  0.5176  0.5458  0.3275
Q4HHY1           0.5141  0.5211  0.4930  0.5528  0.5599  0.5211  0.5493  0.3521  0.1901
A7H4F3           0.5106  0.5317  0.4965  0.5528  0.5528  0.5317  0.5599  0.3380  0.0423  0.2042
Q4HS36           0.5317  0.5599  0.5176  0.5775  0.5704  0.5423  0.5739  0.3944  0.2500  0.2570  0.2606
P56059           0.5211  0.4965  0.4754  0.4648  0.4261  0.4754  0.5000  0.5845  0.5669  0.5739  0.5775  0.5880
Q2JHI1           0.6549  0.6303  0.6268  0.6620  0.6303  0.6549  0.6268  0.6866  0.6655  0.6549  0.6761  0.6831  0.6761
Q7ND14           0.6620  0.6127  0.5951  0.6127  0.6197  0.6479  0.6056  0.7042  0.6761  0.6690  0.6866  0.6937  0.6620  0.3592
A0ZHM4           0.6549  0.6268  0.6268  0.6373  0.6303  0.6549  0.6162  0.6725  0.6655  0.6549  0.6761  0.6866  0.6655  0.3345  0.3486
A0YYZ5           0.6514  0.6092  0.6268  0.6514  0.6303  0.6549  0.5986  0.6761  0.6514  0.6479  0.6585  0.6866  0.6690  0.3380  0.3451  0.1866
Q3M4H1           0.6479  0.6338  0.6162  0.6338  0.6373  0.6549  0.6127  0.6655  0.6585  0.6514  0.6655  0.6866  0.6585  0.3310  0.3662  0.1232  0.2042
Q8YYD8           0.6514  0.6338  0.6197  0.6338  0.6373  0.6549  0.6056  0.6655  0.6549  0.6479  0.6620  0.6866  0.6585  0.3275  0.3627  0.1232  0.2007  0.0141
B9YMS4           0.6444  0.6549  0.6373  0.6479  0.6303  0.6514  0.6197  0.6796  0.6690  0.6655  0.6761  0.6901  0.6690  0.3732  0.3944  0.1620  0.2394  0.1268  0.1303
B2J752           0.6585  0.6479  0.6338  0.6408  0.6232  0.6655  0.6268  0.6690  0.6655  0.6549  0.6725  0.6901  0.6655  0.3556  0.3697  0.1408  0.2289  0.1162  0.1197  0.1338
Q110F4           0.6585  0.6197  0.6373  0.6479  0.6268  0.6549  0.6092  0.6725  0.6655  0.6620  0.6796  0.7113  0.6796  0.3732  0.3803  0.2148  0.2148  0.2324  0.2289  0.2430  0.2289
A9BBP7           0.6761  0.6408  0.6021  0.6338  0.6232  0.6549  0.6162  0.6901  0.6549  0.6549  0.6690  0.6796  0.6620  0.4155  0.4472  0.4155  0.4190  0.4225  0.4225  0.4437  0.4331  0.4190
Q8DMQ5           0.6796  0.6549  0.6092  0.6303  0.6444  0.6549  0.6162  0.7113  0.6901  0.6901  0.6972  0.6866  0.6866  0.3732  0.3944  0.3908  0.3697  0.3803  0.3732  0.4049  0.3944  0.3908  0.4261
B0C2B8           0.6655  0.6373  0.6162  0.6479  0.6444  0.6761  0.6056  0.6690  0.6655  0.6585  0.6761  0.7007  0.6585  0.3521  0.3873  0.1972  0.2324  0.2359  0.2359  0.2500  0.2430  0.2606  0.4366  0.3697
Q46JI9           0.6725  0.6268  0.6373  0.6549  0.6268  0.6373  0.6408  0.6831  0.6408  0.6514  0.6549  0.6761  0.6796  0.4401  0.4930  0.4331  0.4437  0.4472  0.4472  0.4472  0.4472  0.4683  0.3592  0.4577  0.4507
Q5N2D4           0.6761  0.6338  0.5951  0.6444  0.6232  0.6549  0.6197  0.6972  0.6866  0.6761  0.6972  0.7077  0.6620  0.3521  0.3592  0.2817  0.2782  0.2887  0.2887  0.3099  0.2923  0.2923  0.4225  0.3803  0.2817  0.4472
Q31RX7           0.6761  0.6338  0.5951  0.6444  0.6232  0.6549  0.6197  0.6972  0.6866  0.6761  0.6972  0.7077  0.6620  0.3521  0.3592  0.2817  0.2782  0.2887  0.2887  0.3099  0.2923  0.2923  0.4225  0.3803  0.2817  0.4472  0.0000
A2BSK2           0.6761  0.6514  0.6232  0.6549  0.6444  0.6620  0.6162  0.6690  0.6585  0.6620  0.6620  0.6690  0.6972  0.4754  0.4789  0.4754  0.4789  0.4789  0.4824  0.4824  0.4789  0.4894  0.4648  0.4824  0.4683  0.4049  0.4683  0.4683
A2BXY8           0.6725  0.6444  0.6197  0.6479  0.6303  0.6373  0.6021  0.6761  0.6514  0.6549  0.6620  0.6690  0.6866  0.4577  0.4683  0.4542  0.4437  0.4648  0.4683  0.4754  0.4648  0.4683  0.4437  0.4859  0.4472  0.3908  0.4507  0.4507  0.1725
Q2JV43           0.6549  0.6338  0.6092  0.6549  0.6268  0.6620  0.6197  0.6866  0.6725  0.6620  0.6866  0.6866  0.6690  0.0810  0.3592  0.3099  0.3028  0.2923  0.2887  0.3415  0.3275  0.3627  0.4190  0.3697  0.3310  0.4261  0.3415  0.3415  0.4613  0.4366
A8G691           0.6761  0.6479  0.6197  0.6444  0.6479  0.6620  0.6197  0.6690  0.6620  0.6585  0.6655  0.6725  0.7042  0.4824  0.4754  0.4789  0.4789  0.4754  0.4789  0.4859  0.4824  0.4930  0.4577  0.4894  0.4648  0.4120  0.4683  0.4683  0.0493  0.1796  0.4648
B0JVJ7           0.6620  0.6338  0.6021  0.6373  0.6303  0.6620  0.5986  0.6901  0.6655  0.6655  0.6690  0.7042  0.6690  0.3873  0.3838  0.2500  0.2887  0.2641  0.2676  0.2782  0.2641  0.3028  0.4648  0.3979  0.2817  0.4648  0.3204  0.3204  0.4577  0.4507  0.3592  0.4577
A2C447           0.6761  0.6303  0.6408  0.6549  0.6303  0.6408  0.6408  0.6866  0.6444  0.6549  0.6585  0.6796  0.6831  0.4401  0.4930  0.4366  0.4437  0.4472  0.4472  0.4472  0.4472  0.4683  0.3592  0.4577  0.4507  0.0141  0.4472  0.4472  0.4085  0.3944  0.4261  0.4155  0.4648
B1XPH0           0.6725  0.6338  0.6021  0.6338  0.6408  0.6549  0.6232  0.6866  0.6796  0.6831  0.6901  0.7077  0.6338  0.3697  0.3979  0.2887  0.3099  0.2993  0.2958  0.3239  0.3099  0.3099  0.4401  0.3592  0.2782  0.4824  0.3099  0.3099  0.4754  0.4613  0.3451  0.4683  0.3099  0.4824
B5W9G1           0.6620  0.6197  0.6268  0.6444  0.6373  0.6549  0.6021  0.6655  0.6620  0.6549  0.6761  0.6937  0.6514  0.3627  0.3662  0.2042  0.1901  0.2077  0.2077  0.2324  0.2289  0.2183  0.4331  0.3697  0.2500  0.4437  0.2887  0.2887  0.4401  0.4190  0.3415  0.4437  0.2817  0.4437  0.2993
Q7U5T2           0.6725  0.6373  0.6303  0.6444  0.6056  0.6655  0.6162  0.7218  0.6796  0.7077  0.6937  0.6866  0.6690  0.4049  0.4120  0.4049  0.4014  0.4014  0.4014  0.4190  0.4120  0.4014  0.2958  0.4014  0.4120  0.3521  0.4014  0.4014  0.4296  0.4366  0.3979  0.4401  0.4261  0.3521  0.4049  0.4155
Q319K8           0.6831  0.6549  0.6232  0.6514  0.6514  0.6585  0.6092  0.6690  0.6620  0.6549  0.6655  0.6761  0.6972  0.4754  0.4648  0.4613  0.4718  0.4718  0.4754  0.4683  0.4648  0.4789  0.4542  0.4718  0.4613  0.3768  0.4577  0.4577  0.0915  0.1725  0.4648  0.1127  0.4366  0.3803  0.4648  0.4331  0.4296
Q7V0H6           0.6725  0.6479  0.6197  0.6514  0.6444  0.6408  0.5986  0.6690  0.6444  0.6585  0.6514  0.6655  0.6796  0.4648  0.4683  0.4613  0.4577  0.4718  0.4754  0.4824  0.4683  0.4718  0.4472  0.4859  0.4577  0.3979  0.4648  0.4648  0.1373  0.0704  0.4577  0.1620  0.4648  0.4014  0.4577  0.4331  0.4225  0.1444
C7QM72           0.6690  0.6408  0.6127  0.6268  0.6127  0.6479  0.6056  0.6761  0.6655  0.6620  0.6761  0.7007  0.6796  0.3697  0.3697  0.2641  0.2746  0.2782  0.2746  0.2993  0.2782  0.2887  0.4542  0.3944  0.2676  0.4507  0.3345  0.3345  0.4683  0.4577  0.3521  0.4683  0.2359  0.4472  0.3134  0.2782  0.4261  0.4507  0.4718
B7K414           0.6690  0.6408  0.6127  0.6268  0.6162  0.6479  0.6056  0.6796  0.6655  0.6620  0.6761  0.7007  0.6796  0.3662  0.3697  0.2676  0.2746  0.2746  0.2711  0.2993  0.2817  0.2852  0.4507  0.3908  0.2711  0.4542  0.3380  0.3380  0.4683  0.4577  0.3486  0.4683  0.2359  0.4507  0.3099  0.2746  0.4261  0.4507  0.4718  0.0035
A3PEB4           0.6831  0.6479  0.6197  0.6514  0.6479  0.6655  0.6232  0.6690  0.6585  0.6620  0.6620  0.6655  0.7042  0.4859  0.4789  0.4789  0.4789  0.4824  0.4859  0.4824  0.4824  0.4930  0.4718  0.4859  0.4718  0.4120  0.4683  0.4683  0.0352  0.1761  0.4648  0.0528  0.4613  0.4155  0.4754  0.4437  0.4401  0.0951  0.1549  0.4683  0.4683
Q7VAU9           0.6831  0.6373  0.6162  0.6549  0.6479  0.6479  0.6338  0.7007  0.6514  0.6690  0.6655  0.6866  0.7042  0.4331  0.4401  0.4331  0.4296  0.4401  0.4401  0.4472  0.4401  0.4437  0.3028  0.4577  0.4472  0.3415  0.4507  0.4507  0.4261  0.4190  0.4437  0.4261  0.4613  0.3451  0.4542  0.4366  0.3169  0.4155  0.4225  0.4648  0.4648  0.4366
A5GUR1           0.6901  0.6479  0.6197  0.6585  0.6373  0.6761  0.6162  0.7077  0.6866  0.6866  0.6937  0.7077  0.6831  0.4120  0.4225  0.3838  0.3838  0.3979  0.3979  0.4085  0.4085  0.4120  0.3556  0.4190  0.3803  0.3979  0.3697  0.3697  0.4155  0.4120  0.4049  0.4120  0.4155  0.3979  0.4014  0.4085  0.2852  0.4085  0.4190  0.4331  0.4331  0.4155  0.3451
A5GMI7           0.6831  0.6408  0.6303  0.6549  0.6162  0.6655  0.6197  0.7183  0.6796  0.6901  0.6901  0.6937  0.6866  0.3908  0.4085  0.3768  0.3979  0.3873  0.3873  0.4049  0.3944  0.3979  0.2993  0.4190  0.3979  0.3592  0.3979  0.3979  0.4190  0.4331  0.3838  0.4155  0.4331  0.3592  0.3944  0.4261  0.1514  0.4155  0.4261  0.4120  0.4120  0.4190  0.2993  0.2923
Q55526           0.6761  0.6444  0.6092  0.6444  0.6408  0.6761  0.6092  0.6937  0.6972  0.6937  0.7077  0.7148  0.6831  0.3979  0.4085  0.3099  0.3239  0.3063  0.3028  0.3239  0.3239  0.3310  0.4718  0.3627  0.2887  0.4648  0.3345  0.3345  0.4859  0.4824  0.3732  0.4930  0.2746  0.4648  0.2993  0.3063  0.4085  0.4718  0.4894  0.2923  0.2887  0.4894  0.4894  0.3732  0.3979
A3INF0           0.6725  0.6338  0.6162  0.6268  0.6373  0.6549  0.6021  0.6690  0.6549  0.6514  0.6725  0.7042  0.6796  0.3768  0.3979  0.2606  0.2641  0.2570  0.2535  0.2817  0.2641  0.2641  0.4648  0.3908  0.2535  0.4577  0.3451  0.3451  0.4613  0.4366  0.3521  0.4577  0.2465  0.4577  0.3028  0.2500  0.4472  0.4401  0.4577  0.1937  0.1901  0.4648  0.4648  0.4120  0.4437  0.2711
Q05WY4           0.6866  0.6303  0.6197  0.6514  0.6232  0.6549  0.6162  0.7254  0.6761  0.7042  0.6866  0.7042  0.6761  0.3979  0.3979  0.4049  0.4049  0.4014  0.4014  0.4190  0.4085  0.4120  0.3063  0.4049  0.4014  0.3556  0.3944  0.3944  0.4296  0.4155  0.3873  0.4155  0.4261  0.3556  0.3944  0.4225  0.1831  0.4120  0.4190  0.4085  0.4085  0.4296  0.3310  0.2852  0.1303  0.4085  0.4507
Q3AL77           0.6831  0.6444  0.6303  0.6514  0.6232  0.6690  0.6127  0.7324  0.6831  0.7113  0.6972  0.6937  0.6796  0.3944  0.4120  0.4049  0.3944  0.4049  0.4014  0.4225  0.4225  0.4190  0.2958  0.4049  0.4049  0.3556  0.4085  0.4085  0.4190  0.4261  0.3803  0.4190  0.4261  0.3556  0.4014  0.4120  0.0810  0.4120  0.4085  0.4296  0.4296  0.4225  0.3204  0.2817  0.1725  0.4190  0.4507  0.1796
B1WT49           0.6655  0.6268  0.6162  0.6303  0.6338  0.6514  0.5986  0.6690  0.6690  0.6690  0.6796  0.7042  0.6796  0.3944  0.4049  0.2817  0.2711  0.2923  0.2887  0.3028  0.2923  0.2746  0.4754  0.3873  0.2817  0.4507  0.3415  0.3415  0.4613  0.4296  0.3732  0.4577  0.2535  0.4507  0.3063  0.2746  0.4507  0.4401  0.4472  0.1937  0.1937  0.4577  0.4577  0.4190  0.4331  0.2923  0.0986  0.4366  0.4366
Q4C234           0.6655  0.6373  0.6268  0.6373  0.6444  0.6585  0.5986  0.6725  0.6620  0.6549  0.6690  0.7007  0.6901  0.3944  0.4049  0.2782  0.2782  0.2852  0.2817  0.3099  0.2887  0.2887  0.4577  0.4014  0.2782  0.4507  0.3592  0.3592  0.4683  0.4401  0.3768  0.4613  0.2359  0.4507  0.2993  0.2711  0.4401  0.4437  0.4577  0.1761  0.1725  0.4683  0.4472  0.4120  0.4437  0.2887  0.1162  0.4401  0.4366  0.0951
Q0IC35           0.6901  0.6338  0.6232  0.6549  0.6127  0.6690  0.6092  0.7148  0.6866  0.6937  0.6972  0.6937  0.6761  0.4049  0.4085  0.3873  0.3944  0.3873  0.3873  0.4049  0.4049  0.4190  0.2993  0.4296  0.3944  0.3275  0.4049  0.4049  0.4120  0.4014  0.3873  0.4085  0.4366  0.3310  0.4049  0.4155  0.1725  0.3979  0.3944  0.4155  0.4155  0.4120  0.2923  0.2817  0.1162  0.4331  0.4401  0.1479  0.1690  0.4401  0.4437
Q7V8J1           0.6761  0.6338  0.6162  0.6408  0.6092  0.6514  0.6021  0.7218  0.6725  0.6901  0.6901  0.7007  0.6620  0.4190  0.4225  0.4085  0.4049  0.3908  0.3873  0.4225  0.4225  0.4120  0.2923  0.4331  0.4190  0.3486  0.3979  0.3979  0.4190  0.4261  0.4085  0.4225  0.4331  0.3521  0.4331  0.4225  0.1444  0.4085  0.4120  0.4261  0.4261  0.4225  0.3099  0.2958  0.1761  0.4366  0.4577  0.1901  0.1444  0.4542  0.4613  0.1796
Q3AX07           0.6725  0.6408  0.6197  0.6549  0.6056  0.6761  0.6197  0.7218  0.6796  0.7077  0.6937  0.6937  0.6761  0.3838  0.4190  0.3944  0.3944  0.3908  0.3908  0.4049  0.4085  0.4014  0.3169  0.4085  0.4085  0.3345  0.3979  0.3979  0.4296  0.4190  0.3838  0.4331  0.4296  0.3345  0.4155  0.4085  0.1232  0.4225  0.4190  0.4296  0.4296  0.4366  0.3275  0.2817  0.1972  0.4261  0.4401  0.2113  0.1232  0.4472  0.4472  0.1725  0.1585
Q060C5           0.6725  0.6408  0.6197  0.6549  0.6056  0.6761  0.6232  0.7218  0.6796  0.7077  0.6937  0.6937  0.6761  0.3873  0.4190  0.3944  0.3979  0.3908  0.3908  0.4049  0.4085  0.4014  0.3204  0.4155  0.4085  0.3345  0.3979  0.3979  0.4296  0.4190  0.3908  0.4331  0.4296  0.3310  0.4190  0.4120  0.1303  0.4225  0.4190  0.4296  0.4296  0.4366  0.3275  0.2887  0.2007  0.4296  0.4401  0.2183  0.1268  0.4472  0.4472  0.1761  0.1655  0.0106
A3ZAC0           0.6796  0.6408  0.6268  0.6479  0.6127  0.6585  0.6056  0.7254  0.6866  0.6972  0.6972  0.6937  0.6690  0.3873  0.4014  0.3732  0.3944  0.3838  0.3838  0.4049  0.3944  0.4085  0.3028  0.4120  0.3908  0.3521  0.3944  0.3944  0.4225  0.4085  0.3803  0.4155  0.4261  0.3521  0.3908  0.4225  0.1479  0.4085  0.4085  0.4190  0.4190  0.4261  0.3028  0.2852  0.1162  0.4155  0.4542  0.1232  0.1585  0.4437  0.4437  0.1268  0.1761  0.1796  0.1831
B7KA73           0.6585  0.6444  0.6021  0.6373  0.6232  0.6620  0.6021  0.6866  0.6620  0.6655  0.6725  0.7007  0.6585  0.3732  0.3803  0.2430  0.2535  0.2430  0.2394  0.2676  0.2641  0.2746  0.4507  0.3732  0.2500  0.4542  0.3169  0.3169  0.4683  0.4472  0.3451  0.4718  0.2113  0.4577  0.2993  0.2535  0.4261  0.4577  0.4613  0.1901  0.1866  0.4718  0.4542  0.4120  0.4085  0.2500  0.2113  0.4225  0.4261  0.2218  0.2148  0.4120  0.4049  0.4155  0.4155  0.4085
A2CB29           0.6761  0.6338  0.6162  0.6479  0.6127  0.6585  0.6056  0.7254  0.6761  0.6937  0.6937  0.6972  0.6690  0.4120  0.4225  0.4120  0.4014  0.3944  0.3908  0.4296  0.4261  0.4120  0.2923  0.4261  0.4155  0.3521  0.3944  0.3944  0.4190  0.4261  0.4014  0.4261  0.4366  0.3556  0.4331  0.4261  0.1444  0.4085  0.4120  0.4296  0.4296  0.4225  0.3028  0.2923  0.1725  0.4331  0.4613  0.1901  0.1408  0.4542  0.4613  0.1796  0.0246  0.1585  0.1655  0.1725  0.4155
A3YV73           0.6972  0.6549  0.6092  0.6514  0.6338  0.6761  0.5986  0.7148  0.6866  0.7007  0.6972  0.7077  0.6796  0.4120  0.4155  0.3838  0.3944  0.3873  0.3838  0.3979  0.4085  0.4120  0.3310  0.4155  0.3944  0.4049  0.3697  0.3697  0.4261  0.4225  0.4049  0.4296  0.4366  0.4049  0.4120  0.4049  0.2606  0.4085  0.4190  0.4366  0.4366  0.4261  0.3380  0.2183  0.2500  0.3944  0.4366  0.2535  0.2535  0.4331  0.4437  0.2535  0.2570  0.2606  0.2641  0.2394  0.4014  0.2500
A4CW55           0.6901  0.6479  0.6373  0.6585  0.6162  0.6725  0.6268  0.7254  0.6866  0.6901  0.6972  0.7007  0.6831  0.3944  0.4120  0.3838  0.3944  0.3873  0.3873  0.4120  0.3979  0.4014  0.3063  0.4155  0.3979  0.3556  0.4049  0.4049  0.4225  0.4261  0.3873  0.4190  0.4366  0.3556  0.3944  0.4225  0.1585  0.4120  0.4261  0.4155  0.4155  0.4261  0.3028  0.2923  0.0211  0.4014  0.4472  0.1268  0.1761  0.4401  0.4472  0.1127  0.1725  0.1937  0.1972  0.1092  0.4120  0.1690  0.2535
P06616           0.6761  0.6866  0.6549  0.6549  0.6338  0.6761  0.6162  0.6620  0.6831  0.6831  0.6866  0.7007  0.6232  0.6408  0.6338  0.6021  0.6197  0.6127  0.6162  0.6268  0.6056  0.6232  0.6303  0.6197  0.6056  0.6444  0.6127  0.6127  0.6197  0.6232  0.6338  0.6197  0.6232  0.6408  0.6127  0.6232  0.6232  0.6197  0.6268  0.6303  0.6338  0.6197  0.6690  0.6162  0.6268  0.6338  0.6232  0.6303  0.6162  0.6197  0.6338  0.6232  0.6268  0.6162  0.6127  0.6232  0.6197  0.6338  0.6303  0.6197
B7MYJ7           0.6761  0.6866  0.6549  0.6585  0.6373  0.6761  0.6162  0.6620  0.6831  0.6831  0.6866  0.7007  0.6232  0.6408  0.6338  0.6021  0.6197  0.6127  0.6162  0.6268  0.6056  0.6232  0.6338  0.6197  0.6056  0.6444  0.6127  0.6127  0.6197  0.6232  0.6338  0.6162  0.6232  0.6408  0.6127  0.6232  0.6232  0.6197  0.6268  0.6303  0.6338  0.6197  0.6690  0.6162  0.6268  0.6338  0.6232  0.6303  0.6162  0.6197  0.6338  0.6232  0.6268  0.6162  0.6127  0.6232  0.6232  0.6338  0.6303  0.6197  0.0035
B7LUZ8           0.6761  0.6866  0.6549  0.6585  0.6373  0.6761  0.6162  0.6620  0.6831  0.6831  0.6866  0.7007  0.6232  0.6408  0.6338  0.6021  0.6197  0.6127  0.6162  0.6268  0.6056  0.6232  0.6338  0.6197  0.6056  0.6444  0.6127  0.6127  0.6197  0.6232  0.6338  0.6162  0.6232  0.6408  0.6127  0.6232  0.6232  0.6197  0.6268  0.6303  0.6338  0.6197  0.6690  0.6162  0.6268  0.6338  0.6232  0.6303  0.6162  0.6197  0.6338  0.6232  0.6268  0.6162  0.6127  0.6232  0.6232  0.6338  0.6303  0.6197  0.0035  0.0000
B8HSV1           0.6655  0.6162  0.6092  0.6338  0.6232  0.6585  0.6232  0.6901  0.6901  0.6866  0.7007  0.7077  0.6514  0.3099  0.3592  0.2394  0.2606  0.2324  0.2324  0.2570  0.2535  0.2500  0.4014  0.3451  0.2394  0.4401  0.2676  0.2676  0.4683  0.4577  0.3063  0.4718  0.2852  0.4401  0.2817  0.2711  0.3803  0.4577  0.4613  0.2852  0.2817  0.4718  0.4261  0.3592  0.3662  0.2923  0.2817  0.3662  0.3803  0.3028  0.2958  0.3732  0.3803  0.3768  0.3768  0.3697  0.2535  0.3873  0.3697  0.3697  0.6162  0.6162  0.6162
B4AZE1           0.6655  0.6514  0.6162  0.6408  0.6373  0.6690  0.6162  0.6937  0.6796  0.6725  0.6866  0.7077  0.6761  0.3627  0.3732  0.2570  0.2641  0.2641  0.2606  0.2711  0.2676  0.2711  0.4507  0.3873  0.2641  0.4718  0.3099  0.3099  0.4718  0.4542  0.3451  0.4718  0.1972  0.4718  0.2993  0.2606  0.4296  0.4613  0.4718  0.2042  0.2007  0.4718  0.4613  0.4120  0.4120  0.2641  0.2077  0.4225  0.4261  0.2113  0.2183  0.4261  0.4261  0.4190  0.4190  0.4155  0.0880  0.4331  0.4049  0.4190  0.6373  0.6338  0.6338  0.2606


TREE #  1:  (9, 11, ((12, 10), (8, ((3, (7, ((63, (62, 61)), (15, ((14, 31), ((24, ((38, ((42, (29, 32)), (39, 30))), ((44, 59), (((56, ((45, 60), (48, 52))), ((53, 58), ((54, 55), (49, 37)))), (23, (43, (26, 34))))))), ((27, 28), (64, ((25, (35, (46, (((40, 41), (51, (47, 50))), ((57, 65), 33))))), ((16, ((18, 19), (20, 21))), (22, (36, 17)))))))))))), (((5, 13), (6, 4)), (2, 1))))));   MP score: 2827
lnL(ntime: 63  np: 64): -15122.400269      +0.000000
  66..9    66..11   66..67   67..68   68..12   68..10   67..69   69..8    69..70   70..71   71..3    71..72   72..7    72..73   73..74   74..63   74..75   75..62   75..61   73..76   76..15   76..77   77..78   78..14   78..31   77..79   79..80   80..24   80..81   81..82   82..38   82..83   83..84   84..42   84..85   85..29   85..32   83..86   86..39   86..30   81..87   87..88   88..44   88..59   87..89   89..90   90..91   91..56   91..92   92..93   93..45   93..60   92..94   94..48   94..52   90..95   95..96   96..53   96..58   95..97   97..98   98..54   98..55   97..99   99..49   99..37   89..100 100..23  100..101 101..43  101..102 102..26  102..34   79..103 103..104 104..27  104..28  103..105 105..64  105..106 106..107 107..25  107..108 108..35  108..109 109..46  109..110 110..111 111..112 112..40  112..41  111..113 113..51  113..114 114..47  114..50  110..115 115..116 116..57  116..65  115..33  106..117 117..118 118..16  118..119 119..120 120..18  120..19  119..121 121..20  121..21  117..122 122..22  122..123 123..36  123..17   70..124 124..125 125..126 126..5   126..13  125..127 127..6   127..4   124..128 128..2   128..1  
 0.987073 0.987072 0.299848 0.958195 0.819836 0.819835 0.798500 0.672968 0.001300 0.001300 0.533470 0.533469 0.057779 0.523254 0.512605 0.441636 0.103329 0.098405 0.033717 0.030397 0.032051 0.372416 0.209922 0.339040 0.187991 0.126726 0.103395 0.015664 0.101899 0.151095 0.016767 0.103153 0.006222 0.069756 0.295853 0.258520 0.007704 0.378145 0.000000 0.344940 0.325722 0.307848 0.284796 0.242151 0.220629 0.149293 0.002122 0.072786 0.057797 0.175831 0.063163 0.248095 0.128359 0.099569 0.009844 0.084580 0.220531 0.168517 0.627630 0.592214 0.480721 0.430157 0.492726 0.679012

tree length =  19.79447

(9: 0.987073, 11: 0.987073, ((12: 0.299848, 10: 0.299848): 0.687224, (8: 0.958195, ((3: 0.819835, (7: 0.798500, ((63: 0.001300, (62: 0.001300, 61: 0.001300): 0.000000): 0.671668, (15: 0.533470, ((14: 0.057779, 31: 0.057779): 0.475690, ((24: 0.512605, ((38: 0.103329, ((42: 0.033717, (29: 0.030397, 32: 0.030397): 0.003320): 0.064688, (39: 0.032051, 30: 0.032051): 0.066354): 0.004925): 0.338306, ((44: 0.209922, 59: 0.209922): 0.162494, (((56: 0.126726, ((45: 0.015664, 60: 0.015664): 0.087731, (48: 0.101899, 52: 0.101899): 0.001496): 0.023331): 0.061265, ((53: 0.016767, 58: 0.016767): 0.134328, ((54: 0.006222, 55: 0.006222): 0.096931, (49: 0.069756, 37: 0.069756): 0.033397): 0.047943): 0.036895): 0.151049, (23: 0.295853, (43: 0.258520, (26: 0.007704, 34: 0.007704): 0.250815): 0.037333): 0.043187): 0.033377): 0.069219): 0.070970): 0.010649, ((27: 0.000000, 28: 0.000000): 0.378145, (64: 0.344940, ((25: 0.307848, (35: 0.284796, (46: 0.242151, (((40: 0.002122, 41: 0.002122): 0.147172, (51: 0.072786, (47: 0.057797, 50: 0.057797): 0.014989): 0.076507): 0.071336, ((57: 0.063163, 65: 0.063163): 0.112668, 33: 0.175831): 0.044798): 0.021522): 0.042645): 0.023052): 0.017873, ((16: 0.128359, ((18: 0.009844, 19: 0.009844): 0.089725, (20: 0.084580, 21: 0.084580): 0.014989): 0.028790): 0.119736, (22: 0.220531, (36: 0.168517, 17: 0.168517): 0.052014): 0.027564): 0.077627): 0.019218): 0.033205): 0.145110): 0.010215): 0.000001): 0.139498): 0.125532): 0.021335): 0.000001, (((5: 0.480721, 13: 0.480721): 0.111494, (6: 0.430157, 4: 0.430157): 0.162057): 0.035415, (2: 0.492726, 1: 0.492726): 0.134904): 0.192206): 0.138359): 0.028877): 0.000001);

(A8FL79: 0.987073, A7H4F3: 0.987073, ((Q4HS36: 0.299848, Q4HHY1: 0.299848): 0.687224, (B9KGA1: 0.958195, ((A6Q3Q3: 0.819835, (B9L5M2: 0.798500, ((B7LUZ8: 0.001300, (B7MYJ7: 0.001300, P06616: 0.001300): 0.000000): 0.671668, (Q7ND14: 0.533470, ((Q2JHI1: 0.057779, Q2JV43: 0.057779): 0.475690, ((Q8DMQ5: 0.512605, ((Q319K8: 0.103329, ((A3PEB4: 0.033717, (A2BSK2: 0.030397, A8G691: 0.030397): 0.003320): 0.064688, (Q7V0H6: 0.032051, A2BXY8: 0.032051): 0.066354): 0.004925): 0.338306, ((A5GUR1: 0.209922, A3YV73: 0.209922): 0.162494, (((A3ZAC0: 0.126726, ((A5GMI7: 0.015664, A4CW55: 0.015664): 0.087731, (Q05WY4: 0.101899, Q0IC35: 0.101899): 0.001496): 0.023331): 0.061265, ((Q7V8J1: 0.016767, A2CB29: 0.016767): 0.134328, ((Q3AX07: 0.006222, Q060C5: 0.006222): 0.096931, (Q3AL77: 0.069756, Q7U5T2: 0.069756): 0.033397): 0.047943): 0.036895): 0.151049, (A9BBP7: 0.295853, (Q7VAU9: 0.258520, (Q46JI9: 0.007704, A2C447: 0.007704): 0.250815): 0.037333): 0.043187): 0.033377): 0.069219): 0.070970): 0.010649, ((Q5N2D4: 0.000000, Q31RX7: 0.000000): 0.378145, (B8HSV1: 0.344940, ((B0C2B8: 0.307848, (B1XPH0: 0.284796, (Q55526: 0.242151, (((C7QM72: 0.002122, B7K414: 0.002122): 0.147172, (Q4C234: 0.072786, (A3INF0: 0.057797, B1WT49: 0.057797): 0.014989): 0.076507): 0.071336, ((B7KA73: 0.063163, B4AZE1: 0.063163): 0.112668, B0JVJ7: 0.175831): 0.044798): 0.021522): 0.042645): 0.023052): 0.017873, ((A0ZHM4: 0.128359, ((Q3M4H1: 0.009844, Q8YYD8: 0.009844): 0.089725, (B9YMS4: 0.084580, B2J752: 0.084580): 0.014989): 0.028790): 0.119736, (Q110F4: 0.220531, (B5W9G1: 0.168517, A0YYZ5: 0.168517): 0.052014): 0.027564): 0.077627): 0.019218): 0.033205): 0.145110): 0.010215): 0.000001): 0.139498): 0.125532): 0.021335): 0.000001, (((Q7M8Z8: 0.480721, P56059: 0.480721): 0.111494, (Q30QS6: 0.430157, A6QAX0: 0.430157): 0.162057): 0.035415, (D1B1T7: 0.492726, A8EVH0: 0.492726): 0.134904): 0.192206): 0.138359): 0.028877): 0.000001);

(9_A8FL79, 11_A7H4F3, ((12_Q4HS36, 10_Q4HHY1) 68 , (8_B9KGA1, ((3_A6Q3Q3, (7_B9L5M2, ((63_B7LUZ8, (62_B7MYJ7, 61_P06616) 75 ) 74 , (15_Q7ND14, ((14_Q2JHI1, 31_Q2JV43) 78 , ((24_Q8DMQ5, ((38_Q319K8, ((42_A3PEB4, (29_A2BSK2, 32_A8G691) 85 ) 84 , (39_Q7V0H6, 30_A2BXY8) 86 ) 83 ) 82 , ((44_A5GUR1, 59_A3YV73) 88 , (((56_A3ZAC0, ((45_A5GMI7, 60_A4CW55) 93 , (48_Q05WY4, 52_Q0IC35) 94 ) 92 ) 91 , ((53_Q7V8J1, 58_A2CB29) 96 , ((54_Q3AX07, 55_Q060C5) 98 , (49_Q3AL77, 37_Q7U5T2) 99 ) 97 ) 95 ) 90 , (23_A9BBP7, (43_Q7VAU9, (26_Q46JI9, 34_A2C447) 102 ) 101 ) 100 ) 89 ) 87 ) 81 ) 80 , ((27_Q5N2D4, 28_Q31RX7) 104 , (64_B8HSV1, ((25_B0C2B8, (35_B1XPH0, (46_Q55526, (((40_C7QM72, 41_B7K414) 112 , (51_Q4C234, (47_A3INF0, 50_B1WT49) 114 ) 113 ) 111 , ((57_B7KA73, 65_B4AZE1) 116 , 33_B0JVJ7) 115 ) 110 ) 109 ) 108 ) 107 , ((16_A0ZHM4, ((18_Q3M4H1, 19_Q8YYD8) 120 , (20_B9YMS4, 21_B2J752) 121 ) 119 ) 118 , (22_Q110F4, (36_B5W9G1, 17_A0YYZ5) 123 ) 122 ) 117 ) 106 ) 105 ) 103 ) 79 ) 77 ) 76 ) 73 ) 72 ) 71 , (((5_Q7M8Z8, 13_P56059) 126 , (6_Q30QS6, 4_A6QAX0) 127 ) 125 , (2_D1B1T7, 1_A8EVH0) 128 ) 124 ) 70 ) 69 ) 67 ) 66 ;

Detailed output identifying parameters

alpha (gamma, K = 4) =  0.67901
rate:   0.06971  0.35346  0.91684  2.66000
freq:   0.25000  0.25000  0.25000  0.25000

Time used:  9:52
