AAML (in paml version 4.6, August 2012)  272.aa
Model: Empirical for branches,  (../../../bin/LG.dat) dGamma (ncatG=4) ns =  65  ls = 836


Frequencies..
                                    A      R      N      D      C      Q      E      G      H      I      L      K      M      F      P      S      T      W      Y      V
A8ETE4                         0.05502 0.04306 0.04545 0.06699 0.01555 0.03230 0.07656 0.07895 0.02033 0.09091 0.09091 0.08852 0.02273 0.03469 0.03349 0.04785 0.05502 0.00239 0.03230 0.06699
D1AZX3                         0.06100 0.04545 0.03708 0.05263 0.01794 0.03110 0.08612 0.08493 0.02273 0.09091 0.09689 0.08373 0.02033 0.03349 0.02871 0.05263 0.05024 0.00239 0.03469 0.06699
A6Q9W0                         0.06220 0.04067 0.03469 0.06818 0.01675 0.02392 0.07416 0.08373 0.02512 0.08254 0.09689 0.09091 0.02273 0.02751 0.03349 0.05861 0.05263 0.00239 0.03828 0.06459
A6Q491                         0.06459 0.04545 0.02751 0.05622 0.01555 0.03349 0.08493 0.08612 0.02392 0.08014 0.09809 0.08852 0.01914 0.03110 0.03349 0.05263 0.04904 0.00239 0.03947 0.06818
A8FKD1                         0.05622 0.03708 0.04067 0.05502 0.01675 0.03708 0.08254 0.08014 0.01435 0.08254 0.11005 0.09928 0.02033 0.03469 0.02751 0.06220 0.04665 0.00120 0.03708 0.05861
Q4HG18                         0.05861 0.03828 0.03947 0.05502 0.01555 0.03110 0.08493 0.08014 0.01555 0.08254 0.11124 0.09689 0.01914 0.03469 0.02751 0.06818 0.04545 0.00120 0.03708 0.05742
A7H529                         0.05502 0.03708 0.03947 0.05502 0.01555 0.03589 0.08254 0.08134 0.01435 0.08493 0.11005 0.09928 0.01914 0.03469 0.02751 0.06579 0.04665 0.00120 0.03708 0.05742
Q30RE0                         0.05622 0.04545 0.04665 0.05742 0.01675 0.02871 0.08134 0.08493 0.01914 0.08612 0.09450 0.08373 0.01555 0.03230 0.02751 0.06100 0.05144 0.00239 0.04306 0.06579
B9KDM4                         0.06100 0.03828 0.04426 0.05622 0.01555 0.02751 0.08014 0.07895 0.01675 0.07895 0.11244 0.09928 0.01914 0.03469 0.02751 0.06579 0.04785 0.00000 0.03947 0.05622
Q4HSZ6                         0.05742 0.03828 0.04545 0.05144 0.01794 0.02990 0.07895 0.08014 0.01794 0.08254 0.11364 0.09928 0.01794 0.03110 0.02871 0.06579 0.04904 0.00120 0.03708 0.05622
Q7M8J4                         0.05622 0.05024 0.03110 0.05742 0.01794 0.03708 0.08612 0.08852 0.02751 0.08852 0.09569 0.07656 0.01555 0.03230 0.03589 0.05981 0.04426 0.00359 0.03349 0.06220
B9L7W1                         0.04785 0.04904 0.04067 0.06100 0.01675 0.03230 0.08493 0.07775 0.02153 0.10048 0.09330 0.09211 0.01196 0.03349 0.03589 0.05144 0.05502 0.00359 0.03110 0.05981
P56474                         0.05502 0.02990 0.04785 0.05024 0.01914 0.03589 0.07656 0.07775 0.02512 0.08014 0.11124 0.09091 0.01555 0.03828 0.03469 0.06818 0.05024 0.00120 0.03230 0.05981
B5VUN7                         0.06459 0.05263 0.03349 0.06459 0.02033 0.04665 0.05263 0.08612 0.02512 0.07297 0.12321 0.05263 0.00837 0.02751 0.05502 0.05622 0.05144 0.00598 0.03349 0.06699
B0JMD4                         0.05742 0.05742 0.02990 0.06100 0.02392 0.04306 0.06459 0.08373 0.02512 0.07536 0.11722 0.05981 0.00718 0.02512 0.04426 0.05742 0.06100 0.00359 0.03349 0.06938
Q8YQV0                         0.05742 0.06100 0.03349 0.05861 0.01794 0.05144 0.06938 0.08134 0.01914 0.06818 0.12081 0.05383 0.00837 0.02273 0.04785 0.05981 0.05622 0.00359 0.03230 0.07656
Q3M739                         0.05742 0.06100 0.03589 0.05861 0.01794 0.05144 0.06938 0.08134 0.02033 0.06579 0.12081 0.05383 0.00837 0.02273 0.04665 0.05861 0.05742 0.00359 0.03110 0.07775
A0ZBW7                         0.05622 0.05981 0.03110 0.05981 0.01794 0.05144 0.06459 0.08612 0.02033 0.07177 0.11483 0.05383 0.00718 0.02273 0.04545 0.05981 0.06100 0.00359 0.03230 0.08014
B1XMX9                         0.05383 0.06340 0.04306 0.05263 0.01914 0.03349 0.07656 0.08373 0.02751 0.06579 0.12440 0.05861 0.00718 0.02871 0.04904 0.05622 0.05981 0.00359 0.02990 0.06340
Q4C1C7                         0.05502 0.05383 0.03828 0.06579 0.02273 0.03708 0.06220 0.08971 0.02751 0.06459 0.12321 0.05981 0.00837 0.02512 0.04545 0.05742 0.05622 0.00359 0.03230 0.07177
B4AUW7                         0.04665 0.06220 0.03708 0.05981 0.02392 0.04187 0.06579 0.08254 0.02153 0.07536 0.12081 0.04904 0.00837 0.02512 0.05024 0.05981 0.05742 0.00359 0.03469 0.07416
B2IUZ6                         0.05981 0.06340 0.03110 0.06100 0.01914 0.05144 0.06699 0.08254 0.02033 0.07775 0.11722 0.05383 0.00718 0.02871 0.04426 0.05981 0.05502 0.00478 0.02990 0.06579
B1X1K9                         0.04785 0.05263 0.04187 0.05981 0.02153 0.03828 0.06340 0.08373 0.02871 0.06340 0.12560 0.06579 0.00957 0.02392 0.04545 0.06938 0.05144 0.00359 0.03230 0.07177
B8HXW2                         0.06938 0.06699 0.03110 0.06459 0.01794 0.04665 0.06340 0.08254 0.02990 0.05981 0.12560 0.04426 0.00957 0.02273 0.04665 0.05742 0.05742 0.00359 0.02990 0.07057
P0A698                         0.07177 0.06938 0.03230 0.05742 0.01675 0.03469 0.07416 0.08852 0.02871 0.05981 0.10287 0.04904 0.01914 0.03349 0.05144 0.05144 0.05742 0.00359 0.02512 0.07297
B0BZW7                         0.06699 0.06340 0.02990 0.06340 0.01914 0.03708 0.06459 0.08612 0.02512 0.04904 0.12081 0.05144 0.01435 0.02632 0.05024 0.05502 0.05502 0.00359 0.03110 0.08732
A3IMB9                         0.05263 0.05144 0.03947 0.06100 0.02273 0.03828 0.06459 0.08134 0.02751 0.06699 0.12560 0.06579 0.00837 0.02273 0.04187 0.06938 0.05144 0.00359 0.03110 0.07416
B7LL41                         0.07177 0.06938 0.03230 0.05742 0.01675 0.03469 0.07416 0.08852 0.02871 0.05981 0.10287 0.04904 0.01914 0.03230 0.05144 0.05144 0.05742 0.00359 0.02632 0.07297
B7MSG4                         0.07057 0.06938 0.03230 0.05742 0.01675 0.03469 0.07416 0.08852 0.02871 0.05981 0.10287 0.04904 0.01914 0.03230 0.05144 0.05144 0.05861 0.00359 0.02632 0.07297
B7K487                         0.04785 0.05383 0.04426 0.05861 0.02512 0.05144 0.06220 0.08134 0.02153 0.06938 0.12799 0.06220 0.00718 0.02273 0.04426 0.06340 0.05383 0.00359 0.03230 0.06699
C7QQN7                         0.04785 0.05383 0.04426 0.05861 0.02512 0.05144 0.06220 0.08134 0.02153 0.06938 0.12799 0.06220 0.00718 0.02273 0.04426 0.06340 0.05383 0.00359 0.03230 0.06699
Q2JQQ8                         0.08134 0.07656 0.02033 0.05263 0.02033 0.04785 0.06579 0.08493 0.02751 0.05861 0.12919 0.03469 0.00598 0.02153 0.05861 0.04665 0.05383 0.00359 0.03230 0.07775
Q8DMD5                         0.06699 0.06699 0.02632 0.05622 0.01794 0.04785 0.06220 0.08852 0.02632 0.06220 0.12560 0.04187 0.00957 0.02512 0.05024 0.05502 0.05383 0.00478 0.03589 0.07656
A5GX25                         0.07656 0.07656 0.02751 0.05981 0.01794 0.04306 0.06699 0.08612 0.02751 0.05861 0.11722 0.03230 0.01077 0.02392 0.05144 0.05742 0.05144 0.00359 0.02751 0.08373
A3PFK0                         0.05742 0.05144 0.03589 0.05742 0.01794 0.03708 0.06699 0.08612 0.01914 0.07177 0.11603 0.06938 0.00718 0.02632 0.05144 0.06579 0.05144 0.00359 0.03230 0.07536
P73412                         0.05981 0.05742 0.04187 0.05383 0.02273 0.04785 0.06100 0.08254 0.02512 0.07297 0.11603 0.05742 0.00957 0.02632 0.04665 0.05383 0.06100 0.00359 0.03230 0.06818
Q7UZF5                         0.05861 0.04904 0.03469 0.06100 0.01675 0.03230 0.06699 0.08612 0.01914 0.06459 0.11722 0.07177 0.00718 0.02632 0.05263 0.06699 0.05263 0.00359 0.03230 0.08014
Q10W65                         0.05502 0.05383 0.04187 0.05263 0.02153 0.03589 0.07416 0.07895 0.02153 0.07656 0.11483 0.06459 0.00837 0.02632 0.05024 0.06100 0.05742 0.00359 0.03589 0.06579
A2C5J2                         0.05742 0.06100 0.03589 0.05981 0.01675 0.03230 0.06699 0.08493 0.02033 0.05981 0.12081 0.06340 0.00837 0.02990 0.05263 0.06938 0.05383 0.00359 0.02273 0.08014
Q46I66                         0.05742 0.06100 0.03589 0.06100 0.01675 0.03230 0.06699 0.08373 0.02033 0.06100 0.12081 0.06340 0.00837 0.02990 0.05263 0.06938 0.05383 0.00359 0.02273 0.07895
A2BZ99                         0.05861 0.05024 0.03469 0.06220 0.01675 0.03349 0.06220 0.08612 0.02033 0.06459 0.11962 0.06938 0.00718 0.02512 0.05024 0.06818 0.05383 0.00359 0.03230 0.08134
A0YUG6                         0.06340 0.05861 0.03230 0.05981 0.01914 0.04545 0.06100 0.08254 0.02392 0.06340 0.12201 0.05144 0.00837 0.03110 0.05024 0.06340 0.05742 0.00359 0.03110 0.07177
B7KET4                         0.05742 0.06220 0.03469 0.05502 0.02153 0.04426 0.07057 0.08254 0.02392 0.07656 0.12081 0.05024 0.00957 0.02632 0.04545 0.05981 0.05861 0.00359 0.02990 0.06699
A8G7L6                         0.05742 0.05383 0.03589 0.05622 0.01794 0.03708 0.06818 0.08612 0.01914 0.07297 0.11603 0.06699 0.00718 0.02392 0.05144 0.06579 0.05383 0.00359 0.03230 0.07416
Q0I5Z6                         0.06459 0.07297 0.02990 0.06340 0.01675 0.03708 0.06938 0.09211 0.02273 0.06220 0.11722 0.04067 0.00957 0.02392 0.05144 0.05502 0.05383 0.00359 0.02871 0.08493
A4CWU6                         0.07057 0.07775 0.02512 0.06220 0.01794 0.03947 0.07177 0.08971 0.02392 0.05502 0.12201 0.03589 0.00957 0.02632 0.05024 0.05622 0.05622 0.00359 0.02512 0.08134
A2BTU3                         0.05861 0.05263 0.03589 0.05861 0.01794 0.03708 0.06579 0.08612 0.01914 0.07057 0.11722 0.06938 0.00718 0.02392 0.05144 0.06340 0.05144 0.00359 0.03230 0.07775
Q5N487                         0.07177 0.07297 0.03110 0.05981 0.02033 0.04187 0.06100 0.08732 0.02751 0.06100 0.11842 0.03708 0.00957 0.02632 0.05144 0.05502 0.05502 0.00359 0.02632 0.08254
Q31PZ0                         0.07177 0.07297 0.03110 0.05981 0.02033 0.04187 0.06100 0.08732 0.02751 0.06100 0.11842 0.03708 0.00957 0.02632 0.05144 0.05502 0.05502 0.00359 0.02632 0.08254
A3YWF7                         0.07057 0.07656 0.03110 0.05861 0.01675 0.03947 0.06938 0.08852 0.02632 0.05502 0.12081 0.03349 0.01077 0.02512 0.05263 0.05383 0.05263 0.00359 0.02632 0.08852
Q2JM73                         0.07656 0.07057 0.02512 0.05383 0.02033 0.05024 0.05981 0.08732 0.02871 0.06459 0.12201 0.03589 0.00957 0.02392 0.05861 0.05144 0.05502 0.00359 0.03110 0.07177
A5GPU0                         0.07177 0.07775 0.02512 0.06459 0.01794 0.03947 0.06938 0.08971 0.02392 0.05502 0.12081 0.03589 0.00957 0.02632 0.05144 0.05383 0.05742 0.00359 0.02512 0.08134
Q317S9                         0.05742 0.05383 0.03230 0.05861 0.01794 0.03469 0.06699 0.08493 0.02033 0.07057 0.11483 0.07177 0.00718 0.02392 0.05144 0.06579 0.05263 0.00359 0.03230 0.07895
B9YUD2                         0.05144 0.05981 0.04187 0.05383 0.02153 0.04785 0.06938 0.08732 0.01794 0.08014 0.11842 0.05383 0.00837 0.02273 0.04665 0.05981 0.05502 0.00359 0.03349 0.06699
Q7U3B0                         0.06699 0.07656 0.03110 0.06579 0.01794 0.04187 0.06579 0.08852 0.02273 0.05383 0.11722 0.03828 0.01077 0.02871 0.05263 0.05263 0.05024 0.00359 0.02392 0.09091
A3Z3T9                         0.07177 0.08134 0.02751 0.06459 0.01675 0.03828 0.06579 0.08852 0.02512 0.05263 0.11962 0.03469 0.00837 0.02871 0.05502 0.05263 0.05742 0.00359 0.02273 0.08493
Q3AG66                         0.06579 0.07656 0.03230 0.05981 0.01675 0.03828 0.07057 0.09091 0.02153 0.05622 0.11722 0.04067 0.00837 0.02632 0.05263 0.05622 0.05024 0.00359 0.02632 0.08971
Q05UV9                         0.06699 0.07895 0.02990 0.06220 0.01794 0.03708 0.07177 0.08971 0.02512 0.05502 0.11722 0.03708 0.00957 0.02512 0.05144 0.05502 0.05622 0.00359 0.02512 0.08493
Q062F8                         0.06459 0.08134 0.03469 0.05861 0.01675 0.03947 0.07177 0.09211 0.02033 0.05502 0.11722 0.03589 0.00837 0.02751 0.05383 0.05263 0.05144 0.00359 0.02632 0.08852
A9BDR9                         0.06459 0.06938 0.03349 0.05981 0.01555 0.03708 0.06938 0.08373 0.02153 0.07057 0.11483 0.05024 0.00718 0.02751 0.05502 0.05861 0.05263 0.00359 0.02751 0.07775
Q7V9F2                         0.05981 0.06818 0.03589 0.06220 0.01794 0.03828 0.06579 0.08732 0.01794 0.06818 0.12440 0.04785 0.00718 0.02990 0.05263 0.06340 0.05144 0.00359 0.02273 0.07536
Q7NDJ9                         0.06220 0.07536 0.02512 0.04665 0.02033 0.03469 0.07416 0.08971 0.02153 0.05622 0.11124 0.04426 0.01077 0.02990 0.05263 0.06220 0.06220 0.00359 0.02632 0.09091
Q3AUF5                         0.06340 0.08134 0.02751 0.06699 0.01794 0.04067 0.06459 0.08971 0.02512 0.05622 0.11842 0.03469 0.00957 0.02871 0.05144 0.05622 0.05383 0.00359 0.02392 0.08612
Q7V3S1                         0.06699 0.07656 0.02990 0.06100 0.01675 0.03708 0.06699 0.08971 0.02751 0.05502 0.12440 0.03828 0.01077 0.02512 0.05144 0.05383 0.05263 0.00478 0.02512 0.08612
A2CE39                         0.06699 0.07656 0.02751 0.06220 0.01675 0.03469 0.06459 0.08852 0.02751 0.05622 0.12919 0.03828 0.01196 0.02632 0.05024 0.05622 0.05263 0.00359 0.02512 0.08493

Homogeneity statistic: X2 = 1.59228 G = 1.58361 

Average                        0.06145 0.06049 0.03450 0.05898 0.01855 0.03900 0.06969 0.08524 0.02308 0.06831 0.11596 0.05863 0.01115 0.02762 0.04641 0.05891 0.05390 0.00335 0.03062 0.07416

# constant sites:    237 (28.35%)
ln Lmax (unconstrained) = -4959.193386

AA distances (raw proportions of different sites)

A8ETE4         
D1AZX3           0.2344
A6Q9W0           0.2548  0.2608
A6Q491           0.2608  0.2165  0.2464
A8FKD1           0.2739  0.2679  0.2775  0.2632
Q4HG18           0.2775  0.2727  0.2811  0.2656  0.0347
A7H529           0.2763  0.2715  0.2799  0.2656  0.0120  0.0347
Q30RE0           0.2524  0.2321  0.2368  0.2309  0.2943  0.2931  0.2967
B9KDM4           0.2799  0.2763  0.2871  0.2691  0.1196  0.1256  0.1208  0.3074
Q4HSZ6           0.2751  0.2787  0.2931  0.2715  0.1112  0.1041  0.1136  0.2955  0.1495
Q7M8J4           0.2392  0.2428  0.2596  0.2153  0.2895  0.2895  0.2919  0.2249  0.2967  0.2847
B9L7W1           0.3086  0.2967  0.3002  0.2632  0.3110  0.3134  0.3110  0.3038  0.3122  0.3146  0.2847
P56474           0.3194  0.3062  0.3242  0.3002  0.3134  0.3182  0.3194  0.3122  0.3182  0.3170  0.2835  0.3289
B5VUN7           0.4928  0.4868  0.4976  0.4940  0.4952  0.4952  0.4976  0.5024  0.4964  0.5048  0.5012  0.5012  0.4988
B0JMD4           0.4940  0.4928  0.4964  0.4952  0.4892  0.4916  0.4916  0.5036  0.4952  0.4964  0.5000  0.4940  0.4797  0.1998
Q8YQV0           0.5024  0.4964  0.4988  0.5048  0.4964  0.4988  0.4988  0.5036  0.4940  0.5060  0.5096  0.4988  0.5012  0.2069  0.2189
Q3M739           0.5000  0.4928  0.4988  0.5012  0.4952  0.4976  0.4976  0.5000  0.4952  0.5036  0.5072  0.4952  0.4988  0.2057  0.2153  0.0084
A0ZBW7           0.5036  0.4904  0.5012  0.5012  0.4952  0.4964  0.4976  0.4988  0.5036  0.5012  0.5000  0.5060  0.4988  0.2177  0.2285  0.0969  0.0945
B1XMX9           0.4964  0.4868  0.5024  0.4988  0.5036  0.5000  0.5048  0.5012  0.5072  0.5084  0.5024  0.5000  0.5024  0.2333  0.2249  0.2344  0.2344  0.2476
Q4C1C7           0.5012  0.4904  0.4976  0.4928  0.5048  0.5000  0.5072  0.4988  0.5024  0.5036  0.5048  0.4964  0.4964  0.2356  0.2045  0.2141  0.2105  0.2165  0.2057
B4AUW7           0.4988  0.4821  0.4988  0.4773  0.4880  0.4856  0.4904  0.4940  0.4856  0.4952  0.4904  0.4904  0.4856  0.1962  0.1818  0.2141  0.2141  0.2093  0.2129  0.1902
B2IUZ6           0.5012  0.5000  0.5036  0.5108  0.4988  0.5000  0.5012  0.5012  0.5012  0.5084  0.5036  0.5048  0.5048  0.2141  0.2261  0.0897  0.0873  0.0849  0.2344  0.2261  0.2177
B1X1K9           0.5036  0.4952  0.5000  0.5000  0.4964  0.4940  0.4976  0.5072  0.5000  0.5048  0.5084  0.4988  0.4952  0.2165  0.2010  0.2177  0.2129  0.2117  0.1974  0.0801  0.1878  0.2189
B8HXW2           0.5012  0.4964  0.5060  0.4928  0.5036  0.5024  0.5048  0.5036  0.5072  0.5096  0.4952  0.4952  0.5012  0.1950  0.2249  0.1818  0.1770  0.1914  0.2201  0.2225  0.2069  0.1866  0.2129
P0A698           0.5072  0.4988  0.5000  0.4880  0.4952  0.4904  0.4964  0.4976  0.4976  0.4964  0.4892  0.4880  0.4916  0.4354  0.4498  0.4522  0.4510  0.4557  0.4414  0.4569  0.4378  0.4581  0.4533  0.4330
B0BZW7           0.5096  0.4976  0.5167  0.5000  0.5000  0.5012  0.5012  0.5132  0.5072  0.5108  0.5000  0.5024  0.4988  0.2261  0.2356  0.2141  0.2153  0.2177  0.2237  0.2309  0.2261  0.2141  0.2344  0.1758  0.4426
A3IMB9           0.5036  0.4904  0.4976  0.4988  0.4940  0.4916  0.4964  0.5060  0.5024  0.5000  0.5060  0.4976  0.4940  0.2297  0.2153  0.2225  0.2189  0.2189  0.2093  0.0873  0.1986  0.2297  0.0490  0.2249  0.4569  0.2404
B7LL41           0.5084  0.5000  0.5012  0.4868  0.4940  0.4892  0.4952  0.4964  0.4964  0.4952  0.4880  0.4868  0.4928  0.4366  0.4510  0.4533  0.4522  0.4569  0.4426  0.4581  0.4390  0.4593  0.4545  0.4318  0.0012  0.4414  0.4581
B7MSG4           0.5084  0.5000  0.5000  0.4868  0.4940  0.4892  0.4952  0.4964  0.4964  0.4952  0.4880  0.4868  0.4928  0.4366  0.4510  0.4533  0.4522  0.4569  0.4426  0.4581  0.4390  0.4593  0.4545  0.4306  0.0024  0.4414  0.4581  0.0012
B7K487           0.5036  0.4844  0.4988  0.4940  0.4976  0.4940  0.5000  0.4880  0.4952  0.5048  0.4964  0.5000  0.4809  0.2045  0.1878  0.2129  0.2093  0.2105  0.2081  0.1603  0.1675  0.2165  0.1519  0.2069  0.4450  0.2321  0.1663  0.4462  0.4462
C7QQN7           0.5036  0.4844  0.4988  0.4940  0.4976  0.4940  0.5000  0.4880  0.4952  0.5048  0.4964  0.5000  0.4809  0.2045  0.1878  0.2129  0.2093  0.2105  0.2081  0.1603  0.1675  0.2165  0.1519  0.2069  0.4450  0.2321  0.1663  0.4462  0.4462  0.0000
Q2JQQ8           0.5012  0.4892  0.4928  0.4797  0.4904  0.4904  0.4916  0.4868  0.4964  0.4988  0.4880  0.4892  0.4868  0.2871  0.2990  0.2775  0.2751  0.2751  0.2955  0.2943  0.2751  0.2775  0.2990  0.2751  0.4139  0.2751  0.3086  0.4127  0.4127  0.2943  0.2943
Q8DMD5           0.5108  0.5084  0.5024  0.4868  0.5024  0.5036  0.5048  0.5036  0.5012  0.5060  0.4976  0.5012  0.4976  0.2500  0.2476  0.2392  0.2380  0.2488  0.2644  0.2428  0.2297  0.2524  0.2512  0.2261  0.4414  0.2297  0.2584  0.4402  0.4402  0.2488  0.2488  0.2596
A5GX25           0.5156  0.4904  0.5120  0.5012  0.5132  0.5084  0.5156  0.5156  0.5048  0.5048  0.5120  0.5227  0.5239  0.2847  0.2907  0.2644  0.2632  0.2572  0.2727  0.2907  0.2811  0.2679  0.2871  0.2464  0.4426  0.2620  0.2907  0.4438  0.4438  0.2883  0.2883  0.2847  0.2727
A3PFK0           0.5120  0.5072  0.5120  0.5108  0.5012  0.4964  0.5036  0.5108  0.4976  0.5000  0.5144  0.5072  0.5144  0.2967  0.2847  0.2811  0.2823  0.2823  0.2703  0.2978  0.2871  0.2775  0.2931  0.2727  0.4498  0.2811  0.2943  0.4510  0.4510  0.2919  0.2919  0.3050  0.3026  0.1842
P73412           0.4964  0.4856  0.4892  0.4880  0.4988  0.4964  0.5012  0.4988  0.4928  0.5060  0.5036  0.4868  0.5000  0.2213  0.1938  0.2177  0.2141  0.2249  0.1950  0.1998  0.1926  0.2189  0.1998  0.2333  0.4462  0.2416  0.2045  0.4474  0.4474  0.1902  0.1902  0.2847  0.2584  0.2775  0.2811
Q7UZF5           0.5084  0.5036  0.5144  0.5024  0.4904  0.4880  0.4928  0.5108  0.4952  0.4988  0.5215  0.5060  0.5096  0.2978  0.2787  0.2811  0.2823  0.2871  0.2667  0.2871  0.2907  0.2799  0.2859  0.2739  0.4474  0.2775  0.2895  0.4486  0.4486  0.2859  0.2859  0.3098  0.2978  0.1950  0.0514  0.2763
Q10W65           0.5048  0.4928  0.4988  0.5012  0.5084  0.5024  0.5096  0.5072  0.5024  0.5144  0.5036  0.5036  0.4952  0.2153  0.2333  0.2165  0.2141  0.2225  0.2333  0.2404  0.2105  0.2249  0.2165  0.2129  0.4390  0.2464  0.2392  0.4402  0.4402  0.2105  0.2105  0.2907  0.2548  0.2895  0.2883  0.2321  0.2859
A2C5J2           0.5096  0.5060  0.5144  0.5072  0.5000  0.4976  0.5036  0.5156  0.5012  0.5132  0.5179  0.5144  0.5108  0.2799  0.2907  0.2691  0.2703  0.2787  0.2560  0.2871  0.2691  0.2715  0.2787  0.2644  0.4486  0.2620  0.2799  0.4498  0.4498  0.2739  0.2739  0.3098  0.2967  0.1842  0.1579  0.2751  0.1639  0.2919
Q46I66           0.5108  0.5060  0.5132  0.5060  0.4988  0.4964  0.5024  0.5144  0.5000  0.5120  0.5191  0.5132  0.5096  0.2811  0.2895  0.2703  0.2715  0.2799  0.2560  0.2859  0.2679  0.2727  0.2775  0.2656  0.4474  0.2632  0.2787  0.4486  0.4486  0.2727  0.2727  0.3086  0.2955  0.1842  0.1567  0.2739  0.1627  0.2931  0.0024
A2BZ99           0.5144  0.5036  0.5167  0.5096  0.4952  0.4904  0.4976  0.5120  0.4988  0.4976  0.5215  0.5132  0.5167  0.2955  0.2835  0.2823  0.2835  0.2883  0.2691  0.2907  0.2907  0.2811  0.2895  0.2751  0.4486  0.2799  0.2907  0.4498  0.4498  0.2847  0.2847  0.3110  0.3002  0.1950  0.0538  0.2763  0.0203  0.2907  0.1639  0.1627
A0YUG6           0.5036  0.4868  0.5012  0.4880  0.4952  0.4940  0.4976  0.5072  0.4964  0.5036  0.4928  0.4976  0.4976  0.1890  0.2309  0.2069  0.2045  0.2081  0.2356  0.2189  0.2081  0.2069  0.2105  0.2010  0.4414  0.2273  0.2273  0.4426  0.4426  0.2105  0.2105  0.2787  0.2620  0.2787  0.2787  0.2261  0.2871  0.2105  0.2751  0.2739  0.2907
B7KET4           0.5072  0.4892  0.4964  0.4785  0.4916  0.4880  0.4940  0.4952  0.4988  0.4988  0.4976  0.4976  0.4892  0.2105  0.1878  0.2117  0.2105  0.2105  0.2093  0.1938  0.0993  0.2081  0.1926  0.2057  0.4342  0.2333  0.2045  0.4354  0.4354  0.1663  0.1663  0.2667  0.2356  0.2715  0.2751  0.1950  0.2775  0.2177  0.2608  0.2596  0.2751  0.2022
A8G7L6           0.5132  0.5084  0.5167  0.5120  0.5060  0.5024  0.5084  0.5144  0.5012  0.5000  0.5179  0.5072  0.5179  0.2978  0.2847  0.2799  0.2811  0.2811  0.2703  0.2990  0.2883  0.2799  0.2943  0.2763  0.4498  0.2835  0.2967  0.4510  0.4510  0.2919  0.2919  0.3086  0.3062  0.1914  0.0227  0.2763  0.0598  0.2955  0.1627  0.1615  0.0598  0.2823  0.2775
Q0I5Z6           0.5167  0.5024  0.5132  0.5072  0.5000  0.4964  0.5036  0.5179  0.5012  0.5024  0.5167  0.5132  0.5179  0.2871  0.2835  0.2787  0.2811  0.2727  0.2739  0.2847  0.2787  0.2739  0.2907  0.2620  0.4486  0.2632  0.2859  0.4498  0.4498  0.2895  0.2895  0.2955  0.2823  0.1507  0.1675  0.2727  0.1758  0.2919  0.1591  0.1579  0.1746  0.2739  0.2656  0.1746
A4CWU6           0.5156  0.5048  0.5179  0.5072  0.5060  0.5048  0.5096  0.5144  0.5096  0.5084  0.5167  0.5239  0.5156  0.2787  0.2859  0.2691  0.2703  0.2656  0.2656  0.2799  0.2763  0.2656  0.2847  0.2512  0.4414  0.2584  0.2799  0.4426  0.4426  0.2811  0.2811  0.2883  0.2703  0.1244  0.1687  0.2811  0.1746  0.2919  0.1567  0.1567  0.1699  0.2727  0.2620  0.1711  0.0873
A2BTU3           0.5156  0.5096  0.5156  0.5132  0.5036  0.5000  0.5060  0.5156  0.4988  0.5036  0.5191  0.5072  0.5179  0.2978  0.2859  0.2775  0.2787  0.2811  0.2679  0.3002  0.2883  0.2775  0.2931  0.2763  0.4498  0.2835  0.2955  0.4510  0.4510  0.2931  0.2931  0.3038  0.3038  0.1890  0.0108  0.2811  0.0502  0.2919  0.1555  0.1543  0.0478  0.2799  0.2763  0.0191  0.1734  0.1663
Q5N487           0.5144  0.4964  0.5060  0.5024  0.5024  0.5024  0.5060  0.5072  0.5048  0.5120  0.5084  0.5108  0.5060  0.2177  0.2440  0.2129  0.2129  0.2177  0.2464  0.2392  0.2249  0.2177  0.2333  0.2045  0.4402  0.2069  0.2428  0.4414  0.4414  0.2356  0.2356  0.2656  0.2333  0.2117  0.2476  0.2404  0.2488  0.2368  0.2309  0.2297  0.2428  0.2225  0.2201  0.2560  0.2201  0.2081  0.2500
Q31PZ0           0.5144  0.4964  0.5060  0.5024  0.5024  0.5024  0.5060  0.5072  0.5048  0.5120  0.5084  0.5108  0.5060  0.2177  0.2440  0.2129  0.2129  0.2177  0.2464  0.2392  0.2249  0.2177  0.2333  0.2045  0.4402  0.2069  0.2428  0.4414  0.4414  0.2356  0.2356  0.2656  0.2333  0.2117  0.2476  0.2404  0.2488  0.2368  0.2309  0.2297  0.2428  0.2225  0.2201  0.2560  0.2201  0.2081  0.2500  0.0000
A3YWF7           0.5167  0.5000  0.5144  0.5132  0.5036  0.5048  0.5060  0.5144  0.5024  0.5048  0.5108  0.5251  0.5191  0.2775  0.2895  0.2572  0.2560  0.2536  0.2691  0.2799  0.2727  0.2560  0.2763  0.2380  0.4354  0.2524  0.2787  0.4366  0.4366  0.2703  0.2703  0.2943  0.2811  0.1172  0.1854  0.2679  0.1914  0.2787  0.1603  0.1603  0.1902  0.2656  0.2679  0.1902  0.1376  0.1160  0.1866  0.1950  0.1950
Q2JM73           0.5120  0.5012  0.5012  0.4868  0.4964  0.4940  0.4976  0.4916  0.5084  0.5048  0.4964  0.4976  0.4976  0.2907  0.2978  0.2751  0.2727  0.2811  0.3026  0.3014  0.2811  0.2787  0.3038  0.2703  0.4294  0.2811  0.3134  0.4282  0.4282  0.2990  0.2990  0.0730  0.2667  0.2978  0.3182  0.2871  0.3170  0.2895  0.3218  0.3206  0.3206  0.2775  0.2667  0.3218  0.3098  0.3014  0.3182  0.2679  0.2679  0.3038
A5GPU0           0.5179  0.5048  0.5179  0.5084  0.5072  0.5060  0.5108  0.5167  0.5096  0.5096  0.5167  0.5239  0.5191  0.2775  0.2859  0.2644  0.2656  0.2644  0.2667  0.2799  0.2751  0.2632  0.2847  0.2500  0.4414  0.2584  0.2823  0.4426  0.4426  0.2811  0.2811  0.2871  0.2679  0.1232  0.1687  0.2787  0.1734  0.2931  0.1519  0.1519  0.1699  0.2715  0.2620  0.1711  0.0849  0.0060  0.1663  0.2045  0.2045  0.1124  0.3002
Q317S9           0.5167  0.5084  0.5167  0.5108  0.5024  0.4976  0.5048  0.5156  0.5000  0.5000  0.5191  0.5048  0.5215  0.3038  0.2823  0.2835  0.2847  0.2859  0.2727  0.2955  0.2931  0.2835  0.2907  0.2835  0.4522  0.2883  0.2931  0.4533  0.4533  0.2955  0.2955  0.3062  0.3050  0.1914  0.0239  0.2787  0.0574  0.2943  0.1603  0.1591  0.0586  0.2895  0.2775  0.0263  0.1734  0.1711  0.0203  0.2500  0.2500  0.1902  0.3182  0.1711
B9YUD2           0.5132  0.4964  0.4976  0.5012  0.4940  0.4940  0.4964  0.5012  0.5036  0.5024  0.5084  0.4964  0.5096  0.2261  0.2321  0.1328  0.1328  0.1411  0.2488  0.2368  0.2237  0.1400  0.2297  0.2022  0.4653  0.2285  0.2404  0.4641  0.4641  0.2249  0.2249  0.2931  0.2620  0.2739  0.2847  0.2273  0.2847  0.2380  0.2859  0.2871  0.2799  0.2249  0.2129  0.2883  0.2919  0.2799  0.2835  0.2249  0.2249  0.2656  0.2955  0.2787  0.2895
Q7U3B0           0.5239  0.5072  0.5203  0.5096  0.5012  0.5012  0.5048  0.5251  0.5036  0.5072  0.5191  0.5239  0.5167  0.2895  0.2823  0.2787  0.2787  0.2667  0.2691  0.2859  0.2775  0.2679  0.2871  0.2608  0.4354  0.2656  0.2871  0.4366  0.4366  0.2871  0.2871  0.3014  0.2787  0.1447  0.1770  0.2823  0.1818  0.3002  0.1687  0.1675  0.1806  0.2763  0.2656  0.1806  0.0969  0.0837  0.1758  0.2213  0.2213  0.1256  0.3182  0.0837  0.1818  0.2907
A3Z3T9           0.5227  0.5108  0.5191  0.5024  0.5096  0.5084  0.5132  0.5191  0.5084  0.5108  0.5156  0.5215  0.5215  0.2847  0.2895  0.2691  0.2691  0.2644  0.2679  0.2775  0.2751  0.2667  0.2787  0.2464  0.4402  0.2560  0.2739  0.4414  0.4414  0.2823  0.2823  0.2847  0.2715  0.1184  0.1711  0.2751  0.1806  0.2943  0.1471  0.1459  0.1770  0.2679  0.2679  0.1711  0.0837  0.0538  0.1687  0.2010  0.2010  0.1112  0.3038  0.0502  0.1734  0.2811  0.0742
Q3AG66           0.5215  0.5000  0.5132  0.5000  0.4988  0.4976  0.5024  0.5167  0.4988  0.5000  0.5108  0.5144  0.5132  0.2883  0.2811  0.2775  0.2775  0.2632  0.2632  0.2835  0.2703  0.2667  0.2859  0.2632  0.4366  0.2644  0.2859  0.4378  0.4378  0.2811  0.2811  0.2943  0.2775  0.1316  0.1639  0.2739  0.1699  0.2943  0.1555  0.1543  0.1699  0.2727  0.2596  0.1663  0.0897  0.0837  0.1651  0.2129  0.2129  0.1184  0.3098  0.0837  0.1675  0.2871  0.0383  0.0766
Q05UV9           0.5203  0.5084  0.5132  0.5048  0.5072  0.5024  0.5108  0.5156  0.5108  0.5084  0.5132  0.5215  0.5179  0.2799  0.2811  0.2667  0.2679  0.2608  0.2691  0.2775  0.2751  0.2596  0.2799  0.2536  0.4426  0.2608  0.2763  0.4438  0.4438  0.2811  0.2811  0.2883  0.2691  0.1280  0.1687  0.2691  0.1734  0.2955  0.1603  0.1603  0.1746  0.2727  0.2644  0.1746  0.0969  0.0562  0.1711  0.2022  0.2022  0.1208  0.2967  0.0562  0.1722  0.2763  0.0813  0.0658  0.0778
Q062F8           0.5191  0.5036  0.5179  0.5060  0.5012  0.5000  0.5048  0.5203  0.5048  0.5048  0.5156  0.5227  0.5167  0.2931  0.2883  0.2799  0.2799  0.2691  0.2632  0.2799  0.2835  0.2667  0.2859  0.2644  0.4486  0.2644  0.2883  0.4498  0.4498  0.2847  0.2847  0.3002  0.2847  0.1411  0.1699  0.2835  0.1722  0.3038  0.1531  0.1543  0.1734  0.2787  0.2727  0.1746  0.1077  0.0921  0.1711  0.2189  0.2189  0.1208  0.3134  0.0921  0.1722  0.2823  0.0634  0.0897  0.0490  0.0957
A9BDR9           0.5287  0.5096  0.5072  0.5060  0.4976  0.4976  0.5012  0.5144  0.4976  0.5096  0.5227  0.5179  0.5144  0.2763  0.2787  0.2632  0.2632  0.2632  0.2691  0.2811  0.2739  0.2548  0.2799  0.2560  0.4426  0.2691  0.2811  0.4438  0.4438  0.2715  0.2715  0.3038  0.2823  0.1639  0.1663  0.2644  0.1639  0.2871  0.1328  0.1316  0.1699  0.2787  0.2632  0.1699  0.1459  0.1376  0.1687  0.2344  0.2344  0.1423  0.3098  0.1340  0.1722  0.2775  0.1459  0.1292  0.1268  0.1376  0.1316
Q7V9F2           0.5227  0.5108  0.5215  0.5120  0.5060  0.5048  0.5096  0.5251  0.5060  0.5144  0.5179  0.5191  0.5251  0.2895  0.2871  0.2679  0.2691  0.2739  0.2727  0.2847  0.2811  0.2679  0.2847  0.2644  0.4390  0.2739  0.2847  0.4402  0.4402  0.2787  0.2787  0.3038  0.2871  0.1758  0.1722  0.2715  0.1770  0.2955  0.1352  0.1340  0.1782  0.2787  0.2715  0.1758  0.1663  0.1543  0.1734  0.2380  0.2380  0.1627  0.3170  0.1507  0.1782  0.2787  0.1603  0.1435  0.1531  0.1507  0.1531  0.1112
Q7NDJ9           0.5203  0.5072  0.5072  0.4952  0.5096  0.5060  0.5132  0.5156  0.5096  0.5191  0.4988  0.5012  0.5144  0.3313  0.3278  0.3098  0.3098  0.3170  0.3361  0.3278  0.3254  0.3230  0.3325  0.2990  0.4294  0.3014  0.3361  0.4306  0.4306  0.3385  0.3385  0.3086  0.3182  0.3373  0.3409  0.3242  0.3397  0.3349  0.3409  0.3397  0.3445  0.3134  0.3206  0.3421  0.3218  0.3373  0.3433  0.2990  0.2990  0.3325  0.3050  0.3337  0.3385  0.3301  0.3337  0.3242  0.3254  0.3337  0.3301  0.3349  0.3373
Q3AUF5           0.5251  0.5096  0.5215  0.5084  0.5036  0.5012  0.5048  0.5251  0.5060  0.5096  0.5227  0.5263  0.5203  0.2943  0.2919  0.2799  0.2799  0.2751  0.2691  0.2883  0.2859  0.2763  0.2967  0.2679  0.4402  0.2679  0.2943  0.4414  0.4414  0.2955  0.2955  0.3014  0.2847  0.1364  0.1734  0.2775  0.1770  0.3050  0.1495  0.1507  0.1770  0.2811  0.2751  0.1770  0.1029  0.0849  0.1734  0.2165  0.2165  0.1256  0.3146  0.0849  0.1782  0.2943  0.0646  0.0789  0.0646  0.0909  0.0550  0.1388  0.1483  0.3337
Q7V3S1           0.5203  0.5036  0.5156  0.5048  0.5024  0.5024  0.5060  0.5203  0.5012  0.5024  0.5156  0.5251  0.5179  0.2907  0.2883  0.2775  0.2775  0.2667  0.2667  0.2799  0.2823  0.2703  0.2835  0.2632  0.4450  0.2644  0.2811  0.4462  0.4462  0.2847  0.2847  0.3002  0.2835  0.1364  0.1711  0.2751  0.1782  0.3026  0.1531  0.1519  0.1770  0.2799  0.2715  0.1734  0.1053  0.0957  0.1722  0.2129  0.2129  0.1172  0.3146  0.0957  0.1770  0.2823  0.0909  0.0873  0.0646  0.1017  0.0730  0.1268  0.1471  0.3337  0.0849
A2CE39           0.5227  0.5036  0.5203  0.5060  0.5060  0.5072  0.5096  0.5251  0.5036  0.5096  0.5227  0.5287  0.5215  0.2871  0.2919  0.2739  0.2739  0.2691  0.2691  0.2811  0.2799  0.2691  0.2811  0.2620  0.4414  0.2667  0.2775  0.4426  0.4438  0.2859  0.2859  0.3014  0.2859  0.1388  0.1770  0.2751  0.1794  0.2967  0.1459  0.1447  0.1782  0.2739  0.2691  0.1818  0.1220  0.1005  0.1782  0.2057  0.2057  0.1184  0.3170  0.0993  0.1830  0.2823  0.1160  0.0921  0.1053  0.1148  0.1017  0.1220  0.1388  0.3409  0.0993  0.0502


TREE #  1:  (((((((((((((((((((((57, 55), (63, 59)), (65, 64)), 45), (58, (52, 46))), 56), ((61, 60), (((((47, 35), 53), 44), (41, 37)), (40, 39)))), (50, 34)), (49, 48)), ((26, 24), (((((19, 36), ((31, 30), ((27, 23), 20))), ((43, 21), 15)), ((42, 14), 38)), (54, ((22, 18), (17, 16)))))), 33), 62), (51, 32)), ((29, 28), 25)), 12), 13), ((((1, 11), (3, 8)), 4), 2)), 9), 10), 6), 7, 5);   MP score: 5205
lnL(ntime:127  np:128): -28380.758640      +0.000000
  66..67   67..68   68..69   69..70   70..71   71..72   72..73   73..74   74..75   75..76   76..77   77..78   78..79   79..80   80..81   81..82   82..83   83..84   84..85   85..86   86..57   86..55   85..87   87..63   87..59   84..88   88..65   88..64   83..45   82..89   89..58   89..90   90..52   90..46   81..56   80..91   91..92   92..61   92..60   91..93   93..94   94..95   95..96   96..97   97..47   97..35   96..53   95..44   94..98   98..41   98..37   93..99   99..40   99..39   79..100 100..50  100..34   78..101 101..49  101..48   77..102 102..103 103..26  103..24  102..104 104..105 105..106 106..107 107..108 108..19  108..36  107..109 109..110 110..31  110..30  109..111 111..112 112..27  112..23  111..20  106..113 113..114 114..43  114..21  113..15  105..115 115..116 116..42  116..14  115..38  104..117 117..54  117..118 118..119 119..22  119..18  118..120 120..17  120..16   76..33   75..62   74..121 121..51  121..32   73..122 122..123 123..29  123..28  122..25   72..12   71..13   70..124 124..125 125..126 126..127 127..1   127..11  126..128 128..3   128..8   125..4   124..2    69..9    68..10   67..6    66..7    66..5  
 0.020247 0.035856 0.043414 0.280134 0.048102 0.077687 1.073833 0.462844 0.074419 0.091968 0.056189 0.096163 0.198404 0.037337 0.034095 0.008368 0.022215 0.025592 0.023654 0.014969 0.014798 0.038240 0.012889 0.052869 0.030374 0.050662 0.061583 0.010642 0.079199 0.018335 0.052449 0.028557 0.001748 0.006108 0.026860 0.083759 0.028929 0.101989 0.067710 0.040622 0.166939 0.026099 0.001535 0.003749 0.005604 0.008528 0.019973 0.016980 0.028007 0.014656 0.012738 0.092542 0.000004 0.003092 0.022193 0.081381 0.106353 0.128732 0.000004 0.000004 0.025812 0.060070 0.200700 0.122747 0.038959 0.036974 0.067129 0.036654 0.038811 0.210411 0.169672 0.056663 0.110497 0.000004 0.000004 0.115082 0.026662 0.042795 0.024734 0.068986 0.008434 0.085632 0.075528 0.073679 0.187028 0.032314 0.033607 0.170974 0.167874 0.223219 0.120153 0.128730 0.037469 0.024060 0.059459 0.068849 0.051982 0.003036 0.007739 0.248648 0.466615 0.182891 0.044300 0.059848 0.600886 0.000004 0.001585 0.000004 0.001580 0.288702 0.424586 0.041096 0.031928 0.039179 0.040109 0.248429 0.212879 0.042214 0.247073 0.208916 0.199033 0.225468 0.106447 0.108110 0.019441 0.008196 0.007181 0.537130

tree length =  11.39141

(((((((((((((((((((((57: 0.014798, 55: 0.038240): 0.014969, (63: 0.052869, 59: 0.030374): 0.012889): 0.023654, (65: 0.061583, 64: 0.010642): 0.050662): 0.025592, 45: 0.079199): 0.022215, (58: 0.052449, (52: 0.001748, 46: 0.006108): 0.028557): 0.018335): 0.008368, 56: 0.026860): 0.034095, ((61: 0.101989, 60: 0.067710): 0.028929, (((((47: 0.005604, 35: 0.008528): 0.003749, 53: 0.019973): 0.001535, 44: 0.016980): 0.026099, (41: 0.014656, 37: 0.012738): 0.028007): 0.166939, (40: 0.000004, 39: 0.003092): 0.092542): 0.040622): 0.083759): 0.037337, (50: 0.081381, 34: 0.106353): 0.022193): 0.198404, (49: 0.000004, 48: 0.000004): 0.128732): 0.096163, ((26: 0.200700, 24: 0.122747): 0.060070, (((((19: 0.210411, 36: 0.169672): 0.038811, ((31: 0.000004, 30: 0.000004): 0.110497, ((27: 0.042795, 23: 0.024734): 0.026662, 20: 0.068986): 0.115082): 0.056663): 0.036654, ((43: 0.075528, 21: 0.073679): 0.085632, 15: 0.187028): 0.008434): 0.067129, ((42: 0.170974, 14: 0.167874): 0.033607, 38: 0.223219): 0.032314): 0.036974, (54: 0.128730, ((22: 0.059459, 18: 0.068849): 0.024060, (17: 0.003036, 16: 0.007739): 0.051982): 0.037469): 0.120153): 0.038959): 0.025812): 0.056189, 33: 0.248648): 0.091968, 62: 0.466615): 0.074419, (51: 0.044300, 32: 0.059848): 0.182891): 0.462844, ((29: 0.001585, 28: 0.000004): 0.000004, 25: 0.001580): 0.600886): 1.073833, 12: 0.288702): 0.077687, 13: 0.424586): 0.048102, ((((1: 0.248429, 11: 0.212879): 0.040109, (3: 0.247073, 8: 0.208916): 0.042214): 0.039179, 4: 0.199033): 0.031928, 2: 0.225468): 0.041096): 0.280134, 9: 0.106447): 0.043414, 10: 0.108110): 0.035856, 6: 0.019441): 0.020247, 7: 0.008196, 5: 0.007181);

(((((((((((((((((((((Q3AG66: 0.014798, Q7U3B0: 0.038240): 0.014969, (Q3AUF5: 0.052869, Q062F8: 0.030374): 0.012889): 0.023654, (A2CE39: 0.061583, Q7V3S1: 0.010642): 0.050662): 0.025592, Q0I5Z6: 0.079199): 0.022215, (Q05UV9: 0.052449, (A5GPU0: 0.001748, A4CWU6: 0.006108): 0.028557): 0.018335): 0.008368, A3Z3T9: 0.026860): 0.034095, ((Q7V9F2: 0.101989, A9BDR9: 0.067710): 0.028929, (((((A2BTU3: 0.005604, A3PFK0: 0.008528): 0.003749, Q317S9: 0.019973): 0.001535, A8G7L6: 0.016980): 0.026099, (A2BZ99: 0.014656, Q7UZF5: 0.012738): 0.028007): 0.166939, (Q46I66: 0.000004, A2C5J2: 0.003092): 0.092542): 0.040622): 0.083759): 0.037337, (A3YWF7: 0.081381, A5GX25: 0.106353): 0.022193): 0.198404, (Q31PZ0: 0.000004, Q5N487: 0.000004): 0.128732): 0.096163, ((B0BZW7: 0.200700, B8HXW2: 0.122747): 0.060070, (((((B1XMX9: 0.210411, P73412: 0.169672): 0.038811, ((C7QQN7: 0.000004, B7K487: 0.000004): 0.110497, ((A3IMB9: 0.042795, B1X1K9: 0.024734): 0.026662, Q4C1C7: 0.068986): 0.115082): 0.056663): 0.036654, ((B7KET4: 0.075528, B4AUW7: 0.073679): 0.085632, B0JMD4: 0.187028): 0.008434): 0.067129, ((A0YUG6: 0.170974, B5VUN7: 0.167874): 0.033607, Q10W65: 0.223219): 0.032314): 0.036974, (B9YUD2: 0.128730, ((B2IUZ6: 0.059459, A0ZBW7: 0.068849): 0.024060, (Q3M739: 0.003036, Q8YQV0: 0.007739): 0.051982): 0.037469): 0.120153): 0.038959): 0.025812): 0.056189, Q8DMD5: 0.248648): 0.091968, Q7NDJ9: 0.466615): 0.074419, (Q2JM73: 0.044300, Q2JQQ8: 0.059848): 0.182891): 0.462844, ((B7MSG4: 0.001585, B7LL41: 0.000004): 0.000004, P0A698: 0.001580): 0.600886): 1.073833, B9L7W1: 0.288702): 0.077687, P56474: 0.424586): 0.048102, ((((A8ETE4: 0.248429, Q7M8J4: 0.212879): 0.040109, (A6Q9W0: 0.247073, Q30RE0: 0.208916): 0.042214): 0.039179, A6Q491: 0.199033): 0.031928, D1AZX3: 0.225468): 0.041096): 0.280134, B9KDM4: 0.106447): 0.043414, Q4HSZ6: 0.108110): 0.035856, Q4HG18: 0.019441): 0.020247, A7H529: 0.008196, A8FKD1: 0.007181);

Detailed output identifying parameters

alpha (gamma, K = 4) =  0.53713
rate:   0.04046  0.27547  0.84551  2.83856
freq:   0.25000  0.25000  0.25000  0.25000

Time used: 1:04:59
