AAML (in paml version 4.6, August 2012)  316.aa
Model: Empirical for branches,  (../../../bin/LG.dat) dGamma (ncatG=4) ns =  65  ls = 158


Frequencies..
                                    A      R      N      D      C      Q      E      G      H      I      L      K      M      F      P      S      T      W      Y      V
A8EWV1                         0.03797 0.01266 0.07595 0.03165 0.01266 0.01899 0.06329 0.06329 0.03165 0.10127 0.06962 0.10759 0.03165 0.04430 0.03797 0.05696 0.08861 0.00000 0.03165 0.08228
Q30P77                         0.05696 0.03165 0.05696 0.05063 0.00633 0.01266 0.06962 0.07595 0.03165 0.13924 0.05063 0.08861 0.03165 0.03797 0.02532 0.10127 0.03797 0.00000 0.03165 0.06329
D1B420                         0.06329 0.04430 0.05063 0.04430 0.01266 0.01266 0.06962 0.08228 0.02532 0.07595 0.13924 0.05696 0.01899 0.03165 0.03165 0.07595 0.05063 0.00000 0.01899 0.09494
A6Q5D6                         0.03797 0.06962 0.03797 0.05063 0.00633 0.01266 0.06962 0.07595 0.02532 0.11392 0.08861 0.06962 0.00633 0.03797 0.03797 0.05696 0.08861 0.00000 0.03165 0.08228
A6Q6Q6                         0.04430 0.03165 0.06329 0.06329 0.01266 0.03165 0.05063 0.06962 0.03797 0.13291 0.03797 0.08861 0.01266 0.03165 0.03165 0.05063 0.08228 0.00000 0.02532 0.10127
B9L780                         0.06329 0.03165 0.05696 0.05063 0.00633 0.02532 0.06962 0.05696 0.03165 0.12658 0.06962 0.09494 0.00633 0.04430 0.05063 0.04430 0.06962 0.00000 0.03797 0.06329
A8FMS3                         0.05696 0.04430 0.05063 0.05696 0.00633 0.03165 0.07595 0.07595 0.02532 0.11392 0.09494 0.09494 0.01899 0.03797 0.02532 0.05696 0.04430 0.00000 0.03797 0.05063
Q7M7U9                         0.05063 0.05696 0.03165 0.05063 0.00633 0.02532 0.06329 0.09494 0.05063 0.08861 0.10127 0.04430 0.01899 0.03797 0.03797 0.07595 0.06962 0.00000 0.01899 0.07595
A7H2G1                         0.05696 0.04430 0.05063 0.05696 0.00633 0.03165 0.07595 0.07595 0.03165 0.10759 0.09494 0.09494 0.01899 0.03797 0.02532 0.05696 0.04430 0.00000 0.03165 0.05696
Q4HH10                         0.05696 0.05063 0.06329 0.05696 0.00633 0.01899 0.08861 0.07595 0.03797 0.10759 0.09494 0.08861 0.01899 0.03797 0.02532 0.05063 0.03165 0.00000 0.03165 0.05696
Q4HRH2                         0.04430 0.05063 0.05696 0.05696 0.00633 0.01899 0.05696 0.08228 0.03797 0.08861 0.14557 0.08228 0.02532 0.03165 0.03797 0.06329 0.02532 0.00000 0.03165 0.05696
B9KCY2                         0.06329 0.03797 0.06962 0.07595 0.01266 0.01899 0.05063 0.06962 0.02532 0.12025 0.09494 0.07595 0.01266 0.03797 0.02532 0.05063 0.05696 0.00000 0.05063 0.05063
O26094                         0.08228 0.01266 0.06962 0.05063 0.01266 0.03165 0.07595 0.04430 0.03797 0.09494 0.11392 0.07595 0.00000 0.04430 0.01899 0.08861 0.05063 0.00633 0.01899 0.06962
Q8DIA4                         0.12025 0.03165 0.02532 0.05063 0.01266 0.02532 0.04430 0.10127 0.01899 0.08228 0.07595 0.01266 0.00633 0.04430 0.03797 0.06329 0.10759 0.00633 0.01266 0.12025
Q7TUD3                         0.02532 0.01266 0.07595 0.05063 0.01266 0.02532 0.08228 0.07595 0.01899 0.13924 0.09494 0.11392 0.00000 0.03165 0.01266 0.07595 0.06329 0.01899 0.00633 0.06329
Q46GX7                         0.03797 0.03165 0.08861 0.05696 0.03165 0.00000 0.05063 0.08228 0.01899 0.07595 0.11392 0.06962 0.01266 0.03165 0.01899 0.10759 0.04430 0.01899 0.01899 0.08861
A5GRR1                         0.10127 0.07595 0.01899 0.06329 0.01899 0.03165 0.06329 0.10127 0.03797 0.03165 0.13291 0.01266 0.00000 0.01266 0.03797 0.08228 0.05063 0.02532 0.00633 0.09494
Q2JRJ7                         0.06962 0.05063 0.03165 0.04430 0.01266 0.05063 0.05063 0.10759 0.01266 0.05063 0.10759 0.02532 0.00000 0.02532 0.05696 0.08228 0.05063 0.01899 0.01899 0.13291
A2C0P8                         0.03797 0.03165 0.08861 0.05696 0.03165 0.00000 0.05063 0.08228 0.01899 0.07595 0.11392 0.06329 0.01266 0.03165 0.01899 0.10759 0.05063 0.01899 0.01899 0.08861
A2BVA2                         0.02532 0.01266 0.07595 0.06962 0.01266 0.02532 0.06329 0.07595 0.01899 0.13291 0.08228 0.12025 0.01266 0.03797 0.01266 0.07595 0.05063 0.01899 0.00633 0.06962
Q2JKT6                         0.06962 0.05063 0.03797 0.05063 0.01266 0.05063 0.05063 0.10759 0.01899 0.04430 0.10759 0.02532 0.00000 0.02532 0.05696 0.06962 0.06329 0.01899 0.01899 0.12025
Q05WM8                         0.10759 0.05696 0.01899 0.05696 0.02532 0.01899 0.05696 0.12658 0.03165 0.03165 0.11392 0.01266 0.00633 0.01266 0.01899 0.06962 0.05696 0.02532 0.01266 0.13924
A2BPS4                         0.03165 0.01899 0.08228 0.05063 0.01266 0.02532 0.06962 0.07595 0.02532 0.12658 0.09494 0.09494 0.00000 0.03165 0.01266 0.06329 0.06329 0.01899 0.00633 0.09494
Q31C93                         0.03165 0.01899 0.08228 0.04430 0.01266 0.02532 0.06962 0.07595 0.02532 0.15190 0.08861 0.10127 0.00633 0.02532 0.01266 0.06329 0.06329 0.01899 0.00633 0.07595
Q7NFC2                         0.12658 0.05696 0.01899 0.06962 0.01266 0.00633 0.04430 0.11392 0.02532 0.09494 0.08861 0.02532 0.00000 0.03165 0.03797 0.06329 0.07595 0.00633 0.00633 0.09494
B0CFI1                         0.07595 0.02532 0.04430 0.06962 0.01266 0.06962 0.03165 0.09494 0.02532 0.06329 0.09494 0.01899 0.00000 0.04430 0.04430 0.06962 0.06962 0.00633 0.00633 0.13291
A8G3F6                         0.02532 0.01266 0.08228 0.04430 0.01266 0.02532 0.07595 0.07595 0.02532 0.12658 0.09494 0.10127 0.00633 0.03165 0.01266 0.07595 0.05696 0.01899 0.00633 0.08861
Q3AM04                         0.13291 0.07595 0.01266 0.05696 0.01899 0.00633 0.06962 0.09494 0.03165 0.03165 0.10759 0.01899 0.00633 0.01899 0.02532 0.07595 0.06962 0.02532 0.00633 0.11392
A9BE60                         0.05696 0.02532 0.09494 0.04430 0.02532 0.03165 0.03797 0.10127 0.01899 0.07595 0.11392 0.04430 0.00000 0.04430 0.01899 0.09494 0.05063 0.01899 0.01899 0.08228
A3PBG4                         0.03165 0.01899 0.07595 0.05063 0.01266 0.02532 0.06962 0.07595 0.02532 0.12658 0.09494 0.10127 0.00633 0.03165 0.01266 0.06962 0.05696 0.01899 0.00633 0.08861
A3Z613                         0.12025 0.08228 0.01266 0.05063 0.01899 0.01899 0.06962 0.11392 0.04430 0.03797 0.12658 0.01266 0.00633 0.01266 0.03165 0.04430 0.05696 0.02532 0.00633 0.10759
A3Z0L1                         0.13924 0.07595 0.01266 0.07595 0.01266 0.01266 0.04430 0.10127 0.03165 0.02532 0.13291 0.01899 0.00633 0.01266 0.01899 0.06962 0.05696 0.02532 0.01266 0.11392
B5W5S7                         0.09494 0.03797 0.05063 0.03165 0.01899 0.02532 0.05696 0.10759 0.01899 0.05696 0.10759 0.01266 0.01266 0.02532 0.03797 0.08861 0.07595 0.00633 0.01899 0.11392
A0ZIZ9                         0.08861 0.03165 0.03797 0.04430 0.00633 0.02532 0.05696 0.11392 0.01266 0.05696 0.08861 0.03165 0.02532 0.03165 0.03797 0.06329 0.08861 0.01899 0.02532 0.11392
Q05YS8                         0.10127 0.08228 0.01266 0.05696 0.02532 0.01899 0.06329 0.09494 0.01899 0.03165 0.13291 0.01266 0.00633 0.02532 0.03797 0.06962 0.05696 0.01899 0.00633 0.12658
Q7TUT4                         0.12025 0.05696 0.01266 0.05696 0.03797 0.02532 0.06329 0.10759 0.02532 0.03165 0.10127 0.01266 0.00000 0.02532 0.01266 0.07595 0.05696 0.02532 0.01266 0.13924
Q3AWK5                         0.08861 0.08861 0.01266 0.05696 0.02532 0.01899 0.06329 0.10127 0.01899 0.03165 0.12658 0.01266 0.00633 0.01899 0.03797 0.08228 0.05696 0.01899 0.00633 0.12658
A5GMY7                         0.09494 0.07595 0.01899 0.06962 0.01899 0.01899 0.05696 0.12025 0.02532 0.02532 0.11392 0.01899 0.00000 0.01899 0.02532 0.06962 0.05063 0.02532 0.00633 0.14557
Q0I898                         0.10759 0.06962 0.03797 0.05696 0.01899 0.01899 0.06329 0.10759 0.01899 0.04430 0.11392 0.01266 0.00633 0.01266 0.02532 0.09494 0.03797 0.03165 0.01266 0.10759
C7QNY3                         0.06962 0.03797 0.03165 0.06329 0.01899 0.01899 0.03797 0.09494 0.03165 0.05696 0.10759 0.02532 0.01266 0.03165 0.05063 0.06329 0.11392 0.00633 0.02532 0.10127
A2C7C9                         0.12025 0.05696 0.01266 0.05696 0.03797 0.03165 0.06329 0.10759 0.01899 0.03165 0.10759 0.01266 0.00000 0.01899 0.01266 0.07595 0.05696 0.02532 0.01266 0.13924
Q111Q6                         0.06962 0.02532 0.04430 0.04430 0.01266 0.03165 0.04430 0.08861 0.03165 0.08228 0.12658 0.04430 0.00633 0.03165 0.03797 0.08861 0.06962 0.00633 0.01266 0.10127
A0YTA4                         0.07595 0.03165 0.03165 0.04430 0.02532 0.04430 0.05696 0.10127 0.01899 0.07595 0.08861 0.02532 0.00633 0.03797 0.04430 0.07595 0.08228 0.00633 0.02532 0.10127
B7K2F0                         0.07595 0.03797 0.03165 0.06329 0.01899 0.01899 0.03797 0.09494 0.03165 0.05696 0.10759 0.02532 0.01266 0.03165 0.05063 0.06329 0.10759 0.00633 0.02532 0.10127
Q7VDE1                         0.09494 0.04430 0.03165 0.04430 0.01266 0.01899 0.05696 0.08861 0.02532 0.07595 0.11392 0.06329 0.00000 0.03797 0.02532 0.08228 0.06329 0.01899 0.01266 0.08861
A4CRQ7                         0.08861 0.06962 0.03165 0.06962 0.01899 0.01899 0.05696 0.12025 0.02532 0.02532 0.11392 0.01266 0.00000 0.01899 0.02532 0.07595 0.05063 0.02532 0.00633 0.14557
B8HYP4                         0.08228 0.04430 0.03165 0.03165 0.01266 0.07595 0.04430 0.08228 0.03165 0.05696 0.11392 0.01266 0.00000 0.03797 0.04430 0.08861 0.07595 0.00633 0.01266 0.11392
Q7TTT5                         0.08228 0.08228 0.01899 0.05696 0.01899 0.01899 0.07595 0.12658 0.01899 0.03165 0.11392 0.01266 0.01266 0.01899 0.02532 0.08228 0.05063 0.01899 0.00633 0.12658
B1XJ77                         0.11392 0.02532 0.03797 0.05063 0.01266 0.01266 0.05696 0.09494 0.01899 0.07595 0.08861 0.04430 0.00000 0.03165 0.02532 0.06962 0.08228 0.02532 0.01266 0.12025
Q3MD97                         0.07595 0.03165 0.03165 0.03797 0.01266 0.03165 0.06329 0.12025 0.01266 0.05696 0.10127 0.02532 0.01266 0.03165 0.04430 0.05696 0.09494 0.01266 0.03165 0.11392
Q55532                         0.08861 0.02532 0.05063 0.05063 0.00633 0.04430 0.04430 0.12025 0.02532 0.05063 0.12025 0.01899 0.00633 0.03165 0.03165 0.08228 0.05696 0.01266 0.02532 0.10759
B4AWF4                         0.05696 0.03797 0.04430 0.05063 0.02532 0.01899 0.06962 0.08861 0.01899 0.06329 0.12025 0.02532 0.00000 0.03797 0.03165 0.10127 0.08228 0.00633 0.03165 0.08861
Q8YLN8                         0.07595 0.03165 0.02532 0.03797 0.01266 0.03165 0.06329 0.12025 0.01266 0.05696 0.10127 0.02532 0.01266 0.03165 0.04430 0.05696 0.10127 0.01266 0.03165 0.11392
B1WQI1                         0.07595 0.01899 0.03165 0.05063 0.01899 0.03165 0.04430 0.08228 0.01899 0.06962 0.10127 0.03797 0.00633 0.03165 0.05696 0.07595 0.10759 0.01266 0.03165 0.09494
A3IMV7                         0.06962 0.01899 0.03165 0.05063 0.01899 0.03165 0.04430 0.08228 0.01899 0.06962 0.10127 0.04430 0.00633 0.03165 0.05063 0.09494 0.08861 0.01266 0.03165 0.10127
B2J2G9                         0.09494 0.03797 0.02532 0.05063 0.01266 0.02532 0.05063 0.10759 0.01266 0.06329 0.10127 0.03797 0.01266 0.02532 0.02532 0.07595 0.07595 0.01266 0.03165 0.12025
B0JWW4                         0.08228 0.03797 0.03797 0.05696 0.01266 0.01266 0.05063 0.08861 0.02532 0.08228 0.10127 0.02532 0.01266 0.02532 0.02532 0.07595 0.08861 0.01266 0.02532 0.12025
Q4C080                         0.07595 0.01899 0.03165 0.05696 0.01899 0.02532 0.05063 0.08228 0.02532 0.07595 0.10127 0.05063 0.00000 0.03797 0.04430 0.08861 0.08228 0.00633 0.02532 0.10127
B7KAN9                         0.05063 0.03165 0.02532 0.05063 0.01899 0.02532 0.06962 0.09494 0.01899 0.07595 0.12025 0.03797 0.00633 0.03165 0.02532 0.10127 0.08228 0.01266 0.03165 0.08861
Q31MR5                         0.07595 0.05063 0.02532 0.05063 0.01899 0.04430 0.05063 0.11392 0.02532 0.05696 0.13291 0.01899 0.00000 0.02532 0.02532 0.07595 0.07595 0.01266 0.01266 0.10759
Q5N5Z5                         0.07595 0.05063 0.02532 0.05063 0.01899 0.04430 0.05063 0.11392 0.02532 0.05696 0.13291 0.01899 0.00000 0.02532 0.02532 0.07595 0.07595 0.01266 0.01266 0.10759
B9YLK2                         0.07595 0.04430 0.03165 0.04430 0.00633 0.03165 0.05063 0.09494 0.02532 0.08228 0.08861 0.03165 0.01266 0.03165 0.03797 0.07595 0.10127 0.01899 0.02532 0.08861
B7MV42                         0.05063 0.03797 0.05696 0.05063 0.01899 0.01899 0.06962 0.08861 0.03797 0.07595 0.10127 0.07595 0.02532 0.03797 0.01266 0.04430 0.09494 0.01266 0.01266 0.07595
P0AFU8                         0.05063 0.03797 0.05696 0.05063 0.01899 0.01899 0.06962 0.08861 0.03797 0.07595 0.10127 0.07595 0.02532 0.03797 0.01266 0.04430 0.09494 0.01266 0.01266 0.07595
B7LQA5                         0.04430 0.03165 0.05063 0.04430 0.01899 0.03165 0.08228 0.08861 0.03797 0.08861 0.10127 0.07595 0.02532 0.03797 0.01266 0.04430 0.09494 0.01266 0.01266 0.06329

Homogeneity statistic: X2 = 8.86320 G = 9.11184 

Average                        0.07342 0.04197 0.04284 0.05287 0.01597 0.02580 0.05930 0.09318 0.02580 0.07517 0.10419 0.04732 0.00896 0.03077 0.03038 0.07283 0.06884 0.01305 0.01889 0.09844

# constant sites:     16 (10.13%)
ln Lmax (unconstrained) = -786.297648

AA distances (raw proportions of different sites)

A8EWV1         
Q30P77           0.3228
D1B420           0.3987  0.4430
A6Q5D6           0.3797  0.3924  0.4367
A6Q6Q6           0.4177  0.3987  0.4620  0.4620
B9L780           0.3734  0.3734  0.4810  0.4430  0.4430
A8FMS3           0.4114  0.4620  0.4051  0.3734  0.5316  0.4304
Q7M7U9           0.4114  0.4430  0.4304  0.4114  0.4873  0.4810  0.4430
A7H2G1           0.4177  0.4747  0.4114  0.3671  0.5253  0.4367  0.0127  0.4494
Q4HH10           0.4557  0.4937  0.4557  0.4051  0.5253  0.4684  0.1646  0.4810  0.1646
Q4HRH2           0.4747  0.4937  0.4430  0.4241  0.5443  0.5000  0.2911  0.5000  0.2911  0.2911
B9KCY2           0.4557  0.4873  0.4367  0.4114  0.5000  0.4304  0.2595  0.4430  0.2595  0.2785  0.3544
O26094           0.4873  0.4937  0.4810  0.4937  0.5570  0.4620  0.4747  0.5063  0.4810  0.5063  0.4873  0.5127
Q8DIA4           0.6076  0.6076  0.6139  0.6013  0.5949  0.6203  0.6456  0.5949  0.6392  0.6709  0.6772  0.6646  0.6772
Q7TUD3           0.5759  0.5823  0.6582  0.6076  0.5949  0.6076  0.6456  0.6266  0.6392  0.6329  0.6456  0.6392  0.6139  0.5063
Q46GX7           0.6456  0.6329  0.6709  0.6329  0.6392  0.6646  0.6899  0.6392  0.6835  0.6519  0.6646  0.6456  0.6899  0.5127  0.4177
A5GRR1           0.6519  0.6392  0.6456  0.6392  0.6456  0.6266  0.6646  0.6139  0.6582  0.6646  0.6772  0.6646  0.6835  0.4430  0.4873  0.4684
Q2JRJ7           0.6646  0.6392  0.6646  0.6392  0.6835  0.6392  0.6772  0.6203  0.6709  0.6899  0.7152  0.6582  0.7152  0.4937  0.5316  0.5506  0.4810
A2C0P8           0.6519  0.6392  0.6772  0.6266  0.6456  0.6709  0.6899  0.6392  0.6835  0.6519  0.6709  0.6392  0.6962  0.5127  0.4114  0.0063  0.4684  0.5506
A2BVA2           0.5886  0.5886  0.6709  0.6139  0.6139  0.6266  0.6646  0.6076  0.6582  0.6519  0.6646  0.6582  0.6392  0.5253  0.0823  0.4430  0.4937  0.5506  0.4430
Q2JKT6           0.6582  0.6392  0.6582  0.6329  0.6772  0.6329  0.6582  0.6139  0.6519  0.6709  0.6962  0.6392  0.6962  0.4620  0.5253  0.5380  0.4747  0.0633  0.5380  0.5443
Q05WM8           0.6772  0.6519  0.6456  0.6266  0.6203  0.6646  0.6772  0.6266  0.6709  0.6835  0.6899  0.6772  0.6835  0.4937  0.4810  0.4367  0.3861  0.5063  0.4367  0.4873  0.4937
A2BPS4           0.5949  0.6392  0.6456  0.6139  0.6266  0.6266  0.6646  0.6329  0.6582  0.6646  0.6709  0.6582  0.6582  0.4873  0.1709  0.4747  0.4937  0.5316  0.4747  0.1962  0.5190  0.4684
Q31C93           0.6076  0.6203  0.6456  0.6013  0.6139  0.6392  0.6392  0.6456  0.6329  0.6582  0.6582  0.6519  0.6392  0.4810  0.1709  0.4557  0.4937  0.5316  0.4557  0.2025  0.5190  0.4747  0.0949
Q7NFC2           0.6582  0.6392  0.6456  0.6392  0.6772  0.6456  0.6899  0.6139  0.6835  0.6835  0.6899  0.6709  0.6772  0.4430  0.5570  0.5570  0.5253  0.5127  0.5633  0.5759  0.5127  0.5316  0.5633  0.5570
B0CFI1           0.6456  0.6772  0.6203  0.6519  0.6772  0.6329  0.6962  0.6329  0.6899  0.6899  0.7215  0.6772  0.7152  0.4177  0.5316  0.5633  0.4873  0.4304  0.5633  0.5443  0.4367  0.5253  0.5253  0.5253  0.4747
A8G3F6           0.6013  0.6203  0.6519  0.6139  0.6139  0.6329  0.6646  0.6392  0.6582  0.6519  0.6582  0.6519  0.6456  0.5000  0.1519  0.4557  0.5127  0.5380  0.4557  0.1835  0.5253  0.4810  0.0506  0.0696  0.5759  0.5443
Q3AM04           0.6835  0.6266  0.6392  0.6266  0.6456  0.6013  0.6772  0.6329  0.6709  0.6772  0.7152  0.6519  0.6772  0.4937  0.4873  0.3987  0.3608  0.5063  0.3987  0.5000  0.4937  0.2848  0.4684  0.4873  0.5506  0.5316  0.4873
A9BE60           0.6329  0.6709  0.6519  0.6519  0.6392  0.6392  0.6899  0.6519  0.6835  0.6899  0.7025  0.6835  0.7089  0.4937  0.4367  0.4114  0.4620  0.5886  0.4114  0.4494  0.5823  0.4114  0.4304  0.4557  0.6013  0.5506  0.4557  0.4241
A3PBG4           0.6076  0.6329  0.6392  0.6139  0.6266  0.6329  0.6646  0.6392  0.6582  0.6582  0.6646  0.6582  0.6582  0.4873  0.1582  0.4747  0.5000  0.5253  0.4747  0.1899  0.5127  0.4810  0.0380  0.0823  0.5633  0.5380  0.0253  0.4747  0.4557
A3Z613           0.6835  0.6519  0.6519  0.6329  0.6266  0.6392  0.6835  0.6266  0.6772  0.6835  0.6962  0.6772  0.6835  0.4557  0.4810  0.4430  0.3861  0.5127  0.4430  0.4810  0.4937  0.1772  0.4747  0.4873  0.5253  0.5127  0.4873  0.2722  0.4051  0.4810
A3Z0L1           0.6899  0.7089  0.6456  0.6519  0.6646  0.6646  0.7089  0.6519  0.7025  0.7025  0.7089  0.6709  0.7215  0.4810  0.5000  0.4367  0.3861  0.5127  0.4367  0.5000  0.5063  0.3291  0.4810  0.4937  0.5506  0.5253  0.5000  0.3291  0.4620  0.4810  0.3418
B5W5S7           0.6646  0.6392  0.6646  0.6709  0.6899  0.6266  0.6899  0.6329  0.6835  0.6899  0.6962  0.6899  0.6709  0.5000  0.5696  0.5506  0.5506  0.4557  0.5506  0.5823  0.4494  0.5443  0.5506  0.5633  0.5380  0.4873  0.5696  0.5316  0.5633  0.5696  0.5380  0.6076
A0ZIZ9           0.6772  0.6519  0.6899  0.6899  0.6709  0.6456  0.7278  0.6519  0.7215  0.7215  0.7278  0.7025  0.7025  0.4557  0.5380  0.5570  0.5063  0.4304  0.5570  0.5570  0.4241  0.5316  0.5443  0.5380  0.5000  0.4684  0.5443  0.5380  0.5696  0.5443  0.5253  0.5570  0.3924
Q05YS8           0.7025  0.6392  0.6329  0.6139  0.6329  0.6456  0.6835  0.6519  0.6772  0.6899  0.7152  0.6709  0.6835  0.4747  0.4873  0.4114  0.3861  0.4810  0.4114  0.4937  0.4747  0.2911  0.4684  0.4747  0.5380  0.5253  0.4747  0.1772  0.4177  0.4684  0.2532  0.3608  0.5443  0.5253
Q7TUT4           0.7025  0.6709  0.6266  0.6582  0.6392  0.6582  0.7025  0.6456  0.6962  0.6962  0.7215  0.6709  0.7152  0.4747  0.5253  0.4241  0.4177  0.5190  0.4241  0.5316  0.5127  0.2658  0.5000  0.4937  0.5696  0.5190  0.5127  0.2975  0.4051  0.5063  0.3101  0.3228  0.5696  0.5443  0.2975
Q3AWK5           0.7025  0.6456  0.6392  0.6139  0.6392  0.6456  0.6835  0.6456  0.6772  0.6899  0.7152  0.6646  0.6962  0.4747  0.4873  0.4114  0.3861  0.4810  0.4114  0.4937  0.4747  0.2975  0.4684  0.4747  0.5570  0.5316  0.4747  0.1772  0.4177  0.4684  0.2595  0.3481  0.5443  0.5190  0.0380  0.2911
A5GMY7           0.6835  0.6519  0.6582  0.6456  0.6329  0.6582  0.6962  0.6139  0.6899  0.6962  0.7025  0.6582  0.7152  0.4810  0.4810  0.3861  0.3987  0.4873  0.3861  0.4810  0.4747  0.2405  0.4747  0.4873  0.5570  0.5253  0.4873  0.2595  0.3734  0.4810  0.1962  0.3418  0.5570  0.5127  0.2532  0.2975  0.2595
Q0I898           0.6962  0.6646  0.6646  0.6456  0.6329  0.6519  0.6899  0.6582  0.6835  0.6835  0.7152  0.6582  0.7025  0.5000  0.4810  0.3924  0.4114  0.5063  0.3924  0.4937  0.5000  0.2342  0.4684  0.4873  0.5696  0.5253  0.4810  0.2785  0.3861  0.4747  0.2342  0.3291  0.5506  0.5316  0.2595  0.3038  0.2405  0.1962
C7QNY3           0.6519  0.6646  0.6329  0.6709  0.6962  0.6456  0.7152  0.6392  0.7215  0.7089  0.7089  0.6772  0.7089  0.4810  0.5633  0.5253  0.5063  0.4051  0.5316  0.5886  0.4177  0.5127  0.5506  0.5633  0.5253  0.4494  0.5570  0.5190  0.5696  0.5443  0.5000  0.5127  0.4114  0.3734  0.5000  0.5253  0.5000  0.4937  0.5063
A2C7C9           0.7025  0.6709  0.6203  0.6519  0.6392  0.6646  0.7025  0.6392  0.6962  0.6962  0.7215  0.6709  0.7152  0.4684  0.5253  0.4177  0.4114  0.5190  0.4177  0.5253  0.5063  0.2658  0.5000  0.4937  0.5696  0.5190  0.5127  0.2848  0.3987  0.5063  0.3101  0.3165  0.5696  0.5443  0.2911  0.0127  0.2848  0.2911  0.2975  0.5316
Q111Q6           0.6835  0.6329  0.6646  0.6835  0.6709  0.6392  0.6899  0.6456  0.6835  0.6835  0.6646  0.6709  0.6835  0.4747  0.5190  0.5633  0.5063  0.3734  0.5696  0.5316  0.3924  0.5316  0.5506  0.5253  0.4684  0.4241  0.5380  0.5506  0.5633  0.5380  0.5316  0.5633  0.3797  0.3861  0.5316  0.5696  0.5443  0.5380  0.5253  0.3861  0.5759
A0YTA4           0.6646  0.6392  0.6456  0.6835  0.6835  0.6203  0.7025  0.6139  0.6962  0.7025  0.7089  0.6835  0.6962  0.4684  0.5570  0.5380  0.5253  0.4430  0.5443  0.5506  0.4430  0.5443  0.5443  0.5570  0.4937  0.4494  0.5633  0.5190  0.5633  0.5506  0.5316  0.5759  0.2975  0.3101  0.5380  0.5570  0.5316  0.5380  0.5316  0.3734  0.5570  0.2975
B7K2F0           0.6519  0.6646  0.6329  0.6709  0.6962  0.6456  0.7152  0.6392  0.7215  0.7089  0.7089  0.6772  0.7089  0.4810  0.5633  0.5253  0.5063  0.3987  0.5316  0.5886  0.4177  0.5127  0.5506  0.5633  0.5253  0.4494  0.5570  0.5190  0.5696  0.5443  0.5000  0.5127  0.4114  0.3734  0.5000  0.5253  0.5000  0.4937  0.5063  0.0063  0.5316  0.3861  0.3734
Q7VDE1           0.6582  0.6772  0.6709  0.6139  0.6582  0.6519  0.6709  0.6456  0.6646  0.6835  0.6962  0.6519  0.6835  0.4684  0.4241  0.3797  0.4430  0.5443  0.3797  0.4430  0.5190  0.4177  0.4430  0.4241  0.5759  0.5506  0.4557  0.4177  0.3544  0.4620  0.4177  0.4557  0.5570  0.5316  0.4114  0.3987  0.4114  0.3671  0.4177  0.5570  0.3987  0.5633  0.5380  0.5570
A4CRQ7           0.6835  0.6519  0.6582  0.6456  0.6266  0.6582  0.6962  0.6139  0.6899  0.6899  0.7025  0.6582  0.7215  0.4873  0.4747  0.3861  0.3987  0.4937  0.3861  0.4747  0.4873  0.2278  0.4747  0.4873  0.5570  0.5253  0.4873  0.2595  0.3671  0.4810  0.2025  0.3354  0.5506  0.5190  0.2658  0.2911  0.2722  0.0253  0.1962  0.4937  0.2848  0.5380  0.5380  0.4937  0.3797
B8HYP4           0.6709  0.6456  0.6835  0.6709  0.6709  0.6203  0.7215  0.6582  0.7152  0.7215  0.7152  0.7215  0.6962  0.4747  0.5380  0.5633  0.4810  0.4430  0.5633  0.5570  0.4304  0.5127  0.5253  0.5316  0.4873  0.4114  0.5316  0.5443  0.5633  0.5190  0.5063  0.5127  0.4494  0.3734  0.5190  0.5063  0.5190  0.5127  0.5127  0.4304  0.5063  0.3608  0.3734  0.4304  0.5443  0.5127
Q7TTT5           0.6772  0.6329  0.6456  0.6392  0.6519  0.6456  0.6709  0.6392  0.6646  0.6899  0.6899  0.6709  0.6772  0.4810  0.4873  0.4241  0.3861  0.5127  0.4241  0.5000  0.4873  0.2532  0.4810  0.4684  0.5380  0.5190  0.4810  0.2405  0.4177  0.4810  0.2595  0.3481  0.5506  0.5443  0.2342  0.3354  0.2342  0.2468  0.2722  0.5316  0.3291  0.5380  0.5506  0.5316  0.3987  0.2532  0.5443
B1XJ77           0.6899  0.6392  0.6772  0.6835  0.6772  0.6646  0.6835  0.6772  0.6772  0.6772  0.6962  0.6962  0.6772  0.5190  0.5696  0.5570  0.5443  0.4494  0.5633  0.5823  0.4684  0.5506  0.5443  0.5443  0.5190  0.4810  0.5506  0.5506  0.5886  0.5506  0.5570  0.5696  0.3797  0.3608  0.5443  0.5696  0.5443  0.5506  0.5443  0.3924  0.5696  0.3797  0.3418  0.3861  0.5570  0.5506  0.4051  0.5443
Q3MD97           0.6899  0.6329  0.6772  0.6709  0.6646  0.6392  0.7342  0.6582  0.7278  0.7089  0.7152  0.7025  0.6962  0.4304  0.5443  0.5380  0.5253  0.3987  0.5380  0.5633  0.3924  0.5127  0.5380  0.5380  0.4747  0.4367  0.5380  0.5063  0.5633  0.5380  0.5127  0.5506  0.3861  0.1329  0.4873  0.5380  0.4810  0.5063  0.5063  0.3797  0.5380  0.3608  0.2911  0.3797  0.5380  0.5127  0.3544  0.5316  0.3481
Q55532           0.6835  0.6519  0.6772  0.6646  0.6709  0.6646  0.6962  0.6835  0.6899  0.7025  0.7089  0.6899  0.6962  0.4304  0.5253  0.5696  0.5127  0.4304  0.5696  0.5443  0.4367  0.5316  0.5063  0.5253  0.5127  0.4557  0.5063  0.5190  0.5506  0.4937  0.5127  0.5063  0.4747  0.4051  0.5127  0.5380  0.5063  0.5000  0.5127  0.4051  0.5380  0.3987  0.4304  0.4051  0.5190  0.5000  0.4177  0.5127  0.3671  0.3797
B4AWF4           0.6962  0.6772  0.6709  0.6772  0.6899  0.6772  0.7152  0.6709  0.7089  0.7089  0.7025  0.6962  0.7278  0.4873  0.5063  0.5253  0.5127  0.4051  0.5253  0.5253  0.4114  0.5380  0.4937  0.4937  0.5316  0.4684  0.4937  0.5127  0.5316  0.4873  0.5316  0.5570  0.3797  0.3734  0.4937  0.5380  0.4937  0.5253  0.5000  0.3165  0.5380  0.3734  0.3608  0.3165  0.5443  0.5253  0.3987  0.5253  0.3734  0.3481  0.3861
Q8YLN8           0.6962  0.6392  0.6835  0.6772  0.6646  0.6456  0.7405  0.6646  0.7342  0.7152  0.7215  0.7089  0.7025  0.4304  0.5443  0.5380  0.5253  0.3987  0.5380  0.5633  0.3924  0.5127  0.5380  0.5380  0.4747  0.4367  0.5380  0.5063  0.5633  0.5380  0.5127  0.5506  0.3861  0.1329  0.4873  0.5380  0.4810  0.5063  0.5063  0.3734  0.5380  0.3608  0.2911  0.3734  0.5380  0.5127  0.3544  0.5316  0.3481  0.0063  0.3797  0.3481
B1WQI1           0.6519  0.6646  0.6392  0.6772  0.6962  0.6582  0.7215  0.6392  0.7152  0.7278  0.6899  0.6899  0.7215  0.4620  0.5443  0.5443  0.5000  0.4114  0.5506  0.5633  0.4241  0.5253  0.5127  0.5253  0.5253  0.4304  0.5380  0.5316  0.5506  0.5190  0.5190  0.5253  0.3608  0.3671  0.5253  0.5380  0.5253  0.5190  0.5190  0.2152  0.5380  0.3608  0.3101  0.2152  0.5633  0.5190  0.4177  0.5380  0.3544  0.3797  0.4177  0.2658  0.3797
A3IMV7           0.6582  0.6519  0.6519  0.6772  0.6835  0.6646  0.7405  0.6519  0.7342  0.7278  0.7089  0.7089  0.7278  0.4873  0.5443  0.5506  0.5190  0.4177  0.5570  0.5696  0.4367  0.5443  0.5127  0.5380  0.5380  0.4430  0.5380  0.5380  0.5570  0.5190  0.5316  0.5443  0.3924  0.3734  0.5380  0.5570  0.5380  0.5190  0.5316  0.2278  0.5570  0.3734  0.3228  0.2278  0.5696  0.5190  0.4051  0.5443  0.3671  0.3797  0.4177  0.2595  0.3797  0.0759
B2J2G9           0.7089  0.6582  0.7089  0.6899  0.6646  0.6203  0.7342  0.6646  0.7278  0.7152  0.7342  0.6962  0.7025  0.4620  0.5823  0.5506  0.5127  0.4177  0.5506  0.6013  0.4177  0.5127  0.5696  0.5759  0.4937  0.4620  0.5759  0.5000  0.5696  0.5696  0.5190  0.5443  0.3734  0.1709  0.5127  0.5443  0.5063  0.5063  0.4937  0.3671  0.5443  0.3861  0.3101  0.3671  0.5570  0.5063  0.3861  0.5443  0.3544  0.1392  0.4114  0.3481  0.1392  0.3671  0.3734
B0JWW4           0.6646  0.6392  0.6772  0.6646  0.6709  0.6013  0.6962  0.6519  0.6899  0.6899  0.6962  0.6772  0.6835  0.4620  0.5570  0.5570  0.5190  0.4114  0.5633  0.5759  0.4177  0.5253  0.5443  0.5570  0.4873  0.4494  0.5570  0.5253  0.5443  0.5443  0.5063  0.5570  0.3861  0.3354  0.5127  0.5316  0.5063  0.5063  0.5063  0.3165  0.5380  0.3354  0.3228  0.3165  0.5570  0.5063  0.3671  0.5190  0.3608  0.3291  0.3734  0.2658  0.3291  0.3038  0.2975  0.3291
Q4C080           0.6582  0.6582  0.6392  0.6709  0.6962  0.6519  0.7342  0.6456  0.7278  0.7215  0.6962  0.6899  0.7215  0.4810  0.5506  0.5380  0.5127  0.4114  0.5443  0.5696  0.4304  0.5316  0.5127  0.5253  0.5190  0.4367  0.5380  0.5127  0.5633  0.5190  0.5253  0.5253  0.3797  0.3734  0.5253  0.5506  0.5253  0.5253  0.5253  0.2342  0.5506  0.3608  0.2975  0.2342  0.5696  0.5253  0.3924  0.5316  0.3481  0.3544  0.4367  0.2785  0.3544  0.1013  0.1139  0.3418  0.3101
B7KAN9           0.6899  0.6646  0.6709  0.6709  0.6962  0.6646  0.6899  0.6582  0.6835  0.6835  0.6835  0.6772  0.7025  0.4810  0.5253  0.5253  0.5190  0.4304  0.5253  0.5443  0.4304  0.5506  0.5190  0.5253  0.5127  0.4747  0.5190  0.5253  0.5633  0.5190  0.5443  0.5759  0.3354  0.3481  0.5190  0.5696  0.5127  0.5316  0.5253  0.3038  0.5696  0.3544  0.3101  0.3038  0.5570  0.5316  0.3797  0.5443  0.3354  0.3291  0.3924  0.1709  0.3291  0.2532  0.2468  0.3165  0.2595  0.2595
Q31MR5           0.7215  0.6772  0.6899  0.6709  0.6962  0.6835  0.6962  0.6709  0.6899  0.7152  0.7089  0.6835  0.7025  0.4557  0.5253  0.5823  0.5000  0.4241  0.5823  0.5316  0.4241  0.5000  0.5063  0.5127  0.5000  0.5063  0.5127  0.5127  0.5696  0.5063  0.4937  0.5506  0.4367  0.3987  0.4620  0.5506  0.4684  0.5063  0.4937  0.4304  0.5506  0.3861  0.4241  0.4241  0.5633  0.5063  0.4557  0.5253  0.4494  0.3924  0.3861  0.4177  0.3924  0.4304  0.4494  0.3987  0.4241  0.4557  0.4177
Q5N5Z5           0.7215  0.6772  0.6899  0.6709  0.6962  0.6835  0.6962  0.6709  0.6899  0.7152  0.7089  0.6835  0.7025  0.4557  0.5253  0.5823  0.5000  0.4241  0.5823  0.5316  0.4241  0.5000  0.5063  0.5127  0.5000  0.5063  0.5127  0.5127  0.5696  0.5063  0.4937  0.5506  0.4367  0.3987  0.4620  0.5506  0.4684  0.5063  0.4937  0.4304  0.5506  0.3861  0.4241  0.4241  0.5633  0.5063  0.4557  0.5253  0.4494  0.3924  0.3861  0.4177  0.3924  0.4304  0.4494  0.3987  0.4241  0.4557  0.4177  0.0000
B9YLK2           0.6899  0.6456  0.6962  0.6835  0.6772  0.6392  0.7342  0.6519  0.7278  0.7025  0.7215  0.6772  0.7025  0.4620  0.5696  0.5506  0.5253  0.4114  0.5506  0.5823  0.4241  0.5316  0.5696  0.5633  0.5063  0.4494  0.5633  0.5316  0.5886  0.5696  0.5443  0.5570  0.4241  0.1962  0.5190  0.5380  0.5127  0.5380  0.5063  0.3861  0.5443  0.3734  0.3228  0.3861  0.5696  0.5380  0.4114  0.5443  0.3797  0.1899  0.3924  0.3481  0.1899  0.3797  0.3861  0.2089  0.3038  0.3671  0.3038  0.4304  0.4304
B7MV42           0.6709  0.6646  0.6709  0.6646  0.6646  0.6013  0.6835  0.6899  0.6835  0.6646  0.6646  0.6709  0.6835  0.6835  0.6329  0.6646  0.6329  0.6582  0.6709  0.6266  0.6519  0.6519  0.6456  0.6392  0.6646  0.6899  0.6456  0.6392  0.6646  0.6456  0.6456  0.6646  0.6772  0.6709  0.6519  0.6582  0.6456  0.6582  0.6646  0.6709  0.6646  0.6709  0.6646  0.6709  0.6962  0.6582  0.6899  0.6519  0.6582  0.6709  0.6835  0.6772  0.6709  0.7025  0.7089  0.6772  0.6582  0.7025  0.6899  0.6582  0.6582  0.6899
P0AFU8           0.6709  0.6646  0.6709  0.6646  0.6646  0.6013  0.6835  0.6899  0.6835  0.6646  0.6646  0.6709  0.6835  0.6835  0.6329  0.6646  0.6329  0.6582  0.6709  0.6266  0.6519  0.6519  0.6456  0.6392  0.6646  0.6899  0.6456  0.6392  0.6646  0.6456  0.6456  0.6646  0.6772  0.6709  0.6519  0.6582  0.6456  0.6582  0.6646  0.6709  0.6646  0.6709  0.6646  0.6709  0.6962  0.6582  0.6899  0.6519  0.6582  0.6709  0.6835  0.6772  0.6709  0.7025  0.7089  0.6772  0.6582  0.7025  0.6899  0.6582  0.6582  0.6899  0.0000
B7LQA5           0.6835  0.6646  0.6772  0.6709  0.6709  0.5886  0.6899  0.6899  0.6899  0.6709  0.6772  0.6772  0.6962  0.6899  0.6266  0.6582  0.6329  0.6582  0.6646  0.6329  0.6519  0.6646  0.6519  0.6392  0.6646  0.6899  0.6456  0.6456  0.6709  0.6519  0.6582  0.6772  0.6772  0.6709  0.6646  0.6709  0.6582  0.6646  0.6709  0.6772  0.6772  0.6709  0.6709  0.6772  0.6899  0.6646  0.6962  0.6582  0.6646  0.6709  0.6899  0.6772  0.6709  0.7025  0.7089  0.6772  0.6582  0.7025  0.6899  0.6772  0.6772  0.6835  0.0506  0.0506
