AAML (in paml version 4.6, August 2012)  305.aa
Model: Empirical for branches,  (../../../bin/LG.dat) dGamma (ncatG=4) ns =  65  ls = 391


Frequencies..
                                    A      R      N      D      C      Q      E      G      H      I      L      K      M      F      P      S      T      W      Y      V
A8EWE2                         0.10486 0.03069 0.07161 0.07417 0.01279 0.00767 0.06394 0.06905 0.02046 0.10997 0.08184 0.08440 0.02813 0.02046 0.02558 0.03581 0.06138 0.00512 0.02813 0.06394
A6Q2R9                         0.10230 0.03581 0.05115 0.06138 0.01535 0.01279 0.08440 0.07417 0.02558 0.09974 0.08184 0.08951 0.02558 0.02302 0.02813 0.03581 0.04604 0.00512 0.02302 0.07928
A6Q7Q2                         0.11253 0.03836 0.05371 0.08184 0.01279 0.02302 0.05115 0.07417 0.02046 0.09974 0.08440 0.07417 0.02046 0.02302 0.03325 0.04348 0.05882 0.00512 0.01535 0.07417
D1B034                         0.10742 0.03836 0.06905 0.06394 0.02302 0.01023 0.06650 0.07161 0.02046 0.10486 0.08184 0.07417 0.02558 0.03069 0.02813 0.03581 0.05115 0.00767 0.01790 0.07161
Q30S78                         0.10742 0.03069 0.06905 0.07673 0.01535 0.02046 0.05371 0.06650 0.02813 0.09719 0.07161 0.06905 0.03836 0.02302 0.02302 0.04859 0.04604 0.00512 0.02813 0.08184
Q7M8Y4                         0.11253 0.04092 0.06905 0.06650 0.01535 0.02046 0.06394 0.06905 0.01790 0.10230 0.09463 0.07417 0.02046 0.02046 0.03325 0.03581 0.04604 0.00767 0.01790 0.07161
Q4HIM2                         0.10742 0.04092 0.05115 0.05882 0.01535 0.01790 0.07928 0.06905 0.01535 0.08951 0.09974 0.08440 0.02813 0.03069 0.02302 0.04859 0.04092 0.00767 0.01535 0.07673
B9KD71                         0.10230 0.03836 0.07417 0.06138 0.02302 0.01279 0.06650 0.06650 0.01535 0.08951 0.10486 0.07161 0.02302 0.03325 0.02046 0.05371 0.04348 0.00767 0.01279 0.07928
A8FLU0                         0.10230 0.03836 0.05371 0.06394 0.01279 0.02046 0.07417 0.06650 0.01535 0.09463 0.09719 0.08951 0.02813 0.03069 0.02302 0.04348 0.04604 0.00767 0.01790 0.07417
A7H3F6                         0.10486 0.03836 0.05627 0.06394 0.01279 0.02046 0.07417 0.06394 0.01535 0.09463 0.09719 0.08951 0.02813 0.03069 0.02302 0.04348 0.04348 0.00767 0.01790 0.07417
Q4HSJ1                         0.10230 0.03325 0.05115 0.06138 0.01535 0.02046 0.07161 0.07161 0.01790 0.09207 0.09974 0.09207 0.02302 0.03069 0.02302 0.04348 0.04859 0.00767 0.01535 0.07928
B9L9K8                         0.09719 0.03325 0.06905 0.05371 0.01023 0.00767 0.08696 0.07417 0.01790 0.08951 0.08440 0.08696 0.02558 0.03069 0.03581 0.03581 0.05882 0.01023 0.01279 0.07928
O25158                         0.07928 0.03836 0.05371 0.04604 0.02046 0.03069 0.06905 0.06905 0.02558 0.09719 0.10742 0.07673 0.03069 0.02302 0.04092 0.05115 0.04859 0.00767 0.02046 0.06394
A2BSS7                         0.08440 0.04092 0.05627 0.05115 0.00256 0.03836 0.05882 0.08184 0.01535 0.08696 0.10742 0.06650 0.02813 0.00767 0.03325 0.07417 0.04859 0.00256 0.01535 0.09974
A3PEI8                         0.08696 0.04092 0.05627 0.05882 0.00512 0.04092 0.05115 0.08184 0.01790 0.08696 0.11253 0.06394 0.02813 0.00767 0.03325 0.06905 0.04604 0.00256 0.01279 0.09719
A8G6G5                         0.08440 0.04092 0.06138 0.05115 0.00256 0.03836 0.05882 0.08696 0.01535 0.08440 0.11253 0.05882 0.02813 0.00767 0.03325 0.07161 0.04604 0.00256 0.01535 0.09974
Q319D3                         0.08440 0.04348 0.05627 0.05115 0.00256 0.04092 0.05882 0.08184 0.01279 0.08696 0.10997 0.06394 0.02813 0.01023 0.03325 0.07161 0.04859 0.00256 0.01535 0.09719
Q7V0B5                         0.08184 0.04604 0.05627 0.05627 0.00256 0.03325 0.05627 0.08184 0.01790 0.08696 0.11253 0.06650 0.02813 0.01535 0.03069 0.07161 0.04859 0.00256 0.01023 0.09463
Q2JLQ3                         0.10742 0.05371 0.04348 0.05627 0.00256 0.04604 0.05371 0.08184 0.01535 0.08440 0.11253 0.03581 0.03325 0.01790 0.04604 0.04092 0.05371 0.00256 0.01535 0.09719
Q0I7W8                         0.11509 0.06905 0.03069 0.05882 0.00256 0.04092 0.05627 0.09207 0.03069 0.07673 0.10230 0.02302 0.03069 0.01023 0.04348 0.05627 0.04348 0.00256 0.01023 0.10486
A2BY61                         0.08440 0.04604 0.05115 0.06138 0.00256 0.03581 0.05371 0.08440 0.01535 0.08696 0.11765 0.06138 0.02813 0.01535 0.03069 0.07161 0.04859 0.00256 0.01023 0.09207
Q2JUT1                         0.11509 0.05627 0.03836 0.06138 0.00256 0.04604 0.05371 0.08184 0.01535 0.08440 0.11253 0.03581 0.03581 0.01535 0.04092 0.04092 0.05115 0.00256 0.01535 0.09463
Q7U8S8                         0.12532 0.06394 0.03069 0.05882 0.00256 0.04348 0.05371 0.09207 0.02558 0.06905 0.09719 0.03069 0.03581 0.00512 0.04348 0.04859 0.04348 0.00256 0.01535 0.11253
Q3AHP3                         0.12276 0.06394 0.03325 0.06394 0.00256 0.04092 0.05371 0.09463 0.02813 0.07673 0.10230 0.03069 0.03325 0.00767 0.03836 0.04092 0.04859 0.00256 0.01279 0.10230
Q4C987                         0.09974 0.04604 0.04092 0.05627 0.00512 0.03069 0.07161 0.07928 0.02046 0.08696 0.09974 0.06650 0.03069 0.01279 0.03836 0.05371 0.04859 0.00256 0.01535 0.09463
B0JX04                         0.09207 0.05371 0.03581 0.05115 0.00512 0.03581 0.06650 0.08440 0.02046 0.09463 0.11253 0.04604 0.02558 0.01535 0.04348 0.06394 0.04859 0.00256 0.01023 0.09207
Q064V2                         0.12020 0.06138 0.03581 0.06650 0.00256 0.04348 0.04859 0.09207 0.02558 0.07417 0.09974 0.03836 0.03836 0.00512 0.03836 0.04348 0.04348 0.00256 0.01535 0.10486
B8HPZ0                         0.10230 0.05371 0.03836 0.05371 0.00512 0.03325 0.05882 0.08184 0.02046 0.08184 0.11765 0.05115 0.02813 0.01279 0.04348 0.05371 0.05115 0.00256 0.01279 0.09719
B4AYM5                         0.09974 0.04604 0.03581 0.06138 0.00512 0.02813 0.06138 0.08440 0.01790 0.09207 0.11509 0.06394 0.02558 0.01535 0.04092 0.04859 0.05115 0.00256 0.01535 0.08951
B1XKY9                         0.10230 0.04604 0.03325 0.05627 0.00512 0.02813 0.06650 0.09719 0.01790 0.08184 0.10230 0.05882 0.02302 0.01279 0.03836 0.05115 0.04604 0.00256 0.01790 0.11253
A3IP62                         0.09974 0.04604 0.03836 0.05882 0.00512 0.02813 0.06394 0.08440 0.01790 0.08440 0.09974 0.06138 0.03069 0.01535 0.04348 0.05115 0.05371 0.00256 0.01790 0.09719
A3YVH8                         0.11253 0.06138 0.03581 0.05371 0.00256 0.04092 0.05627 0.08951 0.02813 0.07673 0.10742 0.03069 0.03325 0.00512 0.04859 0.05115 0.04604 0.00256 0.01279 0.10486
Q3AZI2                         0.12020 0.06138 0.03581 0.06905 0.00256 0.04348 0.04604 0.09463 0.02558 0.07673 0.09719 0.03836 0.03836 0.00512 0.03836 0.04092 0.04348 0.00256 0.01535 0.10486
B1WNQ5                         0.10230 0.04604 0.04092 0.05882 0.00512 0.02813 0.06138 0.08696 0.01790 0.08951 0.10230 0.06138 0.03069 0.01279 0.04348 0.04859 0.05371 0.00256 0.01790 0.08951
P73821                         0.10997 0.04092 0.03325 0.06138 0.00767 0.03836 0.05882 0.08440 0.01535 0.09719 0.09719 0.05627 0.03069 0.01790 0.03581 0.05371 0.05371 0.00256 0.01279 0.09207
Q7VAM4                         0.10230 0.04859 0.05627 0.05627 0.00256 0.04092 0.04604 0.08440 0.02302 0.08184 0.12020 0.04348 0.02813 0.01279 0.03325 0.07417 0.03581 0.00256 0.01023 0.09719
C7QMR7                         0.11253 0.04604 0.03836 0.06394 0.00512 0.03325 0.05627 0.08951 0.01790 0.08951 0.10742 0.05371 0.03069 0.01535 0.03581 0.04859 0.05115 0.00256 0.01279 0.08951
B7K2J5                         0.11253 0.04604 0.03836 0.06394 0.00512 0.03325 0.05627 0.08951 0.01790 0.08951 0.10742 0.05371 0.03069 0.01535 0.03581 0.04859 0.05115 0.00256 0.01279 0.08951
Q05U63                         0.11765 0.06394 0.03581 0.06138 0.00256 0.04348 0.05371 0.08440 0.02558 0.06905 0.10486 0.03069 0.02813 0.00767 0.04604 0.05882 0.04092 0.00256 0.01279 0.10997
A9BBX8                         0.10742 0.05627 0.04348 0.05115 0.00256 0.04348 0.06394 0.07928 0.02302 0.08184 0.11509 0.03581 0.02558 0.01023 0.03836 0.07161 0.03581 0.00256 0.01279 0.09974
B0C571                         0.09719 0.04604 0.03325 0.05627 0.00767 0.04604 0.06138 0.08696 0.02046 0.07673 0.11253 0.04859 0.02558 0.01023 0.04348 0.05882 0.05115 0.00256 0.01535 0.09974
A5GV38                         0.12020 0.05882 0.05115 0.06394 0.00256 0.03069 0.04859 0.08440 0.02813 0.07161 0.11253 0.03069 0.02813 0.00512 0.04859 0.05627 0.04604 0.00256 0.01535 0.09463
Q3M6M2                         0.11509 0.04859 0.02813 0.06394 0.00512 0.03325 0.04859 0.09207 0.01790 0.09719 0.09974 0.05115 0.03069 0.01023 0.04092 0.04604 0.06394 0.00256 0.01535 0.08951
Q7NIP4                         0.11253 0.06650 0.03069 0.04348 0.00512 0.04348 0.06394 0.08951 0.02046 0.08440 0.10742 0.03325 0.02813 0.01279 0.04092 0.04348 0.05627 0.00256 0.02046 0.09463
Q8YVT4                         0.11765 0.04859 0.02813 0.06394 0.00512 0.03325 0.04859 0.09207 0.01790 0.10230 0.09463 0.05115 0.03069 0.01023 0.04092 0.04604 0.06138 0.00256 0.01535 0.08951
A0Z9L4                         0.11509 0.04859 0.02558 0.05882 0.00512 0.03325 0.05627 0.09207 0.01790 0.09207 0.10230 0.04859 0.03325 0.01023 0.03581 0.04604 0.06650 0.00256 0.01535 0.09463
A3Z6A3                         0.12276 0.07161 0.03581 0.06394 0.00256 0.04348 0.04348 0.08951 0.03069 0.07673 0.10486 0.02302 0.02813 0.01023 0.04604 0.04859 0.04604 0.00256 0.01023 0.09974
A4CRA1                         0.12020 0.07161 0.03325 0.06138 0.00256 0.04092 0.05115 0.09207 0.03069 0.07161 0.10486 0.02302 0.02813 0.00767 0.04092 0.05371 0.04604 0.00256 0.01279 0.10486
A5GN92                         0.12276 0.07161 0.03325 0.06394 0.00256 0.04092 0.04859 0.09207 0.03069 0.07417 0.10486 0.02302 0.02813 0.00767 0.04092 0.05371 0.04348 0.00256 0.01279 0.10230
B7KD15                         0.09207 0.04348 0.03581 0.06650 0.00512 0.04092 0.05627 0.08440 0.02046 0.08184 0.10997 0.05882 0.02813 0.01535 0.04604 0.05115 0.04859 0.00256 0.01535 0.09719
Q8DM01                         0.10742 0.05627 0.03581 0.05371 0.00512 0.03069 0.06650 0.08184 0.01790 0.09207 0.11765 0.05371 0.03069 0.01279 0.04348 0.04092 0.04604 0.00256 0.01279 0.09207
A2C716                         0.10997 0.06138 0.03581 0.06650 0.00512 0.04859 0.04604 0.09207 0.02558 0.06905 0.10997 0.03069 0.03325 0.00256 0.04092 0.05627 0.04092 0.00256 0.01535 0.10742
Q7V5V8                         0.11509 0.06138 0.03581 0.06650 0.00512 0.04859 0.04348 0.08951 0.02558 0.06905 0.10997 0.02813 0.03325 0.00256 0.04092 0.05627 0.04348 0.00256 0.01535 0.10742
B9YSQ2                         0.10742 0.04348 0.03069 0.06650 0.00512 0.03069 0.05115 0.09463 0.01535 0.10486 0.09974 0.06138 0.02813 0.01279 0.04092 0.05115 0.05627 0.00256 0.01535 0.08184
Q46JB1                         0.09207 0.05627 0.05371 0.05627 0.00256 0.04604 0.04859 0.09463 0.01790 0.07673 0.10230 0.04604 0.03581 0.01023 0.04092 0.05882 0.03836 0.00256 0.01535 0.10486
Q5MZ44                         0.11509 0.05627 0.03325 0.05882 0.00256 0.03581 0.04859 0.09207 0.01535 0.08184 0.10486 0.04348 0.02813 0.01023 0.04092 0.05371 0.05627 0.00256 0.02046 0.09974
Q31N38                         0.11509 0.05627 0.03325 0.05882 0.00256 0.03581 0.04859 0.09207 0.01535 0.08184 0.10486 0.04348 0.02813 0.01023 0.04092 0.05371 0.05627 0.00256 0.02046 0.09974
A0YWD9                         0.10997 0.04604 0.02558 0.05627 0.00512 0.03836 0.06394 0.08184 0.02046 0.08696 0.10486 0.05882 0.03581 0.01279 0.03836 0.05627 0.03836 0.00256 0.02046 0.09719
A2C4C8                         0.09463 0.05627 0.05371 0.05627 0.00256 0.04348 0.04859 0.09207 0.01790 0.07673 0.10230 0.04604 0.03581 0.01023 0.04348 0.05882 0.03836 0.00256 0.01535 0.10486
Q10X24                         0.09463 0.04092 0.03836 0.05627 0.00512 0.03069 0.07161 0.07928 0.01790 0.09719 0.09463 0.06650 0.03581 0.00767 0.04092 0.05627 0.03836 0.00256 0.02302 0.10230
B5VXF1                         0.10486 0.05115 0.03581 0.05627 0.00512 0.04604 0.05882 0.08184 0.01790 0.09207 0.10486 0.04859 0.03325 0.00767 0.04092 0.05115 0.03836 0.00256 0.02302 0.09974
B2J398                         0.11765 0.04859 0.02813 0.05627 0.00512 0.03325 0.05371 0.09207 0.01790 0.09974 0.10742 0.05115 0.02558 0.01279 0.03836 0.05115 0.05371 0.00256 0.01535 0.08951
B7MZK9                         0.10997 0.03836 0.05115 0.04348 0.01023 0.03325 0.06394 0.08696 0.03069 0.06905 0.12276 0.05115 0.02302 0.02813 0.04092 0.05882 0.04348 0.00256 0.02302 0.06905
P0A9T0                         0.10997 0.03836 0.05115 0.04348 0.01023 0.03325 0.06394 0.08696 0.03069 0.06905 0.12276 0.05115 0.02302 0.02813 0.04092 0.05882 0.04348 0.00256 0.02302 0.06905
B7LPC7                         0.10997 0.03836 0.05627 0.03836 0.01023 0.03069 0.06394 0.08696 0.03325 0.06905 0.12276 0.05115 0.02302 0.02813 0.04092 0.05882 0.04604 0.00256 0.02046 0.06905

Homogeneity statistic: X2 = 2.61705 G = 2.58037 

Average                        0.10612 0.04907 0.04395 0.05918 0.00661 0.03376 0.05874 0.08389 0.02085 0.08589 0.10427 0.05394 0.02927 0.01476 0.03765 0.05229 0.04812 0.00346 0.01605 0.09211

# constant sites:     50 (12.79%)
ln Lmax (unconstrained) = -2261.983736

AA distances (raw proportions of different sites)

A8EWE2         
A6Q2R9           0.3146
A6Q7Q2           0.3197  0.2941
D1B034           0.3171  0.3120  0.3427
Q30S78           0.3274  0.3299  0.2864  0.3146
Q7M8Y4           0.3402  0.2890  0.2890  0.3120  0.3376
Q4HIM2           0.3632  0.3427  0.3657  0.3069  0.3811  0.3581
B9KD71           0.3657  0.3657  0.3887  0.2941  0.3708  0.3529  0.2097
A8FLU0           0.3657  0.3529  0.3581  0.3018  0.3887  0.3606  0.0588  0.2251
A7H3F6           0.3734  0.3555  0.3581  0.3069  0.3887  0.3632  0.0665  0.2302  0.0153
Q4HSJ1           0.3939  0.3504  0.3606  0.3043  0.3785  0.3632  0.1202  0.2327  0.1125  0.1151
B9L9K8           0.3683  0.3120  0.3504  0.3453  0.3760  0.3427  0.3708  0.3632  0.3632  0.3657  0.3555
O25158           0.4373  0.3887  0.4194  0.3990  0.4399  0.3478  0.4501  0.4476  0.4476  0.4425  0.4297  0.3811
A2BSS7           0.6292  0.6113  0.6292  0.6215  0.6394  0.6292  0.6240  0.6189  0.6215  0.6189  0.6292  0.6138  0.6292
A3PEI8           0.6317  0.6113  0.6266  0.6164  0.6368  0.6292  0.6240  0.6164  0.6240  0.6215  0.6317  0.6164  0.6343  0.0409
A8G6G5           0.6292  0.6061  0.6266  0.6138  0.6394  0.6317  0.6240  0.6138  0.6215  0.6189  0.6292  0.6164  0.6317  0.0281  0.0435
Q319D3           0.6317  0.6087  0.6240  0.6266  0.6394  0.6317  0.6292  0.6292  0.6292  0.6266  0.6343  0.6138  0.6292  0.0409  0.0537  0.0486
Q7V0B5           0.6419  0.6036  0.6240  0.6292  0.6189  0.6164  0.6240  0.6292  0.6240  0.6215  0.6343  0.6113  0.6189  0.1074  0.1176  0.1151  0.1074
Q2JLQ3           0.6419  0.6061  0.6138  0.6036  0.6292  0.6138  0.6240  0.6061  0.6266  0.6240  0.6138  0.6189  0.6292  0.3657  0.3632  0.3683  0.3657  0.3657
Q0I7W8           0.6471  0.6215  0.6240  0.6266  0.6368  0.6292  0.6343  0.6292  0.6394  0.6343  0.6471  0.6215  0.6471  0.2813  0.2737  0.2788  0.2813  0.2890  0.3325
A2BY61           0.6471  0.6113  0.6343  0.6317  0.6240  0.6240  0.6240  0.6292  0.6240  0.6215  0.6343  0.6164  0.6292  0.1151  0.1304  0.1202  0.1100  0.0332  0.3708  0.2941
Q2JUT1           0.6343  0.6036  0.6164  0.6087  0.6240  0.6138  0.6292  0.6087  0.6266  0.6240  0.6189  0.6240  0.6317  0.3657  0.3632  0.3683  0.3657  0.3632  0.0358  0.3427  0.3683
Q7U8S8           0.6496  0.6266  0.6317  0.6266  0.6394  0.6317  0.6292  0.6215  0.6317  0.6266  0.6394  0.6189  0.6547  0.2941  0.2941  0.2890  0.2916  0.2992  0.3350  0.1279  0.2992  0.3427
Q3AHP3           0.6573  0.6368  0.6292  0.6317  0.6343  0.6368  0.6394  0.6240  0.6368  0.6317  0.6419  0.6215  0.6573  0.2941  0.2890  0.2864  0.2864  0.2992  0.3376  0.1330  0.2967  0.3427  0.0639
Q4C987           0.6419  0.6061  0.6215  0.5985  0.6343  0.6215  0.6087  0.5985  0.6113  0.6087  0.6164  0.6036  0.6445  0.3376  0.3299  0.3350  0.3350  0.3427  0.2762  0.3197  0.3453  0.2839  0.3120  0.3069
B0JX04           0.6445  0.6036  0.6189  0.6036  0.6368  0.6138  0.6113  0.6087  0.6189  0.6164  0.6138  0.6138  0.6496  0.3606  0.3504  0.3555  0.3606  0.3657  0.2864  0.3427  0.3683  0.2916  0.3478  0.3402  0.1560
Q064V2           0.6573  0.6368  0.6215  0.6292  0.6343  0.6343  0.6419  0.6317  0.6419  0.6368  0.6445  0.6266  0.6547  0.3018  0.2916  0.2916  0.2916  0.3018  0.3504  0.1432  0.2967  0.3555  0.0742  0.0588  0.3197  0.3555
B8HPZ0           0.6394  0.6061  0.6010  0.5985  0.6240  0.5908  0.6036  0.6010  0.6164  0.6138  0.6138  0.6189  0.6419  0.3325  0.3325  0.3325  0.3299  0.3402  0.2583  0.2967  0.3402  0.2660  0.3018  0.2967  0.2148  0.2251  0.3120
B4AYM5           0.6419  0.5985  0.6087  0.5934  0.6394  0.6036  0.6164  0.6164  0.6164  0.6138  0.6113  0.6113  0.6266  0.3504  0.3478  0.3453  0.3453  0.3555  0.2609  0.3299  0.3606  0.2685  0.3197  0.3120  0.1253  0.1458  0.3274  0.2072
B1XKY9           0.6522  0.6036  0.6113  0.6061  0.6189  0.6036  0.6164  0.6215  0.6215  0.6189  0.6215  0.6087  0.6522  0.3504  0.3478  0.3504  0.3478  0.3606  0.2839  0.3120  0.3657  0.2916  0.3120  0.3069  0.1841  0.1995  0.3197  0.2225  0.1586
A3IP62           0.6445  0.6138  0.6164  0.5959  0.6394  0.6189  0.6113  0.6061  0.6087  0.6061  0.6138  0.6138  0.6368  0.3299  0.3248  0.3299  0.3274  0.3402  0.2609  0.3171  0.3427  0.2685  0.3171  0.3146  0.0460  0.1560  0.3248  0.2046  0.1125  0.1739
A3YVH8           0.6598  0.6113  0.6189  0.6061  0.6266  0.6266  0.6266  0.6215  0.6240  0.6189  0.6317  0.6266  0.6394  0.2788  0.2788  0.2813  0.2839  0.2788  0.3095  0.1662  0.2737  0.3120  0.2046  0.1995  0.2916  0.3197  0.2199  0.2839  0.3095  0.3095  0.2864
Q3AZI2           0.6598  0.6394  0.6240  0.6292  0.6317  0.6368  0.6445  0.6343  0.6445  0.6394  0.6471  0.6240  0.6573  0.3043  0.2941  0.2941  0.2916  0.3018  0.3504  0.1432  0.2967  0.3555  0.0767  0.0614  0.3197  0.3581  0.0077  0.3120  0.3274  0.3197  0.3248  0.2199
B1WNQ5           0.6496  0.6138  0.6189  0.6036  0.6394  0.6215  0.6189  0.6138  0.6164  0.6138  0.6215  0.6189  0.6419  0.3274  0.3223  0.3274  0.3248  0.3376  0.2660  0.3095  0.3402  0.2737  0.3069  0.3043  0.0486  0.1509  0.3146  0.1995  0.1074  0.1688  0.0205  0.2813  0.3146
P73821           0.6675  0.6292  0.6368  0.6240  0.6496  0.6317  0.6215  0.6240  0.6292  0.6266  0.6292  0.6317  0.6496  0.3427  0.3376  0.3376  0.3402  0.3555  0.2788  0.3299  0.3632  0.2916  0.3402  0.3197  0.1739  0.1637  0.3325  0.2251  0.1535  0.2072  0.1637  0.3120  0.3350  0.1586
Q7VAM4           0.6394  0.6215  0.6240  0.6266  0.6343  0.6368  0.6138  0.6215  0.6189  0.6164  0.6240  0.6266  0.6496  0.2506  0.2660  0.2558  0.2481  0.2481  0.3478  0.2327  0.2481  0.3555  0.2506  0.2583  0.3299  0.3478  0.2583  0.3146  0.3248  0.3350  0.3248  0.2404  0.2609  0.3223  0.3402
C7QMR7           0.6496  0.6138  0.6164  0.5985  0.6368  0.6113  0.6138  0.6113  0.6189  0.6164  0.6164  0.6138  0.6445  0.3376  0.3274  0.3376  0.3402  0.3427  0.2609  0.3069  0.3478  0.2634  0.3120  0.3043  0.1151  0.1535  0.3197  0.1969  0.1176  0.1662  0.1023  0.2839  0.3197  0.0997  0.1560  0.3120
B7K2J5           0.6496  0.6138  0.6164  0.5985  0.6368  0.6113  0.6138  0.6113  0.6189  0.6164  0.6164  0.6138  0.6445  0.3376  0.3274  0.3376  0.3402  0.3427  0.2609  0.3069  0.3478  0.2634  0.3120  0.3043  0.1151  0.1535  0.3197  0.1969  0.1176  0.1662  0.1023  0.2839  0.3197  0.0997  0.1560  0.3120  0.0000
Q05U63           0.6471  0.6189  0.6215  0.6343  0.6317  0.6266  0.6292  0.6240  0.6317  0.6266  0.6419  0.6189  0.6445  0.2711  0.2660  0.2685  0.2660  0.2685  0.3274  0.1023  0.2762  0.3350  0.1355  0.1483  0.3171  0.3453  0.1535  0.2992  0.3197  0.3223  0.3095  0.1867  0.1535  0.3043  0.3248  0.2276  0.3146  0.3146
A9BBX8           0.6471  0.6266  0.6343  0.6419  0.6394  0.6343  0.6292  0.6266  0.6292  0.6266  0.6394  0.6343  0.6496  0.2532  0.2532  0.2583  0.2404  0.2404  0.3171  0.1893  0.2455  0.3223  0.2174  0.2174  0.3274  0.3504  0.2225  0.3043  0.3376  0.3376  0.3248  0.2046  0.2251  0.3248  0.3478  0.1483  0.3120  0.3120  0.1841
B0C571           0.6496  0.6164  0.6164  0.6087  0.6292  0.6113  0.6061  0.6113  0.6138  0.6113  0.6189  0.6189  0.6394  0.3197  0.3171  0.3171  0.3120  0.3223  0.2481  0.2839  0.3325  0.2506  0.2916  0.2864  0.2174  0.2251  0.2967  0.1586  0.2174  0.2327  0.2097  0.2685  0.2967  0.2020  0.2225  0.3069  0.2046  0.2046  0.2788  0.2864
A5GV38           0.6573  0.6138  0.6138  0.6215  0.6317  0.6343  0.6368  0.6266  0.6317  0.6266  0.6394  0.6266  0.6419  0.2992  0.2890  0.2992  0.2890  0.2839  0.3146  0.1969  0.2890  0.3274  0.2225  0.2097  0.3043  0.3350  0.2276  0.2864  0.3095  0.3043  0.2967  0.1535  0.2276  0.2941  0.3095  0.2404  0.2916  0.2916  0.2020  0.2123  0.2762
Q3M6M2           0.6394  0.6215  0.6138  0.6087  0.6394  0.6266  0.6164  0.6240  0.6215  0.6189  0.6292  0.6215  0.6419  0.3197  0.3095  0.3197  0.3171  0.3376  0.2404  0.2839  0.3427  0.2481  0.2890  0.2839  0.1637  0.2097  0.2916  0.1918  0.1714  0.1944  0.1560  0.2864  0.2916  0.1535  0.1969  0.3043  0.1560  0.1560  0.2813  0.3095  0.2072  0.2813
Q7NIP4           0.6496  0.6189  0.6266  0.6164  0.6343  0.6215  0.6292  0.6189  0.6394  0.6343  0.6292  0.6266  0.6471  0.3581  0.3529  0.3606  0.3581  0.3632  0.2813  0.3248  0.3683  0.2737  0.3325  0.3453  0.2762  0.2762  0.3402  0.2404  0.2685  0.2685  0.2813  0.3274  0.3402  0.2762  0.2916  0.3555  0.2711  0.2711  0.3325  0.3350  0.2660  0.3427  0.2532
Q8YVT4           0.6419  0.6240  0.6164  0.6113  0.6419  0.6292  0.6189  0.6266  0.6240  0.6215  0.6343  0.6240  0.6471  0.3197  0.3095  0.3197  0.3171  0.3427  0.2455  0.2839  0.3478  0.2532  0.2890  0.2839  0.1662  0.2123  0.2916  0.1944  0.1765  0.1969  0.1586  0.2941  0.2916  0.1560  0.1944  0.3069  0.1586  0.1586  0.2813  0.3120  0.2148  0.2864  0.0102  0.2583
A0Z9L4           0.6445  0.6189  0.6138  0.6113  0.6394  0.6240  0.6215  0.6317  0.6317  0.6292  0.6343  0.6266  0.6445  0.3146  0.3171  0.3197  0.3171  0.3376  0.2379  0.2864  0.3453  0.2532  0.2916  0.2839  0.1841  0.2148  0.2916  0.1841  0.1765  0.1944  0.1739  0.2941  0.2916  0.1688  0.1893  0.3018  0.1586  0.1586  0.2839  0.3069  0.2072  0.2839  0.0537  0.2506  0.0588
A3Z6A3           0.6547  0.6343  0.6215  0.6317  0.6394  0.6292  0.6368  0.6215  0.6368  0.6317  0.6419  0.6138  0.6419  0.2916  0.2890  0.2864  0.2916  0.2839  0.3197  0.0793  0.2890  0.3274  0.1125  0.1176  0.3223  0.3478  0.1202  0.2941  0.3197  0.3095  0.3069  0.1765  0.1202  0.3018  0.3223  0.2225  0.2967  0.2967  0.0870  0.1867  0.2967  0.1969  0.2685  0.3120  0.2685  0.2737
A4CRA1           0.6496  0.6292  0.6343  0.6368  0.6445  0.6368  0.6368  0.6317  0.6419  0.6368  0.6471  0.6266  0.6445  0.2916  0.2890  0.2890  0.2864  0.2967  0.3299  0.0588  0.3043  0.3402  0.1253  0.1228  0.3274  0.3453  0.1432  0.3043  0.3299  0.3197  0.3223  0.1765  0.1432  0.3120  0.3325  0.2327  0.3095  0.3095  0.0767  0.1765  0.2839  0.1969  0.2890  0.3248  0.2890  0.2864  0.0639
A5GN92           0.6496  0.6266  0.6317  0.6317  0.6419  0.6317  0.6343  0.6292  0.6394  0.6343  0.6471  0.6266  0.6445  0.2839  0.2788  0.2788  0.2813  0.2864  0.3350  0.0512  0.2941  0.3376  0.1202  0.1176  0.3248  0.3427  0.1381  0.2992  0.3299  0.3120  0.3197  0.1662  0.1381  0.3095  0.3299  0.2276  0.3018  0.3018  0.0742  0.1790  0.2788  0.1944  0.2813  0.3171  0.2813  0.2864  0.0588  0.0179
B7KD15           0.6496  0.6189  0.6189  0.6036  0.6522  0.6164  0.6292  0.6317  0.6343  0.6317  0.6266  0.6266  0.6368  0.3504  0.3453  0.3504  0.3453  0.3632  0.2685  0.3274  0.3683  0.2813  0.3223  0.3146  0.1304  0.1483  0.3299  0.1969  0.0639  0.1662  0.1176  0.3146  0.3299  0.1125  0.1560  0.3325  0.1228  0.1228  0.3171  0.3376  0.2199  0.3069  0.1739  0.2737  0.1739  0.1765  0.3171  0.3274  0.3274
Q8DM01           0.6419  0.5985  0.5985  0.5934  0.6189  0.5908  0.5985  0.5934  0.6138  0.6113  0.6036  0.5985  0.6317  0.3376  0.3376  0.3376  0.3274  0.3350  0.2481  0.3120  0.3427  0.2532  0.3223  0.3146  0.2199  0.2148  0.3095  0.1381  0.2174  0.2225  0.2174  0.2967  0.3095  0.2097  0.2302  0.3248  0.2020  0.2020  0.3171  0.3223  0.1688  0.2992  0.2046  0.2506  0.2123  0.1969  0.3248  0.3274  0.3223  0.2174
A2C716           0.6650  0.6343  0.6292  0.6343  0.6445  0.6266  0.6419  0.6317  0.6419  0.6368  0.6394  0.6394  0.6547  0.2762  0.2711  0.2685  0.2737  0.2762  0.3453  0.1535  0.2839  0.3478  0.1867  0.1944  0.3402  0.3504  0.1969  0.3146  0.3299  0.3274  0.3274  0.1790  0.1944  0.3248  0.3376  0.2251  0.3171  0.3171  0.1535  0.1790  0.2813  0.2020  0.3018  0.3248  0.3043  0.2992  0.1381  0.1381  0.1355  0.3350  0.3171
Q7V5V8           0.6675  0.6368  0.6317  0.6368  0.6419  0.6266  0.6419  0.6343  0.6445  0.6394  0.6419  0.6419  0.6522  0.2762  0.2711  0.2685  0.2737  0.2762  0.3453  0.1509  0.2839  0.3478  0.1841  0.1918  0.3402  0.3504  0.1944  0.3146  0.3299  0.3299  0.3274  0.1765  0.1944  0.3248  0.3350  0.2225  0.3146  0.3146  0.1509  0.1765  0.2788  0.1995  0.3018  0.3299  0.3043  0.2992  0.1355  0.1355  0.1330  0.3350  0.3171  0.0077
B9YSQ2           0.6471  0.6189  0.6164  0.6138  0.6394  0.6266  0.6292  0.6317  0.6292  0.6266  0.6266  0.6138  0.6368  0.3069  0.3043  0.3095  0.3043  0.3350  0.2455  0.2839  0.3427  0.2532  0.2967  0.2890  0.1816  0.2148  0.2967  0.2020  0.1739  0.1841  0.1739  0.2967  0.2967  0.1688  0.1893  0.2890  0.1662  0.1662  0.2813  0.3069  0.2148  0.2864  0.0614  0.2685  0.0614  0.0767  0.2762  0.2890  0.2864  0.1841  0.2046  0.2916  0.2916
Q46JB1           0.6598  0.6343  0.6317  0.6317  0.6368  0.6317  0.6496  0.6419  0.6445  0.6419  0.6496  0.6215  0.6598  0.2558  0.2506  0.2532  0.2609  0.2430  0.3453  0.2199  0.2506  0.3478  0.2327  0.2276  0.3376  0.3529  0.2251  0.3146  0.3402  0.3299  0.3274  0.2455  0.2276  0.3248  0.3478  0.2148  0.3223  0.3223  0.2072  0.1765  0.2967  0.2302  0.3095  0.3376  0.3120  0.3095  0.2097  0.2174  0.2123  0.3453  0.3223  0.2072  0.2072  0.3095
Q5MZ44           0.6471  0.6113  0.6036  0.6010  0.6240  0.5934  0.6189  0.6266  0.6189  0.6138  0.6292  0.6240  0.6419  0.2967  0.2967  0.2941  0.2916  0.3120  0.2558  0.2583  0.3248  0.2685  0.2685  0.2711  0.1918  0.2199  0.2737  0.1995  0.1637  0.2020  0.1867  0.2583  0.2737  0.1816  0.1944  0.2839  0.1765  0.1765  0.2634  0.2839  0.2020  0.2583  0.1637  0.2685  0.1637  0.1586  0.2609  0.2634  0.2634  0.1816  0.2072  0.2634  0.2609  0.1637  0.2813
Q31N38           0.6471  0.6113  0.6036  0.6010  0.6240  0.5934  0.6189  0.6266  0.6189  0.6138  0.6292  0.6240  0.6419  0.2967  0.2967  0.2941  0.2916  0.3120  0.2558  0.2583  0.3248  0.2685  0.2685  0.2711  0.1918  0.2199  0.2737  0.1995  0.1637  0.2020  0.1867  0.2583  0.2737  0.1816  0.1944  0.2839  0.1765  0.1765  0.2634  0.2839  0.2020  0.2583  0.1637  0.2685  0.1637  0.1586  0.2609  0.2634  0.2634  0.1816  0.2072  0.2634  0.2609  0.1637  0.2813  0.0000
A0YWD9           0.6445  0.6113  0.6189  0.6061  0.6266  0.6317  0.6087  0.6164  0.6138  0.6113  0.6189  0.6036  0.6368  0.3299  0.3223  0.3325  0.3248  0.3325  0.2609  0.2916  0.3376  0.2685  0.3043  0.2992  0.1867  0.2072  0.3018  0.2046  0.2072  0.2097  0.1790  0.2890  0.3018  0.1816  0.2251  0.3018  0.1790  0.1790  0.3018  0.3120  0.2097  0.2890  0.1790  0.2762  0.1816  0.1893  0.2941  0.2916  0.2890  0.2123  0.2097  0.3197  0.3197  0.1969  0.2967  0.2148  0.2148
A2C4C8           0.6598  0.6343  0.6317  0.6317  0.6368  0.6317  0.6496  0.6419  0.6445  0.6419  0.6496  0.6215  0.6598  0.2558  0.2506  0.2532  0.2609  0.2430  0.3427  0.2251  0.2506  0.3453  0.2327  0.2327  0.3376  0.3529  0.2251  0.3146  0.3402  0.3299  0.3274  0.2481  0.2276  0.3248  0.3478  0.2174  0.3223  0.3223  0.2072  0.1790  0.2967  0.2302  0.3069  0.3350  0.3095  0.3069  0.2097  0.2225  0.2174  0.3453  0.3197  0.2072  0.2072  0.3069  0.0051  0.2788  0.2788  0.2967
Q10X24           0.6368  0.5985  0.6061  0.5882  0.6240  0.6010  0.6010  0.6138  0.6087  0.6061  0.6087  0.6087  0.6394  0.3453  0.3376  0.3453  0.3453  0.3555  0.2788  0.3120  0.3632  0.2839  0.3146  0.3197  0.1918  0.2353  0.3095  0.2199  0.2046  0.2199  0.1893  0.3043  0.3120  0.1944  0.2481  0.3325  0.2072  0.2072  0.3171  0.3248  0.2327  0.3043  0.1918  0.2685  0.1969  0.2097  0.3223  0.3223  0.3197  0.2225  0.2097  0.3376  0.3376  0.2097  0.3171  0.2225  0.2225  0.1765  0.3171
B5VXF1           0.6598  0.6113  0.6087  0.6010  0.6419  0.6189  0.6189  0.6164  0.6240  0.6215  0.6164  0.6189  0.6419  0.3274  0.3223  0.3248  0.3274  0.3299  0.2353  0.3171  0.3350  0.2506  0.3146  0.3043  0.1816  0.2199  0.3120  0.2097  0.1790  0.2097  0.1790  0.2762  0.3120  0.1739  0.2046  0.3197  0.1637  0.1637  0.3197  0.3095  0.2174  0.2737  0.1841  0.2685  0.1893  0.1816  0.3120  0.3069  0.3069  0.1969  0.1893  0.3350  0.3350  0.1944  0.3197  0.2020  0.2020  0.1330  0.3197  0.1918
B2J398           0.6471  0.6215  0.6189  0.6061  0.6419  0.6215  0.6240  0.6266  0.6292  0.6266  0.6240  0.6292  0.6419  0.3146  0.3120  0.3120  0.3095  0.3402  0.2455  0.2941  0.3453  0.2583  0.3069  0.3018  0.1918  0.2097  0.3043  0.2020  0.1714  0.2020  0.1816  0.2992  0.3043  0.1765  0.1969  0.3018  0.1739  0.1739  0.2967  0.3018  0.2302  0.2941  0.0844  0.2532  0.0818  0.0844  0.2890  0.3043  0.3018  0.1790  0.2072  0.3043  0.3043  0.0793  0.3171  0.1688  0.1688  0.1969  0.3146  0.2020  0.1918
B7MZK9           0.6880  0.6777  0.6957  0.6777  0.7008  0.7008  0.6931  0.6854  0.7059  0.7110  0.7033  0.6880  0.6880  0.6547  0.6522  0.6496  0.6598  0.6624  0.6624  0.6650  0.6598  0.6675  0.6573  0.6701  0.6752  0.6675  0.6624  0.6777  0.6905  0.6726  0.6777  0.6650  0.6624  0.6803  0.6905  0.6726  0.6726  0.6726  0.6624  0.6675  0.6803  0.6701  0.6777  0.6675  0.6803  0.6854  0.6650  0.6675  0.6675  0.6880  0.6522  0.6752  0.6726  0.6752  0.6829  0.6701  0.6701  0.6752  0.6803  0.6777  0.6701  0.6701
P0A9T0           0.6880  0.6777  0.6957  0.6777  0.7008  0.7008  0.6931  0.6854  0.7059  0.7110  0.7033  0.6880  0.6880  0.6547  0.6522  0.6496  0.6598  0.6624  0.6624  0.6650  0.6598  0.6675  0.6573  0.6701  0.6752  0.6675  0.6624  0.6777  0.6905  0.6726  0.6777  0.6650  0.6624  0.6803  0.6905  0.6726  0.6726  0.6726  0.6624  0.6675  0.6803  0.6701  0.6777  0.6675  0.6803  0.6854  0.6650  0.6675  0.6675  0.6880  0.6522  0.6752  0.6726  0.6752  0.6829  0.6701  0.6701  0.6752  0.6803  0.6777  0.6701  0.6701  0.0000
B7LPC7           0.6905  0.6777  0.6931  0.6752  0.7033  0.7033  0.6931  0.6854  0.7033  0.7084  0.7008  0.6854  0.6880  0.6598  0.6573  0.6522  0.6624  0.6650  0.6701  0.6675  0.6624  0.6752  0.6624  0.6752  0.6803  0.6726  0.6624  0.6829  0.6957  0.6777  0.6829  0.6726  0.6624  0.6854  0.6931  0.6752  0.6803  0.6803  0.6675  0.6752  0.6854  0.6675  0.6803  0.6701  0.6829  0.6880  0.6650  0.6726  0.6726  0.6931  0.6573  0.6752  0.6726  0.6777  0.6829  0.6701  0.6701  0.6803  0.6803  0.6829  0.6752  0.6752  0.0205  0.0205


TREE #  1:  (65, 63, (64, ((13, ((2, ((3, (1, 5)), (12, (4, (8, (11, (7, (9, 10)))))))), 6)), (((((52, 53), ((36, 40), ((55, 59), ((18, 21), (17, (14, (15, 16))))))), ((23, (24, (27, 33))), (47, (39, (20, (48, 49)))))), (42, 32)), ((56, 57), (((46, (43, 45)), (62, 54)), (((60, (58, 61)), ((44, (19, 22)), (41, (51, 28)))), (30, (((37, 38), (25, (31, 34))), ((29, 50), (35, 26)))))))))));   MP score: 2720
lnL(ntime:127  np:128): -14642.649389      +0.000000
  66..65   66..63   66..67   67..64   67..68   68..69   69..13   69..70   70..71   71..2    71..72   72..73   73..3    73..74   74..1    74..5    72..75   75..12   75..76   76..4    76..77   77..8    77..78   78..11   78..79   79..7    79..80   80..9    80..10   70..6    68..81   81..82   82..83   83..84   84..85   85..52   85..53   84..86   86..87   87..36   87..40   86..88   88..89   89..55   89..59   88..90   90..91   91..18   91..21   90..92   92..17   92..93   93..14   93..94   94..15   94..16   83..95   95..96   96..23   96..97   97..24   97..98   98..27   98..33   95..99   99..47   99..100 100..39  100..101 101..20  101..102 102..48  102..49   82..103 103..42  103..32   81..104 104..105 105..56  105..57  104..106 106..107 107..108 108..46  108..109 109..43  109..45  107..110 110..62  110..54  106..111 111..112 112..113 113..60  113..114 114..58  114..61  112..115 115..116 116..44  116..117 117..19  117..22  115..118 118..41  118..119 119..51  119..28  111..120 120..30  120..121 121..122 122..123 123..37  123..38  122..124 124..25  124..125 125..31  125..34  121..126 126..127 127..29  127..50  126..128 128..35  128..26 
 0.024331 0.000004 0.000004 0.000004 2.577828 1.292512 0.456833 0.091204 0.114299 0.222702 0.049511 0.052574 0.264659 0.043440 0.318648 0.305437 0.053401 0.356337 0.123317 0.197865 0.189571 0.170865 0.107205 0.095701 0.034022 0.041019 0.028169 0.005969 0.013538 0.170882 0.912614 0.184668 0.045545 0.034811 0.104316 0.008990 0.000004 0.082470 0.050225 0.141652 0.068570 0.058085 0.131775 0.002461 0.003469 0.268761 0.048970 0.015802 0.025031 0.057005 0.019570 0.016959 0.011782 0.006415 0.029286 0.022253 0.059203 0.076926 0.033269 0.025918 0.025253 0.044599 0.002643 0.006276 0.020065 0.028949 0.021654 0.069533 0.024702 0.057610 0.002039 0.017348 0.003973 0.023439 0.136708 0.105595 0.085472 0.099172 0.000004 0.000004 0.066324 0.071618 0.004738 0.042018 0.020424 0.002983 0.009095 0.014090 0.068768 0.036842 0.026481 0.018165 0.044559 0.167327 0.030173 0.096778 0.084440 0.032733 0.067768 0.253589 0.232922 0.016069 0.027797 0.038877 0.142178 0.025286 0.115795 0.085515 0.038738 0.159305 0.049298 0.012156 0.073032 0.000004 0.000004 0.048818 0.045550 0.004707 0.012260 0.013085 0.021193 0.039587 0.034611 0.048162 0.048622 0.118357 0.117302 0.696734

tree length =  13.45183

(65: 0.024331, 63: 0.000004, (64: 0.000004, ((13: 0.456833, ((2: 0.222702, ((3: 0.264659, (1: 0.318648, 5: 0.305437): 0.043440): 0.052574, (12: 0.356337, (4: 0.197865, (8: 0.170865, (11: 0.095701, (7: 0.041019, (9: 0.005969, 10: 0.013538): 0.028169): 0.034022): 0.107205): 0.189571): 0.123317): 0.053401): 0.049511): 0.114299, 6: 0.170882): 0.091204): 1.292512, (((((52: 0.008990, 53: 0.000004): 0.104316, ((36: 0.141652, 40: 0.068570): 0.050225, ((55: 0.002461, 59: 0.003469): 0.131775, ((18: 0.015802, 21: 0.025031): 0.048970, (17: 0.019570, (14: 0.011782, (15: 0.029286, 16: 0.022253): 0.006415): 0.016959): 0.057005): 0.268761): 0.058085): 0.082470): 0.034811, ((23: 0.033269, (24: 0.025253, (27: 0.002643, 33: 0.006276): 0.044599): 0.025918): 0.076926, (47: 0.028949, (39: 0.069533, (20: 0.057610, (48: 0.017348, 49: 0.003973): 0.002039): 0.024702): 0.021654): 0.020065): 0.059203): 0.045545, (42: 0.136708, 32: 0.105595): 0.023439): 0.184668, ((56: 0.000004, 57: 0.000004): 0.099172, (((46: 0.042018, (43: 0.002983, 45: 0.009095): 0.020424): 0.004738, (62: 0.068768, 54: 0.036842): 0.014090): 0.071618, (((60: 0.167327, (58: 0.096778, 61: 0.084440): 0.030173): 0.044559, ((44: 0.253589, (19: 0.016069, 22: 0.027797): 0.232922): 0.067768, (41: 0.142178, (51: 0.115795, 28: 0.085515): 0.025286): 0.038877): 0.032733): 0.018165, (30: 0.159305, (((37: 0.000004, 38: 0.000004): 0.073032, (25: 0.045550, (31: 0.012260, 34: 0.013085): 0.004707): 0.048818): 0.012156, ((29: 0.034611, 50: 0.048162): 0.039587, (35: 0.118357, 26: 0.117302): 0.048622): 0.021193): 0.049298): 0.038738): 0.026481): 0.066324): 0.085472): 0.912614): 2.577828): 0.000004);

(B7LPC7: 0.024331, B7MZK9: 0.000004, (P0A9T0: 0.000004, ((O25158: 0.456833, ((A6Q2R9: 0.222702, ((A6Q7Q2: 0.264659, (A8EWE2: 0.318648, Q30S78: 0.305437): 0.043440): 0.052574, (B9L9K8: 0.356337, (D1B034: 0.197865, (B9KD71: 0.170865, (Q4HSJ1: 0.095701, (Q4HIM2: 0.041019, (A8FLU0: 0.005969, A7H3F6: 0.013538): 0.028169): 0.034022): 0.107205): 0.189571): 0.123317): 0.053401): 0.049511): 0.114299, Q7M8Y4: 0.170882): 0.091204): 1.292512, (((((A2C716: 0.008990, Q7V5V8: 0.000004): 0.104316, ((Q7VAM4: 0.141652, A9BBX8: 0.068570): 0.050225, ((Q46JB1: 0.002461, A2C4C8: 0.003469): 0.131775, ((Q7V0B5: 0.015802, A2BY61: 0.025031): 0.048970, (Q319D3: 0.019570, (A2BSS7: 0.011782, (A3PEI8: 0.029286, A8G6G5: 0.022253): 0.006415): 0.016959): 0.057005): 0.268761): 0.058085): 0.082470): 0.034811, ((Q7U8S8: 0.033269, (Q3AHP3: 0.025253, (Q064V2: 0.002643, Q3AZI2: 0.006276): 0.044599): 0.025918): 0.076926, (A3Z6A3: 0.028949, (Q05U63: 0.069533, (Q0I7W8: 0.057610, (A4CRA1: 0.017348, A5GN92: 0.003973): 0.002039): 0.024702): 0.021654): 0.020065): 0.059203): 0.045545, (A5GV38: 0.136708, A3YVH8: 0.105595): 0.023439): 0.184668, ((Q5MZ44: 0.000004, Q31N38: 0.000004): 0.099172, (((A0Z9L4: 0.042018, (Q3M6M2: 0.002983, Q8YVT4: 0.009095): 0.020424): 0.004738, (B2J398: 0.068768, B9YSQ2: 0.036842): 0.014090): 0.071618, (((Q10X24: 0.167327, (A0YWD9: 0.096778, B5VXF1: 0.084440): 0.030173): 0.044559, ((Q7NIP4: 0.253589, (Q2JLQ3: 0.016069, Q2JUT1: 0.027797): 0.232922): 0.067768, (B0C571: 0.142178, (Q8DM01: 0.115795, B8HPZ0: 0.085515): 0.025286): 0.038877): 0.032733): 0.018165, (B1XKY9: 0.159305, (((C7QMR7: 0.000004, B7K2J5: 0.000004): 0.073032, (Q4C987: 0.045550, (A3IP62: 0.012260, B1WNQ5: 0.013085): 0.004707): 0.048818): 0.012156, ((B4AYM5: 0.034611, B7KD15: 0.048162): 0.039587, (P73821: 0.118357, B0JX04: 0.117302): 0.048622): 0.021193): 0.049298): 0.038738): 0.026481): 0.066324): 0.085472): 0.912614): 2.577828): 0.000004);

Detailed output identifying parameters

alpha (gamma, K = 4) =  0.69673
rate:   0.07349  0.36198  0.92365  2.64087
freq:   0.25000  0.25000  0.25000  0.25000

Time used: 31:27
