AAML (in paml version 4.6, August 2012)  203.aa
Model: Empirical for branches,  Global clock  (../../../bin/LG.dat) dGamma (ncatG=4) ns =  65  ls = 116


Frequencies..
                                    A      R      N      D      C      Q      E      G      H      I      L      K      M      F      P      S      T      W      Y      V
A8ETK7                         0.10345 0.10345 0.04310 0.01724 0.00000 0.01724 0.06897 0.04310 0.03448 0.09483 0.06897 0.12069 0.01724 0.03448 0.02586 0.05172 0.07759 0.00000 0.03448 0.04310
B9KEH7                         0.12931 0.12931 0.03448 0.03448 0.00000 0.00862 0.06034 0.06897 0.03448 0.08621 0.07759 0.09483 0.01724 0.04310 0.01724 0.01724 0.08621 0.00000 0.02586 0.03448
A7H5U6                         0.12069 0.11207 0.06034 0.02586 0.00000 0.00862 0.05172 0.06034 0.03448 0.06897 0.09483 0.10345 0.01724 0.04310 0.01724 0.03448 0.07759 0.00000 0.02586 0.04310
A8FNQ8                         0.11207 0.12069 0.05172 0.03448 0.00000 0.00862 0.05172 0.06897 0.03448 0.06897 0.09483 0.09483 0.01724 0.04310 0.01724 0.03448 0.07759 0.00000 0.02586 0.04310
Q4HDU8                         0.12069 0.12069 0.06034 0.02586 0.00000 0.00862 0.06034 0.06897 0.03448 0.06897 0.09483 0.08621 0.01724 0.04310 0.01724 0.02586 0.07759 0.00000 0.02586 0.04310
Q4HRZ1                         0.10345 0.12069 0.05172 0.01724 0.00000 0.01724 0.06897 0.06897 0.03448 0.06897 0.08621 0.09483 0.01724 0.04310 0.01724 0.04310 0.06897 0.00000 0.03448 0.04310
D1B4D6                         0.11207 0.07759 0.02586 0.02586 0.00862 0.00862 0.06897 0.07759 0.04310 0.06897 0.09483 0.13793 0.01724 0.01724 0.02586 0.01724 0.06897 0.00000 0.04310 0.06034
Q7M8F8                         0.12069 0.08621 0.05172 0.02586 0.00000 0.02586 0.06034 0.05172 0.04310 0.07759 0.10345 0.11207 0.00862 0.02586 0.01724 0.04310 0.06034 0.00000 0.03448 0.05172
A6QCS5                         0.12069 0.08621 0.05172 0.02586 0.00000 0.00862 0.06034 0.05172 0.04310 0.08621 0.08621 0.11207 0.03448 0.01724 0.02586 0.05172 0.07759 0.00000 0.04310 0.01724
A6Q1K5                         0.11207 0.12069 0.05172 0.02586 0.00000 0.00862 0.06897 0.04310 0.03448 0.07759 0.08621 0.11207 0.03448 0.02586 0.01724 0.03448 0.07759 0.00000 0.04310 0.02586
P56042                         0.11207 0.10345 0.04310 0.01724 0.00000 0.02586 0.06034 0.06034 0.06034 0.06897 0.08621 0.09483 0.00862 0.03448 0.00862 0.03448 0.09483 0.00000 0.05172 0.03448
Q30TS2                         0.11207 0.10345 0.03448 0.01724 0.00000 0.00862 0.07759 0.06034 0.04310 0.07759 0.08621 0.10345 0.01724 0.01724 0.00862 0.06034 0.07759 0.00000 0.03448 0.06034
B9L6T6                         0.08621 0.12931 0.04310 0.02586 0.01724 0.00862 0.08621 0.05172 0.03448 0.07759 0.07759 0.12069 0.01724 0.02586 0.01724 0.02586 0.06034 0.00000 0.04310 0.05172
P0AG44                         0.11207 0.14655 0.06034 0.02586 0.00862 0.01724 0.05172 0.06034 0.02586 0.05172 0.09483 0.06034 0.03448 0.04310 0.03448 0.05172 0.05172 0.00000 0.01724 0.05172
B7LRR1                         0.11207 0.14655 0.06034 0.02586 0.00862 0.01724 0.05172 0.06034 0.02586 0.05172 0.09483 0.06034 0.03448 0.04310 0.03448 0.05172 0.05172 0.00000 0.01724 0.05172
B7N179                         0.11207 0.14655 0.06034 0.02586 0.00862 0.01724 0.05172 0.06034 0.02586 0.05172 0.09483 0.06034 0.03448 0.04310 0.03448 0.05172 0.05172 0.00000 0.01724 0.05172
Q110D2                         0.09483 0.15517 0.02586 0.03448 0.00862 0.04310 0.05172 0.06897 0.02586 0.06034 0.11207 0.06897 0.02586 0.00862 0.02586 0.05172 0.06034 0.00000 0.03448 0.04310
B2ITN0                         0.08621 0.13793 0.01724 0.03448 0.00862 0.03448 0.05172 0.06034 0.03448 0.06897 0.12069 0.07759 0.02586 0.01724 0.02586 0.03448 0.07759 0.00000 0.02586 0.06034
Q0ID29                         0.10345 0.16379 0.02586 0.05172 0.00862 0.03448 0.04310 0.07759 0.01724 0.04310 0.11207 0.05172 0.02586 0.00862 0.03448 0.01724 0.08621 0.00000 0.03448 0.06034
B5W6Q7                         0.10345 0.15517 0.00862 0.03448 0.00862 0.04310 0.05172 0.07759 0.03448 0.06034 0.08621 0.06034 0.03448 0.00862 0.01724 0.04310 0.07759 0.00000 0.03448 0.06034
Q7V522                         0.10345 0.16379 0.01724 0.06034 0.00862 0.05172 0.04310 0.07759 0.01724 0.06897 0.08621 0.06034 0.03448 0.00862 0.02586 0.01724 0.07759 0.00000 0.03448 0.04310
A2CC52                         0.10345 0.16379 0.01724 0.06034 0.00862 0.05172 0.04310 0.07759 0.01724 0.06897 0.08621 0.06034 0.03448 0.00862 0.02586 0.01724 0.07759 0.00000 0.03448 0.04310
B1WQT6                         0.11207 0.16379 0.01724 0.03448 0.00862 0.03448 0.06034 0.06034 0.02586 0.06034 0.10345 0.06897 0.03448 0.00862 0.01724 0.04310 0.06897 0.00000 0.03448 0.04310
A5GVY4                         0.11207 0.16379 0.01724 0.06034 0.00862 0.04310 0.05172 0.07759 0.01724 0.06034 0.09483 0.05172 0.03448 0.00862 0.02586 0.02586 0.06897 0.00000 0.03448 0.04310
A0ZG50                         0.10345 0.14655 0.00862 0.02586 0.00862 0.03448 0.06034 0.06034 0.03448 0.07759 0.10345 0.07759 0.02586 0.00862 0.02586 0.02586 0.07759 0.00000 0.03448 0.06034
O24711                         0.11207 0.15517 0.02586 0.03448 0.00862 0.05172 0.06034 0.06034 0.01724 0.05172 0.10345 0.05172 0.02586 0.00862 0.02586 0.02586 0.08621 0.00000 0.03448 0.06034
Q31L31                         0.11207 0.15517 0.02586 0.03448 0.00862 0.05172 0.06034 0.06034 0.01724 0.05172 0.10345 0.05172 0.02586 0.00862 0.02586 0.02586 0.08621 0.00000 0.03448 0.06034
Q2JUJ6                         0.13793 0.18103 0.00862 0.04310 0.00000 0.02586 0.06034 0.05172 0.01724 0.05172 0.10345 0.06034 0.03448 0.00862 0.03448 0.01724 0.09483 0.00000 0.03448 0.03448
Q7NFF6                         0.12069 0.17241 0.00862 0.05172 0.00862 0.03448 0.04310 0.06897 0.01724 0.06034 0.10345 0.02586 0.02586 0.01724 0.03448 0.06034 0.06897 0.00000 0.02586 0.05172
Q3MF96                         0.09483 0.15517 0.02586 0.04310 0.00000 0.03448 0.04310 0.06897 0.03448 0.06897 0.11207 0.06034 0.01724 0.00862 0.01724 0.03448 0.06897 0.00000 0.03448 0.07759
Q8YPK4                         0.09483 0.15517 0.02586 0.04310 0.00000 0.03448 0.04310 0.06897 0.03448 0.06897 0.11207 0.06034 0.01724 0.00862 0.01724 0.03448 0.06897 0.00000 0.03448 0.07759
Q2JL73                         0.13793 0.17241 0.00862 0.03448 0.00000 0.02586 0.06897 0.05172 0.02586 0.05172 0.10345 0.06034 0.03448 0.00862 0.03448 0.01724 0.09483 0.00000 0.03448 0.03448
B9YIU6                         0.12069 0.15517 0.02586 0.03448 0.00862 0.02586 0.04310 0.05172 0.03448 0.06034 0.11207 0.05172 0.03448 0.00862 0.03448 0.02586 0.07759 0.00000 0.03448 0.06034
A3YUJ5                         0.10345 0.16379 0.02586 0.04310 0.00862 0.04310 0.06034 0.07759 0.01724 0.06897 0.10345 0.05172 0.02586 0.01724 0.02586 0.01724 0.07759 0.00000 0.02586 0.04310
Q46IT3                         0.09483 0.16379 0.01724 0.04310 0.00000 0.05172 0.06897 0.06897 0.01724 0.05172 0.10345 0.05172 0.02586 0.00862 0.02586 0.03448 0.08621 0.00000 0.03448 0.05172
A2C4X6                         0.09483 0.16379 0.01724 0.04310 0.00000 0.05172 0.06897 0.06897 0.01724 0.05172 0.10345 0.05172 0.02586 0.00862 0.02586 0.03448 0.08621 0.00000 0.03448 0.05172
B0C429                         0.10345 0.15517 0.01724 0.06034 0.00862 0.05172 0.02586 0.06897 0.03448 0.06897 0.09483 0.06897 0.02586 0.00862 0.00862 0.04310 0.06897 0.00000 0.03448 0.05172
A9BCM3                         0.11207 0.15517 0.01724 0.04310 0.00000 0.04310 0.06897 0.07759 0.01724 0.06897 0.09483 0.07759 0.02586 0.00862 0.02586 0.00000 0.07759 0.00000 0.03448 0.05172
Q7U4H6                         0.12069 0.16379 0.00862 0.06897 0.00862 0.04310 0.04310 0.06034 0.01724 0.05172 0.09483 0.06034 0.03448 0.00862 0.03448 0.02586 0.07759 0.00000 0.03448 0.04310
Q7UZW7                         0.12069 0.14655 0.02586 0.02586 0.00000 0.04310 0.06897 0.06034 0.01724 0.06034 0.12069 0.07759 0.02586 0.00862 0.01724 0.03448 0.06897 0.00000 0.03448 0.04310
B8HMS9                         0.12069 0.16379 0.00862 0.04310 0.00862 0.05172 0.04310 0.07759 0.01724 0.06897 0.10345 0.04310 0.02586 0.00862 0.03448 0.02586 0.06897 0.00000 0.03448 0.05172
A3PF24                         0.10345 0.14655 0.02586 0.03448 0.00000 0.03448 0.06034 0.06897 0.01724 0.06897 0.11207 0.08621 0.02586 0.00862 0.01724 0.05172 0.06034 0.00000 0.03448 0.04310
Q05QD7                         0.12069 0.16379 0.00862 0.06897 0.00862 0.05172 0.04310 0.07759 0.01724 0.05172 0.08621 0.06034 0.04310 0.00862 0.02586 0.00862 0.07759 0.00000 0.03448 0.04310
A2BYR2                         0.11207 0.14655 0.02586 0.03448 0.00000 0.04310 0.06034 0.06897 0.01724 0.06897 0.11207 0.07759 0.02586 0.00862 0.01724 0.02586 0.07759 0.00000 0.03448 0.04310
Q3AMQ4                         0.12069 0.16379 0.01724 0.06034 0.00862 0.04310 0.04310 0.06034 0.01724 0.05172 0.08621 0.06034 0.04310 0.00862 0.03448 0.02586 0.07759 0.00000 0.03448 0.04310
Q7V9Y6                         0.09483 0.16379 0.00862 0.05172 0.00000 0.05172 0.06034 0.08621 0.01724 0.06034 0.10345 0.06034 0.02586 0.00862 0.02586 0.01724 0.06897 0.00000 0.03448 0.06034
Q318K8                         0.10345 0.14655 0.01724 0.04310 0.00000 0.04310 0.05172 0.06897 0.01724 0.06897 0.11207 0.08621 0.02586 0.00862 0.01724 0.05172 0.06034 0.00000 0.03448 0.04310
A8G738                         0.10345 0.14655 0.01724 0.04310 0.00000 0.03448 0.06034 0.06897 0.01724 0.06897 0.11207 0.08621 0.02586 0.00862 0.01724 0.05172 0.06034 0.00000 0.03448 0.04310
Q3AW69                         0.12069 0.16379 0.00862 0.05172 0.00862 0.04310 0.05172 0.06897 0.01724 0.06034 0.08621 0.06034 0.03448 0.00862 0.03448 0.01724 0.08621 0.00000 0.03448 0.04310
Q060U5                         0.12069 0.16379 0.00862 0.05172 0.00862 0.04310 0.05172 0.06897 0.01724 0.06034 0.08621 0.06034 0.03448 0.00862 0.03448 0.01724 0.08621 0.00000 0.03448 0.04310
A2BTB4                         0.10345 0.14655 0.01724 0.03448 0.00000 0.03448 0.06897 0.06897 0.01724 0.06897 0.11207 0.08621 0.02586 0.00862 0.01724 0.05172 0.06034 0.00000 0.03448 0.04310
Q8DMK9                         0.13793 0.18103 0.00862 0.04310 0.00000 0.05172 0.05172 0.06897 0.02586 0.05172 0.11207 0.04310 0.01724 0.00862 0.02586 0.02586 0.06034 0.00000 0.03448 0.05172
B4B3P9                         0.11207 0.14655 0.02586 0.03448 0.00862 0.04310 0.05172 0.05172 0.03448 0.05172 0.11207 0.06897 0.03448 0.00862 0.01724 0.03448 0.07759 0.00000 0.03448 0.05172
B0JY37                         0.12931 0.12069 0.02586 0.04310 0.00862 0.06034 0.02586 0.07759 0.03448 0.06034 0.12069 0.05172 0.03448 0.00862 0.02586 0.02586 0.06034 0.00000 0.03448 0.05172
B7KI12                         0.11207 0.16379 0.02586 0.05172 0.00862 0.06897 0.03448 0.06034 0.02586 0.05172 0.10345 0.04310 0.03448 0.00862 0.01724 0.02586 0.07759 0.00000 0.03448 0.05172
A3IQ29                         0.11207 0.16379 0.02586 0.03448 0.00862 0.03448 0.06034 0.05172 0.02586 0.05172 0.08621 0.06034 0.05172 0.00862 0.02586 0.04310 0.06897 0.00000 0.03448 0.05172
C7QS37                         0.09483 0.15517 0.02586 0.04310 0.00862 0.04310 0.04310 0.06897 0.02586 0.05172 0.11207 0.05172 0.04310 0.00862 0.01724 0.04310 0.07759 0.00000 0.03448 0.05172
B7K223                         0.09483 0.15517 0.02586 0.04310 0.00862 0.04310 0.04310 0.06897 0.02586 0.05172 0.11207 0.05172 0.04310 0.00862 0.01724 0.04310 0.07759 0.00000 0.03448 0.05172
Q4C147                         0.11207 0.15517 0.02586 0.05172 0.00862 0.02586 0.04310 0.05172 0.02586 0.06034 0.09483 0.09483 0.02586 0.00862 0.02586 0.03448 0.06034 0.00000 0.03448 0.06034
A4CSP0                         0.10345 0.17241 0.00862 0.05172 0.00862 0.04310 0.06034 0.06897 0.01724 0.04310 0.09483 0.06034 0.03448 0.00862 0.02586 0.02586 0.07759 0.00000 0.03448 0.06034
A5GIS1                         0.10345 0.17241 0.00862 0.05172 0.00862 0.04310 0.06034 0.06897 0.01724 0.04310 0.09483 0.06034 0.03448 0.00862 0.02586 0.02586 0.07759 0.00000 0.03448 0.06034
A0YJR9                         0.15517 0.16379 0.01724 0.03448 0.00862 0.01724 0.05172 0.07759 0.02586 0.05172 0.08621 0.06034 0.03448 0.00862 0.00862 0.02586 0.07759 0.00000 0.03448 0.06034
P73296                         0.12931 0.16379 0.00862 0.06897 0.00862 0.02586 0.03448 0.06034 0.02586 0.05172 0.09483 0.06897 0.03448 0.00862 0.03448 0.02586 0.06897 0.00000 0.03448 0.05172
A3Z8V3                         0.11207 0.17241 0.00862 0.05172 0.00862 0.06034 0.05172 0.07759 0.01724 0.05172 0.08621 0.05172 0.04310 0.00862 0.01724 0.02586 0.07759 0.00000 0.03448 0.04310
B1XJI3                         0.12931 0.16379 0.00862 0.06897 0.00862 0.04310 0.03448 0.07759 0.02586 0.03448 0.09483 0.06034 0.03448 0.00862 0.01724 0.02586 0.05172 0.00000 0.03448 0.07759

Homogeneity statistic: X2 = 4.70650 G = 4.76471 

Average                        0.11180 0.14841 0.02520 0.04045 0.00531 0.03501 0.05424 0.06578 0.02599 0.06167 0.09867 0.07082 0.02865 0.01525 0.02347 0.03249 0.07347 0.00000 0.03355 0.04973

# constant sites:     15 (12.93%)
ln Lmax (unconstrained) = -541.189153

AA distances (raw proportions of different sites)

A8ETK7         
B9KEH7           0.2845
A7H5U6           0.2931  0.1034
A8FNQ8           0.2931  0.0776  0.0259
Q4HDU8           0.2931  0.1034  0.0517  0.0259
Q4HRZ1           0.3017  0.1379  0.0776  0.0776  0.0776
D1B4D6           0.2845  0.2241  0.2586  0.2328  0.2241  0.2586
Q7M8F8           0.3017  0.2845  0.2759  0.2586  0.2759  0.2672  0.2931
A6QCS5           0.3448  0.2328  0.2500  0.2414  0.2586  0.2586  0.2500  0.2759
A6Q1K5           0.2672  0.2500  0.2845  0.2672  0.2672  0.2672  0.2328  0.2328  0.2759
P56042           0.3017  0.2672  0.2672  0.2672  0.2759  0.2759  0.3103  0.2759  0.3190  0.2500
Q30TS2           0.2845  0.2328  0.2586  0.2500  0.2414  0.2414  0.2155  0.2845  0.2845  0.2155  0.2672
B9L6T6           0.3707  0.3362  0.3362  0.3276  0.3362  0.3276  0.3879  0.3879  0.3879  0.3448  0.3879  0.3621
P0AG44           0.5603  0.5086  0.5259  0.5086  0.5086  0.5086  0.5000  0.5517  0.5172  0.5000  0.5603  0.5172  0.5345
B7LRR1           0.5603  0.5086  0.5259  0.5086  0.5086  0.5086  0.5000  0.5517  0.5172  0.5000  0.5603  0.5172  0.5345  0.0000
B7N179           0.5603  0.5086  0.5259  0.5086  0.5086  0.5086  0.5000  0.5517  0.5172  0.5000  0.5603  0.5172  0.5345  0.0000  0.0000
Q110D2           0.6293  0.5603  0.5776  0.5603  0.5603  0.5603  0.5776  0.5603  0.5776  0.5345  0.5776  0.5690  0.5776  0.5259  0.5259  0.5259
B2ITN0           0.6552  0.5431  0.5690  0.5517  0.5603  0.5603  0.5776  0.5690  0.5517  0.5172  0.5776  0.5517  0.5690  0.5259  0.5259  0.5259  0.2845
Q0ID29           0.6466  0.5517  0.5690  0.5517  0.5603  0.5776  0.6034  0.5862  0.5862  0.5259  0.5862  0.5948  0.5690  0.5776  0.5776  0.5776  0.2759  0.2500
B5W6Q7           0.6638  0.5776  0.6034  0.5862  0.5862  0.5776  0.6293  0.6034  0.6207  0.5431  0.5862  0.5776  0.5776  0.5603  0.5603  0.5603  0.2672  0.2414  0.2155
Q7V522           0.6638  0.5603  0.5776  0.5603  0.5690  0.5776  0.6121  0.5948  0.5862  0.5345  0.6034  0.5948  0.5690  0.5603  0.5603  0.5603  0.2672  0.2586  0.0862  0.2155
A2CC52           0.6638  0.5603  0.5776  0.5603  0.5690  0.5776  0.6121  0.5948  0.5862  0.5345  0.6034  0.5948  0.5690  0.5603  0.5603  0.5603  0.2672  0.2586  0.0862  0.2155  0.0000
B1WQT6           0.6552  0.5517  0.5776  0.5603  0.5603  0.5517  0.6034  0.5517  0.5948  0.5345  0.5776  0.5603  0.5690  0.5431  0.5431  0.5431  0.1897  0.2672  0.2586  0.1983  0.2672  0.2672
A5GVY4           0.6810  0.5603  0.5776  0.5603  0.5690  0.5862  0.6121  0.6034  0.5862  0.5345  0.6034  0.6034  0.5948  0.5603  0.5603  0.5603  0.2586  0.2672  0.0948  0.2069  0.0862  0.0862  0.2414
A0ZG50           0.6638  0.5603  0.6034  0.5862  0.5776  0.5690  0.5862  0.5948  0.5862  0.5172  0.6034  0.5690  0.5690  0.5517  0.5517  0.5517  0.2845  0.0776  0.2586  0.2241  0.2759  0.2759  0.2586  0.2759
O24711           0.6552  0.5603  0.6121  0.5948  0.5948  0.5948  0.6293  0.6034  0.6207  0.5517  0.6034  0.6034  0.6034  0.5603  0.5603  0.5603  0.2500  0.2414  0.2328  0.1897  0.2414  0.2414  0.1983  0.2069  0.2328
Q31L31           0.6552  0.5603  0.6121  0.5948  0.5948  0.5948  0.6293  0.6034  0.6207  0.5517  0.6034  0.6034  0.6034  0.5603  0.5603  0.5603  0.2500  0.2414  0.2328  0.1897  0.2414  0.2414  0.1983  0.2069  0.2328  0.0000
Q2JUJ6           0.6724  0.5690  0.5862  0.5776  0.5862  0.5948  0.6121  0.5862  0.5690  0.5172  0.6034  0.5948  0.6034  0.5431  0.5431  0.5431  0.3276  0.3017  0.2931  0.2931  0.3103  0.3103  0.3103  0.2672  0.2845  0.2586  0.2586
Q7NFF6           0.6810  0.5862  0.6121  0.5948  0.5948  0.5948  0.6207  0.6121  0.5862  0.5517  0.6121  0.5862  0.6121  0.5345  0.5345  0.5345  0.2931  0.3103  0.3190  0.2845  0.3103  0.3103  0.3017  0.3103  0.3017  0.3017  0.3017  0.3103
Q3MF96           0.6983  0.5603  0.5862  0.5690  0.5690  0.5690  0.5948  0.6034  0.5862  0.5431  0.5948  0.5690  0.5603  0.5431  0.5431  0.5431  0.2672  0.1293  0.2759  0.2241  0.2672  0.2672  0.2500  0.2500  0.1293  0.2414  0.2414  0.2931  0.2845
Q8YPK4           0.6983  0.5603  0.5862  0.5690  0.5690  0.5690  0.5948  0.6034  0.5862  0.5431  0.5948  0.5690  0.5603  0.5431  0.5431  0.5431  0.2672  0.1293  0.2759  0.2241  0.2672  0.2672  0.2500  0.2500  0.1293  0.2414  0.2414  0.2931  0.2845  0.0000
Q2JL73           0.6724  0.5690  0.5862  0.5776  0.5862  0.5862  0.6121  0.5776  0.5690  0.5172  0.6034  0.5948  0.6034  0.5431  0.5431  0.5431  0.3448  0.3017  0.2931  0.3017  0.3103  0.3103  0.3276  0.2759  0.2845  0.2759  0.2759  0.0172  0.3190  0.3017  0.3017
B9YIU6           0.6724  0.5431  0.5776  0.5603  0.5603  0.5603  0.6121  0.6034  0.5776  0.5431  0.6034  0.5776  0.5603  0.5431  0.5431  0.5431  0.2759  0.1207  0.2586  0.2414  0.2759  0.2759  0.2414  0.2845  0.1034  0.2328  0.2328  0.3017  0.2845  0.1207  0.1207  0.3017
A3YUJ5           0.6638  0.5517  0.5690  0.5517  0.5431  0.5603  0.5862  0.5948  0.5776  0.5172  0.5862  0.5776  0.5776  0.5690  0.5690  0.5690  0.2414  0.2672  0.1121  0.2241  0.1034  0.1034  0.2328  0.0948  0.2759  0.2241  0.2241  0.2845  0.2845  0.2672  0.2672  0.2931  0.2931
Q46IT3           0.6724  0.6034  0.6207  0.6034  0.6121  0.6207  0.6466  0.6207  0.6207  0.5603  0.6121  0.6293  0.6121  0.5862  0.5862  0.5862  0.3017  0.3017  0.1552  0.1897  0.1552  0.1552  0.2586  0.1466  0.3103  0.2672  0.2672  0.2845  0.3362  0.3017  0.3017  0.2931  0.3103  0.1552
A2C4X6           0.6724  0.6034  0.6207  0.6034  0.6121  0.6207  0.6466  0.6207  0.6207  0.5603  0.6121  0.6293  0.6121  0.5862  0.5862  0.5862  0.3017  0.3017  0.1552  0.1897  0.1552  0.1552  0.2586  0.1466  0.3103  0.2672  0.2672  0.2845  0.3362  0.3017  0.3017  0.2931  0.3103  0.1552  0.0000
B0C429           0.6638  0.5603  0.5862  0.5690  0.5776  0.5862  0.5948  0.5776  0.5690  0.5086  0.5776  0.5517  0.5690  0.5690  0.5690  0.5690  0.2241  0.2241  0.2069  0.1638  0.1983  0.1983  0.2328  0.1983  0.2414  0.1983  0.1983  0.2759  0.3362  0.2155  0.2155  0.2931  0.2672  0.2241  0.2586  0.2586
A9BCM3           0.6552  0.5517  0.5690  0.5517  0.5603  0.5603  0.6034  0.5690  0.5776  0.5259  0.5862  0.5862  0.5690  0.5690  0.5690  0.5690  0.2845  0.2931  0.1552  0.2241  0.1121  0.1121  0.2845  0.1466  0.3017  0.2586  0.2586  0.3017  0.3190  0.2845  0.2845  0.2931  0.3017  0.1293  0.1552  0.1552  0.2586
Q7U4H6           0.6810  0.5776  0.5948  0.5776  0.5862  0.5862  0.6293  0.5862  0.6034  0.5517  0.6121  0.6121  0.5862  0.5517  0.5517  0.5517  0.2845  0.2672  0.0776  0.1897  0.0776  0.0776  0.2241  0.0776  0.2586  0.2069  0.2069  0.2672  0.3190  0.2586  0.2586  0.2759  0.2672  0.1293  0.1638  0.1638  0.1983  0.1466
Q7UZW7           0.6466  0.5948  0.6121  0.5948  0.5862  0.5948  0.6034  0.5948  0.5862  0.5259  0.6121  0.6121  0.6121  0.5948  0.5948  0.5948  0.2672  0.2931  0.1983  0.2586  0.2155  0.2155  0.2759  0.1810  0.2759  0.2845  0.2845  0.2759  0.3190  0.2931  0.2931  0.2672  0.2845  0.1552  0.2069  0.2069  0.2931  0.1466  0.2069
B8HMS9           0.6810  0.5603  0.5862  0.5690  0.5690  0.5690  0.6121  0.6034  0.6034  0.5345  0.5948  0.5690  0.5776  0.5603  0.5603  0.5603  0.2328  0.2241  0.2328  0.1810  0.2328  0.2328  0.1983  0.2069  0.2069  0.1983  0.1983  0.2672  0.2500  0.1552  0.1552  0.2759  0.1810  0.2241  0.2586  0.2586  0.1897  0.2672  0.2241  0.2672
A3PF24           0.6552  0.6034  0.6207  0.6034  0.6121  0.6207  0.6293  0.5948  0.5948  0.5517  0.6293  0.6379  0.6207  0.5862  0.5862  0.5862  0.2931  0.3017  0.1638  0.2328  0.1724  0.1724  0.2931  0.1638  0.3103  0.2845  0.2845  0.2845  0.3448  0.3190  0.3190  0.2759  0.3190  0.1466  0.1466  0.1466  0.2672  0.1379  0.1897  0.0862  0.2931
Q05QD7           0.6810  0.5690  0.5862  0.5690  0.5776  0.5776  0.6207  0.5862  0.5948  0.5431  0.6034  0.6034  0.5862  0.5517  0.5517  0.5517  0.2672  0.2759  0.0862  0.1983  0.0603  0.0603  0.2241  0.0690  0.2759  0.2241  0.2241  0.2931  0.2931  0.2672  0.2672  0.3017  0.2759  0.0948  0.1379  0.1379  0.2155  0.1121  0.0517  0.2069  0.2241  0.1810
A2BYR2           0.6552  0.5948  0.6121  0.5948  0.6034  0.6121  0.6207  0.5948  0.5862  0.5431  0.6207  0.6293  0.6207  0.5948  0.5948  0.5948  0.2845  0.3017  0.1897  0.2328  0.1897  0.1897  0.2931  0.1552  0.3103  0.2845  0.2845  0.2759  0.3362  0.3190  0.3190  0.2672  0.3190  0.1466  0.1466  0.1466  0.2845  0.1207  0.2155  0.0603  0.2931  0.0431  0.1810
Q3AMQ4           0.6810  0.5776  0.5948  0.5776  0.5862  0.5862  0.6293  0.5862  0.6034  0.5517  0.6121  0.6121  0.5862  0.5517  0.5517  0.5517  0.2931  0.2759  0.0862  0.1810  0.0862  0.0862  0.2241  0.0862  0.2672  0.2155  0.2155  0.2759  0.3190  0.2672  0.2672  0.2845  0.2759  0.1293  0.1638  0.1638  0.2155  0.1552  0.0172  0.2155  0.2328  0.1897  0.0603  0.2155
Q7V9Y6           0.6724  0.5603  0.5776  0.5603  0.5690  0.5776  0.6121  0.5862  0.5948  0.5517  0.6034  0.5948  0.5776  0.5603  0.5603  0.5603  0.2414  0.2672  0.1466  0.2069  0.1207  0.1207  0.2241  0.1034  0.2845  0.2069  0.2069  0.2672  0.3017  0.2500  0.2500  0.2759  0.2759  0.0948  0.1379  0.1379  0.2500  0.1034  0.1379  0.1552  0.2241  0.1293  0.1034  0.1207  0.1379
Q318K8           0.6638  0.6121  0.6293  0.6121  0.6207  0.6207  0.6379  0.5948  0.6034  0.5603  0.6379  0.6379  0.6121  0.5862  0.5862  0.5862  0.2845  0.3017  0.1724  0.2155  0.1638  0.1638  0.2759  0.1638  0.3017  0.2759  0.2759  0.2759  0.3276  0.3103  0.3103  0.2845  0.3190  0.1379  0.1293  0.1293  0.2672  0.1379  0.1724  0.0948  0.2845  0.0259  0.1552  0.0517  0.1724  0.1121
A8G738           0.6638  0.6121  0.6293  0.6121  0.6207  0.6293  0.6379  0.6034  0.6034  0.5603  0.6379  0.6379  0.6207  0.5862  0.5862  0.5862  0.2931  0.3017  0.1724  0.2241  0.1724  0.1724  0.2845  0.1638  0.3103  0.2759  0.2759  0.2759  0.3362  0.3103  0.3103  0.2845  0.3190  0.1466  0.1293  0.1293  0.2672  0.1379  0.1810  0.1034  0.2845  0.0172  0.1724  0.0603  0.1810  0.1207  0.0172
Q3AW69           0.6810  0.5862  0.6034  0.5862  0.5776  0.5776  0.6207  0.6034  0.6121  0.5431  0.6121  0.6034  0.5862  0.5517  0.5517  0.5517  0.2845  0.2672  0.0776  0.1810  0.0776  0.0776  0.2241  0.0862  0.2414  0.2155  0.2155  0.2845  0.3103  0.2586  0.2586  0.2931  0.2672  0.1034  0.1552  0.1552  0.2155  0.1466  0.0345  0.1983  0.2241  0.1810  0.0517  0.2069  0.0345  0.1293  0.1638  0.1724
Q060U5           0.6810  0.5862  0.6034  0.5862  0.5776  0.5776  0.6207  0.6034  0.6121  0.5431  0.6121  0.6034  0.5862  0.5517  0.5517  0.5517  0.2845  0.2672  0.0776  0.1810  0.0776  0.0776  0.2241  0.0862  0.2414  0.2155  0.2155  0.2845  0.3103  0.2586  0.2586  0.2931  0.2672  0.1034  0.1552  0.1552  0.2155  0.1466  0.0345  0.1983  0.2241  0.1810  0.0517  0.2069  0.0345  0.1293  0.1638  0.1724  0.0000
A2BTB4           0.6638  0.6121  0.6293  0.6121  0.6207  0.6207  0.6379  0.5948  0.6034  0.5603  0.6379  0.6379  0.6207  0.5862  0.5862  0.5862  0.3017  0.3017  0.1724  0.2328  0.1724  0.1724  0.2931  0.1724  0.3103  0.2845  0.2845  0.2845  0.3448  0.3190  0.3190  0.2759  0.3190  0.1552  0.1379  0.1379  0.2759  0.1293  0.1897  0.0948  0.2931  0.0086  0.1810  0.0517  0.1897  0.1293  0.0259  0.0086  0.1810  0.1810
Q8DMK9           0.6810  0.5603  0.5690  0.5603  0.5690  0.5776  0.6121  0.5776  0.6034  0.5345  0.5776  0.5862  0.5948  0.5603  0.5603  0.5603  0.2414  0.2672  0.1897  0.2328  0.1983  0.1983  0.1983  0.1724  0.2586  0.1897  0.1897  0.2155  0.2672  0.2328  0.2328  0.2328  0.2500  0.1810  0.2241  0.2241  0.2328  0.2241  0.1724  0.2241  0.1810  0.2414  0.1810  0.2500  0.1810  0.1810  0.2328  0.2328  0.1810  0.1810  0.2414
B4B3P9           0.6466  0.5690  0.5862  0.5776  0.5776  0.5948  0.6034  0.5862  0.5948  0.5345  0.5690  0.5776  0.5948  0.5517  0.5517  0.5517  0.2672  0.2586  0.2759  0.2155  0.2759  0.2759  0.1983  0.2500  0.2500  0.2328  0.2328  0.2672  0.2931  0.2500  0.2500  0.2845  0.2586  0.2241  0.2328  0.2328  0.2500  0.2759  0.2414  0.2500  0.2328  0.2759  0.2500  0.2759  0.2328  0.2328  0.2672  0.2759  0.2500  0.2500  0.2845  0.2241
B0JY37           0.6552  0.5862  0.6034  0.5948  0.5948  0.6121  0.5948  0.5862  0.6034  0.5345  0.5948  0.5948  0.5948  0.5517  0.5517  0.5517  0.2586  0.3103  0.3103  0.2414  0.3103  0.3103  0.2155  0.2845  0.3103  0.2586  0.2586  0.3534  0.3362  0.2672  0.2672  0.3707  0.3017  0.2931  0.3017  0.3017  0.2500  0.3017  0.3017  0.3017  0.2500  0.3362  0.2845  0.3276  0.2931  0.2845  0.3276  0.3362  0.2931  0.2931  0.3448  0.2931  0.1897
B7KI12           0.6724  0.5690  0.5948  0.5776  0.5776  0.5862  0.6034  0.5776  0.5862  0.5345  0.5776  0.5776  0.5948  0.5517  0.5517  0.5517  0.2414  0.2672  0.2586  0.2241  0.2586  0.2586  0.1724  0.2328  0.2500  0.2069  0.2069  0.2759  0.2672  0.2155  0.2155  0.2931  0.2414  0.2069  0.2845  0.2845  0.2069  0.2759  0.2241  0.2759  0.1983  0.3017  0.2328  0.3017  0.2155  0.2328  0.2931  0.3017  0.2328  0.2328  0.3103  0.2069  0.0862  0.1810
A3IQ29           0.6638  0.5603  0.5862  0.5690  0.5690  0.5776  0.6121  0.5776  0.6034  0.5431  0.5862  0.5776  0.5862  0.5517  0.5517  0.5517  0.1724  0.2759  0.2586  0.2155  0.2759  0.2759  0.0603  0.2414  0.2759  0.2069  0.2069  0.3103  0.3103  0.2586  0.2586  0.3276  0.2586  0.2328  0.2672  0.2672  0.2328  0.2931  0.2414  0.2931  0.2069  0.2931  0.2414  0.2931  0.2414  0.2328  0.2931  0.2931  0.2414  0.2414  0.3017  0.2069  0.1897  0.2241  0.1638
C7QS37           0.6724  0.5603  0.5776  0.5603  0.5603  0.5690  0.6034  0.5948  0.5948  0.5431  0.5776  0.5776  0.5862  0.5603  0.5603  0.5603  0.1724  0.2414  0.2069  0.2155  0.2414  0.2414  0.1379  0.2155  0.2586  0.2155  0.2155  0.3017  0.2845  0.2069  0.2069  0.3190  0.2414  0.1810  0.2586  0.2586  0.1983  0.2586  0.2241  0.2328  0.1897  0.2586  0.1983  0.2500  0.2328  0.2069  0.2500  0.2586  0.2241  0.2241  0.2672  0.1810  0.2069  0.2414  0.1810  0.1466
B7K223           0.6724  0.5603  0.5776  0.5603  0.5603  0.5690  0.6034  0.5948  0.5948  0.5431  0.5776  0.5776  0.5862  0.5603  0.5603  0.5603  0.1724  0.2414  0.2069  0.2155  0.2414  0.2414  0.1379  0.2155  0.2586  0.2155  0.2155  0.3017  0.2845  0.2069  0.2069  0.3190  0.2414  0.1810  0.2586  0.2586  0.1983  0.2586  0.2241  0.2328  0.1897  0.2586  0.1983  0.2500  0.2328  0.2069  0.2500  0.2586  0.2241  0.2241  0.2672  0.1810  0.2069  0.2414  0.1810  0.1466  0.0000
Q4C147           0.6638  0.5690  0.5776  0.5603  0.5690  0.5690  0.6121  0.5517  0.6121  0.5431  0.5862  0.5776  0.5776  0.5431  0.5431  0.5431  0.1983  0.2931  0.2931  0.2328  0.3017  0.3017  0.1207  0.2759  0.2931  0.2241  0.2241  0.3103  0.3017  0.2672  0.2672  0.3276  0.2672  0.2672  0.3017  0.3017  0.2586  0.3017  0.2672  0.3190  0.2241  0.3103  0.2586  0.3103  0.2672  0.2414  0.2931  0.3017  0.2672  0.2672  0.3103  0.2241  0.2328  0.2241  0.1983  0.1034  0.1983  0.1983
A4CSP0           0.6724  0.5690  0.5862  0.5690  0.5776  0.5690  0.6207  0.5690  0.6034  0.5431  0.6034  0.6034  0.5690  0.5603  0.5603  0.5603  0.2931  0.2845  0.0690  0.2155  0.1034  0.1034  0.2328  0.1121  0.2845  0.2155  0.2155  0.2845  0.3362  0.2931  0.2931  0.2845  0.2845  0.1638  0.1638  0.1638  0.2241  0.1466  0.0517  0.2155  0.2500  0.1810  0.0776  0.2069  0.0690  0.1552  0.1810  0.1897  0.0862  0.0862  0.1810  0.1897  0.2586  0.3103  0.2586  0.2500  0.2328  0.2328  0.2759
A5GIS1           0.6724  0.5690  0.5862  0.5690  0.5776  0.5690  0.6207  0.5690  0.6034  0.5431  0.6034  0.6034  0.5690  0.5603  0.5603  0.5603  0.2931  0.2845  0.0690  0.2155  0.1034  0.1034  0.2328  0.1121  0.2845  0.2155  0.2155  0.2845  0.3362  0.2931  0.2931  0.2845  0.2845  0.1638  0.1638  0.1638  0.2241  0.1466  0.0517  0.2155  0.2500  0.1810  0.0776  0.2069  0.0690  0.1552  0.1810  0.1897  0.0862  0.0862  0.1810  0.1897  0.2586  0.3103  0.2586  0.2500  0.2328  0.2328  0.2759  0.0000
A0YJR9           0.6724  0.5776  0.5948  0.5862  0.5862  0.6034  0.6034  0.5776  0.5948  0.5259  0.5776  0.5776  0.5776  0.5603  0.5603  0.5603  0.2328  0.2500  0.2500  0.1897  0.2586  0.2586  0.1897  0.2328  0.2414  0.2328  0.2328  0.2672  0.3103  0.2328  0.2328  0.2845  0.2500  0.2155  0.2759  0.2759  0.1983  0.2672  0.2500  0.2414  0.2069  0.2672  0.2414  0.2759  0.2414  0.2328  0.2672  0.2672  0.2414  0.2414  0.2759  0.2155  0.1552  0.1983  0.1638  0.1897  0.2069  0.2069  0.2069  0.2586  0.2586
P73296           0.6897  0.5517  0.5690  0.5517  0.5603  0.5603  0.6121  0.5948  0.6034  0.5345  0.5948  0.5690  0.6034  0.5431  0.5431  0.5431  0.2241  0.2672  0.2414  0.2241  0.2586  0.2586  0.1466  0.2241  0.2586  0.2155  0.2155  0.2672  0.2931  0.2241  0.2241  0.2845  0.2155  0.2586  0.2759  0.2759  0.2241  0.2845  0.2155  0.2845  0.1724  0.3017  0.2241  0.3017  0.2241  0.2500  0.2931  0.2931  0.2328  0.2328  0.3017  0.1638  0.2414  0.2586  0.1983  0.1638  0.1379  0.1379  0.1638  0.2328  0.2328  0.2500
A3Z8V3           0.6810  0.5776  0.5948  0.5776  0.5862  0.5862  0.6293  0.5948  0.6034  0.5517  0.6121  0.6121  0.5948  0.5517  0.5517  0.5517  0.2759  0.2845  0.0948  0.2155  0.0603  0.0603  0.2414  0.1034  0.3017  0.2241  0.2241  0.3017  0.3103  0.2845  0.2845  0.3017  0.2845  0.1293  0.1466  0.1466  0.2155  0.1207  0.0776  0.2069  0.2414  0.1638  0.0431  0.1810  0.0862  0.1207  0.1638  0.1724  0.0776  0.0776  0.1638  0.1810  0.2586  0.2931  0.2500  0.2500  0.2069  0.2069  0.2759  0.0603  0.0603  0.2500  0.2328
B1XJI3           0.6983  0.5862  0.6034  0.5862  0.5948  0.5948  0.6379  0.6034  0.6207  0.5690  0.6121  0.6034  0.6207  0.5776  0.5776  0.5776  0.2069  0.2759  0.2069  0.2241  0.2069  0.2069  0.1983  0.1983  0.2759  0.2069  0.2069  0.3017  0.2931  0.2328  0.2328  0.3190  0.2328  0.2241  0.2500  0.2500  0.2069  0.2241  0.1897  0.2672  0.1897  0.2586  0.1810  0.2672  0.2069  0.1983  0.2586  0.2500  0.2069  0.2069  0.2586  0.1810  0.2586  0.2500  0.1983  0.1897  0.1810  0.1810  0.1897  0.2069  0.2069  0.2414  0.1466  0.1810


TREE #  1:  (15, 16, (14, ((10, ((((12, 7), (9, (2, ((6, 3), (5, 4))))), (1, 13)), (8, 11))), (37, (20, (((62, ((54, (53, 55)), (((57, 58), (63, 65)), (17, (23, (59, 56)))))), ((26, 27), ((41, (29, ((30, 31), (33, (18, 25))))), (52, (28, 32))))), ((34, (((35, 36), (47, (48, (51, (42, (44, 40)))))), (46, 38))), (24, ((21, 22), ((((49, 50), (39, 45)), (19, (60, 61))), (43, 64)))))))))));   MP score: 675
lnL(ntime: 63  np: 64):  -4090.120610      +0.000000
  66..15   66..16   66..67   67..14   67..68   68..69   69..10   69..70   70..71   71..72   72..73   73..12   73..7    72..74   74..9    74..75   75..2    75..76   76..77   77..6    77..3    76..78   78..5    78..4    71..79   79..1    79..13   70..80   80..8    80..11   68..81   81..37   81..82   82..20   82..83   83..84   84..85   85..62   85..86   86..87   87..54   87..88   88..53   88..55   86..89   89..90   90..91   91..57   91..58   90..92   92..63   92..65   89..93   93..17   93..94   94..23   94..95   95..59   95..56   84..96   96..97   97..26   97..27   96..98   98..99   99..41   99..100 100..29  100..101 101..102 102..30  102..31  101..103 103..33  103..104 104..18  104..25   98..105 105..52  105..106 106..28  106..32   83..107 107..108 108..34  108..109 109..110 110..111 111..35  111..36  110..112 112..47  112..113 113..48  113..114 114..51  114..115 115..42  115..116 116..44  116..40  109..117 117..46  117..38  107..118 118..24  118..119 119..120 120..21  120..22  119..121 121..122 122..123 123..124 124..49  124..50  123..125 125..39  125..45  122..126 126..19  126..127 127..60  127..61  121..128 128..43  128..64 
 0.488341 0.488340 0.388196 0.232325 0.232325 0.222246 0.184376 0.136316 0.167769 0.068970 0.033345 0.027686 0.023211 0.179299 0.196425 0.188436 0.188436 0.181399 0.180298 0.162775 0.150918 0.125482 0.050605 0.118804 0.106917 0.000000 0.080996 0.118804 0.061291 0.053255 0.164374 0.000000 0.160404 0.142984 0.130792 0.080857 0.000000 0.058464 0.035016 0.128434 0.007368 0.094399 0.092173 0.071196 0.058257 0.000000 0.024842 0.022123 0.019438 0.017221 0.010512 0.071196 0.069036 0.050883 0.000000 0.044467 0.038640 0.026106 0.000000 0.009945 0.027031 0.000000 0.029083 0.979438

tree length =   7.49951

(15: 0.488341, 16: 0.488341, (14: 0.488340, ((10: 0.232325, ((((12: 0.136316, 7: 0.136316): 0.048060, (9: 0.167769, (2: 0.068970, ((6: 0.027686, 3: 0.027686): 0.005659, (5: 0.023211, 4: 0.023211): 0.010134): 0.035625): 0.098799): 0.016607): 0.037871, (1: 0.179299, 13: 0.179299): 0.042947): 0.010079, (8: 0.196425, 11: 0.196425): 0.035900): 0.000000): 0.155870, (37: 0.188436, (20: 0.188436, (((62: 0.162775, ((54: 0.125482, (53: 0.050605, 55: 0.050605): 0.074877): 0.025436, (((57: 0.000000, 58: 0.000000): 0.106917, (63: 0.080996, 65: 0.080996): 0.025921): 0.011887, (17: 0.118804, (23: 0.061291, (59: 0.053255, 56: 0.053255): 0.008036): 0.057513): 0.000000): 0.032114): 0.011857): 0.017524, ((26: 0.000000, 27: 0.000000): 0.164374, ((41: 0.142984, (29: 0.130792, ((30: 0.000000, 31: 0.000000): 0.080857, (33: 0.058464, (18: 0.035016, 25: 0.035016): 0.023447): 0.022394): 0.049934): 0.012192): 0.017420, (52: 0.128434, (28: 0.007368, 32: 0.007368): 0.121066): 0.031970): 0.003970): 0.015924): 0.001101, ((34: 0.092173, (((35: 0.000000, 36: 0.000000): 0.058257, (47: 0.024842, (48: 0.022123, (51: 0.019438, (42: 0.017221, (44: 0.010512, 40: 0.010512): 0.006709): 0.002217): 0.002685): 0.002718): 0.033415): 0.012939, (46: 0.071196, 38: 0.071196): 0.000000): 0.020977): 0.002226, (24: 0.069036, ((21: 0.000000, 22: 0.000000): 0.050883, ((((49: 0.000000, 50: 0.000000): 0.026106, (39: 0.009945, 45: 0.009945): 0.016161): 0.012533, (19: 0.027031, (60: 0.000000, 61: 0.000000): 0.027031): 0.011609): 0.005827, (43: 0.029083, 64: 0.029083): 0.015384): 0.006416): 0.018153): 0.025363): 0.087000): 0.007037): 0.000000): 0.199759): 0.100145): 0.000000);

(B7LRR1: 0.488341, B7N179: 0.488341, (P0AG44: 0.488340, ((A6Q1K5: 0.232325, ((((Q30TS2: 0.136316, D1B4D6: 0.136316): 0.048060, (A6QCS5: 0.167769, (B9KEH7: 0.068970, ((Q4HRZ1: 0.027686, A7H5U6: 0.027686): 0.005659, (Q4HDU8: 0.023211, A8FNQ8: 0.023211): 0.010134): 0.035625): 0.098799): 0.016607): 0.037871, (A8ETK7: 0.179299, B9L6T6: 0.179299): 0.042947): 0.010079, (Q7M8F8: 0.196425, P56042: 0.196425): 0.035900): 0.000000): 0.155870, (B0C429: 0.188436, (B5W6Q7: 0.188436, (((A0YJR9: 0.162775, ((B0JY37: 0.125482, (B4B3P9: 0.050605, B7KI12: 0.050605): 0.074877): 0.025436, (((C7QS37: 0.000000, B7K223: 0.000000): 0.106917, (P73296: 0.080996, B1XJI3: 0.080996): 0.025921): 0.011887, (Q110D2: 0.118804, (B1WQT6: 0.061291, (Q4C147: 0.053255, A3IQ29: 0.053255): 0.008036): 0.057513): 0.000000): 0.032114): 0.011857): 0.017524, ((O24711: 0.000000, Q31L31: 0.000000): 0.164374, ((B8HMS9: 0.142984, (Q7NFF6: 0.130792, ((Q3MF96: 0.000000, Q8YPK4: 0.000000): 0.080857, (B9YIU6: 0.058464, (B2ITN0: 0.035016, A0ZG50: 0.035016): 0.023447): 0.022394): 0.049934): 0.012192): 0.017420, (Q8DMK9: 0.128434, (Q2JUJ6: 0.007368, Q2JL73: 0.007368): 0.121066): 0.031970): 0.003970): 0.015924): 0.001101, ((A3YUJ5: 0.092173, (((Q46IT3: 0.000000, A2C4X6: 0.000000): 0.058257, (Q318K8: 0.024842, (A8G738: 0.022123, (A2BTB4: 0.019438, (A3PF24: 0.017221, (A2BYR2: 0.010512, Q7UZW7: 0.010512): 0.006709): 0.002217): 0.002685): 0.002718): 0.033415): 0.012939, (Q7V9Y6: 0.071196, A9BCM3: 0.071196): 0.000000): 0.020977): 0.002226, (A5GVY4: 0.069036, ((Q7V522: 0.000000, A2CC52: 0.000000): 0.050883, ((((Q3AW69: 0.000000, Q060U5: 0.000000): 0.026106, (Q7U4H6: 0.009945, Q3AMQ4: 0.009945): 0.016161): 0.012533, (Q0ID29: 0.027031, (A4CSP0: 0.000000, A5GIS1: 0.000000): 0.027031): 0.011609): 0.005827, (Q05QD7: 0.029083, A3Z8V3: 0.029083): 0.015384): 0.006416): 0.018153): 0.025363): 0.087000): 0.007037): 0.000000): 0.199759): 0.100145): 0.000000);

(15_B7LRR1, 16_B7N179, (14_P0AG44, ((10_A6Q1K5, ((((12_Q30TS2, 7_D1B4D6) 73 , (9_A6QCS5, (2_B9KEH7, ((6_Q4HRZ1, 3_A7H5U6) 77 , (5_Q4HDU8, 4_A8FNQ8) 78 ) 76 ) 75 ) 74 ) 72 , (1_A8ETK7, 13_B9L6T6) 79 ) 71 , (8_Q7M8F8, 11_P56042) 80 ) 70 ) 69 , (37_B0C429, (20_B5W6Q7, (((62_A0YJR9, ((54_B0JY37, (53_B4B3P9, 55_B7KI12) 88 ) 87 , (((57_C7QS37, 58_B7K223) 91 , (63_P73296, 65_B1XJI3) 92 ) 90 , (17_Q110D2, (23_B1WQT6, (59_Q4C147, 56_A3IQ29) 95 ) 94 ) 93 ) 89 ) 86 ) 85 , ((26_O24711, 27_Q31L31) 97 , ((41_B8HMS9, (29_Q7NFF6, ((30_Q3MF96, 31_Q8YPK4) 102 , (33_B9YIU6, (18_B2ITN0, 25_A0ZG50) 104 ) 103 ) 101 ) 100 ) 99 , (52_Q8DMK9, (28_Q2JUJ6, 32_Q2JL73) 106 ) 105 ) 98 ) 96 ) 84 , ((34_A3YUJ5, (((35_Q46IT3, 36_A2C4X6) 111 , (47_Q318K8, (48_A8G738, (51_A2BTB4, (42_A3PF24, (44_A2BYR2, 40_Q7UZW7) 116 ) 115 ) 114 ) 113 ) 112 ) 110 , (46_Q7V9Y6, 38_A9BCM3) 117 ) 109 ) 108 , (24_A5GVY4, ((21_Q7V522, 22_A2CC52) 120 , ((((49_Q3AW69, 50_Q060U5) 124 , (39_Q7U4H6, 45_Q3AMQ4) 125 ) 123 , (19_Q0ID29, (60_A4CSP0, 61_A5GIS1) 127 ) 126 ) 122 , (43_Q05QD7, 64_A3Z8V3) 128 ) 121 ) 119 ) 118 ) 107 ) 83 ) 82 ) 81 ) 68 ) 67 ) 66 ;

Detailed output identifying parameters

alpha (gamma, K = 4) =  0.97944
rate:   0.13283  0.47048  0.99651  2.40018
freq:   0.25000  0.25000  0.25000  0.25000

Time used:  2:59
