AAML (in paml version 4.6, August 2012)  294.aa
Model: Empirical for branches,  (../../../bin/LG.dat) dGamma (ncatG=4) ns =  65  ls = 238


Frequencies..
                                    A      R      N      D      C      Q      E      G      H      I      L      K      M      F      P      S      T      W      Y      V
A8EVQ5                         0.06723 0.02521 0.04202 0.06303 0.00840 0.04202 0.09244 0.03782 0.01681 0.07983 0.04622 0.07563 0.03361 0.05882 0.04622 0.05042 0.06723 0.00000 0.02521 0.12185
A6QAQ6                         0.08403 0.02941 0.05042 0.07563 0.00840 0.04202 0.08824 0.04202 0.02101 0.07983 0.05462 0.04202 0.03361 0.05882 0.04202 0.05882 0.06303 0.00000 0.02101 0.10504
D1B0N7                         0.10084 0.02521 0.07983 0.06303 0.01681 0.03361 0.08824 0.03361 0.02941 0.07983 0.05042 0.05462 0.04202 0.04202 0.04622 0.03782 0.05462 0.00000 0.02521 0.09664
A6Q293                         0.09664 0.02521 0.05882 0.06303 0.00840 0.02521 0.08403 0.04202 0.02941 0.07563 0.05042 0.07143 0.04202 0.04202 0.05042 0.04622 0.04622 0.00420 0.02941 0.10924
A7H318                         0.06723 0.01681 0.05882 0.05462 0.01261 0.03361 0.07983 0.02941 0.02101 0.06303 0.07143 0.10504 0.03782 0.05042 0.05462 0.05462 0.05882 0.00000 0.02941 0.10084
Q4HEX8                         0.09244 0.02941 0.05462 0.05882 0.01261 0.02941 0.07563 0.03361 0.03361 0.07143 0.07143 0.07983 0.03782 0.05042 0.05042 0.05462 0.05882 0.00000 0.02101 0.08403
B9KFM7                         0.07563 0.02101 0.05042 0.05882 0.01681 0.02521 0.07563 0.03782 0.02941 0.06303 0.07143 0.08403 0.02941 0.05042 0.05042 0.07143 0.05462 0.00000 0.02941 0.10504
A8FM72                         0.07143 0.01681 0.05042 0.05882 0.01261 0.03361 0.08403 0.02941 0.02101 0.06303 0.07143 0.10084 0.03782 0.05042 0.05462 0.05882 0.05882 0.00000 0.02941 0.09664
Q7MAA7                         0.09244 0.03361 0.03361 0.05882 0.01261 0.03361 0.09244 0.03361 0.03782 0.06723 0.04622 0.06723 0.03782 0.05042 0.05042 0.06723 0.05462 0.00000 0.02941 0.10084
B9L8X2                         0.08403 0.03361 0.05882 0.05042 0.02101 0.02521 0.09244 0.03782 0.02521 0.07563 0.04202 0.06303 0.03782 0.05042 0.05462 0.04622 0.04622 0.00000 0.02941 0.12605
Q4HT27                         0.08824 0.02521 0.05042 0.05462 0.01261 0.02521 0.07563 0.04202 0.02521 0.05882 0.08403 0.09664 0.02101 0.05462 0.04202 0.06303 0.05462 0.00000 0.02521 0.10084
Q30SW6                         0.11345 0.03361 0.05462 0.05042 0.01261 0.03782 0.07563 0.03361 0.02101 0.07563 0.06723 0.05882 0.03361 0.04622 0.04622 0.05882 0.06303 0.00000 0.01681 0.10084
O25801                         0.09244 0.01261 0.05882 0.04202 0.01261 0.02101 0.07563 0.03782 0.03782 0.07563 0.08403 0.07983 0.01261 0.06303 0.04622 0.07983 0.06303 0.00000 0.02101 0.08403
B1XL17                         0.12185 0.02941 0.04202 0.05042 0.01261 0.05882 0.07143 0.05882 0.01681 0.06303 0.05462 0.03361 0.03361 0.03782 0.08403 0.05462 0.05882 0.00420 0.02101 0.09244
A0YKN4                         0.12185 0.05042 0.04622 0.03361 0.01681 0.05042 0.07983 0.05042 0.02101 0.06723 0.06303 0.02941 0.02521 0.03782 0.07563 0.06723 0.04202 0.00840 0.02101 0.09244
A9BD98                         0.10504 0.04202 0.06303 0.04202 0.01681 0.02521 0.07983 0.04202 0.01681 0.05462 0.09664 0.05462 0.02521 0.02941 0.05882 0.08403 0.04202 0.00420 0.01261 0.10504
B0C143                         0.11765 0.03361 0.05882 0.05042 0.01261 0.05882 0.05462 0.04622 0.02101 0.05882 0.06723 0.03361 0.02521 0.03361 0.08403 0.06303 0.03782 0.00840 0.02101 0.11345
B7KG20                         0.11765 0.02941 0.06303 0.04622 0.01681 0.05882 0.05882 0.05462 0.02101 0.06723 0.06723 0.02941 0.03361 0.03361 0.07143 0.05882 0.05042 0.00420 0.02101 0.09664
Q8DMP2                         0.11345 0.05042 0.05042 0.03782 0.01261 0.05462 0.07143 0.04622 0.02101 0.04622 0.10084 0.04202 0.02521 0.03361 0.08403 0.04622 0.04622 0.00840 0.02101 0.08824
B4AWU0                         0.12185 0.02941 0.05462 0.02941 0.01261 0.04622 0.07983 0.05462 0.02101 0.07563 0.05882 0.05042 0.03361 0.03361 0.07143 0.06723 0.03361 0.00420 0.02101 0.10084
B1X103                         0.11765 0.02941 0.05462 0.05462 0.01261 0.04202 0.07563 0.04622 0.02101 0.07563 0.06723 0.04202 0.02941 0.03361 0.07143 0.06723 0.04622 0.00420 0.02101 0.08824
Q4C2C5                         0.12185 0.02941 0.06303 0.03782 0.01681 0.04622 0.08403 0.05042 0.01681 0.07983 0.06303 0.03782 0.02941 0.03361 0.07143 0.06723 0.03782 0.00420 0.02101 0.08824
B0JL92                         0.09244 0.05042 0.06723 0.03782 0.01681 0.04202 0.07983 0.05042 0.02101 0.05462 0.06303 0.02941 0.02521 0.03782 0.07143 0.07983 0.04622 0.00840 0.01681 0.10924
Q2JHG7                         0.12605 0.06303 0.05042 0.02521 0.01681 0.05882 0.07563 0.04622 0.02101 0.05042 0.09244 0.02521 0.02521 0.03782 0.07983 0.05042 0.02941 0.00420 0.02101 0.10084
Q118P3                         0.11765 0.03361 0.05042 0.03782 0.01261 0.04202 0.07143 0.04622 0.01681 0.04622 0.07563 0.05042 0.03361 0.03782 0.06303 0.07563 0.04622 0.00840 0.01681 0.11765
P49420                         0.09244 0.04202 0.07983 0.03782 0.01261 0.02941 0.07563 0.04202 0.01261 0.07143 0.10084 0.05042 0.02101 0.02941 0.06723 0.08824 0.03361 0.00420 0.01681 0.09244
Q5MZT4                         0.16387 0.04622 0.04202 0.02941 0.01261 0.03782 0.08824 0.05042 0.01681 0.06723 0.08824 0.01681 0.02521 0.03361 0.07563 0.07143 0.04202 0.00420 0.01681 0.07143
Q31M41                         0.16387 0.04622 0.04202 0.02941 0.01261 0.03782 0.08824 0.05042 0.01681 0.06723 0.08824 0.01681 0.02521 0.03361 0.07563 0.07143 0.04202 0.00420 0.01681 0.07143
Q2JTI1                         0.12185 0.06723 0.04622 0.02521 0.01681 0.05882 0.07983 0.05042 0.02521 0.05042 0.09244 0.01681 0.02521 0.03782 0.07143 0.05042 0.03782 0.00420 0.02101 0.10084
A2C5R8                         0.12605 0.06303 0.05042 0.05042 0.01681 0.02941 0.08403 0.04202 0.01681 0.02941 0.10504 0.01681 0.03361 0.03361 0.05882 0.06723 0.04622 0.00420 0.00840 0.11765
A3IT20                         0.11765 0.02941 0.05462 0.04622 0.01261 0.02941 0.08824 0.04622 0.02941 0.06723 0.06723 0.04622 0.03361 0.03361 0.06723 0.06723 0.04622 0.00420 0.02101 0.09244
C7QW47                         0.10924 0.03782 0.05042 0.04202 0.01261 0.02521 0.07563 0.05882 0.02521 0.06723 0.06723 0.05042 0.02521 0.03782 0.07563 0.07143 0.04202 0.00420 0.02101 0.10084
B7JW77                         0.10504 0.03782 0.05042 0.04202 0.01261 0.02521 0.07563 0.05882 0.02521 0.06723 0.06723 0.05042 0.02521 0.03782 0.07983 0.07143 0.04202 0.00420 0.02101 0.10084
Q3M724                         0.12605 0.04202 0.04622 0.03782 0.01681 0.02101 0.08824 0.05042 0.02521 0.05882 0.07563 0.03782 0.02101 0.02941 0.07563 0.07563 0.04622 0.00840 0.01681 0.10084
Q46ID6                         0.06723 0.03782 0.06303 0.04622 0.01261 0.02101 0.07983 0.03782 0.01681 0.06723 0.09664 0.06303 0.02941 0.02941 0.06723 0.10924 0.05462 0.00420 0.01681 0.07983
A0ZER8                         0.11345 0.03361 0.05882 0.04202 0.01681 0.04202 0.06723 0.04622 0.02521 0.06723 0.07983 0.02941 0.02941 0.02941 0.07143 0.07983 0.05042 0.00840 0.01681 0.09244
A2C5B8                         0.06723 0.03782 0.06303 0.04622 0.01261 0.02521 0.07143 0.03782 0.01681 0.07563 0.09664 0.06303 0.02941 0.02941 0.06723 0.10924 0.05042 0.00420 0.01681 0.07983
Q0IE17                         0.12605 0.06303 0.04622 0.04622 0.01261 0.02941 0.07143 0.05882 0.02521 0.01681 0.10924 0.01261 0.02941 0.03361 0.05882 0.07563 0.05462 0.00420 0.00840 0.11765
Q317Y8                         0.07563 0.02941 0.08403 0.05042 0.01261 0.03361 0.07983 0.04202 0.01261 0.06723 0.13445 0.05462 0.02521 0.02941 0.04622 0.07143 0.05042 0.00420 0.01681 0.07983
B5W1F5                         0.10924 0.04622 0.05042 0.05042 0.02101 0.04622 0.06303 0.05882 0.02101 0.04202 0.07143 0.03361 0.02521 0.03782 0.07563 0.05882 0.03782 0.00840 0.02101 0.12185
B9YPN5                         0.10924 0.04202 0.04622 0.02941 0.02101 0.02521 0.08403 0.05462 0.03782 0.07143 0.06723 0.04202 0.02101 0.03782 0.07143 0.07143 0.05042 0.00840 0.01261 0.09664
A5GQ12                         0.14286 0.06303 0.04202 0.02941 0.01261 0.04202 0.07983 0.05042 0.02101 0.02941 0.11765 0.00840 0.02101 0.02101 0.06723 0.07983 0.04202 0.00420 0.00840 0.11765
A3PFE2                         0.05882 0.02941 0.07983 0.04622 0.01261 0.03361 0.08824 0.04622 0.01681 0.06303 0.13445 0.05882 0.02101 0.02521 0.04622 0.08824 0.04622 0.00420 0.01681 0.08403
A2BTN5                         0.06303 0.02941 0.07983 0.04622 0.01261 0.02521 0.08403 0.04202 0.02101 0.07143 0.13445 0.06303 0.02101 0.02521 0.05042 0.08403 0.04622 0.00420 0.01681 0.07983
A3YWM6                         0.14286 0.07143 0.03782 0.03782 0.01681 0.01681 0.09244 0.05042 0.02101 0.03361 0.11345 0.00840 0.01681 0.02941 0.07983 0.06723 0.03782 0.00420 0.00840 0.11345
A4CYI3                         0.13866 0.06723 0.04202 0.05042 0.01261 0.02521 0.07143 0.04622 0.02941 0.02101 0.09244 0.02101 0.03782 0.03782 0.06723 0.06303 0.04622 0.00420 0.00840 0.11765
A8G7F9                         0.06723 0.02521 0.08824 0.03782 0.01261 0.02941 0.08403 0.04622 0.01681 0.05042 0.13866 0.05882 0.02521 0.02521 0.05042 0.08403 0.04622 0.00420 0.01681 0.09244
A5GHT3                         0.14706 0.06723 0.03782 0.04622 0.01261 0.02521 0.07143 0.04622 0.02521 0.02101 0.09664 0.01681 0.04202 0.02941 0.06723 0.06723 0.05042 0.00420 0.00840 0.11765
B8HYL8                         0.13025 0.04202 0.04622 0.05042 0.01681 0.04622 0.05462 0.05042 0.03782 0.05882 0.06303 0.01681 0.02941 0.03782 0.07983 0.05882 0.05042 0.00840 0.01681 0.10504
B2IT88                         0.12185 0.04202 0.05882 0.02521 0.01681 0.03361 0.07983 0.05042 0.02521 0.06723 0.06303 0.03361 0.02101 0.03361 0.06723 0.07143 0.06303 0.00840 0.01261 0.10504
Q7UA34                         0.13445 0.06303 0.05462 0.04622 0.01261 0.02521 0.07983 0.05462 0.01261 0.02521 0.09664 0.01261 0.03361 0.03361 0.06723 0.06723 0.05462 0.00420 0.01261 0.10924
Q7TU21                         0.06723 0.02941 0.08824 0.04622 0.01681 0.02941 0.07563 0.04202 0.01261 0.05882 0.12185 0.06723 0.02101 0.02941 0.04622 0.09244 0.03782 0.00420 0.02101 0.09244
A2BZ40                         0.06723 0.02941 0.08824 0.05462 0.01261 0.03361 0.07143 0.04202 0.01261 0.05882 0.12185 0.06303 0.02101 0.02941 0.05042 0.08824 0.04202 0.00420 0.02101 0.08824
Q3ANI6                         0.13025 0.05882 0.05462 0.04202 0.01261 0.02101 0.07983 0.05882 0.01261 0.02941 0.09244 0.02101 0.03782 0.03782 0.05882 0.07143 0.05042 0.00420 0.01261 0.11345
Q05UM8                         0.13866 0.06303 0.04622 0.05042 0.01261 0.03361 0.06723 0.05042 0.01681 0.02101 0.09244 0.01681 0.03361 0.03782 0.06723 0.08403 0.03782 0.00420 0.00840 0.11765
Q3B0T9                         0.13025 0.06303 0.05042 0.05462 0.01261 0.03361 0.07143 0.05042 0.01681 0.02941 0.10504 0.02101 0.02941 0.03361 0.06303 0.07143 0.04202 0.00420 0.01261 0.10504
Q062N3                         0.12605 0.06723 0.04622 0.05462 0.01261 0.03361 0.07563 0.05462 0.01681 0.02941 0.10084 0.01681 0.02941 0.03361 0.06303 0.07143 0.04202 0.00420 0.01261 0.10924
A3Z413                         0.12605 0.06723 0.05042 0.02941 0.01261 0.03782 0.07563 0.05462 0.02521 0.02941 0.10924 0.01261 0.02941 0.03782 0.07143 0.07143 0.04202 0.00420 0.00840 0.10504
Q7TV81                         0.13025 0.06303 0.04622 0.04202 0.01681 0.03361 0.08403 0.04202 0.02521 0.02941 0.10084 0.01681 0.03361 0.03361 0.05462 0.07143 0.04622 0.00420 0.00840 0.11765
Q8YQY0                         0.12605 0.04622 0.04622 0.03782 0.01681 0.02521 0.08824 0.05042 0.02101 0.05882 0.07143 0.03361 0.02101 0.03361 0.07563 0.07563 0.04622 0.00840 0.01681 0.10084
Q55512                         0.12605 0.03361 0.04622 0.04202 0.01681 0.03782 0.07143 0.05462 0.02941 0.06303 0.06723 0.04622 0.04202 0.03361 0.07563 0.05042 0.05042 0.00420 0.02101 0.08824
Q7NLV2                         0.13866 0.06723 0.02941 0.03782 0.02101 0.03361 0.08403 0.05882 0.03361 0.02941 0.09664 0.01261 0.01261 0.03782 0.07983 0.04622 0.03361 0.00420 0.01261 0.13025
P08390                         0.12185 0.04202 0.03361 0.05882 0.00420 0.05882 0.08403 0.06303 0.00840 0.04202 0.10924 0.02521 0.01681 0.05042 0.05882 0.07563 0.03361 0.00840 0.00420 0.10084
B7MXZ6                         0.12605 0.04202 0.03361 0.05882 0.00420 0.05882 0.08403 0.06303 0.00840 0.04202 0.10924 0.02521 0.01681 0.05042 0.05882 0.07563 0.03361 0.00840 0.00420 0.09664
B7LLF1                         0.12605 0.04202 0.03361 0.05882 0.00420 0.05882 0.08403 0.06303 0.00840 0.04622 0.10924 0.02521 0.01681 0.05042 0.05882 0.07563 0.03361 0.00840 0.00420 0.09244

Homogeneity statistic: X2 = 4.50807 G = 4.61789 

Average                        0.10989 0.04176 0.05385 0.04570 0.01377 0.03601 0.07854 0.04738 0.02165 0.05585 0.08533 0.04215 0.02825 0.03769 0.06387 0.06910 0.04680 0.00440 0.01739 0.10065

# constant sites:     22 (9.24%)
ln Lmax (unconstrained) = -1283.262876

AA distances (raw proportions of different sites)

A8EVQ5         
A6QAQ6           0.1765
D1B0N7           0.2815  0.2647
A6Q293           0.2773  0.2773  0.2605
A7H318           0.2983  0.3235  0.2941  0.3109
Q4HEX8           0.3067  0.3319  0.2983  0.3151  0.1261
B9KFM7           0.2983  0.3193  0.2731  0.3277  0.1555  0.1555
A8FM72           0.3025  0.3319  0.3025  0.3109  0.0168  0.1134  0.1513
Q7MAA7           0.2941  0.2647  0.2899  0.3151  0.2941  0.2983  0.3025  0.2815
B9L8X2           0.2899  0.2773  0.3235  0.3025  0.3487  0.3529  0.3866  0.3445  0.2815
Q4HT27           0.3277  0.3487  0.2857  0.3277  0.1681  0.1639  0.1345  0.1597  0.3361  0.3697
Q30SW6           0.3277  0.3193  0.3319  0.2647  0.3445  0.3613  0.3403  0.3487  0.3193  0.3655  0.3697
O25801           0.4706  0.4664  0.4916  0.5126  0.4580  0.4664  0.4664  0.4496  0.4244  0.4412  0.4454  0.4790
B1XL17           0.5462  0.5294  0.5294  0.5252  0.5168  0.5168  0.5084  0.5210  0.5210  0.5294  0.5084  0.5294  0.5588
A0YKN4           0.5420  0.5168  0.5420  0.5378  0.5252  0.5252  0.5000  0.5294  0.5168  0.5336  0.5126  0.5294  0.5756  0.2395
A9BD98           0.5378  0.5252  0.5630  0.5420  0.5420  0.5378  0.5294  0.5420  0.5378  0.5504  0.5378  0.5672  0.5882  0.3739  0.3824
B0C143           0.5504  0.5294  0.5588  0.5462  0.5462  0.5504  0.5462  0.5462  0.5336  0.5210  0.5462  0.5714  0.5882  0.2647  0.2563  0.4034
B7KG20           0.5588  0.5420  0.5672  0.5420  0.5462  0.5420  0.5462  0.5462  0.5462  0.5042  0.5336  0.5714  0.5546  0.2311  0.2521  0.3782  0.2437
Q8DMP2           0.5504  0.5546  0.5924  0.5462  0.5420  0.5462  0.5504  0.5462  0.5336  0.5336  0.5378  0.5588  0.5798  0.3193  0.3151  0.3866  0.3109  0.3445
B4AWU0           0.5588  0.5462  0.5714  0.5462  0.5336  0.5462  0.5210  0.5378  0.5588  0.5336  0.5126  0.5672  0.5630  0.2605  0.2605  0.3824  0.2521  0.1555  0.3361
B1X103           0.5672  0.5420  0.5798  0.5714  0.5462  0.5504  0.5378  0.5504  0.5294  0.5420  0.5252  0.5756  0.5798  0.2353  0.2311  0.3866  0.2773  0.2101  0.3361  0.2185
Q4C2C5           0.5672  0.5462  0.5714  0.5546  0.5420  0.5420  0.5252  0.5462  0.5462  0.5378  0.5168  0.5714  0.5840  0.2227  0.2353  0.3908  0.2731  0.2185  0.3613  0.2269  0.0672
B0JL92           0.5294  0.5294  0.5588  0.5420  0.5252  0.5294  0.5210  0.5252  0.5168  0.5336  0.5084  0.5546  0.5756  0.2353  0.2395  0.3866  0.2647  0.2521  0.3277  0.2479  0.2437  0.2311
Q2JHG7           0.5546  0.5546  0.5630  0.5420  0.5294  0.5420  0.5462  0.5252  0.5294  0.5252  0.5210  0.5588  0.5672  0.3277  0.3319  0.3571  0.3361  0.3445  0.3319  0.3319  0.3403  0.3445  0.3445
Q118P3           0.5630  0.5588  0.5714  0.5420  0.5462  0.5336  0.5336  0.5462  0.5294  0.5378  0.5252  0.5462  0.5840  0.2941  0.2227  0.3950  0.2899  0.2731  0.3235  0.2773  0.2983  0.2983  0.3067  0.3487
P49420           0.5504  0.5420  0.5756  0.5798  0.5630  0.5462  0.5588  0.5630  0.5378  0.5462  0.5630  0.5924  0.5966  0.3782  0.3866  0.2815  0.3908  0.3697  0.3782  0.3739  0.3445  0.3571  0.3824  0.3824  0.4034
Q5MZT4           0.5546  0.5252  0.5798  0.5504  0.5546  0.5504  0.5294  0.5504  0.5504  0.5378  0.5378  0.5588  0.5798  0.2941  0.2731  0.3655  0.3277  0.2899  0.3319  0.3025  0.2353  0.2353  0.3319  0.3235  0.3277  0.3824
Q31M41           0.5546  0.5252  0.5798  0.5504  0.5546  0.5504  0.5294  0.5504  0.5504  0.5378  0.5378  0.5588  0.5798  0.2941  0.2731  0.3655  0.3277  0.2899  0.3319  0.3025  0.2353  0.2353  0.3319  0.3235  0.3277  0.3824  0.0000
Q2JTI1           0.5630  0.5504  0.5672  0.5504  0.5462  0.5588  0.5588  0.5420  0.5294  0.5336  0.5378  0.5672  0.5756  0.3361  0.3403  0.3571  0.3529  0.3529  0.3403  0.3487  0.3403  0.3529  0.3613  0.0336  0.3655  0.3866  0.3403  0.3403
A2C5R8           0.5546  0.5294  0.5420  0.5504  0.5462  0.5378  0.5462  0.5462  0.5210  0.5336  0.5462  0.5588  0.5882  0.3487  0.3487  0.2899  0.3782  0.3782  0.3613  0.3739  0.3613  0.3824  0.3739  0.3319  0.4076  0.2689  0.3571  0.3571  0.3319
A3IT20           0.5840  0.5588  0.5714  0.5756  0.5462  0.5546  0.5336  0.5504  0.5252  0.5462  0.5210  0.5756  0.5924  0.2353  0.2563  0.3908  0.2857  0.2353  0.3403  0.2395  0.0714  0.0966  0.2647  0.3529  0.2983  0.3613  0.2605  0.2605  0.3571  0.3655
C7QW47           0.5672  0.5420  0.5798  0.5504  0.5252  0.5336  0.5126  0.5294  0.5294  0.5420  0.5210  0.5630  0.5756  0.2227  0.2521  0.3655  0.2563  0.2353  0.3403  0.2227  0.1933  0.2059  0.2395  0.3487  0.2731  0.3445  0.2899  0.2899  0.3613  0.3697  0.1891
B7JW77           0.5672  0.5420  0.5798  0.5504  0.5252  0.5336  0.5126  0.5294  0.5294  0.5378  0.5210  0.5630  0.5756  0.2227  0.2479  0.3697  0.2605  0.2311  0.3361  0.2185  0.1891  0.2059  0.2353  0.3445  0.2773  0.3403  0.2857  0.2857  0.3571  0.3655  0.1891  0.0042
Q3M724           0.5714  0.5546  0.5714  0.5504  0.5462  0.5462  0.5294  0.5504  0.5336  0.5252  0.5168  0.5420  0.5714  0.2689  0.2437  0.4118  0.2857  0.2647  0.3109  0.2731  0.2353  0.2353  0.2899  0.3487  0.2857  0.3697  0.2689  0.2689  0.3613  0.3739  0.2269  0.2899  0.2857
Q46ID6           0.5672  0.5504  0.5840  0.5756  0.5378  0.5630  0.5378  0.5420  0.5420  0.5756  0.5504  0.5714  0.5966  0.4076  0.3866  0.3151  0.4496  0.4034  0.3908  0.3739  0.3697  0.3739  0.3866  0.3950  0.4202  0.2857  0.3950  0.3950  0.3866  0.3067  0.3655  0.3697  0.3655  0.4034
A0ZER8           0.5630  0.5588  0.5840  0.5420  0.5630  0.5588  0.5420  0.5630  0.5294  0.5252  0.5462  0.5546  0.5882  0.2857  0.2605  0.3908  0.3109  0.2437  0.3109  0.2815  0.2563  0.2563  0.2815  0.3571  0.2899  0.3866  0.3067  0.3067  0.3655  0.3950  0.2563  0.2941  0.2899  0.1681  0.4118
A2C5B8           0.5672  0.5588  0.5924  0.5840  0.5462  0.5672  0.5462  0.5504  0.5462  0.5840  0.5588  0.5798  0.6008  0.4076  0.3950  0.3151  0.4496  0.4076  0.3866  0.3824  0.3782  0.3824  0.3950  0.3950  0.4328  0.2815  0.3992  0.3992  0.3908  0.3067  0.3739  0.3824  0.3782  0.4076  0.0168  0.4160
Q0IE17           0.5672  0.5336  0.5882  0.5672  0.5546  0.5504  0.5546  0.5546  0.5504  0.5504  0.5588  0.5714  0.5924  0.3571  0.3571  0.3151  0.3866  0.3445  0.3739  0.3613  0.3403  0.3403  0.3613  0.3361  0.3866  0.3109  0.2899  0.2899  0.3403  0.1933  0.3319  0.3571  0.3529  0.3571  0.3025  0.3866  0.3025
Q317Y8           0.5840  0.5588  0.5714  0.5714  0.5546  0.5672  0.5504  0.5546  0.5504  0.5630  0.5546  0.5630  0.5714  0.4034  0.4328  0.3277  0.4328  0.4370  0.4328  0.4412  0.3992  0.4118  0.4412  0.4160  0.4580  0.3571  0.4370  0.4370  0.4118  0.3529  0.3908  0.4160  0.4160  0.4370  0.3109  0.4286  0.3151  0.3866
B5W1F5           0.5420  0.5420  0.5630  0.5420  0.5336  0.5210  0.5000  0.5336  0.5294  0.5126  0.5210  0.5504  0.5714  0.2437  0.1681  0.3739  0.2311  0.2143  0.3109  0.2311  0.2395  0.2437  0.2437  0.3193  0.2563  0.3697  0.2815  0.2815  0.3319  0.3487  0.2647  0.2521  0.2479  0.2521  0.4118  0.2311  0.4118  0.3487  0.4412
B9YPN5           0.5798  0.5630  0.5672  0.5336  0.5420  0.5504  0.5210  0.5462  0.5336  0.5126  0.5168  0.5462  0.5588  0.3193  0.2647  0.3950  0.3277  0.2857  0.3403  0.2773  0.3067  0.2941  0.3193  0.3445  0.3109  0.4034  0.3109  0.3109  0.3403  0.3992  0.3025  0.3235  0.3193  0.1597  0.4202  0.2311  0.4244  0.4034  0.4286  0.2731
A5GQ12           0.5462  0.5336  0.5630  0.5420  0.5420  0.5336  0.5252  0.5420  0.5210  0.5210  0.5420  0.5420  0.5756  0.3571  0.3319  0.2941  0.3866  0.3697  0.3487  0.3824  0.3655  0.3697  0.3655  0.3151  0.3866  0.3151  0.3319  0.3319  0.3151  0.2311  0.3613  0.3739  0.3697  0.3235  0.3361  0.3571  0.3361  0.2185  0.3655  0.3235  0.3529
A3PFE2           0.5882  0.5630  0.5840  0.5924  0.5546  0.5756  0.5588  0.5546  0.5546  0.5714  0.5588  0.5714  0.5588  0.4160  0.4370  0.3403  0.4412  0.4412  0.4454  0.4454  0.4160  0.4286  0.4328  0.4160  0.4706  0.3529  0.4454  0.4454  0.4118  0.3529  0.4118  0.4328  0.4328  0.4370  0.3151  0.4328  0.3193  0.3992  0.0672  0.4412  0.4286  0.3739
A2BTN5           0.5840  0.5588  0.5840  0.5924  0.5588  0.5756  0.5546  0.5588  0.5462  0.5756  0.5588  0.5756  0.5672  0.4286  0.4328  0.3361  0.4412  0.4412  0.4370  0.4454  0.4160  0.4328  0.4286  0.4202  0.4790  0.3403  0.4412  0.4412  0.4160  0.3487  0.4076  0.4328  0.4286  0.4286  0.2941  0.4286  0.3025  0.3950  0.0672  0.4370  0.4202  0.3655  0.0378
A3YWM6           0.5462  0.5378  0.5588  0.5378  0.5588  0.5504  0.5420  0.5546  0.5084  0.5126  0.5420  0.5420  0.5546  0.3487  0.3151  0.3109  0.3782  0.3782  0.3613  0.3697  0.3529  0.3529  0.3445  0.3151  0.3866  0.3025  0.3067  0.3067  0.3151  0.2269  0.3529  0.3529  0.3487  0.3277  0.3151  0.3655  0.3151  0.2185  0.3739  0.3193  0.3613  0.1387  0.3824  0.3782
A4CYI3           0.5630  0.5420  0.5714  0.5462  0.5462  0.5420  0.5588  0.5462  0.5210  0.5462  0.5588  0.5588  0.5798  0.3571  0.3613  0.3235  0.4034  0.3697  0.3613  0.3824  0.3487  0.3655  0.3739  0.3109  0.4034  0.3109  0.3277  0.3277  0.3109  0.1765  0.3571  0.3445  0.3403  0.3655  0.3151  0.3992  0.3109  0.1849  0.3824  0.3361  0.3950  0.2521  0.3908  0.3950  0.2353
A8G7F9           0.5798  0.5756  0.5798  0.5756  0.5630  0.5672  0.5630  0.5630  0.5546  0.5672  0.5672  0.5714  0.5672  0.4076  0.4244  0.3235  0.4370  0.4286  0.4328  0.4496  0.4160  0.4244  0.4286  0.3992  0.4538  0.3571  0.4328  0.4328  0.3950  0.3361  0.4076  0.4286  0.4244  0.4370  0.3235  0.4244  0.3235  0.3782  0.0798  0.4370  0.4202  0.3487  0.0840  0.0798  0.3739  0.3697
A5GHT3           0.5672  0.5294  0.5672  0.5462  0.5420  0.5462  0.5462  0.5420  0.5210  0.5504  0.5504  0.5504  0.5924  0.3613  0.3613  0.3277  0.4034  0.3697  0.3739  0.3824  0.3487  0.3655  0.3824  0.3277  0.3992  0.3319  0.3235  0.3235  0.3277  0.1891  0.3571  0.3487  0.3445  0.3697  0.3235  0.4034  0.3319  0.1723  0.3950  0.3403  0.3992  0.2479  0.4034  0.3992  0.2521  0.0714  0.3866
B8HYL8           0.5630  0.5336  0.5798  0.5588  0.5378  0.5336  0.5336  0.5420  0.5378  0.5210  0.5378  0.5546  0.5756  0.2437  0.2353  0.4076  0.2059  0.2395  0.3109  0.2689  0.2479  0.2563  0.2773  0.3487  0.2479  0.3866  0.3109  0.3109  0.3529  0.3824  0.2605  0.2353  0.2311  0.2353  0.4328  0.2395  0.4328  0.3824  0.4496  0.1975  0.2815  0.3655  0.4580  0.4538  0.3571  0.3824  0.4580  0.3782
B2IT88           0.5630  0.5546  0.5756  0.5504  0.5630  0.5714  0.5462  0.5672  0.5378  0.5210  0.5420  0.5504  0.5756  0.2815  0.2605  0.3992  0.2773  0.2647  0.3403  0.2647  0.2605  0.2521  0.2857  0.3361  0.3025  0.4034  0.3025  0.3025  0.3403  0.3782  0.2647  0.3025  0.3025  0.1429  0.4202  0.1555  0.4244  0.3782  0.4244  0.2311  0.1681  0.3571  0.4202  0.4202  0.3487  0.3866  0.4328  0.3908  0.2437
Q7UA34           0.5630  0.5546  0.5798  0.5714  0.5588  0.5588  0.5546  0.5588  0.5294  0.5462  0.5630  0.5588  0.5714  0.3445  0.3445  0.2941  0.3697  0.3571  0.3487  0.3613  0.3445  0.3487  0.3529  0.3193  0.3908  0.2731  0.3445  0.3445  0.3193  0.1555  0.3403  0.3277  0.3235  0.3571  0.2857  0.3697  0.2857  0.1513  0.3613  0.3151  0.3824  0.2059  0.3697  0.3655  0.1723  0.1597  0.3487  0.1807  0.3529  0.3613
Q7TU21           0.5882  0.5756  0.5924  0.5714  0.5672  0.5756  0.5756  0.5672  0.5714  0.5882  0.5756  0.6008  0.5882  0.4328  0.4538  0.3361  0.4664  0.4454  0.4496  0.4580  0.4412  0.4580  0.4496  0.4202  0.4874  0.3571  0.4454  0.4454  0.4202  0.3445  0.4328  0.4328  0.4328  0.4496  0.3487  0.4328  0.3529  0.3824  0.2143  0.4496  0.4370  0.3613  0.1975  0.1849  0.3697  0.3824  0.1933  0.3908  0.4748  0.4454  0.3529
A2BZ40           0.5840  0.5756  0.5840  0.5756  0.5630  0.5588  0.5714  0.5630  0.5546  0.5714  0.5714  0.5840  0.5756  0.4370  0.4580  0.3487  0.4706  0.4454  0.4454  0.4664  0.4370  0.4580  0.4454  0.4244  0.4874  0.3571  0.4454  0.4454  0.4244  0.3361  0.4328  0.4370  0.4328  0.4538  0.3277  0.4370  0.3319  0.3739  0.2101  0.4454  0.4496  0.3571  0.2017  0.1765  0.3697  0.3824  0.1933  0.3950  0.4748  0.4622  0.3445  0.0672
Q3ANI6           0.5672  0.5504  0.5714  0.5630  0.5588  0.5588  0.5546  0.5588  0.5294  0.5504  0.5546  0.5588  0.5588  0.3529  0.3529  0.2899  0.3866  0.3571  0.3613  0.3655  0.3529  0.3487  0.3571  0.3361  0.3866  0.2857  0.3487  0.3487  0.3361  0.1849  0.3403  0.3235  0.3277  0.3655  0.2899  0.3782  0.2941  0.1597  0.3529  0.3361  0.3824  0.2269  0.3697  0.3697  0.2143  0.1765  0.3571  0.1765  0.3824  0.3697  0.0882  0.3613  0.3613
Q05UM8           0.5672  0.5420  0.5756  0.5546  0.5630  0.5504  0.5504  0.5630  0.5336  0.5546  0.5630  0.5588  0.6050  0.3487  0.3529  0.3067  0.3739  0.3529  0.3697  0.3697  0.3529  0.3571  0.3613  0.3151  0.3992  0.3109  0.3445  0.3445  0.3151  0.1807  0.3445  0.3571  0.3529  0.3908  0.3151  0.3908  0.3151  0.1345  0.3697  0.3361  0.4118  0.2059  0.3866  0.3824  0.2017  0.1891  0.3613  0.1891  0.3950  0.3950  0.1218  0.3613  0.3655  0.1261
Q3B0T9           0.5798  0.5630  0.5840  0.5630  0.5546  0.5588  0.5588  0.5546  0.5504  0.5504  0.5588  0.5630  0.5672  0.3613  0.3739  0.3067  0.3950  0.3655  0.3655  0.3782  0.3697  0.3655  0.3613  0.3277  0.4202  0.3025  0.3529  0.3529  0.3277  0.1681  0.3613  0.3655  0.3613  0.3824  0.3025  0.3866  0.3025  0.1723  0.3571  0.3403  0.4076  0.2101  0.3655  0.3613  0.2059  0.1975  0.3529  0.2059  0.3866  0.3866  0.1261  0.3697  0.3487  0.1387  0.1345
Q062N3           0.5798  0.5630  0.5882  0.5672  0.5504  0.5546  0.5546  0.5504  0.5378  0.5420  0.5546  0.5546  0.5714  0.3529  0.3697  0.3109  0.3866  0.3571  0.3613  0.3739  0.3613  0.3613  0.3655  0.3235  0.4160  0.2983  0.3445  0.3445  0.3235  0.1765  0.3529  0.3613  0.3571  0.3739  0.3109  0.3824  0.3109  0.1597  0.3571  0.3319  0.4034  0.2017  0.3655  0.3613  0.2017  0.1933  0.3529  0.2017  0.3824  0.3824  0.1092  0.3613  0.3487  0.1218  0.1218  0.0252
A3Z413           0.5630  0.5420  0.5630  0.5504  0.5546  0.5420  0.5588  0.5546  0.5252  0.5336  0.5630  0.5504  0.5924  0.3613  0.3487  0.3151  0.3866  0.3571  0.3655  0.3739  0.3655  0.3697  0.3697  0.3067  0.3950  0.3025  0.3613  0.3613  0.3025  0.1765  0.3697  0.3782  0.3739  0.3739  0.3067  0.3950  0.3067  0.1681  0.3697  0.3445  0.3908  0.2017  0.3739  0.3697  0.1933  0.2101  0.3529  0.2059  0.3992  0.3782  0.1345  0.3613  0.3571  0.1513  0.1008  0.1387  0.1303
Q7TV81           0.5630  0.5420  0.5546  0.5630  0.5588  0.5462  0.5546  0.5588  0.5336  0.5504  0.5588  0.5714  0.6008  0.3571  0.3571  0.3025  0.3908  0.3866  0.3866  0.3866  0.3782  0.3908  0.3866  0.3529  0.4160  0.2899  0.3824  0.3824  0.3529  0.0336  0.3697  0.3782  0.3782  0.3782  0.3319  0.4034  0.3319  0.2185  0.3655  0.3529  0.4118  0.2479  0.3571  0.3571  0.2563  0.1975  0.3487  0.2101  0.3866  0.3782  0.1849  0.3571  0.3571  0.2059  0.2059  0.1975  0.2059  0.2017
Q8YQY0           0.5672  0.5504  0.5672  0.5462  0.5420  0.5420  0.5252  0.5462  0.5294  0.5210  0.5126  0.5378  0.5672  0.2647  0.2353  0.4076  0.2815  0.2605  0.3193  0.2689  0.2311  0.2269  0.2857  0.3403  0.2773  0.3655  0.2647  0.2647  0.3529  0.3697  0.2269  0.2857  0.2815  0.0126  0.3992  0.1765  0.4034  0.3529  0.4328  0.2437  0.1513  0.3235  0.4328  0.4244  0.3235  0.3613  0.4328  0.3655  0.2269  0.1387  0.3529  0.4454  0.4496  0.3613  0.3866  0.3782  0.3697  0.3697  0.3739
Q55512           0.5672  0.5588  0.5756  0.5546  0.5714  0.5672  0.5588  0.5714  0.5714  0.5336  0.5546  0.5882  0.5798  0.2521  0.3025  0.3571  0.2773  0.2353  0.3277  0.2563  0.2311  0.2437  0.2983  0.3571  0.3361  0.3739  0.2857  0.2857  0.3655  0.3697  0.2395  0.2311  0.2269  0.3067  0.3992  0.2773  0.4034  0.3529  0.4286  0.2689  0.3361  0.3739  0.4454  0.4412  0.3445  0.3529  0.4328  0.3571  0.2731  0.3109  0.3277  0.4538  0.4538  0.3445  0.3487  0.3487  0.3445  0.3739  0.3782  0.3025
Q7NLV2           0.5966  0.5798  0.6050  0.5924  0.5756  0.5756  0.5630  0.5756  0.5756  0.5588  0.5630  0.5966  0.6008  0.4076  0.4496  0.4706  0.4412  0.4244  0.4034  0.4244  0.4454  0.4370  0.4622  0.4328  0.4328  0.4790  0.4160  0.4160  0.4328  0.4286  0.4580  0.4160  0.4118  0.4202  0.4916  0.4454  0.4874  0.4412  0.5252  0.4118  0.4244  0.4118  0.5336  0.5336  0.4160  0.4160  0.5210  0.4202  0.4328  0.4412  0.4286  0.5378  0.5294  0.4622  0.4328  0.4454  0.4370  0.4412  0.4412  0.4244  0.4202
P08390           0.7185  0.6933  0.7059  0.6849  0.7143  0.7059  0.7227  0.7143  0.6891  0.7017  0.7227  0.7269  0.7479  0.6891  0.6681  0.6933  0.6891  0.7059  0.6639  0.7017  0.6765  0.6891  0.6807  0.6681  0.6891  0.6765  0.6765  0.6765  0.6723  0.6849  0.6849  0.6681  0.6639  0.6807  0.6849  0.6891  0.6807  0.6681  0.7185  0.6723  0.6807  0.6639  0.7101  0.6975  0.6723  0.6765  0.7059  0.6807  0.6723  0.7017  0.6849  0.6975  0.6849  0.6933  0.6849  0.6723  0.6765  0.6765  0.6891  0.6765  0.6849  0.7185
B7MXZ6           0.7185  0.6891  0.7059  0.6849  0.7143  0.7059  0.7227  0.7143  0.6891  0.6975  0.7227  0.7269  0.7479  0.6891  0.6681  0.6933  0.6891  0.7059  0.6639  0.6975  0.6723  0.6849  0.6807  0.6639  0.6891  0.6765  0.6723  0.6723  0.6681  0.6849  0.6807  0.6681  0.6639  0.6807  0.6849  0.6891  0.6807  0.6639  0.7185  0.6723  0.6807  0.6597  0.7101  0.6975  0.6681  0.6723  0.7059  0.6765  0.6723  0.7017  0.6849  0.6975  0.6849  0.6891  0.6807  0.6681  0.6723  0.6723  0.6891  0.6765  0.6807  0.7185  0.0042
B7LLF1           0.7185  0.6891  0.7059  0.6849  0.7143  0.7059  0.7227  0.7143  0.6891  0.6975  0.7227  0.7269  0.7479  0.6891  0.6681  0.6933  0.6891  0.7059  0.6639  0.6975  0.6723  0.6849  0.6807  0.6639  0.6891  0.6765  0.6723  0.6723  0.6681  0.6849  0.6807  0.6681  0.6639  0.6807  0.6849  0.6891  0.6807  0.6639  0.7185  0.6723  0.6807  0.6597  0.7101  0.6975  0.6681  0.6723  0.7059  0.6765  0.6723  0.7017  0.6849  0.6975  0.6807  0.6891  0.6807  0.6681  0.6723  0.6723  0.6891  0.6765  0.6807  0.7185  0.0084  0.0042


TREE #  1:  (13, (((64, 63), 65), ((((((((((33, 32), ((31, 21), 22)), ((20, 18), 23)), 61), 14), (((15, 40), 25), (((36, 50), (60, 34)), 41))), ((19, 49), 17)), ((28, 27), (((((((57, 56), 54), 51), (((46, 48), 38), (58, 55))), (((((((43, 44), 47), 39), (53, 52)), (35, 37)), (26, 16)), (59, 30))), 45), 42))), (24, 29)), 62)), (((12, 4), (((2, 1), (((11, 7), ((5, 8), 6)), 3)), 9)), 10));   MP score: 2137
lnL(ntime:127  np:128): -10920.581050      +0.000000
  66..13   66..67   67..68   68..69   69..64   69..63   68..65   67..70   70..71   71..72   72..73   73..74   74..75   75..76   76..77   77..78   78..79   79..33   79..32   78..80   80..81   81..31   81..21   80..22   77..82   82..83   83..20   83..18   82..23   76..61   75..14   74..84   84..85   85..86   86..15   86..40   85..25   84..87   87..88   88..89   89..36   89..50   88..90   90..60   90..34   87..41   73..91   91..92   92..19   92..49   91..17   72..93   93..94   94..28   94..27   93..95   95..96   96..97   97..98   98..99   99..100 100..101 101..57  101..56  100..54   99..51   98..102 102..103 103..104 104..46  104..48  103..38  102..105 105..58  105..55   97..106 106..107 107..108 108..109 109..110 110..111 111..112 112..43  112..44  111..47  110..39  109..113 113..53  113..52  108..114 114..35  114..37  107..115 115..26  115..16  106..116 116..59  116..30   96..45   95..42   71..117 117..24  117..29   70..62   66..118 118..119 119..120 120..12  120..4   119..121 121..122 122..123 123..2   123..1   122..124 124..125 125..126 126..11  126..7   125..127 127..128 128..5   128..8   127..6   124..3   121..9   118..10 
 0.785831 0.485875 3.105093 0.000004 0.000004 0.005110 0.005108 0.280353 0.039980 0.044414 0.135576 0.029964 0.067726 0.043748 0.012997 0.050559 0.160888 0.000004 0.005060 0.128697 0.027764 0.065983 0.027838 0.040264 0.022456 0.128612 0.136174 0.101083 0.240235 0.344679 0.206252 0.029064 0.043013 0.035670 0.122436 0.140101 0.288955 0.175466 0.006780 0.030353 0.145609 0.064798 0.093907 0.000004 0.015117 0.168832 0.055110 0.001582 0.448681 0.178949 0.205839 0.072237 0.284658 0.000004 0.000004 0.308234 0.000004 0.116033 0.035946 0.022397 0.025921 0.116963 0.003288 0.028937 0.074403 0.046859 0.026661 0.040544 0.152752 0.048353 0.047155 0.108359 0.031724 0.081590 0.068413 0.037042 0.195033 0.155132 0.395577 0.066475 0.000004 0.020402 0.029048 0.015387 0.063426 0.046317 0.157371 0.032684 0.051318 0.177105 0.000004 0.020324 0.040867 0.208937 0.320848 0.124741 0.041730 0.000004 0.088912 0.147265 0.334342 0.002421 0.040437 0.796891 0.219640 0.163149 0.132338 0.322646 0.160295 0.013346 0.004378 0.163106 0.104748 0.155465 0.084882 0.219404 0.039601 0.112528 0.071021 0.038627 0.067653 0.017813 0.002108 0.080348 0.204483 0.312601 0.190484 0.713071

tree length =  17.21075

(13: 0.785831, (((64: 0.000004, 63: 0.005110): 0.000004, 65: 0.005108): 3.105093, ((((((((((33: 0.000004, 32: 0.005060): 0.160888, ((31: 0.065983, 21: 0.027838): 0.027764, 22: 0.040264): 0.128697): 0.050559, ((20: 0.136174, 18: 0.101083): 0.128612, 23: 0.240235): 0.022456): 0.012997, 61: 0.344679): 0.043748, 14: 0.206252): 0.067726, (((15: 0.122436, 40: 0.140101): 0.035670, 25: 0.288955): 0.043013, (((36: 0.145609, 50: 0.064798): 0.030353, (60: 0.000004, 34: 0.015117): 0.093907): 0.006780, 41: 0.168832): 0.175466): 0.029064): 0.029964, ((19: 0.448681, 49: 0.178949): 0.001582, 17: 0.205839): 0.055110): 0.135576, ((28: 0.000004, 27: 0.000004): 0.284658, (((((((57: 0.003288, 56: 0.028937): 0.116963, 54: 0.074403): 0.025921, 51: 0.046859): 0.022397, (((46: 0.048353, 48: 0.047155): 0.152752, 38: 0.108359): 0.040544, (58: 0.081590, 55: 0.068413): 0.031724): 0.026661): 0.035946, (((((((43: 0.029048, 44: 0.015387): 0.020402, 47: 0.063426): 0.000004, 39: 0.046317): 0.066475, (53: 0.032684, 52: 0.051318): 0.157371): 0.395577, (35: 0.000004, 37: 0.020324): 0.177105): 0.155132, (26: 0.208937, 16: 0.320848): 0.040867): 0.195033, (59: 0.041730, 30: 0.000004): 0.124741): 0.037042): 0.116033, 45: 0.088912): 0.000004, 42: 0.147265): 0.308234): 0.072237): 0.044414, (24: 0.002421, 29: 0.040437): 0.334342): 0.039980, 62: 0.796891): 0.280353): 0.485875, (((12: 0.322646, 4: 0.160295): 0.132338, (((2: 0.104748, 1: 0.155465): 0.163106, (((11: 0.112528, 7: 0.071021): 0.039601, ((5: 0.017813, 8: 0.002108): 0.067653, 6: 0.080348): 0.038627): 0.219404, 3: 0.204483): 0.084882): 0.004378, 9: 0.312601): 0.013346): 0.163149, 10: 0.190484): 0.219640);

(O25801: 0.785831, (((B7MXZ6: 0.000004, P08390: 0.005110): 0.000004, B7LLF1: 0.005108): 3.105093, ((((((((((B7JW77: 0.000004, C7QW47: 0.005060): 0.160888, ((A3IT20: 0.065983, B1X103: 0.027838): 0.027764, Q4C2C5: 0.040264): 0.128697): 0.050559, ((B4AWU0: 0.136174, B7KG20: 0.101083): 0.128612, B0JL92: 0.240235): 0.022456): 0.012997, Q55512: 0.344679): 0.043748, B1XL17: 0.206252): 0.067726, (((A0YKN4: 0.122436, B5W1F5: 0.140101): 0.035670, Q118P3: 0.288955): 0.043013, (((A0ZER8: 0.145609, B2IT88: 0.064798): 0.030353, (Q8YQY0: 0.000004, Q3M724: 0.015117): 0.093907): 0.006780, B9YPN5: 0.168832): 0.175466): 0.029064): 0.029964, ((Q8DMP2: 0.448681, B8HYL8: 0.178949): 0.001582, B0C143: 0.205839): 0.055110): 0.135576, ((Q31M41: 0.000004, Q5MZT4: 0.000004): 0.284658, (((((((Q062N3: 0.003288, Q3B0T9: 0.028937): 0.116963, Q3ANI6: 0.074403): 0.025921, Q7UA34: 0.046859): 0.022397, (((A4CYI3: 0.048353, A5GHT3: 0.047155): 0.152752, Q0IE17: 0.108359): 0.040544, (A3Z413: 0.081590, Q05UM8: 0.068413): 0.031724): 0.026661): 0.035946, (((((((A3PFE2: 0.029048, A2BTN5: 0.015387): 0.020402, A8G7F9: 0.063426): 0.000004, Q317Y8: 0.046317): 0.066475, (A2BZ40: 0.032684, Q7TU21: 0.051318): 0.157371): 0.395577, (Q46ID6: 0.000004, A2C5B8: 0.020324): 0.177105): 0.155132, (P49420: 0.208937, A9BD98: 0.320848): 0.040867): 0.195033, (Q7TV81: 0.041730, A2C5R8: 0.000004): 0.124741): 0.037042): 0.116033, A3YWM6: 0.088912): 0.000004, A5GQ12: 0.147265): 0.308234): 0.072237): 0.044414, (Q2JHG7: 0.002421, Q2JTI1: 0.040437): 0.334342): 0.039980, Q7NLV2: 0.796891): 0.280353): 0.485875, (((Q30SW6: 0.322646, A6Q293: 0.160295): 0.132338, (((A6QAQ6: 0.104748, A8EVQ5: 0.155465): 0.163106, (((Q4HT27: 0.112528, B9KFM7: 0.071021): 0.039601, ((A7H318: 0.017813, A8FM72: 0.002108): 0.067653, Q4HEX8: 0.080348): 0.038627): 0.219404, D1B0N7: 0.204483): 0.084882): 0.004378, Q7MAA7: 0.312601): 0.013346): 0.163149, B9L8X2: 0.190484): 0.219640);

Detailed output identifying parameters

alpha (gamma, K = 4) =  0.71307
rate:   0.07698  0.36963  0.92962  2.62377
freq:   0.25000  0.25000  0.25000  0.25000

Time used: 30:54
