AAML (in paml version 4.6, August 2012)  193.aa
Model: Empirical for branches,  Global clock  (../../../bin/LG.dat) dGamma (ncatG=4) ns =  65  ls =  30


Frequencies..
                                    A      R      N      D      C      Q      E      G      H      I      L      K      M      F      P      S      T      W      Y      V
A8ESJ1                         0.06667 0.03333 0.03333 0.03333 0.00000 0.06667 0.10000 0.06667 0.00000 0.23333 0.10000 0.06667 0.03333 0.03333 0.00000 0.06667 0.03333 0.00000 0.00000 0.03333
A6QAX8                         0.06667 0.03333 0.03333 0.03333 0.00000 0.06667 0.10000 0.06667 0.00000 0.16667 0.16667 0.03333 0.03333 0.00000 0.00000 0.10000 0.03333 0.00000 0.03333 0.03333
A6Q3Y6                         0.06667 0.06667 0.03333 0.03333 0.00000 0.03333 0.10000 0.06667 0.00000 0.26667 0.06667 0.06667 0.03333 0.03333 0.00000 0.06667 0.00000 0.03333 0.00000 0.03333
D1B2K2                         0.06667 0.03333 0.03333 0.00000 0.03333 0.03333 0.10000 0.10000 0.00000 0.16667 0.13333 0.03333 0.03333 0.06667 0.00000 0.10000 0.00000 0.00000 0.00000 0.06667
Q30S57                         0.06667 0.06667 0.03333 0.00000 0.00000 0.03333 0.10000 0.10000 0.00000 0.13333 0.10000 0.06667 0.03333 0.03333 0.00000 0.10000 0.06667 0.00000 0.00000 0.06667
Q7MAP8                         0.10000 0.06667 0.03333 0.00000 0.00000 0.00000 0.13333 0.06667 0.03333 0.16667 0.13333 0.00000 0.03333 0.06667 0.00000 0.06667 0.03333 0.00000 0.00000 0.06667
B9LAE4                         0.06667 0.03333 0.06667 0.00000 0.00000 0.06667 0.06667 0.06667 0.03333 0.23333 0.13333 0.03333 0.03333 0.03333 0.00000 0.06667 0.00000 0.00000 0.00000 0.06667
B9KCG6                         0.10000 0.06667 0.03333 0.00000 0.00000 0.03333 0.10000 0.06667 0.00000 0.16667 0.13333 0.06667 0.03333 0.03333 0.00000 0.06667 0.00000 0.00000 0.00000 0.10000
A7H2E1                         0.06667 0.03333 0.06667 0.00000 0.03333 0.06667 0.10000 0.06667 0.00000 0.16667 0.13333 0.03333 0.03333 0.03333 0.00000 0.06667 0.03333 0.00000 0.00000 0.06667
A8FMU3                         0.06667 0.03333 0.06667 0.00000 0.03333 0.06667 0.10000 0.06667 0.00000 0.16667 0.13333 0.03333 0.03333 0.03333 0.00000 0.06667 0.03333 0.00000 0.00000 0.06667
Q4HH43                         0.10000 0.03333 0.06667 0.00000 0.03333 0.06667 0.06667 0.06667 0.00000 0.13333 0.16667 0.03333 0.03333 0.03333 0.00000 0.06667 0.00000 0.00000 0.00000 0.10000
Q4HSN7                         0.10000 0.10000 0.03333 0.00000 0.03333 0.03333 0.10000 0.06667 0.00000 0.16667 0.16667 0.00000 0.03333 0.03333 0.00000 0.03333 0.03333 0.00000 0.00000 0.06667
O26102                         0.10000 0.03333 0.03333 0.00000 0.00000 0.03333 0.10000 0.06667 0.03333 0.10000 0.20000 0.06667 0.03333 0.00000 0.00000 0.06667 0.00000 0.00000 0.00000 0.13333
Q2JP46                         0.10000 0.13333 0.03333 0.03333 0.00000 0.03333 0.10000 0.06667 0.03333 0.10000 0.10000 0.00000 0.10000 0.00000 0.00000 0.06667 0.00000 0.00000 0.00000 0.10000
Q2JSG7                         0.10000 0.13333 0.03333 0.00000 0.00000 0.03333 0.13333 0.06667 0.03333 0.10000 0.10000 0.00000 0.10000 0.00000 0.00000 0.06667 0.00000 0.00000 0.00000 0.10000
Q7VBK3                         0.13333 0.03333 0.03333 0.00000 0.00000 0.00000 0.16667 0.06667 0.03333 0.20000 0.10000 0.10000 0.06667 0.00000 0.00000 0.00000 0.03333 0.00000 0.00000 0.03333
Q3AJ26                         0.10000 0.06667 0.03333 0.03333 0.00000 0.06667 0.06667 0.06667 0.03333 0.06667 0.10000 0.03333 0.06667 0.00000 0.00000 0.03333 0.03333 0.00000 0.00000 0.20000
Q05ZT0                         0.13333 0.06667 0.03333 0.00000 0.00000 0.06667 0.10000 0.06667 0.03333 0.06667 0.10000 0.03333 0.06667 0.00000 0.00000 0.00000 0.03333 0.00000 0.00000 0.20000
C7QRV7                         0.10000 0.10000 0.03333 0.00000 0.00000 0.00000 0.13333 0.06667 0.03333 0.06667 0.10000 0.03333 0.13333 0.00000 0.00000 0.03333 0.03333 0.00000 0.00000 0.13333
B7K5C8                         0.10000 0.10000 0.03333 0.00000 0.00000 0.00000 0.13333 0.06667 0.03333 0.06667 0.10000 0.03333 0.13333 0.00000 0.00000 0.03333 0.03333 0.00000 0.00000 0.13333
P0A794                         0.13333 0.06667 0.03333 0.03333 0.00000 0.00000 0.06667 0.10000 0.06667 0.10000 0.10000 0.06667 0.13333 0.00000 0.00000 0.00000 0.03333 0.00000 0.00000 0.06667
B7LV00                         0.13333 0.06667 0.03333 0.03333 0.00000 0.00000 0.06667 0.10000 0.06667 0.10000 0.10000 0.06667 0.13333 0.00000 0.00000 0.00000 0.03333 0.00000 0.00000 0.06667
A9BAZ9                         0.13333 0.03333 0.06667 0.00000 0.00000 0.03333 0.10000 0.06667 0.03333 0.10000 0.13333 0.06667 0.03333 0.00000 0.00000 0.03333 0.03333 0.00000 0.00000 0.13333
A3PDL2                         0.10000 0.06667 0.06667 0.00000 0.00000 0.00000 0.10000 0.06667 0.03333 0.13333 0.13333 0.06667 0.06667 0.00000 0.00000 0.10000 0.00000 0.00000 0.00000 0.06667
Q0IB11                         0.10000 0.06667 0.03333 0.00000 0.06667 0.03333 0.13333 0.06667 0.03333 0.06667 0.13333 0.03333 0.06667 0.00000 0.00000 0.00000 0.03333 0.00000 0.00000 0.13333
B7MYJ5                         0.13333 0.06667 0.03333 0.03333 0.00000 0.00000 0.06667 0.10000 0.06667 0.10000 0.10000 0.06667 0.13333 0.00000 0.00000 0.00000 0.03333 0.00000 0.00000 0.06667
A2C3H1                         0.06667 0.03333 0.03333 0.00000 0.00000 0.03333 0.10000 0.06667 0.03333 0.16667 0.13333 0.06667 0.03333 0.00000 0.00000 0.13333 0.03333 0.00000 0.00000 0.06667
Q7U7S1                         0.16667 0.06667 0.03333 0.00000 0.00000 0.06667 0.10000 0.06667 0.03333 0.10000 0.10000 0.03333 0.06667 0.00000 0.00000 0.00000 0.03333 0.00000 0.00000 0.13333
B1XLF0                         0.10000 0.10000 0.03333 0.00000 0.00000 0.00000 0.13333 0.06667 0.03333 0.10000 0.13333 0.03333 0.10000 0.00000 0.00000 0.03333 0.03333 0.00000 0.00000 0.10000
Q46K45                         0.06667 0.03333 0.03333 0.00000 0.00000 0.03333 0.10000 0.06667 0.03333 0.16667 0.13333 0.06667 0.03333 0.00000 0.00000 0.13333 0.03333 0.00000 0.00000 0.06667
Q31AB8                         0.10000 0.06667 0.06667 0.00000 0.00000 0.00000 0.10000 0.06667 0.03333 0.13333 0.13333 0.06667 0.06667 0.00000 0.00000 0.10000 0.00000 0.00000 0.00000 0.06667
Q3AVH3                         0.13333 0.06667 0.03333 0.00000 0.00000 0.06667 0.10000 0.06667 0.03333 0.10000 0.10000 0.03333 0.06667 0.00000 0.00000 0.00000 0.03333 0.00000 0.00000 0.16667
A8G5H7                         0.10000 0.06667 0.06667 0.00000 0.00000 0.00000 0.10000 0.06667 0.03333 0.13333 0.13333 0.06667 0.06667 0.00000 0.00000 0.10000 0.00000 0.00000 0.00000 0.06667
A2BRT6                         0.10000 0.06667 0.06667 0.00000 0.00000 0.00000 0.10000 0.06667 0.03333 0.13333 0.13333 0.06667 0.06667 0.00000 0.00000 0.10000 0.00000 0.00000 0.00000 0.06667
B8HKL1                         0.10000 0.10000 0.03333 0.00000 0.00000 0.03333 0.13333 0.06667 0.03333 0.10000 0.06667 0.03333 0.10000 0.00000 0.00000 0.03333 0.03333 0.00000 0.00000 0.13333
A5GU97                         0.13333 0.03333 0.03333 0.00000 0.00000 0.06667 0.13333 0.06667 0.03333 0.03333 0.10000 0.06667 0.13333 0.00000 0.00000 0.00000 0.03333 0.00000 0.00000 0.13333
Q7V6Q5                         0.10000 0.10000 0.03333 0.00000 0.00000 0.00000 0.13333 0.06667 0.03333 0.13333 0.10000 0.06667 0.03333 0.00000 0.00000 0.03333 0.03333 0.00000 0.00000 0.13333
A2C897                         0.10000 0.10000 0.03333 0.00000 0.00000 0.03333 0.13333 0.06667 0.03333 0.13333 0.10000 0.03333 0.03333 0.00000 0.00000 0.03333 0.03333 0.00000 0.00000 0.13333
A5GLI2                         0.16667 0.06667 0.03333 0.00000 0.00000 0.06667 0.10000 0.06667 0.03333 0.06667 0.10000 0.03333 0.06667 0.00000 0.00000 0.00000 0.03333 0.00000 0.00000 0.16667
B1WY64                         0.10000 0.10000 0.03333 0.00000 0.00000 0.00000 0.13333 0.06667 0.03333 0.06667 0.10000 0.03333 0.13333 0.00000 0.00000 0.03333 0.03333 0.00000 0.00000 0.13333
Q3M9L4                         0.13333 0.10000 0.03333 0.00000 0.00000 0.03333 0.13333 0.06667 0.03333 0.16667 0.06667 0.03333 0.06667 0.00000 0.00000 0.03333 0.03333 0.00000 0.00000 0.06667
A3YYL7                         0.13333 0.10000 0.03333 0.00000 0.00000 0.03333 0.10000 0.06667 0.03333 0.13333 0.13333 0.00000 0.03333 0.00000 0.00000 0.06667 0.03333 0.00000 0.00000 0.10000
Q4C2S0                         0.10000 0.06667 0.03333 0.00000 0.00000 0.00000 0.13333 0.06667 0.03333 0.06667 0.10000 0.06667 0.13333 0.00000 0.00000 0.03333 0.03333 0.00000 0.00000 0.13333
Q05Y01                         0.16667 0.06667 0.03333 0.00000 0.00000 0.06667 0.10000 0.06667 0.03333 0.06667 0.13333 0.00000 0.06667 0.00000 0.00000 0.00000 0.06667 0.00000 0.00000 0.13333
Q8Z080                         0.13333 0.10000 0.03333 0.00000 0.00000 0.03333 0.13333 0.06667 0.03333 0.16667 0.06667 0.03333 0.06667 0.00000 0.00000 0.03333 0.03333 0.00000 0.00000 0.06667
A4CV20                         0.10000 0.10000 0.03333 0.00000 0.00000 0.06667 0.10000 0.06667 0.03333 0.06667 0.13333 0.00000 0.06667 0.00000 0.00000 0.10000 0.00000 0.00000 0.00000 0.13333
B3DF93                         0.10000 0.10000 0.03333 0.00000 0.00000 0.00000 0.13333 0.06667 0.03333 0.10000 0.13333 0.03333 0.10000 0.00000 0.00000 0.03333 0.03333 0.00000 0.00000 0.10000
A3Z816                         0.13333 0.06667 0.03333 0.00000 0.00000 0.03333 0.10000 0.06667 0.03333 0.06667 0.13333 0.03333 0.06667 0.00000 0.00000 0.06667 0.03333 0.00000 0.00000 0.13333
A2BX94                         0.16667 0.06667 0.06667 0.00000 0.00000 0.00000 0.10000 0.06667 0.03333 0.13333 0.13333 0.03333 0.03333 0.00000 0.00000 0.06667 0.00000 0.00000 0.00000 0.10000
B7K7E4                         0.10000 0.06667 0.03333 0.03333 0.00000 0.00000 0.10000 0.06667 0.03333 0.16667 0.10000 0.06667 0.10000 0.00000 0.00000 0.06667 0.00000 0.00000 0.00000 0.06667
Q8DKM1                         0.10000 0.06667 0.03333 0.03333 0.00000 0.03333 0.06667 0.06667 0.03333 0.16667 0.10000 0.03333 0.06667 0.00000 0.00000 0.03333 0.03333 0.00000 0.00000 0.13333
A0YT10                         0.10000 0.10000 0.03333 0.00000 0.00000 0.03333 0.13333 0.06667 0.03333 0.10000 0.10000 0.03333 0.10000 0.00000 0.00000 0.03333 0.03333 0.00000 0.00000 0.10000
P72776                         0.10000 0.10000 0.03333 0.00000 0.00000 0.00000 0.13333 0.06667 0.03333 0.10000 0.10000 0.03333 0.16667 0.00000 0.00000 0.06667 0.00000 0.00000 0.00000 0.06667
Q7V0Y7                         0.10000 0.10000 0.06667 0.00000 0.00000 0.00000 0.10000 0.06667 0.03333 0.10000 0.13333 0.03333 0.06667 0.00000 0.00000 0.06667 0.03333 0.00000 0.00000 0.10000
B5W5L8                         0.10000 0.06667 0.03333 0.03333 0.00000 0.03333 0.10000 0.06667 0.03333 0.13333 0.10000 0.06667 0.06667 0.00000 0.00000 0.03333 0.03333 0.00000 0.00000 0.10000
Q7NPF2                         0.13333 0.10000 0.03333 0.00000 0.00000 0.03333 0.13333 0.06667 0.03333 0.10000 0.10000 0.03333 0.10000 0.00000 0.00000 0.03333 0.00000 0.00000 0.00000 0.10000
B2J448                         0.13333 0.10000 0.03333 0.00000 0.00000 0.03333 0.13333 0.06667 0.03333 0.16667 0.06667 0.03333 0.06667 0.00000 0.00000 0.03333 0.03333 0.00000 0.00000 0.06667
Q3V812                         0.10000 0.10000 0.03333 0.00000 0.00000 0.00000 0.13333 0.06667 0.03333 0.10000 0.13333 0.03333 0.10000 0.00000 0.00000 0.03333 0.03333 0.00000 0.00000 0.10000
Q8KPR0                         0.10000 0.10000 0.03333 0.00000 0.00000 0.00000 0.13333 0.06667 0.03333 0.10000 0.13333 0.03333 0.10000 0.00000 0.00000 0.03333 0.03333 0.00000 0.00000 0.10000
B4B3H8                         0.10000 0.10000 0.03333 0.00000 0.00000 0.00000 0.13333 0.06667 0.03333 0.13333 0.10000 0.03333 0.10000 0.00000 0.00000 0.03333 0.06667 0.00000 0.00000 0.06667
B9YVG1                         0.13333 0.10000 0.03333 0.00000 0.00000 0.03333 0.13333 0.06667 0.03333 0.13333 0.06667 0.03333 0.10000 0.00000 0.00000 0.03333 0.03333 0.00000 0.00000 0.06667
Q10X41                         0.10000 0.06667 0.03333 0.00000 0.00000 0.00000 0.13333 0.06667 0.03333 0.10000 0.10000 0.06667 0.10000 0.00000 0.00000 0.03333 0.03333 0.00000 0.00000 0.13333
A0ZAC8                         0.13333 0.10000 0.03333 0.00000 0.00000 0.03333 0.13333 0.06667 0.03333 0.16667 0.06667 0.03333 0.06667 0.00000 0.00000 0.03333 0.03333 0.00000 0.00000 0.06667
B0C977                         0.03333 0.10000 0.03333 0.03333 0.00000 0.00000 0.13333 0.06667 0.03333 0.13333 0.10000 0.03333 0.06667 0.00000 0.00000 0.06667 0.03333 0.00000 0.00000 0.13333
A3IHK9                         0.10000 0.10000 0.03333 0.00000 0.00000 0.00000 0.13333 0.06667 0.03333 0.06667 0.10000 0.03333 0.13333 0.00000 0.00000 0.03333 0.03333 0.00000 0.00000 0.13333

Homogeneity statistic: X2 = 21.30843 G = 16.59913 

Average                        0.10615 0.07487 0.03897 0.00615 0.00359 0.02718 0.11128 0.06923 0.02974 0.12359 0.11333 0.04154 0.07385 0.00667 0.00000 0.04821 0.02615 0.00051 0.00051 0.09846

# constant sites:      7 (23.33%)
ln Lmax (unconstrained) = -100.649627

AA distances (raw proportions of different sites)

A8ESJ1         
A6QAX8           0.1667
A6Q3Y6           0.3333  0.4000
D1B2K2           0.3333  0.3000  0.4667
Q30S57           0.3667  0.4000  0.3333  0.3667
Q7MAP8           0.4000  0.4000  0.3667  0.3333  0.4000
B9LAE4           0.2000  0.3667  0.4333  0.4000  0.4667  0.4333
B9KCG6           0.3000  0.3000  0.4333  0.2667  0.3333  0.4333  0.3333
A7H2E1           0.2000  0.2667  0.3667  0.3000  0.3000  0.4000  0.3333  0.2000
A8FMU3           0.2000  0.2667  0.3667  0.3000  0.3000  0.4000  0.3333  0.2000  0.0000
Q4HH43           0.3000  0.2667  0.4333  0.2333  0.3000  0.4333  0.4000  0.1667  0.1000  0.1000
Q4HSN7           0.3667  0.3667  0.5000  0.3000  0.3667  0.4333  0.4000  0.2667  0.3000  0.3000  0.2667
O26102           0.5333  0.5000  0.6333  0.5000  0.5667  0.5667  0.5000  0.3333  0.4333  0.4333  0.4333  0.4667
Q2JP46           0.5000  0.5000  0.5000  0.5000  0.5333  0.5000  0.5000  0.4667  0.5333  0.5333  0.5000  0.4333  0.4000
Q2JSG7           0.5000  0.4667  0.5000  0.4667  0.5333  0.4667  0.5000  0.4333  0.5333  0.5333  0.5000  0.4000  0.3667  0.0333
Q7VBK3           0.3667  0.4667  0.3667  0.5000  0.3667  0.4333  0.4333  0.5000  0.4333  0.4333  0.5000  0.4667  0.5333  0.4000  0.4000
Q3AJ26           0.3667  0.3667  0.4667  0.5000  0.4333  0.5000  0.4667  0.4333  0.4000  0.4000  0.3667  0.5000  0.5333  0.4000  0.4000  0.3333
Q05ZT0           0.4333  0.4333  0.5000  0.5000  0.4333  0.5000  0.5000  0.4000  0.4000  0.4000  0.3333  0.4333  0.4667  0.3333  0.3333  0.3000  0.1333
C7QRV7           0.5667  0.5333  0.5667  0.5333  0.5333  0.5333  0.6333  0.5000  0.5333  0.5333  0.5000  0.4667  0.4333  0.2000  0.1667  0.4000  0.3333  0.2667
B7K5C8           0.5667  0.5333  0.5667  0.5333  0.5333  0.5333  0.6333  0.5000  0.5333  0.5333  0.5000  0.4667  0.4333  0.2000  0.1667  0.4000  0.3333  0.2667  0.0000
P0A794           0.4333  0.4667  0.5333  0.5333  0.4667  0.5000  0.5000  0.5333  0.4667  0.4667  0.5000  0.5000  0.5333  0.3667  0.3667  0.3333  0.4333  0.3667  0.4000  0.4000
B7LV00           0.4333  0.4667  0.5333  0.5333  0.4667  0.5000  0.5000  0.5333  0.4667  0.4667  0.5000  0.5000  0.5333  0.3667  0.3667  0.3333  0.4333  0.3667  0.4000  0.4000  0.0000
A9BAZ9           0.4667  0.4333  0.5000  0.4667  0.3667  0.5000  0.5333  0.4333  0.3667  0.3667  0.3333  0.4333  0.5000  0.4333  0.4333  0.2667  0.2333  0.2000  0.3667  0.3667  0.4333  0.4333
A3PDL2           0.5000  0.4667  0.4667  0.5333  0.4333  0.4667  0.5333  0.4000  0.4333  0.4333  0.4667  0.4000  0.4333  0.4333  0.4000  0.3000  0.3667  0.3333  0.4000  0.4000  0.4333  0.4333  0.3000
Q0IB11           0.5000  0.5000  0.4667  0.5333  0.4000  0.5000  0.5667  0.4667  0.4333  0.4333  0.4000  0.4667  0.5000  0.3667  0.3667  0.2667  0.2000  0.1333  0.3000  0.3000  0.4000  0.4000  0.1667  0.3000
B7MYJ5           0.4333  0.4667  0.5333  0.5333  0.4667  0.5000  0.5000  0.5333  0.4667  0.4667  0.5000  0.5000  0.5333  0.3667  0.3667  0.3333  0.4333  0.3667  0.4000  0.4000  0.0000  0.0000  0.4333  0.4333  0.4000
A2C3H1           0.4000  0.4000  0.4667  0.4667  0.4333  0.5000  0.4667  0.4667  0.4667  0.4667  0.4667  0.5000  0.4667  0.3667  0.3667  0.2667  0.3667  0.3000  0.3667  0.3667  0.4000  0.4000  0.2000  0.3667  0.3000  0.4000
Q7U7S1           0.4000  0.4333  0.4667  0.5000  0.4333  0.5000  0.4667  0.3667  0.3667  0.3667  0.3333  0.4333  0.4333  0.3333  0.3333  0.2333  0.1333  0.0667  0.2667  0.2667  0.3667  0.3667  0.2000  0.2667  0.1667  0.3667  0.2667
B1XLF0           0.5000  0.4667  0.5000  0.5000  0.5333  0.5000  0.5667  0.5000  0.5333  0.5333  0.5000  0.4667  0.4333  0.1333  0.1000  0.3333  0.3333  0.2667  0.0667  0.0667  0.3333  0.3333  0.3667  0.4000  0.3000  0.3333  0.3000  0.2667
Q46K45           0.4000  0.4000  0.4667  0.4667  0.4333  0.5000  0.4667  0.4667  0.4667  0.4667  0.4667  0.5000  0.4667  0.3667  0.3667  0.2667  0.3667  0.3000  0.3667  0.3667  0.4000  0.4000  0.2000  0.3667  0.3000  0.4000  0.0000  0.2667  0.3000
Q31AB8           0.5000  0.4667  0.4667  0.5333  0.4333  0.4667  0.5333  0.4000  0.4333  0.4333  0.4667  0.4000  0.4333  0.4333  0.4000  0.3000  0.3667  0.3333  0.4000  0.4000  0.4333  0.4333  0.3000  0.0000  0.3000  0.4333  0.3667  0.2667  0.4000  0.3667
Q3AVH3           0.4000  0.4333  0.4667  0.5000  0.4333  0.5000  0.4667  0.3667  0.3667  0.3667  0.3333  0.4333  0.4333  0.3333  0.3333  0.2667  0.1667  0.0333  0.2667  0.2667  0.3667  0.3667  0.2333  0.3000  0.1667  0.3667  0.2667  0.0333  0.2667  0.2667  0.3000
A8G5H7           0.5000  0.4667  0.4667  0.5333  0.4333  0.4667  0.5333  0.4000  0.4333  0.4333  0.4667  0.4000  0.4333  0.4333  0.4000  0.3000  0.3667  0.3333  0.4000  0.4000  0.4333  0.4333  0.3000  0.0000  0.3000  0.4333  0.3667  0.2667  0.4000  0.3667  0.0000  0.3000
A2BRT6           0.5000  0.4667  0.4667  0.5333  0.4333  0.4667  0.5333  0.4000  0.4333  0.4333  0.4667  0.4000  0.4333  0.4333  0.4000  0.3000  0.3667  0.3333  0.4000  0.4000  0.4333  0.4333  0.3000  0.0000  0.3000  0.4333  0.3667  0.2667  0.4000  0.3667  0.0000  0.3000  0.0000
B8HKL1           0.5333  0.5333  0.5333  0.5333  0.5333  0.5333  0.6000  0.4667  0.5000  0.5000  0.5000  0.4667  0.3667  0.2000  0.1667  0.3667  0.3333  0.2667  0.0667  0.0667  0.4333  0.4333  0.3667  0.3667  0.3000  0.4333  0.3333  0.2333  0.1333  0.3333  0.3667  0.2333  0.3667  0.3667
A5GU97           0.5000  0.5333  0.5000  0.5667  0.4667  0.5333  0.5333  0.5667  0.5000  0.5000  0.5000  0.5667  0.5333  0.4667  0.4667  0.2333  0.2667  0.2667  0.4333  0.4333  0.4667  0.4667  0.2333  0.4333  0.2333  0.4667  0.3667  0.2667  0.4000  0.3667  0.4333  0.3000  0.4333  0.4333  0.4333
Q7V6Q5           0.4000  0.4333  0.3667  0.4667  0.2667  0.4000  0.4667  0.4000  0.4000  0.4000  0.3667  0.4667  0.5333  0.4333  0.4333  0.2333  0.2000  0.2333  0.3667  0.3667  0.4000  0.4000  0.2000  0.3667  0.2000  0.4000  0.3333  0.2333  0.3667  0.3333  0.3667  0.2667  0.3667  0.3667  0.3667  0.3000
A2C897           0.4333  0.4333  0.3667  0.4667  0.2667  0.4000  0.5000  0.4000  0.3667  0.3667  0.3333  0.4667  0.5333  0.4333  0.4333  0.2667  0.1667  0.2000  0.3667  0.3667  0.4333  0.4333  0.1667  0.3667  0.1667  0.4333  0.3333  0.2000  0.3667  0.3333  0.3667  0.2333  0.3667  0.3667  0.3667  0.2667  0.0333
A5GLI2           0.4333  0.4333  0.5000  0.5000  0.4333  0.5000  0.5000  0.4000  0.4000  0.4000  0.3333  0.4333  0.4667  0.3333  0.3333  0.2667  0.1000  0.0333  0.2667  0.2667  0.3667  0.3667  0.1667  0.3000  0.1333  0.3667  0.3000  0.0333  0.2667  0.3000  0.3000  0.0667  0.3000  0.3000  0.2667  0.2333  0.2000  0.1667
B1WY64           0.5667  0.5333  0.5667  0.5333  0.5333  0.5333  0.6333  0.5000  0.5333  0.5333  0.5000  0.4667  0.4333  0.2000  0.1667  0.4000  0.3333  0.2667  0.0000  0.0000  0.4000  0.4000  0.3667  0.4000  0.3000  0.4000  0.3667  0.2667  0.0667  0.3667  0.4000  0.2667  0.4000  0.4000  0.0667  0.4333  0.3667  0.3667  0.2667
Q3M9L4           0.5333  0.5333  0.5000  0.5333  0.5667  0.5000  0.6000  0.5333  0.5667  0.5667  0.5667  0.5333  0.4333  0.2000  0.1667  0.3333  0.4000  0.3333  0.1667  0.1667  0.4333  0.4333  0.4000  0.4000  0.3333  0.4333  0.3000  0.3000  0.1333  0.3000  0.4000  0.3000  0.4000  0.4000  0.1000  0.4333  0.4000  0.4000  0.3333  0.1667
A3YYL7           0.4667  0.4667  0.4667  0.4667  0.4333  0.4667  0.4667  0.3667  0.4000  0.4000  0.4000  0.4000  0.4667  0.3667  0.3667  0.3000  0.2667  0.2333  0.3667  0.3667  0.4667  0.4667  0.1333  0.2667  0.2000  0.4667  0.2333  0.1667  0.3667  0.2333  0.2667  0.2000  0.2667  0.2667  0.3333  0.3333  0.2333  0.2000  0.2000  0.3667  0.3667
Q4C2S0           0.5667  0.5333  0.6000  0.5000  0.5000  0.5667  0.6333  0.5000  0.5333  0.5333  0.5000  0.4667  0.4333  0.2333  0.2000  0.3667  0.3667  0.3000  0.0333  0.0333  0.4000  0.4000  0.3333  0.4333  0.3333  0.4000  0.3333  0.3000  0.1000  0.3333  0.4333  0.3000  0.4333  0.4333  0.1000  0.4000  0.4000  0.4000  0.3000  0.0333  0.2000  0.4000
Q05Y01           0.5333  0.5333  0.5667  0.5333  0.4667  0.5000  0.5333  0.4333  0.4667  0.4667  0.4333  0.4000  0.5000  0.3667  0.3667  0.3000  0.2333  0.2000  0.3667  0.3667  0.4333  0.4333  0.1667  0.3333  0.1667  0.4333  0.3333  0.2000  0.3667  0.3333  0.3333  0.2333  0.3333  0.3333  0.3667  0.2667  0.2667  0.2333  0.1667  0.3667  0.4000  0.1667  0.3667
Q8Z080           0.5333  0.5333  0.5000  0.5333  0.5667  0.5000  0.6000  0.5333  0.5667  0.5667  0.5667  0.5333  0.4333  0.2000  0.1667  0.3333  0.4000  0.3333  0.1667  0.1667  0.4333  0.4333  0.4000  0.4000  0.3333  0.4333  0.3000  0.3000  0.1333  0.3000  0.4000  0.3000  0.4000  0.4000  0.1000  0.4333  0.4000  0.4000  0.3333  0.1667  0.0000  0.3667  0.2000  0.4000
A4CV20           0.4333  0.4000  0.4667  0.4667  0.4000  0.4333  0.4333  0.3667  0.4000  0.4000  0.3667  0.4333  0.5000  0.3333  0.3333  0.3667  0.1667  0.2000  0.4000  0.4000  0.4667  0.4667  0.2000  0.2667  0.2000  0.4667  0.3333  0.2000  0.4000  0.3333  0.2667  0.2333  0.2667  0.2667  0.4000  0.3333  0.2333  0.2000  0.1667  0.4000  0.4333  0.1667  0.4333  0.1667  0.4333
B3DF93           0.5000  0.4667  0.5000  0.5000  0.5333  0.5000  0.5667  0.5000  0.5333  0.5333  0.5000  0.4667  0.4333  0.1333  0.1000  0.3333  0.3333  0.2667  0.0667  0.0667  0.3333  0.3333  0.3667  0.4000  0.3000  0.3333  0.3000  0.2667  0.0000  0.3000  0.4000  0.2667  0.4000  0.4000  0.1333  0.4000  0.3667  0.3667  0.2667  0.0667  0.1333  0.3667  0.1000  0.3667  0.1333  0.4000
A3Z816           0.5000  0.5000  0.5333  0.5000  0.4000  0.5333  0.5667  0.4667  0.4333  0.4333  0.4000  0.4667  0.5000  0.4000  0.4000  0.2667  0.2000  0.1667  0.3333  0.3333  0.3667  0.3667  0.1333  0.3000  0.1333  0.3667  0.3000  0.1667  0.3333  0.3000  0.3000  0.2000  0.3000  0.3000  0.3333  0.2333  0.2000  0.1667  0.1333  0.3333  0.3667  0.1667  0.3333  0.1333  0.3667  0.2000  0.3333
A2BX94           0.4333  0.4333  0.4333  0.4333  0.3667  0.4333  0.4667  0.3000  0.3667  0.3667  0.3333  0.3333  0.4000  0.4000  0.3667  0.3333  0.3667  0.3000  0.3667  0.3667  0.4333  0.4333  0.2333  0.2000  0.3000  0.4333  0.3000  0.2333  0.3667  0.3000  0.2000  0.2667  0.2000  0.2000  0.3333  0.4000  0.3000  0.3000  0.2667  0.3667  0.3667  0.2333  0.3667  0.3000  0.3667  0.3000  0.3667  0.2333
B7K7E4           0.5000  0.5000  0.5000  0.5333  0.5333  0.5000  0.5667  0.5333  0.5333  0.5333  0.5333  0.5000  0.4667  0.1667  0.2000  0.3667  0.4333  0.3667  0.2000  0.2000  0.3667  0.3667  0.4667  0.3667  0.4000  0.3667  0.4000  0.3667  0.1667  0.4000  0.3667  0.3667  0.3667  0.3667  0.2667  0.5000  0.4667  0.4667  0.3667  0.2000  0.2333  0.4667  0.2333  0.4667  0.2333  0.4333  0.1667  0.4333  0.4667
Q8DKM1           0.3667  0.4000  0.4667  0.5000  0.5333  0.5000  0.4667  0.4667  0.5000  0.5000  0.4667  0.5333  0.4667  0.3333  0.3333  0.3667  0.3000  0.2667  0.2667  0.2667  0.4333  0.4333  0.3667  0.4667  0.3667  0.4333  0.2333  0.2333  0.2667  0.2333  0.4667  0.2333  0.4667  0.4667  0.2333  0.4333  0.3667  0.3667  0.2667  0.2667  0.2667  0.3333  0.3000  0.4333  0.2667  0.4333  0.2667  0.4000  0.3667  0.3333
A0YT10           0.5000  0.4667  0.5000  0.5000  0.5333  0.5000  0.5667  0.5000  0.5333  0.5333  0.5000  0.4667  0.4000  0.1000  0.0667  0.3333  0.3333  0.2667  0.1000  0.1000  0.3333  0.3333  0.3667  0.4000  0.3000  0.3333  0.3000  0.2667  0.0333  0.3000  0.4000  0.2667  0.4000  0.4000  0.1000  0.4000  0.3667  0.3667  0.2667  0.1000  0.1000  0.3667  0.1333  0.3667  0.1000  0.4000  0.0333  0.3333  0.3667  0.2000  0.2667
P72776           0.5667  0.5333  0.5000  0.5333  0.5000  0.4667  0.6333  0.5333  0.5667  0.5667  0.5333  0.5000  0.4667  0.2000  0.1667  0.4000  0.4333  0.3667  0.1000  0.1000  0.4333  0.4333  0.4333  0.4000  0.3667  0.4333  0.4000  0.3667  0.1333  0.4000  0.4000  0.3667  0.4000  0.4000  0.1667  0.4333  0.4000  0.4000  0.3667  0.1000  0.2000  0.4333  0.1333  0.4333  0.2000  0.4000  0.1333  0.4000  0.3667  0.2000  0.3333  0.1667
Q7V0Y7           0.5000  0.5000  0.4667  0.5000  0.4333  0.4667  0.5333  0.4000  0.4333  0.4333  0.4333  0.3667  0.3667  0.3000  0.2667  0.3333  0.3333  0.3000  0.2667  0.2667  0.4000  0.4000  0.3000  0.1667  0.2667  0.4000  0.3000  0.2333  0.2667  0.3000  0.1667  0.2667  0.1667  0.1667  0.2333  0.4000  0.3333  0.3333  0.2667  0.2667  0.2667  0.2667  0.3000  0.2667  0.2667  0.2667  0.2667  0.2667  0.1333  0.3667  0.3667  0.2667  0.2667
B5W5L8           0.4667  0.5000  0.4667  0.5333  0.5333  0.5333  0.5333  0.4667  0.5000  0.5000  0.5000  0.5333  0.3667  0.1333  0.1667  0.3000  0.3333  0.2667  0.2000  0.2000  0.3667  0.3667  0.3667  0.3667  0.3000  0.3667  0.2667  0.2333  0.1333  0.2667  0.3667  0.2333  0.3667  0.3667  0.1333  0.4000  0.3667  0.3667  0.2667  0.2000  0.1333  0.3333  0.2333  0.3667  0.1333  0.4000  0.1333  0.3333  0.4000  0.1667  0.2333  0.1000  0.2667  0.3000
Q7NPF2           0.4333  0.4000  0.4333  0.4333  0.4667  0.4333  0.5000  0.4333  0.4667  0.4667  0.4333  0.4000  0.4000  0.1000  0.0667  0.3333  0.3333  0.2667  0.1667  0.1667  0.3333  0.3333  0.3667  0.3333  0.3000  0.3333  0.3667  0.2667  0.1000  0.3667  0.3333  0.2667  0.3333  0.3333  0.1667  0.4000  0.3667  0.3667  0.2667  0.1667  0.1667  0.3667  0.2000  0.3667  0.1667  0.3333  0.1000  0.3333  0.3000  0.2000  0.3333  0.0667  0.1667  0.2667  0.1667
B2J448           0.5333  0.5333  0.5000  0.5333  0.5667  0.5000  0.6000  0.5333  0.5667  0.5667  0.5667  0.5333  0.4333  0.2000  0.1667  0.3333  0.4000  0.3333  0.1667  0.1667  0.4333  0.4333  0.4000  0.4000  0.3333  0.4333  0.3000  0.3000  0.1333  0.3000  0.4000  0.3000  0.4000  0.4000  0.1000  0.4333  0.4000  0.4000  0.3333  0.1667  0.0000  0.3667  0.2000  0.4000  0.0000  0.4333  0.1333  0.3667  0.3667  0.2333  0.2667  0.1000  0.2000  0.2667  0.1333  0.1667
Q3V812           0.5000  0.4667  0.5000  0.5000  0.5333  0.5000  0.5667  0.5000  0.5333  0.5333  0.5000  0.4667  0.4333  0.1333  0.1000  0.3333  0.3333  0.2667  0.0667  0.0667  0.3333  0.3333  0.3667  0.4000  0.3000  0.3333  0.3000  0.2667  0.0000  0.3000  0.4000  0.2667  0.4000  0.4000  0.1333  0.4000  0.3667  0.3667  0.2667  0.0667  0.1333  0.3667  0.1000  0.3667  0.1333  0.4000  0.0000  0.3333  0.3667  0.1667  0.2667  0.0333  0.1333  0.2667  0.1333  0.1000  0.1333
Q8KPR0           0.5000  0.4667  0.5000  0.5000  0.5333  0.5000  0.5667  0.5000  0.5333  0.5333  0.5000  0.4667  0.4333  0.1333  0.1000  0.3333  0.3333  0.2667  0.0667  0.0667  0.3333  0.3333  0.3667  0.4000  0.3000  0.3333  0.3000  0.2667  0.0000  0.3000  0.4000  0.2667  0.4000  0.4000  0.1333  0.4000  0.3667  0.3667  0.2667  0.0667  0.1333  0.3667  0.1000  0.3667  0.1333  0.4000  0.0000  0.3333  0.3667  0.1667  0.2667  0.0333  0.1333  0.2667  0.1333  0.1000  0.1333  0.0000
B4B3H8           0.5333  0.5000  0.5667  0.5000  0.6000  0.5333  0.6000  0.5333  0.5667  0.5667  0.5333  0.5000  0.4667  0.2000  0.1667  0.4000  0.4000  0.3333  0.1000  0.1000  0.4000  0.4000  0.4333  0.4667  0.3667  0.4000  0.3667  0.3333  0.0667  0.3667  0.4667  0.3333  0.4667  0.4667  0.1667  0.4667  0.4333  0.4333  0.3333  0.1000  0.1333  0.4333  0.1333  0.4333  0.1333  0.4667  0.0667  0.4000  0.4333  0.1667  0.3000  0.1000  0.1667  0.3333  0.2000  0.1667  0.1333  0.0667  0.0667
B9YVG1           0.5667  0.5333  0.5333  0.5333  0.5667  0.5000  0.6333  0.5667  0.6000  0.6000  0.5667  0.5333  0.4667  0.1667  0.1333  0.3667  0.4000  0.3333  0.1333  0.1333  0.4000  0.4000  0.4000  0.4333  0.3333  0.4000  0.3333  0.3333  0.1000  0.3333  0.4333  0.3333  0.4333  0.4333  0.1333  0.4333  0.4000  0.4000  0.3333  0.1333  0.0333  0.4000  0.1667  0.4000  0.0333  0.4333  0.1000  0.3667  0.4000  0.2000  0.3000  0.0667  0.1667  0.3000  0.1667  0.1333  0.0333  0.1000  0.1000  0.1000
Q10X41           0.5667  0.5667  0.5667  0.5667  0.5667  0.5667  0.6000  0.5000  0.5333  0.5333  0.5333  0.5000  0.3667  0.2667  0.2333  0.4000  0.3667  0.3000  0.0667  0.0667  0.4667  0.4667  0.4000  0.4000  0.3333  0.4667  0.3667  0.2667  0.1333  0.3667  0.4000  0.2667  0.4000  0.4000  0.0667  0.4667  0.4000  0.4000  0.3000  0.0667  0.1667  0.3667  0.1000  0.4000  0.1667  0.4333  0.1333  0.3667  0.3667  0.2667  0.2667  0.1667  0.1667  0.2667  0.2000  0.2333  0.1667  0.1333  0.1333  0.1667  0.2000
A0ZAC8           0.5333  0.5333  0.5000  0.5333  0.5667  0.5000  0.6000  0.5333  0.5667  0.5667  0.5667  0.5333  0.4333  0.2000  0.1667  0.3333  0.4000  0.3333  0.1667  0.1667  0.4333  0.4333  0.4000  0.4000  0.3333  0.4333  0.3000  0.3000  0.1333  0.3000  0.4000  0.3000  0.4000  0.4000  0.1000  0.4333  0.4000  0.4000  0.3333  0.1667  0.0000  0.3667  0.2000  0.4000  0.0000  0.4333  0.1333  0.3667  0.3667  0.2333  0.2667  0.1000  0.2000  0.2667  0.1333  0.1667  0.0000  0.1333  0.1333  0.1333  0.0333  0.1667
B0C977           0.4333  0.4333  0.4333  0.4667  0.5000  0.4667  0.5000  0.4333  0.4667  0.4667  0.4667  0.5000  0.4333  0.2333  0.2000  0.3333  0.3000  0.3000  0.2000  0.2000  0.4000  0.4000  0.4000  0.4000  0.3333  0.4000  0.3000  0.2667  0.1333  0.3000  0.4000  0.2667  0.4000  0.4000  0.1667  0.4333  0.3333  0.3333  0.3000  0.2000  0.1667  0.3667  0.2333  0.4000  0.1667  0.3667  0.1333  0.3667  0.3667  0.3000  0.2667  0.1333  0.2667  0.2667  0.1667  0.2000  0.1667  0.1333  0.1333  0.2000  0.2000  0.2000  0.1667
A3IHK9           0.5667  0.5333  0.5667  0.5333  0.5333  0.5333  0.6333  0.5000  0.5333  0.5333  0.5000  0.4667  0.4333  0.2000  0.1667  0.4000  0.3333  0.2667  0.0000  0.0000  0.4000  0.4000  0.3667  0.4000  0.3000  0.4000  0.3667  0.2667  0.0667  0.3667  0.4000  0.2667  0.4000  0.4000  0.0667  0.4333  0.3667  0.3667  0.2667  0.0000  0.1667  0.3667  0.0333  0.3667  0.1667  0.4000  0.0667  0.3333  0.3667  0.2000  0.2667  0.1000  0.1000  0.2667  0.2000  0.1667  0.1667  0.0667  0.0667  0.1000  0.1333  0.0667  0.1667  0.2000


TREE #  1:  (((((((((((((48, 42), (((32, 18), 28), 17)), ((((38, 37), 25), (46, 39)), 44)), 36), ((30, 27), (23, 16))), ((54, 49), (((33, 34), 24), 31))), ((35, ((((((((60, 50), (29, 47)), (((65, 40), 43), (20, 19))), (((61, 63), 57), (45, 41))), (62, (55, 52))), (59, 58)), 64), ((15, 14), (56, 53)))), 51)), (26, (22, 21))), (13, (7, (6, (5, (3, ((2, 1), 4))))))), 8), 12), 11), 10, 9);   MP score: 212
lnL(ntime: 63  np: 64):  -1092.422122      +0.000000
  66..67   67..68   68..69   69..70   70..71   71..72   72..73   73..74   74..75   75..76   76..77   77..78   78..48   78..42   77..79   79..80   80..81   81..32   81..18   80..28   79..17   76..82   82..83   83..84   84..85   85..38   85..37   84..25   83..86   86..46   86..39   82..44   75..36   74..87   87..88   88..30   88..27   87..89   89..23   89..16   73..90   90..91   91..54   91..49   90..92   92..93   93..94   94..33   94..34   93..24   92..31   72..95   95..96   96..35   96..97   97..98   98..99   99..100 100..101 101..102 102..103 103..104 104..60  104..50  103..105 105..29  105..47  102..106 106..107 107..108 108..65  108..40  107..43  106..109 109..20  109..19  101..110 110..111 111..112 112..61  112..63  111..57  110..113 113..45  113..41  100..114 114..62  114..115 115..55  115..52   99..116 116..59  116..58   98..64   97..117 117..118 118..15  118..14  117..119 119..56  119..53   95..51   71..120 120..26  120..121 121..22  121..21   70..122 122..13  122..123 123..7   123..124 124..6   124..125 125..5   125..126 126..3   126..127 127..128 128..2   128..1   127..4    69..8    68..12   67..11   66..10   66..9  
 0.484073 0.484072 0.484072 0.484071 0.452388 0.324037 0.303887 0.227817 0.188750 0.188750 0.136735 0.136735 0.097047 0.069624 0.046216 0.015474 0.136735 0.136735 0.112805 0.013709 0.136735 0.173464 0.000000 0.173464 0.093653 0.093653 0.000000 0.000000 0.000000 0.224944 0.122366 0.108007 0.108007 0.108007 0.108007 0.103308 0.071497 0.071497 0.058751 0.000000 0.011041 0.011041 0.000000 0.000000 0.008629 0.008629 0.008629 0.000000 0.108007 0.103004 0.000000 0.072437 0.020258 0.072437 0.000000 0.000000 0.452388 0.452388 0.391796 0.361513 0.361513 0.361513 0.113570 0.632260

tree length =  10.16603

(((((((((((((48: 0.097047, 42: 0.097047): 0.039688, (((32: 0.015474, 18: 0.015474): 0.030742, 28: 0.046216): 0.023408, 17: 0.069624): 0.067111): 0.000000, ((((38: 0.013709, 37: 0.013709): 0.099096, 25: 0.112805): 0.023930, (46: 0.136735, 39: 0.136735): 0.000000): 0.000000, 44: 0.136735): 0.000000): 0.052015, 36: 0.188750): 0.000000, ((30: 0.000000, 27: 0.000000): 0.173464, (23: 0.173464, 16: 0.173464): 0.000000): 0.015286): 0.039067, ((54: 0.093653, 49: 0.093653): 0.000000, (((33: 0.000000, 34: 0.000000): 0.000000, 24: 0.000000): 0.000000, 31: 0.000000): 0.093653): 0.134164): 0.076070, ((35: 0.122366, ((((((((60: 0.058751, 50: 0.058751): 0.012746, (29: 0.000000, 47: 0.000000): 0.071497): 0.000000, (((65: 0.000000, 40: 0.000000): 0.011041, 43: 0.011041): 0.000000, (20: 0.000000, 19: 0.000000): 0.011041): 0.060456): 0.031811, (((61: 0.008629, 63: 0.008629): 0.000000, 57: 0.008629): 0.000000, (45: 0.000000, 41: 0.000000): 0.008629): 0.094678): 0.004699, (62: 0.108007, (55: 0.103004, 52: 0.103004): 0.005002): 0.000000): 0.000000, (59: 0.000000, 58: 0.000000): 0.108007): 0.000000, 64: 0.108007): 0.000000, ((15: 0.020258, 14: 0.020258): 0.052179, (56: 0.072437, 53: 0.072437): 0.000000): 0.035570): 0.014359): 0.102578, 51: 0.224944): 0.078943): 0.020150, (26: 0.000000, (22: 0.000000, 21: 0.000000): 0.000000): 0.324037): 0.128351, (13: 0.452388, (7: 0.452388, (6: 0.391796, (5: 0.361513, (3: 0.361513, ((2: 0.113570, 1: 0.113570): 0.247943, 4: 0.361513): 0.000000): 0.000000): 0.030283): 0.060592): 0.000000): 0.000000): 0.031683, 8: 0.484071): 0.000000, 12: 0.484072): 0.000000, 11: 0.484072): 0.000000, 10: 0.484073, 9: 0.484073);

(((((((((((((A3Z816: 0.097047, A3YYL7: 0.097047): 0.039688, (((Q3AVH3: 0.015474, Q05ZT0: 0.015474): 0.030742, Q7U7S1: 0.046216): 0.023408, Q3AJ26: 0.069624): 0.067111): 0.000000, ((((A2C897: 0.013709, Q7V6Q5: 0.013709): 0.099096, Q0IB11: 0.112805): 0.023930, (A4CV20: 0.136735, A5GLI2: 0.136735): 0.000000): 0.000000, Q05Y01: 0.136735): 0.000000): 0.052015, A5GU97: 0.188750): 0.000000, ((Q46K45: 0.000000, A2C3H1: 0.000000): 0.173464, (A9BAZ9: 0.173464, Q7VBK3: 0.173464): 0.000000): 0.015286): 0.039067, ((Q7V0Y7: 0.093653, A2BX94: 0.093653): 0.000000, (((A8G5H7: 0.000000, A2BRT6: 0.000000): 0.000000, A3PDL2: 0.000000): 0.000000, Q31AB8: 0.000000): 0.093653): 0.134164): 0.076070, ((B8HKL1: 0.122366, ((((((((B4B3H8: 0.058751, B7K7E4: 0.058751): 0.012746, (B1XLF0: 0.000000, B3DF93: 0.000000): 0.071497): 0.000000, (((A3IHK9: 0.000000, B1WY64: 0.000000): 0.011041, Q4C2S0: 0.011041): 0.000000, (B7K5C8: 0.000000, C7QRV7: 0.000000): 0.011041): 0.060456): 0.031811, (((B9YVG1: 0.008629, A0ZAC8: 0.008629): 0.000000, B2J448: 0.008629): 0.000000, (Q8Z080: 0.000000, Q3M9L4: 0.000000): 0.008629): 0.094678): 0.004699, (Q10X41: 0.108007, (B5W5L8: 0.103004, A0YT10: 0.103004): 0.005002): 0.000000): 0.000000, (Q8KPR0: 0.000000, Q3V812: 0.000000): 0.108007): 0.000000, B0C977: 0.108007): 0.000000, ((Q2JSG7: 0.020258, Q2JP46: 0.020258): 0.052179, (Q7NPF2: 0.072437, P72776: 0.072437): 0.000000): 0.035570): 0.014359): 0.102578, Q8DKM1: 0.224944): 0.078943): 0.020150, (B7MYJ5: 0.000000, (B7LV00: 0.000000, P0A794: 0.000000): 0.000000): 0.324037): 0.128351, (O26102: 0.452388, (B9LAE4: 0.452388, (Q7MAP8: 0.391796, (Q30S57: 0.361513, (A6Q3Y6: 0.361513, ((A6QAX8: 0.113570, A8ESJ1: 0.113570): 0.247943, D1B2K2: 0.361513): 0.000000): 0.000000): 0.030283): 0.060592): 0.000000): 0.000000): 0.031683, B9KCG6: 0.484071): 0.000000, Q4HSN7: 0.484072): 0.000000, Q4HH43: 0.484072): 0.000000, A8FMU3: 0.484073, A7H2E1: 0.484073);

(((((((((((((48_A3Z816, 42_A3YYL7) 78 , (((32_Q3AVH3, 18_Q05ZT0) 81 , 28_Q7U7S1) 80 , 17_Q3AJ26) 79 ) 77 , ((((38_A2C897, 37_Q7V6Q5) 85 , 25_Q0IB11) 84 , (46_A4CV20, 39_A5GLI2) 86 ) 83 , 44_Q05Y01) 82 ) 76 , 36_A5GU97) 75 , ((30_Q46K45, 27_A2C3H1) 88 , (23_A9BAZ9, 16_Q7VBK3) 89 ) 87 ) 74 , ((54_Q7V0Y7, 49_A2BX94) 91 , (((33_A8G5H7, 34_A2BRT6) 94 , 24_A3PDL2) 93 , 31_Q31AB8) 92 ) 90 ) 73 , ((35_B8HKL1, ((((((((60_B4B3H8, 50_B7K7E4) 104 , (29_B1XLF0, 47_B3DF93) 105 ) 103 , (((65_A3IHK9, 40_B1WY64) 108 , 43_Q4C2S0) 107 , (20_B7K5C8, 19_C7QRV7) 109 ) 106 ) 102 , (((61_B9YVG1, 63_A0ZAC8) 112 , 57_B2J448) 111 , (45_Q8Z080, 41_Q3M9L4) 113 ) 110 ) 101 , (62_Q10X41, (55_B5W5L8, 52_A0YT10) 115 ) 114 ) 100 , (59_Q8KPR0, 58_Q3V812) 116 ) 99 , 64_B0C977) 98 , ((15_Q2JSG7, 14_Q2JP46) 118 , (56_Q7NPF2, 53_P72776) 119 ) 117 ) 97 ) 96 , 51_Q8DKM1) 95 ) 72 , (26_B7MYJ5, (22_B7LV00, 21_P0A794) 121 ) 120 ) 71 , (13_O26102, (7_B9LAE4, (6_Q7MAP8, (5_Q30S57, (3_A6Q3Y6, ((2_A6QAX8, 1_A8ESJ1) 128 , 4_D1B2K2) 127 ) 126 ) 125 ) 124 ) 123 ) 122 ) 70 , 8_B9KCG6) 69 , 12_Q4HSN7) 68 , 11_Q4HH43) 67 , 10_A8FMU3, 9_A7H2E1) 66 ;

Detailed output identifying parameters

alpha (gamma, K = 4) =  0.63226
rate:   0.05982  0.32974  0.89692  2.71352
freq:   0.25000  0.25000  0.25000  0.25000

Time used:  1:17
