AAML (in paml version 4.6, August 2012)  263.aa
Model: Empirical for branches,  (../../../bin/LG.dat) dGamma (ncatG=4) ns =  65  ls = 161


Frequencies..
                                    A      R      N      D      C      Q      E      G      H      I      L      K      M      F      P      S      T      W      Y      V
A8ESS4                         0.06832 0.03727 0.06832 0.05590 0.01242 0.04348 0.08075 0.07453 0.01863 0.09938 0.08696 0.08075 0.00621 0.03106 0.04348 0.04348 0.04348 0.00000 0.01242 0.09317
A6Q2V8                         0.06832 0.03727 0.05590 0.06211 0.01242 0.05590 0.07453 0.06211 0.01863 0.09317 0.09317 0.08075 0.01242 0.03727 0.05590 0.03727 0.04969 0.00000 0.00621 0.08696
A6Q7Z8                         0.06832 0.03727 0.05590 0.06832 0.01242 0.02484 0.08696 0.07453 0.01863 0.08696 0.09938 0.09317 0.01242 0.03727 0.04969 0.03727 0.04348 0.00000 0.00621 0.08696
B9L9L4                         0.08075 0.03106 0.06211 0.06211 0.01242 0.05590 0.09317 0.05590 0.01242 0.09938 0.08075 0.08696 0.01863 0.03106 0.04348 0.03106 0.04348 0.00000 0.01863 0.08075
D1B0Z5                         0.08075 0.04348 0.06832 0.05590 0.01242 0.04348 0.09317 0.06211 0.01863 0.08696 0.09938 0.06211 0.00621 0.03727 0.04348 0.04969 0.03727 0.00000 0.00621 0.09317
Q7M8W5                         0.09317 0.03727 0.05590 0.05590 0.01242 0.03106 0.09938 0.06211 0.01242 0.09938 0.09938 0.07453 0.00621 0.03106 0.04348 0.03727 0.06211 0.00000 0.01242 0.07453
Q4HDK7                         0.06832 0.03727 0.06832 0.03727 0.01242 0.01863 0.11180 0.07453 0.01863 0.09317 0.10559 0.08696 0.01863 0.03106 0.03727 0.04348 0.04969 0.00000 0.00621 0.08075
Q30RI1                         0.10559 0.04348 0.06211 0.06211 0.01242 0.03106 0.07453 0.05590 0.01242 0.08696 0.11801 0.06832 0.00000 0.03106 0.04348 0.04348 0.05590 0.00000 0.01242 0.08075
A7H3C1                         0.06832 0.03106 0.06211 0.03727 0.01242 0.02484 0.11180 0.06832 0.01863 0.09317 0.11180 0.09317 0.01242 0.03106 0.03727 0.04969 0.04969 0.00000 0.00621 0.08075
A8FLX9                         0.06832 0.02484 0.06211 0.03727 0.01242 0.02484 0.11180 0.06832 0.01863 0.09317 0.11180 0.09938 0.01242 0.03106 0.03727 0.04969 0.04969 0.00000 0.00621 0.08075
Q4HTL2                         0.06832 0.03727 0.06211 0.04348 0.01242 0.02484 0.11180 0.06832 0.01863 0.10559 0.10559 0.09317 0.00621 0.03106 0.03106 0.04969 0.04348 0.00000 0.00621 0.08075
B9KG21                         0.08075 0.03727 0.06211 0.04348 0.01242 0.02484 0.08696 0.06832 0.01863 0.09938 0.09317 0.08696 0.00621 0.03106 0.04348 0.06211 0.04348 0.00000 0.00621 0.09317
O25293                         0.08696 0.03727 0.07453 0.07453 0.02484 0.03727 0.06832 0.04969 0.01242 0.09938 0.11801 0.08075 0.00000 0.03106 0.03727 0.04969 0.03106 0.00000 0.00621 0.08075
B7KAM7                         0.10559 0.05590 0.04348 0.06832 0.01242 0.03727 0.08075 0.06211 0.01242 0.08075 0.09317 0.05590 0.00000 0.03727 0.03727 0.04969 0.02484 0.00000 0.00000 0.14286
Q5N3G3                         0.13665 0.06832 0.04348 0.06211 0.01242 0.04969 0.06832 0.06832 0.01242 0.08696 0.09317 0.03106 0.00000 0.03727 0.03727 0.04348 0.04348 0.00000 0.00000 0.10559
Q31QT3                         0.13665 0.06832 0.04348 0.06211 0.01242 0.04969 0.06832 0.06832 0.01242 0.08696 0.09317 0.03106 0.00000 0.03727 0.03727 0.04348 0.04348 0.00000 0.00000 0.10559
B0C6T6                         0.11180 0.06211 0.06211 0.05590 0.01242 0.04348 0.08075 0.06211 0.01242 0.08075 0.09317 0.03727 0.01242 0.03727 0.03727 0.05590 0.03727 0.00000 0.00000 0.10559
B5VZE1                         0.09938 0.06832 0.04969 0.04969 0.01242 0.06832 0.07453 0.06832 0.01242 0.08696 0.08696 0.03106 0.00000 0.03727 0.03727 0.05590 0.03727 0.00000 0.00621 0.11801
B7LSI7                         0.09938 0.03727 0.06211 0.06211 0.02484 0.02484 0.08075 0.08075 0.01863 0.07453 0.08075 0.06832 0.01242 0.04348 0.05590 0.01863 0.06832 0.00000 0.00000 0.08696
B7MTY7                         0.09938 0.03727 0.06211 0.06211 0.02484 0.02484 0.07453 0.08075 0.01863 0.07453 0.08075 0.07453 0.01242 0.04348 0.05590 0.01863 0.06832 0.00000 0.00000 0.08696
P0ABU2                         0.09938 0.03727 0.06211 0.06211 0.02484 0.02484 0.07453 0.08075 0.01863 0.07453 0.08075 0.07453 0.01242 0.04348 0.05590 0.01863 0.06832 0.00000 0.00000 0.08696
P73886                         0.10559 0.06211 0.04348 0.08075 0.01242 0.02484 0.07453 0.07453 0.01242 0.06211 0.09938 0.04969 0.00621 0.03727 0.03727 0.04969 0.01863 0.00000 0.00000 0.14907
Q2JHT5                         0.12422 0.06211 0.04348 0.04969 0.01863 0.05590 0.07453 0.07453 0.01863 0.08075 0.09938 0.04348 0.00000 0.03727 0.03727 0.04969 0.01863 0.00000 0.00000 0.11180
C7QTA1                         0.11801 0.04969 0.04969 0.06832 0.01242 0.03106 0.08075 0.06832 0.01242 0.07453 0.09317 0.06832 0.00000 0.03727 0.04348 0.04969 0.01863 0.00000 0.00000 0.12422
B7JX83                         0.11801 0.04969 0.04969 0.06832 0.01242 0.03106 0.08075 0.06832 0.01242 0.07453 0.09317 0.06832 0.00000 0.03727 0.04348 0.04969 0.01863 0.00000 0.00000 0.12422
B2IY39                         0.11801 0.06832 0.04969 0.06211 0.01242 0.03106 0.06832 0.06832 0.01863 0.09317 0.07453 0.03727 0.00000 0.04348 0.03727 0.05590 0.03106 0.00000 0.00000 0.13043
Q8DIJ8                         0.14286 0.06211 0.04969 0.04969 0.01242 0.03727 0.08696 0.06211 0.01242 0.08696 0.08696 0.04969 0.00000 0.03727 0.03727 0.03106 0.03106 0.00000 0.00000 0.12422
B9YRY9                         0.11180 0.06211 0.04969 0.06832 0.01242 0.04348 0.06211 0.06832 0.01863 0.10559 0.07453 0.04348 0.00000 0.04348 0.03727 0.04969 0.03727 0.00000 0.00000 0.11180
Q4C2A7                         0.10559 0.04969 0.04348 0.06832 0.01242 0.04348 0.08075 0.07453 0.01242 0.06832 0.09317 0.06211 0.00621 0.03727 0.04348 0.04348 0.03106 0.00000 0.00000 0.12422
B8HXN1                         0.11801 0.06832 0.04969 0.05590 0.01242 0.02484 0.09317 0.06832 0.00621 0.08075 0.09317 0.03727 0.00621 0.03727 0.03727 0.05590 0.04348 0.00000 0.00000 0.11180
B0JHK9                         0.11801 0.05590 0.06211 0.05590 0.01242 0.01863 0.09317 0.06832 0.01242 0.08075 0.09317 0.06211 0.00000 0.03727 0.03727 0.04969 0.01863 0.00000 0.00000 0.12422
Q116H3                         0.10559 0.06211 0.06211 0.04969 0.01242 0.04348 0.08075 0.06211 0.00621 0.07453 0.08696 0.04348 0.00000 0.03727 0.03727 0.06211 0.04348 0.00000 0.00000 0.13043
A0YPB7                         0.10559 0.06832 0.05590 0.05590 0.01242 0.03106 0.07453 0.07453 0.01242 0.11180 0.09317 0.04348 0.00000 0.03727 0.03727 0.04969 0.03106 0.00000 0.00000 0.10559
A0ZFP2                         0.11180 0.06832 0.05590 0.05590 0.01242 0.03727 0.07453 0.06832 0.01863 0.11180 0.07453 0.03106 0.00000 0.04348 0.03727 0.05590 0.03727 0.00000 0.00000 0.10559
Q8YYW9                         0.11180 0.06832 0.04348 0.05590 0.01242 0.04348 0.07453 0.07453 0.01863 0.09938 0.06832 0.03106 0.00000 0.04348 0.03727 0.06211 0.03106 0.00000 0.00000 0.12422
Q2JY55                         0.13665 0.06211 0.04348 0.04969 0.01863 0.04969 0.06832 0.07453 0.01863 0.07453 0.09317 0.04969 0.00621 0.03727 0.03727 0.04348 0.01863 0.00000 0.00000 0.11801
Q3M464                         0.11180 0.06832 0.04348 0.05590 0.01242 0.04348 0.07453 0.07453 0.01863 0.10559 0.06832 0.03106 0.00000 0.04348 0.03727 0.06211 0.03106 0.00000 0.00000 0.11801
B1XPK3                         0.12422 0.05590 0.03727 0.08696 0.01863 0.02484 0.06211 0.06832 0.01242 0.08696 0.09938 0.05590 0.00000 0.03727 0.03727 0.04969 0.01863 0.00000 0.00000 0.12422
A8G5S6                         0.07453 0.04348 0.05590 0.06832 0.01242 0.03727 0.07453 0.06832 0.01242 0.09317 0.10559 0.09317 0.00000 0.03727 0.03727 0.06832 0.03106 0.00000 0.00000 0.08696
Q7V0W4                         0.07453 0.03727 0.05590 0.05590 0.01242 0.04969 0.08075 0.06832 0.01242 0.09938 0.10559 0.08696 0.00000 0.03727 0.03727 0.07453 0.03106 0.00000 0.00000 0.08075
Q31A02                         0.08075 0.04348 0.06211 0.06832 0.01242 0.04348 0.07453 0.06832 0.01242 0.09938 0.10559 0.08696 0.00000 0.03727 0.03727 0.06211 0.02484 0.00000 0.00000 0.08075
A3ISA9                         0.09938 0.04348 0.04348 0.07453 0.01242 0.04348 0.08075 0.07453 0.01242 0.06211 0.09317 0.06211 0.01242 0.03727 0.03727 0.04969 0.02484 0.00000 0.00000 0.13665
A3PDX5                         0.07453 0.04348 0.06211 0.06211 0.01863 0.04348 0.07453 0.06832 0.01242 0.09317 0.10559 0.08696 0.00000 0.03727 0.03727 0.06211 0.03106 0.00000 0.00000 0.08696
B1WUN5                         0.10559 0.04348 0.04348 0.07453 0.01242 0.03727 0.08075 0.08075 0.01242 0.08075 0.09317 0.06832 0.00621 0.03727 0.03727 0.04348 0.01863 0.00000 0.00000 0.12422
A2BS36                         0.07453 0.04348 0.06211 0.06211 0.01242 0.04348 0.07453 0.06832 0.01242 0.09317 0.10559 0.08696 0.00000 0.03727 0.03727 0.06832 0.03106 0.00000 0.00000 0.08696
A2BXJ8                         0.08075 0.03727 0.05590 0.04969 0.01242 0.04969 0.08075 0.06211 0.02484 0.09938 0.10559 0.08696 0.00000 0.03727 0.03727 0.06211 0.03727 0.00000 0.00000 0.08075
A5GRW0                         0.12422 0.05590 0.04348 0.06832 0.01242 0.05590 0.08075 0.06832 0.01242 0.06211 0.08696 0.04348 0.00621 0.03727 0.03727 0.06211 0.03106 0.00000 0.00000 0.11180
Q7NGD8                         0.08696 0.04969 0.04348 0.05590 0.01242 0.04969 0.05590 0.08075 0.01863 0.08696 0.09317 0.04969 0.00000 0.03106 0.03727 0.07453 0.05590 0.00000 0.00621 0.11180
Q7VB66                         0.06211 0.05590 0.06211 0.06211 0.01242 0.04348 0.08075 0.07453 0.01242 0.08075 0.10559 0.06211 0.00000 0.03727 0.03727 0.06832 0.02484 0.00000 0.00000 0.11801
A3YXZ4                         0.10559 0.06211 0.04348 0.07453 0.01242 0.03727 0.07453 0.07453 0.01242 0.05590 0.08696 0.05590 0.00621 0.03727 0.04348 0.04969 0.02484 0.00000 0.00000 0.14286
A9BBD1                         0.11180 0.04969 0.06211 0.04969 0.01242 0.04348 0.08696 0.06832 0.01242 0.11180 0.10559 0.04969 0.00000 0.03727 0.03106 0.05590 0.01863 0.00000 0.00621 0.08696
A3Z7P0                         0.12422 0.05590 0.04348 0.06211 0.01242 0.04969 0.07453 0.08075 0.01242 0.05590 0.09938 0.05590 0.00621 0.03727 0.04348 0.04969 0.02484 0.00000 0.00000 0.11180
Q0IBM9                         0.09938 0.05590 0.04348 0.06832 0.01242 0.04348 0.08075 0.07453 0.01242 0.05590 0.09938 0.06832 0.01242 0.03727 0.03727 0.06211 0.03106 0.00000 0.00000 0.10559
Q7U8B7                         0.11801 0.05590 0.04348 0.06832 0.01242 0.04969 0.07453 0.07453 0.01242 0.06832 0.09317 0.05590 0.01242 0.03727 0.03727 0.04969 0.04348 0.00000 0.00000 0.09317
Q3AI77                         0.11180 0.06211 0.04348 0.06832 0.01242 0.03727 0.07453 0.08075 0.01242 0.06211 0.09317 0.06211 0.01242 0.03727 0.03727 0.04969 0.04348 0.00000 0.00000 0.09938
Q05XN7                         0.11180 0.05590 0.04348 0.06832 0.01242 0.04348 0.07453 0.07453 0.01242 0.05590 0.09317 0.06211 0.01242 0.03727 0.03727 0.06211 0.03727 0.00000 0.00000 0.10559
Q067S7                         0.09938 0.05590 0.04969 0.06832 0.01242 0.04969 0.06832 0.07453 0.01242 0.04969 0.09938 0.04969 0.01242 0.03727 0.03727 0.05590 0.05590 0.00000 0.00000 0.11180
A2C3T3                         0.08075 0.05590 0.06211 0.06832 0.01242 0.03727 0.06211 0.06832 0.01242 0.09317 0.10559 0.06832 0.00621 0.03727 0.03727 0.06832 0.03106 0.00000 0.00000 0.09317
Q46JU1                         0.08075 0.04969 0.06211 0.07453 0.01242 0.03727 0.05590 0.06832 0.01242 0.08696 0.10559 0.06832 0.00621 0.03727 0.03727 0.08075 0.03106 0.00000 0.00000 0.09317
Q3AZ14                         0.09938 0.05590 0.04969 0.06832 0.01242 0.04969 0.06832 0.07453 0.01242 0.04969 0.09938 0.04969 0.01242 0.03727 0.03727 0.06211 0.04969 0.00000 0.00000 0.11180
A2C812                         0.10559 0.05590 0.04969 0.06832 0.01863 0.03727 0.08075 0.06832 0.01242 0.05590 0.11180 0.05590 0.00621 0.04348 0.03727 0.06211 0.03106 0.00000 0.00000 0.09938
Q7V6K4                         0.10559 0.05590 0.04969 0.06832 0.01863 0.03727 0.08075 0.06832 0.01242 0.05590 0.09938 0.05590 0.01242 0.04969 0.03727 0.06211 0.03106 0.00000 0.00000 0.09938
A5GM76                         0.13043 0.05590 0.04348 0.06211 0.01242 0.03727 0.08075 0.07453 0.01242 0.06211 0.10559 0.04969 0.01242 0.03727 0.03727 0.05590 0.03727 0.00000 0.00000 0.09317
A4CVS8                         0.12422 0.05590 0.04348 0.06211 0.01242 0.04348 0.07453 0.07453 0.01242 0.06832 0.09938 0.04969 0.00621 0.03727 0.03727 0.06211 0.03106 0.00000 0.00000 0.10559
B4B3G1                         0.11801 0.05590 0.04348 0.07453 0.01242 0.03727 0.07453 0.06211 0.01242 0.07453 0.09938 0.05590 0.00000 0.03727 0.03727 0.04969 0.02484 0.00000 0.00000 0.13043

Homogeneity statistic: X2 = 3.39298 G = 3.39845 

Average                        0.10072 0.05141 0.05303 0.06144 0.01376 0.03918 0.07903 0.07004 0.01433 0.08256 0.09556 0.06192 0.00545 0.03727 0.03946 0.05217 0.03631 0.00000 0.00201 0.10435

# constant sites:     53 (32.92%)
ln Lmax (unconstrained) = -746.445721

AA distances (raw proportions of different sites)

A8ESS4         
A6Q2V8           0.1615
A6Q7Z8           0.2422  0.2484
B9L9L4           0.2236  0.2236  0.2422
D1B0Z5           0.1801  0.1988  0.2484  0.2671
Q7M8W5           0.2298  0.2112  0.2484  0.1988  0.2484
Q4HDK7           0.2547  0.2360  0.2671  0.2981  0.2609  0.2609
Q30RI1           0.2360  0.2298  0.1925  0.2671  0.2298  0.2236  0.2671
A7H3C1           0.2484  0.2298  0.2609  0.2857  0.2547  0.2547  0.0311  0.2547
A8FLX9           0.2422  0.2360  0.2671  0.2795  0.2609  0.2484  0.0373  0.2609  0.0062
Q4HTL2           0.2609  0.2484  0.2857  0.2919  0.2795  0.2733  0.0870  0.2981  0.0807  0.0745
B9KG21           0.2484  0.2236  0.2795  0.2795  0.2795  0.2484  0.1739  0.2609  0.1553  0.1491  0.1615
O25293           0.2981  0.3230  0.3106  0.3168  0.2671  0.2547  0.2795  0.2919  0.2733  0.2795  0.2919  0.3292
B7KAM7           0.3540  0.3665  0.4224  0.3540  0.3975  0.3416  0.4037  0.3913  0.3975  0.3913  0.3913  0.3851  0.3975
Q5N3G3           0.3975  0.3665  0.4534  0.4161  0.4286  0.3913  0.3975  0.3975  0.4037  0.4037  0.3975  0.4099  0.4286  0.1925
Q31QT3           0.3975  0.3665  0.4534  0.4161  0.4286  0.3913  0.3975  0.3975  0.4037  0.4037  0.3975  0.4099  0.4286  0.1925  0.0000
B0C6T6           0.3975  0.3789  0.4472  0.4099  0.4348  0.3789  0.4224  0.4286  0.4286  0.4224  0.4224  0.4161  0.4534  0.1677  0.1739  0.1739
B5VZE1           0.3665  0.3789  0.4348  0.3975  0.4224  0.3913  0.4037  0.4099  0.4099  0.4099  0.4099  0.4161  0.4348  0.1739  0.1491  0.1491  0.1925
B7LSI7           0.3602  0.3478  0.3789  0.3540  0.3975  0.3354  0.3975  0.3789  0.3913  0.3975  0.4037  0.3975  0.3851  0.3168  0.3292  0.3292  0.3416  0.3540
B7MTY7           0.3602  0.3478  0.3789  0.3540  0.3975  0.3354  0.3913  0.3789  0.3851  0.3913  0.3975  0.3975  0.3789  0.3168  0.3292  0.3292  0.3416  0.3540  0.0062
P0ABU2           0.3602  0.3478  0.3789  0.3540  0.3975  0.3354  0.3913  0.3789  0.3851  0.3913  0.3975  0.3975  0.3789  0.3168  0.3292  0.3292  0.3416  0.3540  0.0062  0.0000
P73886           0.3975  0.3789  0.4348  0.3913  0.4410  0.3789  0.4161  0.4224  0.4224  0.4161  0.4224  0.3851  0.4410  0.1429  0.2174  0.2174  0.1863  0.2360  0.3354  0.3354  0.3354
Q2JHT5           0.3789  0.3602  0.4286  0.4037  0.4099  0.3665  0.3975  0.3913  0.3913  0.3913  0.3975  0.3727  0.4286  0.2236  0.2298  0.2298  0.2484  0.2236  0.3540  0.3540  0.3540  0.2733
C7QTA1           0.3789  0.3727  0.4286  0.3727  0.4099  0.3789  0.4037  0.4099  0.3975  0.3913  0.3913  0.4037  0.4224  0.1180  0.1925  0.1925  0.1739  0.1677  0.3292  0.3230  0.3230  0.1677  0.2422
B7JX83           0.3789  0.3727  0.4286  0.3727  0.4099  0.3789  0.4037  0.4099  0.3975  0.3913  0.3913  0.4037  0.4224  0.1180  0.1925  0.1925  0.1739  0.1677  0.3292  0.3230  0.3230  0.1677  0.2422  0.0000
B2IY39           0.4037  0.3975  0.4596  0.4099  0.4161  0.3851  0.4224  0.4224  0.4286  0.4286  0.4286  0.4286  0.4410  0.1988  0.1801  0.1801  0.2236  0.1801  0.3354  0.3354  0.3354  0.2484  0.2422  0.2547  0.2547
Q8DIJ8           0.3727  0.3851  0.4286  0.3913  0.4224  0.3665  0.4037  0.4224  0.4037  0.4037  0.3913  0.3975  0.4037  0.1491  0.1988  0.1988  0.1863  0.1801  0.3292  0.3292  0.3292  0.2050  0.1863  0.1801  0.1801  0.2050
B9YRY9           0.4037  0.4037  0.4658  0.4037  0.4037  0.3789  0.4224  0.4286  0.4286  0.4286  0.4348  0.4348  0.4161  0.1925  0.2050  0.2050  0.2360  0.1925  0.3540  0.3540  0.3540  0.2422  0.2547  0.2360  0.2360  0.0807  0.2050
Q4C2A7           0.3975  0.3851  0.4534  0.3975  0.4348  0.3851  0.4286  0.4410  0.4224  0.4161  0.4037  0.3975  0.4410  0.1491  0.2174  0.2174  0.1925  0.2112  0.3168  0.3168  0.3168  0.1553  0.2484  0.0932  0.0932  0.2671  0.1925  0.2484
B8HXN1           0.4224  0.3975  0.4224  0.3975  0.4410  0.3665  0.3913  0.3975  0.4037  0.4037  0.3975  0.3975  0.4161  0.1863  0.1925  0.1925  0.1801  0.1615  0.3416  0.3416  0.3416  0.2236  0.2236  0.1863  0.1863  0.2112  0.1553  0.2360  0.2174
B0JHK9           0.3416  0.3416  0.4099  0.3416  0.3975  0.3354  0.3789  0.3789  0.3727  0.3665  0.3727  0.3665  0.4099  0.0994  0.1677  0.1677  0.1677  0.1615  0.3043  0.3043  0.3043  0.1615  0.2360  0.1118  0.1118  0.2236  0.1677  0.2174  0.1366  0.1925
Q116H3           0.3789  0.3478  0.4348  0.4037  0.4099  0.3789  0.3851  0.4161  0.3913  0.3913  0.3975  0.3975  0.4224  0.1615  0.1553  0.1553  0.1491  0.1304  0.3230  0.3230  0.3230  0.1988  0.2174  0.1863  0.1863  0.1739  0.1615  0.1925  0.2112  0.1553  0.1615
A0YPB7           0.3851  0.4037  0.4224  0.3913  0.4161  0.3789  0.4037  0.3913  0.4099  0.4099  0.4037  0.4099  0.4224  0.1553  0.1863  0.1863  0.2174  0.1304  0.3478  0.3478  0.3478  0.2547  0.2298  0.1925  0.1925  0.1553  0.1739  0.1863  0.2298  0.1677  0.1739  0.1863
A0ZFP2           0.4161  0.4099  0.4658  0.4161  0.3975  0.3913  0.4286  0.4286  0.4348  0.4348  0.4348  0.4410  0.4286  0.2112  0.1988  0.1988  0.2360  0.2050  0.3540  0.3540  0.3540  0.2609  0.2484  0.2484  0.2484  0.0621  0.2298  0.0621  0.2671  0.2298  0.2360  0.1801  0.1677
Q8YYW9           0.4099  0.3975  0.4472  0.4099  0.4224  0.3851  0.4286  0.4286  0.4348  0.4348  0.4348  0.4286  0.4410  0.2050  0.1801  0.1801  0.2112  0.1739  0.3540  0.3540  0.3540  0.2422  0.2236  0.2422  0.2422  0.0621  0.1925  0.0870  0.2547  0.2050  0.2174  0.1615  0.1739  0.0932
Q2JY55           0.3975  0.3727  0.4348  0.4099  0.4161  0.3851  0.4099  0.3975  0.4037  0.4037  0.4099  0.3789  0.4472  0.2174  0.2360  0.2360  0.2484  0.2298  0.3602  0.3602  0.3602  0.2547  0.0621  0.2298  0.2298  0.2547  0.1863  0.2671  0.2422  0.2236  0.2360  0.2174  0.2484  0.2609  0.2360
Q3M464           0.4099  0.3975  0.4472  0.4099  0.4224  0.3851  0.4286  0.4286  0.4348  0.4348  0.4348  0.4286  0.4410  0.2050  0.1801  0.1801  0.2112  0.1739  0.3540  0.3540  0.3540  0.2484  0.2236  0.2360  0.2360  0.0683  0.1925  0.0807  0.2484  0.2050  0.2174  0.1615  0.1739  0.0870  0.0062  0.2360
B1XPK3           0.3665  0.3602  0.4348  0.3851  0.3913  0.3789  0.4099  0.4037  0.4037  0.3975  0.3975  0.3975  0.3913  0.1429  0.2050  0.2050  0.2050  0.2112  0.3354  0.3292  0.3292  0.1677  0.2236  0.1304  0.1304  0.2360  0.1925  0.2360  0.1801  0.2174  0.1553  0.1863  0.2112  0.2609  0.2174  0.2236  0.2236
A8G5S6           0.3789  0.3913  0.4410  0.3975  0.4224  0.3913  0.3913  0.4037  0.3913  0.3913  0.3789  0.3913  0.4224  0.2671  0.2671  0.2671  0.2795  0.2609  0.3789  0.3789  0.3789  0.2981  0.3168  0.2484  0.2484  0.3106  0.2795  0.2733  0.2547  0.2795  0.2547  0.2671  0.2733  0.2919  0.2919  0.3292  0.2919  0.2795
Q7V0W4           0.3789  0.3851  0.4286  0.3975  0.4099  0.3913  0.4037  0.3851  0.3913  0.3913  0.3975  0.3975  0.4099  0.2733  0.2857  0.2857  0.2919  0.2733  0.3789  0.3789  0.3789  0.3168  0.3106  0.2484  0.2484  0.3230  0.3043  0.2981  0.2609  0.2919  0.2609  0.2857  0.2795  0.3043  0.3168  0.3230  0.3168  0.2919  0.0497
Q31A02           0.3789  0.3851  0.4410  0.3975  0.4224  0.3913  0.3913  0.3913  0.3913  0.3913  0.3851  0.3913  0.4224  0.2671  0.2671  0.2671  0.2795  0.2609  0.3727  0.3727  0.3727  0.2981  0.3168  0.2484  0.2484  0.3168  0.2919  0.2857  0.2609  0.2795  0.2547  0.2733  0.2671  0.2919  0.3043  0.3292  0.3043  0.2795  0.0248  0.0497
A3ISA9           0.3975  0.3851  0.4596  0.3913  0.4348  0.3975  0.4348  0.4472  0.4286  0.4224  0.4099  0.4161  0.4410  0.1491  0.2174  0.2174  0.1925  0.2174  0.3168  0.3168  0.3168  0.1615  0.2671  0.0932  0.0932  0.2609  0.2050  0.2484  0.0559  0.2236  0.1429  0.2112  0.2236  0.2609  0.2547  0.2609  0.2484  0.1801  0.2609  0.2671  0.2671
A3PDX5           0.3789  0.3851  0.4410  0.3975  0.4224  0.3913  0.3913  0.3975  0.3913  0.3913  0.3851  0.3975  0.4224  0.2671  0.2733  0.2733  0.2733  0.2547  0.3789  0.3789  0.3789  0.2981  0.3106  0.2360  0.2360  0.3168  0.2795  0.2733  0.2547  0.2733  0.2547  0.2671  0.2733  0.2919  0.2919  0.3230  0.2919  0.2857  0.0186  0.0497  0.0311  0.2609
B1WUN5           0.3975  0.3789  0.4348  0.3851  0.4161  0.3851  0.4161  0.4286  0.4099  0.4037  0.3913  0.4037  0.4224  0.1180  0.2112  0.2112  0.1801  0.2112  0.3230  0.3230  0.3230  0.1553  0.2484  0.0870  0.0870  0.2484  0.1925  0.2298  0.0621  0.2236  0.1304  0.1988  0.2174  0.2484  0.2360  0.2422  0.2298  0.1677  0.2547  0.2609  0.2609  0.0497  0.2547
A2BS36           0.3789  0.3851  0.4410  0.3975  0.4224  0.3913  0.3913  0.3975  0.3913  0.3913  0.3851  0.3975  0.4224  0.2671  0.2671  0.2671  0.2733  0.2547  0.3789  0.3789  0.3789  0.2981  0.3106  0.2360  0.2360  0.3106  0.2795  0.2733  0.2547  0.2671  0.2547  0.2671  0.2733  0.2857  0.2919  0.3230  0.2919  0.2857  0.0124  0.0435  0.0248  0.2609  0.0062  0.2547
A2BXJ8           0.3975  0.3913  0.4410  0.4037  0.4099  0.3913  0.4099  0.3913  0.3975  0.3975  0.4037  0.3913  0.4099  0.2671  0.2919  0.2919  0.3043  0.2919  0.3665  0.3665  0.3665  0.3043  0.3168  0.2671  0.2671  0.3230  0.2981  0.2981  0.2547  0.2981  0.2671  0.2795  0.2733  0.2857  0.3230  0.3292  0.3230  0.2919  0.0932  0.0745  0.0870  0.2609  0.0994  0.2609  0.0932
A5GRW0           0.4037  0.4224  0.4472  0.3975  0.4286  0.3975  0.4286  0.4099  0.4348  0.4348  0.4224  0.4224  0.4286  0.1925  0.2298  0.2298  0.2174  0.2174  0.3602  0.3602  0.3602  0.2298  0.2857  0.1801  0.1801  0.2609  0.2298  0.2484  0.1863  0.1863  0.1988  0.2422  0.2174  0.2609  0.2671  0.2857  0.2671  0.2360  0.2112  0.2236  0.2050  0.1863  0.2112  0.1863  0.2050  0.2236
Q7NGD8           0.4286  0.4348  0.4845  0.4348  0.4596  0.4410  0.4472  0.4658  0.4472  0.4472  0.4410  0.4410  0.4596  0.2857  0.2857  0.2857  0.3354  0.2733  0.4099  0.4099  0.4099  0.3168  0.3106  0.2795  0.2795  0.2795  0.3230  0.2795  0.3043  0.3043  0.2795  0.2919  0.3043  0.2919  0.2919  0.2981  0.2919  0.3106  0.3106  0.3106  0.3168  0.3043  0.3168  0.2795  0.3106  0.3354  0.3106
Q7VB66           0.3975  0.3913  0.4472  0.4161  0.4224  0.4099  0.4037  0.4410  0.4099  0.4099  0.3913  0.4099  0.4596  0.2360  0.2422  0.2422  0.2298  0.2422  0.3975  0.3975  0.3975  0.2547  0.3043  0.2236  0.2236  0.2857  0.2733  0.2547  0.2484  0.2671  0.2360  0.2360  0.2547  0.2733  0.2733  0.2981  0.2733  0.2795  0.2112  0.2298  0.2236  0.2298  0.2174  0.2298  0.2174  0.2422  0.1739  0.3230
A3YXZ4           0.4037  0.4037  0.4286  0.4037  0.4286  0.3975  0.4161  0.4161  0.4224  0.4224  0.4161  0.4224  0.4348  0.1925  0.1988  0.1988  0.2174  0.2174  0.3540  0.3540  0.3540  0.2298  0.3043  0.1988  0.1988  0.2422  0.2174  0.2422  0.2236  0.1801  0.1925  0.2112  0.2112  0.2609  0.2236  0.2919  0.2236  0.2112  0.2050  0.2360  0.2112  0.2174  0.2236  0.2112  0.2174  0.2360  0.1180  0.3106  0.1615
A9BBD1           0.4161  0.4037  0.4348  0.3789  0.4286  0.3975  0.3975  0.4410  0.4037  0.4037  0.3851  0.4037  0.4286  0.2484  0.2671  0.2671  0.2733  0.2609  0.3913  0.3913  0.3913  0.2795  0.2795  0.2484  0.2484  0.2547  0.2733  0.2484  0.2609  0.2609  0.2609  0.2671  0.2484  0.2547  0.2484  0.2857  0.2484  0.2671  0.2547  0.2671  0.2547  0.2547  0.2609  0.2360  0.2547  0.2609  0.1925  0.3043  0.1491  0.2050
A3Z7P0           0.4224  0.4099  0.4348  0.4099  0.4472  0.4161  0.4286  0.4286  0.4348  0.4348  0.4286  0.4348  0.4472  0.1988  0.2360  0.2360  0.2236  0.2298  0.3665  0.3665  0.3665  0.2484  0.2857  0.2050  0.2050  0.2547  0.2422  0.2422  0.2298  0.2236  0.2112  0.2298  0.2298  0.2671  0.2298  0.2857  0.2298  0.2298  0.2174  0.2360  0.2112  0.2174  0.2174  0.2050  0.2174  0.2298  0.1180  0.3106  0.1615  0.1056  0.1739
Q0IBM9           0.4161  0.4099  0.4348  0.4161  0.4348  0.4161  0.4161  0.4286  0.4224  0.4224  0.4161  0.4410  0.4472  0.2236  0.2298  0.2298  0.2236  0.2236  0.3727  0.3665  0.3665  0.2484  0.2919  0.2050  0.2050  0.2547  0.2484  0.2360  0.2236  0.2112  0.2298  0.2298  0.2236  0.2671  0.2360  0.2981  0.2360  0.2484  0.2050  0.2236  0.2050  0.2050  0.2050  0.2174  0.2050  0.2360  0.1180  0.3230  0.1366  0.1118  0.1988  0.0559
Q7U8B7           0.4224  0.4286  0.4410  0.4099  0.4410  0.4161  0.4348  0.4348  0.4410  0.4410  0.4286  0.4410  0.4472  0.2050  0.2174  0.2174  0.2298  0.2422  0.3540  0.3540  0.3540  0.2484  0.2981  0.2174  0.2174  0.2360  0.2298  0.2547  0.2174  0.2174  0.2112  0.2360  0.2174  0.2547  0.2422  0.3043  0.2422  0.2422  0.2236  0.2360  0.2236  0.2050  0.2298  0.2050  0.2236  0.2236  0.1118  0.3292  0.1863  0.1242  0.1863  0.0807  0.0870
Q3AI77           0.4286  0.4348  0.4472  0.4224  0.4472  0.4286  0.4410  0.4410  0.4472  0.4472  0.4348  0.4534  0.4472  0.2112  0.2298  0.2298  0.2298  0.2547  0.3665  0.3602  0.3602  0.2484  0.3106  0.2174  0.2174  0.2609  0.2422  0.2609  0.2236  0.2298  0.2298  0.2422  0.2298  0.2733  0.2547  0.3106  0.2547  0.2422  0.2360  0.2547  0.2360  0.2112  0.2360  0.2112  0.2360  0.2484  0.1242  0.3354  0.1801  0.1304  0.1925  0.0870  0.0807  0.0435
Q05XN7           0.4224  0.4224  0.4410  0.4161  0.4472  0.4161  0.4348  0.4286  0.4410  0.4410  0.4348  0.4410  0.4534  0.2112  0.2174  0.2174  0.2174  0.2298  0.3602  0.3602  0.3602  0.2360  0.2981  0.2050  0.2050  0.2484  0.2422  0.2422  0.2174  0.2050  0.2174  0.2360  0.2174  0.2609  0.2422  0.3043  0.2422  0.2422  0.2050  0.2236  0.1988  0.1988  0.2112  0.2112  0.2050  0.2298  0.0994  0.3230  0.1491  0.0932  0.1801  0.0497  0.0248  0.0621  0.0683
Q067S7           0.4224  0.4224  0.4596  0.4348  0.4534  0.4286  0.4286  0.4348  0.4348  0.4348  0.4286  0.4472  0.4596  0.2174  0.2236  0.2236  0.2298  0.2360  0.3602  0.3540  0.3540  0.2484  0.3230  0.2050  0.2050  0.2733  0.2547  0.2547  0.2174  0.2360  0.2236  0.2422  0.2484  0.2733  0.2671  0.3106  0.2671  0.2547  0.1988  0.2174  0.1925  0.2050  0.1988  0.2174  0.1988  0.2236  0.1118  0.3416  0.1491  0.1242  0.2236  0.0994  0.0621  0.0932  0.0932  0.0621
A2C3T3           0.4224  0.4099  0.4410  0.4037  0.4410  0.3975  0.4224  0.4286  0.4224  0.4224  0.4224  0.4286  0.4472  0.2422  0.2360  0.2360  0.2422  0.2422  0.3665  0.3665  0.3665  0.2609  0.3168  0.2236  0.2236  0.2733  0.2671  0.2422  0.2174  0.2609  0.2236  0.2298  0.2422  0.2733  0.2609  0.3354  0.2609  0.2547  0.2112  0.2236  0.2174  0.2236  0.2112  0.2236  0.2112  0.2484  0.1739  0.3354  0.1739  0.1863  0.2050  0.1925  0.1801  0.1739  0.1615  0.1739  0.1925
Q46JU1           0.4224  0.4099  0.4348  0.3913  0.4410  0.3913  0.4224  0.4286  0.4224  0.4224  0.4224  0.4286  0.4348  0.2298  0.2422  0.2422  0.2484  0.2422  0.3602  0.3602  0.3602  0.2547  0.3168  0.2298  0.2298  0.2609  0.2733  0.2298  0.2236  0.2609  0.2236  0.2298  0.2422  0.2609  0.2484  0.3354  0.2484  0.2609  0.2112  0.2236  0.2174  0.2298  0.2112  0.2174  0.2112  0.2484  0.1739  0.3230  0.1801  0.1863  0.1988  0.1925  0.1801  0.1739  0.1615  0.1739  0.1925  0.0186
Q3AZ14           0.4224  0.4161  0.4534  0.4286  0.4472  0.4224  0.4286  0.4286  0.4348  0.4348  0.4286  0.4410  0.4596  0.2112  0.2174  0.2174  0.2236  0.2298  0.3602  0.3540  0.3540  0.2422  0.3168  0.1988  0.1988  0.2671  0.2547  0.2484  0.2112  0.2298  0.2174  0.2360  0.2422  0.2671  0.2609  0.3043  0.2609  0.2484  0.1988  0.2174  0.1925  0.1988  0.1988  0.2112  0.1988  0.2236  0.1056  0.3354  0.1429  0.1242  0.2174  0.0932  0.0559  0.0870  0.0870  0.0559  0.0062  0.1863  0.1863
A2C812           0.4348  0.4224  0.4410  0.4099  0.4410  0.4224  0.4348  0.4410  0.4410  0.4410  0.4286  0.4472  0.4534  0.2298  0.2671  0.2671  0.2609  0.2484  0.3851  0.3789  0.3789  0.2609  0.2919  0.2236  0.2236  0.2733  0.2671  0.2671  0.2422  0.2174  0.2422  0.2547  0.2298  0.2733  0.2671  0.3106  0.2671  0.2547  0.2298  0.2484  0.2236  0.2298  0.2298  0.2298  0.2298  0.2547  0.1366  0.3354  0.1739  0.1429  0.1801  0.1180  0.0994  0.1304  0.1180  0.0994  0.1242  0.1677  0.1553  0.1180
Q7V6K4           0.4348  0.4224  0.4410  0.4099  0.4410  0.4224  0.4348  0.4410  0.4410  0.4410  0.4286  0.4472  0.4534  0.2298  0.2671  0.2671  0.2609  0.2547  0.3851  0.3789  0.3789  0.2609  0.2981  0.2236  0.2236  0.2671  0.2671  0.2609  0.2422  0.2236  0.2422  0.2547  0.2360  0.2671  0.2609  0.3106  0.2609  0.2609  0.2298  0.2484  0.2236  0.2298  0.2298  0.2298  0.2298  0.2547  0.1366  0.3354  0.1801  0.1429  0.1863  0.1242  0.1056  0.1304  0.1180  0.0994  0.1242  0.1739  0.1615  0.1180  0.0124
A5GM76           0.4286  0.4348  0.4534  0.4161  0.4534  0.4099  0.4348  0.4348  0.4410  0.4410  0.4348  0.4472  0.4472  0.2174  0.2360  0.2360  0.2298  0.2547  0.3665  0.3665  0.3665  0.2547  0.3106  0.2298  0.2298  0.2609  0.2298  0.2671  0.2298  0.2236  0.2236  0.2360  0.2360  0.2733  0.2484  0.3230  0.2484  0.2422  0.2112  0.2360  0.2112  0.2174  0.2236  0.2174  0.2174  0.2298  0.1242  0.3416  0.1863  0.1118  0.1925  0.0745  0.0807  0.0621  0.0807  0.0559  0.0932  0.1801  0.1801  0.0932  0.1304  0.1304
A4CVS8           0.4224  0.4348  0.4472  0.4224  0.4534  0.4161  0.4348  0.4286  0.4410  0.4410  0.4286  0.4410  0.4534  0.2174  0.2360  0.2360  0.2298  0.2360  0.3727  0.3727  0.3727  0.2609  0.2981  0.2112  0.2112  0.2671  0.2360  0.2609  0.2174  0.2050  0.2236  0.2484  0.2236  0.2795  0.2422  0.3043  0.2422  0.2422  0.1988  0.2174  0.1925  0.2050  0.2050  0.2112  0.1988  0.2298  0.1118  0.3292  0.1677  0.0932  0.1863  0.0745  0.0621  0.0745  0.0870  0.0435  0.0807  0.1677  0.1677  0.0807  0.1118  0.1118  0.0373
B4B3G1           0.3540  0.3540  0.4161  0.3416  0.3789  0.3354  0.3913  0.3727  0.3851  0.3789  0.3851  0.3851  0.3851  0.0311  0.1677  0.1677  0.1615  0.1677  0.2981  0.2981  0.2981  0.1553  0.2050  0.1056  0.1056  0.1863  0.1491  0.1801  0.1366  0.1801  0.0932  0.1491  0.1553  0.1988  0.1925  0.2174  0.1925  0.1304  0.2547  0.2609  0.2547  0.1366  0.2547  0.1056  0.2547  0.2547  0.1801  0.2857  0.2484  0.1925  0.2422  0.2050  0.2298  0.2050  0.2174  0.2174  0.2236  0.2236  0.2112  0.2174  0.2236  0.2236  0.2174  0.2236


TREE #  1:  (9, 10, (7, (11, (12, ((3, 8), ((2, (1, 5)), ((4, ((19, (21, 20)), (48, (((50, (47, (52, ((56, ((61, 62), (53, (57, 60)))), ((63, 64), (54, 55)))))), ((49, 51), ((46, (40, (39, (41, (43, 45))))), (58, 59)))), ((38, (((24, 25), (29, (42, 44))), ((14, 65), (22, 31)))), (((15, 16), (17, 32)), ((((35, 37), (28, (26, 34))), (33, 18)), ((23, 36), (27, 30))))))))), (6, 13))))))));   MP score: 857
lnL(ntime:127  np:128):  -4790.581383      +0.000000
  66..9    66..10   66..67   67..7    67..68   68..11   68..69   69..12   69..70   70..71   71..3    71..8    70..72   72..73   73..2    73..74   74..1    74..5    72..75   75..76   76..4    76..77   77..78   78..19   78..79   79..21   79..20   77..80   80..48   80..81   81..82   82..83   83..50   83..84   84..47   84..85   85..52   85..86   86..87   87..56   87..88   88..89   89..61   89..62   88..90   90..53   90..91   91..57   91..60   86..92   92..93   93..63   93..64   92..94   94..54   94..55   82..95   95..96   96..49   96..51   95..97   97..98   98..46   98..99   99..40   99..100 100..39  100..101 101..41  101..102 102..43  102..45   97..103 103..58  103..59   81..104 104..105 105..38  105..106 106..107 107..108 108..24  108..25  107..109 109..29  109..110 110..42  110..44  106..111 111..112 112..14  112..65  111..113 113..22  113..31  104..114 114..115 115..116 116..15  116..16  115..117 117..17  117..32  114..118 118..119 119..120 120..121 121..35  121..37  120..122 122..28  122..123 123..26  123..34  119..124 124..33  124..18  118..125 125..126 126..23  126..36  125..127 127..27  127..30   75..128 128..6   128..13 
 0.000004 0.009219 0.013459 0.034251 0.044498 0.075983 0.108224 0.157411 0.196786 0.111907 0.220842 0.197432 0.034956 0.071392 0.152195 0.050577 0.131153 0.243123 0.068785 0.039777 0.216725 0.335407 0.380594 0.009380 0.000004 0.000004 0.000004 0.330616 0.550017 0.049334 0.230806 0.028255 0.087682 0.035401 0.100971 0.025091 0.054784 0.018374 0.016447 0.000004 0.009520 0.158358 0.013128 0.005142 0.008575 0.018522 0.069143 0.008699 0.000004 0.010295 0.038466 0.032659 0.021119 0.046505 0.029883 0.039832 0.052751 0.057859 0.094984 0.185477 0.015285 0.350601 0.064042 0.036537 0.006804 0.054729 0.009136 0.000004 0.026675 0.007903 0.008484 0.000004 0.197017 0.021407 0.007051 0.011081 0.042343 0.223064 0.000004 0.117071 0.034962 0.000004 0.000004 0.078184 0.046991 0.018936 0.037556 0.049126 0.000004 0.032282 0.034729 0.009315 0.025150 0.257131 0.093957 0.053174 0.032805 0.173445 0.000004 0.000004 0.036104 0.152073 0.088251 0.021262 0.030755 0.159783 0.045051 0.008533 0.000004 0.026638 0.066042 0.015442 0.039611 0.047950 0.024958 0.120463 0.092137 0.029933 0.249228 0.029318 0.066908 0.000799 0.131183 0.145779 0.085620 0.120442 0.453932 0.508832

tree length =   9.79800

(9: 0.000004, 10: 0.009219, (7: 0.034251, (11: 0.075983, (12: 0.157411, ((3: 0.220842, 8: 0.197432): 0.111907, ((2: 0.152195, (1: 0.131153, 5: 0.243123): 0.050577): 0.071392, ((4: 0.216725, ((19: 0.009380, (21: 0.000004, 20: 0.000004): 0.000004): 0.380594, (48: 0.550017, (((50: 0.087682, (47: 0.100971, (52: 0.054784, ((56: 0.000004, ((61: 0.013128, 62: 0.005142): 0.158358, (53: 0.018522, (57: 0.008699, 60: 0.000004): 0.069143): 0.008575): 0.009520): 0.016447, ((63: 0.032659, 64: 0.021119): 0.038466, (54: 0.029883, 55: 0.039832): 0.046505): 0.010295): 0.018374): 0.025091): 0.035401): 0.028255, ((49: 0.094984, 51: 0.185477): 0.057859, ((46: 0.064042, (40: 0.006804, (39: 0.009136, (41: 0.026675, (43: 0.008484, 45: 0.000004): 0.007903): 0.000004): 0.054729): 0.036537): 0.350601, (58: 0.021407, 59: 0.007051): 0.197017): 0.015285): 0.052751): 0.230806, ((38: 0.223064, (((24: 0.000004, 25: 0.000004): 0.034962, (29: 0.046991, (42: 0.037556, 44: 0.049126): 0.018936): 0.078184): 0.117071, ((14: 0.034729, 65: 0.009315): 0.032282, (22: 0.257131, 31: 0.093957): 0.025150): 0.000004): 0.000004): 0.042343, (((15: 0.000004, 16: 0.000004): 0.173445, (17: 0.152073, 32: 0.088251): 0.036104): 0.032805, ((((35: 0.008533, 37: 0.000004): 0.045051, (28: 0.066042, (26: 0.039611, 34: 0.047950): 0.015442): 0.026638): 0.159783, (33: 0.120463, 18: 0.092137): 0.024958): 0.030755, ((23: 0.029318, 36: 0.066908): 0.249228, (27: 0.131183, 30: 0.145779): 0.000799): 0.029933): 0.021262): 0.053174): 0.011081): 0.049334): 0.330616): 0.335407): 0.039777, (6: 0.120442, 13: 0.453932): 0.085620): 0.068785): 0.034956): 0.196786): 0.108224): 0.044498): 0.013459);

(A7H3C1: 0.000004, A8FLX9: 0.009219, (Q4HDK7: 0.034251, (Q4HTL2: 0.075983, (B9KG21: 0.157411, ((A6Q7Z8: 0.220842, Q30RI1: 0.197432): 0.111907, ((A6Q2V8: 0.152195, (A8ESS4: 0.131153, D1B0Z5: 0.243123): 0.050577): 0.071392, ((B9L9L4: 0.216725, ((B7LSI7: 0.009380, (P0ABU2: 0.000004, B7MTY7: 0.000004): 0.000004): 0.380594, (Q7NGD8: 0.550017, (((A3YXZ4: 0.087682, (A5GRW0: 0.100971, (A3Z7P0: 0.054784, ((Q05XN7: 0.000004, ((A2C812: 0.013128, Q7V6K4: 0.005142): 0.158358, (Q0IBM9: 0.018522, (Q067S7: 0.008699, Q3AZ14: 0.000004): 0.069143): 0.008575): 0.009520): 0.016447, ((A5GM76: 0.032659, A4CVS8: 0.021119): 0.038466, (Q7U8B7: 0.029883, Q3AI77: 0.039832): 0.046505): 0.010295): 0.018374): 0.025091): 0.035401): 0.028255, ((Q7VB66: 0.094984, A9BBD1: 0.185477): 0.057859, ((A2BXJ8: 0.064042, (Q7V0W4: 0.006804, (A8G5S6: 0.009136, (Q31A02: 0.026675, (A3PDX5: 0.008484, A2BS36: 0.000004): 0.007903): 0.000004): 0.054729): 0.036537): 0.350601, (A2C3T3: 0.021407, Q46JU1: 0.007051): 0.197017): 0.015285): 0.052751): 0.230806, ((B1XPK3: 0.223064, (((C7QTA1: 0.000004, B7JX83: 0.000004): 0.034962, (Q4C2A7: 0.046991, (A3ISA9: 0.037556, B1WUN5: 0.049126): 0.018936): 0.078184): 0.117071, ((B7KAM7: 0.034729, B4B3G1: 0.009315): 0.032282, (P73886: 0.257131, B0JHK9: 0.093957): 0.025150): 0.000004): 0.000004): 0.042343, (((Q5N3G3: 0.000004, Q31QT3: 0.000004): 0.173445, (B0C6T6: 0.152073, Q116H3: 0.088251): 0.036104): 0.032805, ((((Q8YYW9: 0.008533, Q3M464: 0.000004): 0.045051, (B9YRY9: 0.066042, (B2IY39: 0.039611, A0ZFP2: 0.047950): 0.015442): 0.026638): 0.159783, (A0YPB7: 0.120463, B5VZE1: 0.092137): 0.024958): 0.030755, ((Q2JHT5: 0.029318, Q2JY55: 0.066908): 0.249228, (Q8DIJ8: 0.131183, B8HXN1: 0.145779): 0.000799): 0.029933): 0.021262): 0.053174): 0.011081): 0.049334): 0.330616): 0.335407): 0.039777, (Q7M8W5: 0.120442, O25293: 0.453932): 0.085620): 0.068785): 0.034956): 0.196786): 0.108224): 0.044498): 0.013459);

Detailed output identifying parameters

alpha (gamma, K = 4) =  0.50883
rate:   0.03504  0.25764  0.82659  2.88073
freq:   0.25000  0.25000  0.25000  0.25000

Time used: 17:18
