AAML (in paml version 4.6, August 2012)  278.aa
Model: Empirical for branches,  Global clock  (../../../bin/LG.dat) dGamma (ncatG=5) ns =  65  ls = 277


Frequencies..
                                    A      R      N      D      C      Q      E      G      H      I      L      K      M      F      P      S      T      W      Y      V
A8EU15                         0.07581 0.02166 0.03249 0.06498 0.01805 0.01805 0.08664 0.09386 0.01444 0.07942 0.06498 0.09386 0.02166 0.03610 0.04693 0.04693 0.04693 0.00000 0.04332 0.09386
B9L9E7                         0.07942 0.02166 0.02527 0.09025 0.01805 0.01805 0.07942 0.08664 0.00722 0.06137 0.06498 0.11191 0.03249 0.04332 0.03971 0.03971 0.02527 0.00000 0.04693 0.10830
Q30TH6                         0.08303 0.03971 0.02888 0.07581 0.01805 0.02166 0.06859 0.08664 0.01805 0.06859 0.06859 0.05776 0.04693 0.04693 0.04332 0.04332 0.04693 0.00000 0.04693 0.09025
D1B016                         0.09747 0.02527 0.03249 0.05415 0.01805 0.02527 0.08303 0.08303 0.02166 0.07581 0.09025 0.07581 0.02166 0.03971 0.04693 0.03249 0.04332 0.00000 0.05054 0.08303
A6Q4N6                         0.10469 0.03249 0.02888 0.05776 0.01444 0.01805 0.09386 0.09025 0.01444 0.07581 0.08664 0.06859 0.02166 0.04332 0.05054 0.03610 0.02888 0.00000 0.05054 0.08303
A6QBH9                         0.10108 0.02888 0.02527 0.06137 0.01805 0.02166 0.08303 0.09386 0.01805 0.06498 0.07581 0.07581 0.02888 0.03610 0.04693 0.03971 0.02888 0.00000 0.05415 0.09747
A8FMV6                         0.08664 0.02527 0.05054 0.05054 0.02527 0.02527 0.07942 0.07942 0.01805 0.07581 0.09025 0.09747 0.02166 0.03971 0.04693 0.04693 0.02527 0.00000 0.03249 0.08303
A7H2D0                         0.08303 0.02527 0.05776 0.04332 0.02527 0.02527 0.07942 0.07942 0.01805 0.07581 0.09025 0.09747 0.02166 0.03971 0.04693 0.04693 0.02527 0.00000 0.03249 0.08664
Q7M9I6                         0.09025 0.04693 0.01805 0.04332 0.01805 0.02527 0.09747 0.09386 0.01805 0.05776 0.10469 0.03971 0.02527 0.05054 0.06137 0.06498 0.02527 0.00000 0.03249 0.08664
B9KFL7                         0.08303 0.01444 0.06137 0.05054 0.02527 0.02527 0.07581 0.07581 0.01805 0.06498 0.09386 0.09386 0.02166 0.04332 0.04693 0.04693 0.02527 0.00000 0.03971 0.09386
Q4HH59                         0.07220 0.02166 0.03971 0.04693 0.02527 0.02166 0.08303 0.08303 0.02166 0.09025 0.08664 0.10108 0.02166 0.04332 0.04693 0.05776 0.03249 0.00000 0.02527 0.07942
Q4HSF2                         0.07942 0.03249 0.05054 0.05415 0.02888 0.02166 0.09747 0.07581 0.01083 0.05415 0.09025 0.10108 0.02888 0.05776 0.04332 0.04332 0.01444 0.00000 0.02527 0.09025
P15640                         0.10108 0.04693 0.01444 0.07220 0.02166 0.02166 0.08664 0.09747 0.03249 0.05415 0.06859 0.05054 0.04332 0.02888 0.04332 0.02527 0.06137 0.01444 0.02527 0.09025
B0BZX6                         0.10830 0.02166 0.01805 0.04693 0.01444 0.07942 0.05415 0.09747 0.01083 0.07581 0.09025 0.03971 0.01083 0.02888 0.05776 0.03610 0.08664 0.00722 0.03610 0.07942
B7LUJ7                         0.10469 0.04332 0.01083 0.06859 0.02166 0.01805 0.08664 0.10108 0.03610 0.05415 0.07220 0.05054 0.04332 0.02888 0.04332 0.02527 0.06137 0.01444 0.02527 0.09025
B7N2K7                         0.10469 0.04693 0.01083 0.07220 0.02166 0.02166 0.08664 0.09747 0.03249 0.05415 0.06859 0.05054 0.04332 0.02888 0.04332 0.02527 0.06137 0.01444 0.02527 0.09025
B8HRF5                         0.13718 0.06137 0.02166 0.04693 0.02166 0.04332 0.07581 0.10108 0.00361 0.05776 0.10108 0.03249 0.01444 0.03249 0.05415 0.01083 0.05415 0.00361 0.03610 0.09025
Q3AZF8                         0.14440 0.06137 0.01805 0.05776 0.02166 0.04693 0.06498 0.09747 0.02527 0.03610 0.11191 0.02166 0.02166 0.02888 0.05415 0.02888 0.06137 0.00000 0.02166 0.07581
A2C4B3                         0.07942 0.02527 0.05415 0.04332 0.02527 0.02888 0.09386 0.08664 0.01083 0.09025 0.09747 0.08303 0.01805 0.04693 0.04332 0.05776 0.03610 0.00000 0.02166 0.05776
B5W0I1                         0.09025 0.04693 0.01805 0.06859 0.03249 0.05054 0.04332 0.10108 0.00722 0.09747 0.09025 0.03249 0.02527 0.02527 0.05415 0.03249 0.07942 0.00361 0.02888 0.07220
Q46JC6                         0.07581 0.02888 0.05054 0.04332 0.02527 0.02888 0.09386 0.08664 0.01083 0.08664 0.09747 0.08303 0.01805 0.04693 0.04332 0.05776 0.03971 0.00000 0.02166 0.06137
Q05YA5                         0.11191 0.06859 0.01805 0.05415 0.02888 0.06859 0.07220 0.10469 0.01805 0.02888 0.11552 0.02166 0.02527 0.02527 0.05415 0.03249 0.04332 0.00000 0.02527 0.08303
Q7NGV8                         0.15523 0.07220 0.01083 0.05776 0.01083 0.02888 0.07220 0.09747 0.01083 0.05054 0.10469 0.02888 0.02166 0.01805 0.04332 0.02888 0.05415 0.00722 0.02888 0.09747
Q2JQ72                         0.14079 0.04693 0.01444 0.04332 0.01805 0.06859 0.06498 0.09747 0.01083 0.04693 0.12635 0.02527 0.01083 0.01805 0.06859 0.03249 0.03971 0.00361 0.04332 0.07942
Q7U8R1                         0.14079 0.07220 0.01805 0.06859 0.02166 0.06137 0.05776 0.09747 0.01444 0.03610 0.12274 0.02166 0.01444 0.03249 0.05054 0.03971 0.03249 0.00000 0.02166 0.07581
A2BSR3                         0.04332 0.03249 0.05415 0.06137 0.02888 0.02888 0.07220 0.08664 0.00722 0.09386 0.07581 0.08664 0.01805 0.05415 0.04332 0.06859 0.04693 0.00000 0.03971 0.05776
Q2JWM2                         0.13357 0.04693 0.01805 0.04332 0.01805 0.06859 0.06498 0.10108 0.01444 0.05054 0.12635 0.02527 0.01083 0.01805 0.06859 0.02888 0.04332 0.00361 0.04332 0.07220
A8G6F1                         0.03610 0.03971 0.04693 0.06498 0.03249 0.02888 0.06498 0.08664 0.02166 0.09747 0.07942 0.09747 0.02166 0.04332 0.04693 0.05776 0.04332 0.00000 0.03610 0.05415
Q3AHS1                         0.12996 0.07581 0.01444 0.06859 0.02527 0.04332 0.08303 0.10108 0.01444 0.03971 0.11552 0.01805 0.01805 0.02527 0.05415 0.03610 0.03610 0.00000 0.02527 0.07581
A3PEH4                         0.03610 0.03610 0.05415 0.06859 0.02888 0.03249 0.06859 0.08664 0.01083 0.09747 0.07581 0.09025 0.02166 0.05054 0.04332 0.06137 0.04693 0.00000 0.03610 0.05415
A0YIR4                         0.11191 0.03610 0.01083 0.05415 0.02166 0.06498 0.06137 0.10108 0.01083 0.07220 0.09025 0.03610 0.01083 0.02888 0.04693 0.02888 0.08664 0.00722 0.03610 0.08303
A9BBW3                         0.07220 0.02527 0.05776 0.03971 0.03249 0.05054 0.07581 0.08664 0.01444 0.07220 0.11191 0.08303 0.02166 0.03610 0.03971 0.05776 0.03610 0.00000 0.02166 0.06498
A4CRC2                         0.13718 0.07581 0.02166 0.05054 0.02527 0.05776 0.06498 0.09386 0.01805 0.03249 0.12274 0.02166 0.02166 0.02888 0.05415 0.02888 0.04693 0.00000 0.02166 0.07581
B1WTW8                         0.10108 0.04693 0.03249 0.04332 0.02166 0.04332 0.09386 0.10108 0.00722 0.05776 0.09386 0.04332 0.01083 0.02166 0.05054 0.03249 0.06137 0.00361 0.04332 0.09025
Q7V0C6                         0.03610 0.02166 0.05415 0.04693 0.02527 0.02166 0.07220 0.09025 0.01444 0.09747 0.07581 0.11552 0.02527 0.05054 0.04693 0.05776 0.05415 0.00000 0.04332 0.05054
Q064X8                         0.14079 0.05776 0.01805 0.05776 0.02166 0.05054 0.06859 0.09747 0.02527 0.03971 0.11191 0.01805 0.01805 0.02888 0.05415 0.03610 0.05415 0.00000 0.02166 0.07942
A3Z679                         0.13357 0.08303 0.00722 0.06137 0.01805 0.06859 0.06859 0.10108 0.01444 0.02166 0.12996 0.01444 0.02166 0.02888 0.05054 0.02888 0.04332 0.00000 0.01805 0.08664
Q0I806                         0.13357 0.06137 0.01444 0.05054 0.02166 0.06137 0.07581 0.09747 0.01805 0.03971 0.11913 0.02888 0.02888 0.02888 0.06137 0.02166 0.04693 0.00000 0.02166 0.06859
A5GN73                         0.13718 0.08303 0.01083 0.06137 0.02527 0.06498 0.06498 0.09025 0.01083 0.02527 0.12635 0.01805 0.02166 0.02527 0.05776 0.01083 0.06137 0.00000 0.02527 0.07942
A3YVG0                         0.13357 0.07581 0.01083 0.06137 0.02166 0.04332 0.07220 0.11191 0.01444 0.03610 0.11191 0.01444 0.01444 0.02888 0.04693 0.04693 0.04693 0.00000 0.02166 0.08664
A3IQF6                         0.09747 0.04693 0.01444 0.05054 0.01805 0.03971 0.09025 0.11191 0.00722 0.05776 0.09386 0.03971 0.01444 0.02166 0.05776 0.02166 0.07942 0.00361 0.04332 0.09025
A5GV16                         0.13357 0.04693 0.01444 0.05054 0.03971 0.07581 0.07220 0.10469 0.01444 0.03610 0.10830 0.02888 0.01444 0.03249 0.05054 0.03971 0.03971 0.00000 0.01805 0.07942
A2BY47                         0.02888 0.02166 0.05776 0.05054 0.02527 0.02527 0.08303 0.09025 0.00722 0.10108 0.08303 0.10830 0.01444 0.05054 0.05054 0.05054 0.06137 0.00000 0.03610 0.05415
Q7VAN7                         0.08303 0.03249 0.05776 0.04332 0.01805 0.03971 0.07581 0.09025 0.01805 0.06498 0.11913 0.07220 0.01805 0.02527 0.05415 0.04693 0.04693 0.00000 0.02888 0.06498
P74232                         0.13357 0.03249 0.02527 0.04332 0.01805 0.04693 0.06859 0.10469 0.01444 0.05415 0.09747 0.05415 0.01444 0.01805 0.06137 0.02166 0.05415 0.00361 0.03610 0.09747
Q319E7                         0.03971 0.02888 0.04332 0.07942 0.03249 0.03249 0.07220 0.08664 0.00722 0.10108 0.07942 0.09025 0.02166 0.04693 0.05054 0.04693 0.04332 0.00000 0.04332 0.05415
B4B619                         0.11913 0.04693 0.01444 0.04693 0.01444 0.03971 0.07581 0.09747 0.01444 0.05776 0.08664 0.05054 0.01444 0.02888 0.05054 0.03249 0.06137 0.00361 0.03971 0.10469
B7KDW1                         0.11191 0.04332 0.01444 0.04332 0.01083 0.03971 0.08664 0.10108 0.01805 0.06137 0.09386 0.04693 0.01444 0.02527 0.05054 0.03249 0.06859 0.00361 0.03610 0.09747
A2C738                         0.11913 0.06137 0.02888 0.06498 0.03610 0.07581 0.05776 0.09747 0.00722 0.03249 0.12996 0.01805 0.01444 0.02888 0.05776 0.02527 0.03610 0.00000 0.02527 0.08303
Q3M851                         0.13357 0.03971 0.02166 0.03610 0.01083 0.06859 0.06498 0.11191 0.00722 0.08303 0.08303 0.03249 0.01083 0.02888 0.04693 0.02527 0.07581 0.00361 0.03610 0.07942
A0ZC38                         0.13357 0.04332 0.01444 0.04332 0.01444 0.04332 0.07220 0.10830 0.01083 0.07942 0.09025 0.04693 0.01805 0.02527 0.05054 0.02527 0.05776 0.00361 0.03249 0.08664
Q7V5W9                         0.11913 0.05415 0.03610 0.06137 0.03610 0.07220 0.05054 0.09747 0.01083 0.03249 0.12996 0.02527 0.01805 0.02888 0.05776 0.02527 0.03610 0.00000 0.02527 0.08303
Q8YRD8                         0.13357 0.03610 0.02166 0.03610 0.01083 0.06859 0.06498 0.11191 0.00722 0.08303 0.08664 0.03249 0.01083 0.02888 0.04693 0.02527 0.07581 0.00361 0.03610 0.07942
C7QRU3                         0.09386 0.05054 0.01805 0.04693 0.02166 0.03971 0.07581 0.11552 0.01805 0.06137 0.09747 0.03249 0.01083 0.01805 0.05776 0.02888 0.06498 0.00361 0.03610 0.10830
B7K5B0                         0.09386 0.05054 0.01805 0.04693 0.02166 0.03971 0.07581 0.11552 0.01805 0.06137 0.09747 0.03249 0.01083 0.01805 0.05776 0.02888 0.06498 0.00361 0.03610 0.10830
Q4C751                         0.10830 0.04693 0.01444 0.04693 0.01805 0.03971 0.08664 0.10830 0.00722 0.05415 0.09747 0.04693 0.01083 0.02527 0.05054 0.03249 0.07220 0.00361 0.03971 0.09025
Q5N4G2                         0.17329 0.05054 0.01805 0.06859 0.01805 0.04693 0.05776 0.09025 0.01083 0.04332 0.10108 0.02527 0.00722 0.02888 0.04693 0.01805 0.05776 0.00722 0.03249 0.09747
Q31PR4                         0.17329 0.05054 0.01805 0.06859 0.01805 0.04693 0.05776 0.09025 0.01083 0.04332 0.10108 0.02527 0.00722 0.02888 0.04693 0.01805 0.05776 0.00722 0.03249 0.09747
O25817                         0.06498 0.02527 0.05054 0.04332 0.01083 0.02888 0.10469 0.06137 0.01805 0.08303 0.12635 0.07220 0.01083 0.06859 0.04332 0.06137 0.03249 0.00000 0.02888 0.06498
Q115R3                         0.10469 0.04332 0.02527 0.02888 0.02166 0.05054 0.07220 0.10108 0.01444 0.08664 0.08664 0.05054 0.01444 0.03249 0.05054 0.02166 0.07942 0.00361 0.03249 0.07942
B0JGD2                         0.12274 0.05054 0.01805 0.05415 0.01083 0.03610 0.06137 0.09747 0.02166 0.07942 0.09386 0.04332 0.01083 0.03610 0.04332 0.03249 0.06498 0.00361 0.03249 0.08664
Q8DHV4                         0.14079 0.05415 0.02527 0.03610 0.01805 0.04693 0.05415 0.10469 0.01083 0.06137 0.09025 0.02166 0.01444 0.02166 0.05776 0.01805 0.05415 0.01444 0.04693 0.10830
B1XMB1                         0.11552 0.03610 0.03249 0.04332 0.01444 0.05415 0.06137 0.10108 0.01444 0.06137 0.09747 0.04693 0.01805 0.02166 0.05054 0.01444 0.07581 0.00361 0.03971 0.09747
B2J8M2                         0.13357 0.03971 0.01444 0.03249 0.01083 0.04332 0.09025 0.10469 0.01083 0.07581 0.09025 0.05054 0.01083 0.02527 0.04332 0.02888 0.05776 0.00361 0.03610 0.09747
B9YXU8                         0.11552 0.04693 0.02527 0.03610 0.01083 0.04693 0.07942 0.10469 0.01083 0.09025 0.09025 0.04332 0.01444 0.02888 0.04693 0.01805 0.07942 0.00361 0.03610 0.07220

Homogeneity statistic: X2 = 6.46416 G = 6.41833 

Average                        0.10575 0.04393 0.02766 0.05343 0.02133 0.04232 0.07453 0.09581 0.01461 0.06359 0.09681 0.05237 0.01922 0.03310 0.05026 0.03571 0.05126 0.00255 0.03327 0.08248

# constant sites:     29 (10.47%)
ln Lmax (unconstrained) = -1522.488792

AA distances (raw proportions of different sites)

A8EU15         
B9L9E7           0.2780
Q30TH6           0.3430  0.3285
D1B016           0.2888  0.3502  0.3357
A6Q4N6           0.2996  0.3574  0.3394  0.2599
A6QBH9           0.2816  0.3213  0.3141  0.2780  0.3032
A8FMV6           0.3971  0.3791  0.3971  0.3863  0.3755  0.3899
A7H2D0           0.4043  0.3863  0.4043  0.3863  0.3755  0.3935  0.0108
Q7M9I6           0.4404  0.4477  0.3935  0.4152  0.3755  0.4152  0.4043  0.4043
B9KFL7           0.3971  0.3755  0.3971  0.3935  0.3827  0.3827  0.2094  0.2130  0.3971
Q4HH59           0.4152  0.3899  0.4007  0.3935  0.3791  0.3899  0.1083  0.1083  0.4079  0.2238
Q4HSF2           0.4440  0.4079  0.4368  0.4188  0.4188  0.4116  0.3032  0.2996  0.4585  0.3177  0.2924
P15640           0.5884  0.6101  0.6029  0.5848  0.5848  0.5848  0.6101  0.6137  0.5812  0.6173  0.6101  0.6065
B0BZX6           0.5921  0.6137  0.6209  0.6065  0.6029  0.6390  0.5993  0.6029  0.5921  0.5884  0.6101  0.6318  0.5090
B7LUJ7           0.5921  0.6101  0.6029  0.5848  0.5812  0.5776  0.6101  0.6137  0.5704  0.6137  0.6101  0.6029  0.0217  0.5054
B7N2K7           0.5921  0.6101  0.5993  0.5884  0.5848  0.5776  0.6137  0.6173  0.5704  0.6173  0.6137  0.6065  0.0181  0.5054  0.0181
B8HRF5           0.6029  0.5848  0.5812  0.5812  0.5632  0.6101  0.5776  0.5776  0.5704  0.5560  0.5921  0.5740  0.5090  0.3646  0.4982  0.5090
Q3AZF8           0.5884  0.5884  0.5921  0.6029  0.5848  0.5957  0.5812  0.5848  0.5740  0.5884  0.5921  0.5957  0.5596  0.4874  0.5560  0.5560  0.4549
A2C4B3           0.5957  0.5884  0.5848  0.5993  0.5812  0.6065  0.5921  0.5921  0.6029  0.5812  0.5957  0.5740  0.6029  0.5343  0.5993  0.5993  0.4874  0.3935
B5W0I1           0.5812  0.5957  0.6462  0.5993  0.5884  0.6137  0.5921  0.5957  0.6426  0.5993  0.6029  0.6318  0.5235  0.3755  0.5199  0.5307  0.3791  0.5235  0.5523
Q46JC6           0.5957  0.5884  0.5848  0.5993  0.5812  0.6065  0.5957  0.5957  0.6029  0.5812  0.5957  0.5776  0.5993  0.5415  0.5957  0.5957  0.4874  0.3971  0.0144  0.5596
Q05YA5           0.5812  0.5632  0.5921  0.5812  0.5632  0.5704  0.5776  0.5776  0.5704  0.5596  0.5884  0.5668  0.5848  0.5235  0.5776  0.5776  0.4513  0.2419  0.3971  0.5126  0.3971
Q7NGV8           0.6209  0.6245  0.6426  0.6282  0.5993  0.6390  0.6173  0.6173  0.5957  0.6245  0.6282  0.6534  0.4910  0.4224  0.4874  0.4874  0.4079  0.4982  0.5848  0.4368  0.5848  0.5090
Q2JQ72           0.6137  0.6137  0.6245  0.5993  0.5740  0.6029  0.5921  0.5884  0.5704  0.5812  0.5884  0.5957  0.5596  0.4368  0.5487  0.5596  0.3863  0.5090  0.5632  0.4549  0.5632  0.4874  0.4477
Q7U8R1           0.6065  0.5884  0.5957  0.5921  0.5776  0.5957  0.5812  0.5776  0.5668  0.5812  0.5884  0.5884  0.5632  0.5018  0.5596  0.5596  0.4296  0.1986  0.3971  0.4946  0.3971  0.2347  0.4874  0.4874
A2BSR3           0.5993  0.5884  0.6029  0.5884  0.5740  0.5740  0.5957  0.5921  0.5993  0.5668  0.5848  0.5921  0.6245  0.5668  0.6173  0.6137  0.5235  0.4765  0.4621  0.5632  0.4621  0.4910  0.5993  0.5776  0.4838
Q2JWM2           0.6101  0.6209  0.6245  0.5993  0.5740  0.5921  0.5884  0.5848  0.5668  0.5776  0.5848  0.5957  0.5596  0.4368  0.5487  0.5596  0.3899  0.5018  0.5523  0.4585  0.5523  0.4729  0.4513  0.0361  0.4765  0.5668
A8G6F1           0.5993  0.6029  0.6101  0.5884  0.5776  0.5884  0.5921  0.5884  0.5993  0.5740  0.5812  0.5812  0.6245  0.5668  0.6245  0.6209  0.5415  0.4729  0.4765  0.5668  0.4765  0.4946  0.6173  0.5776  0.4729  0.1155  0.5704
Q3AHS1           0.5993  0.5921  0.6029  0.5884  0.5704  0.5921  0.5957  0.5957  0.5740  0.5921  0.6029  0.5848  0.5776  0.5090  0.5704  0.5704  0.4116  0.1913  0.4079  0.4982  0.4079  0.2274  0.4765  0.4874  0.1697  0.4657  0.4729  0.4657
A3PEH4           0.6029  0.5957  0.6101  0.5848  0.5776  0.5740  0.5957  0.5921  0.5848  0.5776  0.5884  0.5848  0.6209  0.5740  0.6209  0.6173  0.5415  0.4765  0.4765  0.5596  0.4765  0.4910  0.6173  0.5812  0.4838  0.0939  0.5704  0.0758  0.4585
A0YIR4           0.5957  0.6173  0.6390  0.5957  0.6029  0.6318  0.5884  0.5884  0.6318  0.6029  0.5884  0.6137  0.5162  0.3321  0.5162  0.5235  0.3791  0.5126  0.5343  0.3032  0.5379  0.5090  0.4116  0.4404  0.4910  0.5668  0.4368  0.5632  0.4982  0.5632
A9BBW3           0.6065  0.5957  0.6173  0.6209  0.5993  0.6173  0.5848  0.5848  0.5993  0.5776  0.6065  0.5957  0.5993  0.5379  0.5921  0.5957  0.5018  0.3971  0.3394  0.5596  0.3394  0.3755  0.5776  0.5596  0.4079  0.4404  0.5560  0.4477  0.4007  0.4513  0.5307
A4CRC2           0.6029  0.5776  0.6065  0.5848  0.5632  0.5884  0.5776  0.5812  0.5848  0.5740  0.5812  0.5848  0.5704  0.5271  0.5632  0.5668  0.4585  0.2563  0.3827  0.5126  0.3863  0.2455  0.5054  0.4910  0.2383  0.4874  0.4838  0.4838  0.2563  0.4874  0.5199  0.4043
B1WTW8           0.5668  0.5993  0.6137  0.5704  0.5668  0.5921  0.5487  0.5523  0.5596  0.5487  0.5343  0.5523  0.5162  0.3755  0.5054  0.5162  0.3213  0.4729  0.5379  0.3899  0.5379  0.4657  0.4404  0.4440  0.4874  0.5235  0.4477  0.5235  0.4693  0.5235  0.3538  0.5162  0.4982
Q7V0C6           0.6029  0.5957  0.6173  0.5884  0.5776  0.5812  0.5740  0.5740  0.5812  0.5560  0.5848  0.5957  0.6245  0.5596  0.6209  0.6245  0.5596  0.4910  0.4693  0.5560  0.4693  0.4910  0.6173  0.5848  0.4874  0.2744  0.5812  0.2383  0.4729  0.2383  0.5596  0.4621  0.5018  0.5090
Q064X8           0.5776  0.5848  0.5957  0.5993  0.5740  0.5993  0.5848  0.5884  0.5848  0.5957  0.5957  0.6029  0.5596  0.5054  0.5560  0.5523  0.4657  0.0650  0.3971  0.5235  0.4007  0.2599  0.5018  0.5090  0.2130  0.4874  0.5018  0.4765  0.2022  0.4838  0.5235  0.4079  0.2671  0.4874  0.4946
A3Z679           0.6065  0.5812  0.5957  0.5957  0.5776  0.6029  0.5848  0.5884  0.5740  0.5812  0.5884  0.5921  0.5596  0.5379  0.5560  0.5523  0.4801  0.2888  0.4224  0.5235  0.4224  0.2455  0.5162  0.5271  0.2635  0.5018  0.5126  0.4982  0.2671  0.4910  0.5199  0.4152  0.2671  0.4982  0.5090  0.2960
Q0I806           0.6209  0.6101  0.5957  0.5993  0.5812  0.6137  0.5884  0.5884  0.5740  0.5993  0.5812  0.5957  0.5812  0.5090  0.5776  0.5776  0.4513  0.2563  0.4043  0.5307  0.4079  0.2491  0.5090  0.5090  0.2599  0.4801  0.4982  0.4801  0.2527  0.4910  0.4946  0.4043  0.2455  0.4910  0.4946  0.2780  0.2780
A5GN73           0.6137  0.5957  0.6065  0.6065  0.5884  0.6029  0.5957  0.5993  0.5812  0.5884  0.5993  0.5957  0.5776  0.5199  0.5704  0.5740  0.4621  0.2455  0.4188  0.5235  0.4188  0.2347  0.5054  0.4801  0.2202  0.4946  0.4838  0.4910  0.2455  0.4910  0.5271  0.4188  0.0975  0.4982  0.4982  0.2527  0.2563  0.2455
A3YVG0           0.6173  0.5884  0.6282  0.6137  0.5921  0.6209  0.6101  0.6101  0.6029  0.6065  0.6101  0.6029  0.5776  0.5054  0.5776  0.5776  0.4260  0.2924  0.4440  0.4982  0.4440  0.3321  0.4729  0.5018  0.2708  0.4838  0.4946  0.4874  0.2491  0.4910  0.4729  0.4549  0.2816  0.4838  0.5018  0.2960  0.3177  0.3105  0.2780
A3IQF6           0.5740  0.5884  0.6065  0.5740  0.5704  0.5884  0.5523  0.5523  0.5596  0.5415  0.5451  0.5451  0.5090  0.3827  0.4982  0.5090  0.3249  0.4874  0.5343  0.3971  0.5343  0.4729  0.4368  0.4332  0.4874  0.5199  0.4368  0.5271  0.4765  0.5235  0.3357  0.5343  0.5018  0.0830  0.5235  0.4982  0.4982  0.4982  0.5018  0.4801
A5GV16           0.5957  0.5848  0.5921  0.5921  0.5668  0.5993  0.5740  0.5704  0.5632  0.5632  0.5884  0.5993  0.5704  0.5018  0.5668  0.5668  0.4440  0.3430  0.4368  0.5162  0.4332  0.3177  0.5054  0.5018  0.3105  0.4693  0.4910  0.4765  0.3177  0.4729  0.4838  0.4043  0.3321  0.4693  0.4982  0.3430  0.3430  0.3177  0.3321  0.3141  0.4765
A2BY47           0.6065  0.5776  0.6209  0.5884  0.5776  0.5776  0.5704  0.5668  0.5848  0.5596  0.5812  0.5848  0.6137  0.5523  0.6137  0.6137  0.5560  0.4838  0.4585  0.5668  0.4585  0.5054  0.6065  0.5848  0.4729  0.2635  0.5776  0.2347  0.4657  0.2455  0.5560  0.4693  0.5054  0.5235  0.1516  0.4874  0.5054  0.4946  0.5054  0.4910  0.5199  0.4838
Q7VAN7           0.5957  0.6065  0.6426  0.6101  0.5740  0.6029  0.6173  0.6173  0.5957  0.5957  0.6101  0.6065  0.6065  0.5379  0.5957  0.5957  0.5343  0.3899  0.4260  0.5415  0.4296  0.3791  0.5596  0.5307  0.3791  0.4801  0.5235  0.4657  0.3935  0.4549  0.5451  0.3971  0.3863  0.5199  0.4585  0.4043  0.4152  0.3935  0.3863  0.4296  0.5307  0.4440  0.4693
P74232           0.5921  0.6137  0.6029  0.5921  0.5921  0.6065  0.6029  0.6029  0.5921  0.5848  0.6065  0.6173  0.5054  0.4079  0.5090  0.5018  0.3935  0.4729  0.5596  0.4332  0.5596  0.4838  0.4152  0.4585  0.4729  0.5560  0.4621  0.5596  0.4693  0.5632  0.4116  0.5451  0.4874  0.3321  0.5668  0.4801  0.4946  0.4693  0.4838  0.4765  0.3285  0.4874  0.5523  0.5343
Q319E7           0.6101  0.5993  0.6209  0.5957  0.5921  0.5884  0.6029  0.5993  0.5921  0.5812  0.5993  0.5812  0.6245  0.5632  0.6245  0.6209  0.5415  0.4874  0.4729  0.5632  0.4765  0.4946  0.6209  0.5776  0.4910  0.1264  0.5668  0.1191  0.4693  0.1011  0.5704  0.4549  0.4982  0.5235  0.2383  0.5018  0.4982  0.4910  0.5090  0.4946  0.5199  0.4801  0.2383  0.4801  0.5704
B4B619           0.5884  0.6065  0.6354  0.5776  0.5704  0.6065  0.5740  0.5704  0.5848  0.5560  0.5704  0.5776  0.5126  0.3791  0.5018  0.5126  0.3610  0.4874  0.5632  0.3610  0.5668  0.4801  0.4152  0.4296  0.4657  0.5523  0.4296  0.5379  0.4765  0.5487  0.3574  0.5487  0.4982  0.2708  0.5523  0.4874  0.4801  0.5054  0.4910  0.4729  0.2744  0.4910  0.5379  0.5162  0.3502  0.5596
B7KDW1           0.6029  0.6245  0.6318  0.5993  0.5884  0.6137  0.5776  0.5812  0.5776  0.5596  0.5740  0.5957  0.5054  0.3827  0.4946  0.5054  0.3899  0.5126  0.5451  0.3899  0.5487  0.5018  0.4260  0.4368  0.5054  0.5704  0.4404  0.5451  0.5271  0.5596  0.3574  0.5560  0.5162  0.3105  0.5632  0.5126  0.5054  0.5162  0.5090  0.4801  0.3069  0.5054  0.5415  0.5343  0.3285  0.5740  0.1733
A2C738           0.6101  0.5993  0.6245  0.5884  0.5884  0.6209  0.5957  0.5957  0.6065  0.5921  0.6065  0.6029  0.5957  0.5415  0.5993  0.5993  0.4585  0.2816  0.4116  0.5090  0.4116  0.2816  0.5307  0.5235  0.2491  0.4729  0.5126  0.4801  0.2455  0.4765  0.5090  0.3971  0.2780  0.5054  0.4982  0.2852  0.2780  0.2852  0.2671  0.2996  0.5018  0.3394  0.4910  0.3899  0.4874  0.4874  0.5126  0.5415
Q3M851           0.6101  0.6426  0.6498  0.5993  0.5848  0.6426  0.5848  0.5848  0.6101  0.5993  0.5993  0.6101  0.5162  0.3502  0.5090  0.5199  0.3574  0.5054  0.5451  0.3755  0.5487  0.5199  0.4477  0.4513  0.4874  0.5523  0.4585  0.5523  0.4946  0.5560  0.3249  0.5523  0.5126  0.3285  0.5379  0.5162  0.5235  0.5199  0.5271  0.4801  0.3394  0.5054  0.5451  0.5560  0.4007  0.5596  0.3466  0.3502  0.5054
A0ZC38           0.6101  0.6245  0.6390  0.6029  0.5812  0.6498  0.5704  0.5704  0.6137  0.5884  0.5848  0.5993  0.5126  0.3971  0.5054  0.5162  0.3755  0.5054  0.5596  0.3827  0.5668  0.5126  0.4404  0.4693  0.4874  0.5523  0.4765  0.5451  0.4910  0.5523  0.3285  0.5560  0.5199  0.3213  0.5523  0.5054  0.5126  0.5307  0.5379  0.4729  0.3249  0.5018  0.5487  0.5560  0.3827  0.5596  0.3177  0.3357  0.5018  0.1480
Q7V5W9           0.6137  0.6029  0.6173  0.5957  0.5921  0.6209  0.5921  0.5921  0.6029  0.5848  0.6029  0.6029  0.5921  0.5451  0.5957  0.5921  0.4693  0.2888  0.4079  0.5162  0.4079  0.2816  0.5343  0.5271  0.2563  0.4838  0.5162  0.4874  0.2563  0.4874  0.5162  0.4116  0.2852  0.5126  0.5054  0.2924  0.2852  0.2852  0.2744  0.3032  0.5090  0.3502  0.5054  0.3863  0.4874  0.4982  0.5162  0.5415  0.0289  0.5126  0.5054
Q8YRD8           0.6101  0.6426  0.6498  0.5993  0.5848  0.6426  0.5848  0.5848  0.6101  0.5993  0.5993  0.6137  0.5199  0.3538  0.5126  0.5235  0.3610  0.5054  0.5451  0.3755  0.5487  0.5199  0.4477  0.4549  0.4874  0.5560  0.4621  0.5560  0.4946  0.5560  0.3285  0.5523  0.5126  0.3321  0.5379  0.5162  0.5235  0.5199  0.5271  0.4801  0.3430  0.5054  0.5451  0.5560  0.4007  0.5632  0.3502  0.3502  0.5018  0.0036  0.1516  0.5090
C7QRU3           0.5957  0.6173  0.6245  0.5848  0.5848  0.6209  0.5740  0.5740  0.5957  0.5776  0.5668  0.5884  0.5090  0.4007  0.5054  0.5126  0.3466  0.4982  0.5632  0.3755  0.5632  0.4874  0.4260  0.4549  0.4838  0.5632  0.4549  0.5379  0.4765  0.5523  0.3141  0.5487  0.5090  0.2310  0.5487  0.5018  0.4982  0.5054  0.5199  0.4765  0.2274  0.4910  0.5560  0.5379  0.3213  0.5523  0.2491  0.2563  0.5126  0.2996  0.2744  0.5162  0.3032
B7K5B0           0.5957  0.6173  0.6245  0.5848  0.5848  0.6209  0.5740  0.5740  0.5957  0.5776  0.5668  0.5884  0.5090  0.4007  0.5054  0.5126  0.3466  0.4982  0.5632  0.3755  0.5632  0.4874  0.4260  0.4549  0.4838  0.5632  0.4549  0.5379  0.4765  0.5523  0.3141  0.5487  0.5090  0.2310  0.5487  0.5018  0.4982  0.5054  0.5199  0.4765  0.2274  0.4910  0.5560  0.5379  0.3213  0.5523  0.2491  0.2563  0.5126  0.2996  0.2744  0.5162  0.3032  0.0000
Q4C751           0.5848  0.6065  0.6173  0.5704  0.5776  0.5957  0.5668  0.5668  0.5632  0.5632  0.5560  0.5523  0.5199  0.3682  0.5090  0.5199  0.3213  0.4838  0.5343  0.3971  0.5343  0.4801  0.4440  0.4368  0.4765  0.5235  0.4368  0.5162  0.4657  0.5235  0.3466  0.5343  0.4982  0.1047  0.5235  0.4910  0.4946  0.4982  0.5018  0.4801  0.1011  0.4657  0.5199  0.5162  0.3032  0.5271  0.2671  0.2996  0.5018  0.3141  0.3177  0.5090  0.3177  0.2274  0.2274
Q5N4G2           0.6245  0.6462  0.6462  0.6282  0.6101  0.6426  0.6282  0.6318  0.5957  0.6065  0.6318  0.6426  0.5271  0.3971  0.5162  0.5199  0.3430  0.4440  0.5271  0.4079  0.5307  0.4693  0.4188  0.4513  0.4260  0.5560  0.4585  0.5596  0.4513  0.5704  0.3827  0.5379  0.4513  0.3899  0.5740  0.4477  0.4549  0.4513  0.4440  0.4404  0.3935  0.4477  0.5560  0.5162  0.4007  0.5668  0.3971  0.4043  0.4477  0.3574  0.3791  0.4513  0.3574  0.3971  0.3971  0.3791
Q31PR4           0.6245  0.6462  0.6462  0.6282  0.6101  0.6426  0.6282  0.6318  0.5957  0.6065  0.6318  0.6426  0.5271  0.3971  0.5162  0.5199  0.3430  0.4440  0.5271  0.4079  0.5307  0.4693  0.4188  0.4513  0.4260  0.5560  0.4585  0.5596  0.4513  0.5704  0.3827  0.5379  0.4513  0.3899  0.5740  0.4477  0.4549  0.4513  0.4440  0.4404  0.3935  0.4477  0.5560  0.5162  0.4007  0.5668  0.3971  0.4043  0.4477  0.3574  0.3791  0.4513  0.3574  0.3971  0.3971  0.3791  0.0000
O25817           0.6282  0.6101  0.6245  0.6390  0.6137  0.6426  0.5993  0.5957  0.5921  0.5884  0.5993  0.6245  0.7184  0.6643  0.7076  0.7112  0.6534  0.6715  0.6606  0.6859  0.6606  0.6606  0.6751  0.6209  0.6606  0.6679  0.6209  0.6679  0.6606  0.6787  0.6859  0.6643  0.6643  0.6715  0.6498  0.6787  0.6751  0.6606  0.6643  0.6787  0.6751  0.6787  0.6534  0.6426  0.6859  0.6787  0.6570  0.6643  0.6751  0.6679  0.6859  0.6859  0.6679  0.6968  0.6968  0.6715  0.7004  0.7004
Q115R3           0.5921  0.6065  0.6318  0.5957  0.5776  0.6173  0.5812  0.5812  0.6137  0.5993  0.5921  0.6173  0.5235  0.3502  0.5162  0.5271  0.3755  0.5199  0.5343  0.3394  0.5343  0.5090  0.4260  0.4332  0.4946  0.5523  0.4404  0.5523  0.5162  0.5596  0.2852  0.5343  0.5235  0.3827  0.5668  0.5271  0.5415  0.5235  0.5307  0.4874  0.3863  0.4910  0.5560  0.5523  0.3971  0.5668  0.3755  0.3610  0.5307  0.3213  0.3394  0.5379  0.3213  0.3466  0.3466  0.3718  0.3899  0.3899  0.6679
B0JGD2           0.6065  0.6137  0.6282  0.5812  0.5957  0.6245  0.5704  0.5704  0.6065  0.5776  0.5740  0.6101  0.5343  0.4188  0.5307  0.5379  0.3791  0.5054  0.5235  0.4079  0.5235  0.5090  0.4224  0.4910  0.4801  0.5451  0.4874  0.5415  0.4946  0.5451  0.3610  0.5271  0.5126  0.3177  0.5451  0.4982  0.4982  0.5162  0.5199  0.4801  0.3032  0.4982  0.5379  0.5235  0.3718  0.5596  0.2888  0.3069  0.4838  0.3466  0.3538  0.4910  0.3466  0.3249  0.3249  0.3213  0.4152  0.4152  0.6643  0.3899
Q8DHV4           0.6209  0.6354  0.6318  0.6282  0.6029  0.6282  0.6209  0.6209  0.6101  0.6029  0.6137  0.6462  0.5126  0.4007  0.5126  0.5090  0.3285  0.5126  0.5740  0.4007  0.5740  0.5307  0.3971  0.4224  0.4910  0.5848  0.4296  0.5921  0.4910  0.6029  0.3863  0.5740  0.5199  0.3935  0.5812  0.5126  0.5162  0.5018  0.5235  0.5018  0.3935  0.5126  0.5921  0.5560  0.3899  0.5921  0.4007  0.4296  0.5126  0.3718  0.3827  0.5126  0.3755  0.3755  0.3755  0.3827  0.3646  0.3646  0.6570  0.3899  0.4296
B1XMB1           0.5884  0.6101  0.6462  0.5993  0.6065  0.6065  0.5993  0.5993  0.6173  0.5812  0.5993  0.6173  0.5523  0.3899  0.5487  0.5596  0.4116  0.5199  0.5812  0.3610  0.5812  0.5235  0.4549  0.4657  0.5054  0.6029  0.4657  0.5957  0.5199  0.6065  0.3466  0.5451  0.5090  0.3177  0.5884  0.5271  0.5415  0.5235  0.5235  0.5018  0.3177  0.5018  0.5668  0.5487  0.3827  0.6101  0.3069  0.3177  0.5126  0.3321  0.3430  0.5235  0.3321  0.3032  0.3032  0.2996  0.3791  0.3791  0.6931  0.3646  0.3394  0.3971
B2J8M2           0.6173  0.6498  0.6679  0.6209  0.5921  0.6534  0.5848  0.5848  0.5957  0.5993  0.5921  0.6245  0.5090  0.3899  0.5018  0.5054  0.3935  0.5162  0.5632  0.3899  0.5668  0.5271  0.4404  0.4513  0.4946  0.5415  0.4585  0.5307  0.5018  0.5379  0.3213  0.5632  0.5271  0.3357  0.5235  0.5126  0.5235  0.5307  0.5415  0.4801  0.3394  0.5162  0.5235  0.5632  0.4007  0.5343  0.3285  0.3430  0.5235  0.1516  0.1625  0.5235  0.1552  0.2960  0.2960  0.3321  0.3682  0.3682  0.6715  0.3357  0.3538  0.4007  0.3394
B9YXU8           0.6282  0.6498  0.6498  0.6245  0.6029  0.6498  0.5921  0.5921  0.6029  0.5921  0.6029  0.6137  0.5307  0.3755  0.5235  0.5343  0.3718  0.5054  0.5523  0.3899  0.5560  0.5379  0.4477  0.4332  0.4910  0.5812  0.4404  0.5740  0.5018  0.5776  0.3466  0.5560  0.5199  0.3321  0.5596  0.5126  0.5343  0.5343  0.5307  0.4946  0.3430  0.5162  0.5632  0.5451  0.4043  0.5884  0.3394  0.3502  0.5343  0.1769  0.1986  0.5379  0.1805  0.2960  0.2960  0.3249  0.3827  0.3827  0.6715  0.3141  0.3791  0.3791  0.2996  0.2166


TREE #  1:  (7, 8, (11, (10, (12, ((5, (4, (6, (3, (2, 1))))), (9, (59, ((15, (13, 16)), ((24, 27), (23, (((57, 58), (42, (40, (((19, 21), (32, (44, ((46, (30, (28, 26))), (35, 43))))), ((49, 52), ((33, 39), ((29, (25, (18, 36))), (38, (22, 37))))))))), ((17, 62), (14, ((60, (20, 31)), ((65, ((50, 53), (51, 64))), (63, ((61, (47, 48)), ((41, (34, 56)), ((54, 55), 45)))))))))))))))))));   MP score: 3217
lnL(ntime: 63  np: 64): -16742.104682      +0.000000
  66..7    66..8    66..67   67..11   67..68   68..10   68..69   69..12   69..70   70..71   71..5    71..72   72..4    72..73   73..6    73..74   74..3    74..75   75..2    75..1    70..76   76..9    76..77   77..59   77..78   78..79   79..15   79..80   80..13   80..16   78..81   81..82   82..24   82..27   81..83   83..23   83..84   84..85   85..86   86..57   86..58   85..87   87..42   87..88   88..40   88..89   89..90   90..91   91..19   91..21   90..92   92..32   92..93   93..44   93..94   94..95   95..46   95..96   96..30   96..97   97..28   97..26   94..98   98..35   98..43   89..99   99..100 100..49  100..52   99..101 101..102 102..33  102..39  101..103 103..104 104..29  104..105 105..25  105..106 106..18  106..36  103..107 107..38  107..108 108..22  108..37   84..109 109..110 110..17  110..62  109..111 111..14  111..112 112..113 113..60  113..114 114..20  114..31  112..115 115..116 116..65  116..117 117..118 118..50  118..53  117..119 119..51  119..64  115..120 120..63  120..121 121..122 122..61  122..123 123..47  123..48  121..124 124..125 125..41  125..126 126..34  126..56  124..127 127..128 128..54  128..55  127..45 
 0.683449 0.683448 0.678187 0.672153 0.644785 0.308371 0.289697 0.269908 0.255284 0.179777 0.638601 0.610956 0.527230 0.009869 0.007685 0.488920 0.017953 0.483989 0.481722 0.459229 0.000000 0.376512 0.376511 0.361264 0.320675 0.006229 0.311811 0.296192 0.131932 0.058868 0.043852 0.043851 0.074539 0.265661 0.015098 0.237431 0.058555 0.227625 0.153634 0.139565 0.030824 0.205287 0.164391 0.432248 0.357312 0.373122 0.342452 0.264481 0.218806 0.317869 0.125795 0.096976 0.001906 0.083950 0.290024 0.265733 0.205144 0.116468 0.224864 0.062639 0.058049 0.213049 0.000000 0.783859

tree length =  17.70930

(7: 0.683449, 8: 0.683449, (11: 0.683448, (10: 0.678187, (12: 0.672153, ((5: 0.308371, (4: 0.289697, (6: 0.269908, (3: 0.255284, (2: 0.179777, 1: 0.179777): 0.075507): 0.014624): 0.019788): 0.018674): 0.336414, (9: 0.638601, (59: 0.610956, ((15: 0.009869, (13: 0.007685, 16: 0.007685): 0.002183): 0.517362, ((24: 0.017953, 27: 0.017953): 0.470967, (23: 0.483989, (((57: 0.000000, 58: 0.000000): 0.459228, (42: 0.376512, (40: 0.376511, (((19: 0.006229, 21: 0.006229): 0.314446, (32: 0.311811, (44: 0.296192, ((46: 0.058868, (30: 0.043852, (28: 0.043851, 26: 0.043851): 0.000000): 0.015017): 0.073063, (35: 0.074539, 43: 0.074539): 0.057392): 0.164260): 0.015619): 0.008864): 0.040589, ((49: 0.015098, 52: 0.015098): 0.250563, ((33: 0.058555, 39: 0.058555): 0.178876, ((29: 0.153634, (25: 0.139565, (18: 0.030824, 36: 0.030824): 0.108741): 0.014069): 0.073992, (38: 0.205287, (22: 0.164391, 37: 0.164391): 0.040895): 0.022339): 0.009805): 0.028230): 0.095603): 0.015248): 0.000000): 0.082717): 0.022493, ((17: 0.357312, 62: 0.357312): 0.074936, (14: 0.373122, ((60: 0.264481, (20: 0.218806, 31: 0.218806): 0.045676): 0.077971, ((65: 0.125795, ((50: 0.001906, 53: 0.001906): 0.095071, (51: 0.083950, 64: 0.083950): 0.013027): 0.028819): 0.192074, (63: 0.290024, ((61: 0.205144, (47: 0.116468, 48: 0.116468): 0.088677): 0.060589, ((41: 0.062639, (34: 0.058049, 56: 0.058049): 0.004590): 0.162225, ((54: 0.000000, 55: 0.000000): 0.213049, 45: 0.213049): 0.011815): 0.040869): 0.024291): 0.027844): 0.024583): 0.030670): 0.059126): 0.049474): 0.002266): 0.004932): 0.038310): 0.083726): 0.027644): 0.006185): 0.027367): 0.006034): 0.005261): 0.000001);

(A8FMV6: 0.683449, A7H2D0: 0.683449, (Q4HH59: 0.683448, (B9KFL7: 0.678187, (Q4HSF2: 0.672153, ((A6Q4N6: 0.308371, (D1B016: 0.289697, (A6QBH9: 0.269908, (Q30TH6: 0.255284, (B9L9E7: 0.179777, A8EU15: 0.179777): 0.075507): 0.014624): 0.019788): 0.018674): 0.336414, (Q7M9I6: 0.638601, (O25817: 0.610956, ((B7LUJ7: 0.009869, (P15640: 0.007685, B7N2K7: 0.007685): 0.002183): 0.517362, ((Q2JQ72: 0.017953, Q2JWM2: 0.017953): 0.470967, (Q7NGV8: 0.483989, (((Q5N4G2: 0.000000, Q31PR4: 0.000000): 0.459228, (A5GV16: 0.376512, (A3YVG0: 0.376511, (((A2C4B3: 0.006229, Q46JC6: 0.006229): 0.314446, (A9BBW3: 0.311811, (Q7VAN7: 0.296192, ((Q319E7: 0.058868, (A3PEH4: 0.043852, (A8G6F1: 0.043851, A2BSR3: 0.043851): 0.000000): 0.015017): 0.073063, (Q7V0C6: 0.074539, A2BY47: 0.074539): 0.057392): 0.164260): 0.015619): 0.008864): 0.040589, ((A2C738: 0.015098, Q7V5W9: 0.015098): 0.250563, ((A4CRC2: 0.058555, A5GN73: 0.058555): 0.178876, ((Q3AHS1: 0.153634, (Q7U8R1: 0.139565, (Q3AZF8: 0.030824, Q064X8: 0.030824): 0.108741): 0.014069): 0.073992, (Q0I806: 0.205287, (Q05YA5: 0.164391, A3Z679: 0.164391): 0.040895): 0.022339): 0.009805): 0.028230): 0.095603): 0.015248): 0.000000): 0.082717): 0.022493, ((B8HRF5: 0.357312, Q8DHV4: 0.357312): 0.074936, (B0BZX6: 0.373122, ((Q115R3: 0.264481, (B5W0I1: 0.218806, A0YIR4: 0.218806): 0.045676): 0.077971, ((B9YXU8: 0.125795, ((Q3M851: 0.001906, Q8YRD8: 0.001906): 0.095071, (A0ZC38: 0.083950, B2J8M2: 0.083950): 0.013027): 0.028819): 0.192074, (B1XMB1: 0.290024, ((B0JGD2: 0.205144, (B4B619: 0.116468, B7KDW1: 0.116468): 0.088677): 0.060589, ((A3IQF6: 0.062639, (B1WTW8: 0.058049, Q4C751: 0.058049): 0.004590): 0.162225, ((C7QRU3: 0.000000, B7K5B0: 0.000000): 0.213049, P74232: 0.213049): 0.011815): 0.040869): 0.024291): 0.027844): 0.024583): 0.030670): 0.059126): 0.049474): 0.002266): 0.004932): 0.038310): 0.083726): 0.027644): 0.006185): 0.027367): 0.006034): 0.005261): 0.000001);

(7_A8FMV6, 8_A7H2D0, (11_Q4HH59, (10_B9KFL7, (12_Q4HSF2, ((5_A6Q4N6, (4_D1B016, (6_A6QBH9, (3_Q30TH6, (2_B9L9E7, 1_A8EU15) 75 ) 74 ) 73 ) 72 ) 71 , (9_Q7M9I6, (59_O25817, ((15_B7LUJ7, (13_P15640, 16_B7N2K7) 80 ) 79 , ((24_Q2JQ72, 27_Q2JWM2) 82 , (23_Q7NGV8, (((57_Q5N4G2, 58_Q31PR4) 86 , (42_A5GV16, (40_A3YVG0, (((19_A2C4B3, 21_Q46JC6) 91 , (32_A9BBW3, (44_Q7VAN7, ((46_Q319E7, (30_A3PEH4, (28_A8G6F1, 26_A2BSR3) 97 ) 96 ) 95 , (35_Q7V0C6, 43_A2BY47) 98 ) 94 ) 93 ) 92 ) 90 , ((49_A2C738, 52_Q7V5W9) 100 , ((33_A4CRC2, 39_A5GN73) 102 , ((29_Q3AHS1, (25_Q7U8R1, (18_Q3AZF8, 36_Q064X8) 106 ) 105 ) 104 , (38_Q0I806, (22_Q05YA5, 37_A3Z679) 108 ) 107 ) 103 ) 101 ) 99 ) 89 ) 88 ) 87 ) 85 , ((17_B8HRF5, 62_Q8DHV4) 110 , (14_B0BZX6, ((60_Q115R3, (20_B5W0I1, 31_A0YIR4) 114 ) 113 , ((65_B9YXU8, ((50_Q3M851, 53_Q8YRD8) 118 , (51_A0ZC38, 64_B2J8M2) 119 ) 117 ) 116 , (63_B1XMB1, ((61_B0JGD2, (47_B4B619, 48_B7KDW1) 123 ) 122 , ((41_A3IQF6, (34_B1WTW8, 56_Q4C751) 126 ) 125 , ((54_C7QRU3, 55_B7K5B0) 128 , 45_P74232) 127 ) 124 ) 121 ) 120 ) 115 ) 112 ) 111 ) 109 ) 84 ) 83 ) 81 ) 78 ) 77 ) 76 ) 70 ) 69 ) 68 ) 67 ) 66 ;

Detailed output identifying parameters

alpha (gamma, K = 5) =  0.78386
rate:   0.06824  0.28621  0.62852  1.19925  2.81777
freq:   0.20000  0.20000  0.20000  0.20000  0.20000

Time used:  7:18
