AAML (in paml version 4.6, August 2012)  307.aa
Model: Empirical for branches,  (../../../bin/LG.dat) dGamma (ncatG=4) ns =  65  ls = 277


Frequencies..
                                    A      R      N      D      C      Q      E      G      H      I      L      K      M      F      P      S      T      W      Y      V
A8EWE7                         0.06137 0.03971 0.05776 0.05415 0.01083 0.03249 0.09025 0.04693 0.03249 0.05054 0.09747 0.06498 0.02888 0.08303 0.04332 0.03971 0.06498 0.00361 0.01805 0.07942
A6Q7P7                         0.07581 0.04332 0.02166 0.07220 0.00722 0.02527 0.08303 0.06137 0.02888 0.05054 0.09025 0.06137 0.04332 0.07942 0.05776 0.03971 0.04693 0.00361 0.03249 0.07581
Q30S84                         0.05054 0.04332 0.03249 0.06137 0.00722 0.04332 0.07942 0.04693 0.02888 0.05415 0.08303 0.05776 0.05776 0.07942 0.04332 0.06859 0.06137 0.00361 0.02527 0.07220
A6Q2R4                         0.05776 0.05415 0.03249 0.05776 0.00722 0.03249 0.08303 0.05415 0.02527 0.04332 0.11552 0.06859 0.02527 0.07581 0.05415 0.05054 0.04332 0.00361 0.03971 0.07581
B9KD77                         0.05054 0.04332 0.04693 0.06859 0.00722 0.04332 0.09025 0.05415 0.02527 0.04332 0.09747 0.07220 0.03971 0.09386 0.05054 0.03971 0.04332 0.00361 0.02527 0.06137
Q4HIM8                         0.06137 0.05415 0.04332 0.07581 0.00722 0.03610 0.07942 0.05054 0.02166 0.04332 0.10830 0.05776 0.03249 0.09747 0.05415 0.05054 0.03249 0.00361 0.02527 0.06498
D1B028                         0.05776 0.03971 0.02527 0.07220 0.01083 0.02888 0.07581 0.05054 0.03249 0.04332 0.10469 0.07581 0.04332 0.09025 0.04693 0.05776 0.04332 0.00361 0.02166 0.07581
A8FLU6                         0.06859 0.05054 0.04332 0.06859 0.00722 0.03249 0.09025 0.04693 0.02527 0.05054 0.10830 0.05776 0.03249 0.09386 0.05054 0.04332 0.03610 0.00361 0.02888 0.06137
Q4HSB3                         0.05415 0.05054 0.05776 0.06498 0.00722 0.02888 0.08303 0.04332 0.03249 0.03971 0.10830 0.06498 0.03249 0.09025 0.05054 0.04693 0.03971 0.00361 0.02888 0.07220
A7H3F0                         0.06859 0.05054 0.04332 0.06859 0.00722 0.03249 0.08303 0.05054 0.02527 0.05054 0.10830 0.06137 0.03249 0.09386 0.05054 0.04332 0.03971 0.00361 0.02888 0.05776
Q7M8Y9                         0.05415 0.05054 0.02888 0.05415 0.01083 0.02166 0.10830 0.05054 0.03249 0.04332 0.10108 0.07220 0.03610 0.08664 0.04332 0.04332 0.05054 0.00722 0.02527 0.07942
B9L9K2                         0.05415 0.04693 0.03610 0.05415 0.00722 0.02527 0.09386 0.04693 0.03249 0.04693 0.09747 0.09025 0.03610 0.07942 0.05415 0.03971 0.05415 0.00361 0.02166 0.07942
P56146                         0.04693 0.03971 0.04332 0.04693 0.01444 0.02888 0.09025 0.05415 0.05054 0.06498 0.09747 0.07220 0.02527 0.09025 0.03971 0.05054 0.05776 0.01083 0.02888 0.04693
Q7NGP0                         0.07581 0.07942 0.02888 0.06498 0.01083 0.05415 0.07220 0.06498 0.02166 0.03971 0.09386 0.01083 0.02888 0.06859 0.06137 0.02527 0.06859 0.00361 0.02888 0.09747
P08312                         0.07220 0.08303 0.05054 0.05776 0.00361 0.03971 0.07220 0.07581 0.03249 0.05415 0.09025 0.02166 0.02888 0.07220 0.05776 0.03249 0.06859 0.00722 0.02166 0.05776
B7MVJ3                         0.07581 0.08303 0.05054 0.05776 0.00361 0.03971 0.07220 0.07581 0.03249 0.05415 0.09025 0.02166 0.02888 0.07220 0.05776 0.03249 0.06498 0.00722 0.02166 0.05776
B7LQ75                         0.07581 0.08303 0.05054 0.05776 0.00361 0.03971 0.07220 0.07581 0.03249 0.05415 0.09025 0.02166 0.02888 0.07220 0.05776 0.03249 0.06498 0.00722 0.02166 0.05776
C7QNF2                         0.08303 0.06859 0.02166 0.06498 0.00361 0.04693 0.06137 0.06859 0.02888 0.04693 0.10108 0.03971 0.03249 0.05415 0.05415 0.04693 0.05776 0.00722 0.03249 0.07942
B7K1Q7                         0.08303 0.06859 0.02166 0.06498 0.00361 0.04693 0.06137 0.06859 0.02888 0.04693 0.10108 0.03971 0.03249 0.05415 0.05415 0.04693 0.05776 0.00722 0.03249 0.07942
Q4C0N5                         0.07581 0.06498 0.03249 0.06137 0.00361 0.03971 0.06859 0.06498 0.02888 0.03971 0.09747 0.03971 0.03610 0.05415 0.05415 0.04332 0.06498 0.00722 0.03249 0.09025
Q46JK1                         0.05054 0.06498 0.02166 0.05776 0.01083 0.04693 0.08303 0.06859 0.02888 0.06498 0.11191 0.04693 0.02166 0.05415 0.06137 0.04332 0.05415 0.00722 0.03249 0.06859
Q31LH5                         0.08664 0.07942 0.01805 0.07942 0.00722 0.03971 0.06859 0.07942 0.02888 0.04332 0.10830 0.02527 0.03249 0.05054 0.04693 0.03971 0.05415 0.00722 0.02888 0.07581
B7KBP6                         0.07220 0.07220 0.02166 0.06859 0.00722 0.05415 0.06137 0.06859 0.03610 0.05054 0.10108 0.03610 0.02527 0.05415 0.05054 0.03249 0.06859 0.00722 0.03249 0.07942
A2C435                         0.05054 0.06498 0.02166 0.05776 0.01083 0.04693 0.08303 0.06859 0.02888 0.06498 0.11191 0.04693 0.02166 0.05415 0.06137 0.04332 0.05415 0.00722 0.03249 0.06859
A3IKM9                         0.06859 0.06498 0.03249 0.05776 0.00361 0.03971 0.07581 0.06859 0.02888 0.05054 0.10108 0.04332 0.03610 0.05415 0.05415 0.03610 0.06859 0.00722 0.03249 0.07581
B1XPE3                         0.07581 0.06498 0.02527 0.06859 0.00361 0.04693 0.06859 0.07220 0.02527 0.03971 0.11191 0.05776 0.03249 0.05054 0.04693 0.02888 0.06137 0.00722 0.03249 0.07942
B0JLL0                         0.07581 0.07942 0.02527 0.06498 0.00722 0.03971 0.06498 0.06498 0.02527 0.05415 0.09747 0.03971 0.02888 0.05776 0.05415 0.05054 0.05054 0.00722 0.03249 0.07942
Q55187                         0.10108 0.07581 0.02888 0.06498 0.00361 0.05054 0.06137 0.06859 0.03249 0.04693 0.08303 0.03610 0.03249 0.06137 0.04693 0.03249 0.05054 0.00722 0.03610 0.07942
B1WVT1                         0.06859 0.06498 0.03249 0.06137 0.00361 0.03971 0.06859 0.06498 0.03249 0.04332 0.09747 0.03971 0.03249 0.05415 0.05415 0.04693 0.06498 0.00722 0.03249 0.09025
Q0IC12                         0.07220 0.08303 0.02527 0.06498 0.01083 0.03971 0.06859 0.07581 0.03971 0.03249 0.11191 0.01083 0.02888 0.05415 0.06498 0.03249 0.06137 0.01083 0.01805 0.09386
B8HPR9                         0.07942 0.07581 0.02166 0.07942 0.00722 0.05054 0.07220 0.06859 0.02527 0.05776 0.09025 0.02166 0.02527 0.05776 0.05415 0.03971 0.06137 0.00722 0.03610 0.06859
A5GMH3                         0.07220 0.08303 0.02166 0.06137 0.01083 0.03610 0.07220 0.07942 0.03971 0.03249 0.11191 0.01805 0.02888 0.05415 0.06859 0.03249 0.05415 0.01083 0.01805 0.09386
A0YMU8                         0.07942 0.07581 0.02166 0.07942 0.00361 0.06859 0.05415 0.07581 0.02527 0.04693 0.10108 0.02527 0.03610 0.05415 0.06137 0.02888 0.04693 0.00722 0.03971 0.06859
A3PEA3                         0.03610 0.06137 0.04332 0.06859 0.01444 0.04332 0.06859 0.06137 0.02166 0.08664 0.07942 0.06137 0.01805 0.06137 0.05776 0.05415 0.05776 0.01083 0.02527 0.06859
Q3AVE6                         0.07942 0.08303 0.01805 0.05776 0.00722 0.04332 0.07581 0.08303 0.03610 0.03249 0.10469 0.01805 0.02888 0.05415 0.06137 0.03610 0.05054 0.00722 0.02888 0.09386
Q7V0I7                         0.03249 0.06498 0.05054 0.07581 0.01444 0.04332 0.06498 0.06137 0.02166 0.09025 0.07942 0.05415 0.01805 0.06137 0.06137 0.04693 0.05415 0.01083 0.02527 0.06859
A0ZGE0                         0.07581 0.06859 0.02888 0.06859 0.00361 0.05054 0.07220 0.07220 0.02166 0.05776 0.08664 0.02888 0.03971 0.05415 0.05415 0.04332 0.06137 0.00722 0.03971 0.06498
A4CW39                         0.07220 0.08303 0.02166 0.05776 0.01083 0.03610 0.07581 0.07942 0.03971 0.03249 0.10830 0.01805 0.02888 0.05415 0.06859 0.03249 0.05415 0.01083 0.01805 0.09747
Q7TTU6                         0.08303 0.08664 0.01444 0.06137 0.00722 0.03971 0.07220 0.07942 0.03249 0.03971 0.10469 0.01805 0.02888 0.05415 0.06137 0.04332 0.04693 0.00722 0.02888 0.09025
A5GUT5                         0.06859 0.09025 0.01444 0.06859 0.01083 0.03971 0.06498 0.07581 0.03610 0.03971 0.09747 0.01444 0.02166 0.05776 0.06859 0.05415 0.04693 0.01083 0.02527 0.09386
A2BXX7                         0.03249 0.06859 0.04332 0.08303 0.01444 0.04693 0.06137 0.06137 0.02527 0.07942 0.08303 0.05054 0.01805 0.06137 0.05776 0.05054 0.05415 0.00722 0.02888 0.07220
A3YV85                         0.07581 0.10108 0.01444 0.05776 0.00722 0.03971 0.07942 0.08664 0.03971 0.03610 0.09747 0.01083 0.02527 0.05776 0.06498 0.03249 0.04693 0.01083 0.02166 0.09386
B2IUA1                         0.07942 0.06859 0.02527 0.06859 0.00361 0.06137 0.06859 0.07220 0.02166 0.06137 0.08664 0.01805 0.03610 0.05415 0.05415 0.03971 0.05776 0.00722 0.03971 0.07581
Q7TV42                         0.07220 0.08664 0.02166 0.06137 0.00722 0.03971 0.07220 0.08303 0.03249 0.03610 0.10830 0.01444 0.02527 0.05415 0.06137 0.03971 0.05054 0.01083 0.02527 0.09747
Q319M1                         0.03971 0.06137 0.05415 0.06859 0.01444 0.05054 0.06498 0.06137 0.02166 0.07942 0.08303 0.05776 0.01805 0.06498 0.06137 0.04332 0.05054 0.01083 0.02527 0.06859
A2BSJ1                         0.04332 0.05415 0.04693 0.06859 0.01444 0.04693 0.06859 0.06137 0.02166 0.08664 0.07942 0.06498 0.01805 0.06137 0.06137 0.03971 0.05776 0.01083 0.02527 0.06859
Q8DL09                         0.09025 0.07220 0.02166 0.06498 0.00722 0.03971 0.07220 0.07220 0.02888 0.05054 0.09747 0.02166 0.02888 0.05776 0.05415 0.02527 0.07581 0.00722 0.04332 0.06859
A2CB16                         0.06859 0.09025 0.02166 0.06137 0.01083 0.03610 0.07220 0.08303 0.03249 0.03610 0.10830 0.01444 0.02527 0.05415 0.06137 0.03971 0.05054 0.01083 0.02527 0.09747
Q060A9                         0.07942 0.08303 0.01805 0.06137 0.00722 0.04332 0.07581 0.08303 0.03610 0.03249 0.10469 0.01805 0.02888 0.05415 0.06137 0.03610 0.05054 0.00722 0.02527 0.09386
Q10YV2                         0.08303 0.07220 0.03249 0.06859 0.00361 0.04332 0.07220 0.07220 0.02888 0.05776 0.09386 0.03971 0.02527 0.05415 0.05415 0.03971 0.04332 0.00722 0.03610 0.07220
A3ZAC9                         0.08664 0.08303 0.01444 0.06859 0.01083 0.04693 0.06498 0.07581 0.03610 0.02888 0.10830 0.01444 0.02527 0.05415 0.05776 0.03971 0.05776 0.01083 0.02166 0.09386
Q05WW5                         0.08303 0.08664 0.01805 0.06498 0.01083 0.03971 0.06498 0.07581 0.03249 0.03249 0.10108 0.02166 0.02527 0.05415 0.06137 0.03249 0.05776 0.00722 0.02527 0.10469
B9YK15                         0.07942 0.06859 0.03249 0.06859 0.00361 0.06137 0.07220 0.06859 0.02166 0.05415 0.08664 0.02166 0.03971 0.05776 0.04693 0.04332 0.05415 0.00722 0.03971 0.07220
Q3MB99                         0.08303 0.06498 0.02527 0.07220 0.00361 0.05415 0.06859 0.07220 0.02527 0.06137 0.09025 0.02888 0.03971 0.05415 0.05054 0.03971 0.05415 0.00722 0.03971 0.06498
Q8YMT4                         0.08303 0.06498 0.02527 0.07220 0.00361 0.05415 0.06859 0.07220 0.02527 0.06137 0.09025 0.02888 0.03971 0.05415 0.05054 0.03971 0.05415 0.00722 0.03971 0.06498
A9BBN3                         0.05054 0.07581 0.02527 0.06137 0.01083 0.03249 0.07581 0.08303 0.02888 0.05415 0.10830 0.03610 0.02166 0.05415 0.05776 0.04332 0.05415 0.01083 0.02888 0.08664
Q2JT25                         0.07942 0.09386 0.01805 0.05054 0.00722 0.05415 0.07581 0.07220 0.02888 0.03971 0.10108 0.02527 0.04332 0.05776 0.05415 0.03610 0.05776 0.00361 0.03610 0.06498
B4AW96                         0.07581 0.07220 0.02888 0.06137 0.00722 0.06498 0.05776 0.07220 0.03249 0.04693 0.09747 0.03249 0.02166 0.05415 0.05415 0.02527 0.06498 0.01083 0.03249 0.08664
Q2JNE8                         0.07942 0.08664 0.02527 0.04693 0.00361 0.05054 0.07220 0.07581 0.02888 0.04332 0.10830 0.02166 0.04693 0.05776 0.05415 0.03971 0.06498 0.00361 0.03610 0.05415
B0C6I2                         0.09025 0.05415 0.02888 0.07581 0.00722 0.05415 0.06137 0.07581 0.03249 0.06137 0.08664 0.03971 0.02888 0.05415 0.05415 0.02527 0.06137 0.00722 0.03971 0.06137
B5W3W6                         0.08664 0.07942 0.02527 0.06498 0.00361 0.05776 0.06859 0.06859 0.02527 0.04693 0.10108 0.02888 0.03249 0.05415 0.06137 0.02166 0.05776 0.00722 0.03971 0.06859
Q3AL64                         0.07581 0.09025 0.01444 0.06137 0.00722 0.03610 0.07942 0.08664 0.03610 0.03249 0.10108 0.01444 0.03249 0.05415 0.06137 0.03971 0.04693 0.00722 0.02527 0.09747
Q7VAV9                         0.06137 0.07942 0.03249 0.06498 0.01444 0.02888 0.07220 0.07220 0.03610 0.05054 0.11913 0.02527 0.02166 0.06137 0.05776 0.04332 0.05415 0.01083 0.02166 0.07220
A8G677                         0.03971 0.06137 0.04693 0.06859 0.01444 0.03971 0.06859 0.06137 0.02166 0.09025 0.07942 0.06859 0.01805 0.06137 0.06137 0.04332 0.05415 0.01083 0.02527 0.06498
Q5N0F1                         0.08664 0.07942 0.01805 0.07942 0.00722 0.03971 0.06859 0.07942 0.02888 0.04332 0.10830 0.02527 0.03249 0.05054 0.04693 0.03971 0.05415 0.00722 0.02888 0.07581

Homogeneity statistic: X2 = 3.17864 G = 3.15906 

Average                        0.06937 0.06959 0.03010 0.06493 0.00783 0.04271 0.07315 0.06826 0.02977 0.05032 0.09864 0.03810 0.03027 0.06304 0.05565 0.04016 0.05493 0.00739 0.02944 0.07637

# constant sites:     62 (22.38%)
ln Lmax (unconstrained) = -1465.612522

AA distances (raw proportions of different sites)

A8EWE7         
A6Q7P7           0.2708
Q30S84           0.3177  0.2599
A6Q2R4           0.2852  0.2347  0.2888
B9KD77           0.3213  0.2816  0.3249  0.3032
Q4HIM8           0.3069  0.2563  0.2924  0.2852  0.1625
D1B028           0.3032  0.2563  0.2708  0.2599  0.2455  0.2238
A8FLU6           0.3105  0.2635  0.2960  0.2888  0.1697  0.0830  0.2310
Q4HSB3           0.3213  0.2888  0.3249  0.2996  0.2130  0.1625  0.2563  0.1552
A7H3F0           0.3141  0.2671  0.2996  0.2888  0.1733  0.0866  0.2347  0.0144  0.1588
Q7M8Y9           0.3321  0.2996  0.3069  0.2780  0.3213  0.2888  0.2888  0.3105  0.3213  0.3105
B9L9K2           0.2816  0.2671  0.2960  0.2347  0.2744  0.2852  0.2455  0.2780  0.2960  0.2780  0.2816
P56146           0.4116  0.3863  0.4260  0.3646  0.4043  0.4007  0.3827  0.3935  0.3971  0.3935  0.3791  0.3646
Q7NGP0           0.5126  0.4621  0.4982  0.4729  0.5126  0.4874  0.5126  0.4910  0.5162  0.4946  0.4946  0.4838  0.5343
P08312           0.4765  0.4549  0.4801  0.4368  0.4801  0.4513  0.4946  0.4440  0.4801  0.4477  0.4874  0.4693  0.4838  0.4513
B7MVJ3           0.4765  0.4549  0.4801  0.4368  0.4801  0.4513  0.4946  0.4440  0.4801  0.4477  0.4874  0.4693  0.4838  0.4513  0.0036
B7LQ75           0.4765  0.4549  0.4801  0.4368  0.4801  0.4513  0.4946  0.4440  0.4801  0.4477  0.4874  0.4693  0.4838  0.4513  0.0036  0.0000
C7QNF2           0.4910  0.4765  0.4693  0.4513  0.5307  0.4982  0.5090  0.5162  0.4946  0.5162  0.4982  0.4982  0.5560  0.3610  0.4296  0.4296  0.4296
B7K1Q7           0.4910  0.4765  0.4693  0.4513  0.5307  0.4982  0.5090  0.5162  0.4946  0.5162  0.4982  0.4982  0.5560  0.3610  0.4296  0.4296  0.4296  0.0000
Q4C0N5           0.4946  0.4838  0.4801  0.4621  0.5343  0.5054  0.5054  0.5162  0.5126  0.5162  0.5126  0.4910  0.5523  0.3755  0.4549  0.4549  0.4549  0.0975  0.0975
Q46JK1           0.5162  0.4982  0.5018  0.4729  0.5235  0.5235  0.5199  0.5235  0.5162  0.5271  0.5054  0.4910  0.5487  0.4440  0.4657  0.4657  0.4657  0.3538  0.3538  0.3538
Q31LH5           0.4946  0.4729  0.5054  0.4729  0.5379  0.5090  0.5018  0.5162  0.5235  0.5162  0.5090  0.5018  0.5523  0.3646  0.4513  0.4513  0.4513  0.2599  0.2599  0.2780  0.3430
B7KBP6           0.5090  0.4838  0.4801  0.4513  0.5415  0.5090  0.5090  0.5199  0.5090  0.5199  0.5126  0.4946  0.5632  0.3718  0.4513  0.4513  0.4513  0.1227  0.1227  0.1480  0.3682  0.2455
A2C435           0.5162  0.4982  0.5018  0.4729  0.5235  0.5235  0.5199  0.5235  0.5162  0.5271  0.5054  0.4910  0.5487  0.4440  0.4657  0.4657  0.4657  0.3538  0.3538  0.3538  0.0000  0.3430  0.3682
A3IKM9           0.5018  0.4910  0.4765  0.4693  0.5379  0.5090  0.5162  0.5162  0.5199  0.5162  0.5199  0.4910  0.5487  0.3791  0.4513  0.4513  0.4513  0.1047  0.1047  0.0505  0.3574  0.2744  0.1552  0.3574
B1XPE3           0.4946  0.4765  0.4910  0.4729  0.5271  0.4946  0.5054  0.5054  0.4910  0.5054  0.5090  0.5054  0.5668  0.3502  0.4368  0.4368  0.4368  0.1769  0.1769  0.2094  0.3357  0.2491  0.1697  0.3357  0.2130
B0JLL0           0.5126  0.4838  0.4910  0.4657  0.5199  0.4910  0.4946  0.5090  0.5018  0.5090  0.4982  0.4874  0.5596  0.3718  0.4440  0.4440  0.4440  0.1552  0.1552  0.1697  0.3646  0.2708  0.1697  0.3646  0.1733  0.2238
Q55187           0.5126  0.4801  0.4729  0.4477  0.5415  0.4910  0.4910  0.5090  0.5054  0.5090  0.5162  0.4946  0.5343  0.3610  0.4332  0.4332  0.4332  0.1588  0.1588  0.1805  0.3394  0.2599  0.1588  0.3394  0.1913  0.1949  0.1697
B1WVT1           0.5054  0.4910  0.4874  0.4729  0.5379  0.5090  0.5162  0.5162  0.5126  0.5162  0.5126  0.4982  0.5632  0.3755  0.4440  0.4440  0.4440  0.0903  0.0903  0.0469  0.3538  0.2671  0.1516  0.3538  0.0469  0.2022  0.1661  0.1877
Q0IC12           0.5235  0.5090  0.5271  0.5090  0.5451  0.5379  0.5126  0.5451  0.5379  0.5451  0.5343  0.5271  0.5560  0.4368  0.4765  0.4765  0.4765  0.3610  0.3610  0.3466  0.2166  0.3538  0.3755  0.2166  0.3466  0.3574  0.3430  0.3357  0.3538
B8HPR9           0.5054  0.4946  0.4982  0.4693  0.5343  0.4946  0.5090  0.5018  0.5054  0.5018  0.5126  0.5054  0.5487  0.3610  0.4549  0.4549  0.4549  0.2022  0.2022  0.2310  0.3574  0.2347  0.2058  0.3574  0.2310  0.2058  0.2563  0.2274  0.2347  0.3718
A5GMH3           0.5199  0.4946  0.5199  0.5054  0.5415  0.5271  0.5018  0.5307  0.5307  0.5307  0.5307  0.5126  0.5415  0.4224  0.4693  0.4693  0.4693  0.3430  0.3430  0.3249  0.1986  0.3357  0.3538  0.1986  0.3321  0.3394  0.3321  0.3141  0.3321  0.0542  0.3538
A0YMU8           0.5126  0.4874  0.5054  0.4621  0.5415  0.5018  0.5162  0.5199  0.5162  0.5199  0.5090  0.4946  0.5379  0.3827  0.4549  0.4549  0.4549  0.2274  0.2274  0.2527  0.3574  0.2238  0.2130  0.3574  0.2491  0.2274  0.2383  0.2274  0.2491  0.3935  0.2166  0.3755
A3PEA3           0.5343  0.4982  0.4982  0.4982  0.5235  0.5090  0.5126  0.5126  0.5162  0.5162  0.5235  0.4946  0.5523  0.4440  0.4801  0.4801  0.4801  0.3718  0.3718  0.3682  0.2852  0.4007  0.3791  0.2852  0.3574  0.3755  0.3682  0.3574  0.3574  0.2888  0.3863  0.2816  0.4079
Q3AVE6           0.5307  0.5090  0.5126  0.4946  0.5415  0.5307  0.5090  0.5343  0.5271  0.5343  0.5271  0.5054  0.5487  0.4260  0.4693  0.4693  0.4693  0.3502  0.3502  0.3502  0.2022  0.3430  0.3502  0.2022  0.3394  0.3321  0.3321  0.3177  0.3502  0.1119  0.3610  0.0830  0.3682  0.2888
Q7V0I7           0.5379  0.5090  0.5126  0.4982  0.5379  0.5235  0.5126  0.5235  0.5199  0.5235  0.5379  0.5126  0.5560  0.4513  0.4765  0.4765  0.4765  0.3682  0.3682  0.3682  0.2888  0.3899  0.3610  0.2888  0.3646  0.3646  0.3610  0.3502  0.3610  0.2888  0.3718  0.2816  0.3935  0.0722  0.2852
A0ZGE0           0.5162  0.5018  0.5018  0.4838  0.5523  0.5271  0.5162  0.5343  0.5235  0.5343  0.5307  0.5162  0.5704  0.3682  0.4621  0.4621  0.4621  0.2202  0.2202  0.2383  0.3538  0.2347  0.2202  0.3538  0.2310  0.2166  0.2491  0.2130  0.2274  0.3574  0.1733  0.3466  0.2058  0.3899  0.3538  0.3863
A4CW39           0.5162  0.4946  0.5162  0.5054  0.5379  0.5271  0.5018  0.5307  0.5271  0.5307  0.5307  0.5126  0.5415  0.4260  0.4693  0.4693  0.4693  0.3394  0.3394  0.3321  0.1986  0.3357  0.3538  0.1986  0.3394  0.3394  0.3394  0.3177  0.3394  0.0578  0.3538  0.0144  0.3755  0.2816  0.0794  0.2816  0.3502
Q7TTU6           0.5343  0.5090  0.5162  0.5018  0.5451  0.5415  0.5126  0.5415  0.5415  0.5415  0.5379  0.5162  0.5560  0.4296  0.4621  0.4621  0.4621  0.3538  0.3538  0.3538  0.1841  0.3357  0.3646  0.1841  0.3466  0.3394  0.3357  0.3249  0.3538  0.1083  0.3718  0.0866  0.3682  0.2924  0.0505  0.2888  0.3574  0.0939
A5GUT5           0.5235  0.4910  0.5054  0.4910  0.5235  0.5199  0.4910  0.5199  0.5235  0.5199  0.5307  0.5162  0.5415  0.4332  0.4513  0.4513  0.4513  0.3502  0.3502  0.3502  0.2347  0.3249  0.3646  0.2347  0.3610  0.3357  0.3357  0.3321  0.3466  0.1769  0.3538  0.1480  0.3430  0.2780  0.1516  0.2780  0.3574  0.1408  0.1516
A2BXX7           0.5379  0.5090  0.5054  0.4874  0.5307  0.5162  0.5018  0.5162  0.5162  0.5162  0.5379  0.4982  0.5523  0.4549  0.4765  0.4765  0.4765  0.3682  0.3682  0.3646  0.2852  0.3863  0.3646  0.2852  0.3610  0.3646  0.3574  0.3466  0.3574  0.2816  0.3791  0.2744  0.3935  0.0722  0.2708  0.0469  0.3899  0.2744  0.2744  0.2708
A3YV85           0.5271  0.5054  0.5162  0.5018  0.5379  0.5271  0.5271  0.5307  0.5271  0.5307  0.5199  0.5199  0.5596  0.4296  0.4621  0.4621  0.4621  0.3249  0.3249  0.3466  0.2310  0.3430  0.3610  0.2310  0.3394  0.3285  0.3394  0.3285  0.3466  0.1588  0.3466  0.1480  0.3646  0.2816  0.1480  0.2888  0.3430  0.1444  0.1625  0.1769  0.2816
B2IUA1           0.5199  0.4982  0.4982  0.4801  0.5487  0.5271  0.5162  0.5343  0.5235  0.5343  0.5343  0.5199  0.5668  0.3718  0.4621  0.4621  0.4621  0.2058  0.2058  0.2383  0.3574  0.2347  0.2058  0.3574  0.2347  0.2202  0.2491  0.2166  0.2274  0.3646  0.1733  0.3538  0.1913  0.3935  0.3538  0.3863  0.0542  0.3538  0.3610  0.3610  0.3935  0.3430
Q7TV42           0.5235  0.4982  0.5054  0.4946  0.5451  0.5415  0.5235  0.5379  0.5487  0.5379  0.5199  0.5126  0.5487  0.4188  0.4657  0.4657  0.4657  0.3538  0.3538  0.3466  0.1769  0.3466  0.3574  0.1769  0.3394  0.3466  0.3430  0.3249  0.3466  0.1300  0.3682  0.1083  0.3718  0.2852  0.1011  0.2852  0.3502  0.1119  0.0939  0.1661  0.2780  0.1625  0.3538
Q319M1           0.5379  0.5054  0.4946  0.4874  0.5271  0.5090  0.5090  0.5126  0.5199  0.5126  0.5235  0.5054  0.5415  0.4332  0.4657  0.4657  0.4657  0.3682  0.3682  0.3574  0.2852  0.3971  0.3718  0.2852  0.3466  0.3610  0.3646  0.3394  0.3502  0.2888  0.3827  0.2780  0.3863  0.0650  0.2852  0.0794  0.3791  0.2780  0.2888  0.2744  0.0794  0.2780  0.3791  0.2816
A2BSJ1           0.5307  0.5018  0.5090  0.4910  0.5199  0.5090  0.5162  0.5126  0.5162  0.5162  0.5199  0.4946  0.5487  0.4404  0.4874  0.4874  0.4874  0.3755  0.3755  0.3646  0.2780  0.4007  0.3791  0.2780  0.3538  0.3718  0.3718  0.3682  0.3538  0.2888  0.3863  0.2816  0.4043  0.0289  0.2852  0.0758  0.3899  0.2816  0.2888  0.2852  0.0903  0.2924  0.3899  0.2816  0.0722
Q8DL09           0.5199  0.4910  0.5126  0.4838  0.5523  0.5271  0.5126  0.5307  0.5199  0.5307  0.5199  0.5090  0.5596  0.3502  0.4477  0.4477  0.4477  0.2347  0.2347  0.2527  0.3682  0.2274  0.2310  0.3682  0.2599  0.2383  0.2635  0.2347  0.2563  0.3538  0.1733  0.3430  0.2527  0.3755  0.3466  0.3574  0.2094  0.3430  0.3394  0.3466  0.3574  0.3285  0.2094  0.3430  0.3682  0.3791
A2CB16           0.5235  0.4982  0.5054  0.4982  0.5487  0.5451  0.5235  0.5415  0.5487  0.5415  0.5235  0.5126  0.5487  0.4188  0.4657  0.4657  0.4657  0.3538  0.3538  0.3466  0.1769  0.3466  0.3574  0.1769  0.3394  0.3466  0.3466  0.3249  0.3466  0.1264  0.3682  0.1047  0.3718  0.2780  0.1047  0.2780  0.3502  0.1083  0.0939  0.1625  0.2708  0.1588  0.3538  0.0108  0.2744  0.2816  0.3430
Q060A9           0.5343  0.5126  0.5162  0.4982  0.5415  0.5307  0.5126  0.5343  0.5271  0.5343  0.5307  0.5090  0.5523  0.4224  0.4693  0.4693  0.4693  0.3466  0.3466  0.3466  0.1986  0.3394  0.3466  0.1986  0.3357  0.3285  0.3285  0.3141  0.3466  0.1119  0.3574  0.0794  0.3646  0.2888  0.0036  0.2852  0.3502  0.0794  0.0469  0.1516  0.2708  0.1480  0.3502  0.0975  0.2852  0.2852  0.3430  0.1011
Q10YV2           0.5199  0.4838  0.5054  0.4513  0.5307  0.5018  0.5018  0.5162  0.5054  0.5162  0.5054  0.4946  0.5271  0.3863  0.4477  0.4477  0.4477  0.2310  0.2310  0.2383  0.3718  0.2527  0.2130  0.3718  0.2527  0.2347  0.2383  0.2310  0.2491  0.3935  0.2202  0.3827  0.1408  0.3971  0.3827  0.3899  0.1986  0.3791  0.3863  0.3718  0.3791  0.3863  0.1877  0.3791  0.3827  0.3971  0.2491  0.3791  0.3791
A3ZAC9           0.5379  0.5018  0.5162  0.5054  0.5451  0.5343  0.5126  0.5415  0.5415  0.5451  0.5307  0.5271  0.5596  0.4260  0.4729  0.4729  0.4729  0.3502  0.3502  0.3466  0.2094  0.3357  0.3646  0.2094  0.3466  0.3466  0.3285  0.3141  0.3502  0.0794  0.3718  0.0758  0.3718  0.2960  0.0903  0.2924  0.3502  0.0794  0.0903  0.1625  0.2780  0.1697  0.3610  0.1083  0.2888  0.2924  0.3466  0.1083  0.0866  0.3899
Q05WW5           0.5271  0.4982  0.5126  0.5018  0.5415  0.5343  0.5090  0.5451  0.5379  0.5451  0.5199  0.5126  0.5523  0.4332  0.4765  0.4765  0.4765  0.3394  0.3394  0.3357  0.2022  0.3502  0.3574  0.2022  0.3394  0.3502  0.3357  0.3105  0.3430  0.0975  0.3646  0.0794  0.3646  0.2888  0.0903  0.2960  0.3466  0.0830  0.0975  0.1588  0.2816  0.1552  0.3502  0.1011  0.2888  0.2852  0.3430  0.0975  0.0866  0.3791  0.0722
B9YK15           0.5235  0.5018  0.4982  0.4874  0.5523  0.5307  0.5235  0.5343  0.5271  0.5379  0.5307  0.5199  0.5704  0.3718  0.4440  0.4440  0.4440  0.2130  0.2130  0.2491  0.3538  0.2419  0.2166  0.3538  0.2419  0.2238  0.2491  0.2202  0.2455  0.3682  0.1805  0.3574  0.2094  0.4007  0.3610  0.3935  0.0794  0.3610  0.3610  0.3682  0.3935  0.3502  0.0866  0.3538  0.3899  0.4007  0.2166  0.3538  0.3574  0.2166  0.3538  0.3574
Q3MB99           0.5235  0.4946  0.5090  0.4838  0.5523  0.5235  0.5307  0.5343  0.5235  0.5343  0.5235  0.5126  0.5596  0.3610  0.4621  0.4621  0.4621  0.2022  0.2022  0.2383  0.3574  0.2455  0.2094  0.3574  0.2274  0.2166  0.2347  0.2022  0.2310  0.3646  0.1769  0.3574  0.2022  0.3935  0.3646  0.3935  0.0722  0.3610  0.3682  0.3755  0.3935  0.3466  0.0686  0.3610  0.3791  0.3935  0.2166  0.3610  0.3610  0.1986  0.3646  0.3538  0.0830
Q8YMT4           0.5235  0.4946  0.5090  0.4838  0.5523  0.5235  0.5307  0.5343  0.5235  0.5343  0.5235  0.5126  0.5596  0.3610  0.4621  0.4621  0.4621  0.2022  0.2022  0.2383  0.3574  0.2455  0.2094  0.3574  0.2274  0.2166  0.2347  0.2022  0.2310  0.3646  0.1769  0.3574  0.2022  0.3935  0.3646  0.3935  0.0722  0.3610  0.3682  0.3755  0.3935  0.3466  0.0686  0.3610  0.3791  0.3935  0.2166  0.3610  0.3610  0.1986  0.3646  0.3538  0.0830  0.0000
A9BBN3           0.5343  0.5090  0.5162  0.4874  0.5343  0.5343  0.5235  0.5343  0.5307  0.5307  0.5307  0.4946  0.5560  0.4440  0.4801  0.4801  0.4801  0.3466  0.3466  0.3394  0.1588  0.3610  0.3574  0.1588  0.3321  0.3502  0.3466  0.3285  0.3430  0.1913  0.3718  0.1733  0.3718  0.2599  0.1625  0.2563  0.3574  0.1769  0.1588  0.2094  0.2635  0.2166  0.3646  0.1516  0.2635  0.2599  0.3682  0.1480  0.1588  0.3755  0.1769  0.1661  0.3682  0.3646  0.3646
Q2JT25           0.5487  0.5343  0.5379  0.5199  0.5740  0.5523  0.5523  0.5632  0.5632  0.5632  0.5451  0.5415  0.5776  0.3610  0.4585  0.4585  0.4585  0.3032  0.3032  0.3177  0.4404  0.3394  0.3105  0.4404  0.3249  0.3032  0.3357  0.3357  0.3141  0.4513  0.3069  0.4332  0.3285  0.4585  0.4368  0.4513  0.3213  0.4404  0.4332  0.4332  0.4513  0.4440  0.3213  0.4332  0.4513  0.4621  0.3249  0.4332  0.4332  0.3357  0.4404  0.4296  0.3249  0.3321  0.3321  0.4440
B4AW96           0.5162  0.4982  0.4874  0.4657  0.5523  0.5235  0.5162  0.5271  0.5235  0.5271  0.5162  0.4946  0.5740  0.3682  0.4368  0.4368  0.4368  0.1300  0.1300  0.1480  0.3755  0.2635  0.0758  0.3755  0.1480  0.1986  0.1661  0.1697  0.1444  0.3682  0.2166  0.3502  0.2274  0.3791  0.3466  0.3682  0.2347  0.3502  0.3574  0.3646  0.3682  0.3574  0.2202  0.3538  0.3755  0.3791  0.2419  0.3538  0.3430  0.2274  0.3574  0.3538  0.2455  0.2310  0.2310  0.3610  0.3141
Q2JNE8           0.5487  0.5379  0.5415  0.5162  0.5812  0.5560  0.5596  0.5668  0.5776  0.5668  0.5523  0.5415  0.5740  0.3538  0.4621  0.4621  0.4621  0.2996  0.2996  0.3177  0.4404  0.3394  0.3177  0.4404  0.3249  0.3213  0.3430  0.3321  0.3249  0.4477  0.3141  0.4296  0.3357  0.4621  0.4296  0.4549  0.3249  0.4368  0.4296  0.4332  0.4549  0.4296  0.3249  0.4260  0.4513  0.4657  0.3141  0.4260  0.4260  0.3394  0.4260  0.4224  0.3285  0.3394  0.3394  0.4404  0.0650  0.3105
B0C6I2           0.5162  0.4982  0.5054  0.4657  0.5343  0.5126  0.4982  0.5090  0.5235  0.5090  0.5162  0.5126  0.5343  0.3827  0.4477  0.4477  0.4477  0.2058  0.2058  0.2274  0.3682  0.2491  0.2130  0.3682  0.2310  0.2347  0.2455  0.2058  0.2310  0.3646  0.1516  0.3538  0.2166  0.3899  0.3610  0.3791  0.2058  0.3574  0.3574  0.3646  0.3718  0.3394  0.1877  0.3610  0.3791  0.3899  0.1661  0.3610  0.3574  0.2166  0.3646  0.3610  0.2022  0.1877  0.1877  0.3755  0.3430  0.2274  0.3357
B5W3W6           0.5307  0.4982  0.4946  0.4838  0.5487  0.5162  0.5090  0.5271  0.5343  0.5307  0.5307  0.5018  0.5451  0.3863  0.4477  0.4477  0.4477  0.2347  0.2347  0.2599  0.3574  0.2383  0.2094  0.3574  0.2635  0.2202  0.2383  0.2238  0.2563  0.3863  0.2130  0.3718  0.1444  0.4007  0.3718  0.3827  0.1949  0.3682  0.3718  0.3610  0.3863  0.3718  0.1877  0.3755  0.3863  0.4007  0.2455  0.3755  0.3682  0.1588  0.3682  0.3718  0.2058  0.1986  0.1986  0.3755  0.3141  0.2238  0.3213  0.2274
Q3AL64           0.5415  0.5162  0.5235  0.5090  0.5487  0.5415  0.5199  0.5451  0.5415  0.5451  0.5415  0.5235  0.5596  0.4260  0.4801  0.4801  0.4801  0.3610  0.3610  0.3502  0.1949  0.3466  0.3610  0.1949  0.3430  0.3466  0.3394  0.3285  0.3502  0.1083  0.3755  0.0794  0.3827  0.3032  0.0505  0.2996  0.3610  0.0866  0.0397  0.1661  0.2852  0.1552  0.3646  0.0866  0.2996  0.2996  0.3502  0.0866  0.0469  0.3863  0.0939  0.0939  0.3682  0.3718  0.3718  0.1697  0.4260  0.3538  0.4224  0.3682  0.3863
Q7VAV9           0.5379  0.5018  0.4982  0.5018  0.5343  0.5343  0.5343  0.5415  0.5271  0.5415  0.5235  0.5162  0.5596  0.4477  0.4838  0.4838  0.4838  0.3682  0.3682  0.3574  0.1841  0.3538  0.3718  0.1841  0.3502  0.3574  0.3682  0.3538  0.3610  0.1949  0.3899  0.1733  0.3791  0.2671  0.1769  0.2599  0.3718  0.1769  0.1661  0.2022  0.2671  0.2202  0.3755  0.1769  0.2671  0.2599  0.3682  0.1733  0.1733  0.4043  0.1769  0.1769  0.3755  0.3791  0.3791  0.1336  0.4513  0.3718  0.4440  0.3899  0.3863  0.1805
A8G677           0.5343  0.4982  0.4982  0.4982  0.5235  0.5090  0.5126  0.5126  0.5126  0.5162  0.5235  0.4946  0.5487  0.4440  0.4801  0.4801  0.4801  0.3682  0.3682  0.3682  0.2744  0.3935  0.3755  0.2744  0.3574  0.3718  0.3682  0.3574  0.3574  0.2888  0.3863  0.2816  0.4043  0.0217  0.2888  0.0650  0.3827  0.2816  0.2924  0.2816  0.0830  0.2852  0.3863  0.2852  0.0650  0.0289  0.3718  0.2780  0.2888  0.4043  0.2960  0.2888  0.3935  0.3863  0.3863  0.2455  0.4549  0.3791  0.4585  0.3899  0.4007  0.3032  0.2563
Q5N0F1           0.4946  0.4729  0.5054  0.4729  0.5379  0.5090  0.5018  0.5162  0.5235  0.5162  0.5090  0.5018  0.5523  0.3646  0.4513  0.4513  0.4513  0.2599  0.2599  0.2780  0.3430  0.0000  0.2455  0.3430  0.2744  0.2491  0.2708  0.2599  0.2671  0.3538  0.2347  0.3357  0.2238  0.4007  0.3430  0.3899  0.2347  0.3357  0.3357  0.3249  0.3863  0.3430  0.2347  0.3466  0.3971  0.4007  0.2274  0.3466  0.3394  0.2527  0.3357  0.3502  0.2419  0.2455  0.2455  0.3610  0.3394  0.2635  0.3394  0.2491  0.2383  0.3466  0.3538  0.3935


TREE #  1:  (8, 10, (6, (9, (5, (7, ((2, (3, 1)), ((12, (4, ((15, (16, 17)), ((14, (57, 59)), (((40, (42, (((30, (32, 38)), (52, 51)), (((35, 49), (39, 62)), ((44, 48), ((21, 24), (63, (56, ((36, 41), (45, (34, (46, 64)))))))))))), (22, 65)), ((26, (28, (((20, (25, 29)), (18, 19)), (27, (23, 58))))), ((31, (60, 47)), ((53, ((54, 55), (37, 43))), (61, (33, 50)))))))))), (11, 13))))))));   MP score: 1843
lnL(ntime:127  np:128):  -9915.021239      +0.000000
  66..8    66..10   66..67   67..6    67..68   68..9    68..69   69..5    69..70   70..7    70..71   71..72   72..2    72..73   73..3    73..1    71..74   74..75   75..12   75..76   76..4    76..77   77..78   78..15   78..79   79..16   79..17   77..80   80..81   81..14   81..82   82..57   82..59   80..83   83..84   84..85   85..40   85..86   86..42   86..87   87..88   88..89   89..30   89..90   90..32   90..38   88..91   91..52   91..51   87..92   92..93   93..94   94..35   94..49   93..95   95..39   95..62   92..96   96..97   97..44   97..48   96..98   98..99   99..21   99..24   98..100 100..63  100..101 101..56  101..102 102..103 103..36  103..41  102..104 104..45  104..105 105..34  105..106 106..46  106..64   84..107 107..22  107..65   83..108 108..109 109..26  109..110 110..28  110..111 111..112 112..113 113..20  113..114 114..25  114..29  112..115 115..18  115..19  111..116 116..27  116..117 117..23  117..58  108..118 118..119 119..31  119..120 120..60  120..47  118..121 121..122 122..53  122..123 123..124 124..54  124..55  123..125 125..37  125..43  121..126 126..61  126..127 127..33  127..50   74..128 128..11  128..13 
 0.000004 0.021329 0.079912 0.068767 0.031601 0.223199 0.043675 0.208324 0.217614 0.230995 0.087500 0.096579 0.247538 0.037687 0.341876 0.466105 0.098625 0.054015 0.262415 0.061792 0.224562 0.810202 0.615628 0.000004 0.005215 0.000004 0.000004 0.628105 0.096304 0.617109 0.395571 0.061029 0.043530 0.133798 0.100474 0.657314 0.114512 0.092242 0.195346 0.080593 0.018296 0.035608 0.070196 0.020621 0.000004 0.021897 0.021280 0.066730 0.048139 0.021576 0.035221 0.042635 0.005259 0.000004 0.006507 0.033244 0.030039 0.051174 0.053951 0.012117 0.003930 0.151205 0.226227 0.000004 0.000004 0.038286 0.179143 0.041862 0.060429 0.497240 0.016526 0.029777 0.037630 0.024403 0.048732 0.037669 0.014204 0.000835 0.025562 0.015322 0.227323 0.000004 0.000004 0.071142 0.050489 0.199269 0.045083 0.163083 0.049620 0.062279 0.091842 0.024486 0.016452 0.041775 0.030404 0.045497 0.000004 0.000004 0.013711 0.185209 0.050016 0.040380 0.072714 0.042094 0.077368 0.127539 0.042512 0.136114 0.215109 0.032093 0.094761 0.078914 0.000004 0.058418 0.000004 0.000004 0.022661 0.047892 0.032672 0.104174 0.142259 0.037655 0.105793 0.134847 0.145046 0.306108 0.778917 0.571325

tree length =  14.03833

(8: 0.000004, 10: 0.021329, (6: 0.068767, (9: 0.223199, (5: 0.208324, (7: 0.230995, ((2: 0.247538, (3: 0.341876, 1: 0.466105): 0.037687): 0.096579, ((12: 0.262415, (4: 0.224562, ((15: 0.000004, (16: 0.000004, 17: 0.000004): 0.005215): 0.615628, ((14: 0.617109, (57: 0.061029, 59: 0.043530): 0.395571): 0.096304, (((40: 0.114512, (42: 0.195346, (((30: 0.070196, (32: 0.000004, 38: 0.021897): 0.020621): 0.035608, (52: 0.066730, 51: 0.048139): 0.021280): 0.018296, (((35: 0.005259, 49: 0.000004): 0.042635, (39: 0.033244, 62: 0.030039): 0.006507): 0.035221, ((44: 0.012117, 48: 0.003930): 0.053951, ((21: 0.000004, 24: 0.000004): 0.226227, (63: 0.179143, (56: 0.060429, ((36: 0.029777, 41: 0.037630): 0.016526, (45: 0.048732, (34: 0.014204, (46: 0.025562, 64: 0.015322): 0.000835): 0.037669): 0.024403): 0.497240): 0.041862): 0.038286): 0.151205): 0.051174): 0.021576): 0.080593): 0.092242): 0.657314, (22: 0.000004, 65: 0.000004): 0.227323): 0.100474, ((26: 0.199269, (28: 0.163083, (((20: 0.024486, (25: 0.041775, 29: 0.030404): 0.016452): 0.091842, (18: 0.000004, 19: 0.000004): 0.045497): 0.062279, (27: 0.185209, (23: 0.040380, 58: 0.072714): 0.050016): 0.013711): 0.049620): 0.045083): 0.050489, ((31: 0.127539, (60: 0.136114, 47: 0.215109): 0.042512): 0.077368, ((53: 0.078914, ((54: 0.000004, 55: 0.000004): 0.058418, (37: 0.047892, 43: 0.032672): 0.022661): 0.000004): 0.094761, (61: 0.142259, (33: 0.105793, 50: 0.134847): 0.037655): 0.104174): 0.032093): 0.042094): 0.071142): 0.133798): 0.628105): 0.810202): 0.061792): 0.054015, (11: 0.306108, 13: 0.778917): 0.145046): 0.098625): 0.087500): 0.217614): 0.043675): 0.031601): 0.079912);

(A8FLU6: 0.000004, A7H3F0: 0.021329, (Q4HIM8: 0.068767, (Q4HSB3: 0.223199, (B9KD77: 0.208324, (D1B028: 0.230995, ((A6Q7P7: 0.247538, (Q30S84: 0.341876, A8EWE7: 0.466105): 0.037687): 0.096579, ((B9L9K2: 0.262415, (A6Q2R4: 0.224562, ((P08312: 0.000004, (B7MVJ3: 0.000004, B7LQ75: 0.000004): 0.005215): 0.615628, ((Q7NGP0: 0.617109, (Q2JT25: 0.061029, Q2JNE8: 0.043530): 0.395571): 0.096304, (((A5GUT5: 0.114512, (A3YV85: 0.195346, (((Q0IC12: 0.070196, (A5GMH3: 0.000004, A4CW39: 0.021897): 0.020621): 0.035608, (Q05WW5: 0.066730, A3ZAC9: 0.048139): 0.021280): 0.018296, (((Q3AVE6: 0.005259, Q060A9: 0.000004): 0.042635, (Q7TTU6: 0.033244, Q3AL64: 0.030039): 0.006507): 0.035221, ((Q7TV42: 0.012117, A2CB16: 0.003930): 0.053951, ((Q46JK1: 0.000004, A2C435: 0.000004): 0.226227, (Q7VAV9: 0.179143, (A9BBN3: 0.060429, ((Q7V0I7: 0.029777, A2BXX7: 0.037630): 0.016526, (Q319M1: 0.048732, (A3PEA3: 0.014204, (A2BSJ1: 0.025562, A8G677: 0.015322): 0.000835): 0.037669): 0.024403): 0.497240): 0.041862): 0.038286): 0.151205): 0.051174): 0.021576): 0.080593): 0.092242): 0.657314, (Q31LH5: 0.000004, Q5N0F1: 0.000004): 0.227323): 0.100474, ((B1XPE3: 0.199269, (Q55187: 0.163083, (((Q4C0N5: 0.024486, (A3IKM9: 0.041775, B1WVT1: 0.030404): 0.016452): 0.091842, (C7QNF2: 0.000004, B7K1Q7: 0.000004): 0.045497): 0.062279, (B0JLL0: 0.185209, (B7KBP6: 0.040380, B4AW96: 0.072714): 0.050016): 0.013711): 0.049620): 0.045083): 0.050489, ((B8HPR9: 0.127539, (B0C6I2: 0.136114, Q8DL09: 0.215109): 0.042512): 0.077368, ((B9YK15: 0.078914, ((Q3MB99: 0.000004, Q8YMT4: 0.000004): 0.058418, (A0ZGE0: 0.047892, B2IUA1: 0.032672): 0.022661): 0.000004): 0.094761, (B5W3W6: 0.142259, (A0YMU8: 0.105793, Q10YV2: 0.134847): 0.037655): 0.104174): 0.032093): 0.042094): 0.071142): 0.133798): 0.628105): 0.810202): 0.061792): 0.054015, (Q7M8Y9: 0.306108, P56146: 0.778917): 0.145046): 0.098625): 0.087500): 0.217614): 0.043675): 0.031601): 0.079912);

Detailed output identifying parameters

alpha (gamma, K = 4) =  0.57132
rate:   0.04725  0.29595  0.86595  2.79084
freq:   0.25000  0.25000  0.25000  0.25000

Time used: 28:27
