AAML (in paml version 4.6, August 2012)  253.aa
Model: Empirical for branches,  Global clock  (../../../bin/LG.dat) dGamma (ncatG=4) ns =  65  ls = 373


Frequencies..
                                    A      R      N      D      C      Q      E      G      H      I      L      K      M      F      P      S      T      W      Y      V
A8ES65                         0.05630 0.02413 0.06702 0.05898 0.00804 0.02413 0.06434 0.05094 0.02145 0.10724 0.07775 0.09651 0.02413 0.05362 0.01609 0.07775 0.07507 0.00000 0.03217 0.06434
Q30TR8                         0.06434 0.04558 0.06166 0.06166 0.00536 0.04558 0.07775 0.05898 0.01609 0.08043 0.08043 0.06971 0.01609 0.05362 0.02145 0.05362 0.06971 0.00000 0.03485 0.08311
D1B4D3                         0.07507 0.03753 0.04558 0.06971 0.01340 0.03485 0.07239 0.06971 0.02949 0.07507 0.08043 0.06702 0.02413 0.05094 0.02413 0.05362 0.05630 0.00268 0.03217 0.08579
Q7M8F9                         0.07239 0.06166 0.02949 0.06166 0.01072 0.02949 0.09383 0.06971 0.02681 0.07239 0.09920 0.05898 0.01877 0.04826 0.03753 0.07507 0.04558 0.00000 0.02949 0.05898
A6QCL6                         0.07507 0.04826 0.04290 0.07239 0.00268 0.01877 0.08579 0.06166 0.03217 0.05362 0.09651 0.06166 0.04290 0.03753 0.03217 0.04558 0.07239 0.00000 0.03753 0.08043
A6Q1K8                         0.07239 0.02949 0.03753 0.07239 0.00536 0.05362 0.06702 0.05630 0.02413 0.09651 0.07507 0.06971 0.02681 0.04558 0.02949 0.05094 0.08579 0.00000 0.04290 0.05898
A7H5Y8                         0.06702 0.01877 0.04826 0.06434 0.02145 0.03485 0.08043 0.06434 0.01877 0.09383 0.09651 0.10456 0.01072 0.06434 0.02413 0.03485 0.07507 0.00000 0.02145 0.05630
A8FNV3                         0.06702 0.01877 0.04558 0.06434 0.02145 0.03485 0.07775 0.06702 0.01877 0.09383 0.09651 0.10188 0.01072 0.06434 0.02413 0.03753 0.07507 0.00000 0.02145 0.05898
B9KEJ3                         0.06166 0.02145 0.06702 0.05898 0.02413 0.02145 0.07775 0.06166 0.01609 0.09383 0.08579 0.10992 0.01609 0.06702 0.02413 0.05362 0.05630 0.00000 0.02949 0.05362
Q4HF92                         0.07239 0.01877 0.06434 0.07239 0.02145 0.02949 0.06434 0.06702 0.01877 0.09383 0.09920 0.10188 0.01340 0.06434 0.02681 0.04558 0.06166 0.00000 0.01877 0.04558
Q4HQ29                         0.07507 0.02145 0.05630 0.06166 0.02145 0.02413 0.07775 0.06971 0.01877 0.08043 0.09115 0.09651 0.01340 0.06971 0.01877 0.05898 0.05630 0.00000 0.03217 0.05630
O26027                         0.05898 0.03217 0.05898 0.06434 0.00268 0.02681 0.06971 0.05630 0.03217 0.08847 0.12332 0.09383 0.01340 0.05094 0.01877 0.05630 0.06166 0.00000 0.03485 0.05630
B9L6T3                         0.04826 0.02681 0.04558 0.06434 0.01072 0.02145 0.08311 0.06702 0.01609 0.09115 0.07507 0.12601 0.02145 0.05094 0.02681 0.05630 0.07239 0.00000 0.04290 0.05362
Q46LZ6                         0.08311 0.04558 0.05094 0.06702 0.01609 0.03217 0.05630 0.07775 0.02145 0.08847 0.10188 0.06971 0.01609 0.04290 0.02681 0.06971 0.04826 0.00804 0.02681 0.05094
A2C0L8                         0.08043 0.04290 0.04826 0.06971 0.01609 0.03485 0.05094 0.07775 0.01877 0.09383 0.09920 0.07239 0.01609 0.04558 0.02949 0.06971 0.05094 0.00804 0.02949 0.04558
Q31N55                         0.12601 0.05362 0.02413 0.07507 0.01877 0.04558 0.04021 0.08579 0.02413 0.04826 0.10456 0.02145 0.01609 0.04021 0.05094 0.02949 0.08847 0.00804 0.02145 0.07775
B1XLH6                         0.10724 0.04021 0.04021 0.06702 0.01340 0.05362 0.05362 0.08579 0.02681 0.04558 0.10456 0.04826 0.02413 0.04021 0.04021 0.03485 0.06702 0.01072 0.02681 0.06971
Q5MZ60                         0.12601 0.05362 0.02413 0.07507 0.01877 0.04558 0.04021 0.08579 0.02413 0.04826 0.10456 0.02145 0.01609 0.04021 0.05094 0.02949 0.08847 0.00804 0.02145 0.07775
A2BV72                         0.06166 0.02681 0.04826 0.07239 0.01072 0.02681 0.06166 0.06434 0.01877 0.09920 0.11796 0.09115 0.01609 0.06702 0.02949 0.06434 0.05094 0.00268 0.02681 0.04290
B8HUW1                         0.10188 0.04558 0.02949 0.05898 0.01340 0.06971 0.03753 0.08847 0.02413 0.04558 0.10456 0.02681 0.01609 0.04021 0.04290 0.05362 0.09115 0.01072 0.02413 0.07507
Q8DJI4                         0.11528 0.06166 0.03217 0.07239 0.01609 0.03753 0.05630 0.08847 0.02949 0.03753 0.10992 0.02681 0.02145 0.03485 0.04558 0.04290 0.06166 0.01340 0.02413 0.07239
Q7V2Q8                         0.05898 0.03485 0.05094 0.06702 0.00804 0.03485 0.06434 0.06434 0.02145 0.09383 0.10992 0.08579 0.01609 0.06971 0.02949 0.06434 0.05362 0.00268 0.02413 0.04558
A2BPP0                         0.05630 0.03485 0.05362 0.06434 0.00804 0.03485 0.06166 0.06166 0.01877 0.09920 0.11796 0.09115 0.01609 0.06971 0.03217 0.05630 0.05630 0.00268 0.02145 0.04290
Q31CC6                         0.05898 0.03485 0.04826 0.06434 0.00804 0.03217 0.06434 0.06166 0.01877 0.09383 0.12064 0.09651 0.01609 0.06702 0.02949 0.05898 0.05362 0.00268 0.02413 0.04558
A8G3C4                         0.05898 0.03485 0.04826 0.06434 0.00804 0.03217 0.06434 0.06166 0.01877 0.09651 0.11528 0.09651 0.01609 0.06971 0.02949 0.06434 0.05362 0.00268 0.02145 0.04290
B0C6L4                         0.11796 0.03485 0.02145 0.06702 0.01340 0.07775 0.04290 0.07775 0.02413 0.05898 0.10456 0.02949 0.01877 0.04021 0.04290 0.04558 0.07507 0.01072 0.02681 0.06971
B9YRI0                         0.10992 0.05362 0.02949 0.08311 0.01609 0.03753 0.04558 0.08311 0.02413 0.05898 0.10992 0.03485 0.01877 0.04290 0.04021 0.04290 0.06434 0.00804 0.02413 0.07239
Q55469                         0.11260 0.04021 0.03217 0.06702 0.01340 0.05898 0.04290 0.08579 0.02949 0.04826 0.11528 0.03217 0.01877 0.04290 0.04558 0.04290 0.07507 0.00804 0.02949 0.05898
B7K357                         0.09115 0.03485 0.02681 0.07239 0.01609 0.08579 0.03485 0.07775 0.02949 0.05630 0.10456 0.03217 0.02413 0.04290 0.04021 0.05630 0.07239 0.00804 0.02681 0.06702
C7QU02                         0.09115 0.03485 0.02681 0.06971 0.01609 0.08579 0.03485 0.07775 0.03217 0.05630 0.10188 0.03217 0.02413 0.04290 0.04021 0.05630 0.07239 0.00804 0.02681 0.06971
Q2JQV0                         0.13137 0.06702 0.02681 0.05898 0.01340 0.04826 0.05362 0.09115 0.03217 0.04558 0.12332 0.01877 0.01340 0.02681 0.05362 0.02949 0.05362 0.02413 0.01609 0.07239
Q7NFN2                         0.10724 0.06434 0.02145 0.07239 0.01340 0.05630 0.05362 0.09651 0.02145 0.05094 0.10456 0.02681 0.01340 0.03753 0.04826 0.04021 0.07239 0.00804 0.02413 0.06702
A0ZID3                         0.10992 0.04558 0.03217 0.06702 0.01609 0.04021 0.05630 0.08311 0.02949 0.04826 0.11796 0.04021 0.02145 0.03753 0.04021 0.04290 0.06434 0.01072 0.02145 0.07507
Q2JM37                         0.13137 0.06702 0.02681 0.05630 0.01072 0.05630 0.04290 0.09115 0.03217 0.05362 0.11260 0.01609 0.01340 0.02949 0.04558 0.04558 0.05094 0.02413 0.01877 0.07507
A3PBD0                         0.05630 0.03485 0.05094 0.06166 0.00804 0.02949 0.06434 0.06702 0.01877 0.09651 0.10992 0.09651 0.01609 0.07239 0.02949 0.06434 0.05362 0.00268 0.02145 0.04558
Q7VDG4                         0.09115 0.04558 0.03217 0.05898 0.01609 0.04826 0.04826 0.08847 0.03217 0.08311 0.12064 0.04021 0.02145 0.04826 0.03217 0.06702 0.05094 0.00804 0.01609 0.05094
Q3ME15                         0.10456 0.04290 0.02681 0.07507 0.01340 0.03753 0.04826 0.08847 0.02949 0.05630 0.10992 0.04021 0.02145 0.04290 0.04558 0.05094 0.06702 0.01072 0.02145 0.06702
Q8YWF0                         0.10456 0.04558 0.03217 0.06971 0.01340 0.03485 0.04826 0.08847 0.02949 0.05630 0.10992 0.04021 0.02145 0.04290 0.04558 0.04826 0.06702 0.01072 0.02145 0.06971
A0YNF7                         0.11260 0.04558 0.02681 0.07239 0.01877 0.04558 0.05362 0.08043 0.02681 0.05362 0.11796 0.04021 0.02145 0.03217 0.04021 0.04021 0.06702 0.01072 0.02949 0.06434
B2J9M0                         0.11796 0.05362 0.03217 0.07507 0.01340 0.04290 0.05094 0.08311 0.02949 0.05094 0.10992 0.02949 0.02145 0.03753 0.03485 0.04021 0.06434 0.01072 0.02145 0.08043
Q3ALH4                         0.13405 0.06971 0.02681 0.06166 0.01609 0.04290 0.05362 0.10456 0.02681 0.03753 0.12332 0.01340 0.01877 0.03485 0.03753 0.05362 0.05630 0.00804 0.01072 0.06971
B4B2B1                         0.11528 0.04290 0.02413 0.06166 0.01340 0.05362 0.05094 0.07239 0.02413 0.06166 0.09651 0.04826 0.02145 0.04021 0.03753 0.05094 0.06702 0.00804 0.03485 0.07507
Q3AWW8                         0.13405 0.07239 0.02413 0.06166 0.01340 0.05094 0.05362 0.09115 0.02681 0.02681 0.12869 0.01877 0.01877 0.03753 0.03217 0.05094 0.05898 0.00804 0.01340 0.07775
B7KLL9                         0.10188 0.04021 0.03753 0.06702 0.01072 0.04558 0.05094 0.07507 0.02681 0.06434 0.09383 0.04826 0.02413 0.04021 0.03753 0.05094 0.07239 0.00804 0.03217 0.07239
B1WRX5                         0.08579 0.03753 0.03485 0.06702 0.01609 0.05898 0.04826 0.07507 0.02949 0.05898 0.09651 0.04290 0.02145 0.04558 0.04558 0.05094 0.08311 0.00804 0.02413 0.06971
Q10X66                         0.09115 0.04826 0.02949 0.08043 0.01072 0.04021 0.04826 0.08311 0.02413 0.05094 0.10456 0.04558 0.03485 0.03485 0.02949 0.06971 0.07239 0.01340 0.02949 0.05898
B5VW05                         0.10456 0.04826 0.02949 0.09115 0.01340 0.03485 0.03217 0.09383 0.02949 0.05094 0.11528 0.02949 0.01877 0.04021 0.04826 0.05630 0.06702 0.01072 0.02145 0.06434
A3IRE8                         0.08579 0.03753 0.02949 0.06702 0.01340 0.05630 0.05362 0.06971 0.02949 0.05898 0.09115 0.04826 0.02413 0.04826 0.04021 0.07239 0.07507 0.00804 0.02413 0.06702
Q4C3S7                         0.08311 0.04558 0.04021 0.06434 0.01609 0.05362 0.05362 0.06971 0.02681 0.05630 0.09651 0.04558 0.02145 0.04558 0.04290 0.04558 0.07775 0.00804 0.02681 0.08043
A5GRL8                         0.13405 0.05630 0.02681 0.07507 0.02413 0.05094 0.03753 0.09651 0.02949 0.03485 0.10724 0.02413 0.01877 0.03753 0.04290 0.05898 0.05094 0.00804 0.01340 0.07239
A3Z0G2                         0.14209 0.07239 0.02145 0.05898 0.01877 0.04290 0.04290 0.09651 0.02949 0.03485 0.12869 0.01877 0.01609 0.03217 0.04021 0.05094 0.05898 0.00804 0.01072 0.07507
A9BE32                         0.08847 0.03485 0.03753 0.05630 0.01877 0.03217 0.05362 0.08311 0.02413 0.08043 0.10992 0.06434 0.02681 0.04558 0.02949 0.07775 0.05630 0.00536 0.02413 0.05094
Q05SC6                         0.13137 0.06166 0.02413 0.06971 0.02413 0.04826 0.04558 0.09115 0.02681 0.03753 0.10992 0.01877 0.02145 0.03485 0.03217 0.04558 0.06702 0.00804 0.01072 0.09115
P22188                         0.13137 0.04826 0.03217 0.06434 0.01609 0.03217 0.06434 0.09383 0.03217 0.03753 0.11260 0.03485 0.02949 0.02145 0.02681 0.03485 0.05630 0.01072 0.02145 0.09920
Q0ICH2                         0.11528 0.05630 0.02413 0.05898 0.02145 0.04290 0.04558 0.10188 0.03753 0.04290 0.11796 0.02413 0.01877 0.03217 0.03753 0.06166 0.06434 0.00804 0.01340 0.07507
A2CBI8                         0.13405 0.06434 0.02681 0.05362 0.01877 0.04826 0.05362 0.09115 0.02413 0.02949 0.12064 0.01877 0.01877 0.03485 0.03753 0.04826 0.06166 0.01072 0.01340 0.09115
B7LWE8                         0.13137 0.04826 0.03217 0.06702 0.01609 0.03217 0.06166 0.09383 0.03217 0.03485 0.11260 0.03485 0.02949 0.02145 0.02681 0.03485 0.05898 0.01072 0.02145 0.09920
Q060K4                         0.13673 0.07507 0.02145 0.06702 0.01340 0.04021 0.05094 0.09115 0.02681 0.03217 0.13137 0.02145 0.01877 0.03485 0.03217 0.04826 0.06166 0.00804 0.01340 0.07507
B7MNU4                         0.13405 0.05094 0.03217 0.06702 0.01609 0.03217 0.05898 0.09383 0.02949 0.03485 0.11260 0.03485 0.02949 0.02145 0.02681 0.03485 0.05898 0.01072 0.02145 0.09920
B0JYD6                         0.11528 0.04826 0.02681 0.06971 0.01609 0.04826 0.04558 0.08043 0.02413 0.07507 0.09651 0.03485 0.01340 0.04021 0.04021 0.04826 0.07775 0.00536 0.02681 0.06702
Q7U5L3                         0.13941 0.08043 0.02145 0.05630 0.01340 0.04290 0.05094 0.09920 0.02413 0.03217 0.11796 0.01340 0.02145 0.02949 0.03485 0.05362 0.06434 0.00804 0.01609 0.08043
Q7V8U6                         0.13405 0.06166 0.02681 0.05362 0.02413 0.05094 0.05362 0.08579 0.02413 0.02949 0.11260 0.02413 0.02145 0.03753 0.03753 0.04826 0.05898 0.01072 0.01340 0.09115
A5GJA5                         0.13673 0.06702 0.02145 0.06434 0.02413 0.05094 0.05094 0.09383 0.03485 0.03217 0.12332 0.01877 0.01877 0.03217 0.04290 0.03753 0.05630 0.00804 0.01340 0.07239
A3ZA17                         0.13137 0.07239 0.01877 0.05094 0.02413 0.04558 0.05630 0.09651 0.02681 0.02949 0.11528 0.02413 0.02413 0.03485 0.04290 0.04558 0.06166 0.00804 0.01072 0.08043
A4CWI0                         0.09920 0.06971 0.03217 0.06166 0.01877 0.03485 0.04826 0.09651 0.03753 0.04290 0.12601 0.02145 0.02145 0.03485 0.04290 0.06702 0.06166 0.00804 0.01340 0.06166

Homogeneity statistic: X2 = 5.17886 G = 5.17160 

Average                        0.09940 0.04669 0.03564 0.06628 0.01489 0.04273 0.05585 0.08006 0.02590 0.06141 0.10711 0.04966 0.02000 0.04401 0.03555 0.05152 0.06467 0.00714 0.02343 0.06806

# constant sites:     60 (16.09%)
ln Lmax (unconstrained) = -2113.832158

AA distances (raw proportions of different sites)

A8ES65         
Q30TR8           0.4531
D1B4D3           0.4558  0.3834
Q7M8F9           0.5013  0.4558  0.4397
A6QCL6           0.5040  0.4584  0.4343  0.4906
A6Q1K8           0.5013  0.5013  0.4638  0.4745  0.4745
A7H5Y8           0.4960  0.4477  0.4182  0.5147  0.5040  0.5040
A8FNV3           0.4960  0.4450  0.4182  0.5174  0.5094  0.5040  0.0188
B9KEJ3           0.5040  0.4182  0.4075  0.4906  0.5013  0.5228  0.2601  0.2654
Q4HF92           0.5013  0.4531  0.4263  0.5147  0.5255  0.4987  0.1072  0.1019  0.2761
Q4HQ29           0.5147  0.4558  0.4102  0.5067  0.5228  0.5040  0.1957  0.1930  0.2895  0.2011
O26027           0.5040  0.4745  0.4879  0.4692  0.4933  0.5094  0.4960  0.4933  0.4879  0.4960  0.5067
B9L6T3           0.5576  0.5442  0.5523  0.5845  0.5818  0.5576  0.5603  0.5550  0.5630  0.5576  0.5657  0.5684
Q46LZ6           0.6005  0.6059  0.5979  0.6113  0.6354  0.6193  0.6166  0.6166  0.6032  0.6193  0.6032  0.5925  0.6247
A2C0L8           0.5925  0.5979  0.5871  0.6086  0.6354  0.6166  0.6086  0.6086  0.5952  0.6139  0.5952  0.5925  0.6220  0.0268
Q31N55           0.6139  0.5737  0.5764  0.5979  0.5845  0.6059  0.6166  0.6166  0.5979  0.6193  0.6086  0.6220  0.6488  0.4477  0.4450
B1XLH6           0.5952  0.5845  0.6032  0.6247  0.6113  0.6193  0.6220  0.6247  0.6193  0.6273  0.6381  0.6354  0.6568  0.4397  0.4343  0.3190
Q5MZ60           0.6139  0.5737  0.5764  0.5979  0.5845  0.6059  0.6166  0.6166  0.5979  0.6193  0.6086  0.6220  0.6488  0.4477  0.4450  0.0000  0.3190
A2BV72           0.6113  0.6032  0.6113  0.6434  0.6300  0.6220  0.6113  0.6113  0.5845  0.5979  0.6032  0.6139  0.5979  0.4745  0.4692  0.4638  0.4933  0.4638
B8HUW1           0.6005  0.5710  0.5737  0.5952  0.6032  0.6354  0.6166  0.6166  0.6005  0.6139  0.6193  0.6059  0.6622  0.4424  0.4504  0.3190  0.3190  0.3190  0.4772
Q8DJI4           0.6166  0.5818  0.5952  0.6032  0.6113  0.6542  0.6032  0.6032  0.5898  0.5979  0.6032  0.6113  0.6676  0.4531  0.4584  0.3164  0.3458  0.3164  0.4718  0.2735
Q7V2Q8           0.6166  0.6113  0.6005  0.6434  0.6247  0.6193  0.6005  0.6005  0.5845  0.5952  0.6059  0.6139  0.6005  0.4799  0.4745  0.4611  0.4987  0.4611  0.0590  0.4772  0.4665
A2BPP0           0.6193  0.6059  0.6139  0.6461  0.6327  0.6327  0.6005  0.6005  0.5684  0.5979  0.6059  0.6193  0.6005  0.4799  0.4745  0.4558  0.4879  0.4558  0.0804  0.4745  0.4531  0.0697
Q31CC6           0.6220  0.6005  0.6032  0.6381  0.6300  0.6273  0.6005  0.6005  0.5737  0.5952  0.6059  0.6086  0.5952  0.4745  0.4692  0.4611  0.4960  0.4611  0.0590  0.4799  0.4638  0.0483  0.0375
A8G3C4           0.6193  0.6032  0.6113  0.6408  0.6273  0.6327  0.6032  0.6032  0.5737  0.5979  0.6086  0.6113  0.6005  0.4826  0.4772  0.4611  0.4987  0.4611  0.0590  0.4772  0.4584  0.0483  0.0322  0.0214
B0C6L4           0.5979  0.5737  0.5818  0.6220  0.6139  0.6273  0.6193  0.6193  0.6086  0.6193  0.6139  0.6113  0.6595  0.4397  0.4477  0.3244  0.3029  0.3244  0.4906  0.2466  0.3137  0.4906  0.4826  0.4879  0.4799
B9YRI0           0.6139  0.5737  0.5791  0.5925  0.5979  0.6300  0.5952  0.5979  0.5952  0.6032  0.6059  0.6113  0.6568  0.4424  0.4504  0.3217  0.3217  0.3217  0.4853  0.3029  0.3217  0.4853  0.4826  0.4853  0.4853  0.3029
Q55469           0.6381  0.5871  0.5952  0.6273  0.6032  0.6166  0.6032  0.6059  0.6139  0.6059  0.6059  0.6166  0.6702  0.4504  0.4477  0.2788  0.2735  0.2788  0.5040  0.2922  0.3324  0.5067  0.4987  0.5040  0.5040  0.3190  0.3029
B7K357           0.6086  0.5845  0.5952  0.6139  0.5925  0.6032  0.6059  0.6059  0.6032  0.6139  0.6139  0.6273  0.6488  0.4450  0.4531  0.2922  0.2976  0.2922  0.4826  0.2601  0.3164  0.4799  0.4772  0.4853  0.4826  0.2654  0.2520  0.2815
C7QU02           0.6113  0.5791  0.5979  0.6139  0.5979  0.6059  0.6032  0.6032  0.6005  0.6113  0.6113  0.6327  0.6461  0.4477  0.4558  0.2949  0.3003  0.2949  0.4799  0.2654  0.3190  0.4772  0.4745  0.4826  0.4799  0.2708  0.2466  0.2815  0.0080
Q2JQV0           0.6247  0.5871  0.5925  0.5952  0.6059  0.6247  0.6113  0.6139  0.5898  0.6166  0.6086  0.6059  0.6568  0.4343  0.4424  0.3298  0.3458  0.3298  0.4692  0.3351  0.3432  0.4745  0.4665  0.4718  0.4718  0.3458  0.3512  0.3646  0.3458  0.3512
Q7NFN2           0.6247  0.5657  0.5684  0.6086  0.6032  0.6354  0.6086  0.6059  0.5952  0.6139  0.6166  0.6005  0.6515  0.4397  0.4450  0.3324  0.3324  0.3324  0.4826  0.3217  0.3458  0.4853  0.4772  0.4772  0.4772  0.3217  0.3110  0.3324  0.3190  0.3244  0.3056
A0ZID3           0.6327  0.5925  0.5952  0.6166  0.6113  0.6300  0.6113  0.6166  0.6005  0.6139  0.6166  0.6059  0.6515  0.4343  0.4450  0.3003  0.2869  0.3003  0.4692  0.2681  0.3190  0.4718  0.4692  0.4718  0.4692  0.2574  0.1716  0.2922  0.2252  0.2252  0.3405  0.3137
Q2JM37           0.6273  0.6032  0.5898  0.5979  0.6086  0.6273  0.6059  0.6086  0.5871  0.6113  0.6113  0.6059  0.6542  0.4290  0.4316  0.3217  0.3592  0.3217  0.4826  0.3324  0.3458  0.4853  0.4772  0.4853  0.4826  0.3378  0.3646  0.3566  0.3539  0.3592  0.0965  0.3164  0.3432
A3PBD0           0.6247  0.6086  0.6139  0.6488  0.6327  0.6381  0.6032  0.6032  0.5764  0.5979  0.6139  0.6139  0.6032  0.4772  0.4718  0.4638  0.5013  0.4638  0.0697  0.4826  0.4638  0.0617  0.0509  0.0349  0.0241  0.4853  0.4906  0.5094  0.4853  0.4826  0.4665  0.4826  0.4745  0.4799
Q7VDG4           0.6354  0.6086  0.6300  0.6113  0.6434  0.6488  0.6300  0.6300  0.6139  0.6273  0.6327  0.6354  0.6649  0.3861  0.3887  0.4263  0.4450  0.4263  0.4477  0.4290  0.4236  0.4504  0.4450  0.4477  0.4504  0.4290  0.4424  0.4343  0.4263  0.4236  0.3968  0.4477  0.4424  0.4129  0.4477
Q3ME15           0.6247  0.5818  0.5925  0.6086  0.5952  0.6381  0.6139  0.6193  0.6032  0.6166  0.6193  0.6220  0.6542  0.4424  0.4477  0.2922  0.2869  0.2922  0.4692  0.2654  0.3190  0.4772  0.4718  0.4718  0.4692  0.2520  0.1635  0.2815  0.2172  0.2172  0.3351  0.3003  0.0858  0.3458  0.4745  0.4450
Q8YWF0           0.6273  0.5845  0.5871  0.6086  0.6005  0.6354  0.6086  0.6139  0.5952  0.6059  0.6086  0.6247  0.6515  0.4424  0.4477  0.2922  0.2895  0.2922  0.4718  0.2601  0.3190  0.4772  0.4745  0.4745  0.4718  0.2574  0.1716  0.2895  0.2225  0.2225  0.3324  0.3056  0.0831  0.3432  0.4772  0.4450  0.0214
A0YNF7           0.6220  0.5952  0.5871  0.6166  0.5952  0.6488  0.6193  0.6247  0.6166  0.6300  0.6300  0.6086  0.6649  0.4316  0.4343  0.3083  0.2869  0.3083  0.5040  0.2547  0.3217  0.5013  0.4960  0.4987  0.4987  0.2735  0.2413  0.2815  0.2574  0.2601  0.3566  0.3217  0.2198  0.3646  0.5013  0.4450  0.2332  0.2332
B2J9M0           0.6354  0.5845  0.6005  0.6273  0.6059  0.6300  0.6193  0.6220  0.6166  0.6273  0.6354  0.6139  0.6595  0.4558  0.4611  0.3083  0.2922  0.3083  0.4799  0.2708  0.3164  0.4799  0.4745  0.4799  0.4772  0.2627  0.1743  0.2922  0.2225  0.2225  0.3405  0.3137  0.0777  0.3485  0.4826  0.4450  0.1099  0.1180  0.2279
Q3ALH4           0.6273  0.6086  0.6059  0.6032  0.6220  0.6595  0.6059  0.6086  0.6113  0.6139  0.6166  0.6381  0.6515  0.3887  0.3861  0.3592  0.3834  0.3592  0.4906  0.3780  0.3834  0.4879  0.4799  0.4879  0.4853  0.3914  0.3887  0.3780  0.3941  0.3914  0.3566  0.3807  0.3673  0.3512  0.4853  0.3458  0.3700  0.3700  0.3861  0.3834
B4B2B1           0.6166  0.5818  0.5925  0.6086  0.6086  0.6273  0.6113  0.6139  0.5979  0.6086  0.6086  0.6139  0.6595  0.4397  0.4450  0.3190  0.3029  0.3190  0.4933  0.2547  0.3217  0.4933  0.4853  0.4933  0.4933  0.2976  0.2413  0.2708  0.1930  0.1930  0.3512  0.2976  0.2252  0.3646  0.4987  0.4397  0.2064  0.2091  0.2359  0.2332  0.3968
Q3AWW8           0.6408  0.6273  0.6381  0.6247  0.6354  0.6649  0.6300  0.6327  0.6327  0.6408  0.6434  0.6408  0.6702  0.4129  0.4209  0.3861  0.3995  0.3861  0.4960  0.3700  0.3753  0.4906  0.4826  0.4906  0.4879  0.3861  0.3941  0.3887  0.3914  0.3914  0.3646  0.3887  0.3780  0.3646  0.4879  0.3539  0.3995  0.3968  0.3941  0.3861  0.1903  0.4021
B7KLL9           0.6086  0.5898  0.5818  0.6032  0.5979  0.6247  0.6032  0.6059  0.6005  0.6032  0.6113  0.6086  0.6542  0.4504  0.4558  0.3164  0.3137  0.3164  0.4799  0.2547  0.3378  0.4772  0.4745  0.4745  0.4772  0.3029  0.2332  0.2761  0.1903  0.1903  0.3539  0.3056  0.2279  0.3646  0.4799  0.4316  0.1984  0.2091  0.2520  0.2252  0.4048  0.1126  0.4021
B1WRX5           0.6032  0.5764  0.5898  0.6166  0.6113  0.6113  0.6032  0.6032  0.5979  0.6113  0.6113  0.6220  0.6568  0.4584  0.4665  0.3298  0.3056  0.3298  0.4826  0.2520  0.3324  0.4853  0.4772  0.4826  0.4826  0.2922  0.2574  0.2735  0.1743  0.1743  0.3592  0.3271  0.2466  0.3646  0.4853  0.4450  0.2359  0.2386  0.2681  0.2466  0.4075  0.2091  0.3968  0.1984
Q10X66           0.6408  0.6005  0.6193  0.6408  0.6193  0.6542  0.6247  0.6273  0.6300  0.6300  0.6327  0.6354  0.6595  0.4424  0.4477  0.3566  0.3244  0.3566  0.4933  0.3190  0.3566  0.4960  0.4826  0.4933  0.4879  0.3083  0.2761  0.3271  0.2654  0.2654  0.3700  0.3432  0.2359  0.3887  0.4933  0.4584  0.2332  0.2413  0.2466  0.2466  0.4102  0.2574  0.4102  0.2574  0.3029
B5VW05           0.6139  0.5791  0.5845  0.5979  0.5898  0.6247  0.6086  0.6113  0.6005  0.6113  0.6032  0.6193  0.6568  0.4397  0.4477  0.2922  0.2788  0.2922  0.4933  0.2574  0.2949  0.4960  0.4826  0.4933  0.4906  0.2815  0.2601  0.2895  0.2574  0.2601  0.3485  0.3164  0.2064  0.3592  0.4960  0.4504  0.2064  0.2064  0.1823  0.2252  0.3834  0.2440  0.4021  0.2574  0.2815  0.2225
A3IRE8           0.6193  0.5710  0.5845  0.6113  0.5979  0.6086  0.6032  0.6032  0.5925  0.6059  0.6005  0.6220  0.6515  0.4558  0.4638  0.3405  0.3056  0.3405  0.4853  0.2681  0.3378  0.4879  0.4799  0.4853  0.4853  0.3029  0.2627  0.2842  0.1796  0.1769  0.3673  0.3405  0.2520  0.3780  0.4826  0.4343  0.2386  0.2413  0.2708  0.2466  0.4182  0.2145  0.4129  0.1984  0.0804  0.2842  0.2788
Q4C3S7           0.6193  0.5684  0.5871  0.6354  0.6139  0.6300  0.6113  0.6086  0.5979  0.6059  0.6086  0.6139  0.6568  0.4611  0.4692  0.3378  0.2949  0.3378  0.4853  0.2735  0.3351  0.4879  0.4826  0.4906  0.4853  0.3003  0.2788  0.2869  0.2011  0.1957  0.3753  0.3592  0.2520  0.3753  0.4853  0.4531  0.2574  0.2574  0.2788  0.2574  0.4209  0.2386  0.4155  0.2359  0.1099  0.2922  0.2922  0.1099
A5GRL8           0.6408  0.6032  0.6086  0.6059  0.6273  0.6515  0.6408  0.6408  0.6327  0.6488  0.6408  0.6300  0.6676  0.4075  0.4182  0.3485  0.3646  0.3485  0.4772  0.3727  0.3592  0.4826  0.4692  0.4772  0.4772  0.3780  0.3914  0.3861  0.3780  0.3780  0.3673  0.3753  0.3727  0.3700  0.4826  0.3351  0.3887  0.3914  0.3914  0.3861  0.2574  0.3834  0.2654  0.3968  0.3834  0.4236  0.3780  0.3887  0.3861
A3Z0G2           0.6434  0.6273  0.6086  0.6059  0.6300  0.6542  0.6300  0.6327  0.6139  0.6354  0.6300  0.6300  0.6702  0.4021  0.4048  0.3566  0.3861  0.3566  0.4718  0.3727  0.3727  0.4745  0.4638  0.4718  0.4665  0.3753  0.3914  0.3995  0.3834  0.3861  0.3351  0.3753  0.3673  0.3405  0.4665  0.3244  0.3861  0.3807  0.3727  0.3861  0.2252  0.3941  0.2332  0.4048  0.3968  0.4209  0.3834  0.4102  0.4129  0.2574
A9BE32           0.6113  0.6086  0.6273  0.6327  0.6408  0.6595  0.6113  0.6139  0.6086  0.6193  0.6220  0.6139  0.6568  0.3914  0.3780  0.4343  0.4504  0.4343  0.4692  0.4477  0.4504  0.4826  0.4718  0.4745  0.4718  0.4504  0.4504  0.4745  0.4692  0.4665  0.4263  0.4450  0.4558  0.4316  0.4745  0.3566  0.4558  0.4611  0.4531  0.4692  0.3646  0.4665  0.3700  0.4450  0.4611  0.4718  0.4558  0.4638  0.4772  0.3753  0.3592
Q05SC6           0.6515  0.6300  0.6381  0.6166  0.6434  0.6515  0.6434  0.6434  0.6300  0.6515  0.6461  0.6622  0.6729  0.4102  0.4155  0.3780  0.4102  0.3780  0.5067  0.4182  0.4155  0.4960  0.4933  0.5013  0.4987  0.4075  0.4129  0.4048  0.4075  0.4075  0.3727  0.3807  0.3968  0.3753  0.5040  0.3378  0.4182  0.4182  0.4075  0.4102  0.2466  0.4155  0.2466  0.4182  0.4316  0.4155  0.4075  0.4424  0.4397  0.2788  0.2306  0.3780
P22188           0.6408  0.6300  0.6408  0.6568  0.6515  0.6622  0.6247  0.6220  0.6300  0.6166  0.6381  0.6676  0.6595  0.5389  0.5389  0.5282  0.5603  0.5282  0.5871  0.5603  0.5442  0.5791  0.5845  0.5764  0.5871  0.5442  0.5308  0.5523  0.5362  0.5362  0.5469  0.5416  0.5255  0.5523  0.5871  0.5576  0.5255  0.5282  0.5282  0.5255  0.5308  0.5550  0.5308  0.5469  0.5442  0.5603  0.5362  0.5550  0.5523  0.5308  0.5201  0.5469  0.5308
Q0ICH2           0.6381  0.6113  0.6300  0.6139  0.6434  0.6622  0.6327  0.6327  0.6300  0.6354  0.6408  0.6488  0.6702  0.3995  0.4075  0.3887  0.4048  0.3887  0.4906  0.3968  0.3941  0.4853  0.4879  0.4879  0.4879  0.4048  0.4021  0.4129  0.4075  0.4048  0.3861  0.3941  0.3941  0.3834  0.4879  0.3324  0.4075  0.4075  0.4048  0.4075  0.2440  0.4048  0.2332  0.4129  0.4155  0.4155  0.4075  0.4236  0.4290  0.2627  0.2225  0.3619  0.2520  0.5282
A2CBI8           0.6488  0.6193  0.6086  0.6193  0.6354  0.6649  0.6300  0.6327  0.6113  0.6381  0.6327  0.6327  0.6702  0.3861  0.3887  0.3673  0.3807  0.3673  0.4826  0.3861  0.3807  0.4879  0.4826  0.4826  0.4799  0.3861  0.4021  0.4021  0.3995  0.3995  0.3432  0.3887  0.3807  0.3539  0.4799  0.3271  0.3861  0.3861  0.3968  0.3941  0.2064  0.4075  0.2172  0.4075  0.4182  0.4316  0.3995  0.4209  0.4290  0.2681  0.1957  0.3512  0.2440  0.5201  0.2252
B7LWE8           0.6408  0.6300  0.6408  0.6568  0.6515  0.6622  0.6247  0.6220  0.6300  0.6166  0.6381  0.6676  0.6622  0.5389  0.5389  0.5255  0.5603  0.5255  0.5845  0.5576  0.5442  0.5764  0.5818  0.5737  0.5845  0.5442  0.5282  0.5496  0.5335  0.5335  0.5442  0.5389  0.5228  0.5523  0.5845  0.5523  0.5228  0.5255  0.5282  0.5228  0.5282  0.5523  0.5282  0.5442  0.5416  0.5576  0.5362  0.5523  0.5523  0.5308  0.5174  0.5469  0.5282  0.0054  0.5255  0.5228
Q060K4           0.6408  0.6354  0.6327  0.6166  0.6327  0.6676  0.6300  0.6327  0.6381  0.6408  0.6461  0.6408  0.6702  0.4129  0.4209  0.3887  0.3968  0.3887  0.5040  0.3753  0.3780  0.4960  0.4933  0.5013  0.4987  0.4075  0.3995  0.3941  0.3968  0.3968  0.3727  0.3995  0.3807  0.3753  0.4987  0.3592  0.4021  0.3995  0.3941  0.3861  0.1930  0.4075  0.0483  0.4048  0.4048  0.4182  0.4102  0.4209  0.4236  0.2601  0.2359  0.3753  0.2520  0.5255  0.2359  0.2252  0.5228
B7MNU4           0.6408  0.6300  0.6408  0.6568  0.6515  0.6622  0.6247  0.6220  0.6300  0.6166  0.6381  0.6676  0.6622  0.5389  0.5389  0.5255  0.5630  0.5255  0.5845  0.5576  0.5416  0.5764  0.5818  0.5737  0.5845  0.5442  0.5282  0.5523  0.5335  0.5335  0.5442  0.5389  0.5228  0.5523  0.5845  0.5496  0.5228  0.5255  0.5282  0.5228  0.5282  0.5496  0.5308  0.5442  0.5416  0.5576  0.5362  0.5523  0.5523  0.5282  0.5174  0.5469  0.5308  0.0107  0.5255  0.5228  0.0054  0.5255
B0JYD6           0.6005  0.5737  0.5845  0.6086  0.5952  0.6166  0.6005  0.6032  0.5898  0.6005  0.5898  0.6193  0.6488  0.4424  0.4477  0.2895  0.3056  0.2895  0.4745  0.2466  0.3324  0.4718  0.4611  0.4692  0.4692  0.2949  0.2520  0.2681  0.2225  0.2198  0.3512  0.3190  0.2440  0.3566  0.4745  0.4290  0.2279  0.2332  0.2708  0.2440  0.3887  0.2279  0.3968  0.2118  0.2386  0.2895  0.2601  0.2520  0.2547  0.3861  0.3861  0.4611  0.3968  0.5523  0.4102  0.3941  0.5496  0.3941  0.5496
Q7U5L3           0.6461  0.6220  0.6059  0.6166  0.6247  0.6622  0.6166  0.6166  0.6166  0.6193  0.6193  0.6354  0.6649  0.3968  0.3995  0.3727  0.3834  0.3727  0.4933  0.3807  0.3780  0.4879  0.4799  0.4879  0.4853  0.4048  0.3968  0.3914  0.4075  0.4048  0.3619  0.3995  0.3941  0.3700  0.4853  0.3432  0.4075  0.4048  0.3887  0.3968  0.1850  0.3995  0.1877  0.4102  0.4102  0.4209  0.3887  0.4263  0.4290  0.2654  0.2118  0.3700  0.2332  0.5228  0.2225  0.2091  0.5201  0.1850  0.5174  0.3914
Q7V8U6           0.6434  0.6220  0.6113  0.6166  0.6354  0.6622  0.6327  0.6354  0.6113  0.6408  0.6327  0.6354  0.6729  0.3887  0.3914  0.3619  0.3780  0.3619  0.4879  0.3941  0.3780  0.4933  0.4853  0.4879  0.4853  0.3861  0.3995  0.3995  0.3968  0.3968  0.3405  0.3887  0.3861  0.3512  0.4853  0.3271  0.3887  0.3887  0.3968  0.3941  0.2145  0.4048  0.2225  0.4048  0.4129  0.4316  0.3995  0.4209  0.4236  0.2735  0.2064  0.3512  0.2547  0.5201  0.2386  0.0349  0.5228  0.2279  0.5228  0.3941  0.2145
A5GJA5           0.6515  0.6327  0.6381  0.6247  0.6247  0.6542  0.6408  0.6408  0.6247  0.6461  0.6381  0.6300  0.6836  0.3861  0.3995  0.3673  0.3673  0.3673  0.4987  0.3753  0.3780  0.4960  0.4772  0.4906  0.4879  0.3780  0.3914  0.3807  0.3834  0.3861  0.3566  0.3727  0.3727  0.3539  0.4879  0.3485  0.3887  0.3887  0.3727  0.3861  0.2332  0.3914  0.2440  0.4021  0.3968  0.4102  0.3753  0.4102  0.4129  0.2574  0.2118  0.3807  0.2064  0.5389  0.2145  0.2306  0.5362  0.2493  0.5362  0.3887  0.2279  0.2332
A3ZA17           0.6461  0.6193  0.6434  0.6220  0.6354  0.6595  0.6381  0.6408  0.6327  0.6434  0.6461  0.6488  0.6595  0.3995  0.4075  0.3727  0.3780  0.3727  0.4906  0.3887  0.3861  0.4853  0.4772  0.4826  0.4826  0.3968  0.3968  0.3807  0.3914  0.3887  0.3566  0.3887  0.3995  0.3673  0.4826  0.3244  0.4048  0.4048  0.3887  0.4075  0.2038  0.3968  0.2225  0.4021  0.3995  0.4182  0.3914  0.4075  0.4129  0.2547  0.2198  0.3753  0.1957  0.5335  0.2225  0.2172  0.5308  0.2225  0.5335  0.3941  0.2064  0.2198  0.1769
A4CWI0           0.6488  0.6166  0.6354  0.6086  0.6193  0.6434  0.6300  0.6300  0.6220  0.6408  0.6300  0.6300  0.6702  0.3995  0.4048  0.3700  0.3753  0.3700  0.4933  0.3914  0.4102  0.4826  0.4718  0.4853  0.4799  0.4075  0.3995  0.4021  0.3995  0.4021  0.3646  0.3861  0.3968  0.3807  0.4826  0.3646  0.4048  0.4048  0.3914  0.3941  0.2601  0.4129  0.2761  0.4182  0.4129  0.4263  0.3968  0.4236  0.4343  0.2949  0.2386  0.3941  0.2466  0.5523  0.2279  0.2601  0.5496  0.2681  0.5496  0.3941  0.2332  0.2681  0.1716  0.2225


TREE #  1:  ((59, (57, 54)), ((((((2, 5), 1), (((((7, 8), 10), 11), 9), 3)), (4, 12)), 6), 13), (((((((28, 17), ((((48, 45), 49), (30, 29)), ((42, 44), 60))), (((47, 39), 46), (((33, 40), (37, 38)), 27))), ((21, 20), 26)), ((18, 16), ((((((61, 41), (58, 43)), (((63, 65), 55), (64, 53))), (((((22, 19), (((35, 23), 25), 24)), (14, 15)), (36, 52)), (56, 62))), 51), 50))), (31, 34)), 32));   MP score: 3970
lnL(ntime: 63  np: 64): -20292.152534      +0.000000
  66..67   67..59   67..68   68..57   68..54   66..69   69..70   70..71   71..72   72..73   73..74   74..2    74..5    73..1    72..75   75..76   76..77   77..78   78..79   79..7    79..8    78..10   77..11   76..9    75..3    71..80   80..4    80..12   70..6    69..13   66..81   81..82   82..83   83..84   84..85   85..86   86..87   87..28   87..17   86..88   88..89   89..90   90..91   91..48   91..45   90..49   89..92   92..30   92..29   88..93   93..94   94..42   94..44   93..60   85..95   95..96   96..97   97..47   97..39   96..46   95..98   98..99   99..100 100..33  100..40   99..101 101..37  101..38   98..27   84..102 102..103 103..21  103..20  102..26   83..104 104..105 105..18  105..16  104..106 106..107 107..108 108..109 109..110 110..111 111..61  111..41  110..112 112..58  112..43  109..113 113..114 114..115 115..63  115..65  114..55  113..116 116..64  116..53  108..117 117..118 118..119 119..120 120..121 121..22  121..19  120..122 122..123 123..124 124..35  124..23  123..25  122..24  119..125 125..14  125..15  118..126 126..36  126..52  117..127 127..56  127..62  107..51  106..50   82..128 128..31  128..34   81..32 
 1.450239 0.004219 0.003020 0.937383 0.693138 0.670011 0.588157 0.580972 0.531090 0.465125 0.212558 0.131986 0.061430 0.010283 0.539080 0.526931 0.526931 0.526930 0.349996 0.285902 0.270073 0.205829 0.208084 0.150953 0.061665 0.046531 0.004704 0.193180 0.079806 0.222084 0.191777 0.138563 0.122483 0.074544 0.048751 0.012844 0.302908 0.255392 0.501213 0.000001 0.374368 0.353205 0.353205 0.256234 0.166101 0.166101 0.027706 0.221518 0.189002 0.124744 0.170603 0.353204 0.317269 0.286794 0.026613 0.026528 0.017420 0.015798 0.015798 0.011649 0.273954 0.022242 0.065904 0.613712

tree length =  18.92320

((59: 0.004219, (57: 0.003020, 54: 0.003020): 0.001199): 1.446021, ((((((2: 0.531090, 5: 0.531090): 0.049882, 1: 0.580972): 0.007184, (((((7: 0.010283, 8: 0.010283): 0.051147, 10: 0.061430): 0.070556, 11: 0.131986): 0.080572, 9: 0.212558): 0.252567, 3: 0.465125): 0.123031): 0.081854, (4: 0.539080, 12: 0.539080): 0.130931): 0.023127, 6: 0.693138): 0.244245, 13: 0.937383): 0.512856, (((((((28: 0.205829, 17: 0.205829): 0.064244, ((((48: 0.046531, 45: 0.046531): 0.015133, 49: 0.061665): 0.089288, (30: 0.004704, 29: 0.004704): 0.146249): 0.057131, ((42: 0.079806, 44: 0.079806): 0.113374, 60: 0.193180): 0.014904): 0.061989): 0.015829, (((47: 0.138563, 39: 0.138563): 0.053214, 46: 0.191777): 0.030307, (((33: 0.048751, 40: 0.048751): 0.025792, (37: 0.012844, 38: 0.012844): 0.061700): 0.047940, 27: 0.122483): 0.099600): 0.063819): 0.064094, ((21: 0.255392, 20: 0.255392): 0.047515, 26: 0.302908): 0.047088): 0.176934, ((18: 0.000001, 16: 0.000001): 0.501213, ((((((61: 0.166101, 41: 0.166101): 0.000000, (58: 0.027706, 43: 0.027706): 0.138395): 0.090133, (((63: 0.124744, 65: 0.124744): 0.064258, 55: 0.189002): 0.032516, (64: 0.170603, 53: 0.170603): 0.050915): 0.034717): 0.096971, (((((22: 0.026528, 19: 0.026528): 0.000084, (((35: 0.015798, 23: 0.015798): 0.000000, 25: 0.015798): 0.001622, 24: 0.017420): 0.009193): 0.260181, (14: 0.011649, 15: 0.011649): 0.275145): 0.030475, (36: 0.273954, 52: 0.273954): 0.043315): 0.035935, (56: 0.022242, 62: 0.022242): 0.330963): 0.000000): 0.000000, 51: 0.353205): 0.021163, 50: 0.374368): 0.126845): 0.025717): 0.000001, (31: 0.065904, 34: 0.065904): 0.461027): 0.000001, 32: 0.526931): 0.923308);

((B7MNU4: 0.004219, (B7LWE8: 0.003020, P22188: 0.003020): 0.001199): 1.446021, ((((((Q30TR8: 0.531090, A6QCL6: 0.531090): 0.049882, A8ES65: 0.580972): 0.007184, (((((A7H5Y8: 0.010283, A8FNV3: 0.010283): 0.051147, Q4HF92: 0.061430): 0.070556, Q4HQ29: 0.131986): 0.080572, B9KEJ3: 0.212558): 0.252567, D1B4D3: 0.465125): 0.123031): 0.081854, (Q7M8F9: 0.539080, O26027: 0.539080): 0.130931): 0.023127, A6Q1K8: 0.693138): 0.244245, B9L6T3: 0.937383): 0.512856, (((((((Q55469: 0.205829, B1XLH6: 0.205829): 0.064244, ((((A3IRE8: 0.046531, B1WRX5: 0.046531): 0.015133, Q4C3S7: 0.061665): 0.089288, (C7QU02: 0.004704, B7K357: 0.004704): 0.146249): 0.057131, ((B4B2B1: 0.079806, B7KLL9: 0.079806): 0.113374, B0JYD6: 0.193180): 0.014904): 0.061989): 0.015829, (((B5VW05: 0.138563, A0YNF7: 0.138563): 0.053214, Q10X66: 0.191777): 0.030307, (((A0ZID3: 0.048751, B2J9M0: 0.048751): 0.025792, (Q3ME15: 0.012844, Q8YWF0: 0.012844): 0.061700): 0.047940, B9YRI0: 0.122483): 0.099600): 0.063819): 0.064094, ((Q8DJI4: 0.255392, B8HUW1: 0.255392): 0.047515, B0C6L4: 0.302908): 0.047088): 0.176934, ((Q5MZ60: 0.000001, Q31N55: 0.000001): 0.501213, ((((((Q7U5L3: 0.166101, Q3ALH4: 0.166101): 0.000000, (Q060K4: 0.027706, Q3AWW8: 0.027706): 0.138395): 0.090133, (((A5GJA5: 0.124744, A4CWI0: 0.124744): 0.064258, Q0ICH2: 0.189002): 0.032516, (A3ZA17: 0.170603, Q05SC6: 0.170603): 0.050915): 0.034717): 0.096971, (((((Q7V2Q8: 0.026528, A2BV72: 0.026528): 0.000084, (((A3PBD0: 0.015798, A2BPP0: 0.015798): 0.000000, A8G3C4: 0.015798): 0.001622, Q31CC6: 0.017420): 0.009193): 0.260181, (Q46LZ6: 0.011649, A2C0L8: 0.011649): 0.275145): 0.030475, (Q7VDG4: 0.273954, A9BE32: 0.273954): 0.043315): 0.035935, (A2CBI8: 0.022242, Q7V8U6: 0.022242): 0.330963): 0.000000): 0.000000, A3Z0G2: 0.353205): 0.021163, A5GRL8: 0.374368): 0.126845): 0.025717): 0.000001, (Q2JQV0: 0.065904, Q2JM37: 0.065904): 0.461027): 0.000001, Q7NFN2: 0.526931): 0.923308);

((59_B7MNU4, (57_B7LWE8, 54_P22188) 68 ) 67 , ((((((2_Q30TR8, 5_A6QCL6) 74 , 1_A8ES65) 73 , (((((7_A7H5Y8, 8_A8FNV3) 79 , 10_Q4HF92) 78 , 11_Q4HQ29) 77 , 9_B9KEJ3) 76 , 3_D1B4D3) 75 ) 72 , (4_Q7M8F9, 12_O26027) 80 ) 71 , 6_A6Q1K8) 70 , 13_B9L6T3) 69 , (((((((28_Q55469, 17_B1XLH6) 87 , ((((48_A3IRE8, 45_B1WRX5) 91 , 49_Q4C3S7) 90 , (30_C7QU02, 29_B7K357) 92 ) 89 , ((42_B4B2B1, 44_B7KLL9) 94 , 60_B0JYD6) 93 ) 88 ) 86 , (((47_B5VW05, 39_A0YNF7) 97 , 46_Q10X66) 96 , (((33_A0ZID3, 40_B2J9M0) 100 , (37_Q3ME15, 38_Q8YWF0) 101 ) 99 , 27_B9YRI0) 98 ) 95 ) 85 , ((21_Q8DJI4, 20_B8HUW1) 103 , 26_B0C6L4) 102 ) 84 , ((18_Q5MZ60, 16_Q31N55) 105 , ((((((61_Q7U5L3, 41_Q3ALH4) 111 , (58_Q060K4, 43_Q3AWW8) 112 ) 110 , (((63_A5GJA5, 65_A4CWI0) 115 , 55_Q0ICH2) 114 , (64_A3ZA17, 53_Q05SC6) 116 ) 113 ) 109 , (((((22_Q7V2Q8, 19_A2BV72) 121 , (((35_A3PBD0, 23_A2BPP0) 124 , 25_A8G3C4) 123 , 24_Q31CC6) 122 ) 120 , (14_Q46LZ6, 15_A2C0L8) 125 ) 119 , (36_Q7VDG4, 52_A9BE32) 126 ) 118 , (56_A2CBI8, 62_Q7V8U6) 127 ) 117 ) 108 , 51_A3Z0G2) 107 , 50_A5GRL8) 106 ) 104 ) 83 , (31_Q2JQV0, 34_Q2JM37) 128 ) 82 , 32_Q7NFN2) 81 ) 66 ;

Detailed output identifying parameters

alpha (gamma, K = 4) =  0.61371
rate:   0.05595  0.31981  0.88816  2.73609
freq:   0.25000  0.25000  0.25000  0.25000

Time used:  8:09
