AAML (in paml version 4.6, August 2012)  279.aa
Model: Empirical_F for branches,  (../../../bin/LG.dat) dGamma (ncatG=5) ns =  65  ls = 212


Frequencies..
                                    A      R      N      D      C      Q      E      G      H      I      L      K      M      F      P      S      T      W      Y      V
A8EU32                         0.04717 0.01887 0.08962 0.05189 0.00472 0.01887 0.09434 0.05189 0.00472 0.11321 0.10849 0.08962 0.01887 0.05660 0.04717 0.04245 0.03302 0.00000 0.05660 0.05189
Q30QY4                         0.05660 0.03302 0.06132 0.06604 0.00472 0.02830 0.09906 0.06132 0.00472 0.10377 0.12264 0.07075 0.00943 0.04245 0.03774 0.07075 0.00943 0.00472 0.04717 0.06604
D1B2X8                         0.08491 0.05189 0.02830 0.08019 0.01887 0.02358 0.09906 0.05660 0.03302 0.08019 0.08962 0.04717 0.03774 0.03302 0.03302 0.04717 0.00943 0.01415 0.04717 0.08491
Q7MAI5                         0.07075 0.08019 0.01887 0.03774 0.00472 0.03302 0.10849 0.07075 0.01887 0.08962 0.14151 0.02358 0.02358 0.04717 0.05189 0.08019 0.02830 0.00472 0.03774 0.02830
A6Q7V7                         0.06132 0.06132 0.03302 0.05189 0.00472 0.00943 0.11321 0.07547 0.01415 0.11792 0.08962 0.05660 0.01415 0.04717 0.04245 0.05660 0.01415 0.00472 0.03774 0.09434
A6Q3T7                         0.06604 0.05189 0.02358 0.06604 0.00943 0.03774 0.09434 0.06132 0.00943 0.11792 0.08962 0.08491 0.01415 0.07075 0.04245 0.05189 0.01887 0.00000 0.02830 0.06132
O25143                         0.05189 0.03302 0.04245 0.04245 0.03302 0.01415 0.10849 0.06132 0.01887 0.07547 0.13679 0.06604 0.02358 0.06604 0.04245 0.06132 0.00943 0.00000 0.03774 0.07547
Q4HI33                         0.05189 0.02358 0.04245 0.05189 0.01887 0.06132 0.09434 0.05660 0.00943 0.11321 0.09906 0.09434 0.00472 0.09906 0.03302 0.03774 0.00943 0.00943 0.04717 0.04245
A7H4A4                         0.04245 0.01887 0.05660 0.05660 0.01887 0.02358 0.10377 0.05660 0.01415 0.12736 0.10849 0.10849 0.00472 0.09906 0.03302 0.03302 0.00472 0.00943 0.04717 0.03302
A8FLF1                         0.04245 0.01415 0.05660 0.05660 0.01887 0.02830 0.09906 0.05660 0.01415 0.12736 0.10849 0.11321 0.00472 0.09906 0.03302 0.03302 0.00472 0.00943 0.04717 0.03302
B9KFR8                         0.05189 0.01887 0.08962 0.07075 0.01887 0.03774 0.08019 0.05660 0.00943 0.09434 0.08962 0.08019 0.00943 0.12264 0.03302 0.02358 0.01887 0.01415 0.04245 0.03774
Q4HTD0                         0.06604 0.02830 0.05189 0.05189 0.00943 0.01887 0.12736 0.06132 0.00472 0.09434 0.13208 0.11321 0.00472 0.08491 0.02358 0.03302 0.00943 0.00472 0.05660 0.02358
B9L921                         0.07547 0.02358 0.04717 0.08019 0.02358 0.00943 0.09434 0.05189 0.01415 0.10849 0.08019 0.10849 0.00472 0.04245 0.03302 0.03302 0.01887 0.00943 0.04245 0.09906
B7LSH8                         0.12736 0.07075 0.01887 0.06132 0.01887 0.08019 0.06132 0.07075 0.03302 0.06604 0.13208 0.00472 0.01887 0.02830 0.04717 0.03302 0.04717 0.01415 0.01415 0.05189
P0ACC1                         0.10849 0.07075 0.01887 0.07547 0.02358 0.07547 0.06132 0.06132 0.02358 0.07075 0.12736 0.00000 0.01887 0.03302 0.04717 0.04717 0.04717 0.01415 0.01415 0.06132
B7MTZ6                         0.10849 0.07075 0.01887 0.07547 0.02358 0.07547 0.06132 0.06132 0.02358 0.06604 0.12264 0.00000 0.01887 0.03774 0.04717 0.04717 0.05189 0.01415 0.01415 0.06132
A2BPB9                         0.04717 0.02830 0.04245 0.05189 0.01415 0.02358 0.07075 0.07075 0.01887 0.10377 0.13208 0.09906 0.00472 0.05660 0.04245 0.05189 0.03774 0.01887 0.03302 0.05189
Q7V2Y2                         0.04717 0.03302 0.08962 0.05660 0.00000 0.02830 0.05189 0.07075 0.01415 0.11792 0.12264 0.06604 0.00472 0.06132 0.04245 0.06132 0.03774 0.02358 0.02830 0.04245
A2BUU8                         0.05660 0.03774 0.08019 0.04717 0.00472 0.02358 0.07547 0.07075 0.01415 0.09906 0.11792 0.06604 0.00472 0.05660 0.04245 0.06132 0.02830 0.02358 0.03302 0.05660
A3PB41                         0.05189 0.02830 0.04245 0.06132 0.01415 0.02358 0.07075 0.06132 0.01887 0.10849 0.14151 0.08491 0.00472 0.06132 0.03774 0.05660 0.03774 0.01887 0.02358 0.05189
Q2JMT8                         0.13679 0.06604 0.01415 0.03774 0.00472 0.05660 0.07547 0.07547 0.03774 0.03302 0.15566 0.00472 0.01415 0.01415 0.06604 0.05189 0.01415 0.02830 0.01415 0.09906
Q4C5H1                         0.08491 0.04717 0.01887 0.04717 0.00000 0.06132 0.05189 0.08491 0.01415 0.08019 0.12736 0.01887 0.01887 0.03774 0.06132 0.07547 0.06132 0.01887 0.02830 0.06132
B1XNR4                         0.11321 0.04717 0.03302 0.05189 0.00472 0.06132 0.06604 0.09434 0.03302 0.07075 0.10849 0.01887 0.01887 0.01887 0.05189 0.05189 0.02358 0.02358 0.03302 0.07547
Q8Z0I1                         0.12264 0.04717 0.02358 0.06132 0.00943 0.07075 0.05660 0.08019 0.02830 0.07547 0.12264 0.01415 0.02830 0.02358 0.05660 0.04245 0.02358 0.02830 0.01887 0.06604
B1X0Y3                         0.09434 0.03302 0.02358 0.04245 0.00472 0.05660 0.06604 0.08019 0.01887 0.08491 0.12264 0.02830 0.01887 0.03302 0.06132 0.06132 0.04717 0.01887 0.03302 0.07075
A8G2X9                         0.04717 0.02830 0.05189 0.05189 0.00943 0.02830 0.06132 0.06132 0.02830 0.10849 0.15094 0.08491 0.00472 0.05189 0.04245 0.06604 0.03302 0.01887 0.02830 0.04245
Q31CL0                         0.04717 0.02830 0.05189 0.06132 0.01887 0.02830 0.06604 0.06604 0.01887 0.11321 0.13679 0.07547 0.00943 0.05189 0.04245 0.03774 0.04245 0.01887 0.04245 0.04245
Q2JR65                         0.12264 0.06604 0.00943 0.03302 0.00000 0.07075 0.07547 0.08019 0.02830 0.03774 0.16038 0.00943 0.01415 0.01415 0.07547 0.03774 0.02830 0.02830 0.01887 0.08962
A5GR18                         0.12736 0.08019 0.00943 0.04245 0.03302 0.08962 0.07547 0.07075 0.02830 0.02358 0.14623 0.00000 0.01887 0.01415 0.06132 0.04245 0.00943 0.03774 0.00472 0.08491
B9YXA0                         0.12264 0.04717 0.02830 0.05660 0.00472 0.03774 0.07075 0.07075 0.03302 0.06132 0.11321 0.02358 0.02830 0.02830 0.05660 0.05189 0.04245 0.02358 0.02358 0.07547
Q7U4T7                         0.14623 0.07075 0.02358 0.05660 0.01415 0.04245 0.05660 0.06604 0.05660 0.06132 0.16038 0.00943 0.00943 0.00472 0.06132 0.03302 0.02830 0.02830 0.00472 0.06604
B0JPT5                         0.08019 0.05189 0.02830 0.03774 0.00000 0.06132 0.08019 0.08491 0.00472 0.09906 0.13208 0.03774 0.01887 0.01887 0.04717 0.05660 0.04717 0.02358 0.02830 0.06132
Q3MD29                         0.11792 0.05189 0.02358 0.05660 0.00943 0.07075 0.06604 0.08019 0.02830 0.07547 0.12736 0.00472 0.02830 0.02358 0.05660 0.04717 0.02830 0.02358 0.01887 0.06132
B2J583                         0.12736 0.04245 0.02358 0.05189 0.00943 0.07075 0.05660 0.07547 0.02358 0.08491 0.12736 0.02358 0.01887 0.02358 0.05660 0.05660 0.02830 0.02358 0.03302 0.04245
Q8DHV7                         0.10849 0.05660 0.01415 0.03774 0.00943 0.08019 0.07075 0.06604 0.03302 0.06604 0.13679 0.00943 0.01415 0.01415 0.05660 0.03302 0.05189 0.02830 0.02358 0.08962
A4CSC6                         0.11792 0.07075 0.00943 0.07075 0.01415 0.04717 0.05189 0.06132 0.05660 0.02830 0.17453 0.00472 0.02830 0.00943 0.06132 0.04717 0.03302 0.03302 0.00943 0.07075
A5GJ35                         0.12264 0.07075 0.00943 0.05189 0.01887 0.04245 0.06132 0.07075 0.06604 0.01887 0.18868 0.00000 0.00943 0.00472 0.06132 0.04717 0.02830 0.03302 0.00472 0.08962
A2C0G3                         0.07547 0.05189 0.03774 0.06132 0.00943 0.01887 0.08019 0.06604 0.02358 0.10377 0.12736 0.06604 0.01415 0.02830 0.04245 0.07547 0.01887 0.02830 0.01887 0.05189
B7KEH0                         0.06604 0.03302 0.04245 0.05189 0.00000 0.06132 0.07075 0.08491 0.00943 0.10377 0.13679 0.02830 0.02358 0.02358 0.05189 0.05189 0.03774 0.02358 0.03302 0.06604
Q7NJS7                         0.15094 0.07547 0.01887 0.05660 0.00943 0.03774 0.05660 0.08019 0.01887 0.05189 0.12736 0.00472 0.01887 0.00943 0.06132 0.03774 0.02830 0.02358 0.01887 0.11321
B4B340                         0.08019 0.04717 0.02830 0.05189 0.00943 0.04717 0.07075 0.08491 0.01415 0.09906 0.11321 0.02830 0.01887 0.03302 0.06604 0.05189 0.03774 0.02830 0.03302 0.05660
B8HQZ3                         0.10377 0.07075 0.01415 0.05660 0.00000 0.06132 0.08019 0.07547 0.03774 0.07075 0.13679 0.01415 0.01887 0.01887 0.06132 0.03774 0.04245 0.02358 0.02358 0.05189
A3IMW2                         0.08491 0.03774 0.02358 0.04717 0.00000 0.05189 0.05660 0.07547 0.02358 0.08962 0.13208 0.03302 0.02358 0.03302 0.06604 0.07547 0.04245 0.01887 0.02830 0.05660
Q46H49                         0.07547 0.04717 0.03774 0.05660 0.00943 0.01887 0.08019 0.06604 0.01887 0.09906 0.13208 0.07075 0.01415 0.02830 0.04245 0.07547 0.02358 0.02830 0.02830 0.04717
Q115A8                         0.07547 0.04717 0.02830 0.06604 0.01415 0.02830 0.07075 0.09434 0.01887 0.05189 0.12736 0.00472 0.03774 0.02358 0.05189 0.06132 0.02830 0.02358 0.04245 0.10377
A0YNT6                         0.08962 0.05189 0.01415 0.03774 0.00943 0.06132 0.08019 0.09906 0.03302 0.06132 0.13208 0.01887 0.02830 0.02358 0.05189 0.04245 0.02830 0.02358 0.02358 0.08962
A0ZBQ9                         0.10849 0.05189 0.02830 0.05189 0.00472 0.05189 0.07075 0.08019 0.02358 0.08962 0.10849 0.02358 0.02358 0.02830 0.06132 0.05189 0.04245 0.02358 0.02830 0.04717
Q0ICQ6                         0.12264 0.05660 0.00943 0.06132 0.02358 0.05189 0.06604 0.07075 0.06132 0.06132 0.17925 0.00472 0.00943 0.00943 0.05189 0.05660 0.01887 0.03302 0.00943 0.04245
Q3AMD2                         0.12736 0.06132 0.01415 0.06132 0.01415 0.03302 0.05660 0.08962 0.04717 0.01887 0.18868 0.00472 0.01415 0.00943 0.06132 0.07075 0.02358 0.02830 0.00472 0.07075
A9BDX4                         0.07547 0.05189 0.06604 0.04717 0.02358 0.02358 0.07547 0.08491 0.04717 0.06132 0.14623 0.04245 0.00943 0.03302 0.03774 0.04245 0.01887 0.02830 0.02358 0.06132
B7JV62                         0.08962 0.02830 0.03774 0.06132 0.00943 0.03302 0.05189 0.07547 0.01415 0.07547 0.13208 0.03774 0.01887 0.02830 0.06132 0.08019 0.03774 0.02358 0.03774 0.06604
A3Z945                         0.15094 0.08491 0.00943 0.05189 0.02358 0.04717 0.05660 0.06604 0.05189 0.01887 0.18396 0.00472 0.00472 0.00943 0.04717 0.05189 0.02830 0.03302 0.00472 0.07075
Q31M26                         0.16038 0.07547 0.01415 0.04717 0.00943 0.06604 0.06132 0.05660 0.02358 0.07547 0.13208 0.00000 0.00943 0.00943 0.06132 0.05660 0.03302 0.03774 0.02358 0.04717
C7QW55                         0.08491 0.02830 0.03774 0.06132 0.00943 0.03302 0.05660 0.07075 0.01415 0.07547 0.13208 0.03774 0.01887 0.02830 0.06132 0.08019 0.03774 0.02358 0.03774 0.07075
P74003                         0.08962 0.07075 0.01887 0.05189 0.00472 0.08962 0.07547 0.07075 0.03302 0.07547 0.10849 0.01415 0.01887 0.02830 0.05660 0.03774 0.03302 0.02358 0.02358 0.07547
A3YUT9                         0.15094 0.05189 0.00943 0.03774 0.02358 0.04245 0.07547 0.07547 0.04717 0.01887 0.18868 0.00472 0.00472 0.00943 0.06132 0.04245 0.03774 0.03302 0.00943 0.07547
Q5MZU9                         0.16038 0.07547 0.01415 0.05189 0.00943 0.06604 0.06132 0.05660 0.02358 0.07547 0.13208 0.00000 0.00943 0.00943 0.06132 0.05660 0.03302 0.03774 0.02358 0.04245
B0CDV6                         0.08491 0.03302 0.02358 0.04717 0.00943 0.10377 0.05660 0.08019 0.04245 0.07075 0.13208 0.01415 0.01887 0.02830 0.06132 0.02830 0.06132 0.02358 0.01887 0.06132
Q05Z60                         0.12264 0.05660 0.01887 0.05189 0.01887 0.04717 0.07547 0.06604 0.03774 0.03774 0.17453 0.01887 0.01415 0.01415 0.06132 0.06132 0.00943 0.02358 0.00472 0.08491
Q3AUX4                         0.11792 0.05660 0.02358 0.05189 0.01415 0.03302 0.08019 0.06132 0.04245 0.04245 0.17925 0.01887 0.01887 0.01415 0.06132 0.07075 0.00943 0.02358 0.00943 0.07075
B5VUT2                         0.10849 0.02830 0.01887 0.04245 0.00472 0.04245 0.06132 0.08491 0.02358 0.08491 0.11792 0.02830 0.03302 0.02358 0.06604 0.07075 0.02830 0.02830 0.03774 0.06604
Q7TUP8                         0.11321 0.06132 0.01415 0.05189 0.00943 0.06132 0.06132 0.06604 0.05660 0.04245 0.16981 0.01415 0.01887 0.02830 0.04717 0.03774 0.01415 0.03302 0.01887 0.08019
Q05Q11                         0.13679 0.07547 0.01415 0.07075 0.01887 0.06604 0.05660 0.08019 0.03774 0.02358 0.18868 0.00000 0.00943 0.00472 0.04717 0.03302 0.01887 0.04245 0.00472 0.07075
A2CBT0                         0.12264 0.05660 0.01415 0.04717 0.02358 0.06132 0.06132 0.06604 0.05660 0.04245 0.16509 0.01415 0.01887 0.02830 0.04717 0.03774 0.01415 0.03302 0.00943 0.08019
Q7VDL7                         0.08019 0.04717 0.04245 0.07547 0.01887 0.02358 0.07075 0.07547 0.03774 0.04717 0.16509 0.04245 0.02358 0.02830 0.03774 0.06132 0.02358 0.02830 0.00943 0.06132

Homogeneity statistic: X2 = 10.75764 G = 10.92437 

Average                        0.09485 0.04949 0.03113 0.05464 0.01212 0.04637 0.07315 0.07104 0.02729 0.07518 0.13498 0.03599 0.01611 0.03425 0.05102 0.05138 0.02859 0.02206 0.02605 0.06430

# constant sites:     21 (9.91%)
ln Lmax (unconstrained) = -1116.798544

AA distances (raw proportions of different sites)

A8EU32         
Q30QY4           0.5236
D1B2X8           0.5142  0.5142
Q7MAI5           0.5566  0.5425  0.5189
A6Q7V7           0.5189  0.4953  0.5094  0.5330
A6Q3T7           0.5519  0.5142  0.4811  0.5425  0.4528
O25143           0.5330  0.5519  0.5566  0.5377  0.5283  0.5283
Q4HI33           0.5472  0.6132  0.5660  0.6179  0.6085  0.5943  0.5896
A7H4A4           0.5330  0.6038  0.5802  0.6226  0.6085  0.5802  0.5991  0.1557
A8FLF1           0.5377  0.6132  0.5802  0.6179  0.6085  0.5849  0.6085  0.1462  0.0189
B9KFR8           0.5519  0.6509  0.6226  0.6226  0.6462  0.5943  0.5660  0.3679  0.3962  0.3962
Q4HTD0           0.5283  0.6085  0.5896  0.6085  0.5896  0.5755  0.5755  0.3066  0.3160  0.3255  0.3632
B9L921           0.6226  0.6132  0.6557  0.6604  0.6557  0.6274  0.6274  0.6085  0.6038  0.6132  0.6462  0.6274
B7LSH8           0.6745  0.7358  0.6840  0.6981  0.7170  0.6934  0.7075  0.6840  0.7075  0.7028  0.6934  0.6981  0.7453
P0ACC1           0.6840  0.7358  0.7075  0.7075  0.7264  0.7170  0.7075  0.6981  0.7075  0.7028  0.7123  0.7123  0.7594  0.0991
B7MTZ6           0.6887  0.7406  0.7028  0.7075  0.7264  0.7123  0.7028  0.6934  0.7028  0.6981  0.7123  0.7123  0.7642  0.0943  0.0094
A2BPB9           0.6792  0.6840  0.7075  0.6651  0.6557  0.6981  0.6698  0.7123  0.7123  0.7123  0.7170  0.6698  0.7358  0.6698  0.6651  0.6651
Q7V2Y2           0.6698  0.6887  0.6981  0.6934  0.6415  0.6887  0.6840  0.7500  0.7264  0.7217  0.7311  0.7028  0.7311  0.6887  0.6792  0.6840  0.3585
A2BUU8           0.6604  0.7170  0.7170  0.6745  0.6887  0.6887  0.6509  0.7311  0.7170  0.7123  0.7264  0.6792  0.7264  0.6698  0.6651  0.6698  0.3538  0.2264
A3PB41           0.6792  0.6745  0.7075  0.6557  0.6509  0.6840  0.6462  0.7028  0.7028  0.7028  0.6981  0.6604  0.7264  0.6840  0.6792  0.6792  0.0943  0.3491  0.3632
Q2JMT8           0.6981  0.7028  0.6887  0.6604  0.6840  0.6981  0.6698  0.7123  0.7123  0.7123  0.7170  0.6934  0.6934  0.6509  0.6604  0.6604  0.6038  0.6321  0.6132  0.6085
Q4C5H1           0.6840  0.6981  0.6604  0.6840  0.6981  0.6934  0.7264  0.7123  0.7170  0.7217  0.7170  0.7028  0.7217  0.6368  0.6368  0.6368  0.5802  0.5943  0.6085  0.5802  0.5283
B1XNR4           0.6934  0.6792  0.6840  0.6840  0.6604  0.6981  0.7028  0.7170  0.7264  0.7264  0.7264  0.6887  0.7217  0.6557  0.6557  0.6557  0.5896  0.5943  0.5991  0.6038  0.4811  0.3868
Q8Z0I1           0.7028  0.6934  0.6557  0.6698  0.6934  0.6840  0.7170  0.7500  0.7642  0.7689  0.7406  0.7358  0.7123  0.6226  0.6368  0.6368  0.5943  0.5849  0.5896  0.5991  0.5189  0.3491  0.3962
B1X0Y3           0.7075  0.6557  0.6557  0.6698  0.6887  0.6934  0.7028  0.7123  0.7358  0.7358  0.7311  0.7028  0.7075  0.6557  0.6509  0.6509  0.5660  0.5755  0.5991  0.5708  0.5236  0.1415  0.3962  0.3632
A8G2X9           0.6887  0.6792  0.7123  0.6509  0.6509  0.6981  0.6509  0.7075  0.7075  0.7075  0.7075  0.6840  0.7264  0.6840  0.6792  0.6792  0.1462  0.3443  0.3538  0.1415  0.5991  0.5943  0.6132  0.5943  0.5802
Q31CL0           0.6887  0.6887  0.7217  0.6557  0.6745  0.7028  0.6792  0.7123  0.7217  0.7217  0.7170  0.6887  0.7217  0.6745  0.6651  0.6698  0.1132  0.3538  0.3491  0.1462  0.6085  0.5849  0.6179  0.5943  0.5708  0.1557
Q2JR65           0.7075  0.7075  0.6840  0.6509  0.6745  0.6698  0.6698  0.7217  0.7217  0.7264  0.7358  0.7075  0.6887  0.6462  0.6557  0.6557  0.5802  0.6038  0.5896  0.5896  0.1415  0.5094  0.4906  0.5000  0.5236  0.5802  0.5849
A5GR18           0.7123  0.7123  0.6840  0.6698  0.6792  0.6981  0.6792  0.7453  0.7689  0.7642  0.7358  0.7028  0.7358  0.6179  0.6415  0.6415  0.5708  0.5943  0.5660  0.5755  0.5047  0.5425  0.5189  0.5094  0.5330  0.5519  0.5755  0.5142
B9YXA0           0.6934  0.6745  0.6557  0.6557  0.6840  0.7028  0.6934  0.7217  0.7453  0.7453  0.7217  0.7264  0.6981  0.6179  0.6321  0.6321  0.5943  0.5991  0.5991  0.5991  0.5047  0.3679  0.4104  0.2170  0.3868  0.5896  0.5991  0.4670  0.5094
Q7U4T7           0.7123  0.6792  0.7028  0.6698  0.6840  0.7123  0.6840  0.7594  0.7689  0.7642  0.7500  0.7406  0.7500  0.6179  0.6509  0.6509  0.5896  0.5943  0.5708  0.5849  0.5802  0.5472  0.5472  0.5142  0.5472  0.5660  0.5849  0.5708  0.3962  0.5142
B0JPT5           0.7123  0.6557  0.6698  0.6557  0.6792  0.6981  0.6745  0.7075  0.7170  0.7123  0.7264  0.7028  0.7170  0.6745  0.6840  0.6840  0.5802  0.5849  0.5896  0.5755  0.4953  0.3679  0.4245  0.4340  0.3679  0.5849  0.5660  0.4858  0.5566  0.4434  0.5708
Q3MD29           0.7075  0.6981  0.6557  0.6698  0.6887  0.6840  0.7170  0.7547  0.7594  0.7642  0.7406  0.7311  0.7075  0.6179  0.6274  0.6274  0.5943  0.5802  0.5896  0.5991  0.5189  0.3443  0.3915  0.0377  0.3538  0.5943  0.5943  0.5000  0.5094  0.2217  0.5142  0.4104
B2J583           0.7075  0.6887  0.6557  0.6557  0.7028  0.6840  0.7123  0.7217  0.7358  0.7358  0.7170  0.7075  0.7075  0.6132  0.6179  0.6179  0.5849  0.5943  0.5896  0.5896  0.5094  0.3349  0.4198  0.2123  0.3632  0.5943  0.5943  0.4717  0.5142  0.1792  0.5236  0.4198  0.2028
Q8DHV7           0.7075  0.6887  0.6509  0.7217  0.6509  0.6887  0.6887  0.6981  0.7217  0.7264  0.7453  0.7028  0.7217  0.6415  0.6415  0.6415  0.5802  0.5943  0.5849  0.5943  0.5330  0.4528  0.4717  0.4387  0.4481  0.5896  0.5896  0.5142  0.5236  0.4764  0.5660  0.4858  0.4387  0.4575
A4CSC6           0.7217  0.6981  0.6887  0.6745  0.6934  0.7028  0.7028  0.7406  0.7547  0.7594  0.7547  0.7170  0.7500  0.6415  0.6557  0.6557  0.5802  0.6085  0.6038  0.5755  0.5519  0.5094  0.5047  0.5047  0.5047  0.5708  0.5802  0.5283  0.4104  0.5094  0.3443  0.5472  0.5142  0.4906  0.5377
A5GJ35           0.7311  0.6840  0.6981  0.6745  0.6934  0.7075  0.6981  0.7453  0.7406  0.7453  0.7594  0.7123  0.7406  0.6226  0.6321  0.6321  0.5849  0.5991  0.5896  0.5708  0.5566  0.4953  0.4953  0.5000  0.4906  0.5708  0.5896  0.5330  0.3868  0.5094  0.3302  0.5519  0.4953  0.4764  0.5330  0.1274
A2C0G3           0.6840  0.6509  0.6745  0.6274  0.6462  0.6792  0.6840  0.6934  0.6840  0.6840  0.7028  0.6557  0.7123  0.6698  0.6745  0.6745  0.5613  0.5660  0.5519  0.5519  0.6085  0.5755  0.5660  0.5613  0.5519  0.5330  0.5472  0.6085  0.4717  0.5472  0.4575  0.5708  0.5566  0.5660  0.5802  0.4434  0.4387
B7KEH0           0.7028  0.6462  0.6792  0.6745  0.6981  0.6981  0.6792  0.7075  0.7358  0.7358  0.7453  0.7170  0.7075  0.6415  0.6557  0.6557  0.5708  0.5708  0.5943  0.5755  0.5472  0.3019  0.3962  0.3349  0.3113  0.5802  0.5802  0.5236  0.5755  0.3585  0.5708  0.3396  0.3349  0.3255  0.4717  0.5519  0.5377  0.5755
Q7NJS7           0.7170  0.7123  0.6792  0.6745  0.6698  0.7264  0.6840  0.7311  0.7500  0.7547  0.7453  0.7028  0.7170  0.6415  0.6557  0.6557  0.5943  0.6368  0.6368  0.5943  0.4670  0.5189  0.5189  0.5142  0.5377  0.5991  0.6038  0.4764  0.5236  0.5189  0.5566  0.5377  0.5142  0.5283  0.5189  0.5613  0.5519  0.5849  0.5330
B4B340           0.7264  0.6745  0.6981  0.6981  0.6934  0.7028  0.7123  0.6981  0.7217  0.7217  0.7406  0.7028  0.7264  0.6368  0.6415  0.6415  0.5802  0.5943  0.6179  0.5802  0.5472  0.3019  0.3962  0.3255  0.2925  0.5802  0.5802  0.5283  0.5613  0.3396  0.5660  0.3726  0.3349  0.3208  0.5142  0.5377  0.5283  0.5566  0.2028  0.5472
B8HQZ3           0.6934  0.6840  0.6651  0.6840  0.6792  0.6934  0.6792  0.7123  0.7170  0.7217  0.7217  0.7075  0.7170  0.6179  0.6321  0.6321  0.5660  0.5896  0.5708  0.5802  0.5047  0.3962  0.4198  0.3868  0.3821  0.5660  0.5755  0.4953  0.5094  0.3915  0.5047  0.4623  0.3868  0.3915  0.4340  0.5047  0.4953  0.5330  0.4434  0.5189  0.4292
A3IMW2           0.7170  0.6651  0.6651  0.6840  0.6840  0.6745  0.7217  0.7264  0.7311  0.7358  0.7311  0.7123  0.7123  0.6604  0.6509  0.6509  0.6132  0.5802  0.6226  0.6226  0.5330  0.1745  0.4198  0.3632  0.1274  0.6226  0.6132  0.5236  0.5566  0.3915  0.5660  0.4104  0.3538  0.3491  0.4670  0.5142  0.5000  0.5613  0.3396  0.5283  0.3302  0.4340
Q46H49           0.6887  0.6604  0.6698  0.6226  0.6321  0.6651  0.6745  0.6934  0.6840  0.6840  0.7075  0.6557  0.6981  0.6745  0.6792  0.6792  0.5566  0.5660  0.5425  0.5472  0.6085  0.5802  0.5755  0.5708  0.5566  0.5283  0.5425  0.6085  0.4717  0.5566  0.4623  0.5613  0.5660  0.5708  0.5849  0.4528  0.4481  0.0236  0.5708  0.5896  0.5566  0.5377  0.5660
Q115A8           0.7264  0.6651  0.6651  0.7028  0.6792  0.7028  0.6934  0.7075  0.7264  0.7311  0.7123  0.6981  0.7358  0.6792  0.6745  0.6745  0.5991  0.5849  0.5943  0.5991  0.5189  0.4151  0.4292  0.3774  0.3962  0.6038  0.6038  0.5236  0.5377  0.3821  0.5566  0.4151  0.3632  0.3679  0.4953  0.5189  0.5047  0.5896  0.4009  0.5849  0.4057  0.4764  0.4292  0.5849
A0YNT6           0.7170  0.6840  0.6368  0.6840  0.6792  0.6981  0.6887  0.7264  0.7453  0.7500  0.7453  0.6934  0.6981  0.6085  0.6038  0.6038  0.5660  0.5660  0.5896  0.5802  0.4906  0.3538  0.3915  0.3491  0.3538  0.5849  0.5802  0.4670  0.5189  0.3585  0.5377  0.3868  0.3349  0.3443  0.4481  0.5142  0.4953  0.5896  0.3726  0.5189  0.3774  0.4481  0.3538  0.5896  0.3632
A0ZBQ9           0.7123  0.6981  0.6651  0.6462  0.6792  0.6792  0.7217  0.7311  0.7406  0.7406  0.7217  0.7123  0.7217  0.6321  0.6415  0.6415  0.5708  0.5708  0.5802  0.5755  0.5142  0.3443  0.3915  0.2311  0.3774  0.5802  0.5802  0.4811  0.5236  0.1981  0.5236  0.4481  0.2358  0.1462  0.4764  0.4953  0.4858  0.5755  0.3349  0.5236  0.3160  0.4009  0.3679  0.5802  0.3915  0.3491
Q0ICQ6           0.7123  0.6887  0.7170  0.6792  0.6934  0.6981  0.7075  0.7264  0.7358  0.7406  0.7358  0.7028  0.7453  0.6179  0.6415  0.6415  0.5896  0.5849  0.5519  0.5755  0.5566  0.5189  0.5330  0.5236  0.5236  0.5708  0.5943  0.5613  0.3962  0.5330  0.3632  0.5519  0.5283  0.5094  0.5425  0.3066  0.2972  0.4623  0.5377  0.5660  0.5377  0.5142  0.5377  0.4670  0.5519  0.5330  0.5236
Q3AMD2           0.7311  0.6840  0.7123  0.6887  0.7028  0.7500  0.6981  0.7689  0.7830  0.7877  0.7642  0.7406  0.7547  0.6321  0.6462  0.6462  0.5519  0.5896  0.5660  0.5660  0.5849  0.5330  0.5472  0.5330  0.5377  0.5566  0.5708  0.5849  0.3868  0.5330  0.3443  0.5708  0.5330  0.5189  0.5613  0.3585  0.3349  0.4717  0.5708  0.5377  0.5708  0.4811  0.5472  0.4811  0.5377  0.5283  0.5425  0.3821
A9BDX4           0.6840  0.6840  0.6934  0.6698  0.6792  0.7170  0.6651  0.6887  0.6745  0.6840  0.6840  0.6604  0.7075  0.6745  0.6745  0.6745  0.5802  0.6085  0.5519  0.5755  0.6132  0.6179  0.5943  0.5943  0.5991  0.5566  0.5708  0.6226  0.4528  0.5896  0.4670  0.6179  0.5896  0.5755  0.5943  0.4623  0.4292  0.4245  0.6226  0.5708  0.6179  0.5755  0.6085  0.4245  0.5660  0.5896  0.5943  0.4434  0.4528
B7JV62           0.7123  0.6934  0.6698  0.6745  0.6887  0.6934  0.7170  0.7217  0.7358  0.7358  0.7406  0.7123  0.7123  0.6651  0.6604  0.6604  0.5566  0.5755  0.5802  0.5613  0.5142  0.2642  0.3962  0.3443  0.2642  0.5755  0.5613  0.5000  0.5377  0.3679  0.5613  0.3443  0.3302  0.3349  0.4858  0.5142  0.5094  0.5660  0.3113  0.5236  0.3160  0.4292  0.2830  0.5708  0.3821  0.3396  0.3491  0.5000  0.5425  0.5943
A3Z945           0.7217  0.6887  0.6840  0.6604  0.6698  0.7123  0.6981  0.7264  0.7453  0.7500  0.7311  0.7028  0.7594  0.6226  0.6509  0.6509  0.5943  0.6085  0.5991  0.5943  0.5472  0.5472  0.5283  0.5189  0.5425  0.5849  0.5896  0.5566  0.3726  0.5425  0.3396  0.5519  0.5189  0.5425  0.5283  0.3491  0.3585  0.4764  0.5708  0.5094  0.5755  0.5047  0.5755  0.4858  0.5519  0.5377  0.5519  0.3821  0.3632  0.4528  0.5472
Q31M26           0.7217  0.6840  0.6557  0.6509  0.6745  0.6934  0.7123  0.7358  0.7500  0.7547  0.7406  0.7075  0.7217  0.6462  0.6557  0.6557  0.5755  0.5991  0.6179  0.5708  0.4528  0.4434  0.4528  0.4292  0.4434  0.5943  0.5802  0.4340  0.4858  0.4387  0.5519  0.4575  0.4292  0.4292  0.4906  0.5047  0.5000  0.5849  0.4528  0.4953  0.4623  0.4670  0.4764  0.5849  0.5094  0.4575  0.4481  0.5330  0.5472  0.6038  0.4575  0.4953
C7QW55           0.7123  0.6934  0.6745  0.6792  0.6934  0.7028  0.7217  0.7264  0.7358  0.7358  0.7453  0.7170  0.7170  0.6745  0.6604  0.6604  0.5613  0.5802  0.5849  0.5660  0.5236  0.2689  0.4009  0.3538  0.2689  0.5802  0.5660  0.5094  0.5472  0.3774  0.5708  0.3538  0.3396  0.3443  0.4906  0.5189  0.5142  0.5708  0.3160  0.5236  0.3208  0.4340  0.2877  0.5755  0.3915  0.3491  0.3538  0.5094  0.5472  0.5991  0.0094  0.5566  0.4670
P74003           0.7311  0.7123  0.7075  0.6840  0.7075  0.7123  0.7264  0.7358  0.7453  0.7500  0.7406  0.7311  0.7123  0.6604  0.6698  0.6698  0.5896  0.6038  0.6132  0.5849  0.4811  0.4104  0.4292  0.4198  0.4245  0.5943  0.5896  0.4764  0.5566  0.4340  0.5802  0.4528  0.4151  0.4151  0.4764  0.5566  0.5425  0.6179  0.4198  0.5283  0.4245  0.5000  0.4245  0.6274  0.4858  0.4009  0.4009  0.5472  0.5802  0.6321  0.4292  0.5613  0.4717  0.4340
A3YUT9           0.7217  0.6651  0.6934  0.6651  0.6887  0.7075  0.6698  0.7500  0.7547  0.7500  0.7406  0.7170  0.7264  0.6462  0.6604  0.6604  0.5943  0.6085  0.6085  0.5943  0.5047  0.5047  0.5142  0.4717  0.4953  0.5943  0.5991  0.5142  0.3679  0.4623  0.4057  0.5472  0.4764  0.4764  0.5236  0.4198  0.3726  0.4811  0.5236  0.5377  0.5000  0.4670  0.5377  0.4811  0.5094  0.5000  0.4953  0.4104  0.3821  0.4670  0.5142  0.3868  0.4717  0.5236  0.5377
Q5MZU9           0.7217  0.6840  0.6557  0.6509  0.6745  0.6934  0.7123  0.7358  0.7500  0.7547  0.7406  0.7075  0.7217  0.6462  0.6557  0.6557  0.5802  0.5991  0.6179  0.5708  0.4528  0.4434  0.4528  0.4292  0.4434  0.5943  0.5802  0.4387  0.4858  0.4387  0.5519  0.4575  0.4292  0.4292  0.4906  0.5047  0.5000  0.5849  0.4528  0.4953  0.4623  0.4670  0.4764  0.5849  0.5094  0.4575  0.4481  0.5330  0.5472  0.6038  0.4575  0.4953  0.0047  0.4670  0.4717  0.4717
B0CDV6           0.7406  0.7028  0.6792  0.6840  0.6698  0.6840  0.6887  0.7311  0.7547  0.7500  0.7170  0.7123  0.7500  0.6274  0.6462  0.6462  0.5802  0.5896  0.5802  0.5802  0.5142  0.4198  0.4387  0.3632  0.4151  0.5660  0.5849  0.4953  0.4858  0.3774  0.5236  0.4717  0.3538  0.3632  0.4670  0.5094  0.5047  0.5755  0.3962  0.5094  0.4151  0.4151  0.4292  0.5802  0.4434  0.3962  0.3538  0.5047  0.5142  0.5991  0.4434  0.5142  0.4764  0.4528  0.4387  0.4764  0.4764
Q05Z60           0.7358  0.6934  0.6934  0.6934  0.6981  0.7123  0.6934  0.7642  0.7689  0.7689  0.7594  0.7453  0.7594  0.6132  0.6226  0.6226  0.5660  0.6132  0.5896  0.5660  0.5566  0.5330  0.5519  0.5142  0.5236  0.5802  0.5802  0.5660  0.4434  0.5189  0.3774  0.5613  0.5142  0.5142  0.5519  0.3821  0.3774  0.4528  0.5660  0.5472  0.5472  0.5142  0.5472  0.4623  0.5283  0.5472  0.5236  0.3962  0.3679  0.5000  0.5519  0.4151  0.5330  0.5613  0.5896  0.4151  0.5330  0.5330
Q3AUX4           0.7406  0.6840  0.6934  0.6934  0.6934  0.7075  0.6981  0.7547  0.7594  0.7594  0.7547  0.7311  0.7547  0.6274  0.6415  0.6415  0.5519  0.6038  0.5802  0.5566  0.5613  0.5377  0.5519  0.5094  0.5377  0.5708  0.5708  0.5613  0.4481  0.5236  0.3915  0.5660  0.5142  0.5094  0.5519  0.3915  0.3915  0.4481  0.5660  0.5566  0.5330  0.5236  0.5519  0.4575  0.5377  0.5425  0.5189  0.4009  0.3632  0.4953  0.5566  0.4198  0.5377  0.5660  0.5755  0.4057  0.5377  0.5330  0.0943
B5VUT2           0.7406  0.6887  0.6698  0.6651  0.6981  0.6745  0.6934  0.7453  0.7500  0.7547  0.7500  0.7217  0.7217  0.6509  0.6509  0.6509  0.5802  0.5660  0.5896  0.5943  0.5377  0.3726  0.4623  0.3962  0.3774  0.5896  0.5896  0.5047  0.5566  0.4057  0.5849  0.3915  0.3774  0.3774  0.4717  0.5472  0.5189  0.5849  0.3726  0.5425  0.4057  0.4670  0.3821  0.5896  0.3821  0.3349  0.3962  0.5660  0.5660  0.5991  0.3538  0.5566  0.4811  0.3632  0.4340  0.5472  0.4811  0.4340  0.5613  0.5472
Q7TUP8           0.7217  0.7075  0.6887  0.6651  0.7028  0.7123  0.7123  0.7594  0.7547  0.7547  0.7453  0.7311  0.7830  0.6179  0.6415  0.6415  0.5896  0.5896  0.5708  0.5896  0.5896  0.5613  0.5896  0.5000  0.5519  0.5708  0.5849  0.5755  0.4009  0.5236  0.3538  0.5708  0.4953  0.5142  0.5425  0.3349  0.3160  0.3962  0.5755  0.5660  0.5849  0.5283  0.5708  0.4057  0.5566  0.5566  0.5189  0.3396  0.3774  0.4245  0.5472  0.3585  0.5425  0.5566  0.5708  0.4151  0.5425  0.5047  0.4057  0.4245  0.5660
Q05Q11           0.7311  0.6745  0.6698  0.6651  0.6887  0.6934  0.6887  0.7547  0.7642  0.7642  0.7642  0.7217  0.7594  0.6132  0.6179  0.6179  0.5660  0.5802  0.5613  0.5755  0.5566  0.5236  0.5283  0.5142  0.5377  0.5660  0.5708  0.5283  0.3632  0.5236  0.3443  0.5425  0.5094  0.5142  0.5283  0.3302  0.2925  0.4575  0.5519  0.5425  0.5566  0.5094  0.5377  0.4623  0.5472  0.5283  0.5236  0.3160  0.3632  0.4528  0.5236  0.3302  0.5000  0.5330  0.5472  0.3962  0.5000  0.5047  0.3679  0.3679  0.5519  0.3491
A2CBT0           0.7264  0.7075  0.6934  0.6698  0.7075  0.7170  0.7075  0.7547  0.7594  0.7594  0.7547  0.7264  0.7783  0.6179  0.6415  0.6415  0.5849  0.5896  0.5660  0.5849  0.5802  0.5660  0.5849  0.5000  0.5519  0.5660  0.5802  0.5802  0.4009  0.5236  0.3632  0.5755  0.4953  0.5142  0.5377  0.3349  0.3208  0.4009  0.5802  0.5613  0.5896  0.5236  0.5755  0.4104  0.5566  0.5472  0.5236  0.3302  0.3632  0.4292  0.5519  0.3538  0.5330  0.5613  0.5755  0.4104  0.5330  0.5142  0.4057  0.4245  0.5660  0.0472  0.3538
Q7VDL7           0.7264  0.6981  0.7123  0.6792  0.6934  0.7075  0.7075  0.7170  0.7217  0.7264  0.7264  0.6887  0.7358  0.6604  0.6604  0.6604  0.5943  0.6132  0.5802  0.5896  0.6179  0.5660  0.5708  0.5519  0.5519  0.5943  0.5896  0.6226  0.4764  0.5613  0.4198  0.5660  0.5472  0.5519  0.5802  0.4009  0.3774  0.3962  0.5708  0.5849  0.5566  0.5519  0.5519  0.3962  0.5472  0.5755  0.5802  0.4198  0.4198  0.3679  0.5330  0.4434  0.5896  0.5425  0.5991  0.4575  0.5896  0.5708  0.4623  0.4670  0.5896  0.3962  0.4009  0.4104


TREE #  1:  (9, 10, (8, (12, (11, (13, ((4, 7), (((6, 3), (5, (1, 2))), ((14, (15, 16)), (((((20, 17), (26, 27)), (18, 19)), (56, (29, (52, ((31, (49, (59, 60))), ((63, (48, (36, 37))), ((62, 64), ((38, 44), (50, 65))))))))), (((53, 57), (40, (21, 28))), (35, ((58, 42), (23, ((46, (45, ((24, 33), (30, (34, 47))))), ((55, 61), (((51, 54), (22, (25, 43))), (32, (39, 41))))))))))))))))));   MP score: 3211
lnL(ntime:127  np:128): -15509.155091      +0.000000
  66..9    66..10   66..67   67..8    67..68   68..12   68..69   69..11   69..70   70..13   70..71   71..72   72..4    72..7    71..73   73..74   74..75   75..6    75..3    74..76   76..5    76..77   77..1    77..2    73..78   78..79   79..14   79..80   80..15   80..16   78..81   81..82   82..83   83..84   84..85   85..20   85..17   84..86   86..26   86..27   83..87   87..18   87..19   82..88   88..56   88..89   89..29   89..90   90..52   90..91   91..92   92..31   92..93   93..49   93..94   94..59   94..60   91..95   95..96   96..63   96..97   97..48   97..98   98..36   98..37   95..99   99..100 100..62  100..64   99..101 101..102 102..38  102..44  101..103 103..50  103..65   81..104 104..105 105..106 106..53  106..57  105..107 107..40  107..108 108..21  108..28  104..109 109..35  109..110 110..111 111..58  111..42  110..112 112..23  112..113 113..114 114..46  114..115 115..45  115..116 116..117 117..24  117..33  116..118 118..30  118..119 119..34  119..47  113..120 120..121 121..55  121..61  120..122 122..123 123..124 124..51  124..54  123..125 125..22  125..126 126..25  126..43  122..127 127..32  127..128 128..39  128..41 
 0.011817 0.003329 0.095395 0.034163 0.153464 0.188341 0.030600 0.338173 0.442536 0.866747 0.154916 0.088994 0.559637 0.558134 0.036274 0.104131 0.080215 0.366440 0.475988 0.022382 0.431165 0.103100 0.460976 0.478553 0.719672 0.857281 0.016433 0.072911 0.004593 0.003088 0.523547 0.070382 0.852009 0.189644 0.012437 0.055139 0.029088 0.009362 0.092058 0.055628 0.096186 0.099018 0.122553 0.178326 0.359352 0.035467 0.242598 0.057211 0.302016 0.041458 0.037152 0.279520 0.035918 0.248800 0.312930 0.032402 0.052259 0.067953 0.027021 0.241777 0.029199 0.286552 0.146396 0.099267 0.026501 0.077256 0.193464 0.017157 0.021602 0.175124 0.322251 0.002356 0.016611 0.069641 0.298130 0.211065 0.103059 0.105214 0.329646 0.000004 0.003902 0.139233 0.520252 0.363321 0.115756 0.031549 0.044869 0.394814 0.061572 0.032911 0.271106 0.312411 0.068765 0.389396 0.043138 0.023507 0.241161 0.039045 0.303731 0.089232 0.098614 0.019910 0.010456 0.039853 0.111503 0.022195 0.055115 0.088019 0.042582 0.074208 0.486596 0.225581 0.059060 0.015238 0.150191 0.000004 0.007325 0.105260 0.058582 0.038990 0.045308 0.073926 0.032709 0.315247 0.083429 0.108543 0.112140 0.817585

tree length =  21.01940

(9: 0.011817, 10: 0.003329, (8: 0.034163, (12: 0.188341, (11: 0.338173, (13: 0.866747, ((4: 0.559637, 7: 0.558134): 0.088994, (((6: 0.366440, 3: 0.475988): 0.080215, (5: 0.431165, (1: 0.460976, 2: 0.478553): 0.103100): 0.022382): 0.104131, ((14: 0.016433, (15: 0.004593, 16: 0.003088): 0.072911): 0.857281, (((((20: 0.055139, 17: 0.029088): 0.012437, (26: 0.092058, 27: 0.055628): 0.009362): 0.189644, (18: 0.099018, 19: 0.122553): 0.096186): 0.852009, (56: 0.359352, (29: 0.242598, (52: 0.302016, ((31: 0.279520, (49: 0.248800, (59: 0.032402, 60: 0.052259): 0.312930): 0.035918): 0.037152, ((63: 0.241777, (48: 0.286552, (36: 0.099267, 37: 0.026501): 0.146396): 0.029199): 0.027021, ((62: 0.017157, 64: 0.021602): 0.193464, ((38: 0.002356, 44: 0.016611): 0.322251, (50: 0.298130, 65: 0.211065): 0.069641): 0.175124): 0.077256): 0.067953): 0.041458): 0.057211): 0.035467): 0.178326): 0.070382, (((53: 0.000004, 57: 0.003902): 0.329646, (40: 0.520252, (21: 0.115756, 28: 0.031549): 0.363321): 0.139233): 0.105214, (35: 0.394814, ((58: 0.271106, 42: 0.312411): 0.032911, (23: 0.389396, ((46: 0.241161, (45: 0.303731, ((24: 0.019910, 33: 0.010456): 0.098614, (30: 0.111503, (34: 0.055115, 47: 0.088019): 0.022195): 0.039853): 0.089232): 0.039045): 0.023507, ((55: 0.486596, 61: 0.225581): 0.074208, (((51: 0.000004, 54: 0.007325): 0.150191, (22: 0.058582, (25: 0.045308, 43: 0.073926): 0.038990): 0.105260): 0.015238, (32: 0.315247, (39: 0.108543, 41: 0.112140): 0.083429): 0.032709): 0.059060): 0.042582): 0.043138): 0.068765): 0.061572): 0.044869): 0.103059): 0.523547): 0.719672): 0.036274): 0.154916): 0.442536): 0.030600): 0.153464): 0.095395);

(A7H4A4: 0.011817, A8FLF1: 0.003329, (Q4HI33: 0.034163, (Q4HTD0: 0.188341, (B9KFR8: 0.338173, (B9L921: 0.866747, ((Q7MAI5: 0.559637, O25143: 0.558134): 0.088994, (((A6Q3T7: 0.366440, D1B2X8: 0.475988): 0.080215, (A6Q7V7: 0.431165, (A8EU32: 0.460976, Q30QY4: 0.478553): 0.103100): 0.022382): 0.104131, ((B7LSH8: 0.016433, (P0ACC1: 0.004593, B7MTZ6: 0.003088): 0.072911): 0.857281, (((((A3PB41: 0.055139, A2BPB9: 0.029088): 0.012437, (A8G2X9: 0.092058, Q31CL0: 0.055628): 0.009362): 0.189644, (Q7V2Y2: 0.099018, A2BUU8: 0.122553): 0.096186): 0.852009, (A3YUT9: 0.359352, (A5GR18: 0.242598, (A3Z945: 0.302016, ((Q7U4T7: 0.279520, (Q3AMD2: 0.248800, (Q05Z60: 0.032402, Q3AUX4: 0.052259): 0.312930): 0.035918): 0.037152, ((Q05Q11: 0.241777, (Q0ICQ6: 0.286552, (A4CSC6: 0.099267, A5GJ35: 0.026501): 0.146396): 0.029199): 0.027021, ((Q7TUP8: 0.017157, A2CBT0: 0.021602): 0.193464, ((A2C0G3: 0.002356, Q46H49: 0.016611): 0.322251, (A9BDX4: 0.298130, Q7VDL7: 0.211065): 0.069641): 0.175124): 0.077256): 0.067953): 0.041458): 0.057211): 0.035467): 0.178326): 0.070382, (((Q31M26: 0.000004, Q5MZU9: 0.003902): 0.329646, (Q7NJS7: 0.520252, (Q2JMT8: 0.115756, Q2JR65: 0.031549): 0.363321): 0.139233): 0.105214, (Q8DHV7: 0.394814, ((B0CDV6: 0.271106, B8HQZ3: 0.312411): 0.032911, (B1XNR4: 0.389396, ((A0YNT6: 0.241161, (Q115A8: 0.303731, ((Q8Z0I1: 0.019910, Q3MD29: 0.010456): 0.098614, (B9YXA0: 0.111503, (B2J583: 0.055115, A0ZBQ9: 0.088019): 0.022195): 0.039853): 0.089232): 0.039045): 0.023507, ((P74003: 0.486596, B5VUT2: 0.225581): 0.074208, (((B7JV62: 0.000004, C7QW55: 0.007325): 0.150191, (Q4C5H1: 0.058582, (B1X0Y3: 0.045308, A3IMW2: 0.073926): 0.038990): 0.105260): 0.015238, (B0JPT5: 0.315247, (B7KEH0: 0.108543, B4B340: 0.112140): 0.083429): 0.032709): 0.059060): 0.042582): 0.043138): 0.068765): 0.061572): 0.044869): 0.103059): 0.523547): 0.719672): 0.036274): 0.154916): 0.442536): 0.030600): 0.153464): 0.095395);

Detailed output identifying parameters

alpha (gamma, K = 5) =  0.81759
rate:   0.07437  0.29905  0.64173  1.20449  2.78037
freq:   0.20000  0.20000  0.20000  0.20000  0.20000

Time used: 25:55
