AAML (in paml version 4.6, August 2012)  273.aa
Model: Empirical for branches,  (../../../bin/LG.dat) dGamma (ncatG=4) ns =  65  ls = 152


Frequencies..
                                    A      R      N      D      C      Q      E      G      H      I      L      K      M      F      P      S      T      W      Y      V
A8ETF3                         0.07895 0.04605 0.04605 0.03947 0.00658 0.01974 0.08553 0.04605 0.02632 0.08553 0.09868 0.05921 0.03289 0.06579 0.02632 0.06579 0.05921 0.00000 0.01974 0.09211
B9L9C2                         0.05921 0.03947 0.05263 0.07237 0.01316 0.00658 0.07237 0.03289 0.01974 0.10526 0.09211 0.10526 0.03947 0.04605 0.03289 0.07895 0.03289 0.00000 0.03289 0.06579
Q4HI62                         0.07237 0.03289 0.05921 0.04605 0.01316 0.01316 0.07237 0.03947 0.03289 0.10526 0.12500 0.07237 0.01316 0.04605 0.03947 0.06579 0.05263 0.00658 0.02632 0.06579
A6Q9Z7                         0.09868 0.05263 0.02632 0.07895 0.00658 0.03289 0.05263 0.03947 0.01974 0.07895 0.09868 0.05263 0.04605 0.04605 0.03289 0.07237 0.04605 0.00000 0.03947 0.07895
A6Q373                         0.05921 0.04605 0.03947 0.06579 0.00658 0.03289 0.03947 0.03289 0.02632 0.11184 0.07895 0.06579 0.03947 0.05263 0.04605 0.07237 0.06579 0.00000 0.03947 0.07895
A8FLI0                         0.07895 0.03289 0.03947 0.05921 0.01316 0.01316 0.06579 0.03947 0.03289 0.09868 0.13158 0.08553 0.01974 0.03947 0.03947 0.05921 0.03947 0.00658 0.03289 0.07237
A7H475                         0.07895 0.03289 0.03947 0.05921 0.01316 0.01316 0.06579 0.03947 0.03289 0.09868 0.13158 0.08553 0.01974 0.03947 0.03947 0.05921 0.03947 0.00658 0.03289 0.07237
B9KG86                         0.06579 0.03947 0.06579 0.05263 0.01316 0.01974 0.05921 0.03289 0.02632 0.10526 0.11842 0.07895 0.03947 0.03947 0.03947 0.06579 0.03289 0.00658 0.02632 0.07237
D1B2I6                         0.07895 0.05263 0.02632 0.06579 0.00658 0.01974 0.06579 0.05263 0.01974 0.08553 0.08553 0.05921 0.03947 0.05263 0.04605 0.07895 0.02632 0.00658 0.02632 0.10526
Q7M9X2                         0.09211 0.06579 0.02632 0.03947 0.01974 0.01974 0.07237 0.03947 0.01974 0.07895 0.11184 0.02632 0.04605 0.04605 0.05921 0.08553 0.05263 0.00000 0.03289 0.06579
Q30RH8                         0.07895 0.03289 0.06579 0.05263 0.00000 0.01974 0.07237 0.03947 0.01974 0.07895 0.13158 0.06579 0.03947 0.04605 0.03289 0.04605 0.04605 0.00000 0.03289 0.09868
Q4HNQ4                         0.07895 0.03289 0.05921 0.04605 0.01316 0.01974 0.06579 0.03947 0.01974 0.08553 0.13158 0.07237 0.01316 0.04605 0.03947 0.07895 0.04605 0.00658 0.02632 0.07895
B7N1T5                         0.10526 0.05263 0.03947 0.03947 0.00000 0.04605 0.07237 0.03947 0.05921 0.05263 0.09211 0.02632 0.05263 0.05921 0.04605 0.05921 0.05263 0.00658 0.01316 0.08553
P0A6I6                         0.11184 0.05263 0.03947 0.03947 0.00000 0.04605 0.06579 0.03947 0.05921 0.05263 0.09211 0.02632 0.05263 0.05921 0.04605 0.05921 0.05263 0.00658 0.01316 0.08553
B7LVJ5                         0.11184 0.05263 0.03947 0.03947 0.00000 0.03947 0.06579 0.03947 0.06579 0.05263 0.09211 0.02632 0.05263 0.05921 0.04605 0.05921 0.05263 0.00658 0.01316 0.08553
Q3AJW3                         0.09211 0.07237 0.02632 0.06579 0.01316 0.01316 0.06579 0.05263 0.03947 0.04605 0.09868 0.01974 0.03289 0.05263 0.03947 0.09211 0.05921 0.00000 0.01316 0.10526
O26010                         0.07237 0.03289 0.04605 0.03289 0.01316 0.01974 0.07237 0.04605 0.04605 0.08553 0.11184 0.06579 0.03289 0.05263 0.03947 0.08553 0.03289 0.00000 0.03947 0.07237
Q05SX7                         0.08553 0.05921 0.01974 0.03289 0.01316 0.06579 0.07895 0.06579 0.03947 0.03947 0.11842 0.01974 0.01974 0.05921 0.04605 0.07237 0.05263 0.00000 0.01316 0.09868
A3Z6S5                         0.09211 0.07237 0.01316 0.03947 0.01316 0.03947 0.07895 0.07237 0.03947 0.03947 0.12500 0.01316 0.01974 0.05263 0.03947 0.08553 0.05263 0.00000 0.01316 0.09868
Q3AXV0                         0.09211 0.05921 0.02632 0.06579 0.00658 0.02632 0.06579 0.05921 0.03947 0.03947 0.11184 0.03289 0.03289 0.05263 0.03289 0.09211 0.05263 0.00000 0.01316 0.09868
Q067B1                         0.07895 0.06579 0.02632 0.07895 0.00658 0.01974 0.05263 0.05921 0.03947 0.04605 0.11842 0.03947 0.03947 0.05263 0.03289 0.09211 0.05263 0.00000 0.01316 0.08553
Q8DJQ7                         0.07895 0.07237 0.03947 0.03947 0.00000 0.03947 0.05921 0.05263 0.03289 0.05263 0.11842 0.04605 0.01316 0.05263 0.03289 0.08553 0.05263 0.00658 0.02632 0.09868
A5GT90                         0.07895 0.05921 0.01974 0.05263 0.00000 0.05921 0.06579 0.04605 0.03947 0.02632 0.13816 0.01316 0.01316 0.07237 0.04605 0.09868 0.05263 0.00000 0.00658 0.11184
Q7U6T8                         0.09211 0.05921 0.03289 0.06579 0.01316 0.03947 0.04605 0.05921 0.04605 0.03947 0.10526 0.03289 0.02632 0.05263 0.03947 0.07237 0.05921 0.00000 0.01316 0.10526
Q0IAF3                         0.08553 0.05921 0.02632 0.03947 0.01316 0.04605 0.07237 0.06579 0.04605 0.03289 0.12500 0.01316 0.01974 0.05921 0.03289 0.09211 0.05921 0.00000 0.01974 0.09211
B2J6C6                         0.05921 0.07237 0.03947 0.04605 0.00000 0.05921 0.05263 0.04605 0.03947 0.07237 0.12500 0.01316 0.01974 0.05263 0.04605 0.08553 0.05921 0.00000 0.01974 0.09211
B9YP58                         0.07237 0.05263 0.04605 0.04605 0.00000 0.05921 0.04605 0.05263 0.03289 0.07895 0.11184 0.03947 0.01974 0.05263 0.04605 0.07237 0.05921 0.00000 0.01974 0.09211
Q8YN70                         0.06579 0.06579 0.03289 0.05263 0.00000 0.05921 0.05263 0.05263 0.03289 0.07895 0.11842 0.02632 0.01316 0.05263 0.04605 0.07895 0.05921 0.00000 0.01974 0.09211
A0ZCW4                         0.05921 0.06579 0.03289 0.05921 0.00000 0.05921 0.06579 0.05263 0.03289 0.09211 0.11184 0.01974 0.01316 0.05263 0.03289 0.07237 0.06579 0.00000 0.01974 0.09211
Q3MBP8                         0.06579 0.06579 0.03947 0.05263 0.00000 0.05921 0.05263 0.05263 0.03289 0.07237 0.11842 0.02632 0.00658 0.05263 0.04605 0.07237 0.05921 0.00000 0.01974 0.10526
B0CAI3                         0.07895 0.03947 0.04605 0.03289 0.01316 0.06579 0.05921 0.04605 0.03947 0.06579 0.12500 0.02632 0.01316 0.05263 0.03947 0.07895 0.07237 0.00000 0.02632 0.07895
Q7VBZ0                         0.06579 0.04605 0.01974 0.05263 0.00658 0.01316 0.07895 0.03947 0.03289 0.09211 0.11184 0.07237 0.02632 0.04605 0.02632 0.11184 0.05263 0.00000 0.02632 0.07895
Q7V1I7                         0.05263 0.03289 0.08553 0.04605 0.00658 0.01974 0.07237 0.04605 0.02632 0.06579 0.12500 0.06579 0.01974 0.04605 0.02632 0.08553 0.06579 0.00000 0.02632 0.08553
A3YZL5                         0.10526 0.07895 0.01316 0.05263 0.00658 0.03947 0.06579 0.06579 0.03947 0.02632 0.12500 0.01974 0.01974 0.06579 0.03289 0.09211 0.03947 0.00000 0.00658 0.10526
A2C9T2                         0.10526 0.05921 0.03289 0.05263 0.01974 0.03947 0.04605 0.05921 0.05263 0.04605 0.11184 0.01974 0.02632 0.06579 0.03947 0.06579 0.05263 0.00000 0.01316 0.09211
A4CUH9                         0.11184 0.05921 0.02632 0.05921 0.00658 0.02632 0.05921 0.05921 0.03289 0.03289 0.13158 0.03289 0.01974 0.05263 0.03947 0.08553 0.05921 0.00000 0.01974 0.08553
A3PCX3                         0.04605 0.03289 0.08553 0.04605 0.00658 0.01316 0.07237 0.04605 0.02632 0.08553 0.13158 0.06579 0.01974 0.04605 0.03947 0.08553 0.06579 0.00000 0.02632 0.05921
Q5N092                         0.09868 0.05921 0.05263 0.03947 0.00658 0.05263 0.06579 0.05263 0.02632 0.04605 0.11184 0.02632 0.01974 0.06579 0.03947 0.07237 0.05263 0.00000 0.02632 0.08553
Q55235                         0.09868 0.05921 0.05263 0.03947 0.00658 0.05263 0.06579 0.05263 0.02632 0.04605 0.11184 0.02632 0.01974 0.06579 0.03947 0.07237 0.05263 0.00000 0.02632 0.08553
A2BR50                         0.04605 0.03289 0.09211 0.04605 0.00658 0.01316 0.07237 0.04605 0.02632 0.08553 0.13158 0.05921 0.01974 0.04605 0.04605 0.07895 0.06579 0.00000 0.02632 0.05921
B8HPS4                         0.08553 0.04605 0.03947 0.03289 0.01316 0.05263 0.05921 0.04605 0.03289 0.06579 0.10526 0.03947 0.01974 0.05263 0.03947 0.06579 0.06579 0.00000 0.03289 0.10526
Q31AW9                         0.04605 0.03289 0.08553 0.04605 0.00658 0.01316 0.07237 0.04605 0.02632 0.09211 0.13158 0.05921 0.01974 0.04605 0.03947 0.08553 0.06579 0.00000 0.03289 0.05263
Q46L10                         0.07895 0.05921 0.04605 0.05263 0.01974 0.02632 0.07895 0.05921 0.03947 0.06579 0.10526 0.05263 0.01974 0.06579 0.03289 0.06579 0.05921 0.00000 0.01974 0.05263
A2C247                         0.07895 0.06579 0.04605 0.05263 0.01974 0.02632 0.07895 0.05921 0.03289 0.06579 0.10526 0.05263 0.01974 0.06579 0.03289 0.06579 0.05921 0.00000 0.01974 0.05263
A2BWL2                         0.05921 0.03947 0.07895 0.03947 0.00658 0.02632 0.07895 0.04605 0.02632 0.07895 0.12500 0.05263 0.01974 0.05263 0.02632 0.09211 0.05921 0.00000 0.01974 0.07237
A5GL79                         0.09211 0.05921 0.01974 0.04605 0.00658 0.03289 0.07237 0.06579 0.03289 0.03289 0.13158 0.02632 0.01974 0.05263 0.03947 0.09211 0.05921 0.00000 0.01974 0.09868
A8G4U2                         0.04605 0.03947 0.09211 0.03947 0.00658 0.01974 0.07237 0.04605 0.02632 0.09211 0.12500 0.05263 0.01974 0.04605 0.03947 0.08553 0.06579 0.00000 0.02632 0.05921
A9BAE9                         0.08553 0.05263 0.03947 0.03289 0.01316 0.01974 0.09211 0.05921 0.02632 0.05263 0.11184 0.05921 0.01974 0.06579 0.03289 0.07237 0.06579 0.00000 0.01974 0.07895
A0YU81                         0.05921 0.03947 0.04605 0.03947 0.00658 0.03947 0.07895 0.03947 0.03947 0.07895 0.11842 0.05921 0.01974 0.05263 0.03289 0.07895 0.05921 0.00000 0.01974 0.09211
Q55435                         0.05921 0.03289 0.02632 0.05263 0.01316 0.05263 0.05921 0.05921 0.03289 0.07895 0.11842 0.05263 0.01316 0.05263 0.03947 0.07895 0.06579 0.00658 0.01974 0.08553
Q7V7L9                         0.09868 0.05263 0.03289 0.04605 0.02632 0.03947 0.05263 0.05921 0.05263 0.04605 0.11184 0.01974 0.02632 0.06579 0.03289 0.07237 0.05921 0.00000 0.01316 0.09211
Q2JJM6                         0.09211 0.05263 0.02632 0.04605 0.00000 0.03289 0.05263 0.04605 0.03289 0.05263 0.13816 0.05263 0.01316 0.04605 0.05921 0.08553 0.05263 0.00000 0.01316 0.10526
B5W5M5                         0.05921 0.04605 0.03289 0.05263 0.00000 0.03289 0.06579 0.04605 0.03947 0.08553 0.10526 0.03947 0.01974 0.05921 0.03289 0.09211 0.05921 0.00658 0.01974 0.10526
B7KEW8                         0.05263 0.04605 0.03947 0.04605 0.00658 0.03947 0.07237 0.05921 0.02632 0.07895 0.11842 0.05921 0.01316 0.05263 0.03289 0.07237 0.05921 0.00658 0.01974 0.09868
Q115H2                         0.06579 0.03289 0.04605 0.03947 0.01316 0.04605 0.06579 0.04605 0.03947 0.09868 0.10526 0.05263 0.01974 0.05263 0.02632 0.08553 0.05263 0.00000 0.01974 0.09211
C7QVS4                         0.05921 0.04605 0.02632 0.03289 0.01316 0.02632 0.09868 0.05921 0.03289 0.06579 0.11842 0.05263 0.01316 0.05263 0.02632 0.07237 0.07895 0.00000 0.01974 0.10526
B7JWQ3                         0.05921 0.04605 0.02632 0.03289 0.01316 0.02632 0.09868 0.05921 0.03289 0.06579 0.11842 0.05263 0.01316 0.05263 0.02632 0.07237 0.07895 0.00000 0.01974 0.10526
Q7NMB9                         0.10526 0.07895 0.02632 0.03947 0.00000 0.02632 0.08553 0.03947 0.03947 0.04605 0.13158 0.02632 0.01974 0.04605 0.03947 0.06579 0.06579 0.00000 0.01316 0.10526
Q2JRG2                         0.09211 0.05263 0.02632 0.04605 0.00000 0.03947 0.05263 0.04605 0.03289 0.05263 0.13816 0.04605 0.01316 0.05263 0.06579 0.07237 0.05263 0.00000 0.01316 0.10526
B1XNE8                         0.06579 0.05921 0.04605 0.05921 0.01316 0.02632 0.06579 0.05263 0.02632 0.06579 0.11184 0.04605 0.01316 0.05263 0.03947 0.07895 0.05921 0.00658 0.01974 0.09211
A3ISY6                         0.04605 0.04605 0.03947 0.04605 0.00658 0.04605 0.07895 0.05263 0.02632 0.07237 0.11184 0.05263 0.02632 0.04605 0.03947 0.06579 0.05921 0.00000 0.03289 0.10526
Q4C455                         0.04605 0.03289 0.02632 0.03947 0.00658 0.05263 0.07895 0.04605 0.02632 0.07895 0.11184 0.05921 0.01974 0.04605 0.03947 0.07895 0.07895 0.00000 0.03947 0.09211
B4B042                         0.05263 0.05263 0.04605 0.03947 0.01316 0.03289 0.07237 0.05921 0.02632 0.07237 0.10526 0.05263 0.01316 0.05263 0.03947 0.06579 0.07237 0.00658 0.01974 0.10526
B1WS35                         0.04605 0.04605 0.03289 0.04605 0.00658 0.03947 0.07237 0.05263 0.02632 0.06579 0.11184 0.07237 0.02632 0.04605 0.04605 0.05921 0.06579 0.00000 0.03289 0.10526
B0JPJ2                         0.04605 0.04605 0.03289 0.03289 0.01316 0.01974 0.08553 0.05263 0.03289 0.07237 0.11184 0.06579 0.01316 0.05263 0.03947 0.07895 0.06579 0.00658 0.02632 0.10526

Homogeneity statistic: X2 = 5.02361 G = 5.07131 

Average                        0.07551 0.05081 0.04099 0.04787 0.00840 0.03381 0.06802 0.04990 0.03381 0.06822 0.11559 0.04615 0.02348 0.05304 0.03877 0.07672 0.05678 0.00162 0.02237 0.08816

# constant sites:     25 (16.45%)
ln Lmax (unconstrained) = -745.424562

AA distances (raw proportions of different sites)

A8ETF3         
B9L9C2           0.4145
Q4HI62           0.4079  0.3553
A6Q9Z7           0.3882  0.3882  0.4342
A6Q373           0.4145  0.3553  0.3947  0.3816
A8FLI0           0.4211  0.4079  0.1316  0.4408  0.3882
A7H475           0.4211  0.4079  0.1316  0.4408  0.3882  0.0000
B9KG86           0.4145  0.4079  0.2697  0.4408  0.3750  0.2500  0.2500
D1B2I6           0.4211  0.3947  0.3816  0.4276  0.3487  0.4145  0.4145  0.4013
Q7M9X2           0.4408  0.4013  0.4276  0.3947  0.3750  0.4408  0.4408  0.4474  0.4145
Q30RH8           0.4276  0.4474  0.4276  0.4276  0.4276  0.4145  0.4145  0.4276  0.4145  0.4408
Q4HNQ4           0.4408  0.3816  0.1579  0.4605  0.4276  0.1579  0.1579  0.2829  0.3816  0.4737  0.4474
B7N1T5           0.5132  0.4934  0.5066  0.5132  0.5066  0.5197  0.5197  0.5132  0.5197  0.5132  0.4934  0.5197
P0A6I6           0.5197  0.5000  0.5132  0.5132  0.5066  0.5263  0.5263  0.5132  0.5197  0.5197  0.4934  0.5197  0.0066
B7LVJ5           0.5197  0.5000  0.5132  0.5132  0.5066  0.5263  0.5263  0.5132  0.5197  0.5197  0.4934  0.5197  0.0132  0.0066
Q3AJW3           0.5395  0.5526  0.5395  0.5658  0.5724  0.5592  0.5592  0.5526  0.5263  0.5395  0.5132  0.5526  0.5066  0.5132  0.5132
O26010           0.4868  0.4276  0.4079  0.4605  0.4211  0.4342  0.4342  0.4145  0.4276  0.3816  0.4276  0.4013  0.5197  0.5197  0.5197  0.5724
Q05SX7           0.5329  0.5263  0.5197  0.5263  0.5592  0.5329  0.5329  0.5526  0.5526  0.5395  0.5461  0.5197  0.4737  0.4803  0.4803  0.2303  0.5921
A3Z6S5           0.5329  0.5329  0.5329  0.5263  0.5658  0.5526  0.5526  0.5658  0.5461  0.5461  0.5329  0.5329  0.5000  0.4934  0.4934  0.2434  0.5987  0.1250
Q3AXV0           0.5592  0.5395  0.5263  0.5526  0.5461  0.5526  0.5526  0.5658  0.5263  0.5329  0.4868  0.5526  0.4737  0.4737  0.4737  0.1645  0.5526  0.2500  0.2434
Q067B1           0.5526  0.5526  0.5263  0.5395  0.5461  0.5461  0.5461  0.5526  0.5263  0.5461  0.4868  0.5526  0.5000  0.5000  0.5000  0.1382  0.5592  0.2566  0.2500  0.0789
Q8DJQ7           0.5066  0.5132  0.5132  0.5461  0.5263  0.5461  0.5461  0.5395  0.5066  0.5658  0.4671  0.5329  0.4671  0.4671  0.4671  0.4013  0.5395  0.3750  0.3487  0.4013  0.3816
A5GT90           0.5461  0.5000  0.5461  0.5592  0.5461  0.5592  0.5592  0.5724  0.5329  0.5395  0.5461  0.5658  0.4934  0.5000  0.5000  0.3487  0.5724  0.3158  0.3158  0.3289  0.3355  0.4013
Q7U6T8           0.5526  0.5395  0.5329  0.5329  0.5592  0.5461  0.5461  0.5592  0.5526  0.5592  0.5000  0.5592  0.5066  0.5066  0.5066  0.1513  0.5855  0.2500  0.2500  0.1908  0.1776  0.3816  0.3618
Q0IAF3           0.5329  0.5000  0.5329  0.5592  0.5592  0.5658  0.5658  0.5724  0.5658  0.5592  0.5329  0.5329  0.5066  0.5132  0.5197  0.2434  0.5789  0.1645  0.1711  0.2763  0.2697  0.3684  0.3289  0.2697
B2J6C6           0.5395  0.5197  0.5197  0.5461  0.5197  0.5592  0.5592  0.5789  0.4803  0.5000  0.5329  0.5461  0.5197  0.5263  0.5263  0.3553  0.5066  0.3487  0.3421  0.3487  0.3355  0.3224  0.3553  0.3816  0.3618
B9YP58           0.5329  0.5066  0.5263  0.5461  0.4934  0.5526  0.5526  0.5526  0.4803  0.5066  0.5197  0.5395  0.5000  0.5066  0.5066  0.3750  0.5197  0.3421  0.3618  0.3947  0.3816  0.3158  0.3618  0.3816  0.3684  0.1053
Q8YN70           0.5461  0.5263  0.5461  0.5526  0.5066  0.5724  0.5724  0.5658  0.5000  0.5197  0.5263  0.5592  0.4934  0.5000  0.5000  0.3618  0.5197  0.3618  0.3684  0.3618  0.3618  0.3158  0.3553  0.3947  0.3816  0.1053  0.0987
A0ZCW4           0.5461  0.5395  0.5526  0.5592  0.5197  0.5658  0.5658  0.5789  0.4934  0.5395  0.5197  0.5461  0.4934  0.4934  0.4934  0.3750  0.5329  0.3618  0.3618  0.3684  0.3684  0.3224  0.3684  0.3947  0.4013  0.1382  0.1447  0.0724
Q3MBP8           0.5592  0.5395  0.5526  0.5658  0.5197  0.5789  0.5789  0.5789  0.5132  0.5329  0.5329  0.5658  0.5132  0.5197  0.5197  0.3750  0.5329  0.3684  0.3750  0.3750  0.3750  0.3158  0.3553  0.3947  0.3882  0.1118  0.1053  0.0197  0.0855
B0CAI3           0.5526  0.5461  0.5395  0.5329  0.5263  0.5724  0.5724  0.5724  0.5197  0.5592  0.5132  0.5526  0.5000  0.5000  0.5000  0.4013  0.5724  0.3618  0.3618  0.4013  0.3947  0.2632  0.4079  0.3750  0.3947  0.2632  0.2434  0.2566  0.2632  0.2500
Q7VBZ0           0.5592  0.5592  0.5526  0.5921  0.5592  0.5724  0.5724  0.5789  0.6053  0.5987  0.5658  0.5987  0.6184  0.6250  0.6250  0.3224  0.6184  0.3684  0.3421  0.3355  0.3224  0.4474  0.4145  0.3421  0.3487  0.4211  0.4539  0.4408  0.4474  0.4474  0.4671
Q7V1I7           0.5592  0.4868  0.4803  0.5658  0.5526  0.5329  0.5329  0.5263  0.5592  0.5724  0.5197  0.5329  0.5526  0.5526  0.5526  0.3421  0.5789  0.3421  0.3421  0.3487  0.3487  0.4474  0.4145  0.3487  0.3224  0.4276  0.4211  0.4408  0.4408  0.4539  0.4605  0.3553
A3YZL5           0.5263  0.5132  0.5461  0.5855  0.5724  0.5789  0.5789  0.5724  0.5461  0.5592  0.5724  0.5526  0.5132  0.5132  0.5197  0.3092  0.5921  0.2500  0.2632  0.3355  0.3355  0.3750  0.3224  0.3289  0.2566  0.3947  0.3816  0.4013  0.4079  0.4079  0.4276  0.4013  0.3618
A2C9T2           0.5592  0.5724  0.5461  0.5592  0.5789  0.5526  0.5526  0.5592  0.5724  0.5658  0.5526  0.5658  0.5263  0.5263  0.5263  0.2368  0.6118  0.1711  0.1842  0.2895  0.2697  0.3947  0.3750  0.2500  0.2171  0.3882  0.3947  0.4145  0.4013  0.4211  0.3947  0.3487  0.3487  0.2961
A4CUH9           0.5461  0.5263  0.5395  0.5658  0.5724  0.5592  0.5592  0.5526  0.5789  0.5526  0.5329  0.5461  0.5329  0.5263  0.5263  0.2763  0.5789  0.2303  0.2039  0.3092  0.2961  0.3487  0.3553  0.2961  0.1711  0.3882  0.3816  0.3882  0.3882  0.3947  0.4145  0.3421  0.3355  0.2697  0.2368
A3PCX3           0.5592  0.4868  0.4803  0.5526  0.5592  0.5395  0.5395  0.5263  0.5789  0.5592  0.5461  0.5395  0.5592  0.5592  0.5592  0.3355  0.6053  0.3553  0.3553  0.3553  0.3487  0.4605  0.4408  0.3553  0.3553  0.4342  0.4408  0.4605  0.4803  0.4737  0.4539  0.3553  0.1513  0.3618  0.3618  0.3684
Q5N092           0.5461  0.5263  0.5921  0.5855  0.5395  0.5987  0.5987  0.5921  0.5526  0.5724  0.5592  0.5855  0.4803  0.4868  0.4868  0.3816  0.5724  0.3684  0.3750  0.3882  0.4013  0.3355  0.3750  0.3553  0.3553  0.3092  0.2895  0.2829  0.3092  0.2895  0.3421  0.4803  0.4276  0.4079  0.3816  0.3882  0.4408
Q55235           0.5461  0.5263  0.5921  0.5855  0.5395  0.5987  0.5987  0.5921  0.5526  0.5724  0.5592  0.5855  0.4803  0.4868  0.4868  0.3816  0.5724  0.3684  0.3750  0.3882  0.4013  0.3355  0.3750  0.3553  0.3553  0.3092  0.2895  0.2829  0.3092  0.2895  0.3421  0.4803  0.4276  0.4079  0.3816  0.3882  0.4408  0.0000
A2BR50           0.5592  0.4934  0.4868  0.5526  0.5658  0.5395  0.5395  0.5263  0.5855  0.5592  0.5461  0.5461  0.5592  0.5592  0.5592  0.3355  0.6118  0.3553  0.3553  0.3553  0.3487  0.4605  0.4408  0.3553  0.3553  0.4342  0.4408  0.4605  0.4803  0.4737  0.4539  0.3553  0.1513  0.3618  0.3618  0.3684  0.0132  0.4408  0.4408
B8HPS4           0.5395  0.5395  0.5263  0.5658  0.5526  0.5461  0.5461  0.5329  0.5197  0.5658  0.5263  0.5197  0.5066  0.5066  0.5066  0.3816  0.5526  0.3487  0.3553  0.3882  0.3882  0.2763  0.4013  0.3882  0.3553  0.2566  0.2303  0.2697  0.2697  0.2632  0.2039  0.4408  0.4342  0.3750  0.3750  0.3684  0.4276  0.3553  0.3553  0.4276
Q31AW9           0.5658  0.5000  0.4803  0.5592  0.5526  0.5329  0.5329  0.5197  0.5921  0.5658  0.5526  0.5395  0.5658  0.5658  0.5658  0.3421  0.6118  0.3618  0.3618  0.3618  0.3553  0.4671  0.4474  0.3618  0.3618  0.4408  0.4408  0.4605  0.4868  0.4737  0.4539  0.3487  0.1579  0.3684  0.3684  0.3750  0.0197  0.4474  0.4474  0.0197  0.4211
Q46L10           0.5658  0.5395  0.5526  0.5724  0.5724  0.5658  0.5658  0.5658  0.5855  0.5789  0.5724  0.5855  0.5724  0.5789  0.5789  0.3092  0.6053  0.2961  0.3026  0.3158  0.3092  0.4276  0.3618  0.3224  0.3224  0.4079  0.4079  0.4013  0.4342  0.4145  0.4539  0.3092  0.3224  0.3618  0.3092  0.3553  0.3289  0.4408  0.4408  0.3289  0.4342  0.3355
A2C247           0.5658  0.5461  0.5658  0.5789  0.5724  0.5724  0.5724  0.5789  0.5789  0.5789  0.5789  0.5921  0.5724  0.5789  0.5789  0.3092  0.6053  0.2961  0.3026  0.3224  0.3092  0.4211  0.3684  0.3224  0.3158  0.4079  0.4079  0.4013  0.4342  0.4145  0.4539  0.3158  0.3289  0.3618  0.3026  0.3487  0.3421  0.4342  0.4342  0.3421  0.4408  0.3487  0.0197
A2BWL2           0.5592  0.4934  0.5066  0.5461  0.5724  0.5592  0.5592  0.5526  0.5395  0.5658  0.5461  0.5526  0.5526  0.5526  0.5526  0.3487  0.5987  0.3421  0.3421  0.3684  0.3553  0.4605  0.4145  0.3553  0.3289  0.4474  0.4276  0.4605  0.4539  0.4737  0.4605  0.3553  0.0921  0.3618  0.3487  0.3487  0.1579  0.4276  0.4276  0.1513  0.4539  0.1645  0.3224  0.3224
A5GL79           0.5526  0.5461  0.5329  0.5461  0.5724  0.5526  0.5526  0.5724  0.5658  0.5526  0.5461  0.5197  0.5197  0.5197  0.5197  0.2829  0.5921  0.1974  0.1776  0.2763  0.2829  0.3487  0.3553  0.2961  0.1908  0.3684  0.3816  0.3816  0.3882  0.3882  0.4013  0.3553  0.3355  0.2697  0.2434  0.0921  0.3553  0.3816  0.3816  0.3553  0.3618  0.3618  0.3553  0.3618  0.3684
A8G4U2           0.5724  0.5066  0.4934  0.5658  0.5658  0.5461  0.5461  0.5395  0.5789  0.5526  0.5526  0.5526  0.5592  0.5592  0.5592  0.3421  0.5987  0.3618  0.3618  0.3553  0.3553  0.4737  0.4474  0.3618  0.3553  0.4342  0.4408  0.4605  0.4803  0.4737  0.4539  0.3684  0.1382  0.3750  0.3618  0.3750  0.0329  0.4408  0.4408  0.0329  0.4408  0.0395  0.3421  0.3487  0.1579  0.3618
A9BAE9           0.5526  0.5526  0.5526  0.5855  0.5789  0.5789  0.5789  0.5658  0.5526  0.5724  0.5526  0.5461  0.5461  0.5395  0.5395  0.2961  0.5987  0.2632  0.2632  0.3224  0.3224  0.4408  0.3947  0.3355  0.2829  0.4079  0.4013  0.4211  0.4276  0.4276  0.4145  0.2961  0.3487  0.3355  0.2895  0.3026  0.3553  0.4276  0.4276  0.3553  0.4079  0.3618  0.2434  0.2566  0.3421  0.3026  0.3684
A0YU81           0.5658  0.5329  0.5658  0.5724  0.5592  0.5921  0.5921  0.6053  0.5197  0.5592  0.5000  0.5789  0.5197  0.5263  0.5263  0.3816  0.5461  0.3684  0.3750  0.3618  0.3750  0.3289  0.4013  0.4013  0.4079  0.2039  0.2303  0.2237  0.2303  0.2303  0.2566  0.4211  0.4211  0.4408  0.4079  0.4276  0.4211  0.3092  0.3092  0.4211  0.2632  0.4276  0.4474  0.4539  0.4474  0.4013  0.4342  0.3882
Q55435           0.5592  0.5132  0.5461  0.5658  0.5461  0.5526  0.5526  0.5592  0.5329  0.5592  0.5263  0.5329  0.5263  0.5329  0.5263  0.3947  0.5263  0.3947  0.4013  0.3947  0.3947  0.3421  0.3882  0.4145  0.3882  0.2500  0.2566  0.2368  0.2566  0.2566  0.3158  0.4605  0.4342  0.3947  0.4276  0.4079  0.4474  0.3224  0.3224  0.4539  0.3026  0.4539  0.4474  0.4539  0.4737  0.3947  0.4605  0.4276  0.2500
Q7V7L9           0.5724  0.5789  0.5592  0.5724  0.5921  0.5658  0.5658  0.5724  0.5855  0.5855  0.5658  0.5724  0.5329  0.5329  0.5329  0.2632  0.6118  0.1974  0.2171  0.3158  0.2961  0.4013  0.3816  0.2763  0.2368  0.4079  0.4145  0.4276  0.4145  0.4342  0.4079  0.3553  0.3487  0.3092  0.0329  0.2632  0.3684  0.3882  0.3882  0.3684  0.3750  0.3750  0.3026  0.2961  0.3487  0.2697  0.3684  0.2961  0.4211  0.4408
Q2JJM6           0.5461  0.5329  0.5132  0.5658  0.5658  0.5658  0.5658  0.5526  0.5461  0.5658  0.5461  0.5329  0.5066  0.5000  0.5000  0.4013  0.5329  0.3816  0.3553  0.3816  0.3750  0.3355  0.3816  0.3947  0.4013  0.3158  0.3553  0.3487  0.3553  0.3487  0.3553  0.4474  0.4342  0.3750  0.3750  0.3816  0.4211  0.3553  0.3553  0.4211  0.3355  0.4342  0.4605  0.4605  0.4474  0.3882  0.4342  0.4342  0.3289  0.3421  0.3816
B5W5M5           0.5724  0.5263  0.5658  0.5789  0.5526  0.5987  0.5987  0.5921  0.5197  0.5526  0.5329  0.5855  0.5132  0.5132  0.5197  0.3882  0.5197  0.3684  0.3684  0.3553  0.3487  0.3289  0.3618  0.4013  0.3882  0.2105  0.2105  0.2237  0.2368  0.2434  0.2895  0.4539  0.4145  0.3882  0.4211  0.4145  0.4079  0.3158  0.3158  0.4079  0.2763  0.4145  0.4539  0.4605  0.4276  0.3816  0.4079  0.4276  0.1645  0.2368  0.4276  0.3421
B7KEW8           0.5395  0.5197  0.5263  0.5987  0.5526  0.5592  0.5592  0.5921  0.5132  0.5526  0.5000  0.5197  0.5000  0.5066  0.5066  0.3816  0.5329  0.3750  0.3750  0.3750  0.3816  0.3158  0.3750  0.4145  0.4013  0.2434  0.2500  0.2500  0.2500  0.2566  0.2763  0.4342  0.4342  0.4145  0.4145  0.4079  0.4539  0.3224  0.3224  0.4539  0.2763  0.4605  0.4539  0.4605  0.4605  0.4013  0.4671  0.3947  0.1842  0.1776  0.4276  0.3224  0.2368
Q115H2           0.5658  0.5132  0.5526  0.5526  0.5197  0.5855  0.5855  0.5592  0.4868  0.5724  0.5263  0.5526  0.4934  0.4934  0.4868  0.4211  0.5000  0.3618  0.3618  0.3947  0.3947  0.3224  0.4145  0.4211  0.4079  0.2237  0.2171  0.2303  0.2434  0.2500  0.2961  0.4737  0.4605  0.4145  0.4079  0.4013  0.4605  0.3553  0.3553  0.4671  0.2895  0.4737  0.4737  0.4803  0.4868  0.3750  0.4671  0.4342  0.2171  0.2566  0.4145  0.3421  0.1842  0.2763
C7QVS4           0.5461  0.5197  0.5263  0.5921  0.5592  0.5592  0.5592  0.5855  0.5395  0.5592  0.5263  0.5461  0.5066  0.5132  0.5132  0.3816  0.5395  0.3750  0.3816  0.3618  0.3684  0.3158  0.4013  0.4013  0.4013  0.2632  0.2895  0.2829  0.2895  0.2895  0.3026  0.4276  0.4013  0.4211  0.4211  0.4276  0.4145  0.3355  0.3355  0.4145  0.2961  0.4211  0.4276  0.4342  0.4211  0.4079  0.4211  0.3882  0.2500  0.2368  0.4342  0.3487  0.2566  0.1711  0.2763
B7JWQ3           0.5461  0.5197  0.5263  0.5921  0.5592  0.5592  0.5592  0.5855  0.5395  0.5592  0.5263  0.5461  0.5066  0.5132  0.5132  0.3816  0.5395  0.3750  0.3816  0.3618  0.3684  0.3158  0.4013  0.4013  0.4013  0.2632  0.2895  0.2829  0.2895  0.2895  0.3026  0.4276  0.4013  0.4211  0.4211  0.4276  0.4145  0.3355  0.3355  0.4145  0.2961  0.4211  0.4276  0.4342  0.4211  0.4079  0.4211  0.3882  0.2500  0.2368  0.4342  0.3487  0.2566  0.1711  0.2763  0.0000
Q7NMB9           0.5658  0.5132  0.5329  0.5395  0.5263  0.5395  0.5395  0.5526  0.5000  0.5592  0.5132  0.5197  0.4868  0.4868  0.4868  0.4013  0.5263  0.3684  0.3750  0.4013  0.4211  0.3750  0.4079  0.3816  0.4013  0.3553  0.3224  0.3355  0.3355  0.3421  0.3750  0.4737  0.4079  0.3684  0.4079  0.4013  0.4211  0.3553  0.3553  0.4211  0.3684  0.4276  0.4408  0.4408  0.4211  0.3947  0.4408  0.4145  0.3684  0.3947  0.4145  0.3816  0.3553  0.3816  0.3816  0.3816  0.3816
Q2JRG2           0.5526  0.5526  0.5329  0.5789  0.5724  0.5724  0.5724  0.5724  0.5461  0.5592  0.5395  0.5526  0.4934  0.4868  0.4868  0.4013  0.5461  0.3816  0.3618  0.3882  0.3816  0.3421  0.3816  0.4013  0.4211  0.3224  0.3421  0.3487  0.3487  0.3487  0.3618  0.4671  0.4342  0.3882  0.3684  0.3882  0.4145  0.3421  0.3421  0.4145  0.3487  0.4276  0.4605  0.4605  0.4539  0.3947  0.4342  0.4474  0.3026  0.3487  0.3750  0.0592  0.3158  0.3289  0.3421  0.3618  0.3618  0.3553
B1XNE8           0.5592  0.4868  0.5461  0.5658  0.5395  0.5658  0.5658  0.5724  0.5263  0.5395  0.5329  0.5263  0.4868  0.4803  0.4803  0.3816  0.5395  0.3618  0.3487  0.3684  0.3750  0.2961  0.3882  0.4013  0.3684  0.2434  0.2566  0.2303  0.2434  0.2500  0.2829  0.4474  0.4079  0.3750  0.4079  0.3684  0.4145  0.3092  0.3092  0.4211  0.2829  0.4276  0.4342  0.4342  0.4408  0.3618  0.4342  0.3750  0.2105  0.2039  0.4211  0.3092  0.2105  0.1908  0.2434  0.1974  0.1974  0.3816  0.3158
A3ISY6           0.5592  0.5329  0.5592  0.6184  0.5987  0.5855  0.5855  0.5921  0.5395  0.5789  0.5724  0.5789  0.5263  0.5329  0.5329  0.3947  0.5789  0.3882  0.4013  0.4145  0.4145  0.3684  0.4145  0.4211  0.4079  0.2961  0.3158  0.3224  0.3158  0.3289  0.3092  0.4408  0.4211  0.4276  0.4079  0.4408  0.4276  0.3684  0.3684  0.4342  0.3026  0.4408  0.4474  0.4539  0.4342  0.4408  0.4474  0.4145  0.2566  0.2632  0.4211  0.3618  0.2895  0.1908  0.3224  0.2105  0.2105  0.4145  0.3618  0.2500
Q4C455           0.5658  0.5197  0.5395  0.5789  0.5855  0.5724  0.5724  0.5987  0.5461  0.5724  0.5526  0.5395  0.4934  0.5000  0.5000  0.4013  0.5526  0.3947  0.3947  0.3947  0.4013  0.3158  0.4145  0.4211  0.4145  0.2829  0.3026  0.2961  0.3158  0.3158  0.3026  0.4539  0.4342  0.4276  0.4342  0.4539  0.4408  0.3553  0.3553  0.4474  0.3026  0.4539  0.4408  0.4474  0.4474  0.4145  0.4605  0.4079  0.2500  0.2434  0.4474  0.3487  0.2763  0.1842  0.3026  0.1908  0.1908  0.4013  0.3553  0.2171  0.1184
B4B042           0.5526  0.5329  0.5395  0.5855  0.5592  0.5526  0.5526  0.5789  0.5197  0.5592  0.5263  0.5329  0.4868  0.4934  0.5000  0.4145  0.5395  0.3684  0.3947  0.4079  0.4145  0.3224  0.3947  0.4342  0.4079  0.2566  0.2632  0.2763  0.2697  0.2829  0.2829  0.4605  0.4474  0.4145  0.4342  0.4342  0.4605  0.3553  0.3553  0.4605  0.2632  0.4671  0.4737  0.4803  0.4671  0.4211  0.4671  0.4145  0.2303  0.1776  0.4474  0.3487  0.2303  0.0921  0.2895  0.1645  0.1645  0.3882  0.3553  0.1974  0.2105  0.2105
B1WS35           0.5789  0.5132  0.5461  0.5921  0.5855  0.5592  0.5592  0.5789  0.5592  0.5724  0.5724  0.5592  0.5329  0.5395  0.5395  0.3947  0.5724  0.3882  0.4013  0.4079  0.4211  0.3553  0.4079  0.4013  0.3947  0.3026  0.3092  0.3158  0.3224  0.3224  0.3092  0.4408  0.4342  0.4145  0.4145  0.4408  0.4145  0.3421  0.3421  0.4211  0.2961  0.4276  0.4408  0.4474  0.4474  0.4211  0.4276  0.4145  0.2697  0.2500  0.4276  0.3553  0.2829  0.2237  0.3224  0.2171  0.2171  0.3882  0.3684  0.2500  0.0789  0.1118  0.1908
B0JPJ2           0.5724  0.5132  0.5526  0.5855  0.5724  0.5658  0.5658  0.5789  0.5329  0.5724  0.5263  0.5395  0.4934  0.5000  0.5000  0.3947  0.5066  0.3882  0.3882  0.4079  0.4079  0.3092  0.3947  0.4079  0.4079  0.2829  0.2697  0.2763  0.2763  0.2895  0.3092  0.4342  0.4539  0.4145  0.4211  0.4145  0.4474  0.3618  0.3618  0.4474  0.2829  0.4342  0.4539  0.4539  0.4671  0.4145  0.4539  0.4013  0.2500  0.2237  0.4342  0.3224  0.2500  0.2039  0.2697  0.1974  0.1974  0.3684  0.3421  0.2303  0.2434  0.2368  0.1776  0.2237


TREE #  1:  ((8, ((3, 12), (7, 6))), (((((((((((57, 56), ((61, 64), 62)), ((63, 54), 65)), 50), 60), (((49, 53), 55), ((((28, 30), 29), 26), 27))), ((22, 41), 31)), ((39, 38), ((((((24, 16), (20, 21)), (((36, 46), 25), (19, 18))), (((((33, 45), (((37, 40), 47), 42)), (43, 44)), (32, 48)), (35, 51))), 34), 23))), (59, 52)), 58), ((13, 14), 15)), ((((((11, 4), 1), 9), (10, 17)), 5), 2));   MP score: 1446
lnL(ntime:127  np:128):  -7241.900329      +0.000000
  66..67   67..8    67..68   68..69   69..3    69..12   68..70   70..7    70..6    66..71   71..72   72..73   73..74   74..75   75..76   76..77   77..78   78..79   79..80   80..81   81..57   81..56   80..82   82..83   83..61   83..64   82..62   79..84   84..85   85..63   85..54   84..65   78..50   77..60   76..86   86..87   87..88   88..49   88..53   87..55   86..89   89..90   90..91   91..92   92..28   92..30   91..29   90..26   89..27   75..93   93..94   94..22   94..41   93..31   74..95   95..96   96..39   96..38   95..97   97..98   98..99   99..100 100..101 101..102 102..24  102..16  101..103 103..20  103..21  100..104 104..105 105..106 106..36  106..46  105..25  104..107 107..19  107..18   99..108 108..109 109..110 110..111 111..112 112..33  112..45  111..113 113..114 114..115 115..37  115..40  114..47  113..42  110..116 116..43  116..44  109..117 117..32  117..48  108..118 118..35  118..51   98..34   97..23   73..119 119..59  119..52   72..58   71..120 120..121 121..13  121..14  120..15   66..122 122..123 123..124 124..125 125..126 126..127 127..11  127..4   126..1   125..9   124..128 128..10  128..17  123..5   122..2  
 0.350269 0.219342 0.165872 0.000004 0.084223 0.141487 0.085791 0.000004 0.000004 0.357879 0.405927 0.041012 0.012208 0.139502 0.039623 0.131415 0.032100 0.055789 0.081793 0.102319 0.000004 0.000004 0.149382 0.072662 0.053993 0.044393 0.039013 0.000004 0.041762 0.042489 0.070744 0.200405 0.186927 0.137458 0.018221 0.030881 0.049671 0.136118 0.121977 0.176134 0.102184 0.004149 0.067263 0.014953 0.007063 0.014792 0.069753 0.037173 0.080361 0.109498 0.025555 0.351353 0.140587 0.133864 0.005366 0.287261 0.000004 0.000004 0.201790 0.131843 0.125100 0.000004 0.217326 0.039398 0.148937 0.050189 0.122350 0.060959 0.039621 0.022303 0.121794 0.184950 0.046169 0.076035 0.047190 0.034002 0.143480 0.056342 0.000004 0.251820 0.031499 0.426416 0.038475 0.040950 0.064429 0.120378 0.000004 0.000004 0.007137 0.007201 0.028632 0.014472 0.192561 0.005781 0.017022 0.029815 0.401539 0.194172 0.192476 0.000004 0.036749 0.338158 0.343610 0.357714 0.030316 0.047105 0.479416 0.585814 0.000004 0.006963 0.000004 0.006926 0.019093 0.008181 0.028199 0.000004 0.198996 0.000004 0.577859 0.350805 0.495818 0.507224 0.195402 0.407035 0.534717 0.382741 0.296461 0.604727

tree length =  15.63988

((8: 0.219342, ((3: 0.084223, 12: 0.141487): 0.000004, (7: 0.000004, 6: 0.000004): 0.085791): 0.165872): 0.350269, (((((((((((57: 0.000004, 56: 0.000004): 0.102319, ((61: 0.053993, 64: 0.044393): 0.072662, 62: 0.039013): 0.149382): 0.081793, ((63: 0.042489, 54: 0.070744): 0.041762, 65: 0.200405): 0.000004): 0.055789, 50: 0.186927): 0.032100, 60: 0.137458): 0.131415, (((49: 0.136118, 53: 0.121977): 0.049671, 55: 0.176134): 0.030881, ((((28: 0.007063, 30: 0.014792): 0.014953, 29: 0.069753): 0.067263, 26: 0.037173): 0.004149, 27: 0.080361): 0.102184): 0.018221): 0.039623, ((22: 0.351353, 41: 0.140587): 0.025555, 31: 0.133864): 0.109498): 0.139502, ((39: 0.000004, 38: 0.000004): 0.287261, ((((((24: 0.148937, 16: 0.050189): 0.039398, (20: 0.060959, 21: 0.039621): 0.122350): 0.217326, (((36: 0.046169, 46: 0.076035): 0.184950, 25: 0.047190): 0.121794, (19: 0.143480, 18: 0.056342): 0.034002): 0.022303): 0.000004, (((((33: 0.040950, 45: 0.064429): 0.038475, (((37: 0.007137, 40: 0.007201): 0.000004, 47: 0.028632): 0.000004, 42: 0.014472): 0.120378): 0.426416, (43: 0.005781, 44: 0.017022): 0.192561): 0.031499, (32: 0.401539, 48: 0.194172): 0.029815): 0.251820, (35: 0.000004, 51: 0.036749): 0.192476): 0.000004): 0.125100, 34: 0.338158): 0.131843, 23: 0.343610): 0.201790): 0.005366): 0.012208, (59: 0.030316, 52: 0.047105): 0.357714): 0.041012, 58: 0.479416): 0.405927, ((13: 0.006963, 14: 0.000004): 0.000004, 15: 0.006926): 0.585814): 0.357879, ((((((11: 0.577859, 4: 0.350805): 0.000004, 1: 0.495818): 0.198996, 9: 0.507224): 0.000004, (10: 0.407035, 17: 0.534717): 0.195402): 0.028199, 5: 0.382741): 0.008181, 2: 0.296461): 0.019093);

((B9KG86: 0.219342, ((Q4HI62: 0.084223, Q4HNQ4: 0.141487): 0.000004, (A7H475: 0.000004, A8FLI0: 0.000004): 0.085791): 0.165872): 0.350269, (((((((((((B7JWQ3: 0.000004, C7QVS4: 0.000004): 0.102319, ((A3ISY6: 0.053993, B1WS35: 0.044393): 0.072662, Q4C455: 0.039013): 0.149382): 0.081793, ((B4B042: 0.042489, B7KEW8: 0.070744): 0.041762, B0JPJ2: 0.200405): 0.000004): 0.055789, Q55435: 0.186927): 0.032100, B1XNE8: 0.137458): 0.131415, (((A0YU81: 0.136118, B5W5M5: 0.121977): 0.049671, Q115H2: 0.176134): 0.030881, ((((Q8YN70: 0.007063, Q3MBP8: 0.014792): 0.014953, A0ZCW4: 0.069753): 0.067263, B2J6C6: 0.037173): 0.004149, B9YP58: 0.080361): 0.102184): 0.018221): 0.039623, ((Q8DJQ7: 0.351353, B8HPS4: 0.140587): 0.025555, B0CAI3: 0.133864): 0.109498): 0.139502, ((Q55235: 0.000004, Q5N092: 0.000004): 0.287261, ((((((Q7U6T8: 0.148937, Q3AJW3: 0.050189): 0.039398, (Q3AXV0: 0.060959, Q067B1: 0.039621): 0.122350): 0.217326, (((A4CUH9: 0.046169, A5GL79: 0.076035): 0.184950, Q0IAF3: 0.047190): 0.121794, (A3Z6S5: 0.143480, Q05SX7: 0.056342): 0.034002): 0.022303): 0.000004, (((((Q7V1I7: 0.040950, A2BWL2: 0.064429): 0.038475, (((A3PCX3: 0.007137, A2BR50: 0.007201): 0.000004, A8G4U2: 0.028632): 0.000004, Q31AW9: 0.014472): 0.120378): 0.426416, (Q46L10: 0.005781, A2C247: 0.017022): 0.192561): 0.031499, (Q7VBZ0: 0.401539, A9BAE9: 0.194172): 0.029815): 0.251820, (A2C9T2: 0.000004, Q7V7L9: 0.036749): 0.192476): 0.000004): 0.125100, A3YZL5: 0.338158): 0.131843, A5GT90: 0.343610): 0.201790): 0.005366): 0.012208, (Q2JRG2: 0.030316, Q2JJM6: 0.047105): 0.357714): 0.041012, Q7NMB9: 0.479416): 0.405927, ((B7N1T5: 0.006963, P0A6I6: 0.000004): 0.000004, B7LVJ5: 0.006926): 0.585814): 0.357879, ((((((Q30RH8: 0.577859, A6Q9Z7: 0.350805): 0.000004, A8ETF3: 0.495818): 0.198996, D1B2I6: 0.507224): 0.000004, (Q7M9X2: 0.407035, O26010: 0.534717): 0.195402): 0.028199, A6Q373: 0.382741): 0.008181, B9L9C2: 0.296461): 0.019093);

Detailed output identifying parameters

alpha (gamma, K = 4) =  0.60473
rate:   0.05408  0.31489  0.88371  2.74731
freq:   0.25000  0.25000  0.25000  0.25000

Time used: 16:49
