AAML (in paml version 4.6, August 2012)  180.aa
Model: Empirical for branches,  (../../../bin/LG.dat) dGamma (ncatG=4) ns =  65  ls = 268


Frequencies..
                                    A      R      N      D      C      Q      E      G      H      I      L      K      M      F      P      S      T      W      Y      V
A8ERI4                         0.07463 0.04104 0.03358 0.06343 0.00373 0.04104 0.08582 0.07090 0.01493 0.10448 0.11194 0.06716 0.02612 0.02985 0.03358 0.04851 0.06343 0.00373 0.02239 0.05970
D1B2M2                         0.07463 0.05970 0.01493 0.04478 0.01119 0.03358 0.11194 0.08209 0.01866 0.06716 0.11940 0.07836 0.04104 0.02612 0.02985 0.04104 0.04104 0.00373 0.00746 0.09328
Q30S90                         0.08955 0.05970 0.03358 0.06343 0.00373 0.03731 0.10075 0.07463 0.01119 0.10448 0.11194 0.05970 0.02239 0.01493 0.02612 0.05970 0.03731 0.00373 0.01119 0.07463
A6Q3S1                         0.06716 0.05224 0.03731 0.07090 0.01119 0.02612 0.08209 0.07836 0.01493 0.08209 0.13806 0.07836 0.02239 0.02612 0.03731 0.04478 0.04478 0.00373 0.01866 0.06343
B9KGA9                         0.08209 0.04478 0.03358 0.05597 0.00746 0.02985 0.08955 0.06716 0.01119 0.10075 0.13433 0.10821 0.01866 0.04104 0.02985 0.06343 0.02612 0.00373 0.01866 0.03358
Q4HHN9                         0.06716 0.04104 0.04104 0.05597 0.01119 0.04104 0.09328 0.07090 0.01119 0.08955 0.14552 0.08582 0.01866 0.04851 0.02985 0.06716 0.02985 0.00373 0.00373 0.04478
A8FKW8                         0.07090 0.04478 0.04851 0.05597 0.01119 0.03358 0.08955 0.07090 0.01119 0.08582 0.14925 0.08955 0.01866 0.04478 0.02985 0.06343 0.02612 0.00373 0.00373 0.04851
A7H4J7                         0.07090 0.04104 0.04478 0.05224 0.01119 0.03731 0.09328 0.07463 0.01119 0.08582 0.14925 0.08955 0.01866 0.04478 0.02985 0.05970 0.02985 0.00373 0.00373 0.04851
Q7M8L2                         0.08955 0.06716 0.01493 0.05597 0.01119 0.02612 0.10821 0.07836 0.00746 0.06343 0.13806 0.07090 0.02985 0.01866 0.02612 0.04851 0.05224 0.00746 0.01493 0.07090
Q4HT06                         0.06343 0.05597 0.04104 0.05597 0.00746 0.03731 0.08209 0.08209 0.01493 0.08209 0.16418 0.06716 0.01119 0.03731 0.03358 0.05970 0.04104 0.00373 0.00746 0.05224
A6Q7Y4                         0.07836 0.05597 0.02612 0.06716 0.01119 0.02612 0.07836 0.06343 0.02985 0.08582 0.11940 0.06343 0.02612 0.02239 0.04478 0.04104 0.05970 0.00373 0.02985 0.06716
B7N295                         0.10821 0.08955 0.02239 0.05597 0.01493 0.03358 0.07836 0.09328 0.01493 0.06343 0.13433 0.03358 0.01866 0.01119 0.04104 0.04851 0.03731 0.00746 0.01493 0.07836
P06983                         0.10448 0.08955 0.02612 0.05597 0.01493 0.03358 0.08209 0.09328 0.01493 0.06343 0.13433 0.02985 0.01866 0.01119 0.04104 0.05224 0.03358 0.00746 0.01493 0.07836
B9L8M3                         0.09328 0.03358 0.02612 0.07836 0.00746 0.02239 0.07463 0.06343 0.02239 0.08955 0.10448 0.10075 0.02239 0.04478 0.02985 0.02985 0.05224 0.01119 0.01493 0.07836
B7LU53                         0.10075 0.08955 0.02239 0.05224 0.01493 0.02985 0.08582 0.09701 0.01119 0.05597 0.13433 0.03731 0.02239 0.01119 0.04478 0.04851 0.04104 0.00746 0.01493 0.07836
P56140                         0.05970 0.04851 0.02239 0.05597 0.02239 0.04478 0.08955 0.08209 0.01866 0.06716 0.13806 0.11567 0.02239 0.04104 0.02612 0.03731 0.04478 0.00373 0.00373 0.05597
B7KAK5                         0.05970 0.05970 0.01493 0.07836 0.01493 0.05224 0.06716 0.08955 0.02612 0.05970 0.13806 0.06343 0.01866 0.01866 0.02985 0.03731 0.07836 0.00373 0.01493 0.07463
A2BPX7                         0.07090 0.04478 0.04104 0.06343 0.02985 0.04478 0.08582 0.08209 0.01866 0.08582 0.13806 0.08955 0.01119 0.01866 0.02985 0.03358 0.03358 0.00373 0.01119 0.06343
B0JSD2                         0.07463 0.06716 0.02239 0.06716 0.01493 0.03731 0.07463 0.09328 0.03731 0.04851 0.14179 0.04478 0.01119 0.01493 0.03358 0.04478 0.04851 0.00373 0.02239 0.09701
A3PBM0                         0.07090 0.04851 0.04851 0.05970 0.02612 0.04104 0.08582 0.08209 0.02239 0.09701 0.13806 0.08582 0.01119 0.01866 0.02985 0.03358 0.03731 0.00373 0.00746 0.05224
Q0I8I3                         0.10075 0.05597 0.02985 0.05224 0.01866 0.04478 0.07836 0.09328 0.02612 0.06343 0.14179 0.04478 0.01866 0.01493 0.03731 0.04104 0.04851 0.00373 0.01493 0.07090
Q4BZM7                         0.05970 0.06343 0.02985 0.07090 0.01493 0.06343 0.07090 0.07836 0.02985 0.05970 0.14179 0.04851 0.01866 0.01866 0.02985 0.04104 0.07090 0.00373 0.01493 0.07090
Q46GS7                         0.06716 0.05970 0.02985 0.06343 0.01866 0.04104 0.08582 0.08209 0.02985 0.08209 0.15299 0.05970 0.01119 0.01493 0.02239 0.05224 0.04478 0.00373 0.01119 0.06716
A3ISR5                         0.06716 0.05970 0.03358 0.07836 0.01493 0.06343 0.07090 0.07463 0.02985 0.05597 0.14179 0.05597 0.02239 0.02239 0.02985 0.03358 0.06343 0.00373 0.01493 0.06343
Q05RQ3                         0.11194 0.05224 0.01866 0.05970 0.01866 0.03731 0.07836 0.09328 0.02612 0.06343 0.14552 0.05224 0.01493 0.01493 0.02985 0.03731 0.06343 0.00373 0.01119 0.06716
A2BVF7                         0.06343 0.03731 0.03358 0.05597 0.02239 0.04104 0.08955 0.08209 0.01119 0.09328 0.13060 0.10448 0.01119 0.02239 0.02612 0.07090 0.02612 0.00373 0.01493 0.05970
A8G3L1                         0.07090 0.04851 0.04851 0.06343 0.01866 0.04104 0.07090 0.08582 0.01866 0.08955 0.14179 0.08209 0.01119 0.01866 0.02985 0.03731 0.03731 0.00373 0.01493 0.06716
Q31C38                         0.07463 0.04478 0.03358 0.06343 0.02239 0.05224 0.07836 0.08209 0.01493 0.08582 0.13806 0.08582 0.01119 0.01866 0.02985 0.04851 0.03731 0.00373 0.01493 0.05970
A2C0V4                         0.07463 0.05970 0.02985 0.05970 0.01866 0.04104 0.08955 0.08209 0.02985 0.08209 0.15299 0.05597 0.01119 0.01493 0.02239 0.05224 0.04478 0.00373 0.01119 0.06343
B1WTL1                         0.07090 0.05970 0.03358 0.07090 0.01493 0.06343 0.07463 0.07463 0.02985 0.05970 0.14552 0.05224 0.01866 0.01866 0.02612 0.03358 0.06716 0.00373 0.01493 0.06716
Q7V2I1                         0.06343 0.04478 0.02985 0.05970 0.01866 0.04104 0.08582 0.08209 0.01866 0.09701 0.13060 0.08955 0.01119 0.02239 0.02985 0.06343 0.02985 0.00373 0.01119 0.06716
A3Z5M2                         0.10821 0.06343 0.02239 0.05970 0.01866 0.03358 0.08582 0.08582 0.03358 0.06343 0.14925 0.04851 0.01493 0.01493 0.03358 0.02985 0.04851 0.00373 0.00746 0.07463
A0YIV1                         0.06716 0.05970 0.03731 0.05970 0.01493 0.04478 0.08582 0.08955 0.04851 0.06343 0.14179 0.05224 0.01866 0.01866 0.02612 0.02985 0.06343 0.00373 0.00746 0.06716
Q7U5C2                         0.09328 0.05597 0.02985 0.05597 0.01866 0.02985 0.08955 0.09328 0.02985 0.07090 0.14179 0.05224 0.01493 0.01493 0.02985 0.04478 0.05597 0.00373 0.00746 0.06716
B8HND9                         0.08209 0.06716 0.01866 0.05597 0.01493 0.07090 0.07463 0.08582 0.03358 0.04851 0.15299 0.03731 0.01493 0.02612 0.03358 0.03731 0.07090 0.00746 0.01119 0.05597
B4B3Y3                         0.06716 0.05970 0.01866 0.08209 0.01493 0.05597 0.05970 0.09328 0.03358 0.06343 0.13806 0.05224 0.01866 0.01866 0.02239 0.04478 0.06343 0.00373 0.01119 0.07836
P73660                         0.08209 0.06716 0.03358 0.08209 0.01493 0.05597 0.06716 0.08209 0.02239 0.04478 0.16791 0.05597 0.01866 0.01866 0.02612 0.03731 0.05224 0.00373 0.01119 0.05597
Q8DIE4                         0.09328 0.06716 0.01493 0.06343 0.01119 0.04851 0.06343 0.09328 0.02612 0.04104 0.17164 0.03358 0.00746 0.01866 0.02612 0.02985 0.09701 0.00373 0.01493 0.07463
Q7VD89                         0.07090 0.04478 0.02985 0.05224 0.01866 0.04478 0.08582 0.09328 0.02612 0.08955 0.14552 0.06716 0.01866 0.01493 0.02612 0.05224 0.04851 0.00373 0.01119 0.05597
A4CRY6                         0.10448 0.06716 0.01866 0.05597 0.01866 0.04104 0.07836 0.09701 0.03358 0.07090 0.14552 0.03731 0.01866 0.01866 0.03358 0.04104 0.04478 0.00373 0.00373 0.06716
A9BEB6                         0.07090 0.04851 0.02612 0.05597 0.01866 0.04478 0.08582 0.09328 0.03358 0.07836 0.15299 0.07090 0.01493 0.01493 0.03358 0.05224 0.04104 0.00373 0.00746 0.05224
A5GJC0                         0.10448 0.06716 0.01866 0.05224 0.01866 0.04104 0.08209 0.09701 0.03358 0.07090 0.14552 0.04104 0.01493 0.01866 0.03358 0.03731 0.04851 0.00373 0.00373 0.06716
Q10VY0                         0.08209 0.04851 0.04104 0.04851 0.01493 0.05224 0.08582 0.08582 0.03358 0.06716 0.16045 0.06343 0.01119 0.02239 0.02239 0.02985 0.06343 0.00373 0.01493 0.04851
Q3AWQ4                         0.09701 0.05597 0.01866 0.05970 0.01866 0.03731 0.07836 0.09701 0.02985 0.06343 0.14925 0.04851 0.01866 0.01866 0.03731 0.04104 0.05597 0.00373 0.00746 0.06343
B1XNS5                         0.07090 0.07463 0.01866 0.07463 0.01493 0.04851 0.08582 0.09328 0.02612 0.06343 0.13806 0.04478 0.01493 0.02612 0.02239 0.04478 0.05597 0.00373 0.01119 0.06716
A2C7L8                         0.10075 0.06343 0.02612 0.05224 0.02239 0.04851 0.08955 0.08955 0.02985 0.06716 0.15299 0.04478 0.01493 0.01119 0.03358 0.02985 0.04478 0.00373 0.00746 0.06716
B0C8A9                         0.07090 0.05224 0.02612 0.05224 0.01866 0.05224 0.08209 0.09328 0.03731 0.05970 0.13806 0.05224 0.01493 0.02239 0.02985 0.04478 0.05597 0.00373 0.01866 0.07463
A0ZFQ3                         0.08955 0.05597 0.03731 0.06716 0.01119 0.04104 0.06716 0.08209 0.02612 0.07463 0.13806 0.06343 0.01119 0.02612 0.02239 0.04478 0.06343 0.00373 0.00746 0.06716
A5GSE0                         0.09701 0.07463 0.02239 0.06343 0.01866 0.04104 0.08209 0.08955 0.02612 0.05597 0.16791 0.03731 0.01866 0.01866 0.02985 0.03358 0.05224 0.00373 0.00746 0.05970
Q05YJ9                         0.09701 0.05597 0.01866 0.05970 0.01866 0.03358 0.07463 0.09701 0.02985 0.06716 0.14925 0.05224 0.01866 0.01866 0.03731 0.04104 0.05970 0.00373 0.00746 0.05970
Q3M3R5                         0.09328 0.05970 0.04104 0.06716 0.01119 0.04851 0.07463 0.08955 0.02612 0.07090 0.13806 0.04104 0.01119 0.02239 0.02612 0.04104 0.05597 0.00373 0.00746 0.07090
Q7V697                         0.10448 0.06343 0.02612 0.05224 0.02239 0.04851 0.08955 0.08955 0.02985 0.06343 0.15299 0.04478 0.01493 0.01119 0.03358 0.02985 0.04478 0.00373 0.00746 0.06716
Q8YVU6                         0.09328 0.05970 0.04851 0.05970 0.01119 0.04478 0.07836 0.08955 0.02612 0.07090 0.13806 0.04104 0.01119 0.02239 0.02612 0.04104 0.05597 0.00373 0.00746 0.07090
Q31PM2                         0.10075 0.06343 0.01119 0.06343 0.01493 0.06343 0.07090 0.08582 0.03731 0.04478 0.16791 0.03358 0.01493 0.01866 0.03731 0.03731 0.05970 0.00373 0.00746 0.06343
Q2JKN8                         0.09328 0.08209 0.01493 0.05597 0.01119 0.04104 0.07090 0.10448 0.02985 0.04478 0.17537 0.03731 0.01119 0.01493 0.03358 0.04104 0.05597 0.00373 0.01119 0.06716
B5W421                         0.07090 0.05970 0.02239 0.06716 0.01493 0.05597 0.07463 0.08582 0.04104 0.04851 0.13806 0.05970 0.02612 0.02239 0.02612 0.02985 0.06716 0.00373 0.00746 0.07836
A3YZH7                         0.08955 0.08209 0.01119 0.07090 0.02239 0.04478 0.07463 0.09328 0.02985 0.05597 0.16045 0.02985 0.01493 0.02239 0.03358 0.04851 0.04478 0.00373 0.00373 0.06343
B2J470                         0.08955 0.05224 0.02985 0.05597 0.01119 0.04478 0.08209 0.08209 0.03358 0.07090 0.14552 0.04851 0.01119 0.02612 0.02612 0.04478 0.07463 0.00373 0.00746 0.05970
B7JYW7                         0.06716 0.06716 0.02612 0.07090 0.01493 0.05970 0.08209 0.07836 0.03358 0.04851 0.14925 0.04478 0.01493 0.01866 0.02985 0.03358 0.06716 0.00373 0.01119 0.07836
C7QWZ0                         0.06716 0.06716 0.02612 0.07090 0.01493 0.05970 0.08209 0.07836 0.03358 0.04851 0.14925 0.04478 0.01493 0.01866 0.02985 0.03358 0.06716 0.00373 0.01119 0.07836
B9YUY7                         0.08582 0.05970 0.02239 0.06716 0.01119 0.05597 0.06716 0.07463 0.02239 0.07463 0.13806 0.06343 0.01119 0.02612 0.02239 0.04478 0.07090 0.00373 0.01119 0.06716
Q3ALS9                         0.09701 0.05597 0.02239 0.05597 0.01866 0.04104 0.08582 0.08955 0.02612 0.06716 0.14552 0.05224 0.01493 0.01866 0.02985 0.04104 0.05597 0.00373 0.01119 0.06716
Q2JXL5                         0.09701 0.07463 0.01493 0.04851 0.01119 0.05597 0.07090 0.10075 0.02985 0.04478 0.17910 0.03358 0.01119 0.01493 0.03358 0.04478 0.05597 0.00373 0.01493 0.05970
Q5N4K4                         0.10075 0.06343 0.01119 0.06343 0.01493 0.06343 0.07090 0.08582 0.03731 0.04478 0.16791 0.03358 0.01866 0.01866 0.03731 0.03731 0.05970 0.00373 0.00746 0.05970
Q7NGF7                         0.10448 0.10448 0.01493 0.07463 0.01493 0.02985 0.07463 0.08955 0.02239 0.05597 0.14179 0.03731 0.01866 0.01119 0.03731 0.04104 0.04478 0.00746 0.01119 0.06343

Homogeneity statistic: X2 = 3.17882 G = 3.11420 

Average                        0.08307 0.05976 0.02750 0.06160 0.01544 0.04403 0.08100 0.08536 0.02555 0.06912 0.14432 0.05832 0.01676 0.02147 0.03065 0.04323 0.05166 0.00419 0.01119 0.06579

# constant sites:     45 (16.79%)
ln Lmax (unconstrained) = -1438.677530

AA distances (raw proportions of different sites)

A8ERI4         
D1B2M2           0.3918
Q30S90           0.4328  0.3918
A6Q3S1           0.4216  0.3470  0.3806
B9KGA9           0.4291  0.4328  0.4590  0.4254
Q4HHN9           0.4515  0.4216  0.4552  0.4216  0.2612
A8FKW8           0.4590  0.4291  0.4478  0.4142  0.2687  0.0485
A7H4J7           0.4552  0.4254  0.4440  0.4142  0.2687  0.0560  0.0149
Q7M8L2           0.4701  0.3694  0.4254  0.4142  0.4739  0.4590  0.4627  0.4664
Q4HT06           0.4664  0.4328  0.4478  0.4291  0.3284  0.2836  0.2836  0.2724  0.4552
A6Q7Y4           0.4963  0.4701  0.5000  0.4552  0.5187  0.5224  0.5299  0.5299  0.4813  0.5448
B7N295           0.5075  0.4813  0.5149  0.5075  0.4925  0.5112  0.5149  0.5112  0.5037  0.5037  0.5485
P06983           0.5112  0.4888  0.5149  0.5112  0.4963  0.5112  0.5149  0.5112  0.4963  0.5037  0.5485  0.0112
B9L8M3           0.4851  0.4888  0.4701  0.4515  0.5000  0.5299  0.5373  0.5373  0.5224  0.5410  0.5373  0.5522  0.5485
B7LU53           0.5112  0.4776  0.5075  0.5075  0.5075  0.5187  0.5187  0.5149  0.4925  0.5075  0.5485  0.0560  0.0522  0.5485
P56140           0.4963  0.5000  0.4851  0.4627  0.5000  0.5075  0.4963  0.4925  0.4403  0.5224  0.5485  0.5373  0.5410  0.5224  0.5336
B7KAK5           0.5075  0.5224  0.5299  0.5261  0.5746  0.5746  0.5634  0.5597  0.5299  0.5634  0.5560  0.5037  0.5000  0.5970  0.5000  0.5746
A2BPX7           0.5224  0.4851  0.5224  0.5112  0.5410  0.5746  0.5672  0.5634  0.5261  0.5597  0.5970  0.4888  0.4925  0.5709  0.4888  0.5821  0.3321
B0JSD2           0.5149  0.5075  0.5299  0.5149  0.5784  0.5821  0.5858  0.5821  0.5224  0.5672  0.5858  0.5000  0.4963  0.6007  0.5037  0.5896  0.1866  0.3172
A3PBM0           0.5187  0.5000  0.5149  0.5112  0.5448  0.5746  0.5672  0.5634  0.5187  0.5672  0.5970  0.4813  0.4851  0.5784  0.4888  0.5896  0.3284  0.0410  0.3172
Q0I8I3           0.5448  0.5112  0.5410  0.5336  0.5896  0.6119  0.6007  0.6007  0.5187  0.5784  0.5709  0.4813  0.4776  0.5784  0.4776  0.6007  0.2948  0.2388  0.2687  0.2351
Q4BZM7           0.5448  0.5522  0.5634  0.5299  0.5858  0.5746  0.5821  0.5784  0.5448  0.5709  0.5784  0.5075  0.5037  0.6082  0.5075  0.6007  0.1754  0.3396  0.1978  0.3396  0.3134
Q46GS7           0.5336  0.5299  0.5261  0.5261  0.5858  0.5933  0.5933  0.5896  0.5672  0.5821  0.5970  0.4851  0.4888  0.5896  0.4925  0.5896  0.3060  0.2500  0.3060  0.2351  0.2313  0.3097
A3ISR5           0.5410  0.5597  0.5522  0.5299  0.5821  0.5858  0.5896  0.5858  0.5448  0.5746  0.5821  0.5000  0.4963  0.6045  0.4888  0.5970  0.1567  0.3284  0.1978  0.3284  0.3172  0.0634  0.2985
Q05RQ3           0.5373  0.4963  0.5149  0.5261  0.5896  0.6082  0.5970  0.5933  0.5224  0.5746  0.5821  0.4813  0.4776  0.5821  0.4776  0.5970  0.2612  0.2313  0.2612  0.2239  0.1231  0.2910  0.2127  0.2910
A2BVF7           0.5299  0.4851  0.5075  0.4963  0.5485  0.5672  0.5709  0.5672  0.5299  0.5560  0.6082  0.4888  0.4925  0.5746  0.4963  0.5634  0.3284  0.1567  0.3396  0.1567  0.2575  0.3545  0.2612  0.3545  0.2575
A8G3L1           0.5261  0.5000  0.5299  0.5149  0.5522  0.5784  0.5746  0.5709  0.5187  0.5634  0.5896  0.4813  0.4851  0.5746  0.4888  0.5896  0.3209  0.0784  0.3134  0.0634  0.2388  0.3284  0.2388  0.3246  0.2313  0.1679
Q31C38           0.5224  0.4888  0.5187  0.5112  0.5448  0.5784  0.5746  0.5709  0.5261  0.5597  0.6045  0.4813  0.4851  0.5709  0.4925  0.5821  0.3172  0.0522  0.3172  0.0560  0.2313  0.3321  0.2575  0.3246  0.2201  0.1418  0.0709
A2C0V4           0.5410  0.5224  0.5261  0.5261  0.5896  0.5970  0.5970  0.5933  0.5560  0.5821  0.5858  0.4925  0.4888  0.5933  0.4888  0.5970  0.3060  0.2537  0.2985  0.2388  0.2164  0.3022  0.0149  0.2985  0.1978  0.2687  0.2425  0.2612
B1WTL1           0.5485  0.5522  0.5634  0.5261  0.5784  0.5821  0.5858  0.5821  0.5410  0.5672  0.5784  0.5037  0.5000  0.6119  0.5000  0.6007  0.1679  0.3358  0.1828  0.3358  0.3022  0.0597  0.2985  0.0448  0.2799  0.3619  0.3284  0.3321  0.2910
Q7V2I1           0.5224  0.4888  0.5000  0.4963  0.5560  0.5672  0.5746  0.5709  0.5261  0.5560  0.6119  0.4925  0.4963  0.5746  0.4963  0.5560  0.3246  0.1455  0.3321  0.1455  0.2463  0.3470  0.2500  0.3470  0.2537  0.0672  0.1604  0.1381  0.2575  0.3582
A3Z5M2           0.5336  0.5149  0.5373  0.5224  0.5784  0.5970  0.5933  0.5970  0.5224  0.5858  0.5821  0.4813  0.4776  0.5784  0.4813  0.6007  0.2836  0.2425  0.2724  0.2313  0.1530  0.2910  0.1978  0.2799  0.1194  0.2836  0.2351  0.2351  0.1866  0.2799  0.2761
A0YIV1           0.5485  0.5112  0.5634  0.5336  0.5858  0.5597  0.5634  0.5634  0.5373  0.5560  0.5784  0.4963  0.4925  0.6082  0.4888  0.5933  0.2052  0.3172  0.2201  0.3246  0.3060  0.2090  0.3060  0.2201  0.2799  0.3433  0.3060  0.3097  0.2985  0.2127  0.3321  0.2724
Q7U5C2           0.5336  0.5037  0.5187  0.5261  0.5858  0.5970  0.5970  0.6007  0.5261  0.5746  0.5784  0.4888  0.4851  0.5709  0.4813  0.6082  0.2948  0.2239  0.2612  0.2127  0.1418  0.2836  0.1866  0.2873  0.1194  0.2575  0.2239  0.2164  0.1754  0.2687  0.2500  0.1269  0.2649
B8HND9           0.5522  0.5410  0.5560  0.5299  0.6082  0.6045  0.5970  0.5933  0.5373  0.5784  0.5933  0.4851  0.4813  0.6045  0.4888  0.5933  0.1903  0.3172  0.2388  0.3172  0.3060  0.2351  0.3172  0.2090  0.2761  0.3507  0.3172  0.3134  0.3172  0.2201  0.3433  0.2761  0.2425  0.2873
B4B3Y3           0.5410  0.5373  0.5410  0.5336  0.5933  0.5896  0.5821  0.5784  0.5299  0.5709  0.5709  0.5075  0.5037  0.6157  0.5037  0.5821  0.1194  0.3396  0.1754  0.3358  0.3172  0.1828  0.3209  0.1567  0.2799  0.3507  0.3321  0.3209  0.3172  0.1567  0.3507  0.2873  0.2276  0.2910  0.1940
P73660           0.5448  0.5336  0.5672  0.5410  0.5896  0.5597  0.5485  0.5448  0.5336  0.5560  0.5858  0.5299  0.5336  0.6231  0.5299  0.5784  0.2127  0.3545  0.2201  0.3545  0.3209  0.2127  0.3172  0.2164  0.3060  0.3433  0.3582  0.3545  0.3209  0.2015  0.3396  0.3209  0.2687  0.3134  0.2500  0.2164
Q8DIE4           0.5597  0.5410  0.5485  0.5224  0.5709  0.5821  0.5821  0.5784  0.5485  0.5784  0.5784  0.5000  0.5037  0.6082  0.4963  0.6157  0.2687  0.3545  0.2836  0.3619  0.3396  0.2873  0.3358  0.2724  0.3209  0.4030  0.3657  0.3657  0.3321  0.2724  0.3993  0.3209  0.3022  0.3246  0.2351  0.2948  0.2985
Q7VD89           0.5410  0.5037  0.5261  0.5224  0.5746  0.6007  0.5970  0.5933  0.5448  0.5784  0.5858  0.4813  0.4851  0.5970  0.4776  0.5709  0.3022  0.2351  0.2948  0.2276  0.2052  0.3022  0.2090  0.2910  0.1791  0.2351  0.2276  0.2351  0.2052  0.2873  0.2351  0.2015  0.2948  0.1642  0.3172  0.3097  0.3097  0.3582
A4CRY6           0.5410  0.5187  0.5261  0.5224  0.5858  0.6157  0.6082  0.6082  0.5299  0.5821  0.5784  0.4888  0.4851  0.5896  0.4813  0.6082  0.2910  0.2388  0.2836  0.2276  0.1269  0.3209  0.2201  0.3097  0.1343  0.2687  0.2351  0.2351  0.2052  0.3022  0.2575  0.1082  0.2836  0.1306  0.2836  0.3022  0.3321  0.3396  0.1791
A9BEB6           0.5261  0.5299  0.5224  0.5149  0.5896  0.5896  0.5858  0.5858  0.5485  0.5746  0.5896  0.5075  0.5037  0.5784  0.4963  0.5858  0.2910  0.2425  0.2873  0.2351  0.2201  0.3060  0.2425  0.2910  0.1978  0.2575  0.2351  0.2425  0.2313  0.2985  0.2463  0.2090  0.2948  0.1940  0.3097  0.2985  0.3396  0.3507  0.1604  0.1978
A5GJC0           0.5448  0.5112  0.5224  0.5261  0.5821  0.6157  0.6082  0.6082  0.5261  0.5784  0.5784  0.4851  0.4813  0.5858  0.4776  0.6045  0.2910  0.2313  0.2836  0.2239  0.1157  0.3209  0.2164  0.3097  0.1269  0.2612  0.2313  0.2276  0.2015  0.3022  0.2500  0.1082  0.2836  0.1231  0.2799  0.2985  0.3246  0.3358  0.1791  0.0187  0.2015
Q10VY0           0.5373  0.5299  0.5597  0.5410  0.5784  0.5858  0.5746  0.5709  0.5299  0.5560  0.5821  0.4963  0.4925  0.6119  0.4963  0.5933  0.2127  0.3246  0.2351  0.3209  0.3134  0.2388  0.3246  0.2276  0.2873  0.3470  0.3172  0.3172  0.3172  0.2239  0.3545  0.2873  0.1978  0.2799  0.1940  0.2127  0.2649  0.2724  0.3022  0.3060  0.2836  0.3060
Q3AWQ4           0.5373  0.5075  0.5224  0.5187  0.5933  0.6007  0.6007  0.6007  0.5187  0.5896  0.5672  0.5037  0.5000  0.5746  0.4925  0.5933  0.2948  0.2500  0.2910  0.2425  0.1604  0.3060  0.2276  0.3097  0.1493  0.2948  0.2425  0.2388  0.2164  0.3060  0.2799  0.1493  0.2687  0.1306  0.2873  0.3060  0.3060  0.3396  0.1903  0.1679  0.2090  0.1604  0.2873
B1XNS5           0.5336  0.5224  0.5448  0.5485  0.6045  0.5858  0.5784  0.5746  0.5299  0.5634  0.5746  0.5149  0.5112  0.6231  0.5000  0.5821  0.2388  0.3433  0.2500  0.3396  0.2948  0.2313  0.3097  0.2313  0.2649  0.3433  0.3396  0.3358  0.2985  0.2127  0.3470  0.2948  0.2425  0.2724  0.2649  0.2425  0.2313  0.3209  0.2948  0.2873  0.3209  0.2836  0.2463  0.3097
A2C7L8           0.5448  0.5261  0.5410  0.5224  0.5933  0.6082  0.6082  0.6082  0.5261  0.5970  0.5933  0.4813  0.4776  0.5858  0.4813  0.6119  0.2985  0.2276  0.2575  0.2201  0.1642  0.2985  0.2276  0.2761  0.1455  0.2724  0.2276  0.2276  0.2164  0.2799  0.2649  0.1194  0.2724  0.1493  0.2799  0.2910  0.3246  0.3358  0.1791  0.1530  0.1716  0.1455  0.2948  0.1679  0.3209
B0C8A9           0.5560  0.5224  0.5485  0.5149  0.6007  0.5709  0.5746  0.5709  0.5410  0.5746  0.5784  0.5075  0.5037  0.6343  0.5075  0.5896  0.2351  0.3507  0.2239  0.3507  0.3209  0.2724  0.3321  0.2649  0.3022  0.3582  0.3433  0.3396  0.3246  0.2649  0.3507  0.3284  0.2201  0.3134  0.2724  0.2612  0.2799  0.2836  0.3209  0.3470  0.3358  0.3433  0.2575  0.3172  0.2575  0.3097
A0ZFQ3           0.5709  0.5485  0.5485  0.5634  0.5896  0.5970  0.5933  0.5896  0.5410  0.5709  0.5970  0.5037  0.5000  0.6157  0.5000  0.6007  0.2351  0.3545  0.2836  0.3507  0.3545  0.2649  0.3507  0.2500  0.3209  0.3619  0.3433  0.3396  0.3470  0.2575  0.3582  0.3396  0.2612  0.3284  0.2201  0.2351  0.2687  0.2799  0.3321  0.3358  0.3321  0.3321  0.2201  0.3358  0.2724  0.3507  0.3022
A5GSE0           0.5597  0.5187  0.5448  0.5336  0.5858  0.5821  0.5784  0.5784  0.5149  0.5634  0.5784  0.4739  0.4739  0.5784  0.4701  0.5896  0.2985  0.2836  0.2873  0.2724  0.2052  0.2985  0.2500  0.2985  0.2164  0.3022  0.2687  0.2687  0.2388  0.2985  0.2910  0.1866  0.2910  0.2127  0.3060  0.3060  0.2985  0.3358  0.2276  0.2127  0.2500  0.2127  0.3097  0.1828  0.3209  0.2052  0.3284  0.3284
Q05YJ9           0.5410  0.5037  0.5261  0.5187  0.5896  0.6007  0.6007  0.6007  0.5224  0.5821  0.5746  0.5075  0.5037  0.5821  0.4963  0.5970  0.2948  0.2649  0.2910  0.2575  0.1642  0.3022  0.2239  0.3060  0.1567  0.2873  0.2575  0.2537  0.2127  0.3022  0.2799  0.1642  0.2724  0.1381  0.2910  0.3022  0.3022  0.3433  0.1866  0.1679  0.2090  0.1604  0.2910  0.0224  0.3097  0.1716  0.3134  0.3396  0.1903
Q3M3R5           0.5634  0.5560  0.5373  0.5522  0.5970  0.5858  0.5784  0.5746  0.5522  0.5896  0.5970  0.5037  0.5037  0.6306  0.4925  0.6045  0.2537  0.3694  0.2724  0.3694  0.3582  0.2761  0.3284  0.2649  0.3172  0.3731  0.3694  0.3694  0.3209  0.2724  0.3731  0.3396  0.2612  0.3246  0.2500  0.2575  0.3022  0.2724  0.3321  0.3284  0.3097  0.3284  0.2463  0.3396  0.2873  0.3321  0.2948  0.1493  0.3172  0.3358
Q7V697           0.5448  0.5261  0.5410  0.5261  0.5933  0.6082  0.6082  0.6082  0.5261  0.5970  0.5933  0.4813  0.4776  0.5821  0.4813  0.6119  0.2985  0.2239  0.2612  0.2164  0.1604  0.2985  0.2276  0.2761  0.1418  0.2761  0.2239  0.2239  0.2164  0.2799  0.2612  0.1157  0.2724  0.1455  0.2799  0.2910  0.3246  0.3358  0.1828  0.1493  0.1754  0.1418  0.2948  0.1642  0.3209  0.0075  0.3097  0.3507  0.2015  0.1754  0.3321
Q8YVU6           0.5634  0.5560  0.5448  0.5448  0.6082  0.5896  0.5821  0.5784  0.5522  0.5821  0.6082  0.5000  0.5000  0.6269  0.4963  0.6119  0.2612  0.3806  0.2687  0.3657  0.3619  0.2724  0.3284  0.2612  0.3172  0.3731  0.3657  0.3657  0.3209  0.2687  0.3657  0.3321  0.2687  0.3246  0.2500  0.2575  0.3060  0.2836  0.3321  0.3284  0.3060  0.3284  0.2425  0.3470  0.2836  0.3246  0.2985  0.1493  0.3209  0.3433  0.0261  0.3284
Q31PM2           0.5410  0.5336  0.5373  0.5485  0.5933  0.5970  0.5896  0.5858  0.5336  0.5746  0.5858  0.5075  0.5037  0.6269  0.5000  0.6231  0.2351  0.3209  0.2313  0.3134  0.2799  0.2313  0.2799  0.2239  0.2649  0.3694  0.3134  0.3209  0.2724  0.2276  0.3619  0.2612  0.2351  0.2724  0.2463  0.2351  0.2687  0.2687  0.2985  0.2649  0.2761  0.2649  0.2425  0.2612  0.2649  0.2537  0.2575  0.2649  0.3022  0.2649  0.2612  0.2537  0.2687
Q2JKN8           0.5560  0.5448  0.5672  0.5336  0.5784  0.5970  0.5858  0.5821  0.5560  0.5672  0.6045  0.5000  0.5000  0.6157  0.4888  0.6157  0.3209  0.3507  0.3507  0.3545  0.3321  0.3507  0.3769  0.3619  0.3396  0.3881  0.3694  0.3545  0.3731  0.3582  0.3843  0.3470  0.3284  0.3358  0.3284  0.3545  0.3694  0.2948  0.3433  0.3358  0.3657  0.3358  0.3433  0.3582  0.3470  0.3582  0.3433  0.3582  0.3657  0.3582  0.3433  0.3582  0.3507  0.2948
B5W421           0.5634  0.5261  0.5522  0.5299  0.5933  0.5858  0.5821  0.5821  0.5373  0.5784  0.5709  0.4925  0.4888  0.6045  0.4888  0.5821  0.2201  0.3358  0.2276  0.3321  0.3097  0.2313  0.3321  0.2388  0.2799  0.3507  0.3321  0.3246  0.3246  0.2313  0.3358  0.2910  0.1530  0.2836  0.2351  0.2127  0.2687  0.3060  0.3060  0.3060  0.2873  0.3060  0.2090  0.2873  0.2500  0.2799  0.2239  0.2463  0.3097  0.2873  0.2500  0.2836  0.2537  0.2463  0.3246
A3YZH7           0.5522  0.5299  0.5634  0.5522  0.5858  0.6007  0.5933  0.6007  0.5336  0.5896  0.5933  0.4664  0.4590  0.6045  0.4664  0.6194  0.3172  0.2649  0.3172  0.2575  0.2090  0.3172  0.2500  0.3246  0.2164  0.3022  0.2649  0.2575  0.2463  0.3209  0.2873  0.1978  0.2910  0.2015  0.2948  0.3209  0.3097  0.3396  0.2388  0.1866  0.2612  0.1866  0.3172  0.1940  0.3134  0.2127  0.3470  0.3358  0.1493  0.2015  0.3470  0.2090  0.3470  0.2910  0.3507  0.3172
B2J470           0.5522  0.5336  0.5448  0.5336  0.5970  0.5933  0.5858  0.5821  0.5261  0.5597  0.6007  0.5187  0.5112  0.6157  0.5075  0.6007  0.2201  0.3582  0.2500  0.3545  0.3470  0.2463  0.3433  0.2276  0.3060  0.3619  0.3470  0.3582  0.3358  0.2351  0.3507  0.3172  0.2500  0.3060  0.2127  0.2164  0.2687  0.2687  0.3209  0.3246  0.2910  0.3209  0.1978  0.3321  0.2724  0.3134  0.2985  0.1269  0.3209  0.3321  0.1343  0.3134  0.1231  0.2500  0.3470  0.2425  0.3209
B7JYW7           0.5448  0.5224  0.5299  0.5336  0.6007  0.5709  0.5634  0.5597  0.5000  0.5522  0.5672  0.5000  0.4963  0.6194  0.5000  0.5970  0.1642  0.3470  0.1828  0.3358  0.3022  0.1567  0.2985  0.1455  0.2799  0.3582  0.3321  0.3358  0.2948  0.1418  0.3619  0.2910  0.2201  0.2985  0.2201  0.1343  0.2015  0.2948  0.3097  0.2985  0.3134  0.2985  0.2313  0.3060  0.2313  0.2873  0.2351  0.2612  0.2948  0.3022  0.2612  0.2873  0.2687  0.2127  0.3545  0.2313  0.3134  0.2425
C7QWZ0           0.5448  0.5224  0.5299  0.5336  0.6007  0.5709  0.5634  0.5597  0.5000  0.5522  0.5672  0.5000  0.4963  0.6194  0.5000  0.5970  0.1642  0.3470  0.1828  0.3358  0.3022  0.1567  0.2985  0.1455  0.2799  0.3582  0.3321  0.3358  0.2948  0.1418  0.3619  0.2910  0.2201  0.2985  0.2201  0.1343  0.2015  0.2948  0.3097  0.2985  0.3134  0.2985  0.2313  0.3060  0.2313  0.2873  0.2351  0.2612  0.2948  0.3022  0.2612  0.2873  0.2687  0.2127  0.3545  0.2313  0.3134  0.2425  0.0000
B9YUY7           0.5634  0.5522  0.5709  0.5560  0.6119  0.6007  0.5970  0.5933  0.5410  0.6082  0.5933  0.5224  0.5187  0.6082  0.5112  0.6194  0.2612  0.3881  0.3060  0.3843  0.3694  0.2799  0.3657  0.2724  0.3433  0.3731  0.3806  0.3769  0.3582  0.2724  0.3806  0.3507  0.2985  0.3396  0.2500  0.2761  0.3022  0.2910  0.3769  0.3657  0.3582  0.3619  0.2313  0.3582  0.3060  0.3731  0.3209  0.1604  0.3619  0.3545  0.1866  0.3731  0.1866  0.3022  0.3843  0.2873  0.3657  0.1642  0.2910  0.2910
Q3ALS9           0.5560  0.5075  0.5336  0.5299  0.6082  0.6007  0.6045  0.6082  0.5149  0.5858  0.5858  0.4851  0.4813  0.5858  0.4813  0.6045  0.2836  0.2313  0.2575  0.2201  0.1493  0.2761  0.1903  0.2836  0.1194  0.2687  0.2201  0.2239  0.1791  0.2649  0.2612  0.1343  0.2612  0.1269  0.2612  0.2799  0.2948  0.3396  0.1642  0.1530  0.1903  0.1455  0.2836  0.1157  0.2910  0.1493  0.3097  0.3284  0.1866  0.1194  0.3209  0.1418  0.3246  0.2575  0.3507  0.2649  0.1903  0.3134  0.2761  0.2761  0.3657
Q2JXL5           0.5634  0.5410  0.5784  0.5410  0.5784  0.5970  0.5858  0.5821  0.5597  0.5672  0.6157  0.4813  0.4813  0.6194  0.4701  0.6194  0.3321  0.3657  0.3657  0.3694  0.3470  0.3619  0.3955  0.3731  0.3507  0.3843  0.3806  0.3619  0.3918  0.3694  0.3881  0.3694  0.3358  0.3507  0.3396  0.3657  0.3769  0.3060  0.3470  0.3507  0.3769  0.3470  0.3396  0.3731  0.3582  0.3694  0.3582  0.3582  0.3694  0.3731  0.3396  0.3694  0.3470  0.3134  0.0709  0.3358  0.3470  0.3545  0.3657  0.3657  0.3731  0.3694
Q5N4K4           0.5410  0.5336  0.5373  0.5485  0.5933  0.5970  0.5896  0.5858  0.5336  0.5746  0.5858  0.5075  0.5037  0.6269  0.5000  0.6231  0.2388  0.3246  0.2351  0.3172  0.2836  0.2351  0.2836  0.2276  0.2687  0.3731  0.3172  0.3246  0.2761  0.2313  0.3657  0.2649  0.2388  0.2761  0.2500  0.2388  0.2724  0.2724  0.3022  0.2687  0.2799  0.2687  0.2425  0.2649  0.2687  0.2575  0.2612  0.2687  0.3060  0.2687  0.2649  0.2575  0.2724  0.0037  0.2985  0.2500  0.2948  0.2537  0.2164  0.2164  0.3060  0.2612  0.3134
Q7NGF7           0.5634  0.5299  0.5709  0.5485  0.5858  0.5896  0.5933  0.5933  0.5336  0.5634  0.5746  0.4739  0.4701  0.6045  0.4664  0.5933  0.3507  0.4216  0.3619  0.4142  0.3806  0.3694  0.3731  0.3582  0.3731  0.4291  0.4067  0.4142  0.3657  0.3582  0.4328  0.3657  0.3433  0.3731  0.3582  0.3694  0.3731  0.3619  0.3843  0.3657  0.4104  0.3657  0.3769  0.3731  0.3657  0.3769  0.3582  0.3843  0.3657  0.3619  0.3881  0.3769  0.3918  0.3321  0.3881  0.3507  0.3619  0.3731  0.3358  0.3358  0.4030  0.3657  0.3993  0.3358


TREE #  1:  (7, 8, (6, (10, (5, ((9, 16), ((1, (11, ((15, (12, 13)), (((49, 57), (((39, 41), ((20, (18, (27, (28, (26, 31))))), (23, 29))), ((34, (62, (44, 50))), ((46, 52), (25, (32, (21, (40, 42)))))))), (65, (((54, 64), (38, (55, 63))), (47, (((19, ((17, 36), ((59, 60), (30, (22, 24))))), (37, 45)), ((33, 56), (43, (35, (58, ((51, 53), (61, 48)))))))))))))), (2, (4, (3, 14)))))))));   MP score: 2357
lnL(ntime:127  np:128): -12108.177239      +0.000000
  66..7    66..8    66..67   67..6    67..68   68..10   68..69   69..5    69..70   70..71   71..9    71..16   70..72   72..73   73..1    73..74   74..11   74..75   75..76   76..15   76..77   77..12   77..13   75..78   78..79   79..80   80..49   80..57   79..81   81..82   82..83   83..39   83..41   82..84   84..85   85..20   85..86   86..18   86..87   87..27   87..88   88..28   88..89   89..26   89..31   84..90   90..23   90..29   81..91   91..92   92..34   92..93   93..62   93..94   94..44   94..50   91..95   95..96   96..46   96..52   95..97   97..25   97..98   98..32   98..99   99..21   99..100 100..40  100..42   78..101 101..65  101..102 102..103 103..104 104..54  104..64  103..105 105..38  105..106 106..55  106..63  102..107 107..47  107..108 108..109 109..110 110..19  110..111 111..112 112..17  112..36  111..113 113..114 114..59  114..60  113..115 115..30  115..116 116..22  116..24  109..117 117..37  117..45  108..118 118..119 119..33  119..56  118..120 120..43  120..121 121..35  121..122 122..58  122..123 123..124 124..51  124..53  123..125 125..61  125..48   72..126 126..2   126..127 127..4   127..128 128..3   128..14 
 0.004460 0.013730 0.036899 0.018694 0.192619 0.366833 0.103054 0.233750 0.493827 0.310327 0.374580 1.070908 0.073595 0.083863 0.525099 0.180185 1.041415 0.466143 0.627214 0.033924 0.035672 0.013756 0.000004 0.771687 0.118829 0.126746 0.139284 0.119735 0.063303 0.025395 0.064786 0.091431 0.169755 0.052950 0.269901 0.000004 0.023477 0.027475 0.004894 0.073143 0.019677 0.024326 0.145949 0.042472 0.046269 0.188928 0.017236 0.000004 0.024407 0.024933 0.104567 0.023927 0.070963 0.112854 0.007109 0.020840 0.036839 0.120964 0.003386 0.005766 0.039578 0.079966 0.037734 0.084140 0.037648 0.132377 0.056798 0.023246 0.000004 0.078101 0.673725 0.091318 0.061797 0.126924 0.000004 0.004544 0.110207 0.281733 0.345136 0.035915 0.059597 0.036486 0.258128 0.046039 0.073100 0.000004 0.201100 0.023909 0.046646 0.081328 0.083160 0.035029 0.116991 0.000004 0.000004 0.099551 0.021014 0.007947 0.053728 0.031894 0.085758 0.183947 0.247299 0.014963 0.067591 0.120510 0.110960 0.046294 0.129628 0.045555 0.144128 0.156225 0.042574 0.037532 0.115236 0.013999 0.016721 0.035566 0.161220 0.086065 0.002913 0.406663 0.105207 0.481393 0.118483 0.439045 0.824753 0.592467

tree length =  17.30154

(7: 0.004460, 8: 0.013730, (6: 0.018694, (10: 0.366833, (5: 0.233750, ((9: 0.374580, 16: 1.070908): 0.310327, ((1: 0.525099, (11: 1.041415, ((15: 0.033924, (12: 0.013756, 13: 0.000004): 0.035672): 0.627214, (((49: 0.139284, 57: 0.119735): 0.126746, (((39: 0.091431, 41: 0.169755): 0.064786, ((20: 0.000004, (18: 0.027475, (27: 0.073143, (28: 0.024326, (26: 0.042472, 31: 0.046269): 0.145949): 0.019677): 0.004894): 0.023477): 0.269901, (23: 0.017236, 29: 0.000004): 0.188928): 0.052950): 0.025395, ((34: 0.104567, (62: 0.070963, (44: 0.007109, 50: 0.020840): 0.112854): 0.023927): 0.024933, ((46: 0.003386, 52: 0.005766): 0.120964, (25: 0.079966, (32: 0.084140, (21: 0.132377, (40: 0.023246, 42: 0.000004): 0.056798): 0.037648): 0.037734): 0.039578): 0.036839): 0.024407): 0.063303): 0.118829, (65: 0.673725, (((54: 0.000004, 64: 0.004544): 0.126924, (38: 0.281733, (55: 0.035915, 63: 0.059597): 0.345136): 0.110207): 0.061797, (47: 0.258128, (((19: 0.201100, ((17: 0.081328, 36: 0.083160): 0.046646, ((59: 0.000004, 60: 0.000004): 0.116991, (30: 0.021014, (22: 0.053728, 24: 0.031894): 0.007947): 0.099551): 0.035029): 0.023909): 0.000004, (37: 0.183947, 45: 0.247299): 0.085758): 0.073100, ((33: 0.120510, 56: 0.110960): 0.067591, (43: 0.129628, (35: 0.144128, (58: 0.042574, ((51: 0.013999, 53: 0.016721): 0.115236, (61: 0.161220, 48: 0.086065): 0.035566): 0.037532): 0.156225): 0.045555): 0.046294): 0.014963): 0.046039): 0.036486): 0.091318): 0.078101): 0.771687): 0.466143): 0.180185): 0.083863, (2: 0.406663, (4: 0.481393, (3: 0.439045, 14: 0.824753): 0.118483): 0.105207): 0.002913): 0.073595): 0.493827): 0.103054): 0.192619): 0.036899);

(A8FKW8: 0.004460, A7H4J7: 0.013730, (Q4HHN9: 0.018694, (Q4HT06: 0.366833, (B9KGA9: 0.233750, ((Q7M8L2: 0.374580, P56140: 1.070908): 0.310327, ((A8ERI4: 0.525099, (A6Q7Y4: 1.041415, ((B7LU53: 0.033924, (B7N295: 0.013756, P06983: 0.000004): 0.035672): 0.627214, (((A5GSE0: 0.139284, A3YZH7: 0.119735): 0.126746, (((Q7VD89: 0.091431, A9BEB6: 0.169755): 0.064786, ((A3PBM0: 0.000004, (A2BPX7: 0.027475, (A8G3L1: 0.073143, (Q31C38: 0.024326, (A2BVF7: 0.042472, Q7V2I1: 0.046269): 0.145949): 0.019677): 0.004894): 0.023477): 0.269901, (Q46GS7: 0.017236, A2C0V4: 0.000004): 0.188928): 0.052950): 0.025395, ((Q7U5C2: 0.104567, (Q3ALS9: 0.070963, (Q3AWQ4: 0.007109, Q05YJ9: 0.020840): 0.112854): 0.023927): 0.024933, ((A2C7L8: 0.003386, Q7V697: 0.005766): 0.120964, (Q05RQ3: 0.079966, (A3Z5M2: 0.084140, (Q0I8I3: 0.132377, (A4CRY6: 0.023246, A5GJC0: 0.000004): 0.056798): 0.037648): 0.037734): 0.039578): 0.036839): 0.024407): 0.063303): 0.118829, (Q7NGF7: 0.673725, (((Q31PM2: 0.000004, Q5N4K4: 0.004544): 0.126924, (Q8DIE4: 0.281733, (Q2JKN8: 0.035915, Q2JXL5: 0.059597): 0.345136): 0.110207): 0.061797, (B0C8A9: 0.258128, (((B0JSD2: 0.201100, ((B7KAK5: 0.081328, B4B3Y3: 0.083160): 0.046646, ((B7JYW7: 0.000004, C7QWZ0: 0.000004): 0.116991, (B1WTL1: 0.021014, (Q4BZM7: 0.053728, A3ISR5: 0.031894): 0.007947): 0.099551): 0.035029): 0.023909): 0.000004, (P73660: 0.183947, B1XNS5: 0.247299): 0.085758): 0.073100, ((A0YIV1: 0.120510, B5W421: 0.110960): 0.067591, (Q10VY0: 0.129628, (B8HND9: 0.144128, (B2J470: 0.042574, ((Q3M3R5: 0.013999, Q8YVU6: 0.016721): 0.115236, (B9YUY7: 0.161220, A0ZFQ3: 0.086065): 0.035566): 0.037532): 0.156225): 0.045555): 0.046294): 0.014963): 0.046039): 0.036486): 0.091318): 0.078101): 0.771687): 0.466143): 0.180185): 0.083863, (D1B2M2: 0.406663, (A6Q3S1: 0.481393, (Q30S90: 0.439045, B9L8M3: 0.824753): 0.118483): 0.105207): 0.002913): 0.073595): 0.493827): 0.103054): 0.192619): 0.036899);

Detailed output identifying parameters

alpha (gamma, K = 4) =  0.59247
rate:   0.05156  0.30806  0.87743  2.76296
freq:   0.25000  0.25000  0.25000  0.25000

Time used: 24:57
