AAML (in paml version 4.6, August 2012)  229.aa
Model: Empirical for branches,  Global clock  (../../../bin/LG.dat) dGamma (ncatG=4) ns =  65  ls = 329


Frequencies..
                                    A      R      N      D      C      Q      E      G      H      I      L      K      M      F      P      S      T      W      Y      V
A8ERD1                         0.06079 0.03951 0.06687 0.06687 0.01520 0.03343 0.05775 0.06991 0.02736 0.06687 0.08511 0.06991 0.03647 0.06687 0.03647 0.06079 0.06383 0.00912 0.03951 0.02736
D1B2G8                         0.06687 0.04559 0.03951 0.06079 0.01520 0.02128 0.06079 0.07295 0.03647 0.05775 0.09119 0.06687 0.03951 0.07295 0.03647 0.06383 0.06079 0.00304 0.03951 0.04863
Q30S46                         0.07903 0.05471 0.03951 0.06687 0.01520 0.01520 0.07903 0.07295 0.02736 0.06991 0.09119 0.06079 0.03647 0.05775 0.03040 0.05471 0.06383 0.00304 0.04559 0.03647
A6Q906                         0.06383 0.05775 0.03951 0.06991 0.01520 0.02432 0.06687 0.07599 0.02128 0.06991 0.07599 0.05775 0.03647 0.05471 0.03647 0.04559 0.08207 0.00608 0.04863 0.05167
B9KFT3                         0.06991 0.04255 0.05167 0.06991 0.01824 0.01824 0.06079 0.06383 0.02736 0.06991 0.09422 0.07903 0.03951 0.06991 0.03040 0.06991 0.04255 0.00304 0.03951 0.03951
A6Q3Y5                         0.07295 0.05167 0.05167 0.06383 0.01520 0.03343 0.05167 0.06991 0.02432 0.05775 0.09422 0.06991 0.02736 0.05471 0.03040 0.05471 0.06991 0.00304 0.05775 0.04559
Q4HTQ3                         0.05775 0.04559 0.06383 0.05167 0.02128 0.03040 0.07295 0.05775 0.03040 0.04863 0.09726 0.06383 0.03343 0.07903 0.02736 0.06687 0.05471 0.00304 0.04255 0.05167
Q4HEW1                         0.06383 0.04863 0.06079 0.06383 0.01520 0.02128 0.06991 0.06991 0.03343 0.06383 0.09119 0.07903 0.02736 0.07599 0.02432 0.05471 0.05167 0.00304 0.03951 0.04255
A7H331                         0.06079 0.05167 0.06687 0.06079 0.01520 0.01824 0.06079 0.07295 0.03343 0.05167 0.09119 0.06687 0.03343 0.07599 0.03040 0.06079 0.05775 0.00304 0.03951 0.04863
A8FM59                         0.06079 0.05167 0.06991 0.06383 0.01824 0.01824 0.05471 0.06991 0.03040 0.05167 0.09119 0.06991 0.03343 0.07599 0.03040 0.06079 0.05775 0.00304 0.03951 0.04863
Q7M8N8                         0.06079 0.06687 0.04559 0.05471 0.01216 0.01520 0.07599 0.07599 0.04255 0.06383 0.10638 0.04255 0.02128 0.05471 0.04559 0.05775 0.06383 0.00912 0.04559 0.03951
B9L8E1                         0.05775 0.05167 0.05167 0.06383 0.01216 0.00912 0.06991 0.07295 0.02736 0.07599 0.09119 0.06991 0.03040 0.06687 0.03647 0.05775 0.05471 0.00608 0.05167 0.04255
O08314                         0.08511 0.03951 0.04559 0.05167 0.01520 0.02128 0.06079 0.07295 0.03951 0.05167 0.13070 0.07295 0.03040 0.04863 0.03647 0.06687 0.04559 0.00304 0.03951 0.04255
B7MPG7                         0.04863 0.06991 0.03343 0.08207 0.02128 0.02736 0.06079 0.09726 0.03040 0.06687 0.08207 0.04863 0.03951 0.04255 0.05167 0.03951 0.04255 0.01216 0.04255 0.06079
P0A847                         0.04863 0.06991 0.03343 0.08207 0.02128 0.02736 0.06079 0.09726 0.03040 0.06687 0.08207 0.04863 0.03951 0.04255 0.05167 0.03951 0.04255 0.01216 0.04255 0.06079
B7LMI1                         0.04863 0.06991 0.03343 0.08207 0.02128 0.02736 0.06079 0.09726 0.03040 0.06687 0.08207 0.04863 0.03951 0.04255 0.05167 0.03951 0.04255 0.01216 0.04255 0.06079
Q5N367                         0.09119 0.08511 0.03040 0.05167 0.02128 0.04255 0.07295 0.07599 0.03040 0.06079 0.10030 0.02128 0.02128 0.04255 0.04863 0.03951 0.05167 0.01216 0.03040 0.06991
Q8GAA6                         0.09119 0.08511 0.03040 0.05167 0.02128 0.04255 0.07295 0.07599 0.03040 0.06079 0.10030 0.02128 0.02128 0.04255 0.04863 0.03951 0.05167 0.01216 0.03040 0.06991
Q2JR27                         0.09422 0.08207 0.02432 0.04255 0.02736 0.03951 0.05775 0.08207 0.03951 0.06079 0.09726 0.02432 0.02432 0.03040 0.06991 0.03343 0.04863 0.01520 0.03647 0.06991
Q2JNZ8                         0.08815 0.08511 0.02432 0.03951 0.02432 0.04255 0.05775 0.07903 0.03951 0.06991 0.08815 0.02432 0.02432 0.03343 0.06383 0.04559 0.05471 0.01520 0.03343 0.06687
B2J4T8                         0.07903 0.06991 0.02736 0.03647 0.02128 0.03951 0.06991 0.08511 0.02736 0.07295 0.09422 0.02736 0.02736 0.03951 0.05775 0.03951 0.08511 0.01520 0.03040 0.05471
A0YJH8                         0.09119 0.06991 0.03040 0.03647 0.01824 0.04863 0.07599 0.06991 0.03040 0.06687 0.10334 0.02432 0.02128 0.04559 0.06079 0.04863 0.05775 0.01216 0.03040 0.05775
Q3M6M6                         0.09119 0.06079 0.02432 0.03647 0.01824 0.04559 0.07295 0.08207 0.03040 0.07295 0.09119 0.03343 0.03343 0.03951 0.05471 0.03951 0.06991 0.01520 0.03040 0.05775
Q112A6                         0.08207 0.06991 0.02736 0.05167 0.02128 0.03951 0.06687 0.08815 0.02736 0.06687 0.10638 0.02736 0.02128 0.04559 0.05471 0.04559 0.05167 0.01520 0.03040 0.06079
B8HX02                         0.09119 0.07295 0.02432 0.04255 0.02128 0.04863 0.06687 0.08207 0.02736 0.06687 0.10638 0.02432 0.01824 0.04559 0.04863 0.05775 0.06383 0.01216 0.03040 0.04863
Q7NMG4                         0.11854 0.08207 0.01520 0.04559 0.02736 0.04255 0.05167 0.08511 0.03040 0.03647 0.10638 0.01216 0.02432 0.04559 0.05775 0.03647 0.06079 0.00912 0.02432 0.08815
Q8YVT9                         0.09119 0.06383 0.02736 0.03647 0.01824 0.04559 0.07295 0.08207 0.02736 0.07295 0.09119 0.03343 0.03343 0.03951 0.05471 0.03951 0.06687 0.01520 0.03040 0.05775
Q8CWM7                         0.12462 0.06991 0.01824 0.03951 0.02736 0.05167 0.06079 0.07295 0.03343 0.06383 0.10030 0.01824 0.02736 0.03647 0.05775 0.03647 0.04863 0.01216 0.03040 0.06991
B0C6Z6                         0.09726 0.06687 0.02736 0.04863 0.01824 0.06079 0.05167 0.07599 0.02432 0.06687 0.10030 0.01824 0.02736 0.04559 0.05167 0.05775 0.06383 0.01216 0.02736 0.05775
B0JSW7                         0.09119 0.06687 0.02432 0.03343 0.01824 0.05167 0.06383 0.08511 0.03040 0.08511 0.10334 0.03343 0.02432 0.04255 0.04863 0.05471 0.06079 0.01216 0.02736 0.04255
B7KCS6                         0.08815 0.06991 0.02432 0.03951 0.02128 0.05775 0.06687 0.07903 0.03040 0.06991 0.10030 0.03343 0.02736 0.04255 0.05167 0.03951 0.06383 0.01216 0.03040 0.05167
B9YVE3                         0.09726 0.06079 0.03343 0.04255 0.02128 0.03951 0.06079 0.07599 0.02736 0.07295 0.08815 0.02736 0.03040 0.03951 0.05775 0.04255 0.06991 0.01520 0.03343 0.06383
B4B2C6                         0.08207 0.06991 0.02736 0.03343 0.01824 0.04255 0.07903 0.08207 0.03040 0.06383 0.10334 0.03647 0.03040 0.04255 0.05167 0.04255 0.06383 0.01216 0.02736 0.06079
B5W944                         0.10638 0.07295 0.02432 0.05471 0.01824 0.03343 0.05775 0.07599 0.02736 0.06383 0.09726 0.02128 0.02736 0.04255 0.05775 0.04255 0.06383 0.00912 0.03040 0.07295
A0ZC57                         0.08207 0.06991 0.02128 0.05167 0.01824 0.04559 0.06687 0.08511 0.03040 0.06383 0.09422 0.02432 0.03040 0.03951 0.05471 0.04863 0.06687 0.01520 0.03343 0.05775
C7QX99                         0.07295 0.07295 0.02432 0.04255 0.01824 0.05471 0.06687 0.09119 0.02432 0.06991 0.10334 0.02432 0.02432 0.04863 0.06079 0.03343 0.06991 0.00912 0.03040 0.05775
B7K5R2                         0.07295 0.07295 0.02432 0.04255 0.01824 0.05471 0.06687 0.09422 0.02432 0.06991 0.10334 0.02432 0.02432 0.04863 0.06079 0.03040 0.06991 0.00912 0.03040 0.05775
A2C0A4                         0.06991 0.04559 0.03343 0.04863 0.03040 0.04559 0.05471 0.09422 0.04255 0.06079 0.09726 0.04863 0.03343 0.04255 0.05167 0.05775 0.05775 0.01216 0.01824 0.05471
Q4CAE3                         0.08207 0.07295 0.02736 0.05471 0.01824 0.02736 0.06079 0.08815 0.02432 0.06383 0.10638 0.03343 0.02432 0.04559 0.05775 0.04863 0.06079 0.01216 0.03040 0.06079
Q46HA3                         0.06991 0.04863 0.03343 0.04863 0.03040 0.04255 0.05775 0.09422 0.04255 0.06383 0.09726 0.04559 0.03040 0.04255 0.05167 0.05775 0.05775 0.01216 0.01824 0.05471
A3IRI4                         0.07599 0.06991 0.02736 0.04863 0.01824 0.04255 0.06079 0.08511 0.02432 0.06079 0.10942 0.02432 0.02736 0.04255 0.06079 0.03951 0.07295 0.01216 0.03040 0.06687
A5GWF5                         0.10334 0.06079 0.01824 0.04559 0.03343 0.05167 0.06687 0.08207 0.04863 0.03343 0.10030 0.01824 0.03040 0.03951 0.06079 0.06079 0.04863 0.01520 0.01216 0.06991
B1WZE5                         0.07903 0.06991 0.02432 0.04863 0.01824 0.03951 0.06079 0.08815 0.02736 0.06991 0.10942 0.02736 0.02432 0.04255 0.05775 0.03647 0.07295 0.01216 0.03040 0.06079
Q0IDF3                         0.08511 0.08207 0.03343 0.06079 0.02736 0.04255 0.04863 0.10030 0.04559 0.04559 0.10638 0.00304 0.03647 0.03951 0.05775 0.03647 0.06383 0.01216 0.01216 0.06079
A3PAZ2                         0.05775 0.04255 0.06079 0.05167 0.02128 0.02432 0.05167 0.07295 0.04255 0.07599 0.09422 0.06383 0.01824 0.05471 0.04863 0.08207 0.04863 0.00912 0.02432 0.05471
B1XMN5                         0.08815 0.06991 0.02736 0.05167 0.01824 0.05167 0.06991 0.08207 0.03040 0.06383 0.10030 0.03647 0.03040 0.04255 0.04559 0.03647 0.04863 0.01216 0.02432 0.06991
A2BP70                         0.05167 0.03951 0.05775 0.05167 0.01824 0.03040 0.04863 0.07295 0.03951 0.07295 0.09422 0.06991 0.01824 0.05471 0.04863 0.08207 0.05775 0.00912 0.02736 0.05471
Q31CR1                         0.05167 0.04255 0.05775 0.05167 0.02128 0.03040 0.04559 0.07599 0.04255 0.07903 0.09726 0.06687 0.02128 0.05775 0.04863 0.07903 0.05167 0.00912 0.02128 0.04863
A2BUQ2                         0.05775 0.04255 0.06079 0.05471 0.02128 0.02736 0.04863 0.07599 0.03951 0.07295 0.09726 0.06687 0.02128 0.06079 0.04863 0.06687 0.05775 0.01216 0.01520 0.05167
Q55983                         0.09422 0.07295 0.02432 0.05167 0.01824 0.06383 0.04255 0.08815 0.03343 0.06687 0.10942 0.01824 0.03040 0.04255 0.04863 0.03647 0.06991 0.01216 0.02736 0.04863
A9BDP3                         0.06079 0.05167 0.04255 0.05167 0.02432 0.03343 0.06991 0.09422 0.04559 0.07295 0.11246 0.03040 0.02432 0.03647 0.05471 0.06079 0.05167 0.01216 0.01824 0.05167
A4CT19                         0.09726 0.08207 0.03040 0.06079 0.02432 0.03951 0.05167 0.08815 0.04863 0.03951 0.10638 0.00608 0.03647 0.03951 0.05775 0.03951 0.06079 0.01216 0.01216 0.06687
A8G2T1                         0.05471 0.04255 0.06383 0.05471 0.02128 0.02432 0.04863 0.07295 0.04255 0.07295 0.09726 0.06383 0.02128 0.05471 0.04559 0.08207 0.05471 0.00912 0.02128 0.05167
A2CCL1                         0.09726 0.07295 0.03040 0.06079 0.02736 0.05471 0.04863 0.08207 0.04559 0.06383 0.11246 0.00608 0.01824 0.03951 0.05167 0.05167 0.05775 0.01216 0.01216 0.05471
A3YXN9                         0.10638 0.08207 0.02128 0.04559 0.02432 0.03951 0.04863 0.10334 0.04255 0.04255 0.10334 0.00304 0.03343 0.03951 0.05775 0.05167 0.05775 0.01216 0.01216 0.07295
A5GIE9                         0.09422 0.08511 0.02736 0.05471 0.02432 0.03343 0.06079 0.09119 0.04863 0.03951 0.10638 0.00608 0.03647 0.03951 0.05775 0.03647 0.06687 0.01216 0.01216 0.06687
Q7TUM6                         0.09422 0.07295 0.03040 0.05775 0.02736 0.05471 0.04863 0.08511 0.04863 0.06383 0.10942 0.00608 0.01824 0.03951 0.05167 0.05167 0.06079 0.01216 0.01216 0.05471
Q7TUG0                         0.05471 0.04559 0.05775 0.05471 0.02128 0.02736 0.05471 0.07295 0.04559 0.07599 0.08815 0.06079 0.02128 0.05775 0.04559 0.08207 0.04863 0.01216 0.01520 0.05775
A3Z8H3                         0.10334 0.08511 0.02128 0.05775 0.02736 0.03343 0.05471 0.09422 0.05167 0.03951 0.11246 0.00304 0.03040 0.03647 0.05471 0.03343 0.06687 0.01216 0.01520 0.06687
Q3AN18                         0.09119 0.07903 0.02736 0.05775 0.02736 0.03343 0.04863 0.09726 0.04863 0.04559 0.09726 0.00912 0.03343 0.03951 0.05471 0.04255 0.07295 0.01216 0.01216 0.06991
Q063I1                         0.09119 0.07903 0.03647 0.06383 0.02736 0.03951 0.04255 0.09422 0.04559 0.04559 0.10030 0.01216 0.03343 0.03951 0.05471 0.03951 0.06687 0.01216 0.01216 0.06383
Q3B088                         0.09422 0.07903 0.03951 0.06687 0.02736 0.03647 0.03951 0.09726 0.04559 0.04559 0.10334 0.00912 0.03343 0.03951 0.05167 0.03951 0.06383 0.01216 0.01216 0.06383
Q05QT6                         0.08511 0.07295 0.02432 0.07295 0.02736 0.03951 0.04559 0.09726 0.04863 0.03647 0.11246 0.01216 0.03343 0.03647 0.05471 0.03951 0.06991 0.01216 0.01520 0.06383
Q7TTX7                         0.09119 0.07599 0.03040 0.06383 0.02736 0.03040 0.04559 0.09726 0.04863 0.04559 0.10334 0.00912 0.03343 0.03951 0.06079 0.03951 0.06687 0.01216 0.01216 0.06687
Q7VDR5                         0.07599 0.05471 0.03647 0.06383 0.03040 0.03951 0.05471 0.07599 0.04255 0.05775 0.10638 0.03343 0.02432 0.04559 0.04863 0.05471 0.05471 0.01216 0.01824 0.06991

Homogeneity statistic: X2 = 3.97875 G = 4.07002 

Average                        0.07982 0.06458 0.03591 0.05401 0.02137 0.03708 0.05976 0.08244 0.03535 0.06177 0.09918 0.03605 0.02871 0.04756 0.04999 0.05004 0.05986 0.01066 0.02829 0.05756

# constant sites:     71 (21.58%)
ln Lmax (unconstrained) = -1800.475934

AA distances (raw proportions of different sites)

A8ERD1         
D1B2G8           0.2432
Q30S46           0.2644  0.2705
A6Q906           0.2705  0.2736  0.2371
B9KFT3           0.2584  0.2736  0.3556  0.3435
A6Q3Y5           0.2857  0.2523  0.2523  0.2948  0.3131
Q4HTQ3           0.2796  0.2918  0.3769  0.3495  0.2006  0.3131
Q4HEW1           0.2614  0.2766  0.3556  0.3556  0.2067  0.2918  0.2036
A7H331           0.2857  0.2796  0.3708  0.3556  0.2036  0.3161  0.2128  0.1307
A8FM59           0.2857  0.2766  0.3708  0.3556  0.2036  0.3222  0.2036  0.1307  0.0182
Q7M8N8           0.3161  0.3313  0.3283  0.3435  0.3860  0.3374  0.3982  0.3891  0.4195  0.4134
B9L8E1           0.3009  0.2827  0.3222  0.3222  0.3191  0.2918  0.3587  0.3343  0.3526  0.3587  0.2766
O08314           0.3708  0.3647  0.3982  0.4195  0.4012  0.3799  0.4012  0.3951  0.4103  0.4073  0.3739  0.3678
B7MPG7           0.5228  0.4924  0.4833  0.5015  0.5532  0.5106  0.5532  0.5471  0.5623  0.5623  0.5046  0.4863  0.5258
P0A847           0.5228  0.4924  0.4833  0.5015  0.5532  0.5106  0.5532  0.5471  0.5623  0.5623  0.5046  0.4863  0.5258  0.0000
B7LMI1           0.5228  0.4924  0.4833  0.5015  0.5532  0.5106  0.5532  0.5471  0.5623  0.5623  0.5046  0.4863  0.5258  0.0000  0.0000
Q5N367           0.5593  0.5866  0.5471  0.5562  0.5957  0.5471  0.5836  0.5927  0.6109  0.6079  0.5532  0.5653  0.5836  0.5137  0.5137  0.5137
Q8GAA6           0.5593  0.5866  0.5471  0.5562  0.5957  0.5471  0.5836  0.5927  0.6109  0.6079  0.5532  0.5653  0.5836  0.5137  0.5137  0.5137  0.0000
Q2JR27           0.5471  0.5319  0.5532  0.5380  0.5502  0.5502  0.5471  0.5623  0.5714  0.5714  0.5502  0.5410  0.5775  0.5198  0.5198  0.5198  0.3100  0.3100
Q2JNZ8           0.5532  0.5471  0.5623  0.5410  0.5562  0.5532  0.5623  0.5684  0.5775  0.5775  0.5593  0.5471  0.5836  0.5198  0.5198  0.5198  0.2918  0.2918  0.0790
B2J4T8           0.5593  0.5623  0.5532  0.5562  0.5957  0.5441  0.5745  0.5805  0.5897  0.5836  0.5562  0.5623  0.5805  0.5167  0.5167  0.5167  0.1976  0.1976  0.3222  0.2918
A0YJH8           0.5714  0.5684  0.5745  0.5775  0.5927  0.5532  0.5805  0.5836  0.6018  0.6018  0.5684  0.5623  0.5988  0.5380  0.5380  0.5380  0.2219  0.2219  0.3283  0.3100  0.1884
Q3M6M6           0.5653  0.5745  0.5623  0.5502  0.5897  0.5471  0.5714  0.5836  0.5957  0.5897  0.5532  0.5623  0.5775  0.5228  0.5228  0.5228  0.1763  0.1763  0.3131  0.2857  0.0881  0.2067
Q112A6           0.5653  0.5653  0.5623  0.5745  0.5684  0.5319  0.5745  0.5745  0.5957  0.5957  0.5653  0.5562  0.5805  0.5137  0.5137  0.5137  0.2432  0.2432  0.3343  0.3191  0.2219  0.1672  0.2310
B8HX02           0.5714  0.5714  0.5653  0.5653  0.5957  0.5471  0.5836  0.5897  0.6018  0.5957  0.5684  0.5593  0.5775  0.5198  0.5198  0.5198  0.2219  0.2219  0.3404  0.3283  0.2401  0.2249  0.2401  0.2462
Q7NMG4           0.5775  0.5593  0.5775  0.5684  0.5897  0.5775  0.5684  0.5745  0.5836  0.5836  0.5653  0.5745  0.5897  0.5167  0.5167  0.5167  0.3009  0.3009  0.3343  0.3404  0.3161  0.3161  0.3283  0.3374  0.3191
Q8YVT9           0.5684  0.5775  0.5653  0.5532  0.5897  0.5502  0.5714  0.5866  0.5988  0.5927  0.5532  0.5653  0.5775  0.5228  0.5228  0.5228  0.1733  0.1733  0.3131  0.2857  0.0942  0.2097  0.0061  0.2340  0.2371  0.3283
Q8CWM7           0.5745  0.5593  0.5623  0.5775  0.5897  0.5593  0.5836  0.5684  0.5897  0.5897  0.5653  0.5502  0.5714  0.5258  0.5258  0.5258  0.2979  0.2979  0.3161  0.2979  0.2644  0.2462  0.2736  0.2796  0.2705  0.3100  0.2766
B0C6Z6           0.5866  0.5897  0.5836  0.5805  0.5927  0.5653  0.5897  0.5957  0.6109  0.6079  0.5714  0.5745  0.5957  0.5380  0.5380  0.5380  0.2432  0.2432  0.3343  0.3191  0.2432  0.2310  0.2371  0.2462  0.1763  0.3283  0.2340  0.2736
B0JSW7           0.5775  0.5866  0.5623  0.5684  0.6018  0.5562  0.5927  0.5957  0.5957  0.5957  0.5502  0.5502  0.5927  0.5350  0.5350  0.5350  0.2705  0.2705  0.3435  0.3283  0.2766  0.2888  0.2827  0.2736  0.2948  0.3404  0.2796  0.3283  0.2888
B7KCS6           0.5745  0.5836  0.5775  0.5805  0.5897  0.5653  0.5836  0.5927  0.5988  0.5957  0.5714  0.5714  0.5927  0.5471  0.5471  0.5471  0.2188  0.2188  0.3313  0.3131  0.2249  0.2584  0.2432  0.2553  0.2766  0.3252  0.2401  0.3009  0.2827  0.1884
B9YVE3           0.5775  0.5836  0.5866  0.5714  0.6109  0.5562  0.5957  0.5957  0.6109  0.6049  0.5866  0.5866  0.5897  0.5410  0.5410  0.5410  0.2158  0.2158  0.3343  0.3131  0.1094  0.2310  0.1155  0.2492  0.2675  0.3526  0.1185  0.2766  0.2736  0.2948  0.2705
B4B2C6           0.5775  0.5866  0.5653  0.5805  0.5866  0.5684  0.5836  0.5897  0.5897  0.5866  0.5866  0.5684  0.5836  0.5258  0.5258  0.5258  0.2067  0.2067  0.3465  0.3313  0.2340  0.2614  0.2432  0.2462  0.2675  0.3374  0.2432  0.3161  0.2675  0.2128  0.1003  0.2736
B5W944           0.5897  0.5927  0.5836  0.5927  0.6079  0.5684  0.5897  0.5988  0.6079  0.6049  0.5805  0.5684  0.6049  0.5350  0.5350  0.5350  0.2280  0.2280  0.3435  0.3283  0.2036  0.1854  0.2097  0.2219  0.2280  0.3100  0.2128  0.2584  0.2310  0.3009  0.2857  0.2280  0.2766
A0ZC57           0.5745  0.5684  0.5623  0.5532  0.5957  0.5593  0.5836  0.5897  0.6018  0.5957  0.5562  0.5745  0.5836  0.5319  0.5319  0.5319  0.1976  0.1976  0.3070  0.2857  0.1094  0.2067  0.1064  0.2371  0.2523  0.3131  0.1094  0.2523  0.2644  0.2796  0.2371  0.1307  0.2675  0.2158
C7QX99           0.5653  0.5836  0.5805  0.5653  0.5927  0.5593  0.5805  0.5836  0.5957  0.5957  0.5714  0.5745  0.5866  0.5350  0.5350  0.5350  0.2462  0.2462  0.3404  0.3222  0.2432  0.2644  0.2523  0.2644  0.2827  0.3404  0.2492  0.3191  0.2827  0.2219  0.1945  0.2675  0.2128  0.2766  0.2584
B7K5R2           0.5653  0.5836  0.5805  0.5653  0.5927  0.5593  0.5805  0.5836  0.5957  0.5957  0.5714  0.5745  0.5836  0.5319  0.5319  0.5319  0.2432  0.2432  0.3374  0.3191  0.2401  0.2614  0.2492  0.2644  0.2796  0.3374  0.2462  0.3161  0.2796  0.2219  0.1915  0.2644  0.2097  0.2736  0.2553  0.0030
A2C0A4           0.5957  0.5775  0.5927  0.5927  0.5957  0.5957  0.5957  0.6109  0.6140  0.6109  0.5957  0.5897  0.5836  0.5319  0.5319  0.5319  0.3830  0.3830  0.4012  0.3982  0.3982  0.3739  0.3891  0.3799  0.3678  0.4164  0.3860  0.3769  0.3799  0.3860  0.3769  0.4103  0.3951  0.3860  0.3708  0.3982  0.3982
Q4CAE3           0.5684  0.5623  0.5532  0.5532  0.5775  0.5471  0.5805  0.5684  0.5745  0.5684  0.5653  0.5684  0.5775  0.5258  0.5258  0.5258  0.2432  0.2432  0.3313  0.3222  0.2401  0.2462  0.2462  0.2340  0.2584  0.3404  0.2432  0.3040  0.2644  0.2371  0.2249  0.2584  0.2219  0.2553  0.2492  0.1550  0.1520  0.3708
Q46HA3           0.5957  0.5714  0.5957  0.5897  0.5988  0.5957  0.5897  0.6049  0.6079  0.6049  0.5957  0.5836  0.5866  0.5319  0.5319  0.5319  0.3799  0.3799  0.3951  0.3921  0.3921  0.3678  0.3830  0.3799  0.3647  0.4134  0.3799  0.3769  0.3769  0.3860  0.3769  0.4073  0.3951  0.3799  0.3678  0.3951  0.3951  0.0152  0.3739
A3IRI4           0.5836  0.5745  0.5684  0.5593  0.5957  0.5532  0.5927  0.5775  0.5897  0.5836  0.5805  0.5836  0.5897  0.5319  0.5319  0.5319  0.2432  0.2432  0.3435  0.3283  0.2280  0.2553  0.2401  0.2492  0.2705  0.3465  0.2371  0.3100  0.2675  0.2310  0.2158  0.2462  0.2067  0.2523  0.2462  0.1459  0.1429  0.3982  0.0760  0.4012
A5GWF5           0.5988  0.5805  0.6079  0.5714  0.6079  0.5775  0.5897  0.6018  0.6049  0.6018  0.5805  0.5866  0.6079  0.5441  0.5441  0.5441  0.3131  0.3131  0.3799  0.3647  0.3435  0.3435  0.3495  0.3556  0.3343  0.3678  0.3465  0.3495  0.3556  0.3495  0.3556  0.3526  0.3556  0.3343  0.3252  0.3617  0.3587  0.3161  0.3374  0.3161  0.3465
B1WZE5           0.5805  0.5745  0.5714  0.5532  0.5866  0.5502  0.5866  0.5775  0.5927  0.5866  0.5745  0.5745  0.5866  0.5228  0.5228  0.5228  0.2310  0.2310  0.3283  0.3131  0.2188  0.2492  0.2310  0.2340  0.2644  0.3404  0.2280  0.2979  0.2553  0.2249  0.2097  0.2432  0.2006  0.2492  0.2432  0.1185  0.1155  0.3921  0.0729  0.3951  0.0365  0.3495
Q0IDF3           0.6079  0.5745  0.5988  0.6049  0.6201  0.6018  0.6231  0.6109  0.6140  0.6140  0.5957  0.5897  0.6049  0.5198  0.5198  0.5198  0.3374  0.3374  0.3708  0.3617  0.3587  0.3435  0.3435  0.3678  0.3647  0.3951  0.3435  0.3799  0.3526  0.3860  0.3678  0.3739  0.3769  0.3647  0.3465  0.3769  0.3739  0.2584  0.3587  0.2492  0.3708  0.2553  0.3708
A3PAZ2           0.6018  0.6049  0.5897  0.6079  0.6079  0.6018  0.6018  0.6201  0.6322  0.6292  0.5988  0.5988  0.6231  0.5623  0.5623  0.5623  0.4559  0.4559  0.4894  0.4772  0.4559  0.4620  0.4620  0.4438  0.4590  0.4833  0.4559  0.4772  0.4681  0.4316  0.4347  0.4802  0.4377  0.4590  0.4590  0.4529  0.4529  0.3465  0.4377  0.3495  0.4590  0.3891  0.4559  0.3739
B1XMN5           0.5957  0.5957  0.5805  0.5988  0.5988  0.5593  0.5957  0.5988  0.6140  0.6109  0.5866  0.5775  0.5745  0.5623  0.5623  0.5623  0.2188  0.2188  0.3495  0.3495  0.2492  0.2280  0.2523  0.2553  0.2979  0.3708  0.2523  0.3161  0.2827  0.2766  0.2401  0.2736  0.2371  0.2705  0.2644  0.2432  0.2401  0.4164  0.2584  0.4134  0.2584  0.3708  0.2492  0.3891  0.4772
A2BP70           0.5988  0.6079  0.5897  0.6109  0.6140  0.6018  0.6109  0.6261  0.6383  0.6322  0.6018  0.6018  0.6140  0.5623  0.5623  0.5623  0.4559  0.4559  0.4863  0.4802  0.4620  0.4650  0.4681  0.4407  0.4650  0.4863  0.4620  0.4772  0.4742  0.4377  0.4316  0.4863  0.4407  0.4620  0.4590  0.4590  0.4590  0.3495  0.4407  0.3556  0.4620  0.3921  0.4590  0.3739  0.0334  0.4833
Q31CR1           0.5957  0.6049  0.5897  0.6079  0.6140  0.6018  0.6079  0.6140  0.6292  0.6261  0.6109  0.6079  0.6109  0.5593  0.5593  0.5593  0.4590  0.4590  0.4924  0.4863  0.4650  0.4711  0.4742  0.4468  0.4650  0.4863  0.4681  0.4833  0.4742  0.4407  0.4407  0.4894  0.4498  0.4681  0.4650  0.4620  0.4620  0.3556  0.4559  0.3556  0.4772  0.3951  0.4742  0.3769  0.0517  0.4833  0.0517
A2BUQ2           0.5866  0.5988  0.5927  0.6079  0.6018  0.5897  0.6049  0.6018  0.6140  0.6079  0.5988  0.5897  0.5988  0.5502  0.5502  0.5502  0.4620  0.4620  0.4802  0.4802  0.4650  0.4711  0.4681  0.4559  0.4681  0.5015  0.4681  0.4894  0.4711  0.4438  0.4620  0.4863  0.4559  0.4650  0.4681  0.4590  0.4590  0.3617  0.4407  0.3647  0.4650  0.4043  0.4529  0.3891  0.1368  0.4894  0.1337  0.1337
Q55983           0.5927  0.6018  0.5714  0.5836  0.6079  0.5745  0.5866  0.6018  0.6049  0.6018  0.5866  0.5988  0.5957  0.5502  0.5502  0.5502  0.2219  0.2219  0.3404  0.3313  0.2340  0.2705  0.2432  0.2614  0.2705  0.3283  0.2401  0.3070  0.2796  0.2280  0.2188  0.2614  0.2340  0.2705  0.2432  0.2340  0.2310  0.3921  0.2128  0.3951  0.2158  0.3374  0.2067  0.3647  0.4377  0.2310  0.4468  0.4498  0.4529
A9BDP3           0.5927  0.5684  0.5805  0.5866  0.6018  0.5775  0.5957  0.5927  0.5897  0.5897  0.6018  0.5897  0.6049  0.5410  0.5410  0.5410  0.3830  0.3830  0.4195  0.4286  0.3951  0.3830  0.3921  0.3921  0.3860  0.4195  0.3921  0.4195  0.4134  0.3982  0.3799  0.4255  0.3799  0.4073  0.3860  0.4012  0.4012  0.2644  0.3921  0.2614  0.4134  0.3404  0.4103  0.2492  0.3374  0.4255  0.3313  0.3313  0.3465  0.3891
A4CT19           0.6140  0.5866  0.6140  0.5957  0.6109  0.6049  0.6049  0.6231  0.6201  0.6140  0.5927  0.6049  0.6018  0.5350  0.5350  0.5350  0.3465  0.3465  0.3860  0.3678  0.3587  0.3617  0.3495  0.3708  0.3769  0.3982  0.3495  0.3799  0.3526  0.3769  0.3495  0.3678  0.3617  0.3617  0.3404  0.3647  0.3617  0.2675  0.3435  0.2675  0.3556  0.2614  0.3526  0.1216  0.3617  0.3921  0.3647  0.3769  0.3739  0.3647  0.2614
A8G2T1           0.5988  0.6049  0.5957  0.6018  0.6079  0.5988  0.6049  0.6140  0.6292  0.6261  0.6049  0.6018  0.6201  0.5623  0.5623  0.5623  0.4468  0.4468  0.4954  0.4833  0.4590  0.4620  0.4650  0.4468  0.4620  0.4802  0.4590  0.4711  0.4742  0.4347  0.4286  0.4772  0.4286  0.4590  0.4590  0.4498  0.4498  0.3526  0.4407  0.3526  0.4620  0.3951  0.4590  0.3830  0.0486  0.4772  0.0517  0.0547  0.1337  0.4377  0.3343  0.3678
A2CCL1           0.6201  0.6018  0.6049  0.6109  0.6049  0.6109  0.6140  0.6170  0.6261  0.6261  0.6018  0.6018  0.6079  0.5502  0.5502  0.5502  0.3313  0.3313  0.3921  0.3891  0.3587  0.3495  0.3617  0.3556  0.3435  0.3921  0.3587  0.3769  0.3617  0.3587  0.3495  0.3617  0.3708  0.3526  0.3374  0.3647  0.3647  0.2401  0.3495  0.2401  0.3617  0.2705  0.3587  0.1824  0.3495  0.3891  0.3495  0.3587  0.3647  0.3465  0.2766  0.1793  0.3435
A3YXN9           0.6170  0.5897  0.5897  0.6079  0.5988  0.6049  0.6079  0.6018  0.6079  0.6049  0.5957  0.6049  0.5927  0.5228  0.5228  0.5228  0.3343  0.3343  0.3526  0.3526  0.3556  0.3435  0.3465  0.3526  0.3647  0.3891  0.3435  0.3678  0.3495  0.3587  0.3435  0.3769  0.3678  0.3647  0.3343  0.3678  0.3647  0.2736  0.3435  0.2736  0.3617  0.2766  0.3556  0.1763  0.3951  0.3799  0.3951  0.3982  0.3951  0.3465  0.2796  0.1854  0.4012  0.2097
A5GIE9           0.6201  0.5866  0.6109  0.5927  0.6140  0.6079  0.6049  0.6201  0.6140  0.6079  0.5897  0.6049  0.5988  0.5410  0.5410  0.5410  0.3404  0.3404  0.3830  0.3647  0.3526  0.3556  0.3435  0.3678  0.3708  0.3921  0.3435  0.3769  0.3526  0.3708  0.3465  0.3647  0.3587  0.3617  0.3374  0.3617  0.3587  0.2644  0.3404  0.2614  0.3526  0.2523  0.3526  0.1185  0.3647  0.3891  0.3678  0.3769  0.3799  0.3617  0.2644  0.0304  0.3739  0.1884  0.1854
Q7TUM6           0.6201  0.6018  0.6079  0.6170  0.6109  0.6140  0.6170  0.6201  0.6261  0.6261  0.6018  0.6018  0.6049  0.5471  0.5471  0.5471  0.3374  0.3374  0.3982  0.3951  0.3587  0.3526  0.3678  0.3587  0.3465  0.3951  0.3647  0.3799  0.3678  0.3647  0.3526  0.3678  0.3739  0.3587  0.3435  0.3708  0.3708  0.2371  0.3556  0.2371  0.3678  0.2736  0.3647  0.1824  0.3526  0.3951  0.3526  0.3617  0.3617  0.3495  0.2766  0.1793  0.3465  0.0091  0.2067  0.1884
Q7TUG0           0.6079  0.6079  0.5897  0.6079  0.6109  0.6018  0.6049  0.6140  0.6292  0.6261  0.6109  0.6079  0.6201  0.5502  0.5502  0.5502  0.4529  0.4529  0.4833  0.4742  0.4498  0.4529  0.4559  0.4316  0.4529  0.4802  0.4498  0.4711  0.4590  0.4316  0.4347  0.4742  0.4438  0.4529  0.4468  0.4468  0.4468  0.3556  0.4407  0.3556  0.4620  0.3891  0.4590  0.3678  0.0608  0.4772  0.0699  0.0486  0.1125  0.4407  0.3343  0.3647  0.0699  0.3435  0.3860  0.3647  0.3465
A3Z8H3           0.6109  0.5836  0.5957  0.6018  0.6079  0.6079  0.6079  0.6109  0.6170  0.6140  0.5897  0.6109  0.5897  0.5319  0.5319  0.5319  0.3191  0.3191  0.3708  0.3587  0.3495  0.3343  0.3374  0.3435  0.3556  0.3769  0.3374  0.3678  0.3526  0.3556  0.3374  0.3617  0.3465  0.3495  0.3313  0.3617  0.3587  0.2553  0.3404  0.2553  0.3587  0.2584  0.3526  0.1094  0.3617  0.3769  0.3587  0.3526  0.3708  0.3495  0.2401  0.1125  0.3587  0.1824  0.1672  0.1094  0.1854  0.3435
Q3AN18           0.6140  0.5836  0.6049  0.6049  0.6261  0.5927  0.6322  0.6322  0.6383  0.6353  0.6018  0.5988  0.6231  0.5410  0.5410  0.5410  0.3222  0.3222  0.3708  0.3647  0.3526  0.3526  0.3526  0.3799  0.3495  0.3799  0.3526  0.3556  0.3556  0.3769  0.3587  0.3647  0.3617  0.3617  0.3495  0.3739  0.3708  0.2796  0.3526  0.2736  0.3587  0.2371  0.3587  0.1550  0.3678  0.3799  0.3678  0.3799  0.3860  0.3495  0.2614  0.1763  0.3739  0.2036  0.2128  0.1672  0.2067  0.3647  0.1733
Q063I1           0.6109  0.5927  0.6018  0.6018  0.6079  0.6018  0.6079  0.6170  0.6170  0.6140  0.6140  0.6109  0.6079  0.5471  0.5471  0.5471  0.3343  0.3343  0.3708  0.3708  0.3587  0.3708  0.3587  0.3860  0.3647  0.3891  0.3587  0.3708  0.3739  0.3678  0.3708  0.3678  0.3617  0.3647  0.3465  0.3708  0.3678  0.2553  0.3556  0.2523  0.3647  0.2523  0.3647  0.1824  0.3678  0.3891  0.3647  0.3678  0.3647  0.3435  0.2584  0.1793  0.3587  0.2036  0.2188  0.1763  0.2067  0.3556  0.1672  0.1125
Q3B088           0.6079  0.5957  0.6018  0.6079  0.6079  0.6018  0.6140  0.6170  0.6231  0.6201  0.6109  0.6170  0.6140  0.5532  0.5532  0.5532  0.3313  0.3313  0.3739  0.3739  0.3617  0.3739  0.3617  0.3860  0.3617  0.3860  0.3617  0.3769  0.3647  0.3678  0.3708  0.3708  0.3678  0.3647  0.3495  0.3708  0.3678  0.2584  0.3587  0.2614  0.3647  0.2553  0.3647  0.1824  0.3739  0.3891  0.3708  0.3739  0.3708  0.3435  0.2644  0.1824  0.3647  0.1976  0.2097  0.1824  0.2006  0.3617  0.1641  0.1033  0.0213
Q05QT6           0.5988  0.5745  0.5897  0.5988  0.6049  0.5897  0.6109  0.6109  0.6079  0.6049  0.5988  0.6049  0.5927  0.5198  0.5198  0.5198  0.3313  0.3313  0.3860  0.3708  0.3587  0.3587  0.3526  0.3617  0.3495  0.3951  0.3526  0.3799  0.3587  0.3739  0.3587  0.3769  0.3678  0.3587  0.3435  0.3708  0.3678  0.2462  0.3526  0.2432  0.3678  0.2644  0.3678  0.0881  0.3587  0.3982  0.3587  0.3587  0.3708  0.3556  0.2584  0.1155  0.3617  0.1763  0.1854  0.1094  0.1793  0.3465  0.1003  0.1489  0.1581  0.1489
Q7TTX7           0.6049  0.5836  0.5957  0.6079  0.6109  0.5866  0.6231  0.6170  0.6261  0.6231  0.5957  0.5927  0.6261  0.5410  0.5410  0.5410  0.3283  0.3283  0.3708  0.3647  0.3556  0.3617  0.3647  0.3708  0.3587  0.3708  0.3647  0.3556  0.3526  0.3617  0.3495  0.3799  0.3526  0.3556  0.3526  0.3617  0.3587  0.2918  0.3495  0.2888  0.3526  0.2584  0.3526  0.1459  0.3465  0.3739  0.3465  0.3587  0.3617  0.3343  0.2614  0.1611  0.3526  0.2036  0.2158  0.1641  0.2067  0.3435  0.1672  0.0760  0.1277  0.1185  0.1429
Q7VDR5           0.6049  0.5805  0.6079  0.5988  0.5897  0.5988  0.5866  0.5988  0.5988  0.5957  0.6079  0.5988  0.5988  0.5350  0.5350  0.5350  0.3769  0.3769  0.4134  0.4134  0.3860  0.3769  0.3982  0.3951  0.3799  0.4164  0.3951  0.3951  0.3921  0.3799  0.3678  0.4043  0.3799  0.4043  0.3739  0.3921  0.3921  0.2432  0.3860  0.2432  0.4103  0.3100  0.4012  0.2766  0.3404  0.4043  0.3374  0.3404  0.3526  0.3769  0.2249  0.2736  0.3374  0.2523  0.2796  0.2827  0.2523  0.3343  0.2523  0.2888  0.2675  0.2705  0.2766  0.2827


TREE #  1:  (9, 10, (8, (7, (5, (1, ((6, (3, 4)), (2, ((12, (13, 11)), ((16, (15, 14)), ((19, 20), (26, (28, (((25, 29), (34, (22, 24))), (((23, 27), (32, (21, 35))), ((17, 18), ((((31, 33), (30, ((36, 37), (43, (41, 39))))), (50, 46)), (42, (((61, 62), (60, 64)), ((59, ((52, 56), (44, 63))), (55, ((54, 57), ((38, 40), ((49, (58, (48, (53, (45, 47))))), (51, 65))))))))))))))))))))))));   MP score: 2626
lnL(ntime: 63  np: 64): -14833.120423      +0.000000
  66..9    66..10   66..67   67..8    67..68   68..7    68..69   69..5    69..70   70..1    70..71   71..72   72..6    72..73   73..3    73..4    71..74   74..2    74..75   75..76   76..12   76..77   77..13   77..11   75..78   78..79   79..16   79..80   80..15   80..14   78..81   81..82   82..19   82..20   81..83   83..26   83..84   84..28   84..85   85..86   86..87   87..25   87..29   86..88   88..34   88..89   89..22   89..24   85..90   90..91   91..92   92..23   92..27   91..93   93..32   93..94   94..21   94..35   90..95   95..96   96..17   96..18   95..97   97..98   98..99   99..100 100..31  100..33   99..101 101..30  101..102 102..103 103..36  103..37  102..104 104..43  104..105 105..41  105..39   98..106 106..50  106..46   97..107 107..42  107..108 108..109 109..110 110..61  110..62  109..111 111..60  111..64  108..112 112..113 113..59  113..114 114..115 115..52  115..56  114..116 116..44  116..63  112..117 117..55  117..118 118..119 119..54  119..57  118..120 120..121 121..38  121..40  120..122 122..123 123..49  123..124 124..58  124..125 125..48  125..126 126..53  126..127 127..45  127..47  122..128 128..51  128..65 
 0.571123 0.571123 0.558078 0.552369 0.516018 0.505533 0.370051 0.236694 0.501494 0.498104 0.378247 0.334283 0.436126 0.000000 0.000000 0.339958 0.052900 0.328198 0.321700 0.307724 0.267620 0.136667 0.205883 0.149234 0.304017 0.095772 0.004210 0.085736 0.076881 0.297417 0.000000 0.294257 0.239676 0.191002 0.072225 0.175329 0.098880 0.001789 0.041127 0.041127 0.192141 0.234489 0.205467 0.089108 0.013392 0.049047 0.204215 0.112016 0.095765 0.018138 0.061903 0.199704 0.193321 0.005669 0.174115 0.007962 0.167419 0.053951 0.033617 0.025285 0.020205 0.014322 0.140511 0.562758

tree length =  13.61258

(9: 0.571123, 10: 0.571123, (8: 0.571123, (7: 0.558078, (5: 0.552369, (1: 0.516018, ((6: 0.370051, (3: 0.236694, 4: 0.236694): 0.133358): 0.135481, (2: 0.501494, ((12: 0.378247, (13: 0.334283, 11: 0.334283): 0.043964): 0.119857, ((16: 0.000000, (15: 0.000000, 14: 0.000000): 0.000000): 0.436126, ((19: 0.052900, 20: 0.052900): 0.287058, (26: 0.328198, (28: 0.321700, (((25: 0.136667, 29: 0.136667): 0.130953, (34: 0.205883, (22: 0.149234, 24: 0.149234): 0.056649): 0.061737): 0.040103, (((23: 0.004210, 27: 0.004210): 0.091562, (32: 0.085736, (21: 0.076881, 35: 0.076881): 0.008855): 0.010036): 0.208246, ((17: 0.000000, 18: 0.000000): 0.297417, ((((31: 0.072225, 33: 0.072225): 0.118777, (30: 0.175329, ((36: 0.001789, 37: 0.001789): 0.097091, (43: 0.041127, (41: 0.041127, 39: 0.041127): 0.000000): 0.057754): 0.076449): 0.015673): 0.048674, (50: 0.192141, 46: 0.192141): 0.047535): 0.054581, (42: 0.234489, (((61: 0.013392, 62: 0.013392): 0.075715, (60: 0.049047, 64: 0.049047): 0.040061): 0.116359, ((59: 0.112016, ((52: 0.018138, 56: 0.018138): 0.077627, (44: 0.061903, 63: 0.061903): 0.033862): 0.016251): 0.092198, (55: 0.199704, ((54: 0.005669, 57: 0.005669): 0.187652, ((38: 0.007962, 40: 0.007962): 0.166153, ((49: 0.053951, (58: 0.033617, (48: 0.025285, (53: 0.020205, (45: 0.014322, 47: 0.014322): 0.005882): 0.005080): 0.008333): 0.020334): 0.113468, (51: 0.140511, 65: 0.140511): 0.026908): 0.006696): 0.019206): 0.006383): 0.004511): 0.001252): 0.029022): 0.059768): 0.003160): 0.006600): 0.003706): 0.013976): 0.006498): 0.011760): 0.096168): 0.061978): 0.003390): 0.004039): 0.010485): 0.036351): 0.005709): 0.013045): 0.000001);

(A7H331: 0.571123, A8FM59: 0.571123, (Q4HEW1: 0.571123, (Q4HTQ3: 0.558078, (B9KFT3: 0.552369, (A8ERD1: 0.516018, ((A6Q3Y5: 0.370051, (Q30S46: 0.236694, A6Q906: 0.236694): 0.133358): 0.135481, (D1B2G8: 0.501494, ((B9L8E1: 0.378247, (O08314: 0.334283, Q7M8N8: 0.334283): 0.043964): 0.119857, ((B7LMI1: 0.000000, (P0A847: 0.000000, B7MPG7: 0.000000): 0.000000): 0.436126, ((Q2JR27: 0.052900, Q2JNZ8: 0.052900): 0.287058, (Q7NMG4: 0.328198, (Q8CWM7: 0.321700, (((B8HX02: 0.136667, B0C6Z6: 0.136667): 0.130953, (B5W944: 0.205883, (A0YJH8: 0.149234, Q112A6: 0.149234): 0.056649): 0.061737): 0.040103, (((Q3M6M6: 0.004210, Q8YVT9: 0.004210): 0.091562, (B9YVE3: 0.085736, (B2J4T8: 0.076881, A0ZC57: 0.076881): 0.008855): 0.010036): 0.208246, ((Q5N367: 0.000000, Q8GAA6: 0.000000): 0.297417, ((((B7KCS6: 0.072225, B4B2C6: 0.072225): 0.118777, (B0JSW7: 0.175329, ((C7QX99: 0.001789, B7K5R2: 0.001789): 0.097091, (B1WZE5: 0.041127, (A3IRI4: 0.041127, Q4CAE3: 0.041127): 0.000000): 0.057754): 0.076449): 0.015673): 0.048674, (Q55983: 0.192141, B1XMN5: 0.192141): 0.047535): 0.054581, (A5GWF5: 0.234489, (((Q063I1: 0.013392, Q3B088: 0.013392): 0.075715, (Q3AN18: 0.049047, Q7TTX7: 0.049047): 0.040061): 0.116359, ((A3Z8H3: 0.112016, ((A4CT19: 0.018138, A5GIE9: 0.018138): 0.077627, (Q0IDF3: 0.061903, Q05QT6: 0.061903): 0.033862): 0.016251): 0.092198, (A3YXN9: 0.199704, ((A2CCL1: 0.005669, Q7TUM6: 0.005669): 0.187652, ((A2C0A4: 0.007962, Q46HA3: 0.007962): 0.166153, ((A2BUQ2: 0.053951, (Q7TUG0: 0.033617, (Q31CR1: 0.025285, (A8G2T1: 0.020205, (A3PAZ2: 0.014322, A2BP70: 0.014322): 0.005882): 0.005080): 0.008333): 0.020334): 0.113468, (A9BDP3: 0.140511, Q7VDR5: 0.140511): 0.026908): 0.006696): 0.019206): 0.006383): 0.004511): 0.001252): 0.029022): 0.059768): 0.003160): 0.006600): 0.003706): 0.013976): 0.006498): 0.011760): 0.096168): 0.061978): 0.003390): 0.004039): 0.010485): 0.036351): 0.005709): 0.013045): 0.000001);

(9_A7H331, 10_A8FM59, (8_Q4HEW1, (7_Q4HTQ3, (5_B9KFT3, (1_A8ERD1, ((6_A6Q3Y5, (3_Q30S46, 4_A6Q906) 73 ) 72 , (2_D1B2G8, ((12_B9L8E1, (13_O08314, 11_Q7M8N8) 77 ) 76 , ((16_B7LMI1, (15_P0A847, 14_B7MPG7) 80 ) 79 , ((19_Q2JR27, 20_Q2JNZ8) 82 , (26_Q7NMG4, (28_Q8CWM7, (((25_B8HX02, 29_B0C6Z6) 87 , (34_B5W944, (22_A0YJH8, 24_Q112A6) 89 ) 88 ) 86 , (((23_Q3M6M6, 27_Q8YVT9) 92 , (32_B9YVE3, (21_B2J4T8, 35_A0ZC57) 94 ) 93 ) 91 , ((17_Q5N367, 18_Q8GAA6) 96 , ((((31_B7KCS6, 33_B4B2C6) 100 , (30_B0JSW7, ((36_C7QX99, 37_B7K5R2) 103 , (43_B1WZE5, (41_A3IRI4, 39_Q4CAE3) 105 ) 104 ) 102 ) 101 ) 99 , (50_Q55983, 46_B1XMN5) 106 ) 98 , (42_A5GWF5, (((61_Q063I1, 62_Q3B088) 110 , (60_Q3AN18, 64_Q7TTX7) 111 ) 109 , ((59_A3Z8H3, ((52_A4CT19, 56_A5GIE9) 115 , (44_Q0IDF3, 63_Q05QT6) 116 ) 114 ) 113 , (55_A3YXN9, ((54_A2CCL1, 57_Q7TUM6) 119 , ((38_A2C0A4, 40_Q46HA3) 121 , ((49_A2BUQ2, (58_Q7TUG0, (48_Q31CR1, (53_A8G2T1, (45_A3PAZ2, 47_A2BP70) 127 ) 126 ) 125 ) 124 ) 123 , (51_A9BDP3, 65_Q7VDR5) 128 ) 122 ) 120 ) 118 ) 117 ) 112 ) 108 ) 107 ) 97 ) 95 ) 90 ) 85 ) 84 ) 83 ) 81 ) 78 ) 75 ) 74 ) 71 ) 70 ) 69 ) 68 ) 67 ) 66 ;

Detailed output identifying parameters

alpha (gamma, K = 4) =  0.56276
rate:   0.04553  0.29093  0.86106  2.80248
freq:   0.25000  0.25000  0.25000  0.25000

Time used:  8:39
